VGCC_O 3 0.0772568984 -0.00428239309 0.046693036 -1.41802159e-06 2.82063681e-07 -1
VGCC_O 2 0.119933892 -0.04777957 0.0466929781 -1.41802115e-06 2.82063236e-07 -1
CaBS 10 0.0912033637 -0.0210658025 0.0609612914 -0.751399618 0.322919164 -0.575431861
CaBS 11 0.103444352 -0.0366610498 0.0671949684 -0.324116536 -0.749802846 -0.576839807
CaBS 12 0.0983175802 -0.0101996071 0.0816694895 -0.748611723 0.322508223 0.579283121
CaBS 13 0.0978306525 -0.0327137875 0.0708756137 -0.735818491 -0.677177075 0.00153536998
CaBS 14 0.117661611 -0.0252341452 0.0601672306 0.748611785 -0.322508546 -0.579282861
CaBS 15 0.110413091 -0.0116083236 0.0550921097 0.329239702 0.132369043 -0.934922272
CaBS 16 0.0983622245 -0.00730221768 0.0783410184 -0.344822968 0.867728907 0.357971598
CaBS 17 0.093379578 -0.0116416411 0.0760909073 -0.748611723 0.322508223 0.579283121
CaBS 18 0.100314912 -0.0251067114 0.0558528554 -0.333750671 -0.131704002 -0.933415527
CaBS 19 0.121214368 -0.0284179568 0.0665310349 0.748611785 -0.322508546 -0.579282861
CaBS 20 0.122217558 -0.0123597365 0.0592577838 0.321328636 0.750213906 -0.577864173
CaBS 21 0.101588687 -0.00827279594 0.0556121707 -0.346545998 0.867982935 -0.355684546
CaBS 22 0.101467071 -0.0193938273 0.0848376837 -0.329239867 -0.132369096 0.934922207
CaBS 23 0.0964390668 -0.00594165866 0.0731904832 -0.344822968 0.867728907 0.357971598
CaBS 24 0.103398549 -0.0116155643 0.086619138 -0.329239867 -0.132369096 0.934922207
CaBS 25 -0.0929361858 0.00552076568 0.0589743969 0.74861179 -0.322508554 -0.579282851
CaBS 26 -0.118467962 0.00729484452 0.0596121489 -0.751399624 0.322919173 -0.575431849
CaBS 28 -0.111211705 0.0175924639 0.0559157074 -0.751399624 0.322919173 -0.575431849
CaBS 29 -0.108298235 0.0007097344 0.058593218 -0.324116588 -0.749802884 -0.576839729
CaBS 31 -0.111657642 0.0228501193 0.0615153675 -0.34654601 0.867982945 -0.355684509
CaBS 38 -0.096729576 0.0156479985 0.0837561812 0.333750517 0.131703937 0.933415591
CaBS 39 -0.100350804 -0.00192016832 0.0794176355 0.346545964 -0.867983059 0.355684276
Ca 6 0.493474248 -0.110842423 0.290594608 0 0 0
Ca 6 -0.0469902757 0.0244842066 0.39786421 0 0 0
Ca 8 -0.166015471 0.398082697 0.77997708 0 0 0
Ca 7 -0.270407249 -0.556874181 0.734897442 0 0 0
CaBS_Ca 49 -0.0971659115 0.0266897624 0.0736718783 0.324116492 0.749802901 0.576839761
Ca 4 -0.121011735 0.11742148 0.293387412 0 0 0
Ca 8 0.549372785 0.0562387974 0.275435452 0 0 0
Ca 8 0.159826481 0.0368757201 0.449227476 0 0 0
Ca 6 0.470366774 -0.298240769 0.301461151 0 0 0
Ca 4 0.286138898 0.162845494 0.477775194 0 0 0
Ca 1 0.0466471264 -0.71133716 0.378858823 0 0 0
Ca 1 0.502967917 0.209138457 0.416138471 0 0 0
Ca 8 -0.428307681 -0.434081145 0.296664084 0 0 0
Ca 1 0.220920465 -0.37164943 0.122854424 0 0 0
Ca 1 0.734676491 0.245722143 0.13991456 0 0 0
Ca 2 -0.21643597 0.415930403 0.578439019 0 0 0
Ca 1 0.37106743 0.191360552 0.285490025 0 0 0
Ca 4 -0.298550465 -0.183505211 0.574253828 0 0 0
Ca 7 -0.439343308 -0.234774774 0.449911732 0 0 0
Ca 2 0.207907524 0.102987875 0.666985961 0 0 0
Ca 1 0.128523642 -0.249929265 0.311766367 0 0 0
Ca 7 -0.356523526 -0.490330089 0.630860686 0 0 0
Ca 6 -0.244924895 0.0970729922 0.23833324 0 0 0
Ca 6 -0.158283745 -0.220057847 0.688824721 0 0 0
Ca 1 0.155960478 0.233281134 0.572124043 0 0 0
Ca 7 -0.152452285 -0.103488286 0.440295411 0 0 0
Ca 8 0.659762267 0.0833718314 0.468041495 0 0 0
Ca 6 -0.0483382964 -0.193014891 0.671046014 0 0 0
Ca 7 -0.318506511 -0.554605342 0.491610925 0 0 0
Ca 4 0.249491709 0.263022538 0.296366391 0 0 0
Ca 8 0.0903759159 0.336797399 0.464722422 0 0 0
Ca 1 -0.578784328 0.244669276 0.10880587 0 0 0
Ca 4 0.0712162592 -0.0782673965 0.593871812 0 0 0
Ca 1 -0.144935045 0.164779855 0.200273828 0 0 0
Ca 6 0.13730557 0.251010091 0.175078043 0 0 0
Ca 7 -0.232506158 0.128269178 0.146163131 0 0 0
Ca 1 -0.297365413 0.0401263747 0.154902352 0 0 0
Ca 7 -0.560625769 0.185612875 0.207378944 0 0 0
Ca 7 -0.386057847 -0.268801529 0.307375332 0 0 0
Ca 8 -0.663634843 -0.46774784 0.0809225551 0 0 0
Ca 6 -0.0771747824 0.128853783 0.16931474 0 0 0
Ca 7 -0.39714384 0.160133483 0.133965132 0 0 0
Ca 6 -0.55147759 -0.00847304554 0.133661052 0 0 0
Ca 8 -0.181084047 0.276831868 0.101855403 0 0 0
Ca 4 0.365661855 0.113093639 0.289360208 0 0 0
Ca 1 -0.0311128443 0.302617563 0.220665325 0 0 0
Ca 4 -0.269895918 0.0774696973 0.403709182 0 0 0
Ca 7 -0.0518263965 -0.0605241106 0.263753439 0 0 0
Ca 6 -0.3768595 0.0276969151 0.417320321 0 0 0
Ca 3 0.176755139 0.295406299 0.318104154 0 0 0
Ca 1 -0.440404907 0.203329085 0.403583744 0 0 0
Ca 1 -0.0556195091 0.089604165 0.48010305 0 0 0
Ca 4 -0.266740715 0.257923971 0.315248586 0 0 0
Ca 6 -0.167874167 0.137803412 0.0904197185 0 0 0
Ca 8 -0.186246461 -0.296426427 0.360358846 0 0 0
Ca 6 -0.362046745 0.057442528 0.121981324 0 0 0
Ca 6 -0.11210635 0.0419091883 0.0779228609 0 0 0
Ca 1 -0.115302951 -0.171515357 0.247314526 0 0 0
Ca 1 -0.20949229 -0.0511367688 0.1763914 0 0 0
Ca 1 -0.0732868016 0.0262850929 0.115826113 0 0 0
Ca 6 -0.413185002 0.156904699 0.198075757 0 0 0
Ca 8 -0.0808788923 0.162442862 0.16523295 0 0 0
Ca 8 -0.0167171333 0.176697056 0.223373233 0 0 0
Ca 6 -0.13709524 0.120108095 0.149008391 0 0 0
Ca 8 0.0206540735 0.0248119232 0.0752086882 0 0 0
Ca 7 -0.0416159824 -0.0809618701 0.0486099503 0 0 0
Ca 4 0.0265049109 0.0209882382 0.0668937424 0 0 0
Ca 1 -0.209314977 0.0782365968 0.0921964527 0 0 0
Ca 1 -0.0826365642 0.0571529038 0.0640331 0 0 0
Ca 8 -0.194919713 -0.0273443795 0.0824285098 0 0 0
Ca 4 -0.237566832 -0.111552659 0.156908054 0 0 0
Ca 1 -0.229784363 0.0344373955 0.0514266141 0 0 0
Ca 4 -0.179660976 0.0455189889 0.108089155 0 0 0
Ca 8 -0.107535557 0.0430277049 0.0466298162 0 0 0
Ca 4 -0.147547235 -0.0296714609 0.0926495915 0 0 0
Ca 7 -0.191538172 -0.0211774973 0.0498115107 0 0 0
Ca 4 -0.143834895 0.0410898454 0.0609996414 0 0 0
Ca 8 -0.181774099 0.0508523469 0.0577323435 0 0 0
Ca 4 -0.0542395848 -0.0423010039 0.0546663124 0 0 0
VGCC_O 9 0.0953603447 -0.018533153 0.0466930096 -1.14792244e-06 -1.24564753e-07 -1
VGCC_O 8 -0.134706799 0.0161271258 0.0466933331 -1.62059677e-06 3.22356891e-07 -1
VGCC_O 6 -0.12622171 0.0241576588 0.046693322 -1.62059677e-06 3.22356891e-07 -1
VGCC_O 5 0.113746944 -0.0200409323 0.0466929896 -1.01287282e-06 -1.51427976e-07 -1
VGCC_O 1 -0.126159285 0.0151063295 0.0466933189 -1.62059625e-06 3.22356338e-07 -1
VGCC_O 7 -0.137449801 0.00579357966 0.0466933342 -1.62059625e-06 3.22356338e-07 -1
VGCC_O 4 -0.108229728 0.00324736392 0.0466932869 -8.10297798e-07 1.61178104e-07 -1
VGCC_O 0 0.11238887 -0.0311459409 0.0466929927 -1.01287282e-06 -1.51427976e-07 -1
TAG 41 -0.105784995 0.0105052503 0.0536665039 -0.333750681 -0.131703993 -0.933415524
TAG 54 -0.104785227 0.0261860029 0.076486355 -0.344822968 0.867728888 0.357971643
TAG 53 -0.089146311 -0.000197085518 0.0670554248 0.74861179 -0.322508554 -0.579282851
TAG 52 -0.119278263 0.0119799944 0.0757618237 -0.999896295 -0.0141984574 0.00240892698
TAG 51 -0.102448777 0.00747370566 0.0865367572 -0.329239868 -0.132369105 0.934922205
TAG 45 -0.113699624 0.0170707545 0.0588716642 -0.751399624 0.322919173 -0.575431849
TAG 44 -0.11923843 0.00668793202 0.0611035411 -0.999896295 -0.0141984574 0.00240892698
NT 426 0.0359013621 0.355633822 0.0363254991 0 0 0
NT 436 0.308381778 -0.0004386742 0.042495532 0 0 0
NT 469 0.251248967 0.155884908 0.0395008916 0 0 0
NT 477 0.303814331 0.0805953887 0.0351127419 0 0 0
NT 504 -0.0167330515 0.488046722 0.0366426749 0 0 0
NT 606 -0.303738675 -0.0336223091 0.0331957485 0 0 0
NT 616 0.241833397 0.163354188 0.0439047453 0 0 0
NT 669 0.0702976314 0.124793051 0.0455782807 0 0 0
NT 742 -0.212327557 0.0369630838 0.0251335893 0 0 0
NT 745 -0.919131074 -0.313931296 -0.156384847 0 0 0
NT 824 -0.10399905 0.268030967 0.0366164207 0 0 0
NT 900 0.197357545 -0.421245385 0.0441556798 0 0 0
NT 1088 -0.477492181 -0.705094202 0.0401810836 0 0 0
NT 1240 0.479029302 -0.398235488 0.0302509058 0 0 0
NT 1247 0.493184801 0.500467347 0.0436981449 0 0 0
NT 1254 -0.0503543814 0.547913697 0.0303384034 0 0 0
NT 1416 0.0229709591 -0.129414261 0.0451530925 0 0 0
NT 1503 0.323888834 -0.480243951 0.0273821774 0 0 0
NT 1621 0.718721252 0.196705558 0.0429466568 0 0 0
NT 1675 0.372073061 0.612745181 0.0260210561 0 0 0
NT 1766 -0.118512484 0.44007347 0.0403913471 0 0 0
NT 1928 0.166660435 0.573463384 0.0292083081 0 0 0
NT 1945 -0.150523893 -0.0850612006 0.0253097702 0 0 0
NT 1953 -0.153531817 -0.773303524 0.0352898433 0 0 0
NT 1968 -0.820984806 0.0666483296 0.0293899409 0 0 0
NT 1996 -0.227023426 0.287013127 0.0406600452 0 0 0
NT 2033 0.342632688 0.00829477339 0.0274576476 0 0 0
NT 2113 0.27588385 0.0705987293 0.0331260657 0 0 0
NT 2348 0.227520756 0.163197448 0.0392701179 0 0 0
NT 2353 -0.224502109 0.155179475 0.0344700761 0 0 0
NT 2362 0.498659064 0.192430449 0.0333457601 0 0 0
NT 2430 0.461923519 0.612237954 0.0385819425 0 0 0
NT 2461 -0.272649814 -0.0633623002 0.0385045582 0 0 0
NT 2506 0.474028038 0.654339823 0.0384602938 0 0 0
NT 2515 0.426976094 -0.312592762 0.0442913825 0 0 0
NT 2623 -0.402090448 -0.270490723 0.0265808618 0 0 0
NT 2656 0.480664602 0.250253052 0.041248985 0 0 0
NT 2689 0.692732735 0.351004989 0.0284151885 0 0 0
NT 2792 0.336608158 0.846191239 -0.116067788 0 0 0
NT 2823 0.0217655259 -0.387203974 0.046319245 0 0 0
NT 2852 -0.223589859 0.182569626 0.0363920116 0 0 0
NT 2890 0.193222036 0.440087764 0.0300354697 0 0 0
NT 2898 -0.10865633 -0.268330706 0.0378424935 0 0 0
NT 2983 0.450768113 0.270671671 0.0458366272 0 0 0
NT 3008 0.336361948 0.0243744508 0.0274173834 0 0 0
NT 3105 -0.67016611 -0.210545268 0.0424663012 0 0 0
NT 3265 -0.840164723 0.297235217 0.103024087 0 0 0
NT 3527 0.167084943 0.731475947 0.0303456003 0 0 0
NT 3533 0.275247186 -0.274968098 0.0365239385 0 0 0
NT 3585 -0.939932581 0.139444824 -0.0189561346 0 0 0
NT 3629 -0.108025805 -0.176755004 0.0310357398 0 0 0
NT 3687 0.567205385 -0.215320891 0.0250902706 0 0 0
NT 3945 0.292869994 -0.0486060827 0.0406101649 0 0 0
NT 3973 0.540307621 0.435417787 0.0360858306 0 0 0
NT 4027 -2.50503185 -1.28735069 -1.13129063 0 0 0
NT 4134 -0.876672003 0.187805462 0.100569878 0 0 0
NT 4140 0.216989535 0.126769825 0.0255842097 0 0 0
NT 4155 -0.333576308 -0.613754744 0.0295068263 0 0 0
NT 4249 -0.464041066 -0.596792378 0.0402369169 0 0 0
NT 4253 0.606634311 0.24856008 0.0328139915 0 0 0
NT 4256 -0.0427082914 0.228906762 0.0349200176 0 0 0
NT 4269 0.136759274 0.419177207 0.0430422048 0 0 0
NT 4429 0.110504906 -0.07696756 0.0263553495 0 0 0
NT 4439 0.336942933 0.0340042204 0.0367206785 0 0 0
NT 4458 0.189553679 0.864247518 -0.0238655076 0 0 0
NT 4474 0.980454601 -0.160708796 0.0979359652 0 0 0
NT 4478 -0.419217302 -0.308511826 0.0434719467 0 0 0
NT 4481 -0.108615271 -0.636803327 0.0420543399 0 0 0
NT 4482 -0.488121293 -0.174004864 0.0254564904 0 0 0
NT 4484 0.703322641 -0.160759067 0.0384602506 0 0 0
NT 4486 0.652111084 0.152938106 0.0443490896 0 0 0
NT 4491 -0.101648399 0.301661286 0.0409891745 0 0 0
NT 4492 -0.584531411 -0.683827765 0.276057206 0 0 0
NT 4505 0.169486197 0.629390553 0.0389147743 0 0 0
NT 4512 -0.0656023068 -0.260030657 0.0368244805 0 0 0
NT 4513 -0.182702674 0.411831154 0.0352291025 0 0 0
NT 4522 0.658610901 -0.158228538 0.026231086 0 0 0
NT 4550 -0.733148997 -0.330394284 0.0441201041 0 0 0
NT 4557 -0.302348633 -0.24112101 0.0259257954 0 0 0
NT 4566 0.704412694 -0.63069593 0.138248671 0 0 0
NT 4569 0.0860476429 -0.625515084 0.0326675478 0 0 0
NT 4571 -0.452221536 -0.205581561 0.0292387737 0 0 0
NT 4575 -0.31556302 0.0674075772 0.0338624534 0 0 0
NT 4579 -0.536943402 -0.285728749 0.0449381747 0 0 0
NT 4580 0.264516471 -0.263004563 0.0308794733 0 0 0
NT 4587 0.447869122 -0.342139489 0.0435456135 0 0 0
NT 4590 0.649826368 -0.723665256 0.0126430084 0 0 0
NT 4591 -0.407712602 0.116917911 0.0408749541 0 0 0
NT 4593 -0.0901285889 -0.0769731458 0.0282407859 0 0 0
NT 4595 0.734274356 0.0041143804 0.0344362467 0 0 0
NT 4603 0.0615084024 0.3114897 0.032723141 0 0 0
NT 4615 -0.901139914 -1.9493079 1.25045332 0 0 0
NT 4617 -0.201201007 -0.284168848 0.0255613036 0 0 0
NT 4626 -0.278160916 -0.353349327 0.0455345048 0 0 0
NT 4630 0.845580845 -0.516096939 -0.218661028 0 0 0
NT 4643 0.405283969 0.276211009 0.036549938 0 0 0
NT 4704 0.224946253 -0.19154084 0.0359040865 0 0 0
NT 4706 0.454838837 0.164388192 0.0403405996 0 0 0
NT 4715 -0.0992529836 -0.409352786 0.0270445887 0 0 0
NT 4750 0.201727314 0.517327756 0.032106535 0 0 0
NT 4765 -0.224472322 -0.429804804 0.0335863409 0 0 0
NT 4767 -0.146795473 -0.116214372 0.0341399947 0 0 0
NT 4772 0.146127879 -0.151670104 0.0391381745 0 0 0
NT 4774 0.351390251 0.932069413 -0.234259415 0 0 0
NT 4790 -0.100187061 0.268052062 0.0326599347 0 0 0
NT 4803 0.345051271 -0.286898695 0.035541297 0 0 0
NT 4816 0.141368046 -0.221894144 0.0281618326 0 0 0
NT 4828 0.247164541 0.0188771109 0.0268684951 0 0 0
NT 4829 0.0357177037 -0.51985642 0.0390860673 0 0 0
NT 4840 0.332761677 -0.814655187 0.0557876163 0 0 0
NT 4845 0.727488101 0.323926429 0.035504635 0 0 0
NT 4853 0.123662121 -0.687763225 0.0421621283 0 0 0
NT 4855 0.274398339 0.420926699 0.0287740266 0 0 0
NT 4858 0.0320182007 0.420670586 0.0400995945 0 0 0
NT 4859 -0.0635846433 -0.0576676522 0.0389619174 0 0 0
NT 4891 0.00959422065 0.0375828908 0.0386538733 0 0 0
NT 4895 -0.20856176 0.305003039 0.0301081636 0 0 0
NT 4898 -0.500762452 -0.799476716 -0.068101061 0 0 0
NT 4904 0.0602762869 -0.000191606337 0.0336456579 0 0 0
NT 4906 0.363903256 -0.681036067 0.0275062259 0 0 0
NT 4924 -0.24738996 0.458020757 0.0351902539 0 0 0
NT 4933 -0.0452489212 0.706053511 0.040851033 0 0 0
NT 4943 0.346741721 -0.451547834 0.0255379987 0 0 0
NT 4967 0.537786248 0.311891988 0.0255930022 0 0 0
NT 4973 -0.268397698 0.370085093 0.0356970064 0 0 0
NT 4989 0.0675118483 0.528245352 0.0341528268 0 0 0
NT 5004 0.257819238 0.456062944 0.0278765615 0 0 0
NT 5006 0.342453815 0.476281538 0.0284690547 0 0 0
NT 5013 0.0400583451 0.0958744356 0.0353020978 0 0 0
NT 5024 -0.0125254757 -0.0178694667 0.0348922761 0 0 0
NT 5033 -0.289837338 -0.52895079 0.0433145883 0 0 0
NT 5047 0.728781168 -0.0177513443 0.0433789844 0 0 0
NT 5061 -0.103485272 -0.39228795 0.0347980067 0 0 0
NT 5064 0.0621657311 0.150912971 0.0310582122 0 0 0
NT 5074 0.21123684 0.30642223 0.0258678929 0 0 0
NT 5091 0.124038149 -0.758774757 0.0324289425 0 0 0
NT 5095 -0.217556513 -0.340975158 0.0336889333 0 0 0
NT 5099 -0.197599668 0.248494335 0.0454302379 0 0 0
NT 5100 -0.471937676 0.113711631 0.0450197565 0 0 0
NT 5101 0.742274766 0.217723762 0.0359697698 0 0 0
NT 5106 0.285283609 0.119151156 0.0392830916 0 0 0
NT 5108 -0.14896965 -0.315733486 0.0366719449 0 0 0
NT 5110 0.243587039 0.168475171 0.0405727823 0 0 0
NT 5112 0.383973546 -0.279469985 0.0460416784 0 0 0
NT 5116 -0.00639745713 -0.870596411 0.0463178417 0 0 0
NT 5117 -0.262726574 0.535141242 0.0357947536 0 0 0
NT 5118 -0.846868347 -0.521676302 -0.160921241 0 0 0
NT 5125 0.235351194 -0.234837005 0.0438274443 0 0 0
NT 5134 -0.401211867 -0.439984163 0.0293848118 0 0 0
NT 5145 0.551067891 -0.140998988 0.0411615894 0 0 0
NT 5160 -0.0208942487 0.529845481 0.0411561486 0 0 0
NT 5190 0.379319006 0.599333862 0.0347031985 0 0 0
NT 5191 0.0488227196 0.239978709 0.0392839819 0 0 0
NT 5194 0.533206529 -0.0918622126 0.0371086215 0 0 0
NT 5206 -0.106802361 -0.0985899459 0.0301415383 0 0 0
NT 5224 0.121375723 -0.499668686 0.03233588 0 0 0
NT 5229 -0.136845338 0.653789161 0.0395227381 0 0 0
NT 5233 -0.319844619 -0.0329750195 0.03009485 0 0 0
NT 5243 0.249469713 -0.557349829 0.0376607707 0 0 0
NT 5245 0.57357149 -0.566694543 0.0460484824 0 0 0
NT 5253 0.491046417 0.333342872 0.0364281181 0 0 0
NT 5267 -0.768998536 0.36136055 0.0401003638 0 0 0
NT 5288 -0.565211032 -0.347980228 0.0442833616 0 0 0
NT 5292 -0.628644783 0.0339383734 0.0431252213 0 0 0
NT 5297 1.20727877 0.209339181 0.821253611 0 0 0
NT 5301 -0.18814969 -0.0950058145 0.0354328525 0 0 0
NT 5309 -0.121906869 -0.370306754 0.0423644127 0 0 0
NT 5315 0.476932259 0.521543769 0.0268326696 0 0 0
NT 5336 -0.268628413 0.228583047 0.0464321447 0 0 0
NT 5341 0.27714385 -0.0740042879 0.0325554011 0 0 0
NT 5345 -0.556488579 -0.0159023748 0.0276731394 0 0 0
NT 5350 -0.0803412306 -0.349552011 0.0298576856 0 0 0
NT 5355 -0.291683569 -0.392222513 0.0347061095 0 0 0
NT 5366 0.432868541 0.348534173 0.0391503065 0 0 0
NT 5374 -0.465577389 -0.406323914 0.0301840928 0 0 0
NT 5375 0.259336598 0.273999372 0.030188457 0 0 0
NT 5386 0.126701157 0.11192047 0.0252490838 0 0 0
NT 5393 -0.00764435104 0.466423095 0.0464806129 0 0 0
NT 5419 -0.392996359 0.394883095 0.0298327449 0 0 0
NT 5423 -0.699060952 -0.202630314 0.0302402494 0 0 0
NT 5428 0.116659554 0.0286253618 0.0453873274 0 0 0
NT 5440 -0.0666274158 0.519006657 0.0392710779 0 0 0
NT 5443 -0.319066834 -0.0852222809 0.0369351043 0 0 0
NT 5452 -0.409424244 -0.0198027484 0.036664045 0 0 0
NT 5470 -0.00189127551 0.0455041416 0.0290209314 0 0 0
NT 5474 0.151570236 -0.18475909 0.0400478953 0 0 0
NT 5486 0.316924136 -0.324583459 0.0458971204 0 0 0
NT 5496 -0.910515979 -0.333411897 0.137710979 0 0 0
NT 5498 0.777937361 -0.16944029 0.0458729612 0 0 0
NT 5505 -0.364610875 -0.208137156 0.0370009683 0 0 0
NT 5507 0.231070803 -0.152536131 0.0384917625 0 0 0
NT 5512 0.0247852448 0.170003786 0.0447728082 0 0 0
NT 5515 -0.297402152 0.121540982 0.031158291 0 0 0
NT 5522 0.0397999566 -0.189628118 0.0291306292 0 0 0
NT 5529 0.15474491 0.233827983 0.0377170941 0 0 0
NT 5530 0.372804564 0.447783815 0.0414728483 0 0 0
NT 5533 -0.465369557 0.273935671 0.0431390297 0 0 0
NT 5537 -0.318518519 0.509128451 0.0344456585 0 0 0
NT 5543 -0.551112992 -0.119972408 0.0322645924 0 0 0
NT 5553 -0.376266569 -0.482303079 0.0389430934 0 0 0
NT 5559 -0.559916111 0.186855009 0.0463293296 0 0 0
NT 5573 0.130828172 0.0995938694 0.0379230996 0 0 0
NT 5577 -0.492448801 0.457308472 0.0449897791 0 0 0
NT 5579 -0.594301677 -0.0796084752 0.0347232293 0 0 0
NT 5580 -0.112990056 -0.573490617 0.0383842887 0 0 0
NT 5602 -0.369878232 -0.429653839 0.0338324209 0 0 0
NT 5616 0.0133463822 -0.000881316032 0.0379113246 0 0 0
NT 5630 -0.227755628 -0.606826869 0.0345082009 0 0 0
NT 5638 -0.382352358 -0.000752497394 0.0387959752 0 0 0
NT 5656 0.114151204 0.228602195 0.0337883924 0 0 0
NT 5659 0.182415736 0.618966566 0.0309061637 0 0 0
NT 5674 0.464148901 0.0581659064 0.0396195216 0 0 0
NT 5702 -0.10180804 -0.188444526 0.0346895034 0 0 0
NT 5703 0.0414288589 -0.263796257 0.0431290777 0 0 0
NT 5709 -0.36983107 -0.560606221 0.0308224728 0 0 0
NT 5715 -0.384651701 0.215033729 0.0459104456 0 0 0
NT 5720 0.188547002 -0.0270008338 0.0392621508 0 0 0
NT 5725 -0.396605053 0.550274291 0.0374120959 0 0 0
NT 5729 -0.123933709 0.258029968 0.0281368348 0 0 0
NT 5743 0.417784406 -0.107094925 0.0323813956 0 0 0
NT 5748 -0.230548628 -0.376078504 0.0450430958 0 0 0
NT 5759 0.099048646 -0.213325252 0.0278603266 0 0 0
NT 5763 0.291779372 -0.640171191 0.0410333151 0 0 0
NT 5768 0.33572445 0.394043761 0.0311788312 0 0 0
NT 5774 0.0910841066 0.116872477 0.0327450353 0 0 0
NT 5775 -0.282456054 -0.258258212 0.0390144643 0 0 0
NT 5800 -0.2995268 0.330868827 0.0312386507 0 0 0
NT 5804 -0.346250053 -0.323040839 0.0421009863 0 0 0
NT 5806 -0.401998787 0.0895722896 0.0286767825 0 0 0
NT 5807 -0.0454768485 -0.324464054 0.0329605057 0 0 0
NT 5823 0.346186377 0.49898136 0.0435807436 0 0 0
NT 5824 -0.144124496 -0.243648963 0.0367161917 0 0 0
NT 5826 0.0338514623 0.122641677 0.039410772 0 0 0
NT 5855 -0.346815771 -0.344533969 0.0327325465 0 0 0
NT 5870 0.214876272 0.545461513 0.0291552366 0 0 0
NT 5877 -0.565193291 0.0635154596 0.0405776168 0 0 0
NT 5885 -0.615348469 -0.442848433 0.0411797762 0 0 0
NT 5890 -0.34424692 -0.0587884203 0.0344003233 0 0 0
NT 5896 0.18722005 0.219835876 0.0421157034 0 0 0
NT 5897 -0.0454681359 0.0799240516 0.0271150229 0 0 0
NT 5905 0.0438982776 0.432076621 0.0420019743 0 0 0
NT 5908 0.150574178 -0.415484049 0.03044956 0 0 0
NT 5912 0.0594287014 0.124188942 0.0392522673 0 0 0
NT 5919 -0.227224066 -0.22721215 0.0410765295 0 0 0
NT 5920 0.295046323 0.147731975 0.0289713996 0 0 0
NT 5925 -0.263278049 0.334316694 0.0442338687 0 0 0
NT 5930 0.297708539 0.0944362187 0.0367339367 0 0 0
NT 5941 0.198706687 -0.355009213 0.0361092005 0 0 0
NT 5944 -0.115307561 0.0611081099 0.0407362079 0 0 0
NT 5952 0.355397745 0.556253883 0.0329939121 0 0 0
NT 5955 0.0381737719 0.471758251 0.0319161287 0 0 0
NT 5966 -0.202907852 -0.323627446 0.0338320041 0 0 0
NT 5989 -0.656786936 0.144166049 0.0279795039 0 0 0
NT 6001 0.64240133 0.128589471 0.040792462 0 0 0
NT 6007 0.143102046 -0.433102767 0.0376566496 0 0 0
NT 6008 0.235734972 0.402168737 0.0349251739 0 0 0
NT 6011 0.099637276 -0.28368496 0.0403936454 0 0 0
NT 6012 -0.411843018 -0.4978241 0.0436071518 0 0 0
NT 6021 0.167522077 -0.40203309 0.0276249765 0 0 0
NT 6023 0.497832231 -0.196776232 0.0315890561 0 0 0
NT 6025 -0.0620180461 -0.123131281 0.0389244983 0 0 0
NT 6029 0.207292718 -0.827850056 0.0177287988 0 0 0
NT 6035 0.144108555 -0.105819493 0.0291143793 0 0 0
NT 6038 -0.210029276 -0.52951895 0.0287483826 0 0 0
NT 6051 -0.190586685 -0.466592175 0.0300658158 0 0 0
NT 6073 -0.461208233 0.178890282 0.0384778618 0 0 0
NT 6076 0.113536839 0.884834336 0.0348746381 0 0 0
NT 6094 0.12186672 -0.411709849 0.0370641167 0 0 0
NT 6095 0.283510145 -0.222684394 0.0372165876 0 0 0
NT 6112 -0.572735233 -0.316731614 0.0404840953 0 0 0
NT 6123 0.21785952 0.408386588 0.0250383867 0 0 0
NT 6145 -0.155297149 -0.531503487 0.041981186 0 0 0
NT 6151 0.338271877 -0.243078197 0.0358478106 0 0 0
NT 6154 0.345211063 -0.0721630227 0.0274813189 0 0 0
NT 6169 -0.189709785 0.452444776 0.0342012259 0 0 0
NT 6176 0.389300245 0.449428605 0.039740057 0 0 0
NT 6178 0.40046836 -0.888910924 0.0615760526 0 0 0
NT 6181 0.397392964 -0.260086772 0.0402639546 0 0 0
NT 6200 -0.145505896 0.34099474 0.029073219 0 0 0
NT 6203 0.722060098 -0.470311787 0.0593918888 0 0 0
NT 6205 -0.00203509611 -0.223761651 0.046586982 0 0 0
NT 6237 0.238872434 -0.0403124329 0.0392364328 0 0 0
NT 6258 -0.660421177 0.642573579 -0.00380981438 0 0 0
NT 6263 0.10032989 -0.0857945302 0.0350960545 0 0 0
NT 6283 0.153122024 0.0502642668 0.0425527221 0 0 0
NT 6286 0.0891968424 0.0964111253 0.0420394685 0 0 0
NT 6295 0.340042312 0.582328954 0.042634986 0 0 0
NT 6320 0.3824932 0.118870672 0.0449824965 0 0 0
NT 6332 -0.759275364 0.599784881 0.0567216128 0 0 0
NT 6335 -0.112182136 0.970277989 0.0852684101 0 0 0
NT 6345 0.184787554 -0.693141903 0.0455385129 0 0 0
NT 6352 -0.0579069538 -0.0696805785 0.0344790477 0 0 0
NT 6364 -0.131077351 0.226964387 0.044655518 0 0 0
NT 6369 0.516799294 -0.095396043 0.0439730642 0 0 0
NT 6397 -0.494153224 -0.522328219 0.0302574181 0 0 0
NT 6407 -0.16226582 -0.00426383302 0.032673991 0 0 0
NT 6414 -0.391736079 0.108736244 0.0337549406 0 0 0
NT 6433 -0.16850577 0.279969243 0.0407372218 0 0 0
NT 6434 0.574821353 -0.00582427684 0.0383826449 0 0 0
NT 6435 0.143924587 0.209349451 0.0452240762 0 0 0
NT 6439 0.162237457 -0.596738659 0.0309312781 0 0 0
NT 6445 -0.787108778 0.206008044 -0.905141112 0 0 0
NT 6450 0.154845535 0.145233015 0.0408940936 0 0 0
NT 6480 0.131975124 0.265659913 0.0465193988 0 0 0
NT 6483 0.124517651 0.422856145 0.0313337346 0 0 0
NT 6486 -0.146463997 -0.412496111 0.0358726351 0 0 0
NT 6487 0.974289953 0.0119606325 0.226523447 0 0 0
NT 6502 -0.0311444188 -0.062768006 0.0316659 0 0 0
NT 6507 0.226111308 0.608638249 0.0371017692 0 0 0
NT 6508 -0.840069803 -0.360264792 0.080348861 0 0 0
NT 6516 0.595535465 -0.10760237 0.0302596428 0 0 0
NT 6528 0.228087378 -0.0499726413 0.0388705347 0 0 0
NT 6533 0.560949243 0.187809302 0.0420333443 0 0 0
NT 6561 -0.184616029 -0.154680882 0.0438988417 0 0 0
NT 6578 -0.687832409 0.211207159 0.0292247757 0 0 0
NT 6579 -0.0591409946 -0.307075704 0.0343581697 0 0 0
NT 6588 0.444510628 -0.337550455 0.0445848987 0 0 0
NT 6598 0.242163098 -0.607018955 0.0303618083 0 0 0
NT 6609 0.214370457 -0.180113782 0.0292544742 0 0 0
NT 6611 -0.0352814032 -0.299533785 0.0338491634 0 0 0
NT 6613 0.25503057 0.0444016319 0.0306334797 0 0 0
NT 6615 0.487345651 0.00561063721 0.0434923843 0 0 0
NT 6625 -0.48209949 0.208297824 0.0446250084 0 0 0
NT 6643 0.0834150202 -0.219146303 0.0298784019 0 0 0
NT 6645 -0.0581503842 -0.251462283 0.0274840864 0 0 0
NT 6649 -0.638741263 -0.025948757 0.0454727831 0 0 0
NT 6652 -0.0907082961 -0.41610324 0.0323249882 0 0 0
NT 6653 -0.617035204 0.0562884564 0.0366453167 0 0 0
NT 6675 -0.134505319 0.317867737 0.0259921739 0 0 0
NT 6682 -0.129427419 -0.0345129221 0.0397748019 0 0 0
NT 6685 0.605970328 -0.266511947 0.0436012017 0 0 0
NT 6693 -0.182164276 -0.0998731662 0.0269536903 0 0 0
NT 6708 -0.124333461 0.301333958 0.0399534821 0 0 0
NT 6709 0.472436623 0.804778007 0.21153537 0 0 0
NT 6710 0.409099428 0.183456333 0.0433387014 0 0 0
NT 6721 -0.0536122385 -0.325143648 0.0257104437 0 0 0
NT 6722 0.136911664 0.821113687 0.0444435631 0 0 0
NT 6735 -0.300421968 0.444667676 0.0284438986 0 0 0
NT 6750 -0.0342261907 0.118173427 0.0347310181 0 0 0
NT 6751 -0.0600893562 -0.323286508 0.0378932408 0 0 0
NT 6754 0.0394528518 -0.556681747 0.0423464913 0 0 0
NT 6757 -0.579189625 -0.474739585 0.0387885431 0 0 0
NT 6776 0.140526834 0.236562588 0.0253231747 0 0 0
NT 6800 0.381940359 0.642062121 0.0400995817 0 0 0
NT 6804 -0.339828042 -0.598514953 0.0424856415 0 0 0
NT 6824 -0.387396242 -0.656035524 0.0308320468 0 0 0
NT 6827 -0.298626911 -0.0615157158 0.0394361146 0 0 0
NT 6849 -0.415324912 0.128835317 0.041055241 0 0 0
NT 6850 -0.419776311 0.171606572 0.0254689545 0 0 0
NT 6852 0.734447944 0.237377988 0.0315471553 0 0 0
NT 6854 0.431849465 0.387685528 0.0323482169 0 0 0
NT 6858 -0.776471905 0.398789289 0.0347117999 0 0 0
NT 6871 0.0265637549 -0.287189392 0.0256450312 0 0 0
NT 6872 0.169767529 -0.365099105 0.0462252644 0 0 0
NT 6876 0.0670745121 0.369690229 0.0391393413 0 0 0
NT 6878 -0.0633196276 -0.152874569 0.0251677058 0 0 0
NT 6885 -0.267901925 0.0354730558 0.0326081676 0 0 0
NT 6887 0.313092102 0.421589418 0.0279244372 0 0 0
NT 6894 0.451291198 0.545613421 0.0403085795 0 0 0
NT 6895 0.10204653 0.0924160642 0.0436251672 0 0 0
NT 6900 -0.344608922 0.891002737 0.049607556 0 0 0
NT 6913 0.581512857 -0.320826663 0.0460053678 0 0 0
NT 6936 -0.175236084 -0.380726232 0.0415042986 0 0 0
NT 6937 0.0570404825 0.112154585 0.0300919255 0 0 0
NT 6942 -0.645235334 0.705018015 -0.148805525 0 0 0
NT 6945 0.147746447 -0.666582268 0.0302153941 0 0 0
NT 6948 0.293021126 0.268206873 0.035990046 0 0 0
NT 6949 0.450611763 0.0914282795 0.0417444077 0 0 0
NT 6971 -0.00796769383 -0.193378094 0.0256578811 0 0 0
NT 6974 -0.197950496 0.56041094 0.0439970187 0 0 0
NT 6975 0.197782044 -0.175928947 0.0276952 0 0 0
NT 6977 -0.268265967 0.380665741 0.0348402784 0 0 0
NT 6987 0.560005718 -0.159605161 0.0358082779 0 0 0
NT 6988 0.285852876 -0.121225757 0.0447275295 0 0 0
NT 6998 -0.288843526 -0.480307664 0.0410677447 0 0 0
NT 6999 0.430513299 0.345000593 0.0306405902 0 0 0
NT 7013 0.724295731 -0.524288055 -0.0103000393 0 0 0
NT 7015 0.310452578 -0.153197464 0.0424627816 0 0 0
NT 7032 -0.113981603 0.267616311 0.0322550516 0 0 0
NT 7037 0.0928029758 0.0213128405 0.0413667118 0 0 0
NT 7038 0.488526648 0.286957893 0.0314567976 0 0 0
NT 7042 0.40195985 0.104263299 0.0350937697 0 0 0
NT 7047 0.31149603 -0.0217204388 0.0451559737 0 0 0
NT 7066 0.257169094 -0.834277096 0.0448251101 0 0 0
NT 7088 0.458883466 0.0936962498 0.0295222729 0 0 0
NT 7091 0.180221603 0.391630538 0.0251351246 0 0 0
NT 7092 -0.556060263 -0.588481218 0.0299291955 0 0 0
NT 7100 0.314501834 0.276537117 0.044867759 0 0 0
NT 7108 0.201570379 -0.187472969 0.0366803859 0 0 0
NT 7119 -0.573856802 0.512856024 0.0377085804 0 0 0
NT 7122 -0.386121081 0.544858269 0.0326220496 0 0 0
NT 7130 0.0934754159 0.143259372 0.0351746321 0 0 0
NT 7134 0.439332539 -0.150258053 0.0278044523 0 0 0
NT 7137 0.409281637 -0.0261539375 0.0280614295 0 0 0
NT 7147 -0.459040488 -0.458338095 0.030290442 0 0 0
NT 7151 -0.110670411 -0.415751563 0.0379551012 0 0 0
NT 7153 0.810636897 0.20604228 0.0317824594 0 0 0
NT 7182 0.276398459 -0.106232314 0.0443917242 0 0 0
NT 7185 0.400043392 -0.397626928 0.0339115415 0 0 0
NT 7187 0.247946537 0.171656484 0.0286799377 0 0 0
NT 7197 0.523967524 0.114990697 0.0367822444 0 0 0
NT 7203 0.26939359 -0.411108122 0.0310680818 0 0 0
NT 7208 -0.290389999 -0.234877101 0.0444998516 0 0 0
NT 7209 0.0579450308 -0.495982238 0.031247301 0 0 0
NT 7224 0.192340095 -0.143720606 0.0442889945 0 0 0
NT 7226 0.253322491 -0.160918494 0.025120067 0 0 0
NT 7228 0.260441153 0.0972126524 0.0402801731 0 0 0
NT 7229 0.229293949 -0.94201054 0.128987494 0 0 0
NT 7233 -0.451973838 0.784617031 0.087884547 0 0 0
NT 7235 0.18145367 0.367412705 0.0350727147 0 0 0
NT 7237 0.302646542 -0.264952213 0.0253470445 0 0 0
NT 7268 -0.283933216 0.239668315 0.0309094167 0 0 0
NT 7270 -0.0145507095 0.297481248 0.0309124995 0 0 0
NT 7279 0.145361455 -0.149151351 0.0407784031 0 0 0
NT 7289 -0.175634158 0.417693278 0.0358226742 0 0 0
NT 7292 0.301512153 -0.0923512498 0.0291304388 0 0 0
NT 7299 -0.210155557 0.41711124 0.0294667815 0 0 0
NT 7305 -0.292326016 -0.381663221 0.0459795048 0 0 0
NT 7307 0.774993213 0.563361157 -0.416004978 0 0 0
NT 7322 0.430398851 -0.839140143 0.0122237705 0 0 0
NT 7328 0.708764024 0.692754596 0.104567574 0 0 0
NT 7330 -0.353771066 0.394360797 0.0259948609 0 0 0
NT 7338 0.270752085 0.135456517 0.0353189322 0 0 0
NT 7339 0.54708532 -0.433534248 0.0313005082 0 0 0
NT 7345 -0.0236243403 0.299608586 0.0329352887 0 0 0
NT 7355 -0.195632614 0.629723337 0.0356225382 0 0 0
NT 7365 0.226349134 0.437206261 0.0295225947 0 0 0
NT 7369 -0.586921944 -0.214863087 0.0307550591 0 0 0
NT 7370 -0.401437808 -0.112708221 0.0433982935 0 0 0
NT 7373 -0.553159379 -0.0912946624 0.029071187 0 0 0
NT 7384 -0.2708531 -0.113918849 0.0359628642 0 0 0
NT 7406 0.102249514 -0.183379252 0.0420484229 0 0 0
NT 7419 0.101826111 0.169928507 0.0343899311 0 0 0
NT 7428 -0.277541353 0.253043593 0.0321874539 0 0 0
NT 7435 -0.0326056061 -0.0512015747 0.0273152241 0 0 0
NT 7460 0.0421086756 -0.160293899 0.0389849961 0 0 0
NT 7467 -0.599224695 -0.312266502 0.0413023275 0 0 0
NT 7489 0.188661927 0.432381018 0.0420060514 0 0 0
NT 7499 0.0389103442 -0.087375506 0.026649894 0 0 0
NT 7501 -0.379309052 -0.112964868 0.0330381976 0 0 0
NT 7512 -0.163532517 0.0604802852 0.0419985181 0 0 0
NT 7527 0.505923307 -0.501375768 0.03713857 0 0 0
NT 7528 -0.175998913 0.972587496 0.0723377803 0 0 0
NT 7536 0.476847581 0.747102839 -0.118755651 0 0 0
NT 7543 0.894560295 0.019904002 0.276880316 0 0 0
NT 7569 -0.688578178 0.288221302 0.0460915971 0 0 0
NT 7573 0.0830545182 -0.395824224 0.0386153142 0 0 0
NT 7576 -0.178334373 -0.528960712 0.0297273089 0 0 0
NT 7587 0.835817356 0.36457779 0.159039486 0 0 0
NT 7589 -0.241710453 0.420023617 0.0383649628 0 0 0
NT 7590 0.615177115 0.0838012825 0.0359198986 0 0 0
NT 7591 0.292234311 0.00906851709 0.0393813795 0 0 0
NT 7593 0.277368535 0.276253337 0.0322502389 0 0 0
NT 7595 0.198628992 -0.153355779 0.0416958809 0 0 0
NT 7607 -0.361622962 -0.0627309803 0.0412767404 0 0 0
NT 7609 -0.774565879 -0.0147215268 0.0333248972 0 0 0
NT 7622 -0.750038641 -0.400329666 0.0264379056 0 0 0
NT 7647 0.0349173798 0.454978843 0.0415856251 0 0 0
NT 7651 -0.370147092 -0.539471996 0.041113068 0 0 0
NT 7663 -0.726307346 -0.415506382 0.032637927 0 0 0
NT 7667 -0.345428345 -0.23035378 0.0327132507 0 0 0
NT 7681 0.285055125 0.384671763 0.0309134104 0 0 0
NT 7687 -0.85492053 0.0343017172 0.0377635361 0 0 0
NT 7690 -0.744946317 -0.571547344 -0.48943336 0 0 0
NT 7696 0.49798045 0.183585566 0.0447323462 0 0 0
NT 7703 0.225924758 0.192319498 0.0323785104 0 0 0
NT 7719 0.355190101 -0.614511092 0.043652392 0 0 0
NT 7749 -0.0134703317 -0.381218364 0.0324059301 0 0 0
NT 7752 -0.747425488 0.0812565886 0.0460626945 0 0 0
NT 7762 0.979293016 -0.077654764 -0.0853360932 0 0 0
NT 7787 -0.226796509 0.0997183426 0.041628504 0 0 0
NT 7792 -0.439082209 0.0608487895 0.0251546864 0 0 0
NT 7803 0.339560952 -0.234495142 0.0430323849 0 0 0
NT 7809 0.103823472 0.284557874 0.0417243938 0 0 0
NT 7821 -0.024061801 0.343948696 0.0255482506 0 0 0
NT 7826 0.287444655 0.0121897104 0.0338567544 0 0 0
NT 7844 0.182032811 -0.349039444 0.0397573095 0 0 0
NT 7850 -0.105208006 0.317917571 0.0403212758 0 0 0
NT 7852 -0.089367649 0.356470914 0.0341435315 0 0 0
NT 7857 0.0122039189 0.0450991444 0.0281195665 0 0 0
NT 7872 -0.029964493 -0.673601243 0.0393318097 0 0 0
NT 7881 -0.522723977 0.138900074 0.0378652658 0 0 0
NT 7883 0.213327801 0.374344596 0.0460525983 0 0 0
NT 7889 0.245278321 0.730919645 0.0289854457 0 0 0
NT 7896 0.425373305 0.0016658373 0.0450885772 0 0 0
NT 7897 -0.422362627 -0.469420887 0.025279062 0 0 0
NT 7900 -0.364852968 -0.303342347 0.0254401012 0 0 0
NT 7902 0.53938798 0.43093714 0.0315492288 0 0 0
NT 7918 -0.0165921106 0.284130835 0.0250216415 0 0 0
NT 7925 -0.27252522 -0.164028242 0.0425123702 0 0 0
NT 7931 0.192470196 -0.203063348 0.0402948849 0 0 0
NT 7935 -0.621605324 -0.0989140547 0.0357349782 0 0 0
NT 7942 -0.38341431 0.0866211727 0.0278301464 0 0 0
NT 7953 0.496826537 0.3067803 0.0310732265 0 0 0
NT 7955 0.262094952 0.418675892 0.0384041476 0 0 0
NT 7958 0.194354242 0.2818403 0.0412461548 0 0 0
NT 7967 -0.840734349 -0.185909751 0.017618993 0 0 0
NT 7983 -0.336744609 0.0973008564 0.0279646803 0 0 0
NT 8008 0.445422889 0.62042685 0.0456750912 0 0 0
NT 8033 0.608571712 -0.0447053951 0.0422333629 0 0 0
NT 8042 -0.20655359 -0.0447340997 0.0342729297 0 0 0
NT 8044 -0.271963272 0.915632999 -0.230526663 0 0 0
NT 8045 -0.645438232 0.0356022999 0.0299951783 0 0 0
NT 8056 -0.0043608761 0.397055153 0.0357424686 0 0 0
NT 8067 0.371818612 -0.502510648 0.0343667315 0 0 0
NT 8075 -0.094538388 0.60310459 0.0306661669 0 0 0
NT 8076 0.643770834 0.325129135 0.0287402117 0 0 0
NT 8091 -0.209749985 0.573895975 0.0315118321 0 0 0
NT 8096 0.260975443 0.291625731 0.0401100125 0 0 0
NT 8098 0.340998292 -0.368100896 0.0272694764 0 0 0
NT 8108 -0.631334425 -0.608339855 0.034800686 0 0 0
NT 8127 0.28152038 -0.0233572635 0.0335211937 0 0 0
NT 8136 0.635891774 0.14031861 0.0408118977 0 0 0
NT 8155 -0.218180209 0.106296781 0.0345010041 0 0 0
NT 8157 -0.116021123 -0.649508675 0.0275840388 0 0 0
NT 8170 0.784852275 -0.519427574 0.118957533 0 0 0
NT 8172 0.0101876095 0.0575841684 0.038553081 0 0 0
NT 8174 0.437326586 -0.883469952 0.179637702 0 0 0
NT 8182 0.742198544 0.217388193 0.0302578497 0 0 0
NT 8183 0.14615654 0.234208277 0.043423612 0 0 0
NT 8186 -0.176196438 0.547380325 0.0324797309 0 0 0
NT 8195 0.820578604 0.418658977 0.0859443745 0 0 0
NT 8198 -0.131627818 0.00839544806 0.0439395178 0 0 0
NT 8200 0.342094692 -0.0474926809 0.0348899754 0 0 0
NT 8225 0.135321887 -0.116558519 0.0313748747 0 0 0
NT 8226 -0.717698964 -0.0263964377 0.0449422276 0 0 0
NT 8240 -0.373162368 0.389818459 0.0335465429 0 0 0
NT 8254 0.0927772003 0.0891203551 0.04286806 0 0 0
NT 8257 0.176932507 0.296520781 0.0449941621 0 0 0
NT 8272 -0.135324488 0.129974058 0.0461115996 0 0 0
NT 8273 0.247686041 0.396339539 0.0411392806 0 0 0
NT 8277 0.167413849 -0.376914988 0.0431789915 0 0 0
NT 8278 -0.0543976242 0.222578992 0.036755661 0 0 0
NT 8279 0.613407207 0.0799549945 0.0372089946 0 0 0
NT 8292 0.179719344 0.359892521 0.0301743535 0 0 0
NT 8294 0.216655837 0.1438604 0.0340969676 0 0 0
NT 8295 0.206873741 -0.0473796426 0.025856429 0 0 0
NT 8312 -0.234414838 -0.0284265385 0.0283613333 0 0 0
NT 8320 0.462188904 -0.76388007 -0.0520458554 0 0 0
NT 8330 -0.415592478 -0.340638743 0.0461607653 0 0 0
NT 8338 -0.193319993 -0.0541908603 0.0376097308 0 0 0
NT 8350 0.931035555 0.0869711786 -0.227192199 0 0 0
NT 8353 0.310319707 -0.152639766 0.0464973815 0 0 0
NT 8358 0.176903581 -0.438876721 0.0322330608 0 0 0
NT 8360 -0.043667579 0.0263495836 0.0261286318 0 0 0
NT 8368 0.105578657 -0.25311087 0.0281990904 0 0 0
NT 8369 0.405933688 0.0946630341 0.0315608741 0 0 0
NT 8370 0.408597868 0.405009607 0.0258539093 0 0 0
NT 8382 -0.474107867 -0.826849648 0.576864303 0 0 0
NT 8399 -0.391223592 -0.647016728 0.0275694572 0 0 0
NT 8410 0.29761714 0.458585199 0.0260079318 0 0 0
NT 8424 0.57228049 0.247474481 0.0336056215 0 0 0
LGIC_C 399 0.60667416 -0.180510077 0.025014019 -4.96100802e-08 3.14742968e-08 1
LGIC_C 397 -0.684734229 0.251955701 0.0250140152 4.34088259e-08 -8.63455061e-09 1
LGIC_C 396 0.286654409 0.409686014 0.0250140068 1.3130701e-08 4.82586573e-08 -1
LGIC_C 395 0.335273394 0.450978131 0.0250140094 1.3130701e-08 4.82586573e-08 -1
LGIC_C 394 0.41936132 0.646779333 0.0250140174 -2.45891309e-08 -3.68002211e-08 1
LGIC_C 393 -0.0311682641 -0.30925304 0.0250139969 8.63456455e-09 4.34088336e-08 1
LGIC_C 392 -0.1903001 -0.582297209 0.0250140066 -2.90231482e-08 4.96101036e-08 1
LGIC_C 390 0.570294213 0.0242783601 0.0250140114 -4.96100869e-08 6.3366408e-09 1
LGIC_C 389 0.35260739 -0.36413655 0.0250140127 -3.27854948e-08 4.90669785e-08 1
LGIC_C 388 -0.0282815824 0.446804468 0.0250140063 -3.14742797e-08 4.96100914e-08 -1
LGIC_C 387 0.544454744 -0.236475114 0.025014013 -3.37890406e-08 4.80634332e-08 1
LGIC_C 386 0.497996819 -0.467170836 0.025014013 -3.68002179e-08 2.45891393e-08 1
LGIC_C 383 0.347371969 -0.507261714 0.0250140195 -3.27854948e-08 4.90669785e-08 1
LGIC_C 382 0.552171675 -0.290178728 0.0250140158 -3.37890406e-08 4.80634332e-08 1
LGIC_C 381 0.0270194189 0.664407173 0.0250140161 -6.33660387e-09 4.96100877e-08 -1
LGIC_C 380 0.0912737824 0.603154834 0.0250140141 -9.86806672e-09 -4.96100854e-08 1
LGIC_C 379 -0.00562445486 -0.484195554 0.0250140073 9.8680833e-09 4.96100963e-08 1
LGIC_C 378 -0.634660383 0.0948478318 0.025014012 4.96100851e-08 2.90231542e-08 1
LGIC_C 377 0.308244165 0.15316647 0.0250139984 -3.68002282e-08 -2.45891172e-08 1
LGIC_C 376 0.390692696 0.356734676 0.0250140097 -4.20574004e-08 -2.81018564e-08 1
LGIC_C 374 0.0361070699 -0.213713647 0.0250139936 6.33663526e-09 4.9610097e-08 1
LGIC_C 373 -0.588853211 0.508853173 0.0250140175 3.68002297e-08 -2.45891157e-08 1
LGIC_C 372 -0.0597109785 0.46021143 0.0250140038 8.63455111e-09 -4.34088279e-08 1
LGIC_C 371 0.199800849 0.0729913548 0.0250139925 -4.34088272e-08 -8.63453573e-09 1
LGIC_C 370 -0.398220609 -0.58810283 0.0250140147 2.45891453e-08 3.68002268e-08 1
LGIC_C 369 -0.0965198989 -0.602036964 0.0250140103 -2.90231482e-08 4.96101036e-08 1
LGIC_C 368 -0.1170462 -0.316803574 0.0250139999 2.48392553e-08 4.34088306e-08 1
LGIC_C 367 0.395663055 -0.111653893 0.0250140032 -4.34088182e-08 2.48392526e-08 1
LGIC_C 365 0.597238941 -0.306601296 0.025014017 -4.20573976e-08 2.81018683e-08 1
LGIC_C 363 -0.348944552 0.449061883 0.0250140095 1.31306824e-08 -4.82586643e-08 1
LGIC_C 362 -0.462804101 -0.11026453 0.025014003 -4.96100919e-08 2.90231703e-08 -1
LGIC_C 361 0.593776881 -0.177429717 0.0250140144 -4.96100859e-08 9.86807898e-09 1
LGIC_C 360 -0.512606477 0.453476131 0.0250140133 3.68002297e-08 -2.45891157e-08 1
LGIC_C 359 -0.264659458 0.198630454 0.0250139999 6.28881943e-09 -7.55636452e-08 1
LGIC_C 358 0.0327253834 -0.0248943719 0.0250139856 -4.90669481e-08 3.27855328e-08 1
LGIC_C 357 0.758953186 0.154447471 0.0250140199 -4.96100869e-08 6.3366408e-09 1
LGIC_C 356 0.128866755 0.687711463 0.0250140142 -8.63455884e-09 -4.34088253e-08 1
LGIC_C 355 0.0683540005 -0.564450273 0.0250140152 1.00935263e-08 5.7878447e-08 1
LGIC_C 354 0.132311174 0.182685538 0.0250139947 -2.81018716e-08 -4.20573923e-08 1
LGIC_C 353 -0.353322632 0.173202525 0.025014003 4.20574045e-08 -2.81018523e-08 1
LGIC_C 352 -0.203355123 -0.284716985 0.025014 3.95603082e-08 3.05989652e-08 1
LGIC_C 350 -0.260273931 0.371295804 0.0250140033 2.45891128e-08 -3.68002333e-08 1
LGIC_C 349 -0.196159848 -0.511557397 0.0250140029 -2.90231482e-08 4.96101036e-08 1
LGIC_C 347 0.48090367 -0.187070917 0.0250140089 -4.96100859e-08 9.86807898e-09 1
LGIC_C 346 0.341829123 0.3046416 0.0250140033 -3.68002282e-08 -2.45891172e-08 1
LGIC_C 344 -0.132110251 0.0310869035 0.0250139894 5.7878425e-08 4.89846948e-08 1
LGIC_C 343 0.277299995 0.457217014 0.025014009 1.3130701e-08 4.82586573e-08 -1
LGIC_C 342 -0.835463637 -0.0089876469 0.0250140193 -4.34088282e-08 2.70157287e-08 -1
LGIC_C 341 -0.0438234804 -0.73564017 0.0250140156 8.63456455e-09 4.34088336e-08 1
LGIC_C 339 0.146522338 -0.182095835 0.0250139939 -1.31306721e-08 4.82586744e-08 1
LGIC_C 338 -0.194034337 0.306412858 0.0250139993 2.45891128e-08 -3.68002333e-08 1
LGIC_C 337 -0.0304821623 -0.0117978357 0.0250139845 5.7878436e-08 -4.89847332e-08 1
LGIC_C 336 -0.768281131 0.0169833591 0.025014017 4.34088279e-08 -2.48392273e-08 1
LGIC_C 335 0.184678415 0.553954107 0.0250140096 -6.33660387e-09 4.96100877e-08 -1
LGIC_C 334 0.250083749 0.808044879 0.0250140205 -8.63455884e-09 -4.34088253e-08 1
LGIC_C 333 0.476112796 0.171676522 0.0250140054 -4.34088272e-08 -8.63453573e-09 1
LGIC_C 332 -0.036287322 -0.374506631 0.0250140022 9.8680833e-09 4.96100963e-08 1
LGIC_C 331 0.229483513 -0.0716601744 0.025013995 -4.34088182e-08 2.48392526e-08 1
LGIC_C 330 0.386109025 -0.0207681105 0.025014003 -4.96100802e-08 3.14742968e-08 1
LGIC_C 329 0.575218425 -0.21725259 0.0250140139 -4.96100859e-08 9.86807898e-09 1
LGIC_C 328 -0.388487198 0.0173363462 0.0250140006 4.34088279e-08 -2.48392273e-08 1
LGIC_C 327 -0.278502085 -0.0267899966 0.0250139963 -4.96100919e-08 2.90231703e-08 -1
LGIC_C 326 0.170849076 0.640244453 0.0250140139 -6.33660387e-09 4.96100877e-08 -1
LGIC_C 325 0.453939465 0.620926164 0.0250140173 -2.45891309e-08 -3.68002211e-08 1
LGIC_C 324 0.0185683735 0.69580569 0.0250140177 -6.33660387e-09 4.96100877e-08 -1
LGIC_C 323 -0.327031953 -0.660583036 0.0250140202 2.81018674e-08 4.20574117e-08 1
LGIC_C 322 0.507849713 0.223680455 0.0250140107 -4.82586616e-08 -1.31306776e-08 1
LGIC_C 321 0.570584956 -0.269122933 0.0250140154 -3.37890406e-08 4.80634332e-08 1
LGIC_C 320 0.457351829 0.569794303 0.0250140201 -2.81018716e-08 -4.20573923e-08 1
LGIC_C 319 -0.474386361 -0.049768696 0.0250140025 -4.34088282e-08 2.70157287e-08 -1
LGIC_C 318 -0.190166461 -0.328859843 0.0250139986 -5.56021111e-08 -1.45571543e-08 -1
LGIC_C 317 -0.362146405 -0.255286177 0.0250140029 3.68002489e-08 2.45891179e-08 1
LGIC_C 316 -0.202658394 -0.206282424 0.0250139976 2.81018674e-08 4.20574117e-08 1
LGIC_C 315 -0.0810518672 0.00968632234 0.0250139874 4.96100897e-08 -9.86805572e-09 1
LGIC_C 314 -0.258424466 0.496111205 0.0250140079 2.45891128e-08 -3.68002333e-08 1
LGIC_C 313 0.666753489 0.363048653 0.0250140167 -3.68002282e-08 -2.45891172e-08 1
LGIC_C 312 0.30628525 0.222983064 0.0250140024 -4.20574004e-08 -2.81018564e-08 1
LGIC_C 311 0.571703522 0.620462662 0.0250140201 -2.45891309e-08 -3.68002211e-08 1
LGIC_C 310 0.0926912669 0.780342066 0.0250140179 -8.63455884e-09 -4.34088253e-08 1
LGIC_C 309 0.136824837 0.0720285085 0.0250139901 -3.68002282e-08 -2.45891172e-08 1
LGIC_C 308 0.63672818 -0.281418968 0.0250140136 -3.68002179e-08 2.45891393e-08 1
LGIC_C 307 -0.423075789 0.260839567 0.0250140071 -4.82586679e-08 1.31306769e-08 -1
LGIC_C 306 0.180387447 0.102961407 0.0250139943 3.37890593e-08 4.80634111e-08 -1
LGIC_C 305 -0.447544771 0.212824003 0.025014005 3.68002297e-08 -2.45891157e-08 1
LGIC_C 304 -0.132468242 0.38179736 0.0250140014 -6.33661298e-09 -4.96100859e-08 1
LGIC_C 303 -0.042235496 0.388646986 0.025014003 9.86805557e-09 -4.96100883e-08 1
LGIC_C 302 0.421369703 0.331323647 0.0250140103 -4.20574004e-08 -2.81018564e-08 1
LGIC_C 301 0.103114247 0.357741893 0.0250139997 -8.63455884e-09 -4.34088253e-08 1
LGIC_C 300 0.405017326 -0.0505349688 0.0250140021 -4.34088182e-08 2.48392526e-08 1
LGIC_C 299 -0.105017648 -0.313190743 0.0250139998 9.8680833e-09 4.96100963e-08 1
LGIC_C 298 0.0969287364 -0.499358204 0.025014009 -9.86804037e-09 4.96101e-08 1
LGIC_C 297 0.0100657087 0.366568349 0.0250139993 -8.63455884e-09 -4.34088253e-08 1
LGIC_C 296 0.508876374 0.278747079 0.0250140125 -4.20574004e-08 -2.81018564e-08 1
LGIC_C 295 -0.177177327 0.115462039 0.0250139931 6.28881943e-09 -7.55636452e-08 1
LGIC_C 294 0.0480919139 -0.202170105 0.0250139955 -1.15127059e-08 5.78784511e-08 1
LGIC_C 293 -0.667285621 -0.0606434276 0.0250140146 -4.96100919e-08 2.90231703e-08 -1
LGIC_C 292 0.437448066 0.461202163 0.0250140149 -2.81018716e-08 -4.20573923e-08 1
LGIC_C 291 -0.515149067 0.447677952 0.0250140132 3.68002297e-08 -2.45891157e-08 1
LGIC_C 290 -0.371030926 -0.509434681 0.0250140151 2.81018674e-08 4.20574117e-08 1
LGIC_C 289 0.0332519364 0.0209653304 0.025013985 -3.68002282e-08 -2.45891172e-08 1
LGIC_C 288 0.0198222054 -0.335483377 0.0250139998 6.33663526e-09 4.9610097e-08 1
LGIC_C 287 -0.0524644275 -0.163256305 0.0250139908 8.63456455e-09 4.34088336e-08 1
LGIC_C 286 -0.542075104 0.0129485459 0.0250140098 4.96100851e-08 2.90231542e-08 1
LGIC_C 284 0.263575572 -0.746665208 0.0250140179 -8.63454093e-09 4.34088369e-08 1
LGIC_C 283 -0.268263727 -0.466434775 0.0250140065 7.55636799e-08 6.2887973e-09 1
LGIC_C 282 -0.245064131 -0.449676422 0.0250140067 3.95603082e-08 3.05989652e-08 1
LGIC_C 281 0.362165487 0.58556242 0.0250140204 -4.80634192e-08 -3.37890445e-08 1
LGIC_C 280 -0.287717715 -0.141523825 0.0250139953 1.45571809e-08 5.5602105e-08 1
LGIC_C 279 0.085939795 -0.0850543489 0.0250139885 -3.68002179e-08 2.45891393e-08 1
LGIC_C 278 0.31114655 0.253606069 0.0250140009 -3.68002282e-08 -2.45891172e-08 1
LGIC_C 277 0.662349446 -0.122368822 0.0250140199 -4.96100802e-08 3.14742968e-08 1
LGIC_C 276 -0.161098893 -0.52504273 0.0250140046 -2.90231482e-08 4.96101036e-08 1
LGIC_C 275 0.0172141813 -0.566049932 0.0250140112 6.33663526e-09 4.9610097e-08 1
LGIC_C 274 -0.34164769 0.346382943 0.0250140044 2.45891128e-08 -3.68002333e-08 1
LGIC_C 272 -0.408539728 0.27599051 0.0250140066 -4.82586679e-08 1.31306769e-08 -1
LGIC_C 271 -0.495017049 -0.439771106 0.0250140123 3.68002489e-08 2.45891179e-08 1
LGIC_C 269 -0.123299933 0.676092316 0.025014016 -6.33661298e-09 -4.96100859e-08 1
LGIC_C 268 -0.0914590484 -0.528346818 0.0250140068 -2.90231482e-08 4.96101036e-08 1
LGIC_C 267 -0.291612729 -0.278291967 0.025014003 1.45571809e-08 5.5602105e-08 1
LGIC_C 266 -0.141949136 -0.333883725 0.0250139991 3.95603082e-08 3.05989652e-08 1
LGIC_C 265 0.210705394 0.0546785462 0.0250139942 -4.96100911e-08 -9.86803575e-09 1
LGIC_C 264 0.457331077 -0.326326358 0.0250140081 -3.68002179e-08 2.45891393e-08 1
LGIC_C 263 -0.675769765 -0.217393383 0.0250140067 -4.34088282e-08 2.70157287e-08 -1
LGIC_C 262 -0.339395901 0.343799508 0.0250140043 1.31306824e-08 -4.82586643e-08 1
LGIC_C 261 0.0686895012 0.597036476 0.0250140098 -8.63455884e-09 -4.34088253e-08 1
LGIC_C 260 -0.0382403978 -0.628817319 0.0250140148 9.8680833e-09 4.96100963e-08 1
LGIC_C 259 0.217987541 -0.317597661 0.025014006 -3.27854948e-08 4.90669785e-08 1
LGIC_C 258 -0.323471704 0.571801677 0.0250140123 2.45891128e-08 -3.68002333e-08 1
LGIC_C 257 0.301353996 0.306007315 0.025014002 1.3130701e-08 4.82586573e-08 -1
LGIC_C 256 -0.322298064 0.521042588 0.0250140104 2.45891128e-08 -3.68002333e-08 1
LGIC_C 255 -0.769224113 -0.103621445 0.0250140139 -4.34088282e-08 2.70157287e-08 -1
LGIC_C 253 0.492720617 0.320529852 0.0250140112 -4.82586616e-08 -1.31306776e-08 1
LGIC_C 252 0.126708457 0.569788366 0.0250140155 -3.14742949e-08 -4.96100822e-08 1
LGIC_C 251 0.0312400106 0.672275594 0.0250140164 -6.33660387e-09 4.96100877e-08 -1
LGIC_C 250 0.237150894 0.512793835 0.025014012 -4.80634192e-08 -3.37890445e-08 1
LGIC_C 249 0.502461129 -0.00084755348 0.0250140082 -4.96100802e-08 3.14742968e-08 1
LGIC_C 248 0.0877975736 -0.103434036 0.0250139892 -2.45891087e-08 3.68002429e-08 1
LGIC_C 247 -0.496778032 0.642576782 0.0250140191 2.45891128e-08 -3.68002333e-08 1
LGIC_C 246 0.394273198 0.44088039 0.0250140092 -2.45891309e-08 -3.68002211e-08 1
LGIC_C 245 -0.496687588 -0.483200776 0.0250140173 1.45571809e-08 5.5602105e-08 1
LGIC_C 243 -0.671100879 0.264078953 0.0250140192 4.96100897e-08 -9.86805572e-09 1
LGIC_C 242 0.6294204 -0.306226135 0.0250140192 -3.37890406e-08 4.80634332e-08 1
LGIC_C 241 -0.0932945089 0.215383935 0.025013995 2.8101852e-08 -4.20574041e-08 1
LGIC_C 240 0.153535912 -0.181344231 0.0250139956 -1.28239349e-08 5.73353226e-08 1
LGIC_C 239 0.474378179 -0.30733518 0.0250140118 -4.20573976e-08 2.81018683e-08 1
LGIC_C 237 0.680365141 -0.00307910959 0.0250140171 -4.96100802e-08 3.14742968e-08 1
LGIC_C 236 0.284428037 -0.00724531527 0.0250139958 -4.34088182e-08 2.48392526e-08 1
LGIC_C 235 0.279964506 0.449064207 0.02501401 -2.81018716e-08 -4.20573923e-08 1
LGIC_C 234 -0.0649218434 -0.460503283 0.0250140038 8.63456455e-09 4.34088336e-08 1
LGIC_C 233 0.326234991 0.218223121 0.0250140018 -4.82586616e-08 -1.31306776e-08 1
LGIC_C 232 -0.266392778 0.802231364 0.0250140204 8.63455111e-09 -4.34088279e-08 1
LGIC_C 231 0.554091172 0.265068555 0.0250140147 3.37890593e-08 4.80634111e-08 -1
LGIC_C 230 -0.689980351 -0.196598554 0.0250140079 -4.34088282e-08 2.70157287e-08 -1
LGIC_C 229 -0.508256167 -0.0806401176 0.025014006 4.34088238e-08 8.63459484e-09 1
LGIC_C 228 0.284277387 -0.299203057 0.0250140014 -1.31306721e-08 4.82586744e-08 1
LGIC_C 227 -0.191875747 0.515251785 0.0250140073 8.63455111e-09 -4.34088279e-08 1
LGIC_C 226 0.389758796 -0.22789863 0.0250140032 -3.68002179e-08 2.45891393e-08 1
LGIC_C 225 0.190310073 -0.658128578 0.0250140134 -8.63454093e-09 4.34088369e-08 1
LGIC_C 224 -0.406050441 0.0507297927 0.0250140019 4.96100851e-08 2.90231542e-08 1
LGIC_C 223 0.247282329 0.407249272 0.0250140089 -4.80634192e-08 -3.37890445e-08 1
LGIC_C 222 -0.551218076 -0.157657834 0.025014006 -4.96100919e-08 2.90231703e-08 -1
LGIC_C 221 0.697535308 -0.408671723 0.0250140189 -3.68002179e-08 2.45891393e-08 1
LGIC_C 220 -0.738853049 -0.33162005 0.0250140186 3.68002489e-08 2.45891179e-08 1
LGIC_C 219 -0.210462026 -0.480385674 0.0250140063 3.95603082e-08 3.05989652e-08 1
LGIC_C 218 -0.276016988 0.38963018 0.0250140057 1.31306824e-08 -4.82586643e-08 1
LGIC_C 217 0.511869431 -0.409546138 0.0250140202 -3.37890406e-08 4.80634332e-08 1
LGIC_C 216 0.218280616 -0.171609964 0.0250139967 -3.05989503e-08 3.95603122e-08 1
LGIC_C 215 -0.468406592 -0.00196775066 0.0250140036 4.34088238e-08 8.63459484e-09 1
LGIC_C 214 0.44701959 -0.0743620659 0.0250140033 -4.34088226e-08 8.63456802e-09 1
LGIC_C 213 0.378788854 -0.410260002 0.0250140111 -2.81018481e-08 4.20574137e-08 1
LGIC_C 212 -0.340841918 -0.488522075 0.0250140093 -5.56021111e-08 -1.45571543e-08 -1
LGIC_C 210 0.0648178339 0.265609137 0.0250139971 -9.86806672e-09 -4.96100854e-08 1
LGIC_C 209 0.00478864159 -0.00394964415 0.0250139841 1.17760706e-07 -7.86852683e-08 -1
LGIC_C 208 -0.496163102 0.361589348 0.025014012 -4.82586679e-08 1.31306769e-08 -1
LGIC_C 207 -0.150795566 -0.41766921 0.025014 -4.89847109e-08 5.78784581e-08 1
LGIC_C 206 0.660891317 -0.39954537 0.0250140174 -3.68002179e-08 2.45891393e-08 1
LGIC_C 205 -0.0841611314 0.226676149 0.0250139953 9.86805557e-09 -4.96100883e-08 1
LGIC_C 203 -0.183764579 -0.031080026 0.0250139915 -4.96100919e-08 2.90231703e-08 -1
LGIC_C 202 -0.0172084216 -0.287911328 0.0250139962 2.48392553e-08 4.34088306e-08 1
LGIC_C 201 0.248472026 0.123176195 0.0250139972 -4.20574004e-08 -2.81018564e-08 1
LGIC_C 200 0.758848029 -0.314938949 0.0250140189 -3.68002179e-08 2.45891393e-08 1
LGIC_C 199 0.623744561 0.233499905 0.0250140127 -4.96100869e-08 6.3366408e-09 1
LGIC_C 198 0.543944963 0.00213320415 0.0250140069 -4.34088272e-08 -8.63453573e-09 1
LGIC_C 197 -0.243118571 -0.519644203 0.0250140083 2.45891453e-08 3.68002268e-08 1
LGIC_C 195 0.387830893 0.387905909 0.0250140105 -2.81018716e-08 -4.20573923e-08 1
LGIC_C 194 -0.711142002 0.354485426 0.0250140182 3.68002297e-08 -2.45891157e-08 1
LGIC_C 193 0.311995361 0.0988637682 0.0250139997 -4.96100911e-08 -9.86803575e-09 1
LGIC_C 192 -0.300372379 0.100191687 0.0250139972 4.34088259e-08 -8.63455061e-09 1
LGIC_C 191 -0.415137928 -0.236167134 0.0250140008 5.39043203e-09 6.47688584e-08 1
LGIC_C 190 0.327170748 -0.721506037 0.0250140178 -2.45891087e-08 3.68002429e-08 1
LGIC_C 189 -0.534611668 0.277062585 0.0250140135 4.20574045e-08 -2.81018523e-08 1
LGIC_C 188 -0.748571859 0.0992555717 0.0250140166 4.34088259e-08 -8.63455061e-09 1
LGIC_C 186 -0.578575107 -0.32620463 0.0250140075 5.39043203e-09 6.47688584e-08 1
LGIC_C 185 0.388548919 -0.134632165 0.0250140034 -4.34088182e-08 2.48392526e-08 1
LGIC_C 184 0.713820075 -0.0663644672 0.0250140159 -4.34088182e-08 2.48392526e-08 1
LGIC_C 183 0.661789536 0.33547523 0.0250140196 -4.82586616e-08 -1.31306776e-08 1
LGIC_C 181 -0.632637079 -0.291566525 0.0250140055 5.39043203e-09 6.47688584e-08 1
LGIC_C 180 -0.117986466 0.261322004 0.0250139976 2.8101852e-08 -4.20574041e-08 1
LGIC_C 179 -0.266409801 -0.161615811 0.0250139971 6.28883752e-09 7.55636663e-08 1
LGIC_C 178 0.056409423 -0.639908887 0.0250140146 6.33663526e-09 4.9610097e-08 1
LGIC_C 177 0.305223897 0.342460098 0.0250140062 -2.81018716e-08 -4.20573923e-08 1
LGIC_C 175 0.424988339 -0.26711898 0.0250140104 -3.37890406e-08 4.80634332e-08 1
LGIC_C 174 -0.0659840759 -0.507703278 0.0250140069 2.48392553e-08 4.34088306e-08 1
LGIC_C 173 0.677285931 0.329436339 0.0250140163 -3.68002282e-08 -2.45891172e-08 1
LGIC_C 172 0.33486133 0.155439351 0.025014002 3.37890593e-08 4.80634111e-08 -1
LGIC_C 171 -0.199351962 0.323030279 0.0250140043 1.28239438e-08 -5.73353116e-08 1
LGIC_C 169 0.639690452 -0.483728673 0.0250140187 -3.68002179e-08 2.45891393e-08 1
LGIC_C 168 -0.566591582 -0.241143661 0.0250140019 5.39043203e-09 6.47688584e-08 1
LGIC_C 167 -0.578756165 0.536420965 0.0250140178 3.68002297e-08 -2.45891157e-08 1
LGIC_C 166 -0.170410711 -0.693863197 0.0250140176 2.48392553e-08 4.34088306e-08 1
LGIC_C 165 -0.319668786 0.070628532 0.0250139971 4.96100851e-08 2.90231542e-08 1
LGIC_C 164 0.24820486 -0.602229343 0.0250140115 6.33663526e-09 4.9610097e-08 1
LGIC_C 163 0.394001179 -0.269322231 0.0250140074 -4.20573976e-08 2.81018683e-08 1
LGIC_C 162 0.467668169 0.00183034142 0.0250140065 -4.96100911e-08 -9.86803575e-09 1
LGIC_C 160 -0.312187362 -0.0670752626 0.025013995 -4.34088282e-08 2.70157287e-08 -1
LGIC_C 159 0.784420928 0.17127354 0.0250140188 -4.34088272e-08 -8.63453573e-09 1
LGIC_C 158 0.339432022 0.16607503 0.0250140027 3.37890593e-08 4.80634111e-08 -1
LGIC_C 157 -0.439175739 0.277032637 0.025014007 6.28881943e-09 -7.55636452e-08 1
LGIC_C 156 -0.241260344 0.0574886033 0.0250139942 4.34088259e-08 -8.63455061e-09 1
LGIC_C 155 -0.624530799 0.116378709 0.0250140114 4.34088259e-08 -8.63455061e-09 1
LGIC_C 154 0.146872937 0.516301706 0.0250140103 -9.86806672e-09 -4.96100854e-08 1
LGIC_C 153 0.180450058 -0.196004517 0.0250139968 -1.28239349e-08 5.73353226e-08 1
LGIC_C 152 0.251759981 0.593950085 0.0250140152 1.3130701e-08 4.82586573e-08 -1
LGIC_C 151 -0.0873858797 -0.722084231 0.0250140153 8.63456455e-09 4.34088336e-08 1
LGIC_C 150 0.421155992 0.157907403 0.0250140031 -4.96100869e-08 6.3366408e-09 1
LGIC_C 149 0.563403184 0.536767182 0.0250140172 -3.68002282e-08 -2.45891172e-08 1
LGIC_C 148 0.468882246 -0.106860749 0.0250140116 -5.78784275e-08 1.15127558e-08 1
LGIC_C 147 -0.348956256 -0.362865928 0.0250140052 2.45891453e-08 3.68002268e-08 1
LGIC_C 146 0.027648512 0.580160471 0.0250140119 -6.33660387e-09 4.96100877e-08 -1
LGIC_C 145 0.207110593 0.0217599219 0.0250139934 -4.96100869e-08 6.3366408e-09 1
LGIC_C 144 -0.453692289 -0.474569202 0.0250140154 -5.56021111e-08 -1.45571543e-08 -1
LGIC_C 142 -0.472396367 -0.562261849 0.0250140191 3.95603082e-08 3.05989652e-08 1
LGIC_C 141 0.457551649 0.141553919 0.0250140043 -4.34088272e-08 -8.63453573e-09 1
LGIC_C 140 0.428241045 0.555777119 0.0250140142 -2.45891309e-08 -3.68002211e-08 1
LGIC_C 139 0.113174028 -0.0187689651 0.0250139894 -4.96100802e-08 3.14742968e-08 1
LGIC_C 138 -0.698412358 -0.23536197 0.025014008 4.96100935e-08 -4.19869172e-08 1
LGIC_C 137 0.350472755 -0.335835003 0.0250140072 -3.05989503e-08 3.95603122e-08 1
LGIC_C 136 0.364818617 -0.258669707 0.025014003 -3.68002179e-08 2.45891393e-08 1
LGIC_C 134 0.301558469 -0.648910177 0.0250140145 -2.45891087e-08 3.68002429e-08 1
LGIC_C 133 -0.565710571 -0.0392580784 0.0250140082 4.34088238e-08 8.63459484e-09 1
LGIC_C 132 -0.19838743 0.0431103799 0.0250139926 5.7878425e-08 4.89846948e-08 1
LGIC_C 131 0.411035438 0.270296363 0.0250140066 -4.82586616e-08 -1.31306776e-08 1
LGIC_C 130 -0.63374246 0.195759473 0.0250140125 4.34088259e-08 -8.63455061e-09 1
LGIC_C 129 0.479229127 -0.0727447075 0.0250140047 -4.34088226e-08 8.63456802e-09 1
LGIC_C 128 0.225711309 -0.345581578 0.0250140015 -2.45891087e-08 3.68002429e-08 1
LGIC_C 127 0.242347754 -0.348702784 0.0250140032 -1.31306721e-08 4.82586744e-08 1
LGIC_C 126 0.629729976 -0.369870028 0.0250140171 -3.05989503e-08 3.95603122e-08 1
LGIC_C 125 0.14143308 -0.151942113 0.0250139924 -1.31306721e-08 4.82586744e-08 1
LGIC_C 124 0.510999116 -0.424198013 0.0250140125 -3.68002179e-08 2.45891393e-08 1
LGIC_C 122 0.662543696 -0.34860313 0.0250140162 -3.68002179e-08 2.45891393e-08 1
LGIC_C 121 -0.444339667 -0.401335901 0.0250140084 1.15916899e-08 4.97976879e-08 1
LGIC_C 120 0.0172947786 0.517154148 0.0250140091 -9.86806672e-09 -4.96100854e-08 1
LGIC_C 119 0.0914157391 0.416893001 0.0250140048 -9.86806672e-09 -4.96100854e-08 1
LGIC_C 118 -0.295595751 -0.304686454 0.0250140041 -5.56021111e-08 -1.45571543e-08 -1
LGIC_C 117 -0.192203404 -0.00909663238 0.0250139924 4.96100935e-08 -4.19869172e-08 1
LGIC_C 116 0.12929067 -0.445052424 0.0250140077 1.00935263e-08 5.7878447e-08 1
LGIC_C 115 0.522804785 -0.360080507 0.0250140135 -3.05989503e-08 3.95603122e-08 1
LGIC_C 114 -0.342374066 0.403887145 0.0250140108 1.28239438e-08 -5.73353116e-08 1
LGIC_C 113 -0.0669858964 -0.722002661 0.0250140162 2.48392553e-08 4.34088306e-08 1
LGIC_C 112 0.708117653 -0.00109097395 0.0250140184 -4.96100802e-08 3.14742968e-08 1
LGIC_C 111 -0.507672703 -0.145919387 0.0250140042 -4.96100919e-08 2.90231703e-08 -1
LGIC_C 110 -0.202815415 -0.706212611 0.0250140156 8.63456455e-09 4.34088336e-08 1
LGIC_C 108 -0.0619709466 -0.525741031 0.0250140076 2.48392553e-08 4.34088306e-08 1
LGIC_C 107 -0.728097616 -0.276679075 0.0250140173 4.34088238e-08 8.63459484e-09 1
LGIC_C 106 -0.299278527 0.758997151 0.0250140188 8.63455111e-09 -4.34088279e-08 1
LGIC_C 105 -0.284543598 0.0951002601 0.025013998 4.34088279e-08 -2.48392273e-08 1
LGIC_C 104 0.590454804 -0.232584729 0.0250140148 -4.96100859e-08 9.86807898e-09 1
LGIC_C 103 -0.464463771 -0.00403972087 0.0250140033 -4.34088282e-08 2.70157287e-08 -1
LGIC_C 102 -0.379436093 0.439408798 0.0250140133 1.28239438e-08 -5.73353116e-08 1
LGIC_C 101 -0.364696728 0.0196124392 0.0250140016 4.96100897e-08 -9.86805572e-09 1
LGIC_C 100 -0.340600386 -0.49109424 0.0250140097 2.45891453e-08 3.68002268e-08 1
LGIC_C 99 0.210888724 -0.083209602 0.0250139963 -4.96100802e-08 3.14742968e-08 1
LGIC_C 98 -0.349828733 -0.578519456 0.0250140148 3.95603082e-08 3.05989652e-08 1
LGIC_C 97 -0.361194665 0.0298265607 0.0250140003 4.96100851e-08 2.90231542e-08 1
LGIC_C 96 0.360526932 -0.00307710845 0.0250140011 -4.96100859e-08 9.86807898e-09 1
LGIC_C 95 -0.317824224 -0.426492767 0.0250140071 -5.56021111e-08 -1.45571543e-08 -1
LGIC_C 94 0.169987231 -0.0662826555 0.0250139937 -4.96100802e-08 3.14742968e-08 1
LGIC_C 93 -0.0867050385 0.602366019 0.0250140126 -6.33661298e-09 -4.96100859e-08 1
LGIC_C 92 0.200487083 -0.715317068 0.0250140175 6.33663526e-09 4.9610097e-08 1
LGIC_C 91 0.168369126 0.768815163 0.0250140181 -8.63455884e-09 -4.34088253e-08 1
LGIC_C 90 -0.379966509 -0.336198885 0.0250140075 1.45571809e-08 5.5602105e-08 1
LGIC_C 89 0.242840297 -0.500228302 0.0250140106 -1.31306721e-08 4.82586744e-08 1
LGIC_C 88 -0.60979708 -0.5451634 0.0250140175 1.15916899e-08 4.97976879e-08 1
LGIC_C 87 -0.316468137 -0.255432097 0.025014002 1.45571809e-08 5.5602105e-08 1
LGIC_C 85 -0.0892967978 0.114596637 0.025013991 1.28239438e-08 -5.73353116e-08 1
LGIC_C 84 0.213998769 0.480549226 0.0250140093 1.3130701e-08 4.82586573e-08 -1
LGIC_C 83 -0.353316974 0.2319996 0.0250140034 -4.82586679e-08 1.31306769e-08 -1
LGIC_C 82 0.49776312 -0.292816081 0.02501401 -3.05989503e-08 3.95603122e-08 1
LGIC_C 81 0.062529418 0.670783573 0.0250140161 -6.33660387e-09 4.96100877e-08 -1
LGIC_C 80 0.743243099 -0.0231677104 0.0250140157 -4.34088226e-08 8.63456802e-09 1
LGIC_C 79 -0.574631502 -0.242369249 0.025014002 1.15916899e-08 4.97976879e-08 1
LGIC_C 77 0.332468729 -0.222733894 0.0250140022 -3.05989503e-08 3.95603122e-08 1
LGIC_C 76 -0.687633485 0.0439647424 0.0250140161 4.96100851e-08 2.90231542e-08 1
LGIC_C 75 0.509370954 -0.601235192 0.0250140179 -2.45891087e-08 3.68002429e-08 1
LGIC_C 74 0.545272559 0.471557361 0.0250140157 -4.82586616e-08 -1.31306776e-08 1
LGIC_C 73 -0.0265383335 0.00292719117 0.0250139845 4.34088279e-08 -2.48392273e-08 1
LGIC_C 72 0.119754856 0.408134304 0.025014002 -8.63455884e-09 -4.34088253e-08 1
LGIC_C 71 0.535119907 0.0925667665 0.0250140153 -5.78784335e-08 -1.15127284e-08 1
LGIC_C 70 -0.0398277401 0.40036272 0.025014001 8.63455111e-09 -4.34088279e-08 1
LGIC_C 69 -0.711478788 -0.37526742 0.0250140187 3.68002489e-08 2.45891179e-08 1
LGIC_C 68 -0.689145499 -0.110006812 0.0250140102 -4.34088282e-08 2.70157287e-08 -1
LGIC_C 67 -0.458468101 0.43967786 0.0250140194 6.28881943e-09 -7.55636452e-08 1
LGIC_C 66 -0.235201798 -0.341045542 0.0250140016 2.45891453e-08 3.68002268e-08 1
LGIC_C 65 0.0142429097 0.313652657 0.025013999 -9.86806672e-09 -4.96100854e-08 1
LGIC_C 64 -0.226318841 0.000510586781 0.0250139963 5.7878425e-08 4.89846948e-08 1
LGIC_C 63 0.213926151 -0.0292874912 0.0250139941 -4.96100859e-08 9.86807898e-09 1
LGIC_C 62 -0.0601395297 0.425594074 0.0250140063 -3.14742797e-08 4.96100914e-08 -1
LGIC_C 61 -0.40517341 0.366558942 0.0250140106 4.20574045e-08 -2.81018523e-08 1
LGIC_C 60 0.06881366 0.517412753 0.0250140111 -3.14742949e-08 -4.96100822e-08 1
LGIC_C 59 -0.40749192 -0.232834172 0.0250140021 1.45571809e-08 5.5602105e-08 1
LGIC_C 58 0.459781352 -0.0694374871 0.0250140049 -4.34088182e-08 2.48392526e-08 1
LGIC_C 57 -0.093907904 0.437511218 0.0250140079 -3.14742797e-08 4.96100914e-08 -1
LGIC_C 56 -0.131811005 -0.175631373 0.0250139931 -5.56021111e-08 -1.45571543e-08 -1
LGIC_C 55 0.423269344 0.48105141 0.0250140114 -2.45891309e-08 -3.68002211e-08 1
LGIC_C 53 0.331203956 -0.0683002581 0.0250139993 -4.34088182e-08 2.48392526e-08 1
LGIC_C 52 0.63755927 -0.151684494 0.0250140147 -4.34088182e-08 2.48392526e-08 1
LGIC_C 51 -0.582741363 -0.0193987426 0.0250140087 4.34088238e-08 8.63459484e-09 1
LGIC_C 48 -0.0762891384 -0.402693244 0.0250140014 8.63456455e-09 4.34088336e-08 1
LGIC_C 46 -0.242087879 -0.180110506 0.0250139962 5.39043203e-09 6.47688584e-08 1
LGIC_C 45 -0.0192614423 -0.276944562 0.0250139957 2.48392553e-08 4.34088306e-08 1
LGIC_C 44 0.343883785 0.540005466 0.0250140138 1.3130701e-08 4.82586573e-08 -1
LGIC_C 43 -0.543793529 -0.491295693 0.025014014 1.15916899e-08 4.97976879e-08 1
LGIC_C 42 -0.245699447 -0.650479424 0.0250140136 8.63456455e-09 4.34088336e-08 1
LGIC_C 41 -0.536324341 0.590680587 0.0250140182 2.45891128e-08 -3.68002333e-08 1
LGIC_C 40 -0.707022986 0.00773473772 0.0250140142 4.34088279e-08 -2.48392273e-08 1
LGIC_C 38 0.754230441 -0.327406476 0.0250140193 -3.05989503e-08 3.95603122e-08 1
LGIC_C 37 0.104968408 0.812523605 0.0250140194 -8.63455884e-09 -4.34088253e-08 1
LGIC_C 36 0.518720744 -0.62798583 0.0250140191 -2.45891087e-08 3.68002429e-08 1
LGIC_C 35 -0.186022751 -0.522943691 0.0250140038 -2.90231482e-08 4.96101036e-08 1
LGIC_C 33 8.38486719e-05 0.626483735 0.0250140105 8.63455111e-09 -4.34088279e-08 1
LGIC_C 32 0.102832865 0.122516534 0.0250139913 -2.81018716e-08 -4.20573923e-08 1
LGIC_C 31 -0.42770708 -0.430710712 0.0250140133 -5.56021111e-08 -1.45571543e-08 -1
LGIC_C 30 0.66062912 0.167736425 0.0250140149 -4.96100869e-08 6.3366408e-09 1
LGIC_C 29 -0.620890203 -0.108025549 0.0250140139 5.7878436e-08 -4.89847332e-08 1
LGIC_C 28 0.684842986 0.119913102 0.025014014 -4.34088272e-08 -8.63453573e-09 1
LGIC_C 27 -0.255158067 0.520602117 0.0250140172 3.27854968e-08 -4.90669676e-08 1
LGIC_C 25 0.379204859 -0.0498867636 0.0250140001 -4.34088226e-08 8.63456802e-09 1
LGIC_C 24 0.118051245 0.4296516 0.0250140057 -9.86806672e-09 -4.96100854e-08 1
LGIC_C 23 -0.442263541 0.400312713 0.0250140094 3.68002297e-08 -2.45891157e-08 1
LGIC_C 22 0.102929455 0.62279932 0.0250140152 -9.86806672e-09 -4.96100854e-08 1
LGIC_C 21 -0.000949665934 -0.17318144 0.0250139918 -2.90231482e-08 4.96101036e-08 1
LGIC_C 18 0.310371639 -0.479586932 0.0250140121 -2.81018481e-08 4.20574137e-08 1
LGIC_C 17 -0.544701249 0.351274083 0.0250140142 -4.82586679e-08 1.31306769e-08 -1
LGIC_C 16 0.631106077 -0.1497548 0.025014016 -4.96100859e-08 9.86807898e-09 1
LGIC_C 15 -0.476431613 -0.344619717 0.0250140081 5.39043203e-09 6.47688584e-08 1
LGIC_C 14 0.683841689 0.254082028 0.0250140155 -4.96100869e-08 6.3366408e-09 1
LGIC_C 13 0.722216592 -0.109267694 0.0250140201 -4.96100859e-08 9.86807898e-09 1
LGIC_C 12 0.401016491 0.198183633 0.0250140094 -4.90669739e-08 -3.27854893e-08 1
LGIC_C 11 0.156067622 0.559061343 0.02501401 -6.33660387e-09 4.96100877e-08 -1
LGIC_C 10 -0.401596737 -0.599658537 0.0250140175 3.95603082e-08 3.05989652e-08 1
LGIC_C 9 -0.47770573 -0.280163986 0.0250140074 6.28883752e-09 7.55636663e-08 1
LGIC_C 8 -0.169593627 0.286859932 0.025013998 2.45891128e-08 -3.68002333e-08 1
LGIC_C 7 -0.704030782 0.443258458 0.0250140201 3.68002297e-08 -2.45891157e-08 1
LGIC_C 6 -0.325799465 0.507464484 0.0250140165 1.28239438e-08 -5.73353116e-08 1
LGIC_C 5 0.0413887509 -0.534877695 0.0250140138 1.00935263e-08 5.7878447e-08 1
LGIC_C 4 -0.440607233 -0.244982773 0.0250140045 6.28883752e-09 7.55636663e-08 1
LGIC_C 3 0.25581472 -0.645264612 0.0250140178 -9.86804037e-09 4.96101e-08 1
LGIC_C 2 -0.594453455 0.0942926469 0.0250140137 4.96100897e-08 -9.86805572e-09 1
LGIC_C 1 -0.34968071 0.0458131218 0.0250139988 4.34088259e-08 -8.63455061e-09 1
LGIC_C 0 0.512925368 0.219160246 0.0250140111 3.37890593e-08 4.80634111e-08 -1
LGIC_O 8439 -0.361226657 0.571645817 0.0250140175 2.8101852e-08 -4.20574041e-08 1
LGIC_O 8438 0.221042916 -0.336892206 0.025014007 -3.27854948e-08 4.90669785e-08 1
LGIC_O 8437 -0.281799749 -0.270586739 0.0250140054 6.28883752e-09 7.55636663e-08 1
LGIC_O 8436 0.0915246527 -0.406259742 0.0250140078 -1.15127059e-08 5.78784511e-08 1
LGIC_O 8435 -0.145264886 -0.202214669 0.0250139958 2.81018674e-08 4.20574117e-08 1
LGIC_O 8434 0.55237168 -0.160462146 0.025014017 -5.78784275e-08 1.15127558e-08 1
LGIC_O 8433 0.158636826 -0.65141341 0.0250140193 1.00935263e-08 5.7878447e-08 1
LGIC_O 8432 0.686391349 0.402138809 0.0250140184 -3.68002282e-08 -2.45891172e-08 1
LGIC_O 8431 0.555240011 -0.181271143 0.0250140175 -5.78784275e-08 1.15127558e-08 1
LGIC_O 8430 0.563287567 -0.376231239 0.0250140203 -3.37890406e-08 4.80634332e-08 1
LGIC_O 8429 0.186632657 0.0626210487 0.0250139948 -5.78784335e-08 -1.15127284e-08 1
LGIC_O 8428 -0.610134154 -0.593477057 0.0250140203 3.68002489e-08 2.45891179e-08 1
LGIC_O 8427 0.0678367894 -0.1951605 0.0250139953 -1.15127059e-08 5.78784511e-08 1
LGIC_O 4426 0.741788958 -0.200482319 0.0250140204 -4.34088182e-08 2.48392526e-08 1
LGIC_O 4425 0.285091546 -0.504123168 0.0250140173 -3.27854948e-08 4.90669785e-08 1
LGIC_O 4424 0.560752916 -0.316428503 0.0250140174 -3.37890406e-08 4.80634332e-08 1
LGIC_O 4423 -0.334095555 -0.707991186 0.0250140181 3.95603082e-08 3.05989652e-08 1
LGIC_O 4422 -0.0143709734 -0.189151391 0.0250139935 -4.89847109e-08 5.78784581e-08 1
LGIC_O 4421 -0.296179758 0.617078643 0.0250140175 2.8101852e-08 -4.20574041e-08 1
LGIC_O 4420 -0.451814689 -0.430033027 0.0250140186 6.28883752e-09 7.55636663e-08 1
LGIC_O 4419 0.591505825 0.0769627336 0.0250140184 -5.78784335e-08 -1.15127284e-08 1
LGIC_O 4418 0.259629847 0.346946476 0.0250140088 -3.27855134e-08 -4.90669575e-08 1
LGIC_O 4417 0.701415163 0.292907815 0.0250140163 -3.68002282e-08 -2.45891172e-08 1
LGIC_O 4416 0.508988359 -0.182579353 0.0250140148 -5.78784275e-08 1.15127558e-08 1
LGIC_O 4415 -0.153457684 -0.632307731 0.0250140161 9.8680833e-09 4.96100963e-08 1
LGIC_O 4414 0.136932023 0.0878924177 0.0250139928 -4.90669739e-08 -3.27854893e-08 1
LGIC_O 4413 -0.504498265 0.295587346 0.0250140145 3.37890593e-08 -4.80634052e-08 1
LGIC_O 4412 -0.539265925 -0.183298336 0.0250140083 4.34088238e-08 8.63459484e-09 1
LGIC_O 4411 0.344394896 -0.329254072 0.0250140109 -4.90669481e-08 3.27855328e-08 1
LGIC_O 4410 -0.33898965 0.288163474 0.0250140086 3.37890593e-08 -4.80634052e-08 1
LGIC_O 4409 -0.260458438 0.480620783 0.0250140154 3.27854968e-08 -4.90669676e-08 1
LGIC_O 4408 -0.56399811 0.260544645 0.0250140149 3.37890593e-08 -4.80634052e-08 1
LGIC_O 4407 -0.0482212035 0.266336467 0.0250139992 1.15127271e-08 -5.78784352e-08 1
LGIC_O 4406 0.0879294026 0.135580918 0.0250139928 -3.27855134e-08 -4.90669575e-08 1
LGIC_O 4405 -0.427929524 0.0816629809 0.0250140053 4.96100897e-08 -9.86805572e-09 1
LGIC_O 4404 -0.124376694 -0.152714183 0.0250139936 7.55636799e-08 6.2887973e-09 1
LGIC_O 4403 -0.0926738463 0.0757236261 0.02501399 3.37890593e-08 -4.80634052e-08 1
LGIC_O 4402 -0.188139037 0.103888613 0.0250139946 3.37890593e-08 -4.80634052e-08 1
LGIC_O 4401 -0.0903607691 -0.110575251 0.0250139908 7.55636799e-08 6.2887973e-09 1
LGIC_O 4400 -0.167879456 0.0171955959 0.0250139921 5.7878425e-08 4.89846948e-08 1
