VGCC_O 5 0.113746944 -0.0200409323 0.0466929896 -1.01287282e-06 -1.51427976e-07 -1
VGCC_O 4 -0.108229728 0.00324736392 0.0466932869 -8.10297798e-07 1.61178104e-07 -1
CaBS 10 0.122425988 -0.0126869883 0.0719075592 0.999896301 0.01419805 -0.0024089266
CaBS 11 0.112861675 -0.0192884875 0.0548670163 0.329239702 0.132369043 -0.934922272
CaBS 12 0.0945258519 -0.0152528606 0.059884872 -0.751399618 0.322919164 -0.575431861
CaBS 13 0.096800318 -0.0118686848 0.0588139933 -0.751399618 0.322919164 -0.575431861
CaBS 14 0.101645168 -0.00599359557 0.0611191112 -0.346545998 0.867982935 -0.355684546
CaBS 15 0.11700803 -0.0216456882 0.0573247739 0.748611785 -0.322508546 -0.579282861
CaBS 16 0.0907903032 -0.0227169351 0.0765406966 -0.999896295 -0.0141984568 0.00240892729
CaBS 17 0.0944667506 -0.0290550957 0.0724133371 -0.735818491 -0.677177075 0.00153536998
CaBS 18 0.121460408 -0.0226816189 0.0757830584 0.751399702 -0.322919474 0.575431578
CaBS 19 0.111954212 -0.0333052141 0.0737918811 0.34654604 -0.867983022 0.355684293
CaBS 20 0.0970532263 -0.0152708431 0.0828588996 -0.748611723 0.322508223 0.579283121
CaBS 21 0.108242749 -0.00790043756 0.0822182261 0.324116486 0.74980293 0.576839726
CaBS 22 0.0906799365 -0.0154159046 0.0737627503 -0.999896295 -0.0141984568 0.00240892729
CaBS 23 0.100266297 -0.0337193747 0.0651569391 -0.324116536 -0.749802846 -0.576839807
CaBS 24 0.102038092 -0.0173909742 0.085322343 -0.329239867 -0.132369096 0.934922207
CaBS 25 -0.11063614 0.0224778193 0.0798390477 -0.344822968 0.867728888 0.357971643
CaBS 26 -0.119318251 0.013665806 0.0690997793 -0.999896295 -0.0141984574 0.00240892698
CaBS 28 -0.0926211729 0.000144947266 0.0625325624 0.344822933 -0.867729023 -0.35797135
CaBS 29 -0.0895283038 0.0191269584 0.0602170799 0.3213287 0.750213891 -0.577864158
CaBS 31 -0.109887702 0.00788444296 0.0839752373 -0.329239868 -0.132369105 0.934922205
CaBS 38 -0.103247219 0.0151845197 0.0861520151 0.333750517 0.131703937 0.933415591
CaBS 39 -0.0956026212 0.0262136285 0.0663048982 0.735818381 0.677177195 -0.00153536913
Ca 6 -0.0251871206 0.396236504 0.678990472 0 0 0
Ca 8 -0.435127749 0.430592987 0.652453348 0 0 0
Ca 4 0.160725231 0.358940626 0.340446084 0 0 0
Ca 8 0.121369082 -0.169106143 0.367859498 0 0 0
Ca 4 -0.276856311 0.209127704 0.688480175 0 0 0
Ca 1 0.447314817 -0.406908309 0.287359065 0 0 0
Ca 1 0.466920933 -0.245274218 0.164344089 0 0 0
Ca 7 -0.176351071 0.0665568282 0.291076844 0 0 0
Ca 2 -0.121243338 0.0183227726 0.647846685 0 0 0
Ca 6 -0.410792876 0.0329834318 0.468233171 0 0 0
Ca 6 -0.127881172 -0.531658787 0.769832096 0 0 0
Ca 1 0.479283259 0.129267435 0.767961664 0 0 0
Ca 7 -0.0680004482 -0.17932786 0.320183025 0 0 0
Ca 4 0.49756089 0.402237286 0.250085736 0 0 0
Ca 6 -0.163726421 0.179571304 0.546829259 0 0 0
Ca 7 -0.483526996 -0.357764865 0.471299413 0 0 0
Ca 6 0.12805245 -0.0208311497 0.472973923 0 0 0
Ca 8 -0.149848106 0.135537969 0.312998546 0 0 0
Ca 4 0.242102418 -0.109995056 0.147374108 0 0 0
Ca 1 -0.39526798 0.544205907 0.427242234 0 0 0
Ca 4 -0.233222154 -0.163688309 0.223193849 0 0 0
Ca 7 0.0998599828 0.0967023792 0.623072343 0 0 0
Ca 3 -0.297820212 0.187805826 0.219985177 0 0 0
Ca 1 -0.263203145 0.0379091875 0.182832147 0 0 0
Ca 6 -0.119669265 0.156204376 0.463940647 0 0 0
Ca 6 0.13058741 0.171604749 0.140491336 0 0 0
Ca 8 0.284841065 0.373754335 0.271545952 0 0 0
Ca 6 0.0336456618 0.0664969083 0.550088312 0 0 0
Ca 4 0.302102091 -0.0970269802 0.785260641 0 0 0
Ca 1 -0.430656494 -0.131905265 0.187241419 0 0 0
Ca 4 -0.209650607 -0.606716371 0.696519727 0 0 0
Ca 1 -0.0768774317 0.336164076 0.809528615 0 0 0
Ca 8 0.0805947456 0.14334275 0.610675662 0 0 0
Ca 4 0.176461567 0.392588433 0.230494167 0 0 0
Ca 8 0.47301451 -0.529488778 0.282368326 0 0 0
Ca 1 0.10744794 0.153502953 0.350173176 0 0 0
Ca 1 0.458650762 0.0641134816 0.178399144 0 0 0
Ca 4 -0.0608816541 0.459276351 0.610965944 0 0 0
Ca 4 -0.377623671 0.198758762 0.0790816392 0 0 0
Ca 8 -0.39315435 -0.355629465 0.541672174 0 0 0
Ca 6 -0.594814916 -0.0581872423 0.103672945 0 0 0
Ca 1 -0.313422613 -0.234552901 0.474456958 0 0 0
Ca 8 -0.238302538 0.208837407 0.273976233 0 0 0
Ca 7 -0.000730648882 0.0883815664 0.233291663 0 0 0
Ca 7 -0.224479674 0.109414223 0.329879658 0 0 0
Ca 6 -0.202551541 0.0139503447 0.313172503 0 0 0
Ca 4 -0.328910026 0.291104265 0.149666025 0 0 0
Ca 7 0.23171051 0.546631945 0.228668199 0 0 0
Ca 4 -0.690580537 0.0093882255 0.0500632854 0 0 0
Ca 1 -0.328859704 -0.205902752 0.149759611 0 0 0
Ca 4 -0.214096478 -0.119857235 0.142254806 0 0 0
Ca 6 -0.171403302 -0.0428599736 0.257156772 0 0 0
Ca 1 -0.285752182 0.0968996205 0.100678107 0 0 0
Ca 8 -0.286876115 0.0579248851 0.473116103 0 0 0
Ca 1 0.107812013 -0.00597571562 0.0558808278 0 0 0
Ca 8 0.397715539 0.0352649469 0.227329526 0 0 0
Ca 4 -0.120553995 0.431894349 0.140700875 0 0 0
Ca 1 0.0966386727 0.260774771 0.404856666 0 0 0
Ca 7 -0.350402294 0.124798481 0.0898538535 0 0 0
Ca 6 -0.235851118 0.274933699 0.0906918597 0 0 0
Ca 8 -0.106029464 -0.0029388196 0.125917177 0 0 0
Ca 8 -0.0949120066 -0.0698143394 0.132058886 0 0 0
Ca 6 0.0630101595 -0.22300519 0.230920169 0 0 0
Ca 7 -0.489641324 0.313651386 0.160003706 0 0 0
Ca 7 -0.376244483 0.0565746896 0.261211446 0 0 0
Ca 1 0.142054903 -0.0222637145 0.0962355439 0 0 0
Ca 1 -0.0609832371 -0.0104534481 0.179510567 0 0 0
Ca 6 -0.131276395 0.287863529 0.155348387 0 0 0
Ca 7 -0.246542087 0.136336767 0.0998261542 0 0 0
Ca 4 -0.0779971272 0.142118762 0.183464414 0 0 0
Ca 7 -0.193740274 -0.0709254354 0.19737635 0 0 0
Ca 7 -0.217351455 0.152001868 0.0619695978 0 0 0
Ca 8 -0.194247022 -0.127521362 0.166265322 0 0 0
Ca 8 0.0202444949 0.112895192 0.16004813 0 0 0
Ca 1 -0.225067426 0.112250826 0.13761179 0 0 0
Ca 4 -0.11357257 -0.0475392001 0.213561021 0 0 0
Ca 7 -0.0596026048 -0.0132408782 0.0536948287 0 0 0
Ca 7 -0.265429426 -0.0708361855 0.0919020282 0 0 0
Ca 6 -0.116468194 -0.0658058794 0.156049772 0 0 0
Ca 1 -0.142274008 0.041108112 0.079601393 0 0 0
Ca 1 -0.183829532 -0.00968968273 0.093951401 0 0 0
Ca 6 -0.142185406 0.0190564871 0.0466603334 0 0 0
Ca 1 -0.0721179397 0.0753121784 0.0799005368 0 0 0
Ca 4 -0.125945356 -0.00869452153 0.0470517021 0 0 0
Ca 7 -0.157277637 0.0378418727 0.0566893936 0 0 0
Ca 6 -0.157663554 0.0503144401 0.0469929634 0 0 0
Ca 1 -0.11780568 0.0297683111 0.0466390191 0 0 0
VGCC_O 0 0.11238887 -0.0311459409 0.0466929927 -1.01287282e-06 -1.51427976e-07 -1
VGCC_O 9 0.0953603447 -0.018533153 0.0466930096 -1.14792244e-06 -1.24564753e-07 -1
VGCC_O 6 -0.12622171 0.0241576588 0.046693322 -1.62059677e-06 3.22356891e-07 -1
VGCC_O 1 -0.126159285 0.0151063295 0.0466933189 -1.62059625e-06 3.22356338e-07 -1
VGCC_O 2 0.119933892 -0.04777957 0.0466929781 -1.41802115e-06 2.82063236e-07 -1
VGCC_O 7 -0.137449801 0.00579357966 0.0466933342 -1.62059625e-06 3.22356338e-07 -1
VGCC_O 8 -0.134706799 0.0161271258 0.0466933331 -1.62059677e-06 3.22356891e-07 -1
VGCC_O 3 0.0772568984 -0.00428239309 0.046693036 -1.41802159e-06 2.82063681e-07 -1
TAG 41 -0.105784995 0.0105052503 0.0536665039 -0.333750681 -0.131703993 -0.933415524
TAG 55 -0.119337383 0.0151637023 0.0699872324 -0.999896295 -0.0141984574 0.00240892698
TAG 54 -0.104785227 0.0261860029 0.076486355 -0.344822968 0.867728888 0.357971643
TAG 53 -0.089146311 -0.000197085518 0.0670554248 0.74861179 -0.322508554 -0.579282851
TAG 52 -0.119278263 0.0119799944 0.0757618237 -0.999896295 -0.0141984574 0.00240892698
TAG 51 -0.102448777 0.00747370566 0.0865367572 -0.329239868 -0.132369105 0.934922205
TAG 45 -0.113699624 0.0170707545 0.0588716642 -0.751399624 0.322919173 -0.575431849
TAG 44 -0.11923843 0.00668793202 0.0611035411 -0.999896295 -0.0141984574 0.00240892698
NT 426 -0.48839645 -0.0418636222 0.0307558093 0 0 0
NT 436 0.276097814 -0.529663776 0.0392655922 0 0 0
NT 469 0.318671218 0.1745771 0.0367922345 0 0 0
NT 477 0.398858894 -0.103521437 0.0330300387 0 0 0
NT 504 0.0113669011 0.437958401 0.0314305639 0 0 0
NT 606 -0.258168444 -0.0811319016 0.0276875597 0 0 0
NT 616 0.0745829048 0.500065538 0.0416948213 0 0 0
NT 669 0.172185423 0.0112600369 0.0452544368 0 0 0
NT 742 -0.317514505 0.0952281618 0.0315082809 0 0 0
NT 824 -0.171590139 0.602906299 0.0254013473 0 0 0
NT 900 0.0734966587 -0.731617026 0.0311528757 0 0 0
NT 1240 0.362573543 -0.428250586 0.0383859251 0 0 0
NT 1247 0.577767338 0.351093097 0.0290336265 0 0 0
NT 1254 0.265742356 0.218913596 0.0291901618 0 0 0
NT 1416 0.0650542124 0.17760133 0.0422296679 0 0 0
NT 1503 -0.0533998877 -0.37936547 0.0316675899 0 0 0
NT 1766 -0.191137491 0.474771339 0.0322348585 0 0 0
NT 1945 0.184407659 -0.31662254 0.0286049977 0 0 0
NT 1996 0.299104998 0.302530512 0.0331331645 0 0 0
NT 2033 0.222169975 -0.221044856 0.0364220694 0 0 0
NT 2113 -0.229068042 0.288269747 0.0432797535 0 0 0
NT 2348 0.381906224 0.434500193 0.0293532665 0 0 0
NT 2353 -0.434848756 0.0257474322 0.0415840719 0 0 0
NT 2362 0.522653258 0.14449509 0.0279136682 0 0 0
NT 2430 0.417260632 0.389657442 0.0367418718 0 0 0
NT 2461 -0.155059647 -0.278390603 0.0367081518 0 0 0
NT 2515 0.320428205 -0.42731149 0.0326210275 0 0 0
NT 2623 -0.505369451 -0.35045137 0.0374659565 0 0 0
NT 2823 -0.437824503 -0.141617284 0.0305273988 0 0 0
NT 2852 -0.233000326 0.113553585 0.0391469981 0 0 0
NT 2890 0.550468486 -0.119201777 0.0324634214 0 0 0
NT 2898 -0.349542945 -0.301843122 0.0305523934 0 0 0
NT 3008 0.334941593 0.629784615 0.0256071363 0 0 0
NT 3533 0.615242077 0.290903207 0.043830676 0 0 0
NT 3629 0.197956036 0.340097562 0.0391264648 0 0 0
NT 3687 0.499169977 0.321480951 0.0253284274 0 0 0
NT 3945 0.422700147 -0.227844365 0.0361860538 0 0 0
NT 3973 0.914475777 0.240695143 0.286761134 0 0 0
NT 4027 -2.58541315 -1.57407426 -1.10521867 0 0 0
NT 4249 0.436574025 -0.718326015 0.0299980457 0 0 0
NT 4253 0.60690571 0.291021721 0.0264256903 0 0 0
NT 4256 -0.298831468 -0.0190010194 0.0416892203 0 0 0
NT 4269 -0.404523551 0.828155163 -0.00363855427 0 0 0
NT 4429 0.372784335 0.0524376112 0.0387771155 0 0 0
NT 4439 -0.0546481617 0.230430111 0.0301050393 0 0 0
NT 4478 0.0997523003 -0.388157248 0.0279559779 0 0 0
NT 4481 -0.519909446 -0.325750697 0.0261454856 0 0 0
NT 4482 -0.468905003 -0.293986047 0.0262704565 0 0 0
NT 4486 0.501072822 -0.0128957034 0.0336396555 0 0 0
NT 4491 -0.267466377 0.453150383 0.0351703052 0 0 0
NT 4505 0.487611065 0.517266155 0.0455677394 0 0 0
NT 4512 -0.151054961 -0.185001843 0.0458958309 0 0 0
NT 4513 0.0723230689 0.41256823 0.0262241158 0 0 0
NT 4550 -0.185243611 -0.19903861 0.0363763259 0 0 0
NT 4557 -0.269300067 -0.000707416258 0.0348079745 0 0 0
NT 4571 -0.781954703 -0.426112886 0.195397913 0 0 0
NT 4575 -0.522421721 0.313947939 0.0412333006 0 0 0
NT 4580 0.32720061 0.182654608 0.0314305457 0 0 0
NT 4591 0.281952007 -0.0155733638 0.0381847395 0 0 0
NT 4593 -0.284852563 0.218560171 0.0281696802 0 0 0
NT 4603 0.11519861 0.251809908 0.0398536134 0 0 0
NT 4615 -0.465265211 -2.05864638 0.88986658 0 0 0
NT 4617 0.0832838436 -0.28501065 0.0440048439 0 0 0
NT 4626 -0.459368799 -0.278540335 0.0434046376 0 0 0
NT 4643 0.187721522 -0.0159036558 0.0259598609 0 0 0
NT 4704 -0.142177078 -0.372319895 0.0438093148 0 0 0
NT 4706 0.290288265 -0.476064264 0.0411800884 0 0 0
NT 4715 -0.588606815 -0.163562914 0.0440675951 0 0 0
NT 4767 -0.410984261 -0.367312515 0.0342253482 0 0 0
NT 4772 0.216369761 -0.0527786869 0.0390632009 0 0 0
NT 4790 0.270343705 0.692063083 0.0386648103 0 0 0
NT 4803 0.198404706 -0.496357188 0.0323330504 0 0 0
NT 4816 0.542564925 -0.0687816993 0.042491595 0 0 0
NT 4828 0.242561783 -0.157497018 0.0314828824 0 0 0
NT 4829 0.0929286334 -0.619675668 0.0313885522 0 0 0
NT 4853 0.41868998 -0.481800786 0.0426112869 0 0 0
NT 4855 0.236856593 -0.0175970445 0.0318753279 0 0 0
NT 4858 0.166577789 0.407022933 0.0393880697 0 0 0
NT 4859 -0.135763356 0.266946115 0.0367580825 0 0 0
NT 4891 -0.0245740365 -0.106381447 0.0310358542 0 0 0
NT 4895 -0.283967791 -0.203861966 0.0460134724 0 0 0
NT 4904 0.672810785 -0.116815541 0.0275049662 0 0 0
NT 4924 -0.405587579 0.553807348 0.0305354547 0 0 0
NT 4967 0.717953955 0.593342774 0.815315813 0 0 0
NT 4973 -0.231593059 0.454706339 0.032519748 0 0 0
NT 5004 0.393040153 0.403126951 0.0365631444 0 0 0
NT 5013 -0.493742062 0.499764082 0.0297209558 0 0 0
NT 5024 0.151012691 -0.0242445696 0.0294109268 0 0 0
NT 5033 -0.272622663 -0.410800774 0.0371931602 0 0 0
NT 5061 -0.308924283 -0.924253151 0.0844257355 0 0 0
NT 5064 0.565094248 0.48273796 0.0317257977 0 0 0
NT 5074 -0.218872389 0.254586457 0.0444419185 0 0 0
NT 5095 -0.0986556454 -0.0934807489 0.0326148183 0 0 0
NT 5099 -0.58551952 0.253709987 0.0443448369 0 0 0
NT 5101 0.656995032 0.0980609821 0.031111891 0 0 0
NT 5106 0.384196287 0.222985817 0.0261613159 0 0 0
NT 5108 -0.171036387 0.12143519 0.0376215051 0 0 0
NT 5110 0.0617274719 -0.073437211 0.0288686318 0 0 0
NT 5112 0.397025255 -0.0907953168 0.0417446392 0 0 0
NT 5117 -0.400294169 0.902958404 0.177204555 0 0 0
NT 5134 -0.00679296415 0.127010235 0.0389016113 0 0 0
NT 5145 0.522550581 0.184140541 0.0365951422 0 0 0
NT 5160 0.176239643 0.562670694 0.0462722127 0 0 0
NT 5191 0.303055603 0.647699894 0.0332847255 0 0 0
NT 5194 0.600891244 0.227310765 0.0460047297 0 0 0
NT 5206 -0.458805941 0.00819016403 0.0282982939 0 0 0
NT 5224 -0.129960988 -0.277967071 0.0456921227 0 0 0
NT 5229 0.283466306 0.608171775 0.0383189617 0 0 0
NT 5233 -0.12939551 0.0613375576 0.0408698894 0 0 0
NT 5243 0.132607297 -0.712551166 0.0372874816 0 0 0
NT 5297 1.19700322 0.206011952 0.381509398 0 0 0
NT 5301 -0.33110756 0.243630892 0.0421174411 0 0 0
NT 5309 -0.144020839 -0.333455921 0.0309273192 0 0 0
NT 5315 0.217877913 0.502366163 0.0288316253 0 0 0
NT 5336 -0.373218608 0.394808226 0.0455851574 0 0 0
NT 5341 0.0454397393 -0.0143247953 0.0362028453 0 0 0
NT 5345 -0.407772354 0.281198491 0.0358707168 0 0 0
NT 5350 -0.344792014 -0.621621055 0.0267107121 0 0 0
NT 5355 -0.354248053 -0.185874109 0.0328733065 0 0 0
NT 5366 0.445532013 0.24544603 0.0317917191 0 0 0
NT 5374 -0.421851563 -0.423677084 0.0390152333 0 0 0
NT 5375 0.769754871 0.612263275 0.136167806 0 0 0
NT 5386 0.339330621 -0.0166278236 0.0335200458 0 0 0
NT 5393 0.437107779 0.089382939 0.0340196455 0 0 0
NT 5423 -0.97886012 -0.197866491 0.225145824 0 0 0
NT 5428 0.254616959 -0.146907109 0.0262129785 0 0 0
NT 5440 -0.354157808 0.731929731 0.0420819515 0 0 0
NT 5452 -0.507418224 0.245092034 0.0363644455 0 0 0
NT 5470 0.291340771 -0.112769643 0.029052812 0 0 0
NT 5474 0.308547822 -0.559942992 0.0442673368 0 0 0
NT 5486 0.261872073 -0.139209666 0.0296202317 0 0 0
NT 5505 -0.251704899 -0.322590185 0.0359954124 0 0 0
NT 5507 0.622296044 -0.133890374 0.0397501657 0 0 0
NT 5512 -0.0572287283 0.545646366 0.0441683233 0 0 0
NT 5522 0.470268894 -0.17912302 0.0405928293 0 0 0
NT 5529 0.670882776 0.337553054 0.0406886214 0 0 0
NT 5533 -0.119129631 -0.136509302 0.0437917904 0 0 0
NT 5553 -0.555520339 -0.678840956 0.0176923646 0 0 0
NT 5559 -0.395989543 0.331495627 0.0372266736 0 0 0
NT 5573 0.258084748 -0.26359237 0.0449058493 0 0 0
NT 5577 -0.238443541 0.536935498 0.0370834072 0 0 0
NT 5579 -0.157061669 0.549601336 0.0451237899 0 0 0
NT 5580 0.326743788 -0.563242252 0.0300817545 0 0 0
NT 5616 0.0325402657 0.0291340358 0.0274159487 0 0 0
NT 5630 0.0783044594 -0.120277476 0.0334039156 0 0 0
NT 5638 -0.116478749 0.631582156 0.0290205683 0 0 0
NT 5656 0.442566898 0.559154285 0.0405353205 0 0 0
NT 5674 0.102874354 0.0204536643 0.0360390512 0 0 0
NT 5702 0.469026203 -0.197890642 0.0371563655 0 0 0
NT 5703 0.0538159001 0.0354123161 0.0445352405 0 0 0
NT 5715 -0.19591225 -0.0546681808 0.0345826239 0 0 0
NT 5720 0.247591206 -0.218748754 0.0310786295 0 0 0
NT 5725 -0.54491465 0.499235109 0.0264408012 0 0 0
NT 5729 -0.2223501 0.787364403 0.0332632485 0 0 0
NT 5748 -0.310233679 -0.173282731 0.0407285147 0 0 0
NT 5759 0.0654660853 -0.0468585651 0.0452090673 0 0 0
NT 5768 -0.00687648695 0.613395777 0.030639732 0 0 0
NT 5774 -0.0802799785 0.246219779 0.044472005 0 0 0
NT 5775 0.0994546142 -0.0559856244 0.025661558 0 0 0
NT 5800 -0.263434324 0.0588050546 0.041191248 0 0 0
NT 5804 -0.359926596 0.190815692 0.0273153356 0 0 0
NT 5806 -0.503185652 0.0239750843 0.0382684004 0 0 0
NT 5807 -0.232937163 -0.141829357 0.0301937348 0 0 0
NT 5823 0.515248314 0.449460382 0.0279787539 0 0 0
NT 5824 0.159671788 -0.117712956 0.0341748188 0 0 0
NT 5826 0.228812654 -0.0481024681 0.0302143846 0 0 0
NT 5855 -0.898059413 -0.274742821 0.409345415 0 0 0
NT 5870 0.207996404 0.974054098 -0.0554828998 0 0 0
NT 5885 -0.464968628 -0.400014716 0.031409756 0 0 0
NT 5890 -0.861999176 0.0163509682 0.0143715931 0 0 0
NT 5896 -0.178683989 -0.0914230324 0.0345271151 0 0 0
NT 5897 -0.180033593 -0.314519779 0.0425753608 0 0 0
NT 5905 0.603563128 0.452231579 0.0398767885 0 0 0
NT 5908 0.0344762248 -0.336099883 0.0442736203 0 0 0
NT 5912 0.537909416 0.14239111 0.0336710259 0 0 0
NT 5919 0.250038278 -0.142750729 0.0464956257 0 0 0
NT 5920 0.474333628 0.327892026 0.0443890803 0 0 0
NT 5925 0.241087517 0.34557261 0.0436473869 0 0 0
NT 5930 0.735025475 -0.571727316 -0.031941758 0 0 0
NT 5941 0.587408797 -0.0478807627 0.0423397039 0 0 0
NT 5944 -0.47853546 0.0345012877 0.0407050453 0 0 0
NT 5952 0.53771511 0.276464145 0.0254234015 0 0 0
NT 5955 -0.20733544 0.352284696 0.0285211526 0 0 0
NT 5966 -0.259485758 -0.482717423 0.025516483 0 0 0
NT 5989 -0.830129023 -0.243096381 -0.0015443578 0 0 0
NT 6007 -0.370630723 -0.573455698 0.039952869 0 0 0
NT 6008 -0.0665700529 0.567548268 0.0291357809 0 0 0
NT 6011 -0.314127929 -0.152123675 0.0388422799 0 0 0
NT 6012 -0.253197193 0.114727587 0.0411424308 0 0 0
NT 6025 0.345260857 -0.494660574 0.0374441093 0 0 0
NT 6035 -0.0700726058 0.238374236 0.0380116948 0 0 0
NT 6038 -0.0216866653 -0.61305628 0.0410048835 0 0 0
NT 6051 0.042647268 0.156485262 0.042564415 0 0 0
NT 6073 -0.654678987 0.26335956 0.0457143401 0 0 0
NT 6094 0.266680771 -0.115552042 0.0447145314 0 0 0
NT 6095 0.0276900387 -0.266949065 0.0278066072 0 0 0
NT 6123 0.0965408124 0.377544181 0.0351873729 0 0 0
NT 6151 0.731627338 0.294052425 0.0452797072 0 0 0
NT 6154 0.12389561 -0.235437414 0.0297935197 0 0 0
NT 6169 0.293220274 0.396934092 0.0271455136 0 0 0
NT 6176 0.426790404 0.31897815 0.0437852124 0 0 0
NT 6200 -0.711600377 0.688673736 0.293313644 0 0 0
NT 6205 0.116905971 -0.441135138 0.0288514404 0 0 0
NT 6237 0.161210701 0.211224302 0.0293936695 0 0 0
NT 6263 -0.259476687 -0.26248763 0.0428399962 0 0 0
NT 6283 -0.160456195 -0.646779761 0.0392275601 0 0 0
NT 6286 -0.15797628 -0.165255443 0.0367891413 0 0 0
NT 6320 -0.0380861002 0.411837374 0.0453398025 0 0 0
NT 6352 -0.193357095 -0.619697589 0.0273164554 0 0 0
NT 6364 0.180255081 0.466705902 0.0291008122 0 0 0
NT 6369 0.393344258 -0.224368313 0.0312483455 0 0 0
NT 6397 -0.431015143 -0.503325204 0.0425407408 0 0 0
NT 6407 -0.284474018 0.0960702248 0.0329308615 0 0 0
NT 6414 -0.86771171 0.119585288 0.11345194 0 0 0
NT 6433 0.000603019416 -0.15315257 0.0354452788 0 0 0
NT 6434 0.739029019 0.327103482 0.0330713489 0 0 0
NT 6435 -0.480775982 0.752127067 -0.0611642188 0 0 0
NT 6445 -0.810668613 0.17965938 -1.00321898 0 0 0
NT 6450 0.547407265 -0.0156049505 0.0422559948 0 0 0
NT 6480 0.331057597 0.856143879 -0.317486612 0 0 0
NT 6483 0.640576113 0.500840628 0.0427120176 0 0 0
NT 6486 0.0727718987 -0.372511703 0.0349275491 0 0 0
NT 6502 -0.383563055 0.516759003 0.0346033032 0 0 0
NT 6528 0.534621375 0.173757322 0.0352625581 0 0 0
NT 6533 0.948293245 0.109694005 0.0903589523 0 0 0
NT 6561 -0.197253514 0.0165416214 0.031012777 0 0 0
NT 6579 -0.303668947 -0.301914587 0.0441650226 0 0 0
NT 6588 0.372565144 0.482834944 0.0329661899 0 0 0
NT 6598 0.176236043 -0.323337768 0.0424389128 0 0 0
NT 6609 0.121140853 -0.251901502 0.0333737153 0 0 0
NT 6611 0.239752344 -0.804077896 0.0435560759 0 0 0
NT 6613 -0.00232213021 -0.253419536 0.036121763 0 0 0
NT 6615 0.605666651 -0.256768408 0.0367224251 0 0 0
NT 6643 0.343434403 0.000989301969 0.03451692 0 0 0
NT 6645 0.169579328 -0.236459353 0.0325107888 0 0 0
NT 6649 -0.670531481 -0.542302113 0.0882859872 0 0 0
NT 6653 -0.855955164 0.40862371 0.0057323499 0 0 0
NT 6675 0.336966283 0.510412643 0.0368894846 0 0 0
NT 6682 -0.85815951 0.0644749441 -0.046256507 0 0 0
NT 6693 -0.21136331 0.123843187 0.0305040955 0 0 0
NT 6708 -0.300058932 0.308433068 0.0318395384 0 0 0
NT 6710 -0.00157912179 0.470644976 0.0451130105 0 0 0
NT 6721 -0.24030657 -0.0410742026 0.0340654069 0 0 0
NT 6735 -0.940943598 0.259524248 0.222272246 0 0 0
NT 6750 -0.220373799 0.333770751 0.0462628486 0 0 0
NT 6751 -0.0599513706 -0.258109289 0.0384543592 0 0 0
NT 6754 0.300735578 -0.365650861 0.0428659416 0 0 0
NT 6804 -0.350058806 -0.251447006 0.026970353 0 0 0
NT 6827 -0.432555131 -0.478669769 0.0283776603 0 0 0
NT 6849 -0.34458123 0.452239578 0.0291650402 0 0 0
NT 6850 -0.60129065 0.351076955 0.0287254713 0 0 0
NT 6871 -0.156075833 -0.319561321 0.0398147214 0 0 0
NT 6876 0.233241868 0.29029635 0.0427502674 0 0 0
NT 6878 -0.00583355152 0.145440963 0.0344300402 0 0 0
NT 6885 -0.209645149 0.0167212211 0.0328990741 0 0 0
NT 6895 0.458357204 -0.0764384493 0.0328607649 0 0 0
NT 6913 0.513095423 -0.17368571 0.0276546948 0 0 0
NT 6936 0.0347265807 -0.385788491 0.0389163874 0 0 0
NT 6937 0.324990641 0.513273224 0.0266244707 0 0 0
NT 6948 0.0793185242 0.562932275 0.0456040605 0 0 0
NT 6971 0.280507813 0.0844036742 0.0401311547 0 0 0
NT 6974 -0.0826308784 -0.191012379 0.0416735778 0 0 0
NT 6975 0.438243483 -0.241221016 0.0408117588 0 0 0
NT 6977 -0.270200866 -0.263026758 0.0445750565 0 0 0
NT 6987 0.25740489 -0.218125378 0.0334873081 0 0 0
NT 6988 0.374105434 -0.00215449811 0.0340991551 0 0 0
NT 6998 -0.244658057 -0.0963190071 0.0282632155 0 0 0
NT 7015 0.140614037 -0.122374397 0.0254704596 0 0 0
NT 7032 -0.0294821402 0.583431631 0.0450635467 0 0 0
NT 7037 0.0768768591 -0.256161192 0.0373024213 0 0 0
NT 7042 0.604882205 0.20124482 0.0407259661 0 0 0
NT 7047 0.300816464 0.0811375524 0.036894991 0 0 0
NT 7088 0.157386354 -0.0439920355 0.0332595698 0 0 0
NT 7092 -0.495093694 -0.578136734 0.0262484694 0 0 0
NT 7100 -0.0375522919 -0.424150596 0.0460021432 0 0 0
NT 7108 -0.246074424 -0.295583255 0.0419894905 0 0 0
NT 7119 0.168743453 0.494873637 0.0392269879 0 0 0
NT 7122 -0.0718547608 0.385472228 0.039566938 0 0 0
NT 7130 0.171174273 0.390401058 0.0441532458 0 0 0
NT 7137 0.450119721 0.242237715 0.0297725407 0 0 0
NT 7147 -0.215674657 -0.648167968 0.0280313478 0 0 0
NT 7151 -0.71111574 -0.541381107 0.0338316755 0 0 0
NT 7182 0.463886083 -0.142042242 0.0285554422 0 0 0
NT 7185 0.592345023 -0.720520103 -0.400502507 0 0 0
NT 7197 0.442906726 0.172489594 0.0254308358 0 0 0
NT 7203 0.461828275 -0.584222654 0.0317977625 0 0 0
NT 7208 -0.286879699 0.201931246 0.0366023967 0 0 0
NT 7209 0.072306622 -0.516015398 0.0330668378 0 0 0
NT 7224 0.0289899142 -0.229994375 0.034118673 0 0 0
NT 7226 0.348052787 -0.311167745 0.0287523884 0 0 0
NT 7228 0.186933541 -0.0357000771 0.0357836605 0 0 0
NT 7235 -0.0244797878 -0.414610598 0.0250149509 0 0 0
NT 7237 0.504515958 -0.582141438 0.0270961224 0 0 0
NT 7268 0.195876835 0.341651413 0.0308251388 0 0 0
NT 7270 0.0738236756 0.49948704 0.0362135977 0 0 0
NT 7279 0.260214831 -0.221938307 0.0347745089 0 0 0
NT 7289 0.0644138117 0.490185972 0.0370526916 0 0 0
NT 7292 0.477798198 -0.4183563 0.0264068704 0 0 0
NT 7299 -0.319048357 -0.0352495608 0.0300849172 0 0 0
NT 7305 -0.276805204 -0.0927452113 0.035819596 0 0 0
NT 7330 -0.368060764 0.203992947 0.0258921006 0 0 0
NT 7338 0.202901087 0.272378375 0.027697991 0 0 0
NT 7345 -0.340270926 0.163747459 0.044985309 0 0 0
NT 7365 0.000438593801 -0.255186884 0.0276141629 0 0 0
NT 7369 -0.932670377 0.00817722922 0.17478069 0 0 0
NT 7370 -0.23261307 0.358837368 0.0329467211 0 0 0
NT 7373 -0.453697451 -0.54130192 0.0444560661 0 0 0
NT 7384 -0.153110229 -0.436403266 0.0304035173 0 0 0
NT 7406 0.235530616 -0.292165326 0.0401093591 0 0 0
NT 7419 -0.536127215 0.313434638 0.0389371687 0 0 0
NT 7428 -0.551218204 0.272672142 0.0419006018 0 0 0
NT 7435 -0.252149055 0.563153379 0.0329834511 0 0 0
NT 7460 0.31410685 -0.332508331 0.0447080418 0 0 0
NT 7467 -0.296235029 -0.385001781 0.0376320878 0 0 0
NT 7489 0.198593806 0.187334877 0.031580706 0 0 0
NT 7499 0.156648291 -0.18369122 0.0423052396 0 0 0
NT 7501 -0.446113461 -0.225432104 0.0337928177 0 0 0
NT 7512 -0.386681593 0.268667802 0.0460825395 0 0 0
NT 7573 0.138414262 -0.427734418 0.0331871873 0 0 0
NT 7589 0.390693777 0.207635271 0.0326943339 0 0 0
NT 7590 0.661024899 -0.0232300232 0.0435923012 0 0 0
NT 7591 0.200485774 0.343670623 0.0406568898 0 0 0
NT 7593 -0.315980994 0.4240676 0.029772672 0 0 0
NT 7607 -0.422884013 -0.0557232045 0.0351330002 0 0 0
NT 7647 0.14338965 0.199765172 0.0413578088 0 0 0
NT 7651 -0.291971553 -0.0375245527 0.0387294509 0 0 0
NT 7667 -0.363926566 -0.182466974 0.0450153771 0 0 0
NT 7681 -0.118785018 0.432013845 0.0391267168 0 0 0
NT 7687 -0.920787392 -0.295802222 -0.121986373 0 0 0
NT 7690 -0.327035396 -0.431748577 -0.886238727 0 0 0
NT 7703 -0.06021284 0.133167923 0.0392688874 0 0 0
NT 7749 -0.0732638288 -0.412927988 0.043918902 0 0 0
NT 7752 -0.919242662 -0.390870082 -0.268067441 0 0 0
NT 7803 0.727450592 -0.392160747 0.0409605107 0 0 0
NT 7809 0.359976267 0.103539313 0.0392629804 0 0 0
NT 7821 -0.0105281239 0.227462291 0.0462163579 0 0 0
NT 7826 -0.126361001 0.276035292 0.0338885151 0 0 0
NT 7844 -0.259911165 -0.086780951 0.0402614325 0 0 0
NT 7850 -0.0514530704 0.514523789 0.0360247596 0 0 0
NT 7857 0.554722512 0.224818543 0.0286759039 0 0 0
NT 7872 0.212978254 -0.804756014 0.0436982694 0 0 0
NT 7881 -0.247813287 0.212802381 0.0283668714 0 0 0
NT 7883 0.435297029 0.190571552 0.0415797963 0 0 0
NT 7896 0.368534058 0.376616858 0.034431473 0 0 0
NT 7897 -0.360439399 -0.577298768 0.0414552799 0 0 0
NT 7900 0.156042688 -0.398487893 0.028881522 0 0 0
NT 7918 -0.358670097 0.227666951 0.0447556477 0 0 0
NT 7925 -0.21059456 -0.147932045 0.0397909131 0 0 0
NT 7942 -0.557925215 0.157086049 0.0422576325 0 0 0
NT 7958 -0.134246113 0.255180845 0.0273089847 0 0 0
NT 7983 0.280660803 -0.0585932199 0.0393943032 0 0 0
NT 8008 0.147438067 0.88106062 -0.133265307 0 0 0
NT 8033 0.880958169 -0.184251581 0.435990574 0 0 0
NT 8042 -0.235931753 -0.332733801 0.0295949779 0 0 0
NT 8045 -0.0862872916 0.264574087 0.0319228025 0 0 0
NT 8067 0.693442349 -0.645379538 0.0682665665 0 0 0
NT 8096 0.109823494 0.318395415 0.0295552192 0 0 0
NT 8127 0.26516472 -0.561522593 0.0336522882 0 0 0
NT 8136 0.456495404 -0.428241769 0.0276495988 0 0 0
NT 8155 -0.113015119 0.358126637 0.0436262671 0 0 0
NT 8157 -0.212277008 -0.377402249 0.0279745029 0 0 0
NT 8172 0.822058134 0.138048593 0.0323190009 0 0 0
NT 8183 0.221121443 0.424626082 0.0380118283 0 0 0
NT 8195 0.51140482 0.728423331 0.199998379 0 0 0
NT 8198 -0.257293244 0.287362631 0.0290655257 0 0 0
NT 8200 0.493111038 -0.0690161454 0.0455487255 0 0 0
NT 8225 -0.0823289033 0.0875649621 0.0331815921 0 0 0
NT 8226 -0.232411547 -0.299997773 0.0443976909 0 0 0
NT 8240 -0.0181057447 -0.353523003 0.0403382145 0 0 0
NT 8254 0.116273765 0.20639642 0.0436494044 0 0 0
NT 8257 0.541712309 0.634278209 0.039682881 0 0 0
NT 8272 0.112979302 -0.289286199 0.0336379696 0 0 0
NT 8273 -0.345363341 0.103476904 0.0338914535 0 0 0
NT 8277 0.322365819 0.444903138 0.0279820873 0 0 0
NT 8278 0.0566981081 0.884228697 -0.00688791172 0 0 0
NT 8279 0.913317319 -0.179775195 0.0483287084 0 0 0
NT 8294 -0.226128722 0.111862261 0.0356489953 0 0 0
NT 8295 -0.31872032 -0.0758190489 0.0258083486 0 0 0
NT 8312 -0.0217683788 0.116923639 0.0393405033 0 0 0
NT 8330 -0.679643516 -0.345056394 0.0312832793 0 0 0
NT 8338 -0.377363188 -0.110670747 0.0352616129 0 0 0
NT 8353 0.578220111 -0.277957682 0.0279099312 0 0 0
NT 8358 0.517756315 -0.498448335 0.0294314611 0 0 0
NT 8360 -0.0292859973 0.214132771 0.0429929923 0 0 0
NT 8368 -0.203840523 -0.159172626 0.0342183848 0 0 0
NT 8369 0.0818906048 -0.0472821914 0.0350338926 0 0 0
NT 8370 0.448049075 0.166034039 0.0433450379 0 0 0
NT 8424 0.64945743 0.478175996 0.0301156447 0 0 0
LGIC_C 399 0.60667416 -0.180510077 0.025014019 -4.96100802e-08 3.14742968e-08 1
LGIC_C 397 -0.684734229 0.251955701 0.0250140152 4.34088259e-08 -8.63455061e-09 1
LGIC_C 396 0.286654409 0.409686014 0.0250140068 1.3130701e-08 4.82586573e-08 -1
LGIC_C 395 0.335273394 0.450978131 0.0250140094 1.3130701e-08 4.82586573e-08 -1
LGIC_C 394 0.41936132 0.646779333 0.0250140174 -2.45891309e-08 -3.68002211e-08 1
LGIC_C 393 -0.0311682641 -0.30925304 0.0250139969 8.63456455e-09 4.34088336e-08 1
LGIC_C 392 -0.1903001 -0.582297209 0.0250140066 -2.90231482e-08 4.96101036e-08 1
LGIC_C 390 0.570294213 0.0242783601 0.0250140114 -4.96100869e-08 6.3366408e-09 1
LGIC_C 389 0.35260739 -0.36413655 0.0250140127 -3.27854948e-08 4.90669785e-08 1
LGIC_C 388 -0.0282815824 0.446804468 0.0250140063 -3.14742797e-08 4.96100914e-08 -1
LGIC_C 387 0.544454744 -0.236475114 0.025014013 -3.37890406e-08 4.80634332e-08 1
LGIC_C 386 0.497996819 -0.467170836 0.025014013 -3.68002179e-08 2.45891393e-08 1
LGIC_C 383 0.347371969 -0.507261714 0.0250140195 -3.27854948e-08 4.90669785e-08 1
LGIC_C 382 0.552171675 -0.290178728 0.0250140158 -3.37890406e-08 4.80634332e-08 1
LGIC_C 381 0.0270194189 0.664407173 0.0250140161 -6.33660387e-09 4.96100877e-08 -1
LGIC_C 380 0.0912737824 0.603154834 0.0250140141 -9.86806672e-09 -4.96100854e-08 1
LGIC_C 379 -0.00562445486 -0.484195554 0.0250140073 9.8680833e-09 4.96100963e-08 1
LGIC_C 378 -0.634660383 0.0948478318 0.025014012 4.96100851e-08 2.90231542e-08 1
LGIC_C 377 0.308244165 0.15316647 0.0250139984 -3.68002282e-08 -2.45891172e-08 1
LGIC_C 376 0.390692696 0.356734676 0.0250140097 -4.20574004e-08 -2.81018564e-08 1
LGIC_C 374 0.0361070699 -0.213713647 0.0250139936 6.33663526e-09 4.9610097e-08 1
LGIC_C 373 -0.588853211 0.508853173 0.0250140175 3.68002297e-08 -2.45891157e-08 1
LGIC_C 372 -0.0597109785 0.46021143 0.0250140038 8.63455111e-09 -4.34088279e-08 1
LGIC_C 371 0.199800849 0.0729913548 0.0250139925 -4.34088272e-08 -8.63453573e-09 1
LGIC_C 370 -0.398220609 -0.58810283 0.0250140147 2.45891453e-08 3.68002268e-08 1
LGIC_C 369 -0.0965198989 -0.602036964 0.0250140103 -2.90231482e-08 4.96101036e-08 1
LGIC_C 368 -0.1170462 -0.316803574 0.0250139999 2.48392553e-08 4.34088306e-08 1
LGIC_C 367 0.395663055 -0.111653893 0.0250140032 -4.34088182e-08 2.48392526e-08 1
LGIC_C 365 0.597238941 -0.306601296 0.025014017 -4.20573976e-08 2.81018683e-08 1
LGIC_C 363 -0.348944552 0.449061883 0.0250140095 1.31306824e-08 -4.82586643e-08 1
LGIC_C 362 -0.462804101 -0.11026453 0.025014003 -4.96100919e-08 2.90231703e-08 -1
LGIC_C 361 0.593776881 -0.177429717 0.0250140144 -4.96100859e-08 9.86807898e-09 1
LGIC_C 360 -0.512606477 0.453476131 0.0250140133 3.68002297e-08 -2.45891157e-08 1
LGIC_C 359 -0.264659458 0.198630454 0.0250139999 6.28881943e-09 -7.55636452e-08 1
LGIC_C 358 0.0327253834 -0.0248943719 0.0250139856 -4.90669481e-08 3.27855328e-08 1
LGIC_C 357 0.758953186 0.154447471 0.0250140199 -4.96100869e-08 6.3366408e-09 1
LGIC_C 356 0.128866755 0.687711463 0.0250140142 -8.63455884e-09 -4.34088253e-08 1
LGIC_C 355 0.0683540005 -0.564450273 0.0250140152 1.00935263e-08 5.7878447e-08 1
LGIC_C 354 0.132311174 0.182685538 0.0250139947 -2.81018716e-08 -4.20573923e-08 1
LGIC_C 353 -0.353322632 0.173202525 0.025014003 4.20574045e-08 -2.81018523e-08 1
LGIC_C 352 -0.203355123 -0.284716985 0.025014 3.95603082e-08 3.05989652e-08 1
LGIC_C 350 -0.260273931 0.371295804 0.0250140033 2.45891128e-08 -3.68002333e-08 1
LGIC_C 349 -0.196159848 -0.511557397 0.0250140029 -2.90231482e-08 4.96101036e-08 1
LGIC_C 347 0.48090367 -0.187070917 0.0250140089 -4.96100859e-08 9.86807898e-09 1
LGIC_C 346 0.341829123 0.3046416 0.0250140033 -3.68002282e-08 -2.45891172e-08 1
LGIC_C 344 -0.132110251 0.0310869035 0.0250139894 5.7878425e-08 4.89846948e-08 1
LGIC_C 343 0.277299995 0.457217014 0.025014009 1.3130701e-08 4.82586573e-08 -1
LGIC_C 342 -0.835463637 -0.0089876469 0.0250140193 -4.34088282e-08 2.70157287e-08 -1
LGIC_C 341 -0.0438234804 -0.73564017 0.0250140156 8.63456455e-09 4.34088336e-08 1
LGIC_C 339 0.146522338 -0.182095835 0.0250139939 -1.31306721e-08 4.82586744e-08 1
LGIC_C 338 -0.194034337 0.306412858 0.0250139993 2.45891128e-08 -3.68002333e-08 1
LGIC_C 337 -0.0304821623 -0.0117978357 0.0250139845 5.7878436e-08 -4.89847332e-08 1
LGIC_C 336 -0.768281131 0.0169833591 0.025014017 4.34088279e-08 -2.48392273e-08 1
LGIC_C 335 0.184678415 0.553954107 0.0250140096 -6.33660387e-09 4.96100877e-08 -1
LGIC_C 334 0.250083749 0.808044879 0.0250140205 -8.63455884e-09 -4.34088253e-08 1
LGIC_C 333 0.476112796 0.171676522 0.0250140054 -4.34088272e-08 -8.63453573e-09 1
LGIC_C 332 -0.036287322 -0.374506631 0.0250140022 9.8680833e-09 4.96100963e-08 1
LGIC_C 331 0.229483513 -0.0716601744 0.025013995 -4.34088182e-08 2.48392526e-08 1
LGIC_C 330 0.386109025 -0.0207681105 0.025014003 -4.96100802e-08 3.14742968e-08 1
LGIC_C 329 0.575218425 -0.21725259 0.0250140139 -4.96100859e-08 9.86807898e-09 1
LGIC_C 328 -0.388487198 0.0173363462 0.0250140006 4.34088279e-08 -2.48392273e-08 1
LGIC_C 327 -0.278502085 -0.0267899966 0.0250139963 -4.96100919e-08 2.90231703e-08 -1
LGIC_C 326 0.170849076 0.640244453 0.0250140139 -6.33660387e-09 4.96100877e-08 -1
LGIC_C 325 0.453939465 0.620926164 0.0250140173 -2.45891309e-08 -3.68002211e-08 1
LGIC_C 324 0.0185683735 0.69580569 0.0250140177 -6.33660387e-09 4.96100877e-08 -1
LGIC_C 323 -0.327031953 -0.660583036 0.0250140202 2.81018674e-08 4.20574117e-08 1
LGIC_C 322 0.507849713 0.223680455 0.0250140107 -4.82586616e-08 -1.31306776e-08 1
LGIC_C 321 0.570584956 -0.269122933 0.0250140154 -3.37890406e-08 4.80634332e-08 1
LGIC_C 320 0.457351829 0.569794303 0.0250140201 -2.81018716e-08 -4.20573923e-08 1
LGIC_C 319 -0.474386361 -0.049768696 0.0250140025 -4.34088282e-08 2.70157287e-08 -1
LGIC_C 318 -0.190166461 -0.328859843 0.0250139986 -5.56021111e-08 -1.45571543e-08 -1
LGIC_C 317 -0.362146405 -0.255286177 0.0250140029 3.68002489e-08 2.45891179e-08 1
LGIC_C 316 -0.202658394 -0.206282424 0.0250139976 2.81018674e-08 4.20574117e-08 1
LGIC_C 315 -0.0810518672 0.00968632234 0.0250139874 4.96100897e-08 -9.86805572e-09 1
LGIC_C 314 -0.258424466 0.496111205 0.0250140079 2.45891128e-08 -3.68002333e-08 1
LGIC_C 313 0.666753489 0.363048653 0.0250140167 -3.68002282e-08 -2.45891172e-08 1
LGIC_C 312 0.30628525 0.222983064 0.0250140024 -4.20574004e-08 -2.81018564e-08 1
LGIC_C 311 0.571703522 0.620462662 0.0250140201 -2.45891309e-08 -3.68002211e-08 1
LGIC_C 310 0.0926912669 0.780342066 0.0250140179 -8.63455884e-09 -4.34088253e-08 1
LGIC_C 309 0.136824837 0.0720285085 0.0250139901 -3.68002282e-08 -2.45891172e-08 1
LGIC_C 308 0.63672818 -0.281418968 0.0250140136 -3.68002179e-08 2.45891393e-08 1
LGIC_C 307 -0.423075789 0.260839567 0.0250140071 -4.82586679e-08 1.31306769e-08 -1
LGIC_C 306 0.180387447 0.102961407 0.0250139943 3.37890593e-08 4.80634111e-08 -1
LGIC_C 305 -0.447544771 0.212824003 0.025014005 3.68002297e-08 -2.45891157e-08 1
LGIC_C 304 -0.132468242 0.38179736 0.0250140014 -6.33661298e-09 -4.96100859e-08 1
LGIC_C 303 -0.042235496 0.388646986 0.025014003 9.86805557e-09 -4.96100883e-08 1
LGIC_C 302 0.421369703 0.331323647 0.0250140103 -4.20574004e-08 -2.81018564e-08 1
LGIC_C 301 0.103114247 0.357741893 0.0250139997 -8.63455884e-09 -4.34088253e-08 1
LGIC_C 300 0.405017326 -0.0505349688 0.0250140021 -4.34088182e-08 2.48392526e-08 1
LGIC_C 299 -0.105017648 -0.313190743 0.0250139998 9.8680833e-09 4.96100963e-08 1
LGIC_C 298 0.0969287364 -0.499358204 0.025014009 -9.86804037e-09 4.96101e-08 1
LGIC_C 297 0.0100657087 0.366568349 0.0250139993 -8.63455884e-09 -4.34088253e-08 1
LGIC_C 296 0.508876374 0.278747079 0.0250140125 -4.20574004e-08 -2.81018564e-08 1
LGIC_C 295 -0.177177327 0.115462039 0.0250139931 6.28881943e-09 -7.55636452e-08 1
LGIC_C 294 0.0480919139 -0.202170105 0.0250139955 -1.15127059e-08 5.78784511e-08 1
LGIC_C 293 -0.667285621 -0.0606434276 0.0250140146 -4.96100919e-08 2.90231703e-08 -1
LGIC_C 292 0.437448066 0.461202163 0.0250140149 -2.81018716e-08 -4.20573923e-08 1
LGIC_C 291 -0.515149067 0.447677952 0.0250140132 3.68002297e-08 -2.45891157e-08 1
LGIC_C 290 -0.371030926 -0.509434681 0.0250140151 2.81018674e-08 4.20574117e-08 1
LGIC_C 289 0.0332519364 0.0209653304 0.025013985 -3.68002282e-08 -2.45891172e-08 1
LGIC_C 288 0.0198222054 -0.335483377 0.0250139998 6.33663526e-09 4.9610097e-08 1
LGIC_C 287 -0.0524644275 -0.163256305 0.0250139908 8.63456455e-09 4.34088336e-08 1
LGIC_C 286 -0.542075104 0.0129485459 0.0250140098 4.96100851e-08 2.90231542e-08 1
LGIC_C 284 0.263575572 -0.746665208 0.0250140179 -8.63454093e-09 4.34088369e-08 1
LGIC_C 283 -0.268263727 -0.466434775 0.0250140065 7.55636799e-08 6.2887973e-09 1
LGIC_C 282 -0.245064131 -0.449676422 0.0250140067 3.95603082e-08 3.05989652e-08 1
LGIC_C 281 0.362165487 0.58556242 0.0250140204 -4.80634192e-08 -3.37890445e-08 1
LGIC_C 280 -0.287717715 -0.141523825 0.0250139953 1.45571809e-08 5.5602105e-08 1
LGIC_C 279 0.085939795 -0.0850543489 0.0250139885 -3.68002179e-08 2.45891393e-08 1
LGIC_C 278 0.31114655 0.253606069 0.0250140009 -3.68002282e-08 -2.45891172e-08 1
LGIC_C 277 0.662349446 -0.122368822 0.0250140199 -4.96100802e-08 3.14742968e-08 1
LGIC_C 276 -0.161098893 -0.52504273 0.0250140046 -2.90231482e-08 4.96101036e-08 1
LGIC_C 275 0.0172141813 -0.566049932 0.0250140112 6.33663526e-09 4.9610097e-08 1
LGIC_C 274 -0.34164769 0.346382943 0.0250140044 2.45891128e-08 -3.68002333e-08 1
LGIC_C 272 -0.408539728 0.27599051 0.0250140066 -4.82586679e-08 1.31306769e-08 -1
LGIC_C 271 -0.495017049 -0.439771106 0.0250140123 3.68002489e-08 2.45891179e-08 1
LGIC_C 269 -0.123299933 0.676092316 0.025014016 -6.33661298e-09 -4.96100859e-08 1
LGIC_C 268 -0.0914590484 -0.528346818 0.0250140068 -2.90231482e-08 4.96101036e-08 1
LGIC_C 267 -0.291612729 -0.278291967 0.025014003 1.45571809e-08 5.5602105e-08 1
LGIC_C 266 -0.141949136 -0.333883725 0.0250139991 3.95603082e-08 3.05989652e-08 1
LGIC_C 265 0.210705394 0.0546785462 0.0250139942 -4.96100911e-08 -9.86803575e-09 1
LGIC_C 264 0.457331077 -0.326326358 0.0250140081 -3.68002179e-08 2.45891393e-08 1
LGIC_C 263 -0.675769765 -0.217393383 0.0250140067 -4.34088282e-08 2.70157287e-08 -1
LGIC_C 262 -0.339395901 0.343799508 0.0250140043 1.31306824e-08 -4.82586643e-08 1
LGIC_C 261 0.0686895012 0.597036476 0.0250140098 -8.63455884e-09 -4.34088253e-08 1
LGIC_C 260 -0.0382403978 -0.628817319 0.0250140148 9.8680833e-09 4.96100963e-08 1
LGIC_C 259 0.217987541 -0.317597661 0.025014006 -3.27854948e-08 4.90669785e-08 1
LGIC_C 258 -0.323471704 0.571801677 0.0250140123 2.45891128e-08 -3.68002333e-08 1
LGIC_C 257 0.301353996 0.306007315 0.025014002 1.3130701e-08 4.82586573e-08 -1
LGIC_C 256 -0.322298064 0.521042588 0.0250140104 2.45891128e-08 -3.68002333e-08 1
LGIC_C 255 -0.769224113 -0.103621445 0.0250140139 -4.34088282e-08 2.70157287e-08 -1
LGIC_C 253 0.492720617 0.320529852 0.0250140112 -4.82586616e-08 -1.31306776e-08 1
LGIC_C 252 0.126708457 0.569788366 0.0250140155 -3.14742949e-08 -4.96100822e-08 1
LGIC_C 251 0.0312400106 0.672275594 0.0250140164 -6.33660387e-09 4.96100877e-08 -1
LGIC_C 250 0.237150894 0.512793835 0.025014012 -4.80634192e-08 -3.37890445e-08 1
LGIC_C 249 0.502461129 -0.00084755348 0.0250140082 -4.96100802e-08 3.14742968e-08 1
LGIC_C 248 0.0877975736 -0.103434036 0.0250139892 -2.45891087e-08 3.68002429e-08 1
LGIC_C 247 -0.496778032 0.642576782 0.0250140191 2.45891128e-08 -3.68002333e-08 1
LGIC_C 246 0.394273198 0.44088039 0.0250140092 -2.45891309e-08 -3.68002211e-08 1
LGIC_C 245 -0.496687588 -0.483200776 0.0250140173 1.45571809e-08 5.5602105e-08 1
LGIC_C 243 -0.671100879 0.264078953 0.0250140192 4.96100897e-08 -9.86805572e-09 1
LGIC_C 242 0.6294204 -0.306226135 0.0250140192 -3.37890406e-08 4.80634332e-08 1
LGIC_C 241 -0.0932945089 0.215383935 0.025013995 2.8101852e-08 -4.20574041e-08 1
LGIC_C 240 0.153535912 -0.181344231 0.0250139956 -1.28239349e-08 5.73353226e-08 1
LGIC_C 239 0.474378179 -0.30733518 0.0250140118 -4.20573976e-08 2.81018683e-08 1
LGIC_C 237 0.680365141 -0.00307910959 0.0250140171 -4.96100802e-08 3.14742968e-08 1
LGIC_C 236 0.284428037 -0.00724531527 0.0250139958 -4.34088182e-08 2.48392526e-08 1
LGIC_C 235 0.279964506 0.449064207 0.02501401 -2.81018716e-08 -4.20573923e-08 1
LGIC_C 234 -0.0649218434 -0.460503283 0.0250140038 8.63456455e-09 4.34088336e-08 1
LGIC_C 233 0.326234991 0.218223121 0.0250140018 -4.82586616e-08 -1.31306776e-08 1
LGIC_C 232 -0.266392778 0.802231364 0.0250140204 8.63455111e-09 -4.34088279e-08 1
LGIC_C 231 0.554091172 0.265068555 0.0250140147 3.37890593e-08 4.80634111e-08 -1
LGIC_C 230 -0.689980351 -0.196598554 0.0250140079 -4.34088282e-08 2.70157287e-08 -1
LGIC_C 229 -0.508256167 -0.0806401176 0.025014006 4.34088238e-08 8.63459484e-09 1
LGIC_C 228 0.284277387 -0.299203057 0.0250140014 -1.31306721e-08 4.82586744e-08 1
LGIC_C 227 -0.191875747 0.515251785 0.0250140073 8.63455111e-09 -4.34088279e-08 1
LGIC_C 226 0.389758796 -0.22789863 0.0250140032 -3.68002179e-08 2.45891393e-08 1
LGIC_C 225 0.190310073 -0.658128578 0.0250140134 -8.63454093e-09 4.34088369e-08 1
LGIC_C 224 -0.406050441 0.0507297927 0.0250140019 4.96100851e-08 2.90231542e-08 1
LGIC_C 223 0.247282329 0.407249272 0.0250140089 -4.80634192e-08 -3.37890445e-08 1
LGIC_C 222 -0.551218076 -0.157657834 0.025014006 -4.96100919e-08 2.90231703e-08 -1
LGIC_C 221 0.697535308 -0.408671723 0.0250140189 -3.68002179e-08 2.45891393e-08 1
LGIC_C 219 -0.210462026 -0.480385674 0.0250140063 3.95603082e-08 3.05989652e-08 1
LGIC_C 218 -0.276016988 0.38963018 0.0250140057 1.31306824e-08 -4.82586643e-08 1
LGIC_C 217 0.511869431 -0.409546138 0.0250140202 -3.37890406e-08 4.80634332e-08 1
LGIC_C 216 0.218280616 -0.171609964 0.0250139967 -3.05989503e-08 3.95603122e-08 1
LGIC_C 215 -0.468406592 -0.00196775066 0.0250140036 4.34088238e-08 8.63459484e-09 1
LGIC_C 214 0.44701959 -0.0743620659 0.0250140033 -4.34088226e-08 8.63456802e-09 1
LGIC_C 213 0.378788854 -0.410260002 0.0250140111 -2.81018481e-08 4.20574137e-08 1
LGIC_C 212 -0.340841918 -0.488522075 0.0250140093 -5.56021111e-08 -1.45571543e-08 -1
LGIC_C 210 0.0648178339 0.265609137 0.0250139971 -9.86806672e-09 -4.96100854e-08 1
LGIC_C 209 0.00478864159 -0.00394964415 0.0250139841 1.17760706e-07 -7.86852683e-08 -1
LGIC_C 208 -0.496163102 0.361589348 0.025014012 -4.82586679e-08 1.31306769e-08 -1
LGIC_C 207 -0.150795566 -0.41766921 0.025014 -4.89847109e-08 5.78784581e-08 1
LGIC_C 206 0.660891317 -0.39954537 0.0250140174 -3.68002179e-08 2.45891393e-08 1
LGIC_C 205 -0.0841611314 0.226676149 0.0250139953 9.86805557e-09 -4.96100883e-08 1
LGIC_C 203 -0.183764579 -0.031080026 0.0250139915 -4.96100919e-08 2.90231703e-08 -1
LGIC_C 202 -0.0172084216 -0.287911328 0.0250139962 2.48392553e-08 4.34088306e-08 1
LGIC_C 201 0.248472026 0.123176195 0.0250139972 -4.20574004e-08 -2.81018564e-08 1
LGIC_C 200 0.758848029 -0.314938949 0.0250140189 -3.68002179e-08 2.45891393e-08 1
LGIC_C 199 0.623744561 0.233499905 0.0250140127 -4.96100869e-08 6.3366408e-09 1
LGIC_C 198 0.543944963 0.00213320415 0.0250140069 -4.34088272e-08 -8.63453573e-09 1
LGIC_C 197 -0.243118571 -0.519644203 0.0250140083 2.45891453e-08 3.68002268e-08 1
LGIC_C 195 0.387830893 0.387905909 0.0250140105 -2.81018716e-08 -4.20573923e-08 1
LGIC_C 194 -0.711142002 0.354485426 0.0250140182 3.68002297e-08 -2.45891157e-08 1
LGIC_C 193 0.311995361 0.0988637682 0.0250139997 -4.96100911e-08 -9.86803575e-09 1
LGIC_C 192 -0.300372379 0.100191687 0.0250139972 4.34088259e-08 -8.63455061e-09 1
LGIC_C 191 -0.415137928 -0.236167134 0.0250140008 5.39043203e-09 6.47688584e-08 1
LGIC_C 190 0.327170748 -0.721506037 0.0250140178 -2.45891087e-08 3.68002429e-08 1
LGIC_C 189 -0.534611668 0.277062585 0.0250140135 4.20574045e-08 -2.81018523e-08 1
LGIC_C 188 -0.748571859 0.0992555717 0.0250140166 4.34088259e-08 -8.63455061e-09 1
LGIC_C 186 -0.578575107 -0.32620463 0.0250140075 5.39043203e-09 6.47688584e-08 1
LGIC_C 185 0.388548919 -0.134632165 0.0250140034 -4.34088182e-08 2.48392526e-08 1
LGIC_C 184 0.713820075 -0.0663644672 0.0250140159 -4.34088182e-08 2.48392526e-08 1
LGIC_C 183 0.661789536 0.33547523 0.0250140196 -4.82586616e-08 -1.31306776e-08 1
LGIC_C 181 -0.632637079 -0.291566525 0.0250140055 5.39043203e-09 6.47688584e-08 1
LGIC_C 180 -0.117986466 0.261322004 0.0250139976 2.8101852e-08 -4.20574041e-08 1
LGIC_C 179 -0.266409801 -0.161615811 0.0250139971 6.28883752e-09 7.55636663e-08 1
LGIC_C 178 0.056409423 -0.639908887 0.0250140146 6.33663526e-09 4.9610097e-08 1
LGIC_C 177 0.305223897 0.342460098 0.0250140062 -2.81018716e-08 -4.20573923e-08 1
LGIC_C 175 0.424988339 -0.26711898 0.0250140104 -3.37890406e-08 4.80634332e-08 1
LGIC_C 174 -0.0659840759 -0.507703278 0.0250140069 2.48392553e-08 4.34088306e-08 1
LGIC_C 173 0.677285931 0.329436339 0.0250140163 -3.68002282e-08 -2.45891172e-08 1
LGIC_C 172 0.33486133 0.155439351 0.025014002 3.37890593e-08 4.80634111e-08 -1
LGIC_C 171 -0.199351962 0.323030279 0.0250140043 1.28239438e-08 -5.73353116e-08 1
LGIC_C 169 0.639690452 -0.483728673 0.0250140187 -3.68002179e-08 2.45891393e-08 1
LGIC_C 168 -0.566591582 -0.241143661 0.0250140019 5.39043203e-09 6.47688584e-08 1
LGIC_C 167 -0.578756165 0.536420965 0.0250140178 3.68002297e-08 -2.45891157e-08 1
LGIC_C 166 -0.170410711 -0.693863197 0.0250140176 2.48392553e-08 4.34088306e-08 1
LGIC_C 165 -0.319668786 0.070628532 0.0250139971 4.96100851e-08 2.90231542e-08 1
LGIC_C 164 0.24820486 -0.602229343 0.0250140115 6.33663526e-09 4.9610097e-08 1
LGIC_C 163 0.394001179 -0.269322231 0.0250140074 -4.20573976e-08 2.81018683e-08 1
LGIC_C 162 0.467668169 0.00183034142 0.0250140065 -4.96100911e-08 -9.86803575e-09 1
LGIC_C 160 -0.312187362 -0.0670752626 0.025013995 -4.34088282e-08 2.70157287e-08 -1
LGIC_C 159 0.784420928 0.17127354 0.0250140188 -4.34088272e-08 -8.63453573e-09 1
LGIC_C 158 0.339432022 0.16607503 0.0250140027 3.37890593e-08 4.80634111e-08 -1
LGIC_C 157 -0.439175739 0.277032637 0.025014007 6.28881943e-09 -7.55636452e-08 1
LGIC_C 156 -0.241260344 0.0574886033 0.0250139942 4.34088259e-08 -8.63455061e-09 1
LGIC_C 155 -0.624530799 0.116378709 0.0250140114 4.34088259e-08 -8.63455061e-09 1
LGIC_C 154 0.146872937 0.516301706 0.0250140103 -9.86806672e-09 -4.96100854e-08 1
LGIC_C 153 0.180450058 -0.196004517 0.0250139968 -1.28239349e-08 5.73353226e-08 1
LGIC_C 152 0.251759981 0.593950085 0.0250140152 1.3130701e-08 4.82586573e-08 -1
LGIC_C 151 -0.0873858797 -0.722084231 0.0250140153 8.63456455e-09 4.34088336e-08 1
LGIC_C 150 0.421155992 0.157907403 0.0250140031 -4.96100869e-08 6.3366408e-09 1
LGIC_C 149 0.563403184 0.536767182 0.0250140172 -3.68002282e-08 -2.45891172e-08 1
LGIC_C 148 0.468882246 -0.106860749 0.0250140116 -5.78784275e-08 1.15127558e-08 1
LGIC_C 147 -0.348956256 -0.362865928 0.0250140052 2.45891453e-08 3.68002268e-08 1
LGIC_C 146 0.027648512 0.580160471 0.0250140119 -6.33660387e-09 4.96100877e-08 -1
LGIC_C 145 0.207110593 0.0217599219 0.0250139934 -4.96100869e-08 6.3366408e-09 1
LGIC_C 144 -0.453692289 -0.474569202 0.0250140154 -5.56021111e-08 -1.45571543e-08 -1
LGIC_C 142 -0.472396367 -0.562261849 0.0250140191 3.95603082e-08 3.05989652e-08 1
LGIC_C 141 0.457551649 0.141553919 0.0250140043 -4.34088272e-08 -8.63453573e-09 1
LGIC_C 140 0.428241045 0.555777119 0.0250140142 -2.45891309e-08 -3.68002211e-08 1
LGIC_C 139 0.113174028 -0.0187689651 0.0250139894 -4.96100802e-08 3.14742968e-08 1
LGIC_C 138 -0.698412358 -0.23536197 0.025014008 4.96100935e-08 -4.19869172e-08 1
LGIC_C 137 0.350472755 -0.335835003 0.0250140072 -3.05989503e-08 3.95603122e-08 1
LGIC_C 136 0.364818617 -0.258669707 0.025014003 -3.68002179e-08 2.45891393e-08 1
LGIC_C 134 0.301558469 -0.648910177 0.0250140145 -2.45891087e-08 3.68002429e-08 1
LGIC_C 133 -0.565710571 -0.0392580784 0.0250140082 4.34088238e-08 8.63459484e-09 1
LGIC_C 132 -0.19838743 0.0431103799 0.0250139926 5.7878425e-08 4.89846948e-08 1
LGIC_C 131 0.411035438 0.270296363 0.0250140066 -4.82586616e-08 -1.31306776e-08 1
LGIC_C 130 -0.63374246 0.195759473 0.0250140125 4.34088259e-08 -8.63455061e-09 1
LGIC_C 129 0.479229127 -0.0727447075 0.0250140047 -4.34088226e-08 8.63456802e-09 1
LGIC_C 128 0.225711309 -0.345581578 0.0250140015 -2.45891087e-08 3.68002429e-08 1
LGIC_C 127 0.242347754 -0.348702784 0.0250140032 -1.31306721e-08 4.82586744e-08 1
LGIC_C 126 0.629729976 -0.369870028 0.0250140171 -3.05989503e-08 3.95603122e-08 1
LGIC_C 125 0.14143308 -0.151942113 0.0250139924 -1.31306721e-08 4.82586744e-08 1
LGIC_C 124 0.510999116 -0.424198013 0.0250140125 -3.68002179e-08 2.45891393e-08 1
LGIC_C 122 0.662543696 -0.34860313 0.0250140162 -3.68002179e-08 2.45891393e-08 1
LGIC_C 121 -0.444339667 -0.401335901 0.0250140084 1.15916899e-08 4.97976879e-08 1
LGIC_C 120 0.0172947786 0.517154148 0.0250140091 -9.86806672e-09 -4.96100854e-08 1
LGIC_C 119 0.0914157391 0.416893001 0.0250140048 -9.86806672e-09 -4.96100854e-08 1
LGIC_C 118 -0.295595751 -0.304686454 0.0250140041 -5.56021111e-08 -1.45571543e-08 -1
LGIC_C 117 -0.192203404 -0.00909663238 0.0250139924 4.96100935e-08 -4.19869172e-08 1
LGIC_C 116 0.12929067 -0.445052424 0.0250140077 1.00935263e-08 5.7878447e-08 1
LGIC_C 115 0.522804785 -0.360080507 0.0250140135 -3.05989503e-08 3.95603122e-08 1
LGIC_C 114 -0.342374066 0.403887145 0.0250140108 1.28239438e-08 -5.73353116e-08 1
LGIC_C 113 -0.0669858964 -0.722002661 0.0250140162 2.48392553e-08 4.34088306e-08 1
LGIC_C 112 0.708117653 -0.00109097395 0.0250140184 -4.96100802e-08 3.14742968e-08 1
LGIC_C 111 -0.507672703 -0.145919387 0.0250140042 -4.96100919e-08 2.90231703e-08 -1
LGIC_C 110 -0.202815415 -0.706212611 0.0250140156 8.63456455e-09 4.34088336e-08 1
LGIC_C 108 -0.0619709466 -0.525741031 0.0250140076 2.48392553e-08 4.34088306e-08 1
LGIC_C 107 -0.728097616 -0.276679075 0.0250140173 4.34088238e-08 8.63459484e-09 1
LGIC_C 106 -0.299278527 0.758997151 0.0250140188 8.63455111e-09 -4.34088279e-08 1
LGIC_C 105 -0.284543598 0.0951002601 0.025013998 4.34088279e-08 -2.48392273e-08 1
LGIC_C 104 0.590454804 -0.232584729 0.0250140148 -4.96100859e-08 9.86807898e-09 1
LGIC_C 103 -0.464463771 -0.00403972087 0.0250140033 -4.34088282e-08 2.70157287e-08 -1
LGIC_C 102 -0.379436093 0.439408798 0.0250140133 1.28239438e-08 -5.73353116e-08 1
LGIC_C 101 -0.364696728 0.0196124392 0.0250140016 4.96100897e-08 -9.86805572e-09 1
LGIC_C 100 -0.340600386 -0.49109424 0.0250140097 2.45891453e-08 3.68002268e-08 1
LGIC_C 99 0.210888724 -0.083209602 0.0250139963 -4.96100802e-08 3.14742968e-08 1
LGIC_C 98 -0.349828733 -0.578519456 0.0250140148 3.95603082e-08 3.05989652e-08 1
LGIC_C 97 -0.361194665 0.0298265607 0.0250140003 4.96100851e-08 2.90231542e-08 1
LGIC_C 96 0.360526932 -0.00307710845 0.0250140011 -4.96100859e-08 9.86807898e-09 1
LGIC_C 95 -0.317824224 -0.426492767 0.0250140071 -5.56021111e-08 -1.45571543e-08 -1
LGIC_C 94 0.169987231 -0.0662826555 0.0250139937 -4.96100802e-08 3.14742968e-08 1
LGIC_C 93 -0.0867050385 0.602366019 0.0250140126 -6.33661298e-09 -4.96100859e-08 1
LGIC_C 92 0.200487083 -0.715317068 0.0250140175 6.33663526e-09 4.9610097e-08 1
LGIC_C 91 0.168369126 0.768815163 0.0250140181 -8.63455884e-09 -4.34088253e-08 1
LGIC_C 90 -0.379966509 -0.336198885 0.0250140075 1.45571809e-08 5.5602105e-08 1
LGIC_C 89 0.242840297 -0.500228302 0.0250140106 -1.31306721e-08 4.82586744e-08 1
LGIC_C 88 -0.60979708 -0.5451634 0.0250140175 1.15916899e-08 4.97976879e-08 1
LGIC_C 87 -0.316468137 -0.255432097 0.025014002 1.45571809e-08 5.5602105e-08 1
LGIC_C 85 -0.0892967978 0.114596637 0.025013991 1.28239438e-08 -5.73353116e-08 1
LGIC_C 84 0.213998769 0.480549226 0.0250140093 1.3130701e-08 4.82586573e-08 -1
LGIC_C 83 -0.353316974 0.2319996 0.0250140034 -4.82586679e-08 1.31306769e-08 -1
LGIC_C 82 0.49776312 -0.292816081 0.02501401 -3.05989503e-08 3.95603122e-08 1
LGIC_C 81 0.062529418 0.670783573 0.0250140161 -6.33660387e-09 4.96100877e-08 -1
LGIC_C 80 0.743243099 -0.0231677104 0.0250140157 -4.34088226e-08 8.63456802e-09 1
LGIC_C 79 -0.574631502 -0.242369249 0.025014002 1.15916899e-08 4.97976879e-08 1
LGIC_C 77 0.332468729 -0.222733894 0.0250140022 -3.05989503e-08 3.95603122e-08 1
LGIC_C 76 -0.687633485 0.0439647424 0.0250140161 4.96100851e-08 2.90231542e-08 1
LGIC_C 75 0.509370954 -0.601235192 0.0250140179 -2.45891087e-08 3.68002429e-08 1
LGIC_C 74 0.545272559 0.471557361 0.0250140157 -4.82586616e-08 -1.31306776e-08 1
LGIC_C 73 -0.0265383335 0.00292719117 0.0250139845 4.34088279e-08 -2.48392273e-08 1
LGIC_C 72 0.119754856 0.408134304 0.025014002 -8.63455884e-09 -4.34088253e-08 1
LGIC_C 71 0.535119907 0.0925667665 0.0250140153 -5.78784335e-08 -1.15127284e-08 1
LGIC_C 70 -0.0398277401 0.40036272 0.025014001 8.63455111e-09 -4.34088279e-08 1
LGIC_C 69 -0.711478788 -0.37526742 0.0250140187 3.68002489e-08 2.45891179e-08 1
LGIC_C 68 -0.689145499 -0.110006812 0.0250140102 -4.34088282e-08 2.70157287e-08 -1
LGIC_C 67 -0.458468101 0.43967786 0.0250140194 6.28881943e-09 -7.55636452e-08 1
LGIC_C 66 -0.235201798 -0.341045542 0.0250140016 2.45891453e-08 3.68002268e-08 1
LGIC_C 65 0.0142429097 0.313652657 0.025013999 -9.86806672e-09 -4.96100854e-08 1
LGIC_C 64 -0.226318841 0.000510586781 0.0250139963 5.7878425e-08 4.89846948e-08 1
LGIC_C 63 0.213926151 -0.0292874912 0.0250139941 -4.96100859e-08 9.86807898e-09 1
LGIC_C 62 -0.0601395297 0.425594074 0.0250140063 -3.14742797e-08 4.96100914e-08 -1
LGIC_C 61 -0.40517341 0.366558942 0.0250140106 4.20574045e-08 -2.81018523e-08 1
LGIC_C 60 0.06881366 0.517412753 0.0250140111 -3.14742949e-08 -4.96100822e-08 1
LGIC_C 59 -0.40749192 -0.232834172 0.0250140021 1.45571809e-08 5.5602105e-08 1
LGIC_C 58 0.459781352 -0.0694374871 0.0250140049 -4.34088182e-08 2.48392526e-08 1
LGIC_C 57 -0.093907904 0.437511218 0.0250140079 -3.14742797e-08 4.96100914e-08 -1
LGIC_C 56 -0.131811005 -0.175631373 0.0250139931 -5.56021111e-08 -1.45571543e-08 -1
LGIC_C 55 0.423269344 0.48105141 0.0250140114 -2.45891309e-08 -3.68002211e-08 1
LGIC_C 53 0.331203956 -0.0683002581 0.0250139993 -4.34088182e-08 2.48392526e-08 1
LGIC_C 52 0.63755927 -0.151684494 0.0250140147 -4.34088182e-08 2.48392526e-08 1
LGIC_C 51 -0.582741363 -0.0193987426 0.0250140087 4.34088238e-08 8.63459484e-09 1
LGIC_C 48 -0.0762891384 -0.402693244 0.0250140014 8.63456455e-09 4.34088336e-08 1
LGIC_C 46 -0.242087879 -0.180110506 0.0250139962 5.39043203e-09 6.47688584e-08 1
LGIC_C 45 -0.0192614423 -0.276944562 0.0250139957 2.48392553e-08 4.34088306e-08 1
LGIC_C 44 0.343883785 0.540005466 0.0250140138 1.3130701e-08 4.82586573e-08 -1
LGIC_C 43 -0.543793529 -0.491295693 0.025014014 1.15916899e-08 4.97976879e-08 1
LGIC_C 42 -0.245699447 -0.650479424 0.0250140136 8.63456455e-09 4.34088336e-08 1
LGIC_C 41 -0.536324341 0.590680587 0.0250140182 2.45891128e-08 -3.68002333e-08 1
LGIC_C 40 -0.707022986 0.00773473772 0.0250140142 4.34088279e-08 -2.48392273e-08 1
LGIC_C 38 0.754230441 -0.327406476 0.0250140193 -3.05989503e-08 3.95603122e-08 1
LGIC_C 37 0.104968408 0.812523605 0.0250140194 -8.63455884e-09 -4.34088253e-08 1
LGIC_C 36 0.518720744 -0.62798583 0.0250140191 -2.45891087e-08 3.68002429e-08 1
LGIC_C 35 -0.186022751 -0.522943691 0.0250140038 -2.90231482e-08 4.96101036e-08 1
LGIC_C 33 8.38486719e-05 0.626483735 0.0250140105 8.63455111e-09 -4.34088279e-08 1
LGIC_C 32 0.102832865 0.122516534 0.0250139913 -2.81018716e-08 -4.20573923e-08 1
LGIC_C 31 -0.42770708 -0.430710712 0.0250140133 -5.56021111e-08 -1.45571543e-08 -1
LGIC_C 30 0.66062912 0.167736425 0.0250140149 -4.96100869e-08 6.3366408e-09 1
LGIC_C 29 -0.620890203 -0.108025549 0.0250140139 5.7878436e-08 -4.89847332e-08 1
LGIC_C 28 0.684842986 0.119913102 0.025014014 -4.34088272e-08 -8.63453573e-09 1
LGIC_C 27 -0.255158067 0.520602117 0.0250140172 3.27854968e-08 -4.90669676e-08 1
LGIC_C 25 0.379204859 -0.0498867636 0.0250140001 -4.34088226e-08 8.63456802e-09 1
LGIC_C 24 0.118051245 0.4296516 0.0250140057 -9.86806672e-09 -4.96100854e-08 1
LGIC_C 23 -0.442263541 0.400312713 0.0250140094 3.68002297e-08 -2.45891157e-08 1
LGIC_C 22 0.102929455 0.62279932 0.0250140152 -9.86806672e-09 -4.96100854e-08 1
LGIC_C 21 -0.000949665934 -0.17318144 0.0250139918 -2.90231482e-08 4.96101036e-08 1
LGIC_C 18 0.310371639 -0.479586932 0.0250140121 -2.81018481e-08 4.20574137e-08 1
LGIC_C 17 -0.544701249 0.351274083 0.0250140142 -4.82586679e-08 1.31306769e-08 -1
LGIC_C 16 0.631106077 -0.1497548 0.025014016 -4.96100859e-08 9.86807898e-09 1
LGIC_C 15 -0.476431613 -0.344619717 0.0250140081 5.39043203e-09 6.47688584e-08 1
LGIC_C 14 0.683841689 0.254082028 0.0250140155 -4.96100869e-08 6.3366408e-09 1
LGIC_C 13 0.722216592 -0.109267694 0.0250140201 -4.96100859e-08 9.86807898e-09 1
LGIC_C 12 0.401016491 0.198183633 0.0250140094 -4.90669739e-08 -3.27854893e-08 1
LGIC_C 11 0.156067622 0.559061343 0.02501401 -6.33660387e-09 4.96100877e-08 -1
LGIC_C 10 -0.401596737 -0.599658537 0.0250140175 3.95603082e-08 3.05989652e-08 1
LGIC_C 9 -0.47770573 -0.280163986 0.0250140074 6.28883752e-09 7.55636663e-08 1
LGIC_C 8 -0.169593627 0.286859932 0.025013998 2.45891128e-08 -3.68002333e-08 1
LGIC_C 7 -0.704030782 0.443258458 0.0250140201 3.68002297e-08 -2.45891157e-08 1
LGIC_C 6 -0.325799465 0.507464484 0.0250140165 1.28239438e-08 -5.73353116e-08 1
LGIC_C 5 0.0413887509 -0.534877695 0.0250140138 1.00935263e-08 5.7878447e-08 1
LGIC_C 4 -0.440607233 -0.244982773 0.0250140045 6.28883752e-09 7.55636663e-08 1
LGIC_C 3 0.25581472 -0.645264612 0.0250140178 -9.86804037e-09 4.96101e-08 1
LGIC_C 2 -0.594453455 0.0942926469 0.0250140137 4.96100897e-08 -9.86805572e-09 1
LGIC_C 1 -0.34968071 0.0458131218 0.0250139988 4.34088259e-08 -8.63455061e-09 1
LGIC_C 0 0.512925368 0.219160246 0.0250140111 3.37890593e-08 4.80634111e-08 -1
LGIC_O 8440 -0.738853049 -0.33162005 0.0250140186 3.68002489e-08 2.45891179e-08 1
LGIC_O 8439 -0.361226657 0.571645817 0.0250140175 2.8101852e-08 -4.20574041e-08 1
LGIC_O 8438 0.221042916 -0.336892206 0.025014007 -3.27854948e-08 4.90669785e-08 1
LGIC_O 8437 -0.281799749 -0.270586739 0.0250140054 6.28883752e-09 7.55636663e-08 1
LGIC_O 8436 0.0915246527 -0.406259742 0.0250140078 -1.15127059e-08 5.78784511e-08 1
LGIC_O 8435 -0.145264886 -0.202214669 0.0250139958 2.81018674e-08 4.20574117e-08 1
LGIC_O 8434 0.55237168 -0.160462146 0.025014017 -5.78784275e-08 1.15127558e-08 1
LGIC_O 8433 0.158636826 -0.65141341 0.0250140193 1.00935263e-08 5.7878447e-08 1
LGIC_O 8432 0.686391349 0.402138809 0.0250140184 -3.68002282e-08 -2.45891172e-08 1
LGIC_O 8431 0.555240011 -0.181271143 0.0250140175 -5.78784275e-08 1.15127558e-08 1
LGIC_O 8430 0.563287567 -0.376231239 0.0250140203 -3.37890406e-08 4.80634332e-08 1
LGIC_O 8429 0.186632657 0.0626210487 0.0250139948 -5.78784335e-08 -1.15127284e-08 1
LGIC_O 8428 -0.610134154 -0.593477057 0.0250140203 3.68002489e-08 2.45891179e-08 1
LGIC_O 8427 0.0678367894 -0.1951605 0.0250139953 -1.15127059e-08 5.78784511e-08 1
LGIC_O 4426 0.741788958 -0.200482319 0.0250140204 -4.34088182e-08 2.48392526e-08 1
LGIC_O 4425 0.285091546 -0.504123168 0.0250140173 -3.27854948e-08 4.90669785e-08 1
LGIC_O 4424 0.560752916 -0.316428503 0.0250140174 -3.37890406e-08 4.80634332e-08 1
LGIC_O 4423 -0.334095555 -0.707991186 0.0250140181 3.95603082e-08 3.05989652e-08 1
LGIC_O 4422 -0.0143709734 -0.189151391 0.0250139935 -4.89847109e-08 5.78784581e-08 1
LGIC_O 4421 -0.296179758 0.617078643 0.0250140175 2.8101852e-08 -4.20574041e-08 1
LGIC_O 4420 -0.451814689 -0.430033027 0.0250140186 6.28883752e-09 7.55636663e-08 1
LGIC_O 4419 0.591505825 0.0769627336 0.0250140184 -5.78784335e-08 -1.15127284e-08 1
LGIC_O 4418 0.259629847 0.346946476 0.0250140088 -3.27855134e-08 -4.90669575e-08 1
LGIC_O 4417 0.701415163 0.292907815 0.0250140163 -3.68002282e-08 -2.45891172e-08 1
LGIC_O 4416 0.508988359 -0.182579353 0.0250140148 -5.78784275e-08 1.15127558e-08 1
LGIC_O 4415 -0.153457684 -0.632307731 0.0250140161 9.8680833e-09 4.96100963e-08 1
LGIC_O 4414 0.136932023 0.0878924177 0.0250139928 -4.90669739e-08 -3.27854893e-08 1
LGIC_O 4413 -0.504498265 0.295587346 0.0250140145 3.37890593e-08 -4.80634052e-08 1
LGIC_O 4412 -0.539265925 -0.183298336 0.0250140083 4.34088238e-08 8.63459484e-09 1
LGIC_O 4411 0.344394896 -0.329254072 0.0250140109 -4.90669481e-08 3.27855328e-08 1
LGIC_O 4410 -0.33898965 0.288163474 0.0250140086 3.37890593e-08 -4.80634052e-08 1
LGIC_O 4409 -0.260458438 0.480620783 0.0250140154 3.27854968e-08 -4.90669676e-08 1
LGIC_O 4408 -0.56399811 0.260544645 0.0250140149 3.37890593e-08 -4.80634052e-08 1
LGIC_O 4407 -0.0482212035 0.266336467 0.0250139992 1.15127271e-08 -5.78784352e-08 1
LGIC_O 4406 0.0879294026 0.135580918 0.0250139928 -3.27855134e-08 -4.90669575e-08 1
LGIC_O 4405 -0.427929524 0.0816629809 0.0250140053 4.96100897e-08 -9.86805572e-09 1
LGIC_O 4404 -0.124376694 -0.152714183 0.0250139936 7.55636799e-08 6.2887973e-09 1
LGIC_O 4403 -0.0926738463 0.0757236261 0.02501399 3.37890593e-08 -4.80634052e-08 1
LGIC_O 4402 -0.188139037 0.103888613 0.0250139946 3.37890593e-08 -4.80634052e-08 1
LGIC_O 4401 -0.0903607691 -0.110575251 0.0250139908 7.55636799e-08 6.2887973e-09 1
LGIC_O 4400 -0.167879456 0.0171955959 0.0250139921 5.7878425e-08 4.89846948e-08 1
