VGCC_O 0 0.11238887 -0.0311459409 0.0466929927 -1.01287282e-06 -1.51427976e-07 -1
VGCC_O 7 -0.137449801 0.00579357966 0.0466933342 -1.62059625e-06 3.22356338e-07 -1
CaBS 10 0.100569795 -0.00411083864 0.066761378 -0.346545998 0.867982935 -0.355684546
CaBS 11 0.0912640783 -0.0100684892 0.0670534502 -0.751399618 0.322919164 -0.575431861
CaBS 12 0.0954155738 -0.00645220898 0.0734421662 -0.344822968 0.867728907 0.357971598
CaBS 13 0.100268035 -0.0182987997 0.054909027 -0.333750671 -0.131704002 -0.933415527
CaBS 14 0.0928510117 -0.0200922289 0.0593561379 -0.751399618 0.322919164 -0.575431861
CaBS 15 0.0976536378 -0.0256616264 0.0826073407 -0.329239867 -0.132369096 0.934922207
CaBS 16 0.12250875 -0.0187096595 0.0707633834 0.999896301 0.01419805 -0.0024089266
CaBS 17 0.0917059629 -0.0147999335 0.0638212587 -0.751399618 0.322919164 -0.575431861
CaBS 18 0.110628269 -0.011061761 0.0842366544 0.333750516 0.131703927 0.933415593
CaBS 19 0.0990352405 -0.0270250149 0.0571470131 -0.324116536 -0.749802846 -0.576839807
CaBS 20 0.119175119 -0.0239046695 0.0780808443 0.751399702 -0.322919474 0.575431578
CaBS 21 0.105381466 -0.00893851653 0.0543374728 0.321328636 0.750213906 -0.577864173
CaBS 22 0.117808988 -0.0301132585 0.0758769146 0.34654604 -0.867983022 0.355684293
CaBS 23 0.0986436371 -0.0292160535 0.079271525 -0.321328743 -0.750213836 0.577864204
CaBS 24 0.108125755 -0.0302970062 0.0831408273 -0.321328743 -0.750213836 0.577864204
CaBS 25 -0.109887131 0.0192062835 0.0843203077 -0.748611709 0.322508237 0.579283131
CaBS 26 -0.0948026381 0.00360421943 0.0818770595 0.75139969 -0.322919491 0.575431584
CaBS 27 -0.0874823189 0.0102337112 0.0682398775 0.999896301 0.0141980506 -0.0024089266
CaBS 28 -0.100634747 0.0230733323 0.0803217608 0.324116492 0.749802901 0.576839761
CaBS 29 -0.104275606 -8.51291019e-05 0.0820805862 -0.321328736 -0.750213873 0.57786416
CaBS 31 -0.115960133 0.00217495795 0.0785174211 -0.321328736 -0.750213873 0.57786416
CaBS 32 -0.102763393 0.020904026 0.0843375754 0.324116492 0.749802901 0.576839761
CaBS 34 -0.119333135 0.0148627411 0.0699768326 -0.999896295 -0.0141984574 0.00240892698
CaBS 36 -0.112754508 0.0209857242 0.0598345222 -0.751399624 0.322919173 -0.575431849
CaBS 37 -0.0898644791 0.0185649199 0.0593004771 0.3213287 0.750213891 -0.577864158
CaBS 38 -0.105355026 -0.0066229467 0.0666719252 0.344822933 -0.867729023 -0.35797135
CaBS 39 -0.116023843 0.00338609458 0.0594552515 -0.324116588 -0.749802884 -0.576839729
Ca 7 0.262394236 0.0995470612 0.157475342 0 0 0
Ca 1 0.0594613481 -0.395309705 0.422304508 0 0 0
Ca 6 -0.09596083 0.136135398 0.346324286 0 0 0
Ca 7 -0.130310133 -0.181745966 0.564512538 0 0 0
Ca 8 -0.0282114858 -0.10446865 0.723150507 0 0 0
Ca 1 0.513427168 0.122434529 0.388046779 0 0 0
Ca 4 0.0385312564 0.0505554324 0.508143378 0 0 0
Ca 4 -0.182110615 0.140306317 0.259724508 0 0 0
Ca 8 0.354470184 0.141413859 0.878374502 0 0 0
Ca 6 -0.508824391 -0.0473376084 0.558742558 0 0 0
Ca 1 -0.139072518 0.253859068 0.563764661 0 0 0
Ca 4 0.0284346004 -0.186511162 0.562221873 0 0 0
Ca 8 -0.416588173 0.252613624 0.273797865 0 0 0
Ca 8 0.0144095322 0.672945809 0.652842391 0 0 0
Ca 1 0.407741621 0.260796297 0.540535652 0 0 0
Ca 7 -0.489504253 0.397371839 0.428857936 0 0 0
Ca 8 -0.366130525 -0.062780944 0.582826233 0 0 0
Ca 8 0.00298565852 0.642764614 0.157983117 0 0 0
Ca 8 0.347103042 0.396130678 0.103469661 0 0 0
Ca 1 -0.250237065 0.321792989 0.155089625 0 0 0
Ca 1 0.434234121 0.277252794 0.624241491 0 0 0
Ca 7 -0.369241684 0.0307228301 0.483020183 0 0 0
Ca 1 0.139493177 0.325280502 0.792418031 0 0 0
Ca 4 0.185389522 0.388950013 0.244738989 0 0 0
Ca 7 0.418988381 -0.0221949131 0.463336134 0 0 0
Ca 7 0.201871984 -0.023703067 0.209023671 0 0 0
Ca 8 0.262504753 -0.114095667 0.738316241 0 0 0
Ca 1 -0.395324552 0.0963530434 0.586163997 0 0 0
Ca 6 0.222145035 0.450782917 0.0993331593 0 0 0
CaBS_Ca 42 -0.102416738 0.019255521 0.0542178682 0.329239713 0.132369034 -0.93492227
Ca 8 -0.488216546 0.0238690256 0.440947171 0 0 0
Ca 7 0.305601113 0.227188966 0.281969794 0 0 0
Ca 6 0.00358891232 -0.320642588 0.407797248 0 0 0
Ca 1 -0.495842771 -0.416016437 0.303156923 0 0 0
Ca 1 0.425867962 0.047636567 0.415944101 0 0 0
Ca 8 -0.0650983199 -0.376987177 0.383175892 0 0 0
Ca 7 0.348284207 -0.382929445 0.0863912649 0 0 0
Ca 1 0.203813659 0.388345936 0.19591451 0 0 0
Ca 6 -0.14000303 0.21009196 0.454940243 0 0 0
Ca 8 -0.330521841 -0.472470278 0.47030537 0 0 0
CaBS_Ca 43 -0.105480205 -0.00591568945 0.0738412116 -0.321328736 -0.750213873 0.57786416
Ca 6 0.247509887 0.248070968 0.38488044 0 0 0
Ca 8 -0.202940234 -0.159969924 0.181427251 0 0 0
Ca 6 0.0816026212 0.0672666345 0.254137879 0 0 0
Ca 8 -0.184574917 0.629589538 0.419301882 0 0 0
Ca 6 -0.413991054 0.0338412227 0.208572403 0 0 0
Ca 7 -0.317698033 0.143685977 0.137141219 0 0 0
Ca 6 -0.309437169 0.230614386 0.73320414 0 0 0
Ca 4 0.0465209339 -0.029820385 0.0830818901 0 0 0
Ca 4 -0.213615236 -0.454331104 0.355764271 0 0 0
Ca 8 -0.278205473 -0.446330296 0.547254918 0 0 0
Ca 1 -0.0386509559 0.307434877 0.595774384 0 0 0
Ca 8 -0.237241998 -0.21044339 0.365546594 0 0 0
Ca 6 -0.496178878 0.243207202 0.264641352 0 0 0
Ca 7 -0.314092897 -0.0685335377 0.366002225 0 0 0
Ca 1 -0.297051231 0.269778947 0.262394412 0 0 0
Ca 7 -0.140002407 -0.085877718 0.199918858 0 0 0
Ca 8 0.114421788 -0.145258718 0.301803429 0 0 0
Ca 8 -0.196273469 0.235042704 0.337985112 0 0 0
Ca 8 0.235170777 -0.00621009908 0.215205814 0 0 0
Ca 1 -0.350296946 -0.290204747 0.22255772 0 0 0
Ca 6 -0.198322517 -0.024856551 0.230286994 0 0 0
Ca 1 -0.13069925 0.0994781583 0.0617997751 0 0 0
Ca 8 -0.427279465 0.186172439 0.108985958 0 0 0
Ca 7 -0.319623878 -0.0844072451 0.184185346 0 0 0
Ca 7 -0.0361676723 0.02914977 0.110154784 0 0 0
Ca 6 -0.177239343 0.273790184 0.217354957 0 0 0
Ca 4 -0.161830076 0.239164252 0.177682276 0 0 0
Ca 8 -0.0971062939 0.0471467184 0.0861607769 0 0 0
Ca 1 -0.229507005 0.0289271012 0.106479196 0 0 0
Ca 6 -0.205106342 0.0275417808 0.0670111039 0 0 0
Ca 7 -0.181262721 0.0710461635 0.0817186533 0 0 0
Ca 8 -0.0783964211 0.0488110003 0.0658526968 0 0 0
Ca 4 -0.16435603 0.0604007075 0.0761845739 0 0 0
Ca 6 -0.123628565 0.0411414092 0.0842820317 0 0 0
Ca 7 -0.121475673 -0.0590962777 0.0940025155 0 0 0
Ca 8 -0.147267152 0.0472900365 0.056765318 0 0 0
Ca 1 -0.0816676861 0.00511382537 0.0466588079 0 0 0
Ca 7 -0.12854928 -0.017019086 0.0757632911 0 0 0
VGCC_O 5 0.113746944 -0.0200409323 0.0466929896 -1.01287282e-06 -1.51427976e-07 -1
VGCC_O 1 -0.126159285 0.0151063295 0.0466933189 -1.62059625e-06 3.22356338e-07 -1
VGCC_O 6 -0.12622171 0.0241576588 0.046693322 -1.62059677e-06 3.22356891e-07 -1
VGCC_O 3 0.0772568984 -0.00428239309 0.046693036 -1.41802159e-06 2.82063681e-07 -1
VGCC_O 8 -0.134706799 0.0161271258 0.0466933331 -1.62059677e-06 3.22356891e-07 -1
VGCC_O 2 0.119933892 -0.04777957 0.0466929781 -1.41802115e-06 2.82063236e-07 -1
VGCC_O 9 0.0953603447 -0.018533153 0.0466930096 -1.14792244e-06 -1.24564753e-07 -1
VGCC_O 4 -0.108229728 0.00324736392 0.0466932869 -8.10297798e-07 1.61178104e-07 -1
TAG 41 -0.105784995 0.0105052503 0.0536665039 -0.333750681 -0.131703993 -0.933415524
