VGCC_O 1 -0.126159285 0.0151063295 0.0466933189 -1.62059625e-06 3.22356338e-07 -1
CaBS 10 0.120586683 -0.0180862393 0.0599678161 0.748611785 -0.322508546 -0.579282861
CaBS 11 0.0911691108 -0.00871431841 0.0716045565 -0.748611723 0.322508223 0.579283121
CaBS 12 0.100026064 -0.00488301385 0.0654067874 -0.346545998 0.867982935 -0.355684546
CaBS 13 0.12144542 -0.0216240659 0.0763961052 0.751399702 -0.322919474 0.575431578
CaBS 14 0.11981765 -0.027624036 0.0751546 0.751399702 -0.322919474 0.575431578
CaBS 15 0.116184557 -0.00749404175 0.0622199606 0.321328636 0.750213906 -0.577864173
CaBS 16 0.113427828 -0.0261041181 0.0551802268 0.748611785 -0.322508546 -0.579282861
CaBS 17 0.0958943417 -0.0152897971 0.0580771684 -0.751399618 0.322919164 -0.575431861
CaBS 18 0.114868539 -0.0259293745 0.0825681654 0.751399702 -0.322919474 0.575431578
CaBS 19 0.110579621 -0.00344963657 0.0751198204 0.324116486 0.74980293 0.576839726
CaBS 20 0.104124598 -0.0303026958 0.0585478691 -0.324116536 -0.749802846 -0.576839807
CaBS 21 0.105428385 -0.03670677 0.0676297554 0.344822999 -0.867728964 -0.357971429
CaBS 22 0.0975107807 -0.00699810029 0.0767836635 -0.344822968 0.867728907 0.357971598
CaBS 23 0.105427076 -0.0310802418 0.0806233549 -0.321328743 -0.750213836 0.577864204
CaBS 24 0.115575518 -0.00933260919 0.0799596697 0.324116486 0.74980293 0.576839726
CaBS 25 -0.0992242186 0.0217180416 0.0812908781 0.324116492 0.749802901 0.576839761
CaBS 26 -0.113842513 0.0142979785 0.0819413726 -0.748611709 0.322508237 0.579283131
CaBS 27 -0.0908418922 0.00896712586 0.0597621508 0.74861179 -0.322508554 -0.579282851
CaBS 28 -0.110258497 0.015847999 0.0849721633 -0.329239868 -0.132369105 0.934922205
CaBS 29 -0.116995131 0.00863949924 0.0584435138 -0.751399624 0.322919173 -0.575431849
CaBS 31 -0.116654717 0.0229736306 0.0666854613 -0.34654601 0.867982945 -0.355684509
CaBS 32 -0.101694732 0.00420794317 0.0863399232 -0.329239868 -0.132369105 0.934922205
CaBS 34 -0.0875654628 0.0167658813 0.0722287045 0.999896301 0.0141980506 -0.0024089266
CaBS 36 -0.109280948 0.000304232552 0.059672478 -0.324116588 -0.749802884 -0.576839729
CaBS 37 -0.108840606 0.0271940411 0.069371255 -0.34654601 0.867982945 -0.355684509
CaBS 38 -0.0875085631 0.0126218676 0.0714220781 0.999896301 0.0141980506 -0.0024089266
CaBS 39 -0.102646748 0.0204702969 0.0546663956 0.3213287 0.750213891 -0.577864158
Ca 7 -0.631185025 -0.149436556 0.0791268768 0 0 0
Ca 7 0.27921911 0.0894553123 0.421262138 0 0 0
Ca 7 -0.128593661 0.441222054 0.49662662 0 0 0
Ca 7 -0.611291398 -0.0376383939 0.359749798 0 0 0
Ca 1 -0.389408506 0.118357967 0.250816359 0 0 0
Ca 1 0.0850564779 -0.255447671 0.474427661 0 0 0
Ca 6 -0.202195123 0.387561807 0.290480639 0 0 0
Ca 7 -0.257456969 -0.206383647 0.345548705 0 0 0
Ca 8 0.146997464 -0.215832399 0.75287418 0 0 0
Ca 8 -0.46396323 0.270366834 0.788955944 0 0 0
Ca 1 -0.471613554 0.274368367 0.163213687 0 0 0
Ca 6 -0.27721087 0.579043806 0.536592372 0 0 0
Ca 1 0.249712228 0.109380826 0.25065833 0 0 0
Ca 6 0.73864388 0.19901117 0.153397338 0 0 0
Ca 6 -0.472595299 -0.00280647132 0.214239771 0 0 0
Ca 4 0.133174267 0.383794547 0.273057347 0 0 0
Ca 4 -0.341473277 0.165202068 0.16744481 0 0 0
Ca 8 0.0435790132 0.0171658117 0.788902393 0 0 0
Ca 6 -0.560938415 -0.063772782 0.517986753 0 0 0
Ca 8 -0.0283518328 0.532670959 0.125494669 0 0 0
Ca 1 -0.228202759 -0.133991948 0.49460533 0 0 0
Ca 6 -0.334496723 0.0459153557 0.403501112 0 0 0
Ca 7 0.448628241 0.266652692 0.399299526 0 0 0
Ca 1 -0.766948453 -0.0576820117 0.403491731 0 0 0
Ca 4 -0.0115833562 -0.260575825 0.314467211 0 0 0
Ca 8 -0.498011716 0.37643455 0.387480318 0 0 0
Ca 8 0.114044466 0.63354091 0.45747176 0 0 0
Ca 1 -0.179753015 0.0685843873 0.42909899 0 0 0
Ca 1 0.171836253 -0.744615329 0.199366946 0 0 0
Ca 7 -0.0807190734 0.403144972 0.400332191 0 0 0
Ca 8 -0.374016435 -0.255299767 0.437965106 0 0 0
Ca 8 -0.150023037 0.243966804 0.0880924793 0 0 0
Ca 8 0.109761637 0.618258347 0.214209014 0 0 0
Ca 1 -0.474578138 0.281906979 0.12586279 0 0 0
Ca 8 -0.294687888 0.220738384 0.480441359 0 0 0
Ca 1 0.297280971 -0.105703361 0.644595684 0 0 0
Ca 7 -0.0823918163 -0.042941465 0.473629067 0 0 0
Ca 1 -0.0755947859 0.489347472 0.412206729 0 0 0
Ca 4 0.352182043 0.27068976 0.101501544 0 0 0
Ca 4 -0.34462159 -0.280586384 0.181881691 0 0 0
Ca 7 -0.0685734589 0.217583532 0.511231215 0 0 0
Ca 8 -0.459895371 -0.125795628 0.133860685 0 0 0
Ca 7 0.239898721 -0.0627876646 0.400382524 0 0 0
Ca 8 -0.180648847 -0.180480142 0.463137281 0 0 0
Ca 1 -0.205323199 -0.112311673 0.500856859 0 0 0
Ca 6 0.397821233 0.43892389 0.30131386 0 0 0
Ca 4 0.0465660953 -0.130561599 0.313074898 0 0 0
CaBS_Ca 42 -0.105728979 -0.000928045801 0.0801781009 -0.321328736 -0.750213873 0.57786416
Ca 8 -0.539355839 -0.0125623945 0.507363154 0 0 0
Ca 7 -0.137391881 0.264907995 0.221205878 0 0 0
Ca 6 0.233360217 -0.29370564 0.498493401 0 0 0
Ca 1 -0.302786687 -0.385163506 0.363621416 0 0 0
Ca 8 -0.593252554 0.0653050917 0.108040989 0 0 0
Ca 1 0.172447522 -0.0277442953 0.173247497 0 0 0
Ca 8 -0.00883852363 0.208782883 0.0572095421 0 0 0
Ca 8 -0.00942142011 -0.183204705 0.27722412 0 0 0
Ca 7 0.0735506135 -0.0470735819 0.0931389262 0 0 0
Ca 1 0.108874016 0.361571987 0.317407894 0 0 0
Ca 6 -0.0625339236 0.093126685 0.266935796 0 0 0
Ca 6 -0.206341198 -0.0985933427 0.133664446 0 0 0
Ca 8 -0.379233168 -0.201253889 0.386847355 0 0 0
CaBS_Ca 43 -0.117116465 0.0163192986 0.0629116797 -0.751399624 0.322919173 -0.575431849
Ca 6 -0.180663452 0.141427374 0.269593428 0 0 0
Ca 7 -0.41416565 0.0355027632 0.142263868 0 0 0
Ca 8 -0.293036252 0.138710765 0.196472435 0 0 0
Ca 6 -0.404347466 0.0264784525 0.160684926 0 0 0
Ca 8 -0.113864018 -0.166686906 0.117692389 0 0 0
Ca 6 -0.128564841 0.048967138 0.397718368 0 0 0
Ca 8 -0.162457497 0.0391119818 0.0794410238 0 0 0
Ca 8 -0.343303007 0.0821539264 0.144243682 0 0 0
Ca 6 0.108328502 -0.0942270012 0.176782354 0 0 0
Ca 7 -0.128633011 0.0806531096 0.173156922 0 0 0
Ca 6 0.0266473769 0.160734783 0.0761728051 0 0 0
Ca 4 -0.0699217981 0.0689867118 0.245083711 0 0 0
Ca 7 -0.128759979 0.0136790314 0.0800183992 0 0 0
Ca 8 -0.315730815 0.0829014768 0.06835619 0 0 0
Ca 8 -0.228984194 0.0816598968 0.104291804 0 0 0
Ca 4 -0.113942831 0.0583589348 0.0904084007 0 0 0
Ca 8 -0.0263317994 -0.00609949596 0.149179779 0 0 0
Ca 8 -0.13368444 -0.0294942189 0.134072625 0 0 0
Ca 6 -0.114973217 0.00619915946 0.0466603236 0 0 0
Ca 1 -0.106950441 0.0684015942 0.0569256608 0 0 0
VGCC_O 5 0.113746944 -0.0200409323 0.0466929896 -1.01287282e-06 -1.51427976e-07 -1
VGCC_O 3 0.0772568984 -0.00428239309 0.046693036 -1.41802159e-06 2.82063681e-07 -1
VGCC_O 6 -0.12622171 0.0241576588 0.046693322 -1.62059677e-06 3.22356891e-07 -1
VGCC_O 2 0.119933892 -0.04777957 0.0466929781 -1.41802115e-06 2.82063236e-07 -1
VGCC_O 8 -0.134706799 0.0161271258 0.0466933331 -1.62059677e-06 3.22356891e-07 -1
VGCC_O 0 0.11238887 -0.0311459409 0.0466929927 -1.01287282e-06 -1.51427976e-07 -1
VGCC_O 4 -0.108229728 0.00324736392 0.0466932869 -8.10297798e-07 1.61178104e-07 -1
VGCC_O 9 0.0953603447 -0.018533153 0.0466930096 -1.14792244e-06 -1.24564753e-07 -1
VGCC_O 7 -0.137449801 0.00579357966 0.0466933342 -1.62059625e-06 3.22356338e-07 -1
TAG 41 -0.105784995 0.0105052503 0.0536665039 -0.333750681 -0.131703993 -0.933415524
