VGCC_O 2 0.119933892 -0.04777957 0.0466929781 -1.41802115e-06 2.82063236e-07 -1
VGCC_O 4 -0.108229728 0.00324736392 0.0466932869 -8.10297798e-07 1.61178104e-07 -1
VGCC_O 6 -0.12622171 0.0241576588 0.046693322 -1.62059677e-06 3.22356891e-07 -1
VGCC_O 7 -0.137449801 0.00579357966 0.0466933342 -1.62059625e-06 3.22356338e-07 -1
CaBS 10 0.122580667 -0.0238922542 0.0700684249 0.999896301 0.01419805 -0.0024089266
CaBS 11 0.11405393 -0.0109807919 0.0565085149 0.321328636 0.750213906 -0.577864173
CaBS 13 0.120091197 -0.0166701251 0.0585390919 0.748611785 -0.322508546 -0.579282861
CaBS 14 0.108376199 -0.0315034598 0.057856381 0.344822999 -0.867728964 -0.357971429
CaBS 15 0.108287845 -0.000232181188 0.0707641794 -0.344822968 0.867728907 0.357971598
CaBS 16 0.107001361 -0.0179582373 0.0865065708 0.333750516 0.131703927 0.933415593
CaBS 17 0.101147945 -0.00488209234 0.0643159795 -0.346545998 0.867982935 -0.355684546
CaBS 18 0.0907198601 -0.0188251134 0.0702400047 -0.999896295 -0.0141984568 0.00240892729
CaBS 19 0.0929511192 -0.00943582601 0.0743091486 -0.748611723 0.322508223 0.579283121
CaBS 20 0.122508585 -0.0191583647 0.0680502503 0.999896301 0.01419805 -0.0024089266
CaBS 21 0.100213469 -0.0164467861 0.0848134691 -0.329239867 -0.132369096 0.934922207
CaBS 22 0.0976944897 -0.0270033784 0.0816163513 -0.321328743 -0.750213836 0.577864204
CaBS 23 0.112332342 -0.00459770915 0.0638380609 0.321328636 0.750213906 -0.577864173
CaBS 24 0.116441103 -0.0292782737 0.0786353801 0.751399702 -0.322919474 0.575431578
Ca 8 0.183115506 0.0230933251 0.560440427 0 0 0
Ca 8 0.501615662 -0.282272427 0.289180657 0 0 0
Ca 6 -0.0292326649 0.168963363 0.725926251 0 0 0
Ca 4 0.249733288 -0.0331436638 0.822394669 0 0 0
Ca 4 -0.396883791 -0.285068248 0.45372109 0 0 0
Ca 8 0.311750564 0.152421062 0.712296038 0 0 0
Ca 7 -0.10234647 -0.106153191 0.403590874 0 0 0
Ca 7 0.277419173 0.285116643 0.119359252 0 0 0
Ca 4 0.132234261 0.263943592 0.61325339 0 0 0
Ca 1 0.222522283 0.241823847 0.385015608 0 0 0
Ca 1 -0.0762791939 -0.504618218 0.24356259 0 0 0
Ca 1 -0.232668355 0.264973705 0.519855515 0 0 0
Ca 4 0.285958007 0.451531669 0.238995553 0 0 0
Ca 2 0.188436354 -0.173236321 0.372469918 0 0 0
Ca 7 -0.230577043 0.101976126 0.298089998 0 0 0
Ca 6 0.102312015 0.401344838 0.231272263 0 0 0
Ca 4 0.174474634 -0.0284823347 0.379697353 0 0 0
Ca 4 -0.293431089 0.0747207448 0.486729446 0 0 0
Ca 6 -0.15107571 0.0787154916 0.442249686 0 0 0
Ca 1 -0.509461466 -0.323178532 0.100880544 0 0 0
Ca 6 0.161612411 0.45251572 0.579243711 0 0 0
Ca 1 -0.349094982 0.202882664 0.735782651 0 0 0
Ca 4 0.0764615722 -0.605789597 0.197853426 0 0 0
Ca 7 -0.203052842 -0.123799414 0.0869427436 0 0 0
Ca 4 0.435038212 0.196076877 0.522837146 0 0 0
Ca 1 0.219661531 -0.0463736629 1.07624588 0 0 0
Ca 7 0.029014936 0.635708232 0.0565698193 0 0 0
Ca 7 -0.359708427 -0.116850338 0.604832233 0 0 0
Ca 4 -0.658790021 -0.225659635 0.238780354 0 0 0
Ca 7 -0.49271062 0.154270065 0.0727008095 0 0 0
Ca 7 -0.518860688 -0.338061282 0.0962048549 0 0 0
Ca 7 -0.302369136 0.108092974 0.166945014 0 0 0
Ca 6 -0.0199161576 -0.717335342 0.500647571 0 0 0
Ca 7 -0.0970768143 0.191757146 0.722230833 0 0 0
Ca 8 0.0105085697 -0.135351334 0.220461414 0 0 0
Ca 7 -0.388024121 -0.0694773197 0.344470725 0 0 0
Ca 4 -0.0569807855 -0.100566055 0.222836578 0 0 0
Ca 7 -0.355716383 0.0173432303 0.371871514 0 0 0
Ca 8 -0.325263059 0.053462726 0.139338556 0 0 0
Ca 1 -0.0681186232 0.257744078 0.241811443 0 0 0
Ca 8 -0.281430989 0.0751246388 0.201122518 0 0 0
Ca 8 -0.266040913 0.152298106 0.0907464307 0 0 0
Ca 4 0.0340304176 -0.289032452 0.30481096 0 0 0
Ca 1 -0.38310085 -0.0574037053 0.121162928 0 0 0
Ca 7 -0.64372873 0.158851842 0.366270077 0 0 0
Ca 4 0.183065996 0.593993181 0.170557222 0 0 0
Ca 8 -0.0597891752 0.100495037 0.143899978 0 0 0
Ca 4 -0.0219078201 -0.0199338428 0.465285444 0 0 0
Ca 1 -0.0959656252 0.250344795 0.470686252 0 0 0
Ca 4 -0.33497403 -0.204649401 0.201646917 0 0 0
Ca 6 0.0830587583 0.0708006504 0.26476813 0 0 0
Ca 4 0.253875239 0.446987436 0.192660015 0 0 0
Ca 8 0.203864147 0.351681588 0.24041374 0 0 0
Ca 8 -0.320061098 0.144953093 0.12001985 0 0 0
Ca 1 -0.588572711 -0.373491182 0.334731586 0 0 0
Ca 4 -0.472127971 0.36375732 0.354819466 0 0 0
Ca 1 -0.192979396 0.135178391 0.10290783 0 0 0
Ca 6 -0.356897468 0.0433188535 0.464734535 0 0 0
Ca 8 0.15537352 0.251517409 0.17078846 0 0 0
Ca 7 -0.503852136 -0.0515505949 0.222772564 0 0 0
Ca 1 -0.312287585 -0.149246861 0.220277557 0 0 0
Ca 8 -0.274829474 0.266951795 0.249117144 0 0 0
Ca 7 0.0623094128 0.0859425094 0.326295623 0 0 0
Ca 1 -0.370392029 0.125147306 0.224903469 0 0 0
Ca 6 -0.446625578 -0.0870943957 0.231836628 0 0 0
Ca 7 -0.270326634 -0.0545466487 0.347548032 0 0 0
Ca 1 -0.569421696 -0.0380716401 0.21644501 0 0 0
Ca 8 -0.187100026 0.0557596537 0.302103675 0 0 0
Ca 8 -0.04063173 0.0615994829 0.405896682 0 0 0
Ca 4 -0.034443915 0.0447798505 0.195271087 0 0 0
Ca 8 -0.0935675034 0.148340045 0.483409382 0 0 0
Ca 1 0.10421255 0.0601880989 0.130511486 0 0 0
Ca 7 -0.070045995 -0.041096311 0.0814450958 0 0 0
Ca 1 -0.156685708 -0.0266745854 0.17950873 0 0 0
Ca 6 -0.328831825 0.0051761933 0.133734248 0 0 0
Ca 8 -0.30183417 0.106420215 0.148267369 0 0 0
Ca 6 -0.0473369314 0.157903019 0.0833951769 0 0 0
Ca 6 -0.0405624674 0.217449336 0.293898565 0 0 0
Ca 4 -0.219769511 0.0499477886 0.0979816048 0 0 0
Ca 8 -0.165783805 0.0608813914 0.1685365 0 0 0
Ca 8 -0.186466874 0.0285068557 0.0998587223 0 0 0
Ca 6 -0.0835170635 0.0026998648 0.0466312898 0 0 0
Ca 6 -0.108251244 0.0117469824 0.0466282085 0 0 0
Ca 1 -0.0577830401 -0.0038582406 0.0817910689 0 0 0
Ca 8 -0.11857225 -0.0316562608 0.0484681391 0 0 0
Ca 1 -0.15221652 0.0481442721 0.0760861805 0 0 0
Ca 8 -0.181314803 -0.0156040336 0.0671123861 0 0 0
Ca 7 -0.104043143 0.0362718193 0.0466457479 0 0 0
Ca 1 -0.118224929 0.00216806101 0.0466490282 0 0 0
VGCC_O 5 0.113746944 -0.0200409323 0.0466929896 -1.01287282e-06 -1.51427976e-07 -1
VGCC_O 0 0.11238887 -0.0311459409 0.0466929927 -1.01287282e-06 -1.51427976e-07 -1
VGCC_O 8 -0.134706799 0.0161271258 0.0466933331 -1.62059677e-06 3.22356891e-07 -1
VGCC_O 3 0.0772568984 -0.00428239309 0.046693036 -1.41802159e-06 2.82063681e-07 -1
VGCC_O 9 0.0953603447 -0.018533153 0.0466930096 -1.14792244e-06 -1.24564753e-07 -1
VGCC_O 1 -0.126159285 0.0151063295 0.0466933189 -1.62059625e-06 3.22356338e-07 -1
TAG 41 -0.105784995 0.0105052503 0.0536665039 -0.333750681 -0.131703993 -0.933415524
TAG 71 -0.096079873 0.00270213046 0.0564810255 0.74861179 -0.322508554 -0.579282851
TAG 70 -0.118208439 0.00383577013 0.0653592954 -0.735818461 -0.677177107 0.0015353549
TAG 69 -0.119239302 0.00795267007 0.0681959954 -0.999896295 -0.0141984574 0.00240892698
TAG 67 -0.115078276 0.000454692191 0.0742448755 -0.735818461 -0.677177107 0.0015353549
TAG 65 0.119072188 -0.020557456 0.0800936336 0.751399702 -0.322919474 0.575431578
TAG 63 -0.104896891 0.0149528875 0.0527352849 0.329239713 0.132369034 -0.93492227
TAG 62 -0.0995730683 0.0302300905 0.0690462359 0.3213287 0.750213891 -0.577864158
TAG 59 -0.100018848 -0.00188752594 0.0603333581 0.344822933 -0.867729023 -0.35797135
TAG 55 -0.119337383 0.0151637023 0.0699872324 -0.999896295 -0.0141984574 0.00240892698
TAG 54 -0.104785227 0.0261860029 0.076486355 -0.344822968 0.867728888 0.357971643
TAG 53 -0.089146311 -0.000197085518 0.0670554248 0.74861179 -0.322508554 -0.579282851
TAG 52 -0.119278263 0.0119799944 0.0757618237 -0.999896295 -0.0141984574 0.00240892698
TAG 51 -0.102448777 0.00747370566 0.0865367572 -0.329239868 -0.132369105 0.934922205
TAG 45 -0.113699624 0.0170707545 0.0588716642 -0.751399624 0.322919173 -0.575431849
TAG 44 -0.11923843 0.00668793202 0.0611035411 -0.999896295 -0.0141984574 0.00240892698
