VGCC_O 2 0.119933892 -0.04777957 0.0466929781 -1.41802115e-06 2.82063236e-07 -1
VGCC_O 0 0.11238887 -0.0311459409 0.0466929927 -1.01287282e-06 -1.51427976e-07 -1
CaBS 10 0.0966234458 -0.00977422332 0.0602203169 -0.751399618 0.322919164 -0.575431861
CaBS 11 0.108092474 -0.035055247 0.0732837654 0.34654604 -0.867983022 0.355684293
CaBS 12 0.100111233 -0.0346314635 0.0664296424 -0.324116536 -0.749802846 -0.576839807
CaBS 13 0.122300343 -0.0123763339 0.0651476276 0.735818353 0.677177225 -0.00153536905
CaBS 14 0.0929785818 -0.0274306159 0.0756948657 -0.735818491 -0.677177075 0.00153536998
CaBS 15 0.109209105 -0.0334099521 0.0762108669 0.34654604 -0.867983022 0.355684293
CaBS 16 0.0973419994 -0.0205958607 0.0832148212 -0.329239867 -0.132369096 0.934922207
CaBS 17 0.121868099 -0.0272998476 0.0726590461 0.751399702 -0.322919474 0.575431578
CaBS 18 0.112760843 -0.00199786795 0.0708284331 0.735818353 0.677177225 -0.00153536905
CaBS 19 0.102612402 -0.00459774889 0.0635830361 -0.346545998 0.867982935 -0.355684546
CaBS 20 0.0926890508 -0.0266429622 0.0793009247 -0.321328743 -0.750213836 0.577864204
CaBS 21 0.0985521607 -0.00841307841 0.0809780134 -0.748611723 0.322508223 0.579283121
CaBS 22 0.118394742 -0.0208094592 0.0586512733 0.748611785 -0.322508546 -0.579282861
CaBS 23 0.0907614612 -0.0208477299 0.0755862613 -0.999896295 -0.0141984568 0.00240892729
CaBS 24 0.0986878347 -0.00673777634 0.0772864538 -0.344822968 0.867728907 0.357971598
CaBS 25 -0.114483643 0.0096903206 0.0826124239 -0.329239868 -0.132369105 0.934922205
CaBS 26 -0.0932336235 0.0151189325 0.0568660989 0.329239713 0.132369034 -0.93492227
CaBS 28 -0.0891408242 0.0154934247 0.08106457 0.333750517 0.131703937 0.933415591
CaBS 29 -0.0974251518 0.0109480559 0.084668047 0.333750517 0.131703937 0.933415591
CaBS 31 -0.108549009 -0.00161950358 0.0777122999 -0.321328736 -0.750213873 0.57786416
CaBS 38 -0.104334024 0.016660804 0.086332309 0.333750517 0.131703937 0.933415591
CaBS 39 -0.107319133 0.0258129269 0.064518516 -0.34654601 0.867982945 -0.355684509
Ca 6 0.504898093 -0.239829543 0.429229612 0 0 0
Ca 6 -0.0521432872 -0.157727354 0.213192726 0 0 0
Ca 1 0.512306022 -0.0823565002 0.605882657 0 0 0
Ca 8 0.254374837 0.0390078866 0.3673936 0 0 0
Ca 6 -0.161153182 0.542599225 0.679445403 0 0 0
Ca 7 -0.458748079 -0.0297516435 0.367995088 0 0 0
CaBS_Ca 49 -0.0915570891 0.021819648 0.0671343057 0.735818381 0.677177195 -0.00153536913
Ca 7 -0.242782816 0.387226323 0.637224391 0 0 0
Ca 4 0.102816855 0.107861058 0.143055619 0 0 0
Ca 4 0.0557010518 -0.681717839 0.631142092 0 0 0
Ca 6 0.147081455 0.519170289 0.0762056837 0 0 0
CaBS_Ca 50 -0.0951915811 -0.000153115305 0.0787031372 0.346545964 -0.867983059 0.355684276
Ca 8 0.425353271 -0.138042781 0.529143146 0 0 0
Ca 8 0.128835714 0.653439901 0.0880483671 0 0 0
Ca 7 0.170795661 -0.184187903 0.843461487 0 0 0
Ca 6 0.00643148784 -0.17477253 0.615744407 0 0 0
Ca 6 0.337343247 0.00258643046 0.979342683 0 0 0
Ca 8 0.312960507 -0.00180181544 0.311254765 0 0 0
Ca 4 -0.253567358 -0.250218689 0.463924556 0 0 0
Ca 4 0.190308172 0.325539176 0.0827755199 0 0 0
Ca 1 -0.0187620283 -0.226131693 0.39304452 0 0 0
Ca 1 0.184113411 0.0725063341 0.352347335 0 0 0
Ca 6 -0.285772427 0.587863341 0.242233221 0 0 0
Ca 8 -0.495877932 -0.272700439 0.428138453 0 0 0
Ca 1 0.123530219 -0.471020292 0.301767803 0 0 0
Ca 1 0.258972543 -0.405882062 0.639955018 0 0 0
Ca 1 0.309247504 0.188052667 0.452599509 0 0 0
Ca 8 0.126670256 -0.657472382 0.178524767 0 0 0
Ca 2 0.196344429 0.305637454 0.49236836 0 0 0
Ca 1 0.276610431 0.213172336 0.528707174 0 0 0
Ca 4 -0.49816577 -0.100883645 0.563126854 0 0 0
Ca 7 -0.413491319 0.00709635802 0.305342378 0 0 0
Ca 2 0.2413097 0.123565756 0.292234674 0 0 0
Ca 1 0.346164568 -0.26354568 0.403042693 0 0 0
Ca 6 -0.476918702 0.300179781 0.345203134 0 0 0
Ca 7 0.167955719 -0.454584078 0.459224723 0 0 0
Ca 6 -0.156782085 -0.212126921 0.455602448 0 0 0
Ca 8 -0.476860332 -0.397719955 0.6505885 0 0 0
Ca 6 0.00289135293 -0.0436196594 0.460119359 0 0 0
Ca 1 -0.312345715 0.27940869 0.495621181 0 0 0
Ca 6 0.183959688 0.111287899 0.41319195 0 0 0
Ca 8 -0.0273481502 0.0994221671 0.0947036663 0 0 0
Ca 7 -0.243410264 0.251799313 0.358751566 0 0 0
Ca 6 0.223275582 0.234797292 0.393901361 0 0 0
Ca 8 -0.0863723065 0.199649614 0.166984323 0 0 0
Ca 8 0.33739791 -0.0630789486 0.198260745 0 0 0
Ca 1 -0.0429343729 0.205916831 0.137062012 0 0 0
Ca 6 0.105524473 0.228163845 0.478141693 0 0 0
Ca 7 -0.313995044 -0.338141324 0.16301176 0 0 0
Ca 4 0.10882755 0.0821485442 0.181766389 0 0 0
Ca 8 0.0523476939 0.115331768 0.24142092 0 0 0
Ca 1 0.246237717 0.050224314 0.230923708 0 0 0
Ca 1 -0.391377641 0.368579785 0.203756539 0 0 0
Ca 4 -0.0269339693 -0.0523785438 0.187175441 0 0 0
Ca 1 -0.121187341 -0.00819336628 0.196982479 0 0 0
Ca 6 -0.0253144728 -0.0244515305 0.231726301 0 0 0
Ca 7 -0.0882405613 0.022703813 0.266085059 0 0 0
Ca 1 -0.311945821 -0.124436156 0.211900481 0 0 0
Ca 1 -0.219287753 0.296742612 0.186415918 0 0 0
Ca 6 -0.0805982943 0.273740577 0.227975199 0 0 0
Ca 7 -0.312404932 -0.118040685 0.144193375 0 0 0
Ca 8 -0.237747893 0.0500922728 0.132221033 0 0 0
Ca 7 -0.254881067 -0.165037424 0.065260679 0 0 0
Ca 4 -0.244141949 0.0226830534 0.0526786363 0 0 0
Ca 8 -0.405831488 0.0162742658 0.21765887 0 0 0
Ca 8 -0.295172108 0.205280926 0.0988431341 0 0 0
Ca 7 0.00208267557 0.205676265 0.128242801 0 0 0
Ca 6 -0.0440206362 -0.0108398363 0.266186147 0 0 0
Ca 6 -0.0106247355 -0.0479690747 0.103080804 0 0 0
Ca 1 -0.217637578 0.018500313 0.1252102 0 0 0
Ca 4 -0.0768661605 -0.152501949 0.0839603546 0 0 0
Ca 1 -0.0398612022 -0.0207222292 0.0991238781 0 0 0
Ca 7 -0.224316851 0.044528768 0.103682629 0 0 0
Ca 6 -0.105874793 -0.0218160407 0.159656864 0 0 0
Ca 7 -0.0365013862 -0.0917998303 0.193455853 0 0 0
Ca 6 -0.173074961 -0.0374446504 0.186877825 0 0 0
Ca 8 -0.135043876 0.0559972129 0.0913614489 0 0 0
Ca 1 -0.0655894675 0.0620229408 0.0510333467 0 0 0
Ca 1 -0.0795627388 -0.0246639233 0.0781937962 0 0 0
Ca 4 -0.0958584923 0.032613215 0.0466224475 0 0 0
Ca 8 -0.112217784 -0.000413482044 0.0470564581 0 0 0
Ca 8 -0.194308226 0.0377388222 0.0652205738 0 0 0
VGCC_O 9 0.0953603447 -0.018533153 0.0466930096 -1.14792244e-06 -1.24564753e-07 -1
VGCC_O 5 0.113746944 -0.0200409323 0.0466929896 -1.01287282e-06 -1.51427976e-07 -1
VGCC_O 4 -0.108229728 0.00324736392 0.0466932869 -8.10297798e-07 1.61178104e-07 -1
VGCC_O 1 -0.126159285 0.0151063295 0.0466933189 -1.62059625e-06 3.22356338e-07 -1
VGCC_O 3 0.0772568984 -0.00428239309 0.046693036 -1.41802159e-06 2.82063681e-07 -1
VGCC_O 7 -0.137449801 0.00579357966 0.0466933342 -1.62059625e-06 3.22356338e-07 -1
VGCC_O 6 -0.12622171 0.0241576588 0.046693322 -1.62059677e-06 3.22356891e-07 -1
VGCC_O 8 -0.134706799 0.0161271258 0.0466933331 -1.62059677e-06 3.22356891e-07 -1
TAG 41 -0.105784995 0.0105052503 0.0536665039 -0.333750681 -0.131703993 -0.933415524
TAG 53 -0.089146311 -0.000197085518 0.0670554248 0.74861179 -0.322508554 -0.579282851
TAG 52 -0.119278263 0.0119799944 0.0757618237 -0.999896295 -0.0141984574 0.00240892698
TAG 51 -0.102448777 0.00747370566 0.0865367572 -0.329239868 -0.132369105 0.934922205
TAG 45 -0.113699624 0.0170707545 0.0588716642 -0.751399624 0.322919173 -0.575431849
TAG 44 -0.11923843 0.00668793202 0.0611035411 -0.999896295 -0.0141984574 0.00240892698
