VGCC_O 6 -0.12622171 0.0241576588 0.046693322 -1.62059677e-06 3.22356891e-07 -1
VGCC_O 2 0.119933892 -0.04777957 0.0466929781 -1.41802115e-06 2.82063236e-07 -1
VGCC_O 1 -0.126159285 0.0151063295 0.0466933189 -1.62059625e-06 3.22356338e-07 -1
CaBS 10 0.0949362122 -0.00718651172 0.0747603737 -0.344822968 0.867728907 0.357971598
CaBS 11 0.11715739 -0.0312762298 0.0657642255 0.344822999 -0.867728964 -0.357971429
CaBS 13 0.0935957186 -0.02583724 0.0586594642 -0.324116536 -0.749802846 -0.576839807
CaBS 14 0.0906649494 -0.0144910568 0.0729930637 -0.999896295 -0.0141984568 0.00240892729
CaBS 15 0.105910509 -0.0064486744 0.0816416035 0.324116486 0.74980293 0.576839726
CaBS 16 0.113076379 -0.0166570201 0.0553151969 0.329239702 0.132369043 -0.934922272
CaBS 17 0.104114545 -0.0277305834 0.055210168 -0.324116536 -0.749802846 -0.576839807
CaBS 18 0.103986419 -0.0319720028 0.0786645283 -0.321328743 -0.750213836 0.577864204
CaBS 19 0.104415474 -0.0359321849 0.065701899 -0.324116536 -0.749802846 -0.576839807
CaBS 20 0.120464808 -0.0201304988 0.0609484324 0.748611785 -0.322508546 -0.579282861
CaBS 21 0.0968089298 -0.0114682816 0.0804261677 -0.748611723 0.322508223 0.579283121
CaBS 22 0.100456468 -0.0355705784 0.0692931671 -0.735818491 -0.677177075 0.00153536998
CaBS 23 0.117534479 -0.0225371473 0.0585014171 0.748611785 -0.322508546 -0.579282861
CaBS 24 0.112503414 -0.0320819961 0.0762418303 0.34654604 -0.867983022 0.355684293
CaBS_Ca 64 -0.0927397176 0.0122985689 0.082802175 0.333750517 0.131703937 0.933415591
Ca 8 0.17645152 0.52305744 0.371003618 0 0 0
Ca 6 0.239516481 -0.55196237 0.287774654 0 0 0
Ca 1 0.475274324 -0.142627931 0.843791205 0 0 0
Ca 8 -0.418251496 -0.254579849 0.548256193 0 0 0
Ca 1 0.121963483 0.246609503 0.828303756 0 0 0
Ca 6 -0.338823455 -0.38461179 0.534715791 0 0 0
Ca 4 -0.00582478957 0.556778356 0.719512346 0 0 0
Ca 4 -0.0945658971 -0.0862156751 0.83324241 0 0 0
Ca 4 0.190974572 -0.328554353 0.263194172 0 0 0
Ca 7 -0.524810118 -0.152187332 0.433646664 0 0 0
Ca 4 -0.3217098 0.456758019 0.711286056 0 0 0
Ca 8 -0.220570073 0.546855778 0.450720351 0 0 0
Ca 7 -0.0527900856 -0.158075681 0.270850514 0 0 0
Ca 6 -0.0600922472 0.424162418 0.226769804 0 0 0
Ca 4 0.21519078 0.020408069 0.244868734 0 0 0
Ca 8 -0.208527455 -0.307551285 0.266852509 0 0 0
Ca 1 -0.250215109 -0.0582494151 1.07674542 0 0 0
Ca 6 0.382011419 0.140422708 0.238238721 0 0 0
Ca 7 -0.25300506 0.130255072 0.335502383 0 0 0
Ca 6 -0.45292457 -0.0329552457 0.331864232 0 0 0
Ca 4 -0.304904028 -0.243825478 0.544145784 0 0 0
Ca 7 0.201976842 0.225097104 0.35346193 0 0 0
Ca 6 -0.140874737 0.00653293307 0.55603739 0 0 0
CaBS_Ca 68 -0.0881681583 0.00306350131 0.0729103036 0.75139969 -0.322919491 0.575431584
Ca 6 -0.315964686 0.494699205 0.256305388 0 0 0
Ca 1 0.372093903 -0.2565507 0.0499780043 0 0 0
Ca 4 -0.173447239 0.0522157707 0.580070625 0 0 0
Ca 7 -0.605853696 0.0777212935 0.244427594 0 0 0
Ca 8 -0.379990568 -0.0946234568 0.402386424 0 0 0
Ca 8 -0.746691281 0.133956607 0.145784595 0 0 0
Ca 7 0.105262296 0.145314631 0.160877614 0 0 0
Ca 4 -0.685892734 0.415271074 0.326531713 0 0 0
Ca 8 0.186065385 -0.399017504 0.372700883 0 0 0
Ca 4 0.326921051 0.456553912 0.0530343647 0 0 0
Ca 7 0.292238448 0.195411208 0.4646767 0 0 0
Ca 7 -0.21558345 -0.571792029 0.396868342 0 0 0
Ca 6 0.0233214428 0.148322479 0.0657847466 0 0 0
Ca 6 -0.132195044 0.190138398 0.773026045 0 0 0
Ca 7 0.480843073 0.240081445 0.448289738 0 0 0
Ca 4 0.0513635101 -0.0673548762 0.250479581 0 0 0
Ca 7 -0.322912046 0.332108308 0.483713505 0 0 0
Ca 7 0.396767713 0.259896793 0.163309076 0 0 0
Ca 7 -0.0082607952 0.13285643 0.279728201 0 0 0
Ca 1 -0.226607259 -0.40846447 0.158329228 0 0 0
Ca 7 0.178800036 -0.0209893961 0.28385638 0 0 0
Ca 1 -0.457946297 -0.0401833655 0.61885227 0 0 0
Ca 8 -0.128126521 0.297496901 0.576501269 0 0 0
Ca 4 0.00967889808 0.0970364758 0.435915236 0 0 0
Ca 1 0.361092461 -0.269337359 0.576921334 0 0 0
Ca 4 0.186475032 -0.373041812 0.185975762 0 0 0
Ca 8 0.285641684 0.0621106482 0.227777356 0 0 0
Ca 1 0.0924861457 -0.328271968 0.631312174 0 0 0
Ca 6 -0.370483519 -0.109122555 0.222550978 0 0 0
Ca 1 -0.332554592 0.217822979 0.248678857 0 0 0
Ca 4 0.333867082 0.0711162557 0.247550159 0 0 0
Ca 6 0.146472044 0.119038774 0.253044415 0 0 0
Ca 8 -0.418720332 0.201731887 0.226899093 0 0 0
Ca 1 -0.247693859 -0.176304326 0.234321549 0 0 0
Ca 8 -0.411431297 0.021271358 0.402410992 0 0 0
Ca 8 -0.15836828 -0.0125949021 0.143058436 0 0 0
Ca 8 -0.250760784 0.166120015 0.278364697 0 0 0
Ca 6 -0.430613602 0.0871832161 0.386276961 0 0 0
Ca 7 -0.242966635 -0.144659861 0.27501371 0 0 0
Ca 8 -0.152133408 -0.142631212 0.112410147 0 0 0
Ca 2 0.316225178 0.111786441 0.111030352 0 0 0
Ca 6 -0.259154759 -0.0079515406 0.245009244 0 0 0
Ca 6 -0.482603706 -0.313429327 0.434817691 0 0 0
Ca 4 -0.183404539 -0.0156602869 0.227210136 0 0 0
Ca 7 -0.324049601 0.256132605 0.15595882 0 0 0
Ca 4 -0.12182684 -0.058268799 0.0675415923 0 0 0
Ca 8 -0.306997518 0.142055923 0.148316182 0 0 0
Ca 7 -0.0370043106 -0.0586425053 0.240325 0 0 0
Ca 4 -0.0846845753 -0.0586406265 0.212706646 0 0 0
Ca 1 -0.151192703 0.0196786321 0.143857235 0 0 0
Ca 6 -0.0836151079 0.212766425 0.287814788 0 0 0
Ca 7 -0.361489469 0.0253941551 0.149155276 0 0 0
Ca 7 -0.39893968 0.0124800531 0.136801955 0 0 0
Ca 4 -0.141180006 -0.0533027817 0.166392442 0 0 0
Ca 1 -0.197397412 0.0702940025 0.0594167734 0 0 0
Ca 1 -0.0146732001 0.0648111506 0.18083589 0 0 0
Ca 8 -0.0333657344 0.168979722 0.0466067375 0 0 0
Ca 7 -0.0769109905 0.0517870599 0.0851364419 0 0 0
Ca 6 -0.104157581 0.0858653566 0.106251893 0 0 0
Ca 1 -0.0145733713 0.0515382865 0.0778774568 0 0 0
Ca 1 -0.152632414 0.0178792675 0.0482311818 0 0 0
VGCC_O 9 0.0953603447 -0.018533153 0.0466930096 -1.14792244e-06 -1.24564753e-07 -1
VGCC_O 0 0.11238887 -0.0311459409 0.0466929927 -1.01287282e-06 -1.51427976e-07 -1
VGCC_O 7 -0.137449801 0.00579357966 0.0466933342 -1.62059625e-06 3.22356338e-07 -1
VGCC_O 4 -0.108229728 0.00324736392 0.0466932869 -8.10297798e-07 1.61178104e-07 -1
VGCC_O 5 0.113746944 -0.0200409323 0.0466929896 -1.01287282e-06 -1.51427976e-07 -1
VGCC_O 3 0.0772568984 -0.00428239309 0.046693036 -1.41802159e-06 2.82063681e-07 -1
VGCC_O 8 -0.134706799 0.0161271258 0.0466933331 -1.62059677e-06 3.22356891e-07 -1
TAG 41 -0.105784995 0.0105052503 0.0536665039 -0.333750681 -0.131703993 -0.933415524
TAG 69 -0.119239302 0.00795267007 0.0681959954 -0.999896295 -0.0141984574 0.00240892698
TAG 67 -0.115078276 0.000454692191 0.0742448755 -0.735818461 -0.677177107 0.0015353549
TAG 65 0.119072188 -0.020557456 0.0800936336 0.751399702 -0.322919474 0.575431578
TAG 63 -0.104896891 0.0149528875 0.0527352849 0.329239713 0.132369034 -0.93492227
TAG 62 -0.0995730683 0.0302300905 0.0690462359 0.3213287 0.750213891 -0.577864158
TAG 59 -0.100018848 -0.00188752594 0.0603333581 0.344822933 -0.867729023 -0.35797135
TAG 55 -0.119337383 0.0151637023 0.0699872324 -0.999896295 -0.0141984574 0.00240892698
TAG 54 -0.104785227 0.0261860029 0.076486355 -0.344822968 0.867728888 0.357971643
TAG 53 -0.089146311 -0.000197085518 0.0670554248 0.74861179 -0.322508554 -0.579282851
TAG 52 -0.119278263 0.0119799944 0.0757618237 -0.999896295 -0.0141984574 0.00240892698
TAG 51 -0.102448777 0.00747370566 0.0865367572 -0.329239868 -0.132369105 0.934922205
TAG 45 -0.113699624 0.0170707545 0.0588716642 -0.751399624 0.322919173 -0.575431849
TAG 44 -0.11923843 0.00668793202 0.0611035411 -0.999896295 -0.0141984574 0.00240892698
