VGCC_O 6 -0.12622171 0.0241576588 0.046693322 -1.62059677e-06 3.22356891e-07 -1
VGCC_O 9 0.0953603447 -0.018533153 0.0466930096 -1.14792244e-06 -1.24564753e-07 -1
VGCC_O 2 0.119933892 -0.04777957 0.0466929781 -1.41802115e-06 2.82063236e-07 -1
VGCC_O 3 0.0772568984 -0.00428239309 0.046693036 -1.41802159e-06 2.82063681e-07 -1
VGCC_O 1 -0.126159285 0.0151063295 0.0466933189 -1.62059625e-06 3.22356338e-07 -1
CaBS 10 0.0907568851 -0.0227815384 0.0622887269 -0.999896295 -0.0141984568 0.00240892729
CaBS 11 0.0907936074 -0.0229697714 0.0764219563 -0.999896295 -0.0141984568 0.00240892729
CaBS 12 0.120768752 -0.0282327424 0.0658520452 0.748611785 -0.322508546 -0.579282861
CaBS 13 0.0920903177 -0.0264754239 0.0712874477 -0.735818491 -0.677177075 0.00153536998
CaBS 14 0.10709677 -0.00470052455 0.0607932746 0.321328636 0.750213906 -0.577864173
CaBS 15 0.109237068 -0.00138138789 0.0662924938 0.321328636 0.750213906 -0.577864173
CaBS 16 0.0979387391 -0.0107754617 0.0815005099 -0.748611723 0.322508223 0.579283121
CaBS 17 0.108542814 -0.0255415551 0.0864590457 -0.329239867 -0.132369096 0.934922207
CaBS 18 0.102294028 -0.00369673945 0.0660919789 -0.346545998 0.867982935 -0.355684546
CaBS 19 0.10451659 -0.0299696512 0.081558895 -0.321328743 -0.750213836 0.577864204
CaBS 20 0.118637929 -0.0110115435 0.0590175821 0.321328636 0.750213906 -0.577864173
CaBS 21 0.103554951 -0.0309599427 0.0597222641 -0.324116536 -0.749802846 -0.576839807
CaBS 22 0.101467095 -0.00649446838 0.0793738465 -0.344822968 0.867728907 0.357971598
CaBS 23 0.11940356 -0.0306113269 0.0663161563 0.344822999 -0.867728964 -0.357971429
CaBS 24 0.095713839 -0.0287172872 0.0782898983 -0.321328743 -0.750213836 0.577864204
CaBS 25 -0.0878805337 0.0119547412 0.0619258198 0.74861179 -0.322508554 -0.579282851
CaBS 26 -0.0947308921 -0.00226058191 0.0731113938 0.346545964 -0.867983059 0.355684276
CaBS 27 -0.112471065 -0.00237869231 0.0740700015 -0.735818461 -0.677177107 0.0015353549
CaBS 28 -0.105430229 0.0122849052 0.0861680005 -0.329239868 -0.132369105 0.934922205
CaBS 29 -0.111881105 -0.00247164243 0.0747531537 -0.321328736 -0.750213873 0.57786416
CaBS 30 -0.108015377 0.0236246399 0.0795836361 -0.344822968 0.867728888 0.357971643
CaBS 31 -0.111639692 0.00591379586 0.0830792508 -0.329239868 -0.132369105 0.934922205
CaBS 32 -0.0875475451 0.0140190214 0.063476189 0.999896301 0.0141980506 -0.0024089266
CaBS 34 -0.102192784 0.0212922808 0.0559859714 0.3213287 0.750213891 -0.577864158
CaBS 35 -0.0975361109 0.00419901667 0.0856600035 0.333750517 0.131703937 0.933415591
CaBS 36 -0.0903620106 0.0205294254 0.0708151258 0.735818381 0.677177195 -0.00153536913
CaBS 37 -0.102810314 -0.000329477535 0.0825781548 -0.321328736 -0.750213873 0.57786416
CaBS 38 -0.0926346982 0.0134910248 0.0825963702 0.333750517 0.131703937 0.933415591
CaBS 39 -0.0903032077 0.0181942038 0.0585752332 0.3213287 0.750213891 -0.577864158
Ca 6 -0.586082433 0.0752078232 0.440118779 0 0 0
Ca 7 -0.43042237 0.143505643 0.111194394 0 0 0
Ca 7 -0.174237147 0.146698444 0.36862824 0 0 0
Ca 8 -0.312623433 0.463766627 0.50130165 0 0 0
Ca 7 -0.324765596 -0.039945566 0.28504926 0 0 0
Ca 7 -0.0115409156 -0.0932484635 0.606571343 0 0 0
Ca 1 -0.266056916 0.520056679 0.484818472 0 0 0
Ca 7 -0.636069302 0.395934814 0.081864972 0 0 0
Ca 7 0.408836345 0.15192073 0.626621508 0 0 0
Ca 1 0.238215007 0.117308421 0.414655892 0 0 0
Ca 4 0.0793224063 -0.0318726011 0.444680267 0 0 0
Ca 1 -0.362305231 0.00871334965 0.427746128 0 0 0
Ca 6 -0.148916034 0.13794808 0.184199366 0 0 0
Ca 6 -0.0359377652 -0.128549994 0.161400329 0 0 0
Ca 1 -0.173356497 0.603454097 0.751066262 0 0 0
Ca 8 -0.0689358032 0.486610155 0.48294041 0 0 0
Ca 8 -0.259727425 -0.569338328 0.805432222 0 0 0
Ca 6 -0.324825027 -0.121604367 0.490027714 0 0 0
Ca 1 -0.24658418 -0.123065651 0.515327594 0 0 0
Ca 8 -0.0241887412 -0.0951343745 0.173338593 0 0 0
Ca 6 0.0735926131 0.0525595427 0.0495717339 0 0 0
Ca 8 -0.571791535 0.500734004 0.455626181 0 0 0
Ca 7 -0.0881463649 -0.241091809 0.310471293 0 0 0
Ca 8 0.19240087 -0.0454477656 0.555010081 0 0 0
CaBS_Ca 40 -0.0873956655 0.00401772581 0.0675713502 0.999896301 0.0141980506 -0.0024089266
Ca 6 -0.39428095 0.203869317 0.589937436 0 0 0
Ca 8 -0.600329648 0.256287825 0.283726192 0 0 0
Ca 6 -0.282789395 -0.267316137 0.251633125 0 0 0
Ca 1 -0.104203624 0.240796114 0.659520814 0 0 0
Ca 6 -0.323328861 0.302124693 0.444676153 0 0 0
Ca 8 -0.0812700464 -0.025217982 0.358115505 0 0 0
Ca 1 -0.43361416 0.431517783 0.104988084 0 0 0
Ca 1 0.0323134468 0.315833835 0.535584598 0 0 0
Ca 6 0.0590148186 0.231040415 0.273827286 0 0 0
Ca 6 0.230497819 0.00946342359 0.123103981 0 0 0
Ca 7 0.133625961 -0.139782734 0.195399024 0 0 0
Ca 6 -0.483785908 -0.0598659412 0.568566189 0 0 0
Ca 4 0.0134935459 -0.14757374 0.195101523 0 0 0
Ca 7 -0.223420603 -0.0664920559 0.124373754 0 0 0
Ca 6 -0.361240076 0.0528040755 0.18649894 0 0 0
Ca 4 -0.111500866 0.0936208289 0.0841334325 0 0 0
Ca 4 -0.188784963 0.171251369 0.322070082 0 0 0
Ca 8 -0.222944135 0.0613090987 0.173060385 0 0 0
Ca 4 -0.154047073 0.142413558 0.163434379 0 0 0
Ca 8 -0.138126917 0.13604562 0.187880352 0 0 0
Ca 8 -0.324964689 0.0924013893 0.12112162 0 0 0
Ca 7 -0.0691637025 0.0295317342 0.250972347 0 0 0
Ca 7 -0.241594279 0.133796289 0.163319117 0 0 0
Ca 7 -0.239207868 0.116555067 0.418816234 0 0 0
Ca 6 -0.0797324014 0.0529773979 0.189987103 0 0 0
Ca 7 -0.252215829 0.089143025 0.2379148 0 0 0
Ca 6 -0.0902607799 -0.0472108442 0.0607095409 0 0 0
Ca 8 -0.173012604 -0.14408946 0.132358903 0 0 0
Ca 8 -0.0848738241 0.0645233742 0.119939671 0 0 0
Ca 1 -0.132021919 -0.114942857 0.256831671 0 0 0
Ca 6 -0.281247275 0.0340682551 0.117958142 0 0 0
Ca 7 -0.0637470948 -0.00375985109 0.168564159 0 0 0
Ca 6 -0.0397821685 0.0741137051 0.0672940392 0 0 0
Ca 1 -0.123921079 0.0816814796 0.0915339377 0 0 0
Ca 8 -0.200630186 0.0215530911 0.128157288 0 0 0
Ca 1 -0.0411610102 0.104602976 0.0802630793 0 0 0
Ca 7 -0.245121119 0.00663476211 0.105545797 0 0 0
Ca 8 -0.240538708 0.0314353331 0.0753486115 0 0 0
Ca 4 -0.105455439 0.0497076221 0.0973106734 0 0 0
Ca 1 -0.134013911 0.0194519203 0.0466663396 0 0 0
VGCC_O 8 -0.134706799 0.0161271258 0.0466933331 -1.62059677e-06 3.22356891e-07 -1
VGCC_O 4 -0.108229728 0.00324736392 0.0466932869 -8.10297798e-07 1.61178104e-07 -1
VGCC_O 0 0.11238887 -0.0311459409 0.0466929927 -1.01287282e-06 -1.51427976e-07 -1
VGCC_O 7 -0.137449801 0.00579357966 0.0466933342 -1.62059625e-06 3.22356338e-07 -1
VGCC_O 5 0.113746944 -0.0200409323 0.0466929896 -1.01287282e-06 -1.51427976e-07 -1
