VGCC_O 7 -0.137449801 0.00579357966 0.0466933342 -1.62059625e-06 3.22356338e-07 -1
VGCC_O 8 -0.134706799 0.0161271258 0.0466933331 -1.62059677e-06 3.22356891e-07 -1
CaBS 10 0.0981502882 -0.00879483401 0.0587761751 -0.751399618 0.322919164 -0.575431861
CaBS 11 0.122485929 -0.0178237912 0.0665118559 0.999896301 0.01419805 -0.0024089266
CaBS 13 0.108165118 -0.0139641326 0.0855268958 0.333750516 0.131703927 0.933415593
CaBS 14 0.0931467732 -0.0257665731 0.058819863 -0.324116536 -0.749802846 -0.576839807
CaBS 15 0.120396678 -0.0103162884 0.0614121614 0.735818353 0.677177225 -0.00153536905
CaBS 16 0.0932799105 -0.00602010289 0.0703375158 -0.344822968 0.867728907 0.357971598
CaBS 17 0.100615518 -0.00703390226 0.0595836292 -0.346545998 0.867982935 -0.355684546
CaBS 19 0.107247004 -0.0269615863 0.0536359479 -0.333750671 -0.131704002 -0.933415527
CaBS 20 0.115238636 -0.0105983486 0.0817942245 0.324116486 0.74980293 0.576839726
CaBS 21 0.121028119 -0.0153091514 0.0589921785 0.748611785 -0.322508546 -0.579282861
CaBS 22 0.0999069851 -0.0266605604 0.0562179597 -0.333750671 -0.131704002 -0.933415527
CaBS 23 0.11521371 -0.026407644 0.0576571202 0.748611785 -0.322508546 -0.579282861
CaBS 24 0.114124212 -0.00393237944 0.0656982188 0.321328636 0.750213906 -0.577864173
Ca 7 -0.658596192 -0.165174435 0.272775625 0 0 0
Ca 1 0.127731507 0.689922438 0.717971856 0 0 0
Ca 8 -0.514392321 -0.215408602 0.292442358 0 0 0
Ca 6 0.216581621 -0.0915370921 0.818797409 0 0 0
Ca 6 -0.0120245428 0.614770403 0.641209676 0 0 0
Ca 8 -0.261550072 -0.185251665 0.483925446 0 0 0
Ca 6 -0.177523665 0.619736178 0.196309492 0 0 0
Ca 7 0.274056116 -0.641943548 0.433772922 0 0 0
Ca 7 0.314191108 -0.0067740836 0.962945795 0 0 0
Ca 1 -0.303134212 0.0482690814 0.184645593 0 0 0
Ca 6 0.347155537 0.0979213002 0.39289815 0 0 0
Ca 1 -0.0262856605 0.390314517 0.294208988 0 0 0
Ca 6 -0.323918861 0.30479569 0.259982749 0 0 0
Ca 6 -0.147656365 0.227151136 0.24354002 0 0 0
Ca 6 0.286086311 0.433173061 0.725547749 0 0 0
Ca 4 0.255547709 -0.148420029 0.129473872 0 0 0
Ca 8 0.304462325 0.42168836 0.464981519 0 0 0
Ca 8 -0.680782812 -0.00445611303 0.317147584 0 0 0
Ca 4 -0.258120175 0.193397758 0.426050755 0 0 0
Ca 7 0.0562771464 0.345767485 0.749297932 0 0 0
Ca 1 0.666634072 0.0683174143 0.634054154 0 0 0
Ca 4 0.448564816 0.0744995314 0.745899229 0 0 0
Ca 6 0.170684843 0.204816396 0.588780685 0 0 0
Ca 1 -0.229542018 -0.155529488 0.725648695 0 0 0
Ca 1 -0.187904249 -0.00852958526 0.620161646 0 0 0
Ca 4 -0.483364749 -0.240962584 0.689156959 0 0 0
Ca 4 -0.474074208 0.420731269 0.339458223 0 0 0
Ca 6 0.315863177 0.52961599 0.637057882 0 0 0
Ca 1 -0.105923825 -0.210981066 0.502104978 0 0 0
Ca 6 -0.147389724 0.132224667 0.556364314 0 0 0
Ca 7 0.234913074 -0.0284077018 0.61620411 0 0 0
Ca 4 -0.392805079 -0.295698015 0.456712415 0 0 0
Ca 1 -0.175399576 0.131591717 0.32528999 0 0 0
Ca 1 -0.169463557 0.082438842 0.549046451 0 0 0
Ca 7 -0.479132045 0.310504201 0.510218053 0 0 0
Ca 1 0.159202271 0.285970373 0.71894271 0 0 0
Ca 1 -0.236928253 0.344531458 0.188369012 0 0 0
Ca 8 -0.307882084 -0.129917069 0.237253931 0 0 0
Ca 7 -0.201154574 0.0693914141 0.31216533 0 0 0
Ca 1 0.025356594 0.467904218 0.617531697 0 0 0
Ca 1 -0.438534569 0.207854756 0.153303383 0 0 0
Ca 7 -0.411200085 0.168336785 0.145531424 0 0 0
Ca 8 -0.436462557 -0.534967016 0.471605505 0 0 0
Ca 4 0.257265328 0.0190844643 0.156438541 0 0 0
Ca 8 -0.523884642 0.0496350297 0.143953306 0 0 0
Ca 7 -0.0013943557 -0.128245897 0.261382579 0 0 0
Ca 8 -0.191285409 -0.283941118 0.346436794 0 0 0
Ca 1 0.00960682176 0.0629015303 0.684161825 0 0 0
Ca 8 0.211684205 -0.0229441301 0.186734631 0 0 0
Ca 7 0.0117383451 0.301372165 0.352186499 0 0 0
Ca 4 -0.0549506031 -0.0897343384 0.473001725 0 0 0
Ca 4 -0.395520874 0.299587614 0.165181791 0 0 0
Ca 6 0.00671394255 -0.186817492 0.559797404 0 0 0
Ca 8 0.100805664 -0.372269234 0.329043022 0 0 0
Ca 4 0.462544505 -0.067517149 0.203365975 0 0 0
Ca 8 -0.131534178 -0.0920509278 0.493277094 0 0 0
Ca 7 -0.251231425 -0.137734329 0.297449306 0 0 0
Ca 4 0.570946993 -0.045790571 0.119165419 0 0 0
Ca 1 -0.256158143 -0.151052046 0.258991968 0 0 0
Ca 7 -0.0791634164 0.259604755 0.405473127 0 0 0
Ca 7 0.0633620879 -0.0372655375 0.275426747 0 0 0
Ca 1 0.159155667 0.161835608 0.187609248 0 0 0
Ca 4 -0.301568034 -0.0343159658 0.0673284666 0 0 0
Ca 7 -0.293335718 -0.240599591 0.076347354 0 0 0
Ca 6 -0.182195013 -0.262581264 0.343326305 0 0 0
Ca 1 0.0497508297 0.0905224784 0.391236448 0 0 0
Ca 1 -0.0485733729 -0.202783297 0.454682894 0 0 0
Ca 1 -0.00764600665 0.235730996 0.118348394 0 0 0
Ca 7 -0.10841397 0.112816918 0.296155641 0 0 0
Ca 1 0.0857892179 -0.182464875 0.260631546 0 0 0
Ca 7 -0.274341764 0.0570399966 0.122408656 0 0 0
Ca 8 -0.139197594 0.133633627 0.214383966 0 0 0
Ca 6 -0.253940063 -0.192617281 0.157212895 0 0 0
Ca 7 -0.358027842 0.0224645061 0.387374868 0 0 0
Ca 8 -0.202818753 0.280192294 0.238462333 0 0 0
Ca 8 -0.348773501 0.0202994145 0.18759127 0 0 0
Ca 8 -0.0238748353 0.216430197 0.220525046 0 0 0
Ca 6 0.0770733704 -0.139748064 0.241378228 0 0 0
Ca 8 -0.447828988 -0.0631851762 0.494829485 0 0 0
Ca 6 -0.313553105 0.0110170928 0.185750931 0 0 0
Ca 1 -0.30079754 0.0552933326 0.102964134 0 0 0
Ca 8 -0.046020343 -0.0420815052 0.101137424 0 0 0
Ca 6 -0.177153857 0.146401121 0.0555996432 0 0 0
Ca 7 -0.250274851 -0.0202567236 0.115314579 0 0 0
Ca 1 -0.302436362 0.0251319549 0.119418572 0 0 0
Ca 1 -0.115956769 0.29517014 0.166971894 0 0 0
Ca 8 -0.263464803 0.109210316 0.175958657 0 0 0
Ca 1 -0.0811954361 0.0180010638 0.0916395108 0 0 0
Ca 6 -0.0858570934 0.0328139688 0.178799763 0 0 0
Ca 2 0.0976652334 -0.0429018233 0.178375257 0 0 0
Ca 6 -0.133057915 0.002187917 0.168123635 0 0 0
Ca 7 -0.167086275 -0.0665568346 0.0861427242 0 0 0
Ca 7 -0.184331124 0.143028961 0.0659975597 0 0 0
Ca 8 -0.118870468 0.01944571 0.0466799448 0 0 0
Ca 4 -0.0808767255 0.00592930991 0.0488186201 0 0 0
Ca 4 -0.0943018773 0.00871750482 0.12824854 0 0 0
Ca 6 -0.115284837 0.0295765605 0.0466241787 0 0 0
VGCC_O 9 0.0953603447 -0.018533153 0.0466930096 -1.14792244e-06 -1.24564753e-07 -1
VGCC_O 5 0.113746944 -0.0200409323 0.0466929896 -1.01287282e-06 -1.51427976e-07 -1
VGCC_O 0 0.11238887 -0.0311459409 0.0466929927 -1.01287282e-06 -1.51427976e-07 -1
VGCC_O 3 0.0772568984 -0.00428239309 0.046693036 -1.41802159e-06 2.82063681e-07 -1
VGCC_O 6 -0.12622171 0.0241576588 0.046693322 -1.62059677e-06 3.22356891e-07 -1
VGCC_O 2 0.119933892 -0.04777957 0.0466929781 -1.41802115e-06 2.82063236e-07 -1
VGCC_O 4 -0.108229728 0.00324736392 0.0466932869 -8.10297798e-07 1.61178104e-07 -1
VGCC_O 1 -0.126159285 0.0151063295 0.0466933189 -1.62059625e-06 3.22356338e-07 -1
TAG 41 -0.105784995 0.0105052503 0.0536665039 -0.333750681 -0.131703993 -0.933415524
TAG 73 0.105323475 -0.00357186878 0.063445091 -0.346545998 0.867982935 -0.355684546
TAG 71 -0.096079873 0.00270213046 0.0564810255 0.74861179 -0.322508554 -0.579282851
TAG 70 -0.118208439 0.00383577013 0.0653592954 -0.735818461 -0.677177107 0.0015353549
TAG 69 -0.119239302 0.00795267007 0.0681959954 -0.999896295 -0.0141984574 0.00240892698
TAG 67 -0.115078276 0.000454692191 0.0742448755 -0.735818461 -0.677177107 0.0015353549
TAG 65 0.119072188 -0.020557456 0.0800936336 0.751399702 -0.322919474 0.575431578
TAG 63 -0.104896891 0.0149528875 0.0527352849 0.329239713 0.132369034 -0.93492227
TAG 62 -0.0995730683 0.0302300905 0.0690462359 0.3213287 0.750213891 -0.577864158
TAG 59 -0.100018848 -0.00188752594 0.0603333581 0.344822933 -0.867729023 -0.35797135
TAG 55 -0.119337383 0.0151637023 0.0699872324 -0.999896295 -0.0141984574 0.00240892698
TAG 54 -0.104785227 0.0261860029 0.076486355 -0.344822968 0.867728888 0.357971643
TAG 53 -0.089146311 -0.000197085518 0.0670554248 0.74861179 -0.322508554 -0.579282851
TAG 52 -0.119278263 0.0119799944 0.0757618237 -0.999896295 -0.0141984574 0.00240892698
TAG 51 -0.102448777 0.00747370566 0.0865367572 -0.329239868 -0.132369105 0.934922205
TAG 45 -0.113699624 0.0170707545 0.0588716642 -0.751399624 0.322919173 -0.575431849
TAG 44 -0.11923843 0.00668793202 0.0611035411 -0.999896295 -0.0141984574 0.00240892698
