VGCC_O 3 0.0772568984 -0.00428239309 0.046693036 -1.41802159e-06 2.82063681e-07 -1
CaBS 10 0.116627496 -0.00620730925 0.0673220505 0.735818353 0.677177225 -0.00153536905
CaBS 11 0.109186007 -0.00415990345 0.0768261061 0.324116486 0.74980293 0.576839726
CaBS 13 0.111794986 -0.00949905835 0.0571760658 0.321328636 0.750213906 -0.577864173
CaBS 14 0.099410236 -0.00999594892 0.0564568957 -0.751399618 0.322919164 -0.575431861
CaBS 15 0.107095973 -0.0069228447 0.0815918595 0.324116486 0.74980293 0.576839726
CaBS 16 0.0908042068 -0.0238966999 0.0753581465 -0.999896295 -0.0141984568 0.00240892729
CaBS 17 0.103697844 -0.029659688 0.0815060314 -0.321328743 -0.750213836 0.577864204
CaBS 18 0.109416605 -0.03366604 0.0753837611 0.34654604 -0.867983022 0.355684293
CaBS 19 0.095066842 -0.0168124288 0.0583032525 -0.751399618 0.322919164 -0.575431861
CaBS 20 0.0923969721 -0.0268271971 0.0630999541 -0.735818491 -0.677177075 0.00153536998
CaBS 21 0.11813151 -0.0228791868 0.0800190689 0.751399702 -0.322919474 0.575431578
CaBS 22 0.106995763 -0.0264750634 0.0857820712 -0.329239867 -0.132369096 0.934922207
CaBS 23 0.101226867 -0.0301281793 0.079523793 -0.321328743 -0.750213836 0.577864204
CaBS 24 0.0932266267 -0.0227027285 0.0814672652 -0.329239867 -0.132369096 0.934922207
CaBS 25 -0.095972844 0.00562451923 0.0549923362 0.74861179 -0.322508554 -0.579282851
CaBS 28 -0.0953745415 0.0222724432 0.0784071731 0.324116492 0.749802901 0.576839761
CaBS 29 -0.0875064396 0.0121293667 0.0694007258 0.999896301 0.0141980506 -0.0024089266
CaBS 31 -0.107381467 0.00187141806 0.0828936261 -0.321328736 -0.750213873 0.57786416
CaBS 38 -0.0894383346 0.0195138273 0.0655511333 0.735818381 0.677177195 -0.00153536913
Ca 4 -0.0142732616 -0.373735282 0.830457822 0 0 0
Ca 1 0.10982231 -0.372964966 0.276102484 0 0 0
Ca 4 0.00566106351 0.0211443781 0.136992663 0 0 0
Ca 7 -0.159578242 0.154682361 0.322850343 0 0 0
Ca 8 0.0178626289 -0.280457242 1.29348769 0 0 0
Ca 7 -0.326905222 0.325311019 0.521459186 0 0 0
Ca 4 0.581126936 0.0306028922 0.522591243 0 0 0
Ca 7 -0.311061368 -0.51723961 0.544400042 0 0 0
Ca 1 0.541595912 0.418221872 0.654129238 0 0 0
Ca 1 -0.217425641 0.000474488785 0.596593686 0 0 0
Ca 6 -0.385100523 0.343352387 0.14003508 0 0 0
Ca 4 0.0747735069 0.207307675 0.211346154 0 0 0
Ca 1 0.271221243 0.102420475 0.356439378 0 0 0
Ca 7 0.0192577247 0.366754885 0.493821111 0 0 0
Ca 6 0.657709522 0.0516843515 0.302915332 0 0 0
Ca 6 -0.458089241 0.260471894 0.18049461 0 0 0
Ca 8 -0.0944121224 0.506077403 0.130409943 0 0 0
CaBS_Ca 56 0.107375106 -0.0151223692 0.085972797 0.333750516 0.131703927 0.933415593
Ca 1 -0.656036724 0.292855992 0.188303861 0 0 0
Ca 4 -0.39564306 0.0913720475 0.378991617 0 0 0
Ca 8 -0.11648081 -0.277503001 0.541031682 0 0 0
Ca 6 -0.467308394 -0.184717416 0.747481186 0 0 0
Ca 1 0.0697834011 -0.101215478 0.26283358 0 0 0
Ca 6 -0.0560063242 0.22454716 0.358841699 0 0 0
Ca 4 -0.157719528 0.0102980299 0.442940387 0 0 0
Ca 7 -0.311790479 0.507400864 0.415146526 0 0 0
Ca 6 0.320058258 -0.100491318 0.299427107 0 0 0
Ca 8 -0.725107149 0.00679934509 0.510594341 0 0 0
Ca 6 0.0471413404 -0.678755555 0.514199658 0 0 0
Ca 7 -0.459832937 0.0143017272 0.236705035 0 0 0
Ca 7 0.0795427128 0.607645527 0.104106421 0 0 0
Ca 1 0.215907869 -0.237849582 0.451930315 0 0 0
CaBS_Ca 57 -0.119307739 0.0128460347 0.068631291 -0.999896295 -0.0141984574 0.00240892698
Ca 1 -0.350381957 0.429588792 0.714619203 0 0 0
Ca 6 0.532508302 0.331700204 0.327481606 0 0 0
Ca 1 -0.170072142 0.00648579485 0.212586625 0 0 0
Ca 6 -0.251360128 0.536432817 0.335255457 0 0 0
Ca 4 -0.662299852 0.0564845987 0.364295427 0 0 0
Ca 1 0.162242544 0.352570499 0.565169168 0 0 0
Ca 1 -0.0117937579 -0.0630064192 0.392765006 0 0 0
Ca 7 -0.342586264 -0.275647664 0.31747922 0 0 0
Ca 7 -0.471060523 0.241794824 0.353219136 0 0 0
Ca 6 -0.291779004 -0.393994849 0.405074439 0 0 0
Ca 4 -0.0132059197 0.204554129 0.49543832 0 0 0
Ca 7 0.0436721391 -0.124289913 0.13984238 0 0 0
Ca 1 -0.353936132 -0.721537128 0.453196331 0 0 0
Ca 1 0.31418543 0.398000083 0.28430769 0 0 0
Ca 6 -0.135132746 -0.091926868 0.262936357 0 0 0
Ca 1 -0.468254484 -0.551361766 0.136148496 0 0 0
Ca 4 0.0710159955 0.117581907 0.286316839 0 0 0
Ca 4 -0.206335175 0.179575171 0.48068998 0 0 0
Ca 6 -0.164377744 0.108185455 0.211369534 0 0 0
Ca 6 -0.582819466 0.272932062 0.127852947 0 0 0
Ca 1 -0.272184639 -0.702574008 0.113858504 0 0 0
Ca 7 -0.167030893 0.0359301368 0.202637649 0 0 0
Ca 6 -0.462945061 0.255629923 0.23557911 0 0 0
Ca 8 -0.00277635159 -0.0785290661 0.548584652 0 0 0
Ca 8 0.0731913083 0.25546312 0.111920577 0 0 0
Ca 1 -0.51439339 -0.27712649 0.083193992 0 0 0
Ca 8 -0.323621716 0.3245445 0.225712574 0 0 0
Ca 4 -0.367910739 0.0567300934 0.180943325 0 0 0
Ca 4 -0.0199201379 -0.0831538929 0.168962053 0 0 0
Ca 8 -0.22175457 -0.179268656 0.0735891929 0 0 0
Ca 4 -0.139037914 -0.00952140937 0.0951460767 0 0 0
Ca 6 -0.252748703 0.220182808 0.184709113 0 0 0
Ca 6 0.0664841551 -0.0848718182 0.0892557633 0 0 0
Ca 1 -0.211113943 -0.198873544 0.0787608234 0 0 0
Ca 4 0.0191184362 -0.243818953 0.184168643 0 0 0
Ca 6 -0.224461407 -0.00725450605 0.0623625599 0 0 0
Ca 7 -0.0915987625 0.290938218 0.274951727 0 0 0
Ca 6 -0.383412398 0.166848114 0.13564286 0 0 0
Ca 8 -0.0883891726 0.0487159249 0.12249037 0 0 0
Ca 1 -0.150501383 0.0416381326 0.0480188193 0 0 0
Ca 1 -0.0768041183 0.111371311 0.146472851 0 0 0
Ca 4 -0.090273861 0.0433048615 0.105295391 0 0 0
Ca 8 -0.248315004 0.0075824955 0.0495865487 0 0 0
Ca 8 -0.115654793 0.0241962643 0.0495466133 0 0 0
Ca 8 -0.103405248 0.0398895679 0.0766309425 0 0 0
Ca 8 -0.139425257 0.0575404357 0.0523146398 0 0 0
Ca 6 -0.0594301141 0.0470905581 0.0481161364 0 0 0
Ca 4 -0.0528627009 0.0733233574 0.0496403051 0 0 0
Ca 8 -0.135758573 0.0493318336 0.0466644413 0 0 0
VGCC_O 9 0.0953603447 -0.018533153 0.0466930096 -1.14792244e-06 -1.24564753e-07 -1
VGCC_O 4 -0.108229728 0.00324736392 0.0466932869 -8.10297798e-07 1.61178104e-07 -1
VGCC_O 8 -0.134706799 0.0161271258 0.0466933331 -1.62059677e-06 3.22356891e-07 -1
VGCC_O 7 -0.137449801 0.00579357966 0.0466933342 -1.62059625e-06 3.22356338e-07 -1
VGCC_O 5 0.113746944 -0.0200409323 0.0466929896 -1.01287282e-06 -1.51427976e-07 -1
VGCC_O 0 0.11238887 -0.0311459409 0.0466929927 -1.01287282e-06 -1.51427976e-07 -1
VGCC_O 1 -0.126159285 0.0151063295 0.0466933189 -1.62059625e-06 3.22356338e-07 -1
VGCC_O 6 -0.12622171 0.0241576588 0.046693322 -1.62059677e-06 3.22356891e-07 -1
VGCC_O 2 0.119933892 -0.04777957 0.0466929781 -1.41802115e-06 2.82063236e-07 -1
TAG 41 -0.105784995 0.0105052503 0.0536665039 -0.333750681 -0.131703993 -0.933415524
TAG 59 -0.100018848 -0.00188752594 0.0603333581 0.344822933 -0.867729023 -0.35797135
TAG 55 -0.119337383 0.0151637023 0.0699872324 -0.999896295 -0.0141984574 0.00240892698
TAG 54 -0.104785227 0.0261860029 0.076486355 -0.344822968 0.867728888 0.357971643
TAG 53 -0.089146311 -0.000197085518 0.0670554248 0.74861179 -0.322508554 -0.579282851
TAG 52 -0.119278263 0.0119799944 0.0757618237 -0.999896295 -0.0141984574 0.00240892698
TAG 51 -0.102448777 0.00747370566 0.0865367572 -0.329239868 -0.132369105 0.934922205
TAG 45 -0.113699624 0.0170707545 0.0588716642 -0.751399624 0.322919173 -0.575431849
TAG 44 -0.11923843 0.00668793202 0.0611035411 -0.999896295 -0.0141984574 0.00240892698
