VGCC_O 5 0.113746944 -0.0200409323 0.0466929896 -1.01287282e-06 -1.51427976e-07 -1
VGCC_O 1 -0.126159285 0.0151063295 0.0466933189 -1.62059625e-06 3.22356338e-07 -1
CaBS 10 0.0945924219 -0.0266546302 0.0803441704 -0.321328743 -0.750213836 0.577864204
CaBS 11 0.121908786 -0.0119196561 0.0789145313 0.735818353 0.677177225 -0.00153536905
CaBS 12 0.0907681249 -0.0220538259 0.0712433518 -0.999896295 -0.0141984568 0.00240892729
CaBS 13 0.0934728845 -0.0206638407 0.0582233201 -0.751399618 0.322919164 -0.575431861
CaBS 14 0.108326334 -0.0290077947 0.0545038129 -0.324116536 -0.749802846 -0.576839807
CaBS 15 0.120473977 -0.0287133048 0.0736862932 0.751399702 -0.322919474 0.575431578
CaBS 16 0.0995264 -0.00482835623 0.0734657528 -0.344822968 0.867728907 0.357971598
CaBS 17 0.0943008908 -0.026876445 0.0596140462 -0.324116536 -0.749802846 -0.576839807
CaBS 18 0.12256043 -0.022374494 0.0706141417 0.999896301 0.01419805 -0.0024089266
CaBS 19 0.113717024 -0.00719587546 0.0782265009 0.324116486 0.74980293 0.576839726
CaBS 20 0.108451357 -0.0314482179 0.0577948704 0.344822999 -0.867728964 -0.357971429
CaBS 21 0.116405666 -0.0276926916 0.0795714467 0.751399702 -0.322919474 0.575431578
CaBS 22 0.102217774 -0.0374849233 0.0690657734 -0.735818491 -0.677177075 0.00153536998
CaBS 23 0.122463605 -0.0160601973 0.0676402959 0.999896301 0.01419805 -0.0024089266
CaBS 24 0.0922496457 -0.0195312287 0.0790231114 -0.748611723 0.322508223 0.579283121
CaBS 25 -0.105779099 0.0242179349 0.0802996164 -0.344822968 0.867728888 0.357971643
CaBS 26 -0.109775428 0.0198140535 0.0552869208 -0.751399624 0.322919173 -0.575431849
CaBS 27 -0.0903798609 0.00292603868 0.0757212082 0.75139969 -0.322919491 0.575431584
CaBS 28 -0.0955600614 0.0232563918 0.0772324317 0.324116492 0.749802901 0.576839761
CaBS 29 -0.106498168 0.0156773098 0.0531917326 -0.333750681 -0.131703993 -0.933415524
CaBS 30 -0.101790493 0.0139195956 0.08580963 0.333750517 0.131703937 0.933415591
CaBS 31 -0.119228631 0.00669592722 0.0652180063 -0.999896295 -0.0141984574 0.00240892698
CaBS 32 -0.119425847 0.0214284051 0.0701922993 -0.999896295 -0.0141984574 0.00240892698
CaBS 34 -0.101073302 0.0278644446 0.074340469 0.324116492 0.749802901 0.576839761
CaBS 35 -0.101477715 -0.00251629427 0.0790608563 0.346545964 -0.867983059 0.355684276
CaBS 36 -0.102824101 -0.00455280191 0.0640918201 0.344822933 -0.867729023 -0.35797135
CaBS 37 -0.0947928907 0.0122494175 0.0835432394 0.333750517 0.131703937 0.933415591
CaBS 38 -0.105640297 0.0260589052 0.0634830789 -0.34654601 0.867982945 -0.355684509
CaBS 39 -0.113944618 -0.000215219827 0.0765351185 -0.321328736 -0.750213873 0.57786416
Ca 6 -0.604128565 0.0727671109 0.389194843 0 0 0
Ca 7 -0.371734403 0.159537184 0.111737647 0 0 0
Ca 7 -0.162761694 0.174969884 0.347915785 0 0 0
Ca 8 -0.315049875 0.484508965 0.547436159 0 0 0
Ca 7 -0.242669284 -0.0184698132 0.268227853 0 0 0
Ca 7 -0.00339644035 -0.0783647656 0.594974857 0 0 0
Ca 1 -0.199088066 0.514295887 0.485617858 0 0 0
Ca 7 -0.641104997 0.364446796 0.054691159 0 0 0
Ca 7 0.421064689 0.141662334 0.659648391 0 0 0
Ca 1 0.170217121 0.137806778 0.399427503 0 0 0
Ca 4 0.127155848 0.000952102706 0.418737065 0 0 0
Ca 1 -0.402574652 0.0459097333 0.434563578 0 0 0
Ca 6 -0.201801757 0.0727797143 0.145326381 0 0 0
Ca 6 -0.043055925 -0.140408424 0.152082808 0 0 0
Ca 1 -0.225094562 0.590474631 0.759931358 0 0 0
Ca 8 -0.036077919 0.438906715 0.461685129 0 0 0
Ca 8 -0.229343926 -0.582075578 0.741160089 0 0 0
Ca 6 -0.311494225 -0.135499585 0.473578499 0 0 0
Ca 1 -0.292825288 -0.157264621 0.497983004 0 0 0
Ca 8 -0.0892944711 -0.0741126178 0.198219391 0 0 0
Ca 6 0.0550587922 0.0600143221 0.05778047 0 0 0
Ca 8 -0.569629858 0.449062406 0.441939605 0 0 0
Ca 7 -0.151521728 -0.236689877 0.283388199 0 0 0
Ca 8 0.194344425 0.0107584578 0.541443623 0 0 0
CaBS_Ca 40 -0.0976916935 0.0230909213 0.0608239502 0.3213287 0.750213891 -0.577864158
Ca 6 -0.37198603 0.192081641 0.613127825 0 0 0
Ca 8 -0.560502908 0.284107642 0.313185539 0 0 0
Ca 6 -0.274630687 -0.198837973 0.192167278 0 0 0
Ca 1 -0.117713939 0.286121114 0.631213729 0 0 0
Ca 6 -0.309669701 0.286532676 0.44196273 0 0 0
Ca 8 -0.0524416546 -0.0384830966 0.371087958 0 0 0
Ca 1 -0.440513536 0.4508721 0.100879525 0 0 0
Ca 1 0.0334104908 0.300190683 0.508738966 0 0 0
Ca 6 0.0670645493 0.210073323 0.23604468 0 0 0
Ca 6 0.267918981 0.0286958626 0.145040632 0 0 0
Ca 7 0.0918202022 -0.102192028 0.128597011 0 0 0
Ca 6 -0.549058994 -0.0368545257 0.515349733 0 0 0
Ca 4 -0.00262077081 -0.101557924 0.232433717 0 0 0
Ca 7 -0.211764822 -0.0293481524 0.144718165 0 0 0
Ca 6 -0.378922114 0.0623552843 0.173874355 0 0 0
Ca 4 -0.110528026 0.069777026 0.0496001512 0 0 0
Ca 4 -0.134890832 0.167766785 0.311225141 0 0 0
Ca 8 -0.212318273 0.0402877299 0.232430566 0 0 0
Ca 4 -0.178989613 0.174265303 0.163748967 0 0 0
Ca 8 -0.129023735 0.107259221 0.210469829 0 0 0
Ca 8 -0.338884218 0.0572647599 0.0977103272 0 0 0
Ca 7 -0.0997408931 0.0489260886 0.239131295 0 0 0
Ca 7 -0.223545733 0.144018189 0.136959349 0 0 0
Ca 8 -0.450290471 0.0140198357 0.102196018 0 0 0
Ca 7 -0.257749483 0.0387575465 0.430528382 0 0 0
Ca 6 -0.0505535598 0.0667066674 0.195183215 0 0 0
Ca 7 -0.230943642 0.137662427 0.24249261 0 0 0
Ca 6 -0.116100294 -0.0690813398 0.123123394 0 0 0
Ca 8 -0.190257681 -0.129873599 0.140895118 0 0 0
Ca 8 -0.0828227422 0.0876624251 0.150278731 0 0 0
Ca 1 -0.072397262 -0.133907793 0.26973254 0 0 0
Ca 6 -0.266110537 0.0658754829 0.148393343 0 0 0
Ca 7 -0.0977402627 -0.000909343827 0.182551835 0 0 0
Ca 6 -0.0696271333 0.0541324045 0.0953883385 0 0 0
Ca 1 -0.113305215 0.0729423598 0.118417954 0 0 0
Ca 8 -0.112623221 0.0275679984 0.0823158067 0 0 0
Ca 1 -0.0775504063 0.0701841741 0.0711424727 0 0 0
Ca 7 -0.235188996 0.0275421558 0.0652353971 0 0 0
Ca 8 -0.261223821 -0.00106015261 0.0786587652 0 0 0
Ca 4 -0.0929957332 0.0399791068 0.0484905892 0 0 0
VGCC_O 6 -0.12622171 0.0241576588 0.046693322 -1.62059677e-06 3.22356891e-07 -1
VGCC_O 9 0.0953603447 -0.018533153 0.0466930096 -1.14792244e-06 -1.24564753e-07 -1
VGCC_O 2 0.119933892 -0.04777957 0.0466929781 -1.41802115e-06 2.82063236e-07 -1
VGCC_O 3 0.0772568984 -0.00428239309 0.046693036 -1.41802159e-06 2.82063681e-07 -1
VGCC_O 8 -0.134706799 0.0161271258 0.0466933331 -1.62059677e-06 3.22356891e-07 -1
VGCC_O 4 -0.108229728 0.00324736392 0.0466932869 -8.10297798e-07 1.61178104e-07 -1
VGCC_O 0 0.11238887 -0.0311459409 0.0466929927 -1.01287282e-06 -1.51427976e-07 -1
VGCC_O 7 -0.137449801 0.00579357966 0.0466933342 -1.62059625e-06 3.22356338e-07 -1
