VGCC_O 6 -0.12622171 0.0241576588 0.046693322 -1.62059677e-06 3.22356891e-07 -1
VGCC_O 0 0.11238887 -0.0311459409 0.0466929927 -1.01287282e-06 -1.51427976e-07 -1
VGCC_O 7 -0.137449801 0.00579357966 0.0466933342 -1.62059625e-06 3.22356338e-07 -1
VGCC_O 5 0.113746944 -0.0200409323 0.0466929896 -1.01287282e-06 -1.51427976e-07 -1
CaBS 10 0.101205188 -0.0036522635 0.0672613788 -0.346545998 0.867982935 -0.355684546
CaBS 11 0.115204615 -0.0274272321 0.05821301 0.748611785 -0.322508546 -0.579282861
CaBS 12 0.0985474326 -0.0142378065 0.0842147436 -0.748611723 0.322508223 0.579283121
CaBS 13 0.0907852263 -0.0240107818 0.0668073228 -0.999896295 -0.0141984568 0.00240892729
CaBS 14 0.0955754421 -0.0163204886 0.0579151874 -0.751399618 0.322919164 -0.575431861
CaBS 15 0.114421223 -0.0200066211 0.084142562 0.333750516 0.131703927 0.933415593
CaBS 16 0.115184834 -0.0247462615 0.0828190828 0.751399702 -0.322919474 0.575431578
CaBS 17 0.118881361 -0.00864212503 0.0735964386 0.735818353 0.677177225 -0.00153536905
CaBS 18 0.100137777 -0.0216531345 0.0840496833 -0.329239867 -0.132369096 0.934922207
CaBS 19 0.120061006 -0.0312262049 0.0684399292 0.344822999 -0.867728964 -0.357971429
CaBS 20 0.0954350428 -0.0289725847 0.0778034295 -0.321328743 -0.750213836 0.577864204
CaBS 21 0.121513254 -0.0115214481 0.0649881322 0.735818353 0.677177225 -0.00153536905
CaBS 22 0.117458229 -0.0254033119 0.0599985805 0.748611785 -0.322508546 -0.579282861
CaBS 23 0.111879842 -0.0330433998 0.0649641752 0.344822999 -0.867728964 -0.357971429
CaBS 24 0.113312262 -0.029463691 0.0818432623 0.34654604 -0.867983022 0.355684293
CaBS 25 -0.103580007 -0.000510434976 0.0575281572 -0.324116588 -0.749802884 -0.576839729
CaBS 26 -0.101431744 0.0107421328 0.0533593907 0.329239713 0.132369034 -0.93492227
CaBS 28 -0.119075877 0.00823996082 0.0785509806 -0.748611709 0.322508237 0.579283131
CaBS 29 -0.0882095174 0.0181802484 0.0662787445 0.735818381 0.677177195 -0.00153536913
CaBS 31 -0.0979915644 -0.00340434371 0.0734971487 0.346545964 -0.867983059 0.355684276
CaBS 38 -0.116744035 0.00226070094 0.0724811292 -0.735818461 -0.677177107 0.0015353549
CaBS 39 -0.118165313 0.00377951912 0.06121759 -0.735818461 -0.677177107 0.0015353549
Ca 6 -0.0227335557 0.481625772 0.477204047 0 0 0
Ca 8 0.0229512598 0.517041814 0.591890073 0 0 0
Ca 4 -0.0670557547 0.59344412 0.211944182 0 0 0
Ca 8 -0.013646604 0.0840312739 0.281211709 0 0 0
Ca 7 0.0812471292 0.357120401 0.512589826 0 0 0
Ca 2 -0.00632172655 0.413396191 0.933190806 0 0 0
Ca 1 0.596477034 0.480900949 0.254879336 0 0 0
Ca 7 -0.316067146 -0.302129542 0.727507492 0 0 0
Ca 7 -0.439346309 -0.240546827 0.847042626 0 0 0
Ca 6 0.341111301 0.0271633477 0.475646027 0 0 0
Ca 8 -0.299187408 0.781566521 0.304267025 0 0 0
Ca 4 0.174631155 -0.46134394 0.289481429 0 0 0
Ca 7 0.0834055561 0.546867364 0.0854231209 0 0 0
Ca 3 0.0092735065 0.0122835192 0.549002635 0 0 0
Ca 1 -0.73813343 0.121521987 0.164044305 0 0 0
Ca 6 -0.194722783 -0.0754038877 1.05182076 0 0 0
Ca 6 0.216147149 -0.212571682 0.830971738 0 0 0
Ca 1 -0.589018544 -0.483005963 0.603210005 0 0 0
Ca 1 -0.246629479 -0.24161292 0.255172234 0 0 0
Ca 8 0.389179741 0.49746878 0.176511338 0 0 0
Ca 4 -0.295220167 0.0267892906 0.43276824 0 0 0
Ca 1 0.0147949609 0.253510371 0.687944644 0 0 0
Ca 4 0.370908771 0.061681612 0.296896799 0 0 0
Ca 4 -0.442023343 0.0767350964 0.505803575 0 0 0
Ca 7 0.0610116676 0.0282531681 0.204405607 0 0 0
Ca 7 -0.203322685 0.353504399 0.177478249 0 0 0
Ca 1 -0.0631560315 -0.262600242 0.194725073 0 0 0
Ca 6 -0.273989717 -0.255768603 0.335499281 0 0 0
Ca 1 0.0140310707 0.435471189 0.729695355 0 0 0
Ca 8 -0.33716413 -0.222066922 0.349137109 0 0 0
Ca 1 0.366241178 0.189310237 0.606458437 0 0 0
Ca 8 -0.222372695 -0.405867573 0.386384288 0 0 0
Ca 6 0.509260403 -0.161645932 0.577108488 0 0 0
Ca 8 0.0238420106 -0.225652358 0.75489855 0 0 0
Ca 6 -0.286067589 -0.566073686 0.455357447 0 0 0
Ca 7 -0.294411161 0.00992632143 0.360313204 0 0 0
Ca 7 -0.299625012 -0.180235025 0.765085231 0 0 0
Ca 4 -0.0651731219 0.470787053 0.259663279 0 0 0
Ca 7 -0.261049866 -0.334626142 0.444481645 0 0 0
Ca 4 0.0853904999 0.07634819 0.210417529 0 0 0
Ca 6 -0.00951510569 -0.0239204331 0.205348046 0 0 0
Ca 1 -0.410470809 0.477706653 0.561478628 0 0 0
Ca 4 0.030633502 0.0871311669 0.380623072 0 0 0
Ca 7 -0.624698336 0.504760915 0.0665331799 0 0 0
Ca 1 -0.57606306 0.0481941322 0.207937629 0 0 0
Ca 4 -0.274633819 0.509724237 0.294076528 0 0 0
Ca 1 -0.294781316 0.409665593 0.517959916 0 0 0
Ca 8 -0.516273576 0.0059571097 0.141138154 0 0 0
Ca 4 -0.253976774 -0.608619931 0.456798045 0 0 0
Ca 7 -0.20742056 0.0214365776 0.231774654 0 0 0
Ca 1 -0.447938161 -0.174399503 0.532626849 0 0 0
Ca 6 -0.381814972 -0.204797526 0.464468317 0 0 0
Ca 8 -0.427060045 0.315049186 0.111359772 0 0 0
Ca 8 0.0878039659 0.275283857 0.228918194 0 0 0
Ca 4 0.192709368 -0.0145379697 0.487698593 0 0 0
Ca 4 -0.472641456 -0.22366124 0.647525995 0 0 0
Ca 6 0.113360496 -0.157518693 0.239234213 0 0 0
Ca 6 -0.102976645 0.0887327418 0.432507206 0 0 0
Ca 1 0.183160885 0.537948061 0.337407986 0 0 0
Ca 6 -0.023132039 -0.0982015284 0.252246482 0 0 0
Ca 8 -0.335774218 0.0655141047 0.670502272 0 0 0
Ca 6 0.117223442 -0.088956695 0.310258348 0 0 0
Ca 7 -0.331115532 0.0944931323 0.430364087 0 0 0
Ca 8 -0.266671252 -0.124741726 0.38642118 0 0 0
Ca 4 -0.43623355 0.0728088439 0.102581212 0 0 0
Ca 6 -0.00982788822 0.0870934381 0.31561847 0 0 0
Ca 1 -0.602681553 0.171275174 0.148330646 0 0 0
Ca 7 -0.222518223 0.269056343 0.423660565 0 0 0
Ca 4 -0.0671300492 0.515009695 0.391458167 0 0 0
Ca 1 -0.176295827 0.156065145 0.617979353 0 0 0
Ca 7 -0.304682098 -0.253769728 0.12549959 0 0 0
Ca 1 -0.406816553 0.142547631 0.0651064256 0 0 0
Ca 6 -0.248460105 -0.0120450335 0.207714751 0 0 0
Ca 7 0.0470262496 -0.108234576 0.294921376 0 0 0
Ca 8 0.124694434 -0.0830607972 0.203279777 0 0 0
Ca 8 -0.173674127 0.0173304043 0.0991178613 0 0 0
Ca 4 -0.37845314 -0.0648123298 0.27529745 0 0 0
Ca 1 -0.0124629411 -0.0604359883 0.304645218 0 0 0
Ca 7 -0.209846916 0.252384173 0.138616812 0 0 0
Ca 8 -0.229199286 0.0997304614 0.17533545 0 0 0
Ca 6 -0.329231257 0.231714585 0.0930021611 0 0 0
Ca 4 -0.104588197 -0.299416863 0.119654748 0 0 0
Ca 6 -0.10924317 0.233778786 0.154162401 0 0 0
Ca 6 -0.269379903 0.0555288638 0.276844101 0 0 0
Ca 1 -0.184584785 0.0994409481 0.094250163 0 0 0
Ca 4 0.00530562356 -0.0334294389 0.412399623 0 0 0
Ca 6 -0.145508747 0.211461949 0.270269652 0 0 0
Ca 1 -0.177714945 0.181798026 0.153879605 0 0 0
Ca 1 -0.213415112 0.12984725 0.245861755 0 0 0
Ca 8 -0.235231783 0.212216101 0.119165756 0 0 0
Ca 6 0.0631270612 -0.0140707633 0.0577672719 0 0 0
Ca 1 -0.178265077 -0.00277547846 0.218181648 0 0 0
Ca 4 -0.0732015368 0.0753249631 0.0800008637 0 0 0
Ca 2 0.153724747 -0.0723090561 0.0564176488 0 0 0
Ca 6 -0.174538413 -0.029202338 0.0572433168 0 0 0
Ca 7 -0.189256181 0.0129825748 0.0541847336 0 0 0
Ca 4 -0.202943961 0.0124636425 0.0600355863 0 0 0
Ca 7 -0.145776459 -0.0213664282 0.0545926728 0 0 0
Ca 1 -0.141148971 0.0197839223 0.046669472 0 0 0
VGCC_O 3 0.0772568984 -0.00428239309 0.046693036 -1.41802159e-06 2.82063681e-07 -1
VGCC_O 8 -0.134706799 0.0161271258 0.0466933331 -1.62059677e-06 3.22356891e-07 -1
VGCC_O 2 0.119933892 -0.04777957 0.0466929781 -1.41802115e-06 2.82063236e-07 -1
VGCC_O 4 -0.108229728 0.00324736392 0.0466932869 -8.10297798e-07 1.61178104e-07 -1
VGCC_O 9 0.0953603447 -0.018533153 0.0466930096 -1.14792244e-06 -1.24564753e-07 -1
VGCC_O 1 -0.126159285 0.0151063295 0.0466933189 -1.62059625e-06 3.22356338e-07 -1
TAG 41 -0.105784995 0.0105052503 0.0536665039 -0.333750681 -0.131703993 -0.933415524
TAG 55 -0.119337383 0.0151637023 0.0699872324 -0.999896295 -0.0141984574 0.00240892698
TAG 54 -0.104785227 0.0261860029 0.076486355 -0.344822968 0.867728888 0.357971643
TAG 53 -0.089146311 -0.000197085518 0.0670554248 0.74861179 -0.322508554 -0.579282851
TAG 52 -0.119278263 0.0119799944 0.0757618237 -0.999896295 -0.0141984574 0.00240892698
TAG 51 -0.102448777 0.00747370566 0.0865367572 -0.329239868 -0.132369105 0.934922205
TAG 45 -0.113699624 0.0170707545 0.0588716642 -0.751399624 0.322919173 -0.575431849
TAG 44 -0.11923843 0.00668793202 0.0611035411 -0.999896295 -0.0141984574 0.00240892698
