VGCC_O 3 0.0772568984 -0.00428239309 0.046693036 -1.41802159e-06 2.82063681e-07 -1
CaBS 10 0.106051669 -0.0142808654 0.053177817 0.329239702 0.132369043 -0.934922272
CaBS 11 0.116493231 -0.0302730138 0.0767690138 0.34654604 -0.867983022 0.355684293
CaBS 13 0.118438261 -0.0141405879 0.0818785456 0.333750516 0.131703927 0.933415593
CaBS 14 0.0905763017 -0.0087029881 0.0703126388 -0.999896295 -0.0141984568 0.00240892729
CaBS 15 0.111011702 -0.0302960803 0.0574683715 0.344822999 -0.867728964 -0.357971429
CaBS 16 0.0923265328 -0.0160467572 0.0771825397 -0.748611723 0.322508223 0.579283121
CaBS 17 0.116686145 -0.0297244487 0.0615487457 0.344822999 -0.867728964 -0.357971429
CaBS 19 0.100916673 -0.0110727877 0.0855144479 -0.748611723 0.322508223 0.579283121
CaBS 20 0.11952557 -0.00934385158 0.072832391 0.735818353 0.677177225 -0.00153536905
CaBS 21 0.0908941589 -0.0251930948 0.0636072615 -0.735818491 -0.677177075 0.00153536998
CaBS 22 0.11179749 -0.00095512404 0.0690497208 0.735818353 0.677177225 -0.00153536905
CaBS 23 0.103017919 -0.00495661197 0.0771399186 -0.344822968 0.867728907 0.357971598
CaBS 24 0.121306861 -0.0171017695 0.0603504167 0.748611785 -0.322508546 -0.579282861
Ca 8 -0.484654114 -0.147967224 0.238012133 0 0 0
Ca 6 -0.407423236 0.0462614347 0.16969042 0 0 0
Ca 4 -0.146643222 0.0375623459 0.376490594 0 0 0
Ca 1 0.333481303 0.0315042858 0.701815272 0 0 0
Ca 1 0.638674481 -0.0747838429 0.539042426 0 0 0
Ca 1 -0.535353005 0.0518257187 0.101602307 0 0 0
Ca 6 0.0611040396 0.0418200703 0.768805265 0 0 0
Ca 7 0.332341529 0.46777095 0.0697224963 0 0 0
Ca 8 -0.0885680813 -0.204804491 0.709592412 0 0 0
Ca 7 0.302419131 -0.169836634 0.323628529 0 0 0
Ca 1 0.181325704 0.405311058 0.886620243 0 0 0
Ca 4 -0.0196399507 0.290243207 0.468960399 0 0 0
Ca 1 -0.018358388 0.292333346 0.332726234 0 0 0
Ca 7 0.0125704438 -0.0588191895 0.573542353 0 0 0
Ca 6 -0.346592729 -0.0867305199 0.687344224 0 0 0
Ca 1 0.288557828 0.0690747607 0.610863076 0 0 0
Ca 4 0.183066896 0.248331006 0.104449204 0 0 0
Ca 6 0.24975011 -0.183645369 0.629227006 0 0 0
Ca 8 -0.131625558 -0.126982569 0.0524854603 0 0 0
Ca 6 0.151589568 -0.325219265 0.567252176 0 0 0
Ca 8 0.251573708 0.458332117 0.0859989308 0 0 0
Ca 1 -0.37867752 0.0414680223 0.364988887 0 0 0
Ca 8 -0.520351761 0.286950736 0.400630542 0 0 0
Ca 1 -0.00203445734 0.114400932 0.280117736 0 0 0
Ca 4 -0.0205489863 0.118145675 1.15220244 0 0 0
Ca 1 -0.212213738 0.078150389 0.43417234 0 0 0
Ca 4 -0.569710026 0.198189796 0.423544099 0 0 0
Ca 6 0.299155697 0.0958770261 0.289087585 0 0 0
Ca 6 -0.520985534 0.42177188 0.0568283625 0 0 0
Ca 1 -0.251837574 0.0146100862 0.134610262 0 0 0
Ca 8 -0.04113005 0.096156558 0.186199603 0 0 0
Ca 8 -0.042970775 0.249048437 0.129232211 0 0 0
Ca 8 -0.00684227075 -0.165325949 0.263307387 0 0 0
Ca 6 -0.115459051 0.0730920341 0.359439307 0 0 0
Ca 1 -0.668112625 -0.124182507 0.261378905 0 0 0
Ca 7 -0.455336782 0.631425896 0.0606879077 0 0 0
Ca 6 -0.0768027227 -0.288777782 0.446186073 0 0 0
Ca 1 0.0145739819 -0.0927541046 0.692270696 0 0 0
Ca 1 -0.117625465 0.276673692 0.526488067 0 0 0
Ca 8 -0.380272346 0.475351288 0.149329566 0 0 0
Ca 6 -0.310214648 -0.109954622 0.193978979 0 0 0
Ca 4 -0.569257427 0.169899294 0.214852368 0 0 0
Ca 1 0.0684202181 -0.0254440986 0.116168466 0 0 0
Ca 7 -0.210781926 -0.0541260282 0.389980226 0 0 0
Ca 7 0.139333248 0.117379053 0.419512496 0 0 0
Ca 6 -0.533853846 0.316281012 0.221730417 0 0 0
Ca 4 -0.226977137 -0.00953958858 0.417116943 0 0 0
Ca 1 -0.0598185419 -0.00647595791 0.437760468 0 0 0
Ca 1 -0.213706929 -0.0483396165 0.336624109 0 0 0
Ca 1 0.160220537 -0.0448034071 0.0549724378 0 0 0
Ca 6 -0.237493139 0.345363155 0.205020058 0 0 0
Ca 6 -0.501427082 0.209941576 0.248166251 0 0 0
Ca 7 -0.176351747 0.0443991788 0.34818271 0 0 0
Ca 6 -0.0977092615 -0.0508506076 0.244272737 0 0 0
Ca 2 0.194866213 0.0787979894 0.279531221 0 0 0
Ca 7 -0.244457562 0.19507132 0.122127731 0 0 0
Ca 7 0.0107397905 0.240326376 0.313670626 0 0 0
Ca 8 -0.199841789 -0.0186389867 0.157962329 0 0 0
Ca 8 -0.0810093414 0.155333865 0.202565771 0 0 0
Ca 7 0.0349168038 -0.0702589233 0.191687671 0 0 0
Ca 6 -0.121723833 -0.072821854 0.0489847956 0 0 0
Ca 7 -0.0687406596 0.160025224 0.141702231 0 0 0
Ca 8 -0.213767375 -0.135290032 0.11766707 0 0 0
Ca 4 -0.187466989 -0.0724916592 0.104952599 0 0 0
Ca 4 -0.0721001991 0.00963520977 0.12146491 0 0 0
Ca 6 0.0329885325 0.0150776387 0.0593094982 0 0 0
Ca 7 -0.192226005 0.0244695922 0.0920991986 0 0 0
Ca 7 -0.0564797319 -0.0355662239 0.0586787716 0 0 0
Ca 6 -0.105782812 -0.0186371052 0.0813487685 0 0 0
Ca 4 -0.107247248 0.0117718239 0.0466493443 0 0 0
VGCC_O 7 -0.137449801 0.00579357966 0.0466933342 -1.62059625e-06 3.22356338e-07 -1
VGCC_O 9 0.0953603447 -0.018533153 0.0466930096 -1.14792244e-06 -1.24564753e-07 -1
VGCC_O 6 -0.12622171 0.0241576588 0.046693322 -1.62059677e-06 3.22356891e-07 -1
VGCC_O 1 -0.126159285 0.0151063295 0.0466933189 -1.62059625e-06 3.22356338e-07 -1
VGCC_O 2 0.119933892 -0.04777957 0.0466929781 -1.41802115e-06 2.82063236e-07 -1
VGCC_O 4 -0.108229728 0.00324736392 0.0466932869 -8.10297798e-07 1.61178104e-07 -1
VGCC_O 0 0.11238887 -0.0311459409 0.0466929927 -1.01287282e-06 -1.51427976e-07 -1
VGCC_O 5 0.113746944 -0.0200409323 0.0466929896 -1.01287282e-06 -1.51427976e-07 -1
VGCC_O 8 -0.134706799 0.0161271258 0.0466933331 -1.62059677e-06 3.22356891e-07 -1
TAG 41 -0.105784995 0.0105052503 0.0536665039 -0.333750681 -0.131703993 -0.933415524
TAG 73 0.105323475 -0.00357186878 0.063445091 -0.346545998 0.867982935 -0.355684546
TAG 71 -0.096079873 0.00270213046 0.0564810255 0.74861179 -0.322508554 -0.579282851
TAG 70 -0.118208439 0.00383577013 0.0653592954 -0.735818461 -0.677177107 0.0015353549
TAG 69 -0.119239302 0.00795267007 0.0681959954 -0.999896295 -0.0141984574 0.00240892698
TAG 67 -0.115078276 0.000454692191 0.0742448755 -0.735818461 -0.677177107 0.0015353549
TAG 65 0.119072188 -0.020557456 0.0800936336 0.751399702 -0.322919474 0.575431578
TAG 63 -0.104896891 0.0149528875 0.0527352849 0.329239713 0.132369034 -0.93492227
TAG 62 -0.0995730683 0.0302300905 0.0690462359 0.3213287 0.750213891 -0.577864158
TAG 59 -0.100018848 -0.00188752594 0.0603333581 0.344822933 -0.867729023 -0.35797135
TAG 55 -0.119337383 0.0151637023 0.0699872324 -0.999896295 -0.0141984574 0.00240892698
TAG 54 -0.104785227 0.0261860029 0.076486355 -0.344822968 0.867728888 0.357971643
TAG 53 -0.089146311 -0.000197085518 0.0670554248 0.74861179 -0.322508554 -0.579282851
TAG 52 -0.119278263 0.0119799944 0.0757618237 -0.999896295 -0.0141984574 0.00240892698
TAG 51 -0.102448777 0.00747370566 0.0865367572 -0.329239868 -0.132369105 0.934922205
TAG 45 -0.113699624 0.0170707545 0.0588716642 -0.751399624 0.322919173 -0.575431849
TAG 44 -0.11923843 0.00668793202 0.0611035411 -0.999896295 -0.0141984574 0.00240892698
