VGCC_O 6 -0.12622171 0.0241576588 0.046693322 -1.62059677e-06 3.22356891e-07 -1
CaBS 10 0.106080991 -0.0326069222 0.0604437441 -0.324116536 -0.749802846 -0.576839807
CaBS 11 0.119657515 -0.00950416402 0.0653605325 0.735818353 0.677177225 -0.00153536905
CaBS 13 0.0927954897 -0.0161522701 0.061639653 -0.751399618 0.322919164 -0.575431861
CaBS 14 0.10607008 -0.0208571365 0.0862514879 -0.329239867 -0.132369096 0.934922207
CaBS 15 0.109332289 -0.00145515491 0.0662496739 0.321328636 0.750213906 -0.577864173
CaBS 16 0.1023814 -0.0140099302 0.0859219399 -0.329239867 -0.132369096 0.934922207
CaBS 17 0.12243085 -0.0139105032 0.0667141969 0.999896301 0.01419805 -0.0024089266
CaBS 18 0.111954814 -0.00112328723 0.0702779573 0.735818353 0.677177225 -0.00153536905
CaBS 19 0.114784556 -0.0275121922 0.0577174647 0.748611785 -0.322508546 -0.579282861
CaBS 20 0.0967113681 -0.0314939939 0.0724557437 -0.735818491 -0.677177075 0.00153536998
CaBS 21 0.0996526801 -0.0324542227 0.075628654 -0.321328743 -0.750213836 0.577864204
CaBS 22 0.120390466 -0.0216066101 0.0777834608 0.751399702 -0.322919474 0.575431578
CaBS 23 0.116677947 -0.0062668346 0.0652466895 0.735818353 0.677177225 -0.00153536905
CaBS 24 0.103376498 -0.0189361976 0.0538875058 -0.333750671 -0.131704002 -0.933415527
CaBS 25 -0.110323804 -0.00135845905 0.0770643045 -0.321328736 -0.750213873 0.57786416
CaBS 29 -0.104200681 -0.000271493374 0.0575663161 -0.324116588 -0.749802884 -0.576839729
CaBS 38 -0.10923833 0.0129723813 0.0545531635 -0.333750681 -0.131703993 -0.933415524
CaBS_Ca 56 0.0907009445 -0.0187038042 0.0631035249 -0.999896295 -0.0141984568 0.00240892729
CaBS_Ca 57 -0.0875340541 0.014650779 0.072799546 0.999896301 0.0141980506 -0.0024089266
Ca 8 0.280196212 0.190615754 0.633404231 0 0 0
Ca 3 -0.0457191862 -0.309639976 0.171037619 0 0 0
Ca 4 -0.356866398 -0.122391796 0.267098144 0 0 0
Ca 4 0.230376481 -0.491884392 0.193194822 0 0 0
Ca 1 0.0508190291 0.106447668 0.201046853 0 0 0
Ca 6 -0.468648955 0.151808657 0.734839455 0 0 0
Ca 7 -0.134554888 -0.327452789 0.519117323 0 0 0
Ca 7 -0.356979248 0.0520927846 0.373207723 0 0 0
Ca 3 0.386118508 -0.284188793 0.386789799 0 0 0
Ca 1 -0.191900906 0.000178212393 0.134847455 0 0 0
Ca 6 0.335595416 0.324012333 0.612279046 0 0 0
Ca 6 -0.280928499 -0.222732847 0.550482001 0 0 0
Ca 8 -0.506900591 0.468227886 0.333290966 0 0 0
Ca 7 -0.181603293 -0.0620843483 0.139175129 0 0 0
Ca 7 -0.136591856 0.0460049786 0.455275608 0 0 0
Ca 6 0.170287587 -0.488067025 0.425253414 0 0 0
Ca 1 -0.43369511 -0.100671744 0.492175859 0 0 0
Ca 8 0.0229701156 0.252009185 0.306197674 0 0 0
Ca 6 -0.200055987 0.257565793 0.518470814 0 0 0
Ca 3 0.700484401 -0.391427812 0.418798353 0 0 0
Ca 1 0.175591234 -0.27056905 0.577500774 0 0 0
Ca 8 0.216179065 0.120223682 0.635290034 0 0 0
Ca 4 -0.278447773 -0.0263951557 0.852992469 0 0 0
Ca 8 -0.0486993498 0.0100357176 0.417661034 0 0 0
Ca 6 0.206998042 0.0324546045 0.26072977 0 0 0
Ca 1 0.0203912268 0.149492874 0.827141484 0 0 0
Ca 1 -0.351565955 0.150210368 0.674190552 0 0 0
Ca 4 -0.411550514 0.12234297 0.554013778 0 0 0
Ca 7 -0.554069458 0.558266782 0.374973201 0 0 0
Ca 7 0.382935596 0.00508778821 0.497059555 0 0 0
Ca 1 -0.399606814 0.435293396 0.732121114 0 0 0
Ca 1 0.290084371 0.2729001 0.0466676911 0 0 0
Ca 6 -0.179386718 0.129266608 0.559021812 0 0 0
Ca 4 -0.37895557 0.0800021192 0.345727751 0 0 0
Ca 6 -0.443880827 -0.0793810334 0.554103261 0 0 0
Ca 8 -0.297452334 -0.651895134 0.222870242 0 0 0
Ca 6 -0.266938243 -0.210161226 0.107705099 0 0 0
Ca 4 -0.24577988 0.284077635 0.555539411 0 0 0
Ca 8 0.254026254 0.364307295 0.0729998754 0 0 0
Ca 8 -0.107615859 0.0297897759 0.0941593545 0 0 0
Ca 8 -0.358228676 0.00281455036 0.107145148 0 0 0
Ca 6 -0.343696174 -0.0587787819 0.184333443 0 0 0
Ca 7 0.184040676 -0.0944797983 0.124651614 0 0 0
Ca 1 -0.46532748 -0.467385653 0.263484228 0 0 0
Ca 6 -0.577965817 -0.235534586 0.132590941 0 0 0
Ca 7 -0.573565793 -0.0203270474 0.250512552 0 0 0
Ca 6 -0.408093519 -0.235088303 0.466873482 0 0 0
Ca 6 -0.238008218 -0.0752297631 0.252992133 0 0 0
Ca 6 0.182303021 0.328761133 0.1344029 0 0 0
Ca 6 0.444543378 0.0117567549 0.0551163445 0 0 0
Ca 8 0.196390483 0.153170272 0.251627839 0 0 0
Ca 1 -0.107117935 0.36404034 0.158904279 0 0 0
Ca 6 -0.0470348218 0.297320084 0.0553390763 0 0 0
Ca 8 -0.210820598 -0.271662017 0.12973696 0 0 0
Ca 6 -0.430099667 0.108497759 0.117315935 0 0 0
Ca 7 -0.349298394 0.366940656 0.263530704 0 0 0
Ca 7 -0.222180943 0.201757332 0.193914649 0 0 0
Ca 1 -0.135305655 -0.346899665 0.363414022 0 0 0
Ca 7 0.0746469018 0.104955365 0.239788773 0 0 0
Ca 4 -0.318450323 0.1088446 0.395727948 0 0 0
Ca 8 -0.0801231997 0.0697536346 0.1174901 0 0 0
Ca 7 -0.456227971 0.0214390994 0.267877725 0 0 0
Ca 4 0.0776878952 0.264433329 0.0945543279 0 0 0
Ca 6 -0.124386411 -0.115917874 0.361000724 0 0 0
Ca 1 -0.159912808 -0.0569519196 0.292561687 0 0 0
Ca 8 -0.190499564 0.0145350451 0.598670767 0 0 0
Ca 1 0.253668035 0.0940482741 0.124624264 0 0 0
Ca 1 -0.086019768 -0.272981094 0.105495973 0 0 0
Ca 1 -0.168320479 -0.0823740843 0.112603378 0 0 0
Ca 1 0.0637590396 0.0560894036 0.284019724 0 0 0
Ca 7 -0.324999344 0.0392015082 0.134820779 0 0 0
Ca 1 -0.132982092 0.00568363809 0.165880265 0 0 0
Ca 4 -0.00259599331 -0.126201795 0.330470717 0 0 0
Ca 1 -0.322863392 0.109339313 0.074342271 0 0 0
Ca 8 -0.165011006 -0.0119297497 0.188121271 0 0 0
Ca 6 -0.129194602 0.0817948978 0.0487396347 0 0 0
Ca 6 -0.144311211 0.0482462246 0.0547914524 0 0 0
Ca 7 -0.192595826 0.0154099398 0.0736033263 0 0 0
Ca 4 -0.0558103926 0.00855190342 0.0728171332 0 0 0
Ca 7 -0.138687924 -0.0317563457 0.115288395 0 0 0
Ca 1 -0.163552743 0.0238091598 0.0656881777 0 0 0
Ca 6 -0.131676871 0.00815847451 0.0466661863 0 0 0
Ca 4 -0.0647845666 0.0539853902 0.0579543582 0 0 0
Ca 1 -0.111376973 0.037386133 0.0466310719 0 0 0
VGCC_O 3 0.0772568984 -0.00428239309 0.046693036 -1.41802159e-06 2.82063681e-07 -1
VGCC_O 8 -0.134706799 0.0161271258 0.0466933331 -1.62059677e-06 3.22356891e-07 -1
VGCC_O 0 0.11238887 -0.0311459409 0.0466929927 -1.01287282e-06 -1.51427976e-07 -1
VGCC_O 1 -0.126159285 0.0151063295 0.0466933189 -1.62059625e-06 3.22356338e-07 -1
VGCC_O 5 0.113746944 -0.0200409323 0.0466929896 -1.01287282e-06 -1.51427976e-07 -1
VGCC_O 9 0.0953603447 -0.018533153 0.0466930096 -1.14792244e-06 -1.24564753e-07 -1
VGCC_O 4 -0.108229728 0.00324736392 0.0466932869 -8.10297798e-07 1.61178104e-07 -1
VGCC_O 7 -0.137449801 0.00579357966 0.0466933342 -1.62059625e-06 3.22356338e-07 -1
VGCC_O 2 0.119933892 -0.04777957 0.0466929781 -1.41802115e-06 2.82063236e-07 -1
TAG 41 -0.105784995 0.0105052503 0.0536665039 -0.333750681 -0.131703993 -0.933415524
TAG 63 -0.104896891 0.0149528875 0.0527352849 0.329239713 0.132369034 -0.93492227
TAG 62 -0.0995730683 0.0302300905 0.0690462359 0.3213287 0.750213891 -0.577864158
TAG 59 -0.100018848 -0.00188752594 0.0603333581 0.344822933 -0.867729023 -0.35797135
TAG 55 -0.119337383 0.0151637023 0.0699872324 -0.999896295 -0.0141984574 0.00240892698
TAG 54 -0.104785227 0.0261860029 0.076486355 -0.344822968 0.867728888 0.357971643
TAG 53 -0.089146311 -0.000197085518 0.0670554248 0.74861179 -0.322508554 -0.579282851
TAG 52 -0.119278263 0.0119799944 0.0757618237 -0.999896295 -0.0141984574 0.00240892698
TAG 51 -0.102448777 0.00747370566 0.0865367572 -0.329239868 -0.132369105 0.934922205
TAG 45 -0.113699624 0.0170707545 0.0588716642 -0.751399624 0.322919173 -0.575431849
TAG 44 -0.11923843 0.00668793202 0.0611035411 -0.999896295 -0.0141984574 0.00240892698
