VGCC_O 0 0.11238887 -0.0311459409 0.0466929927 -1.01287282e-06 -1.51427976e-07 -1
VGCC_O 5 0.113746944 -0.0200409323 0.0466929896 -1.01287282e-06 -1.51427976e-07 -1
VGCC_O 8 -0.134706799 0.0161271258 0.0466933331 -1.62059677e-06 3.22356891e-07 -1
CaBS 10 0.117504992 -0.0305866284 0.0644274546 0.344822999 -0.867728964 -0.357971429
CaBS 11 0.106278647 -0.0154331167 0.0530946099 0.329239702 0.132369043 -0.934922272
CaBS 13 0.120122473 -0.0290553879 0.0654748514 0.748611785 -0.322508546 -0.579282861
CaBS 14 0.121516987 -0.0115065787 0.073335257 0.735818353 0.677177225 -0.00153536905
CaBS 15 0.107262373 -0.032344598 0.080002441 -0.321328743 -0.750213836 0.577864204
CaBS 16 0.12248801 -0.0175793951 0.0688160239 0.999896301 0.01419805 -0.0024089266
CaBS 17 0.0996004621 -0.0108312132 0.0557397669 -0.751399618 0.322919164 -0.575431861
CaBS 18 0.106238503 -0.00226335668 0.0737137138 -0.344822968 0.867728907 0.357971598
CaBS 19 0.122117694 -0.0266758905 0.0726832751 0.751399702 -0.322919474 0.575431578
CaBS 20 0.11992147 -0.0189161322 0.0595701887 0.748611785 -0.322508546 -0.579282861
CaBS 21 0.0946475972 -0.0213098634 0.0821648766 -0.329239867 -0.132369096 0.934922207
CaBS 22 0.0915037502 -0.0258563099 0.0632389402 -0.735818491 -0.677177075 0.00153536998
CaBS 23 0.104266831 -0.00270396036 0.066592558 -0.346545998 0.867982935 -0.355684546
CaBS 24 0.0971173414 -0.0308252563 0.0763336569 -0.321328743 -0.750213836 0.577864204
CaBS 25 -0.112478712 0.0164399728 0.0825112956 -0.748611709 0.322508237 0.579283131
CaBS 29 -0.102845239 0.00824596697 0.0529341518 -0.333750681 -0.131703993 -0.933415524
CaBS 38 -0.108697589 0.00208989084 0.0824454126 -0.321328736 -0.750213873 0.57786416
CaBS_Ca 56 0.10227903 -0.00651328412 0.080201568 -0.344822968 0.867728907 0.357971598
CaBS_Ca 57 -0.103245996 0.0260684127 0.077895834 0.324116492 0.749802901 0.576839761
Ca 7 -0.434331781 0.386738368 0.25286049 0 0 0
Ca 3 0.479881614 -0.0876809383 0.495106852 0 0 0
Ca 6 -0.40718355 0.661639249 0.317480817 0 0 0
Ca 6 -0.260055497 0.0990269882 0.433325648 0 0 0
Ca 1 0.416675245 0.145273767 0.521238757 0 0 0
Ca 8 -0.105306525 0.22141564 0.557794797 0 0 0
Ca 4 0.0927653612 -0.108638367 0.506634287 0 0 0
Ca 8 0.0202650789 -0.0523954145 0.616226464 0 0 0
Ca 6 0.290937183 0.0457512233 0.380902945 0 0 0
Ca 1 0.0517647196 0.128803614 0.607663306 0 0 0
Ca 1 -0.387065789 0.0136054416 0.542773027 0 0 0
Ca 6 -0.456674552 -0.0849761463 0.795556579 0 0 0
Ca 4 -0.512859928 0.226628438 0.618406072 0 0 0
Ca 6 -0.0996629487 -0.0563960601 0.213724426 0 0 0
Ca 4 0.0813464865 -0.155385337 0.956712412 0 0 0
Ca 8 -0.411176846 0.560569401 0.280448108 0 0 0
Ca 8 0.240148707 0.217027166 0.34184943 0 0 0
Ca 6 -0.0474617406 0.78600081 0.484619209 0 0 0
Ca 6 -0.366368373 0.265639642 0.517855387 0 0 0
Ca 7 -0.0885713806 0.3614928 0.328979517 0 0 0
Ca 8 -0.293504593 0.332369084 0.268763339 0 0 0
Ca 4 -0.142145111 0.0645286317 0.483277194 0 0 0
Ca 6 0.0544975173 -0.592049945 0.596759484 0 0 0
Ca 8 -0.182223471 0.348068227 0.851086812 0 0 0
Ca 1 0.262397519 0.334227401 0.65452488 0 0 0
Ca 1 0.136826651 -0.396080461 0.712649237 0 0 0
Ca 1 -0.249967494 0.131323315 0.311862889 0 0 0
Ca 1 -0.105684409 -0.666499976 0.345174359 0 0 0
Ca 4 -0.119300179 0.0965679078 0.771600699 0 0 0
Ca 6 -0.461290795 -0.00393795537 0.761514085 0 0 0
Ca 7 -0.579270165 -0.3089384 0.139566436 0 0 0
Ca 1 -0.0690824849 0.363081672 0.755639493 0 0 0
Ca 1 -0.337602546 0.285418295 0.165296248 0 0 0
Ca 8 -0.28967356 -0.111283454 0.505350508 0 0 0
Ca 1 0.132396388 -0.305204421 0.442458964 0 0 0
Ca 1 -0.256917329 -0.164228568 0.483354584 0 0 0
Ca 1 0.0897373521 0.495888092 0.432230378 0 0 0
Ca 8 -0.34642435 0.199480129 0.339290823 0 0 0
Ca 7 0.0388003062 0.0636942287 0.298454822 0 0 0
Ca 1 -0.239850053 -0.698355043 0.362501093 0 0 0
Ca 1 0.203649899 0.141646565 0.641164651 0 0 0
Ca 8 0.294254751 -0.0844859579 0.331085708 0 0 0
Ca 4 0.084785165 0.0107995394 0.0864755589 0 0 0
Ca 8 -0.129707972 0.625900868 0.517087122 0 0 0
Ca 6 -0.577659313 -0.397517937 0.617338835 0 0 0
Ca 8 0.0230254047 -0.0526343263 0.143980184 0 0 0
Ca 6 -0.491354823 0.00491190103 0.292078576 0 0 0
Ca 6 0.546241057 -0.435821877 0.159060644 0 0 0
Ca 7 -0.294677158 -0.567145491 0.406216007 0 0 0
Ca 8 0.194205318 0.0004804799 0.195028429 0 0 0
Ca 6 -0.370028434 0.462712902 0.625842093 0 0 0
Ca 7 -0.125977623 -0.103872797 0.360094121 0 0 0
Ca 7 -0.601355175 0.347422673 0.363305327 0 0 0
Ca 6 -0.276905863 0.144425846 0.0650701055 0 0 0
Ca 8 0.205430259 -0.209158259 0.307024308 0 0 0
Ca 6 -0.452578324 -0.0221554659 0.207923993 0 0 0
Ca 7 -0.192781194 0.192151038 0.320967971 0 0 0
Ca 7 -0.16648443 0.218312971 0.15879776 0 0 0
Ca 7 -0.17276798 -0.178576327 0.233900216 0 0 0
Ca 1 -0.0485956495 0.129734508 0.338962887 0 0 0
Ca 1 -0.136675317 0.112141572 0.301137796 0 0 0
Ca 1 -0.0588059421 0.0269696417 0.437314644 0 0 0
Ca 6 0.10293337 0.319894206 0.148759467 0 0 0
Ca 7 0.12120042 0.132389163 0.178526796 0 0 0
Ca 4 -0.252052074 0.0256917585 0.065058798 0 0 0
Ca 4 0.158796845 0.194456174 0.112098626 0 0 0
Ca 4 -0.278730476 -0.0472354923 0.154264903 0 0 0
Ca 7 0.0649238721 0.29238496 0.0896722875 0 0 0
Ca 7 0.0258936696 0.119097772 0.134459665 0 0 0
Ca 7 -0.254312278 -0.211439075 0.0654341438 0 0 0
Ca 4 -0.0349837135 -0.0611625322 0.0633748808 0 0 0
Ca 1 -0.381065721 -0.113667415 0.0866830671 0 0 0
Ca 4 -0.280445753 -0.209809908 0.390528912 0 0 0
Ca 8 0.0803708653 -0.050915476 0.21809939 0 0 0
Ca 7 -0.158568602 0.198204487 0.115722932 0 0 0
Ca 4 0.0711530278 -0.0240748193 0.0728656471 0 0 0
Ca 7 0.054773565 0.0270019534 0.09771823 0 0 0
Ca 8 -0.205216676 0.0671165017 0.102610212 0 0 0
Ca 8 -0.276995937 -0.0742202864 0.0728976961 0 0 0
Ca 6 -0.118775879 -0.0758511128 0.154067362 0 0 0
Ca 1 0.0212929168 0.167389711 0.270969353 0 0 0
Ca 1 -0.242251246 0.162265238 0.252091347 0 0 0
Ca 6 -0.0791139413 0.194574154 0.125151881 0 0 0
Ca 6 -0.125928122 -0.00596563812 0.160342566 0 0 0
Ca 6 -0.117163565 0.0811917126 0.0666528784 0 0 0
Ca 4 -0.145478948 0.108327234 0.0715475046 0 0 0
Ca 7 -0.210452651 0.118629803 0.140814417 0 0 0
Ca 8 -0.204898049 -0.0347215821 0.0752605882 0 0 0
Ca 8 -0.14002963 -0.0554504606 0.073035224 0 0 0
VGCC_O 1 -0.126159285 0.0151063295 0.0466933189 -1.62059625e-06 3.22356338e-07 -1
VGCC_O 2 0.119933892 -0.04777957 0.0466929781 -1.41802115e-06 2.82063236e-07 -1
VGCC_O 7 -0.137449801 0.00579357966 0.0466933342 -1.62059625e-06 3.22356338e-07 -1
VGCC_O 4 -0.108229728 0.00324736392 0.0466932869 -8.10297798e-07 1.61178104e-07 -1
VGCC_O 3 0.0772568984 -0.00428239309 0.046693036 -1.41802159e-06 2.82063681e-07 -1
VGCC_O 9 0.0953603447 -0.018533153 0.0466930096 -1.14792244e-06 -1.24564753e-07 -1
VGCC_O 6 -0.12622171 0.0241576588 0.046693322 -1.62059677e-06 3.22356891e-07 -1
TAG 41 -0.105784995 0.0105052503 0.0536665039 -0.333750681 -0.131703993 -0.933415524
TAG 63 -0.104896891 0.0149528875 0.0527352849 0.329239713 0.132369034 -0.93492227
TAG 62 -0.0995730683 0.0302300905 0.0690462359 0.3213287 0.750213891 -0.577864158
TAG 59 -0.100018848 -0.00188752594 0.0603333581 0.344822933 -0.867729023 -0.35797135
TAG 55 -0.119337383 0.0151637023 0.0699872324 -0.999896295 -0.0141984574 0.00240892698
TAG 54 -0.104785227 0.0261860029 0.076486355 -0.344822968 0.867728888 0.357971643
TAG 53 -0.089146311 -0.000197085518 0.0670554248 0.74861179 -0.322508554 -0.579282851
TAG 52 -0.119278263 0.0119799944 0.0757618237 -0.999896295 -0.0141984574 0.00240892698
TAG 51 -0.102448777 0.00747370566 0.0865367572 -0.329239868 -0.132369105 0.934922205
TAG 45 -0.113699624 0.0170707545 0.0588716642 -0.751399624 0.322919173 -0.575431849
TAG 44 -0.11923843 0.00668793202 0.0611035411 -0.999896295 -0.0141984574 0.00240892698
