VGCC_O 5 0.113746944 -0.0200409323 0.0466929896 -1.01287282e-06 -1.51427976e-07 -1
VGCC_O 0 0.11238887 -0.0311459409 0.0466929927 -1.01287282e-06 -1.51427976e-07 -1
CaBS 10 0.0907701319 -0.0238330314 0.061589636 -0.999896295 -0.0141984568 0.00240892729
CaBS 11 0.10664413 -0.00652489699 0.0581730816 0.321328636 0.750213906 -0.577864173
CaBS 13 0.114598069 -0.0205884355 0.0552944497 0.329239702 0.132369043 -0.934922272
CaBS 14 0.0991213399 -0.0072719049 0.0604586155 -0.346545998 0.867982935 -0.355684546
CaBS 15 0.0927912883 -0.0272224101 0.0777648416 -0.735818491 -0.677177075 0.00153536998
CaBS 16 0.116846036 -0.029281627 0.078104736 0.751399702 -0.322919474 0.575431578
CaBS 17 0.112518073 -0.00394813163 0.0647846549 0.321328636 0.750213906 -0.577864173
CaBS 19 0.114309879 -0.00663843815 0.0622883124 0.321328636 0.750213906 -0.577864173
CaBS 20 0.109287976 -0.0140117192 0.0851321231 0.333750516 0.131703927 0.933415593
CaBS 21 0.0980213295 -0.0329268222 0.0682973828 -0.735818491 -0.677177075 0.00153536998
CaBS 22 0.117780993 -0.0215328418 0.0582608545 0.748611785 -0.322508546 -0.579282861
CaBS 23 0.112350498 -0.0157964172 0.0551814191 0.329239702 0.132369043 -0.934922272
CaBS 24 0.122493867 -0.0180744734 0.068329484 0.999896301 0.01419805 -0.0024089266
Ca 8 -0.00195514202 0.0652249645 0.39577222 0 0 0
Ca 1 0.156672507 0.0633400113 0.269483144 0 0 0
Ca 4 -0.422132011 0.258352538 0.520503732 0 0 0
Ca 1 0.293307638 0.219046673 0.332360446 0 0 0
Ca 6 0.0750060821 0.246384955 0.5549398 0 0 0
Ca 8 -0.0239802745 0.472099093 0.656787405 0 0 0
Ca 4 0.43563069 -0.168102681 0.566805696 0 0 0
Ca 5 0.101591612 0.611410257 0.198678884 0 0 0
Ca 1 0.123250733 -0.300650663 0.433528601 0 0 0
Ca 8 -0.633619144 -0.397618194 0.171255642 0 0 0
Ca 6 0.425420428 0.164833309 0.132355484 0 0 0
Ca 6 0.0142374167 -0.307823259 0.95992217 0 0 0
Ca 7 0.170244386 0.422136303 0.138198875 0 0 0
Ca 1 0.0198760923 0.242761496 0.997735235 0 0 0
Ca 7 -0.366046346 -0.539267694 0.699455808 0 0 0
Ca 4 -0.257957585 0.22858436 0.255941839 0 0 0
Ca 7 0.223151662 0.712173275 0.274012146 0 0 0
Ca 6 0.762749435 0.279178068 0.327089097 0 0 0
Ca 1 -0.365933273 0.267759082 0.304184902 0 0 0
Ca 7 0.264150222 0.368626679 0.294656252 0 0 0
Ca 6 0.348176019 0.360950319 0.114726378 0 0 0
Ca 7 0.127396305 0.399189949 0.636715846 0 0 0
Ca 4 0.266848114 0.571283934 0.485966413 0 0 0
Ca 8 -0.508425724 -0.450412641 0.195329058 0 0 0
Ca 6 -0.127189913 0.0231610877 0.252581142 0 0 0
Ca 7 -0.642598943 -0.0557565803 0.558317982 0 0 0
Ca 6 0.0346762534 -0.182065147 0.667919039 0 0 0
Ca 7 0.190689472 -0.378646752 0.529302285 0 0 0
Ca 6 -0.558241439 -0.269130762 0.63245859 0 0 0
Ca 1 -0.587620565 -0.141455025 0.389706085 0 0 0
Ca 1 0.293758567 0.280899687 0.253959582 0 0 0
Ca 1 0.219422105 0.137521801 0.10815178 0 0 0
Ca 4 -0.00635975173 -0.201302864 0.730777078 0 0 0
Ca 4 0.0895720753 0.543290666 0.343374929 0 0 0
Ca 8 -0.744531578 -0.00797232347 0.32870546 0 0 0
Ca 1 -0.0842953711 -0.0250596079 0.227149963 0 0 0
Ca 8 0.390455493 -0.0884316518 0.712762892 0 0 0
Ca 1 -0.136914208 -0.1184813 0.202764167 0 0 0
Ca 6 -0.407894708 -0.108825118 0.680639022 0 0 0
Ca 6 -0.479642064 -0.271236199 0.467916173 0 0 0
Ca 7 0.17188192 -0.359062743 0.220674518 0 0 0
Ca 8 0.40146233 0.0512717046 0.784384303 0 0 0
Ca 4 -0.273644503 0.151189746 0.252527348 0 0 0
Ca 8 -0.203114147 0.246941989 0.159961876 0 0 0
Ca 7 0.489836513 0.0170928692 0.606491414 0 0 0
Ca 4 -0.620194943 -0.102182782 0.276710991 0 0 0
Ca 4 0.171942013 0.207845233 0.530381558 0 0 0
Ca 7 -0.485421514 0.329580739 0.115883837 0 0 0
Ca 6 -0.187400669 -0.146166703 0.139901421 0 0 0
Ca 7 0.17734554 0.0373725094 0.0963593699 0 0 0
Ca 8 -0.338118329 -0.245090568 0.305553619 0 0 0
Ca 8 -0.241739708 -0.301665955 0.719776651 0 0 0
Ca 6 -0.0835386355 0.274197076 0.0699155326 0 0 0
Ca 7 -0.309848122 -0.0595501768 0.505577744 0 0 0
Ca 6 -0.106535364 0.01723729 0.211666751 0 0 0
Ca 8 0.0152074176 0.0457823546 0.351559522 0 0 0
Ca 4 -0.10035207 0.0903916111 0.30020863 0 0 0
Ca 7 -0.291102489 0.142850843 0.376310629 0 0 0
Ca 2 0.277541605 -0.291214557 0.187677998 0 0 0
Ca 1 -0.0658183936 0.236324332 0.334525811 0 0 0
Ca 1 -0.409756487 -0.0385512434 0.0988202365 0 0 0
Ca 7 0.201200765 0.245693958 0.0596947822 0 0 0
Ca 4 -0.208729438 0.393737897 0.661277235 0 0 0
Ca 4 -0.113135352 -0.097922049 0.163864746 0 0 0
Ca 6 -0.0698640478 -0.0650889653 0.260912871 0 0 0
Ca 1 0.0504376534 0.539643605 0.338400883 0 0 0
Ca 6 -0.180813705 -0.272883842 0.185116315 0 0 0
Ca 7 -0.129547349 0.0954702741 0.263951731 0 0 0
Ca 6 -0.0591057652 -0.513609847 0.622238515 0 0 0
Ca 6 0.118577953 0.163634306 0.0534310405 0 0 0
Ca 6 0.112839506 -0.12014111 0.190637794 0 0 0
Ca 4 -0.190181589 0.10399775 0.294351753 0 0 0
Ca 8 -0.0563439935 0.138188147 0.189094918 0 0 0
Ca 1 -0.30836375 -0.0560713201 0.101091892 0 0 0
Ca 1 0.0521392275 0.269715166 0.242629658 0 0 0
Ca 7 -0.0525764397 -0.117969081 0.572033867 0 0 0
Ca 8 0.214901714 0.112128701 0.100364106 0 0 0
CaBS_Ca 72 0.121663407 -0.0308644225 0.0702884446 0.34654604 -0.867983022 0.355684293
Ca 7 -0.592891986 0.0331889548 0.125181073 0 0 0
Ca 7 -0.390055177 -0.0136349626 0.132724369 0 0 0
Ca 8 -0.123300018 0.192254897 0.0615654193 0 0 0
Ca 8 -0.038105733 0.2614089 0.175738597 0 0 0
Ca 7 0.173236703 -0.0968634461 0.247141224 0 0 0
Ca 1 -0.231816955 0.259323412 0.228551019 0 0 0
Ca 8 0.124444984 0.106343751 0.118170346 0 0 0
Ca 1 -0.0924633085 -0.042115941 0.114311554 0 0 0
Ca 4 -0.0806850171 -0.100446884 0.334179523 0 0 0
Ca 4 0.0740904285 -0.0254229209 0.363171968 0 0 0
Ca 1 0.0251663191 0.189491198 0.0707102444 0 0 0
Ca 6 -0.16948497 -0.0893538454 0.154320162 0 0 0
Ca 7 -0.127247988 -0.0340106133 0.201773834 0 0 0
Ca 4 -0.0445968096 0.157378489 0.225740965 0 0 0
Ca 1 -0.278123689 0.137857894 0.0625132581 0 0 0
Ca 8 -0.042895669 0.017979587 0.115616719 0 0 0
Ca 8 -0.285321971 0.059890416 0.229606703 0 0 0
Ca 6 -0.142852769 0.102078769 0.156371004 0 0 0
Ca 6 -0.140129721 -0.0362992534 0.0642502324 0 0 0
Ca 7 -0.142348175 0.0927146775 0.119283051 0 0 0
Ca 4 -0.103716693 0.0914824987 0.136520293 0 0 0
Ca 1 -0.10585733 -0.100161691 0.0672721739 0 0 0
Ca 8 -0.0907158757 -0.0196002595 0.048214913 0 0 0
Ca 8 -0.107246629 0.0270743791 0.0466430207 0 0 0
Ca 4 -0.139830017 0.022592948 0.0466481136 0 0 0
VGCC_O 4 -0.108229728 0.00324736392 0.0466932869 -8.10297798e-07 1.61178104e-07 -1
Ca 7 -0.11641271 0.00408731302 0.046679146 0 0 0
Ca 4 -0.100819669 0.0214410866 0.0466607328 0 0 0
VGCC_O 3 0.0772568984 -0.00428239309 0.046693036 -1.41802159e-06 2.82063681e-07 -1
VGCC_O 1 -0.126159285 0.0151063295 0.0466933189 -1.62059625e-06 3.22356338e-07 -1
VGCC_O 7 -0.137449801 0.00579357966 0.0466933342 -1.62059625e-06 3.22356338e-07 -1
VGCC_O 2 0.119933892 -0.04777957 0.0466929781 -1.41802115e-06 2.82063236e-07 -1
VGCC_O 9 0.0953603447 -0.018533153 0.0466930096 -1.14792244e-06 -1.24564753e-07 -1
VGCC_O 8 -0.134706799 0.0161271258 0.0466933331 -1.62059677e-06 3.22356891e-07 -1
VGCC_O 6 -0.12622171 0.0241576588 0.046693322 -1.62059677e-06 3.22356891e-07 -1
TAG 41 -0.105784995 0.0105052503 0.0536665039 -0.333750681 -0.131703993 -0.933415524
TAG 71 -0.096079873 0.00270213046 0.0564810255 0.74861179 -0.322508554 -0.579282851
TAG 70 -0.118208439 0.00383577013 0.0653592954 -0.735818461 -0.677177107 0.0015353549
TAG 69 -0.119239302 0.00795267007 0.0681959954 -0.999896295 -0.0141984574 0.00240892698
TAG 67 -0.115078276 0.000454692191 0.0742448755 -0.735818461 -0.677177107 0.0015353549
TAG 65 0.119072188 -0.020557456 0.0800936336 0.751399702 -0.322919474 0.575431578
TAG 63 -0.104896891 0.0149528875 0.0527352849 0.329239713 0.132369034 -0.93492227
TAG 62 -0.0995730683 0.0302300905 0.0690462359 0.3213287 0.750213891 -0.577864158
TAG 59 -0.100018848 -0.00188752594 0.0603333581 0.344822933 -0.867729023 -0.35797135
TAG 55 -0.119337383 0.0151637023 0.0699872324 -0.999896295 -0.0141984574 0.00240892698
TAG 54 -0.104785227 0.0261860029 0.076486355 -0.344822968 0.867728888 0.357971643
TAG 53 -0.089146311 -0.000197085518 0.0670554248 0.74861179 -0.322508554 -0.579282851
TAG 52 -0.119278263 0.0119799944 0.0757618237 -0.999896295 -0.0141984574 0.00240892698
TAG 51 -0.102448777 0.00747370566 0.0865367572 -0.329239868 -0.132369105 0.934922205
TAG 45 -0.113699624 0.0170707545 0.0588716642 -0.751399624 0.322919173 -0.575431849
TAG 44 -0.11923843 0.00668793202 0.0611035411 -0.999896295 -0.0141984574 0.00240892698
