VGCC_O 1 -0.126159285 0.0151063295 0.0466933189 -1.62059625e-06 3.22356338e-07 -1
CaBS 10 0.121479825 -0.0302656066 0.0679027432 0.748611785 -0.322508546 -0.579282861
CaBS 11 0.0907967567 -0.0248362713 0.0667278335 -0.999896295 -0.0141984568 0.00240892729
CaBS 12 0.115793725 -0.0115551913 0.0569944618 0.329239702 0.132369043 -0.934922272
CaBS 13 0.109671661 -0.0330413569 0.062832149 0.344822999 -0.867728964 -0.357971429
CaBS 14 0.102530779 -0.00702392822 0.0816818797 -0.344822968 0.867728907 0.357971598
CaBS 15 0.103889622 -0.0312298406 0.0598850438 -0.324116536 -0.749802846 -0.576839807
CaBS 16 0.111842991 -0.00229896855 0.0665502979 0.321328636 0.750213906 -0.577864173
CaBS 17 0.0995112971 -0.00538502071 0.0748005683 -0.344822968 0.867728907 0.357971598
CaBS 18 0.119426684 -0.0207818952 0.0795047823 0.751399702 -0.322919474 0.575431578
CaBS 19 0.116772855 -0.0300306369 0.0770880511 0.34654604 -0.867983022 0.355684293
CaBS 20 0.107256519 -0.0302520362 0.0567222462 -0.324116536 -0.749802846 -0.576839807
CaBS 21 0.122489748 -0.0185168391 0.0640123795 0.999896301 0.01419805 -0.0024089266
CaBS 22 0.10396373 -0.00192186682 0.0687964276 -0.346545998 0.867982935 -0.355684546
CaBS 23 0.12259896 -0.0254926663 0.0682288029 0.999896301 0.01419805 -0.0024089266
CaBS 24 0.120583707 -0.0146755676 0.0811869085 0.333750516 0.131703927 0.933415593
CaBS 25 -0.110920306 0.0188022683 0.0832100579 -0.748611709 0.322508237 0.579283131
CaBS 26 -0.105121632 0.0250225852 0.0789824489 -0.344822968 0.867728888 0.357971643
CaBS 27 -0.0874460218 0.00849690066 0.0730694402 0.999896301 0.0141980506 -0.0024089266
CaBS 28 -0.0879220493 0.0178716033 0.0679179999 0.735818381 0.677177195 -0.00153536913
CaBS 29 -0.0932328265 0.0090565314 0.0828869134 0.75139969 -0.322919491 0.575431584
CaBS 31 -0.11781622 0.00341741221 0.0688109184 -0.735818461 -0.677177107 0.0015353549
CaBS 32 -0.109735807 0.0222831733 0.0582593825 -0.34654601 0.867982945 -0.355684509
CaBS 34 -0.0966886097 0.0066306001 0.0850138786 0.333750517 0.131703937 0.933415591
CaBS 36 -0.103497043 0.00771450334 0.0862016951 -0.329239868 -0.132369105 0.934922205
CaBS 37 -0.103364703 0.011658631 0.0866915216 0.333750517 0.131703937 0.933415591
CaBS 38 -0.119035215 0.0207915641 0.0679269193 -0.751399624 0.322919173 -0.575431849
CaBS 39 -0.0923438872 0.0146951212 0.0823224916 0.333750517 0.131703937 0.933415591
Ca 1 -0.414359253 0.161691971 0.757819232 0 0 0
Ca 7 0.035016761 -0.711308614 0.161688601 0 0 0
Ca 6 -0.432226945 0.430536726 0.409808934 0 0 0
Ca 6 -0.110272751 -0.176899599 0.465311518 0 0 0
Ca 6 0.0238580694 0.248205224 0.923497896 0 0 0
Ca 8 -0.403368953 0.266018038 0.310508006 0 0 0
Ca 1 -0.185914389 -0.285823485 0.561991661 0 0 0
Ca 8 -0.184731602 0.276265784 0.483120511 0 0 0
Ca 8 -0.0347920514 -0.210607659 0.7032417 0 0 0
Ca 1 0.0962268667 -0.025197499 0.647801221 0 0 0
Ca 7 -0.162089037 0.0479167515 0.660465549 0 0 0
Ca 4 0.294537466 0.53658194 0.0919934085 0 0 0
Ca 6 0.0458491073 -0.173400159 1.01487829 0 0 0
Ca 6 0.237394376 -0.0627254277 0.242351132 0 0 0
Ca 1 0.177871095 -0.191689815 0.264846497 0 0 0
Ca 6 -0.390327521 -0.43324348 0.450371242 0 0 0
Ca 7 -0.292073245 0.365818762 0.669948336 0 0 0
Ca 6 0.0500844674 -0.333307498 0.231508476 0 0 0
Ca 4 -0.180437903 0.0885610115 0.676822114 0 0 0
Ca 6 0.180670851 0.678343125 0.62218009 0 0 0
Ca 8 -0.464979137 -0.270434399 0.74011154 0 0 0
Ca 6 0.387514759 -0.325982886 0.368138905 0 0 0
Ca 8 -0.598350665 0.161788544 0.441881994 0 0 0
Ca 6 0.662144138 0.0233908916 0.161988359 0 0 0
Ca 4 0.210374845 0.303747105 0.330413716 0 0 0
Ca 1 0.00355636903 0.42616694 0.332570769 0 0 0
Ca 1 0.0342989779 -0.0296073582 0.525568286 0 0 0
Ca 7 0.0975848564 -0.183883597 0.548454379 0 0 0
Ca 6 -0.395844025 0.307481425 0.0690854996 0 0 0
Ca 1 0.175857119 -0.148488858 0.188768555 0 0 0
Ca 6 -0.316997942 -0.0840040689 0.19217099 0 0 0
Ca 1 -0.167212059 0.178198726 0.360998564 0 0 0
Ca 8 0.124060979 -0.31078034 0.226192129 0 0 0
Ca 6 -0.192321926 0.261647326 0.283475833 0 0 0
Ca 1 -0.230474519 -0.467873185 0.566885057 0 0 0
Ca 8 0.000938159642 -0.429863942 0.638408058 0 0 0
Ca 1 -0.337955956 0.215094627 0.567663986 0 0 0
Ca 1 0.0183049593 0.170423045 0.325368776 0 0 0
Ca 1 -0.360022494 -0.359653989 0.348158631 0 0 0
Ca 8 -0.0368511351 0.15493499 0.14055468 0 0 0
Ca 8 -0.132490926 -0.2307037 0.222529136 0 0 0
Ca 7 -0.539739724 0.164208792 0.21187226 0 0 0
Ca 6 0.352153822 -0.080115813 0.216423208 0 0 0
Ca 7 0.485709991 -0.0218149949 0.528810069 0 0 0
Ca 8 -0.282796135 0.148654544 0.127150455 0 0 0
Ca 1 0.015539474 -0.0708705694 0.200532327 0 0 0
Ca 6 -0.156065002 -0.176006676 0.0971037081 0 0 0
Ca 8 -0.0360551377 0.0783144193 0.470643595 0 0 0
Ca 6 -0.327422915 -0.427531289 0.253069597 0 0 0
Ca 1 -0.00811817167 -0.0277957077 0.226060245 0 0 0
Ca 4 -0.172009393 -0.0827857791 0.356652167 0 0 0
Ca 6 -0.0776510801 0.0667631531 0.369374369 0 0 0
Ca 6 -0.0839620969 0.0971741592 0.147645598 0 0 0
Ca 7 -0.397411446 0.132308982 0.166390768 0 0 0
Ca 1 -0.663561408 -0.0235511066 0.478376861 0 0 0
Ca 6 0.0225269334 0.0174325319 0.329619677 0 0 0
Ca 4 -0.302445618 0.278973651 0.0980856999 0 0 0
Ca 1 -0.242599874 0.18947829 0.193257445 0 0 0
Ca 6 -0.223639045 0.0413365648 0.157542448 0 0 0
Ca 8 -0.436419496 -0.191754214 0.0723722706 0 0 0
Ca 8 -0.38315019 0.163290361 0.293134036 0 0 0
Ca 4 -0.0657847814 0.182324782 0.295206447 0 0 0
Ca 1 -0.136832209 0.00128539089 0.27452332 0 0 0
Ca 1 -0.116322836 0.110654962 0.0743694893 0 0 0
Ca 8 -0.151658305 -0.186046425 0.101531423 0 0 0
Ca 6 -0.179923435 0.0124824378 0.202529649 0 0 0
Ca 1 -0.218249946 0.164311837 0.100913144 0 0 0
Ca 4 -0.0850101654 -0.00547533617 0.0610454148 0 0 0
Ca 6 -0.125469882 0.0247569789 0.112717416 0 0 0
Ca 6 -0.172977808 0.0582498749 0.0488327114 0 0 0
Ca 7 -0.0906829839 -0.00889644673 0.0662370041 0 0 0
Ca 1 -0.245295983 0.0993865528 0.0535675605 0 0 0
Ca 8 -0.0856373027 0.0262719591 0.0534566577 0 0 0
Ca 7 -0.135992338 0.0193304395 0.16201266 0 0 0
Ca 8 -0.141312506 0.0796210001 0.0466839429 0 0 0
Ca 7 -0.138493241 -0.0465756785 0.0585626789 0 0 0
Ca 8 -0.127498343 0.0153784638 0.0466920082 0 0 0
VGCC_O 6 -0.12622171 0.0241576588 0.046693322 -1.62059677e-06 3.22356891e-07 -1
VGCC_O 9 0.0953603447 -0.018533153 0.0466930096 -1.14792244e-06 -1.24564753e-07 -1
VGCC_O 5 0.113746944 -0.0200409323 0.0466929896 -1.01287282e-06 -1.51427976e-07 -1
VGCC_O 8 -0.134706799 0.0161271258 0.0466933331 -1.62059677e-06 3.22356891e-07 -1
VGCC_O 2 0.119933892 -0.04777957 0.0466929781 -1.41802115e-06 2.82063236e-07 -1
VGCC_O 7 -0.137449801 0.00579357966 0.0466933342 -1.62059625e-06 3.22356338e-07 -1
VGCC_O 4 -0.108229728 0.00324736392 0.0466932869 -8.10297798e-07 1.61178104e-07 -1
VGCC_O 0 0.11238887 -0.0311459409 0.0466929927 -1.01287282e-06 -1.51427976e-07 -1
VGCC_O 3 0.0772568984 -0.00428239309 0.046693036 -1.41802159e-06 2.82063681e-07 -1
TAG 41 -0.105784995 0.0105052503 0.0536665039 -0.333750681 -0.131703993 -0.933415524
TAG 45 -0.113699624 0.0170707545 0.0588716642 -0.751399624 0.322919173 -0.575431849
TAG 44 -0.11923843 0.00668793202 0.0611035411 -0.999896295 -0.0141984574 0.00240892698
