VGCC_O 8 -0.134706799 0.0161271258 0.0466933331 -1.62059677e-06 3.22356891e-07 -1
VGCC_O 5 0.113746944 -0.0200409323 0.0466929896 -1.01287282e-06 -1.51427976e-07 -1
VGCC_O 0 0.11238887 -0.0311459409 0.0466929927 -1.01287282e-06 -1.51427976e-07 -1
CaBS 10 0.118716608 -0.0102584336 0.0600390594 0.321328636 0.750213906 -0.577864173
CaBS 11 0.0935633772 -0.00805336166 0.0743307052 -0.748611723 0.322508223 0.579283121
CaBS 13 0.103196279 -0.00736614305 0.0831524698 -0.344822968 0.867728907 0.357971598
CaBS 14 0.0984955651 -0.0208487771 0.0559025881 -0.333750671 -0.131704002 -0.933415527
CaBS 15 0.0934735839 -0.00809433368 0.0652761259 -0.751399618 0.322919164 -0.575431861
CaBS 16 0.108794975 -0.0180975312 0.0858849032 0.333750516 0.131703927 0.933415593
CaBS 17 0.0907241483 -0.0200330598 0.0649001612 -0.999896295 -0.0141984568 0.00240892729
CaBS 18 0.103248628 -0.0254422063 0.0548512183 -0.333750671 -0.131704002 -0.933415527
CaBS 19 0.109364471 -0.0312829647 0.0582738689 0.344822999 -0.867728964 -0.357971429
CaBS 20 0.113843093 -0.022924423 0.0546978435 0.329239702 0.132369043 -0.934922272
CaBS 21 0.107375082 -0.0190421376 0.0865258809 0.333750516 0.131703927 0.933415593
CaBS 22 0.119119848 -0.0254300887 0.0772969859 0.751399702 -0.322919474 0.575431578
CaBS 23 0.0925181839 -0.0140620093 0.0631747658 -0.751399618 0.322919164 -0.575431861
CaBS 24 0.116485835 -0.0326604388 0.0684726838 0.344822999 -0.867728964 -0.357971429
CaBS_Ca 68 -0.103190879 0.027728062 0.0651698656 -0.34654601 0.867982945 -0.355684509
Ca 1 -0.422741768 -0.00916043031 0.3573754 0 0 0
Ca 1 0.0449281864 0.341598391 0.530974143 0 0 0
Ca 4 -0.00755283618 0.461082674 0.584293414 0 0 0
Ca 8 -0.782475473 -0.0847472801 0.235198265 0 0 0
Ca 4 0.133811011 0.0684126126 1.20120617 0 0 0
Ca 8 0.212944031 -0.137756407 0.524825178 0 0 0
Ca 1 -0.342940647 0.115808989 0.535321929 0 0 0
Ca 1 -0.362012004 0.298848016 0.513541037 0 0 0
Ca 6 0.244460778 0.118509308 0.614946049 0 0 0
Ca 7 -0.258582 -0.148120405 0.537231004 0 0 0
Ca 4 -0.279278498 0.29259386 0.598841003 0 0 0
Ca 6 -0.510338469 0.0335893058 0.23585161 0 0 0
Ca 7 0.203956286 0.646420646 0.536233355 0 0 0
Ca 6 0.204958769 0.186098791 0.55726364 0 0 0
Ca 6 0.078154317 0.191798879 0.271960357 0 0 0
Ca 6 0.0936372562 -0.27667742 0.509926802 0 0 0
Ca 6 0.0277094425 -0.0888366397 0.349477228 0 0 0
Ca 6 -0.337879701 -0.00288986576 0.0524023112 0 0 0
Ca 8 0.144998364 -0.346447279 0.401726119 0 0 0
Ca 7 0.540000344 -0.199789356 0.234484979 0 0 0
Ca 6 -0.206537798 0.195564079 0.376175717 0 0 0
Ca 6 0.486989661 0.0892814743 0.235802522 0 0 0
Ca 8 0.0215850881 0.575221596 0.386535886 0 0 0
Ca 8 0.279829849 -0.362374604 0.406976932 0 0 0
Ca 8 0.0934875373 -0.457596479 0.246796096 0 0 0
Ca 6 -0.190123901 0.21522651 0.115948465 0 0 0
Ca 6 0.0021015255 0.254120693 0.43547121 0 0 0
Ca 1 0.0810105464 0.426978182 0.0775334824 0 0 0
Ca 7 0.0785029215 0.638211494 0.441510936 0 0 0
Ca 8 -0.742389429 0.0267235644 0.391146343 0 0 0
Ca 7 -0.387772784 0.507880695 0.241195346 0 0 0
Ca 8 0.364802661 0.271837965 0.221678397 0 0 0
Ca 1 0.258683237 0.171704734 0.325554935 0 0 0
Ca 6 -0.0238361816 0.140981388 0.505399012 0 0 0
Ca 4 -0.429262724 0.431165983 0.10127457 0 0 0
Ca 7 0.119985778 0.142274283 0.268126686 0 0 0
Ca 8 -0.33483179 -0.196500897 0.349292076 0 0 0
Ca 1 0.0812593431 0.751961639 0.244343227 0 0 0
Ca 1 -0.372708539 -0.542073867 0.537175764 0 0 0
Ca 4 0.10425346 0.177822668 0.153505915 0 0 0
Ca 8 0.161206774 0.0404295234 0.0469348531 0 0 0
Ca 7 0.0130245137 0.157964933 0.326295223 0 0 0
Ca 1 -0.429607427 -0.282835315 0.0674901933 0 0 0
Ca 8 -0.0458026977 0.128980641 0.297822929 0 0 0
Ca 4 -0.147566114 -0.233642762 0.0937980627 0 0 0
Ca 8 0.0550040911 0.196770182 0.341019582 0 0 0
Ca 1 -0.364024015 -0.106787239 0.29490207 0 0 0
Ca 1 0.135901844 -0.0309650252 0.259953221 0 0 0
Ca 8 0.134929126 -0.110907761 0.36489564 0 0 0
Ca 6 -0.145223585 -0.174733706 0.408441726 0 0 0
Ca 4 -0.13999033 0.550064777 0.327454331 0 0 0
Ca 6 -0.0725164591 -0.253241817 0.407934625 0 0 0
Ca 6 -0.419017741 0.100012005 0.225604032 0 0 0
Ca 8 -0.574580406 -0.516891695 0.244802355 0 0 0
Ca 1 -0.121550499 -0.209780079 0.306265972 0 0 0
Ca 7 -0.117884263 -0.0801212062 0.273026818 0 0 0
Ca 8 -0.336253734 0.218944374 0.425159796 0 0 0
Ca 8 -0.0840528504 0.0225616564 0.356307757 0 0 0
Ca 1 -0.107212797 0.0271363951 0.112423897 0 0 0
Ca 8 -0.131090752 0.139326391 0.153631481 0 0 0
Ca 2 0.130427246 0.05290797 0.291197165 0 0 0
Ca 8 0.0913657935 0.127355389 0.103015 0 0 0
Ca 4 -0.278241119 -0.000686909247 0.154519326 0 0 0
Ca 6 -0.108972856 -0.0179469204 0.170509396 0 0 0
Ca 8 -0.0959547654 0.0411193175 0.099399096 0 0 0
Ca 1 0.150898691 -0.131728989 0.137213081 0 0 0
Ca 7 -0.250751918 -0.161433942 0.0499151496 0 0 0
Ca 7 0.0364966261 -0.0136982688 0.146597568 0 0 0
Ca 1 -0.359436556 0.114917151 0.0569141164 0 0 0
Ca 7 -0.210203566 -0.00340914933 0.244912197 0 0 0
Ca 4 -0.160468321 -0.0486803629 0.194760429 0 0 0
Ca 8 -0.0944245207 0.0530898989 0.114727042 0 0 0
Ca 6 -0.229172133 0.0248772732 0.104391576 0 0 0
Ca 1 -0.0608980217 -0.0645442141 0.0919423618 0 0 0
Ca 6 -0.0874013905 0.150262362 0.140740435 0 0 0
Ca 4 0.00360635472 0.143671314 0.086398615 0 0 0
Ca 4 -0.0177581916 0.0330256231 0.0771699168 0 0 0
Ca 8 -0.0454633935 0.028366675 0.0787040253 0 0 0
Ca 4 -0.195467685 0.0096431163 0.0885792315 0 0 0
Ca 4 -0.120636906 0.0801793487 0.117317533 0 0 0
Ca 7 -0.131353387 0.0728260869 0.0739333201 0 0 0
VGCC_O 2 0.119933892 -0.04777957 0.0466929781 -1.41802115e-06 2.82063236e-07 -1
VGCC_O 6 -0.12622171 0.0241576588 0.046693322 -1.62059677e-06 3.22356891e-07 -1
VGCC_O 9 0.0953603447 -0.018533153 0.0466930096 -1.14792244e-06 -1.24564753e-07 -1
VGCC_O 7 -0.137449801 0.00579357966 0.0466933342 -1.62059625e-06 3.22356338e-07 -1
VGCC_O 3 0.0772568984 -0.00428239309 0.046693036 -1.41802159e-06 2.82063681e-07 -1
VGCC_O 1 -0.126159285 0.0151063295 0.0466933189 -1.62059625e-06 3.22356338e-07 -1
VGCC_O 4 -0.108229728 0.00324736392 0.0466932869 -8.10297798e-07 1.61178104e-07 -1
TAG 41 -0.105784995 0.0105052503 0.0536665039 -0.333750681 -0.131703993 -0.933415524
TAG 70 -0.118208439 0.00383577013 0.0653592954 -0.735818461 -0.677177107 0.0015353549
TAG 69 -0.119239302 0.00795267007 0.0681959954 -0.999896295 -0.0141984574 0.00240892698
TAG 67 -0.115078276 0.000454692191 0.0742448755 -0.735818461 -0.677177107 0.0015353549
TAG 65 0.119072188 -0.020557456 0.0800936336 0.751399702 -0.322919474 0.575431578
TAG 63 -0.104896891 0.0149528875 0.0527352849 0.329239713 0.132369034 -0.93492227
TAG 62 -0.0995730683 0.0302300905 0.0690462359 0.3213287 0.750213891 -0.577864158
TAG 59 -0.100018848 -0.00188752594 0.0603333581 0.344822933 -0.867729023 -0.35797135
TAG 55 -0.119337383 0.0151637023 0.0699872324 -0.999896295 -0.0141984574 0.00240892698
TAG 54 -0.104785227 0.0261860029 0.076486355 -0.344822968 0.867728888 0.357971643
TAG 53 -0.089146311 -0.000197085518 0.0670554248 0.74861179 -0.322508554 -0.579282851
TAG 52 -0.119278263 0.0119799944 0.0757618237 -0.999896295 -0.0141984574 0.00240892698
TAG 51 -0.102448777 0.00747370566 0.0865367572 -0.329239868 -0.132369105 0.934922205
TAG 45 -0.113699624 0.0170707545 0.0588716642 -0.751399624 0.322919173 -0.575431849
TAG 44 -0.11923843 0.00668793202 0.0611035411 -0.999896295 -0.0141984574 0.00240892698
