VGCC_O 8 -0.134706799 0.0161271258 0.0466933331 -1.62059677e-06 3.22356891e-07 -1
VGCC_O 1 -0.126159285 0.0151063295 0.0466933189 -1.62059625e-06 3.22356338e-07 -1
CaBS 10 0.11338294 -0.00293097245 0.0665861048 0.321328636 0.750213906 -0.577864173
CaBS 11 0.115349905 -0.00481221474 0.07035141 0.735818353 0.677177225 -0.00153536905
CaBS 13 0.120781404 -0.0107305393 0.0630840839 0.735818353 0.677177225 -0.00153536905
CaBS 14 0.0943399972 -0.0289232473 0.0698192859 -0.735818491 -0.677177075 0.00153536998
CaBS 15 0.0932000816 -0.0154513768 0.0615046617 -0.751399618 0.322919164 -0.575431861
CaBS 16 0.0920382198 -0.0131448751 0.0751943663 -0.748611723 0.322508223 0.579283121
CaBS 17 0.121214386 -0.0175991953 0.0605078467 0.748611785 -0.322508546 -0.579282861
CaBS 19 0.104400344 -0.00478761752 0.0613776915 -0.346545998 0.867982935 -0.355684546
CaBS 20 0.112915112 -0.033885152 0.0714404351 0.34654604 -0.867983022 0.355684293
CaBS 21 0.0907901066 -0.0226063937 0.0771106323 -0.999896295 -0.0141984568 0.00240892729
CaBS 22 0.122441997 -0.0156469112 0.0611072027 0.999896301 0.01419805 -0.0024089266
CaBS 23 0.116007626 -0.0237519431 0.0572045756 0.748611785 -0.322508546 -0.579282861
CaBS 24 0.0906174614 -0.0117421083 0.0694843076 -0.999896295 -0.0141984568 0.00240892729
Ca 1 0.140287036 0.0795983311 1.38115719 0 0 0
Ca 7 -0.354464227 0.473027959 0.758698143 0 0 0
Ca 6 0.158259705 0.344391291 0.49494594 0 0 0
Ca 6 0.24344289 -0.261230458 0.271900593 0 0 0
Ca 4 0.444196933 0.0186826897 0.0730673587 0 0 0
Ca 4 0.386387709 0.13936548 0.759662881 0 0 0
Ca 6 -0.323600387 -0.225974809 0.605445073 0 0 0
Ca 7 -0.160102995 0.293351152 0.492179181 0 0 0
Ca 1 -0.0971756269 -0.0399292275 0.445609599 0 0 0
Ca 8 0.523280952 -0.148618186 0.347859594 0 0 0
Ca 7 -0.161422927 0.125100126 0.716945623 0 0 0
Ca 1 -0.0836179236 -0.458227147 0.486755316 0 0 0
Ca 7 -0.590917305 -0.0554317159 0.489761088 0 0 0
Ca 1 0.220960328 0.17990595 0.199395537 0 0 0
Ca 8 -0.327421092 0.355623832 0.435283813 0 0 0
Ca 7 -0.419443501 0.334234847 0.164021288 0 0 0
Ca 7 -0.226808411 0.0346967164 0.816069149 0 0 0
Ca 8 0.000219318003 -0.381888856 0.84101528 0 0 0
Ca 6 -0.0983763441 0.409964934 0.557413022 0 0 0
Ca 8 -0.15480757 -0.374546718 0.19357707 0 0 0
Ca 6 -0.153363481 0.643289553 0.241244017 0 0 0
Ca 8 0.0972496018 -0.582646683 0.571072289 0 0 0
Ca 8 -0.197427919 0.0699796742 0.552946151 0 0 0
Ca 8 -0.393396025 0.0345803462 0.54410785 0 0 0
Ca 8 0.445184652 0.00701241761 0.207781896 0 0 0
Ca 4 0.000666006351 0.0237844322 0.200190905 0 0 0
Ca 3 0.267350958 0.0300669792 0.0839426239 0 0 0
Ca 4 0.217353931 0.710445422 0.218131606 0 0 0
Ca 7 0.451338968 0.567637877 0.358828206 0 0 0
Ca 7 -0.0754620198 -0.532868647 0.811489693 0 0 0
Ca 1 0.0850359174 0.42657271 0.10863018 0 0 0
Ca 1 0.184082088 0.137382124 0.269988756 0 0 0
Ca 1 0.53095739 -0.0908822662 0.287960063 0 0 0
Ca 7 0.0775138162 -0.126766628 0.359958482 0 0 0
Ca 6 0.17132334 0.20712744 0.654797445 0 0 0
Ca 4 -0.548336987 0.169803554 0.0814666464 0 0 0
Ca 8 -0.527794981 -0.569468862 0.190046611 0 0 0
Ca 1 0.162850554 0.160024635 0.17655726 0 0 0
Ca 7 0.0281907747 0.252198491 0.45623109 0 0 0
Ca 1 -0.147967772 -0.159761598 0.705094109 0 0 0
Ca 8 -0.118018551 -0.0974316588 0.261303903 0 0 0
Ca 6 -0.411357844 0.105845966 0.424761965 0 0 0
Ca 1 -0.604933615 0.182552562 0.251888165 0 0 0
Ca 6 0.298569124 -0.0704167012 0.302746539 0 0 0
Ca 6 -0.254592548 -0.0711749518 0.212192403 0 0 0
Ca 8 0.0216137632 0.130232466 0.443734643 0 0 0
Ca 7 -0.0137355385 -0.00722900099 0.213316017 0 0 0
Ca 4 -0.290391832 0.122762746 0.428280535 0 0 0
Ca 4 0.447138149 0.237914876 0.324925289 0 0 0
Ca 4 -0.336788085 -0.00615588319 0.207071152 0 0 0
Ca 1 -0.170306101 0.20974484 0.417776888 0 0 0
Ca 6 -0.294675012 0.157380772 0.0647833931 0 0 0
Ca 6 -0.146402716 -0.126912447 0.661941827 0 0 0
Ca 6 -0.448354726 0.289535988 0.0599667009 0 0 0
Ca 7 -0.369329195 0.12748719 0.251609417 0 0 0
Ca 8 -0.095525579 -0.433714363 0.428238264 0 0 0
Ca 7 -0.46118023 -0.286681028 0.595513812 0 0 0
Ca 7 0.16082469 0.265428604 0.238665872 0 0 0
Ca 1 0.0214785741 -0.306372855 0.195444579 0 0 0
Ca 1 -0.419070085 0.0654159416 0.216739672 0 0 0
Ca 4 0.261313204 0.154904205 0.132270376 0 0 0
Ca 6 -0.296075428 0.100746336 0.0851899049 0 0 0
Ca 6 -0.0198186165 0.0997088467 0.329565169 0 0 0
Ca 7 -0.0937747108 -0.132193121 0.164206639 0 0 0
Ca 7 -0.118927689 -0.0628141139 0.210419942 0 0 0
Ca 8 0.0523376599 0.166704159 0.251228256 0 0 0
Ca 1 -0.138626015 0.18266566 0.378458882 0 0 0
Ca 4 -0.206167978 -0.051856969 0.193894205 0 0 0
Ca 7 0.0689646467 -0.187958505 0.125915577 0 0 0
Ca 7 -0.334353772 -0.272006175 0.223237802 0 0 0
Ca 1 -0.0764153548 -0.0822797927 0.342127959 0 0 0
Ca 1 -0.00585281875 -0.0725554205 0.111642352 0 0 0
Ca 6 -0.231649595 -0.342595739 0.150494871 0 0 0
Ca 7 -0.22091888 -0.108689365 0.191724318 0 0 0
Ca 4 0.0468319908 0.268988893 0.340890858 0 0 0
Ca 6 -0.198603642 -0.0891186258 0.202550396 0 0 0
Ca 8 -0.339883956 0.128769844 0.0940091112 0 0 0
Ca 7 -0.295759532 0.09695926 0.1944651 0 0 0
Ca 8 -0.120491984 0.177946962 0.161736911 0 0 0
Ca 7 -0.186714816 0.0578573574 0.0880748938 0 0 0
Ca 1 -0.150666293 0.00486656299 0.059410567 0 0 0
Ca 6 -0.0927296337 0.124110472 0.116298989 0 0 0
Ca 8 -0.231703829 0.101829833 0.0653541596 0 0 0
Ca 7 -0.184990006 0.132684481 0.0771534359 0 0 0
Ca 6 -0.0796975083 -0.0626848476 0.0678818478 0 0 0
Ca 7 -0.208601818 -0.0917737525 0.157181512 0 0 0
Ca 7 -0.0457991487 0.133650446 0.0936310806 0 0 0
Ca 7 -0.123559172 -0.0701718032 0.0648829233 0 0 0
Ca 8 -0.0692046928 0.0103599659 0.0471898904 0 0 0
Ca 6 -0.160824579 0.0340094455 0.0678734662 0 0 0
Ca 1 -0.121392535 0.0128872929 0.0466854545 0 0 0
VGCC_O 3 0.0772568984 -0.00428239309 0.046693036 -1.41802159e-06 2.82063681e-07 -1
VGCC_O 7 -0.137449801 0.00579357966 0.0466933342 -1.62059625e-06 3.22356338e-07 -1
VGCC_O 0 0.11238887 -0.0311459409 0.0466929927 -1.01287282e-06 -1.51427976e-07 -1
VGCC_O 6 -0.12622171 0.0241576588 0.046693322 -1.62059677e-06 3.22356891e-07 -1
VGCC_O 5 0.113746944 -0.0200409323 0.0466929896 -1.01287282e-06 -1.51427976e-07 -1
VGCC_O 9 0.0953603447 -0.018533153 0.0466930096 -1.14792244e-06 -1.24564753e-07 -1
VGCC_O 4 -0.108229728 0.00324736392 0.0466932869 -8.10297798e-07 1.61178104e-07 -1
VGCC_O 2 0.119933892 -0.04777957 0.0466929781 -1.41802115e-06 2.82063236e-07 -1
TAG 41 -0.105784995 0.0105052503 0.0536665039 -0.333750681 -0.131703993 -0.933415524
TAG 73 0.105323475 -0.00357186878 0.063445091 -0.346545998 0.867982935 -0.355684546
TAG 71 -0.096079873 0.00270213046 0.0564810255 0.74861179 -0.322508554 -0.579282851
TAG 70 -0.118208439 0.00383577013 0.0653592954 -0.735818461 -0.677177107 0.0015353549
TAG 69 -0.119239302 0.00795267007 0.0681959954 -0.999896295 -0.0141984574 0.00240892698
TAG 67 -0.115078276 0.000454692191 0.0742448755 -0.735818461 -0.677177107 0.0015353549
TAG 65 0.119072188 -0.020557456 0.0800936336 0.751399702 -0.322919474 0.575431578
TAG 63 -0.104896891 0.0149528875 0.0527352849 0.329239713 0.132369034 -0.93492227
TAG 62 -0.0995730683 0.0302300905 0.0690462359 0.3213287 0.750213891 -0.577864158
TAG 59 -0.100018848 -0.00188752594 0.0603333581 0.344822933 -0.867729023 -0.35797135
TAG 55 -0.119337383 0.0151637023 0.0699872324 -0.999896295 -0.0141984574 0.00240892698
TAG 54 -0.104785227 0.0261860029 0.076486355 -0.344822968 0.867728888 0.357971643
TAG 53 -0.089146311 -0.000197085518 0.0670554248 0.74861179 -0.322508554 -0.579282851
TAG 52 -0.119278263 0.0119799944 0.0757618237 -0.999896295 -0.0141984574 0.00240892698
TAG 51 -0.102448777 0.00747370566 0.0865367572 -0.329239868 -0.132369105 0.934922205
TAG 45 -0.113699624 0.0170707545 0.0588716642 -0.751399624 0.322919173 -0.575431849
TAG 44 -0.11923843 0.00668793202 0.0611035411 -0.999896295 -0.0141984574 0.00240892698
