VGCC_O 7 -0.137449801 0.00579357966 0.0466933342 -1.62059625e-06 3.22356338e-07 -1
VGCC_O 5 0.113746944 -0.0200409323 0.0466929896 -1.01287282e-06 -1.51427976e-07 -1
VGCC_O 1 -0.126159285 0.0151063295 0.0466933189 -1.62059625e-06 3.22356338e-07 -1
CaBS 10 0.092969819 -0.0274460942 0.0646685954 -0.735818491 -0.677177075 0.00153536998
CaBS 11 0.0907305649 -0.0202430844 0.0663256601 -0.999896295 -0.0141984568 0.00240892729
CaBS 13 0.0925901415 -0.0133313788 0.0634908164 -0.751399618 0.322919164 -0.575431861
CaBS 14 0.115727373 -0.0101114177 0.0585677214 0.321328636 0.750213906 -0.577864173
CaBS 15 0.0919512194 -0.0222949355 0.0801761102 -0.748611723 0.322508223 0.579283121
CaBS 16 0.103503873 -0.00935951306 0.086543856 0.333750516 0.131703927 0.933415593
CaBS 17 0.111474129 -0.0120917049 0.0553973237 0.329239702 0.132369043 -0.934922272
CaBS 18 0.0983128702 -0.0312928769 0.0631004636 -0.324116536 -0.749802846 -0.576839807
CaBS 19 0.100221966 -0.0129046475 0.085317968 -0.329239867 -0.132369096 0.934922207
CaBS 20 0.120082416 -0.0210099107 0.0609438666 0.748611785 -0.322508546 -0.579282861
CaBS 21 0.100689407 -0.0295439383 0.0799834241 -0.321328743 -0.750213836 0.577864204
CaBS 22 0.09250657 -0.00784272269 0.0728477153 -0.748611723 0.322508223 0.579283121
CaBS 23 0.100515066 -0.0111859379 0.0850584424 -0.748611723 0.322508223 0.579283121
CaBS 24 0.117159858 -0.0283638584 0.0612612411 0.748611785 -0.322508546 -0.579282861
CaBS 25 -0.0875522043 0.0167753461 0.0777878483 0.999896301 0.0141980506 -0.0024089266
CaBS 38 -0.102270731 -0.00166991433 0.0582996415 -0.324116588 -0.749802884 -0.576839729
CaBS_Ca 56 0.110377649 -0.0318328848 0.0789208914 0.34654604 -0.867983022 0.355684293
CaBS_Ca 57 -0.0874768846 0.0093727362 0.0654210165 0.999896301 0.0141980506 -0.0024089266
Ca 1 -0.0398468949 0.0419950091 1.08614418 0 0 0
Ca 1 -0.533239458 -0.0894900157 0.625053491 0 0 0
Ca 1 0.118380801 -0.365619936 0.648293411 0 0 0
Ca 6 -0.102971561 -0.407975591 0.0937109268 0 0 0
Ca 7 -0.105436512 0.364056376 0.218073652 0 0 0
Ca 8 -0.176993967 -0.0415256593 0.278412533 0 0 0
Ca 1 -0.372974297 0.449484005 0.350517266 0 0 0
Ca 4 0.419505526 0.146671187 0.153024207 0 0 0
Ca 4 0.840027028 -0.149837374 0.201388262 0 0 0
Ca 1 0.706552343 -0.326658821 0.0627106622 0 0 0
Ca 8 -0.256281516 -0.366737549 0.298183946 0 0 0
Ca 6 -0.0888006616 0.543961385 0.754041785 0 0 0
Ca 7 -0.493686358 0.426001651 0.303620852 0 0 0
Ca 6 0.42001971 0.0709977971 0.649450876 0 0 0
CaBS_Ca 64 -0.102385318 0.00455767767 0.0532901169 -0.333750681 -0.131703993 -0.933415524
Ca 6 -0.396819718 0.385694785 0.780446674 0 0 0
Ca 1 -0.00275993711 0.728397031 0.408772559 0 0 0
Ca 7 -0.104470106 0.147333013 0.918937026 0 0 0
Ca 8 -0.28604295 -0.201864576 0.428775313 0 0 0
Ca 1 -0.157758717 0.261015289 0.648032391 0 0 0
Ca 6 -0.361594982 -0.100918099 0.519376945 0 0 0
Ca 8 -0.410839564 -0.340218895 0.744112133 0 0 0
Ca 1 -0.25755132 0.146717342 0.301462934 0 0 0
Ca 7 0.393365023 -0.0591591938 0.119977201 0 0 0
Ca 6 -0.0631605944 -0.302936272 0.146093964 0 0 0
Ca 6 -0.110529201 -0.215393505 0.210349023 0 0 0
Ca 8 0.311069665 -0.309668747 0.567618194 0 0 0
Ca 7 -0.283049484 -0.0169729382 0.0821280719 0 0 0
Ca 7 -0.262196864 0.218697283 0.180708797 0 0 0
Ca 6 0.132296351 0.307465404 0.537600057 0 0 0
Ca 4 0.0311403436 0.378782661 0.56924077 0 0 0
Ca 8 -0.725013806 -0.0419545046 0.304164029 0 0 0
Ca 4 -0.17314773 0.180551976 0.431474601 0 0 0
Ca 8 -0.215469165 0.294751506 0.210454231 0 0 0
Ca 4 0.017106621 0.066991041 0.239345509 0 0 0
Ca 6 -0.254313632 0.0769032988 0.267902408 0 0 0
Ca 4 0.137498407 0.313099015 0.52144353 0 0 0
Ca 7 0.28393559 -0.256079935 0.479283395 0 0 0
Ca 4 -0.263958785 0.237084939 0.389215884 0 0 0
Ca 7 -0.553975659 0.161938303 0.544366914 0 0 0
Ca 1 0.136936155 -0.127275214 0.588795179 0 0 0
Ca 6 0.042063907 0.292482375 0.510991189 0 0 0
Ca 8 -0.0118091002 0.144938675 0.385220691 0 0 0
Ca 1 -0.363506163 -0.255679971 0.670435412 0 0 0
Ca 8 -0.0460648209 0.00107982991 0.292514551 0 0 0
Ca 4 -0.297812325 0.442508716 0.374322199 0 0 0
Ca 4 0.359622179 0.318915095 0.365543016 0 0 0
Ca 1 -0.0866487821 -0.104096298 0.300922339 0 0 0
Ca 4 -0.0664927515 0.044133233 0.10983677 0 0 0
Ca 6 0.123271691 0.10755362 0.256579061 0 0 0
Ca 4 -0.174247645 0.000699131123 0.166421229 0 0 0
Ca 7 -0.198687141 -0.160006659 0.346339927 0 0 0
Ca 6 -0.0280425175 -0.254261981 0.298280412 0 0 0
Ca 8 -0.319997553 0.208096649 0.273436961 0 0 0
Ca 7 -0.217257033 0.238006917 0.36805505 0 0 0
Ca 6 -0.152770694 -0.280963593 0.223652056 0 0 0
Ca 4 -0.0814674172 -0.0658800895 0.243275123 0 0 0
Ca 4 -0.298516987 -0.187256741 0.0564701614 0 0 0
Ca 1 -0.00821672638 0.185188944 0.250974164 0 0 0
Ca 6 -0.228049866 0.112515433 0.133702357 0 0 0
Ca 6 -0.00732253621 0.238743294 0.20150561 0 0 0
Ca 6 -0.589280418 0.0299338768 0.0524797055 0 0 0
Ca 6 0.102476552 -0.00798064141 0.157747155 0 0 0
Ca 8 0.00380198445 0.215831253 0.100741129 0 0 0
Ca 1 -0.000616230687 0.24081935 0.507826771 0 0 0
Ca 6 -0.159549246 -0.0228037911 0.306424934 0 0 0
Ca 4 -0.227121086 0.123969869 0.349598077 0 0 0
Ca 7 -0.238370191 -0.0809534622 0.310349715 0 0 0
Ca 8 0.0193478294 -0.0640990372 0.19678066 0 0 0
Ca 6 -0.000464374745 -0.224239287 0.341098528 0 0 0
Ca 8 -0.262428796 0.11546031 0.0725974246 0 0 0
Ca 7 -0.138950144 0.0531700399 0.248720213 0 0 0
Ca 8 -0.41777736 -0.0858303733 0.0630816208 0 0 0
Ca 6 -0.443180452 0.153502074 0.0658073797 0 0 0
Ca 7 -0.191492957 -0.00160055739 0.134239672 0 0 0
Ca 8 -0.300149044 0.0969540656 0.139692979 0 0 0
Ca 8 -0.157335731 0.0665668774 0.0542220889 0 0 0
Ca 6 -0.0412646467 0.107461101 0.10556827 0 0 0
Ca 1 -0.180379247 0.00224489217 0.0557950838 0 0 0
Ca 6 -0.120506322 0.0149350346 0.0466206201 0 0 0
Ca 1 -0.118335438 0.0265261878 0.0466110596 0 0 0
Ca 4 -0.0750414313 -0.0668736082 0.0619414068 0 0 0
Ca 6 -0.104106453 0.0459410945 0.0469411063 0 0 0
VGCC_O 6 -0.12622171 0.0241576588 0.046693322 -1.62059677e-06 3.22356891e-07 -1
Ca 6 -0.105400079 0.0238359563 0.0466089583 0 0 0
VGCC_O 3 0.0772568984 -0.00428239309 0.046693036 -1.41802159e-06 2.82063681e-07 -1
VGCC_O 9 0.0953603447 -0.018533153 0.0466930096 -1.14792244e-06 -1.24564753e-07 -1
VGCC_O 2 0.119933892 -0.04777957 0.0466929781 -1.41802115e-06 2.82063236e-07 -1
VGCC_O 0 0.11238887 -0.0311459409 0.0466929927 -1.01287282e-06 -1.51427976e-07 -1
VGCC_O 4 -0.108229728 0.00324736392 0.0466932869 -8.10297798e-07 1.61178104e-07 -1
VGCC_O 8 -0.134706799 0.0161271258 0.0466933331 -1.62059677e-06 3.22356891e-07 -1
TAG 41 -0.105784995 0.0105052503 0.0536665039 -0.333750681 -0.131703993 -0.933415524
TAG 63 -0.104896891 0.0149528875 0.0527352849 0.329239713 0.132369034 -0.93492227
TAG 62 -0.0995730683 0.0302300905 0.0690462359 0.3213287 0.750213891 -0.577864158
TAG 59 -0.100018848 -0.00188752594 0.0603333581 0.344822933 -0.867729023 -0.35797135
TAG 55 -0.119337383 0.0151637023 0.0699872324 -0.999896295 -0.0141984574 0.00240892698
TAG 54 -0.104785227 0.0261860029 0.076486355 -0.344822968 0.867728888 0.357971643
TAG 53 -0.089146311 -0.000197085518 0.0670554248 0.74861179 -0.322508554 -0.579282851
TAG 52 -0.119278263 0.0119799944 0.0757618237 -0.999896295 -0.0141984574 0.00240892698
TAG 51 -0.102448777 0.00747370566 0.0865367572 -0.329239868 -0.132369105 0.934922205
TAG 45 -0.113699624 0.0170707545 0.0588716642 -0.751399624 0.322919173 -0.575431849
TAG 44 -0.11923843 0.00668793202 0.0611035411 -0.999896295 -0.0141984574 0.00240892698
