VGCC_O 4 -0.108229728 0.00324736392 0.0466932869 -8.10297798e-07 1.61178104e-07 -1
VGCC_O 3 0.0772568984 -0.00428239309 0.046693036 -1.41802159e-06 2.82063681e-07 -1
VGCC_O 7 -0.137449801 0.00579357966 0.0466933342 -1.62059625e-06 3.22356338e-07 -1
VGCC_O 5 0.113746944 -0.0200409323 0.0466929896 -1.01287282e-06 -1.51427976e-07 -1
CaBS 10 0.109980661 -0.00646761863 0.0793792781 0.324116486 0.74980293 0.576839726
CaBS 11 0.117138549 -0.00704368551 0.0761061806 0.324116486 0.74980293 0.576839726
CaBS 13 0.100882172 -0.0360354844 0.0682622519 -0.735818491 -0.677177075 0.00153536998
CaBS 14 0.101606152 -0.022347612 0.0844684562 -0.329239867 -0.132369096 0.934922207
CaBS 15 0.097341761 -0.0215923928 0.0830736453 -0.329239867 -0.132369096 0.934922207
CaBS 16 0.104341146 -0.0340921149 0.0633518552 -0.324116536 -0.749802846 -0.576839807
CaBS 17 0.0907540373 -0.0200905474 0.076967665 -0.999896295 -0.0141984568 0.00240892729
CaBS 19 0.104702768 -0.00476805826 0.078305825 -0.344822968 0.867728907 0.357971598
CaBS 20 0.112993783 -0.00340357484 0.0737034701 0.324116486 0.74980293 0.576839726
CaBS 21 0.100712512 -0.00336420736 0.0684443446 -0.346545998 0.867982935 -0.355684546
CaBS 22 0.0947852035 -0.00625383128 0.0671677663 -0.346545998 0.867982935 -0.355684546
CaBS 23 0.101330129 -0.0325588215 0.0764256253 -0.321328743 -0.750213836 0.577864204
CaBS 24 0.106615777 -0.0369715637 0.069415399 0.344822999 -0.867728964 -0.357971429
Ca 7 0.256517652 0.439906269 0.526336945 0 0 0
Ca 7 0.0609037578 0.00212116451 0.282001436 0 0 0
Ca 1 -0.00520077342 0.25861134 1.22284965 0 0 0
Ca 1 0.27140572 -0.183328046 0.379342005 0 0 0
Ca 7 -0.100542006 0.360994438 0.49630042 0 0 0
Ca 6 0.31199131 0.408348275 0.15694385 0 0 0
Ca 6 0.0350022393 -0.256880575 0.371767137 0 0 0
Ca 4 0.242553127 -0.16211959 0.247972006 0 0 0
Ca 4 0.0649057294 0.147691722 0.636978301 0 0 0
Ca 7 -0.471373297 0.145049136 0.918670392 0 0 0
Ca 8 0.3348335 -0.506012783 0.110533651 0 0 0
Ca 6 -0.0883299605 -0.050527804 0.566654319 0 0 0
Ca 7 -0.244803138 0.287216317 0.356042487 0 0 0
Ca 1 -0.27068631 -0.315583025 0.521621266 0 0 0
Ca 8 0.265187298 -0.195464352 0.42990635 0 0 0
Ca 7 -0.37026658 0.0187048463 0.790378941 0 0 0
Ca 1 0.222337984 -0.426737044 0.1646949 0 0 0
Ca 7 -0.247889625 0.215235422 0.62392737 0 0 0
Ca 1 -0.216326472 0.372464831 0.482355809 0 0 0
Ca 6 -0.277992665 0.611403396 0.506670231 0 0 0
Ca 8 0.0209194782 -0.595095791 0.592486668 0 0 0
Ca 1 0.515188544 0.203959263 0.315470233 0 0 0
Ca 8 -0.32442403 0.379738289 0.443107643 0 0 0
Ca 7 -0.443411406 0.461829579 0.207208207 0 0 0
Ca 7 0.0139104524 0.0609213883 0.597495746 0 0 0
Ca 8 -0.0787639972 -0.337187175 0.827798563 0 0 0
Ca 6 -0.0736350372 0.175930873 0.692890631 0 0 0
Ca 8 -0.207460803 -0.359866737 0.276996846 0 0 0
Ca 6 0.163717375 0.339711063 0.0756407238 0 0 0
Ca 8 0.27836162 -0.0954210667 0.71386536 0 0 0
Ca 8 -0.403955837 0.175677483 0.443481383 0 0 0
Ca 7 -0.00799130112 0.373770497 0.552115838 0 0 0
Ca 8 -0.377242777 -0.0650506868 0.283414431 0 0 0
Ca 1 0.38646851 -0.274372575 0.879574036 0 0 0
Ca 8 0.362597747 -0.0671347788 0.217505954 0 0 0
Ca 1 0.205847221 -0.220314272 0.819272426 0 0 0
Ca 4 -0.681113365 -0.1026121 0.0993860483 0 0 0
Ca 4 -0.122956122 -0.288586984 0.522925958 0 0 0
Ca 3 0.0558259477 0.0604570269 0.320813975 0 0 0
Ca 4 0.132176524 0.524317469 0.31208966 0 0 0
Ca 7 0.450395016 0.391110296 0.445589686 0 0 0
Ca 7 -0.0699387671 -0.314930087 0.553420797 0 0 0
Ca 7 0.340762998 0.29959491 0.196844403 0 0 0
Ca 1 0.198435158 0.568086607 0.0974036459 0 0 0
Ca 1 -0.13418959 -0.48407595 0.178986203 0 0 0
Ca 1 -0.0594413538 -0.191706937 0.37892716 0 0 0
Ca 6 -0.632286111 0.00796279402 0.560035951 0 0 0
Ca 1 0.491068211 -0.149630786 0.234935259 0 0 0
Ca 7 -0.146666842 0.0117568599 0.335714961 0 0 0
Ca 6 -0.203060605 -0.170939371 0.413290766 0 0 0
Ca 7 -0.414765233 0.518663035 0.446756421 0 0 0
Ca 4 -0.375566404 0.144243518 0.169195942 0 0 0
Ca 8 -0.257143657 -0.419761144 0.338290101 0 0 0
Ca 1 -0.155004766 -0.00896146478 0.308006875 0 0 0
Ca 7 -0.148766952 0.280676225 0.545440808 0 0 0
Ca 6 -0.354468374 -0.0439310931 0.324065549 0 0 0
Ca 1 0.513742094 -0.0499587593 0.395163484 0 0 0
Ca 1 0.0813629111 -0.111966419 0.127563986 0 0 0
Ca 1 -0.0382373688 -0.236419845 0.459132576 0 0 0
Ca 7 -0.404962862 -0.045575518 0.181496736 0 0 0
Ca 7 -0.160254869 -0.0301590626 0.064174378 0 0 0
Ca 8 -0.179487278 -0.0570628517 0.148717481 0 0 0
Ca 6 -0.580578273 0.0178585576 0.363735985 0 0 0
Ca 1 -0.527878988 0.0747476465 0.0884237913 0 0 0
Ca 6 -0.0878986817 0.192610009 0.146326642 0 0 0
Ca 6 -0.133348615 -0.0273371267 0.386249462 0 0 0
Ca 8 0.086657862 0.171983488 0.186554798 0 0 0
Ca 7 -0.279981746 -0.111590896 0.413101081 0 0 0
Ca 4 -0.108204117 0.415252745 0.212942874 0 0 0
Ca 4 0.167286614 0.142031981 0.0626812698 0 0 0
Ca 4 -0.254450367 -0.217814507 0.272680901 0 0 0
Ca 1 -0.285331204 0.368884297 0.120495301 0 0 0
Ca 6 -0.238459442 0.369683736 0.198464643 0 0 0
Ca 6 -0.308459516 0.235605348 0.0544392263 0 0 0
Ca 6 -0.245719461 0.0568948507 0.0783318175 0 0 0
Ca 1 -0.0315599576 0.0988672777 0.0981222619 0 0 0
Ca 6 -0.444773533 0.0722742681 0.376611107 0 0 0
Ca 7 -0.206703838 0.0546987751 0.149692501 0 0 0
Ca 1 -0.115669091 0.249336965 0.18446276 0 0 0
Ca 8 -0.161499961 0.0441971899 0.278240406 0 0 0
Ca 7 -0.314190751 0.135427169 0.223281997 0 0 0
Ca 7 -0.0103167505 -0.0686237496 0.0620644295 0 0 0
Ca 1 -0.0512855361 -0.11495718 0.158064303 0 0 0
Ca 6 -0.135764618 0.126071055 0.185841949 0 0 0
Ca 4 -0.116014555 0.114013971 0.0661809796 0 0 0
Ca 1 -0.142204026 -0.00302884568 0.18591974 0 0 0
Ca 4 0.0465859692 0.0213960313 0.239885535 0 0 0
Ca 6 -0.193278977 -0.0857967244 0.0676676107 0 0 0
Ca 6 -0.22949442 -0.0355510231 0.124854253 0 0 0
Ca 8 -0.119762512 0.0475716298 0.0466744459 0 0 0
Ca 6 -0.131443057 0.136508933 0.104857821 0 0 0
Ca 7 -0.142922518 0.000692564314 0.0466235144 0 0 0
VGCC_O 8 -0.134706799 0.0161271258 0.0466933331 -1.62059677e-06 3.22356891e-07 -1
VGCC_O 6 -0.12622171 0.0241576588 0.046693322 -1.62059677e-06 3.22356891e-07 -1
VGCC_O 2 0.119933892 -0.04777957 0.0466929781 -1.41802115e-06 2.82063236e-07 -1
VGCC_O 1 -0.126159285 0.0151063295 0.0466933189 -1.62059625e-06 3.22356338e-07 -1
VGCC_O 9 0.0953603447 -0.018533153 0.0466930096 -1.14792244e-06 -1.24564753e-07 -1
VGCC_O 0 0.11238887 -0.0311459409 0.0466929927 -1.01287282e-06 -1.51427976e-07 -1
TAG 41 -0.105784995 0.0105052503 0.0536665039 -0.333750681 -0.131703993 -0.933415524
TAG 73 0.105323475 -0.00357186878 0.063445091 -0.346545998 0.867982935 -0.355684546
TAG 71 -0.096079873 0.00270213046 0.0564810255 0.74861179 -0.322508554 -0.579282851
TAG 70 -0.118208439 0.00383577013 0.0653592954 -0.735818461 -0.677177107 0.0015353549
TAG 69 -0.119239302 0.00795267007 0.0681959954 -0.999896295 -0.0141984574 0.00240892698
TAG 67 -0.115078276 0.000454692191 0.0742448755 -0.735818461 -0.677177107 0.0015353549
TAG 65 0.119072188 -0.020557456 0.0800936336 0.751399702 -0.322919474 0.575431578
TAG 63 -0.104896891 0.0149528875 0.0527352849 0.329239713 0.132369034 -0.93492227
TAG 62 -0.0995730683 0.0302300905 0.0690462359 0.3213287 0.750213891 -0.577864158
TAG 59 -0.100018848 -0.00188752594 0.0603333581 0.344822933 -0.867729023 -0.35797135
TAG 55 -0.119337383 0.0151637023 0.0699872324 -0.999896295 -0.0141984574 0.00240892698
TAG 54 -0.104785227 0.0261860029 0.076486355 -0.344822968 0.867728888 0.357971643
TAG 53 -0.089146311 -0.000197085518 0.0670554248 0.74861179 -0.322508554 -0.579282851
TAG 52 -0.119278263 0.0119799944 0.0757618237 -0.999896295 -0.0141984574 0.00240892698
TAG 51 -0.102448777 0.00747370566 0.0865367572 -0.329239868 -0.132369105 0.934922205
TAG 45 -0.113699624 0.0170707545 0.0588716642 -0.751399624 0.322919173 -0.575431849
TAG 44 -0.11923843 0.00668793202 0.0611035411 -0.999896295 -0.0141984574 0.00240892698
