VGCC_O 2 0.119933892 -0.04777957 0.0466929781 -1.41802115e-06 2.82063236e-07 -1
VGCC_O 9 0.0953603447 -0.018533153 0.0466930096 -1.14792244e-06 -1.24564753e-07 -1
CaBS 10 0.117447817 -0.0108480892 0.05856801 0.321328636 0.750213906 -0.577864173
CaBS 11 0.0945169628 -0.0143436159 0.0604067267 -0.751399618 0.322919164 -0.575431861
CaBS 13 0.10980153 -0.0297914046 0.0550793068 0.344822999 -0.867728964 -0.357971429
CaBS 14 0.0916334408 -0.0143996325 0.0641405979 -0.751399618 0.322919164 -0.575431861
CaBS 15 0.103930429 -0.00859490546 0.0855439468 0.324116486 0.74980293 0.576839726
CaBS 16 0.092541997 -0.0269862684 0.0624438367 -0.735818491 -0.677177075 0.00153536998
CaBS 17 0.0944761621 -0.0172986333 0.0588017163 -0.751399618 0.322919164 -0.575431861
CaBS 19 0.10593676 -0.036128529 0.0667177911 0.344822999 -0.867728964 -0.357971429
CaBS 20 0.108023158 -0.00504150802 0.0786254419 0.324116486 0.74980293 0.576839726
CaBS 21 0.0906898651 -0.0164511328 0.0717821731 -0.999896295 -0.0141984568 0.00240892729
CaBS 22 0.114979473 -0.0282290523 0.0811327783 0.751399702 -0.322919474 0.575431578
CaBS 23 0.121471122 -0.0152783589 0.0595475319 0.748611785 -0.322508546 -0.579282861
CaBS 24 0.0974470824 -0.011938427 0.081512604 -0.748611723 0.322508223 0.579283121
Ca 1 -0.418171279 -0.0856271949 0.467670057 0 0 0
Ca 7 -0.421569539 0.463789862 0.305019283 0 0 0
Ca 8 0.313488119 -0.230527648 0.0682588948 0 0 0
Ca 7 -0.149856243 0.026103757 0.757664052 0 0 0
Ca 4 -0.0423316673 0.177091623 0.968274754 0 0 0
Ca 1 -0.371156707 -0.421732808 0.196042777 0 0 0
Ca 1 0.245785364 -0.173980473 0.45776543 0 0 0
Ca 8 -0.543445429 -0.00460076105 0.337045858 0 0 0
Ca 1 -0.297526135 0.268479708 0.796560745 0 0 0
Ca 6 0.12550157 -0.302399086 0.426606457 0 0 0
Ca 4 0.158636104 0.145692857 0.265997463 0 0 0
Ca 4 -0.0160717056 0.0407019066 0.18572088 0 0 0
Ca 7 -0.245969987 0.0836600833 0.377682665 0 0 0
Ca 8 0.322026182 0.29260521 0.331490064 0 0 0
Ca 8 0.332485949 -0.142846312 0.733190671 0 0 0
Ca 8 -0.110692547 0.282279066 0.654550433 0 0 0
Ca 1 -0.427842791 -0.144655925 0.532915443 0 0 0
Ca 6 -0.545436575 0.39924741 0.458272493 0 0 0
Ca 8 -0.293165371 0.0632198138 0.419972947 0 0 0
Ca 1 -0.704869769 0.0034243299 0.400182118 0 0 0
Ca 7 -0.26992033 0.364778912 0.236827487 0 0 0
Ca 6 -0.263512234 -0.187464513 0.620956163 0 0 0
Ca 2 -0.110199012 0.682712545 0.288288998 0 0 0
Ca 6 -0.385191415 -0.0606702249 0.902876465 0 0 0
Ca 4 0.401622578 0.411906547 0.108257269 0 0 0
Ca 1 -0.555196075 0.190636614 0.298988673 0 0 0
Ca 8 0.416925239 -0.0720247702 0.287993446 0 0 0
Ca 4 -0.0957645693 0.592586432 0.593920082 0 0 0
Ca 7 0.149979857 0.266989858 0.29943307 0 0 0
Ca 4 0.0958816557 0.111920961 0.553614582 0 0 0
Ca 7 -0.197651266 0.15912122 0.100449067 0 0 0
Ca 8 0.207686274 0.164462298 0.121539473 0 0 0
Ca 8 0.0750996056 -0.122003594 0.656747636 0 0 0
Ca 4 -0.460677881 0.358206149 0.410057877 0 0 0
Ca 7 -0.115058573 0.130315409 0.122959694 0 0 0
Ca 6 -0.148408547 0.0243606668 0.369347546 0 0 0
Ca 1 -0.176669611 -0.0857238359 0.985347365 0 0 0
Ca 8 -0.412737871 0.000932433223 0.210220463 0 0 0
Ca 1 -0.21212338 0.0324534102 0.244101116 0 0 0
Ca 1 0.11751474 -0.0403958894 0.1800223 0 0 0
Ca 6 -0.175279414 0.21035072 0.30894329 0 0 0
Ca 8 -0.040940185 -0.182805628 0.184594108 0 0 0
Ca 1 0.0418816592 0.29703276 0.0977859464 0 0 0
Ca 1 -0.212942024 -0.0677303791 0.135614559 0 0 0
Ca 7 -0.296300871 0.0601167981 0.378800219 0 0 0
Ca 6 -0.00244194646 0.0991303846 0.134547024 0 0 0
Ca 7 0.0150725366 0.385083022 0.444126295 0 0 0
Ca 8 0.519103022 0.0826645211 0.685238436 0 0 0
Ca 7 -0.402654682 -0.417405367 0.330550869 0 0 0
Ca 8 0.273671477 -0.110130575 0.0605061111 0 0 0
Ca 7 0.28353193 0.162618841 0.354849508 0 0 0
Ca 6 -0.180965354 0.202771399 0.252843716 0 0 0
Ca 6 0.300814558 0.16888944 0.170559001 0 0 0
Ca 1 -0.512914428 0.0197233379 0.148453423 0 0 0
Ca 6 -0.177415048 -0.0212913252 0.383900662 0 0 0
Ca 1 0.0169755863 0.035748935 0.181833355 0 0 0
Ca 6 0.168345303 -0.0420191569 0.107138533 0 0 0
Ca 1 -0.348959408 0.132320775 0.180855164 0 0 0
Ca 6 -0.173395272 0.132687842 0.287211087 0 0 0
Ca 7 -0.118053306 0.00417203393 0.220090693 0 0 0
Ca 4 -0.0934458713 0.0421383892 0.0776187484 0 0 0
Ca 6 -0.0288329549 -0.11782357 0.161964456 0 0 0
Ca 4 -0.215122302 -0.0985431024 0.177381648 0 0 0
Ca 8 -0.149508309 0.181432857 0.245953479 0 0 0
Ca 4 -0.0755411621 0.0820800928 0.194081823 0 0 0
Ca 6 -0.100104234 0.0636492868 0.0694189854 0 0 0
Ca 4 -0.0294774216 0.0346484044 0.101333071 0 0 0
Ca 4 -0.0629717259 -0.0606760069 0.0714387235 0 0 0
VGCC_O 1 -0.126159285 0.0151063295 0.0466933189 -1.62059625e-06 3.22356338e-07 -1
VGCC_O 8 -0.134706799 0.0161271258 0.0466933331 -1.62059677e-06 3.22356891e-07 -1
VGCC_O 3 0.0772568984 -0.00428239309 0.046693036 -1.41802159e-06 2.82063681e-07 -1
VGCC_O 7 -0.137449801 0.00579357966 0.0466933342 -1.62059625e-06 3.22356338e-07 -1
VGCC_O 6 -0.12622171 0.0241576588 0.046693322 -1.62059677e-06 3.22356891e-07 -1
VGCC_O 0 0.11238887 -0.0311459409 0.0466929927 -1.01287282e-06 -1.51427976e-07 -1
VGCC_O 5 0.113746944 -0.0200409323 0.0466929896 -1.01287282e-06 -1.51427976e-07 -1
VGCC_O 4 -0.108229728 0.00324736392 0.0466932869 -8.10297798e-07 1.61178104e-07 -1
TAG 41 -0.105784995 0.0105052503 0.0536665039 -0.333750681 -0.131703993 -0.933415524
TAG 73 0.105323475 -0.00357186878 0.063445091 -0.346545998 0.867982935 -0.355684546
TAG 71 -0.096079873 0.00270213046 0.0564810255 0.74861179 -0.322508554 -0.579282851
TAG 70 -0.118208439 0.00383577013 0.0653592954 -0.735818461 -0.677177107 0.0015353549
TAG 69 -0.119239302 0.00795267007 0.0681959954 -0.999896295 -0.0141984574 0.00240892698
TAG 67 -0.115078276 0.000454692191 0.0742448755 -0.735818461 -0.677177107 0.0015353549
TAG 65 0.119072188 -0.020557456 0.0800936336 0.751399702 -0.322919474 0.575431578
TAG 63 -0.104896891 0.0149528875 0.0527352849 0.329239713 0.132369034 -0.93492227
TAG 62 -0.0995730683 0.0302300905 0.0690462359 0.3213287 0.750213891 -0.577864158
TAG 59 -0.100018848 -0.00188752594 0.0603333581 0.344822933 -0.867729023 -0.35797135
TAG 55 -0.119337383 0.0151637023 0.0699872324 -0.999896295 -0.0141984574 0.00240892698
TAG 54 -0.104785227 0.0261860029 0.076486355 -0.344822968 0.867728888 0.357971643
TAG 53 -0.089146311 -0.000197085518 0.0670554248 0.74861179 -0.322508554 -0.579282851
TAG 52 -0.119278263 0.0119799944 0.0757618237 -0.999896295 -0.0141984574 0.00240892698
TAG 51 -0.102448777 0.00747370566 0.0865367572 -0.329239868 -0.132369105 0.934922205
TAG 45 -0.113699624 0.0170707545 0.0588716642 -0.751399624 0.322919173 -0.575431849
TAG 44 -0.11923843 0.00668793202 0.0611035411 -0.999896295 -0.0141984574 0.00240892698
