VGCC_O 3 0.0772568984 -0.00428239309 0.046693036 -1.41802159e-06 2.82063681e-07 -1
CaBS 10 0.111807086 -0.00255278303 0.0662008168 0.321328636 0.750213906 -0.577864173
CaBS 11 0.105833111 -0.027590486 0.0852147097 -0.329239867 -0.132369096 0.934922207
CaBS 12 0.0963528985 -0.0310999055 0.0744741908 -0.735818491 -0.677177075 0.00153536998
CaBS 13 0.0935254909 -0.0265853005 0.0798408973 -0.321328743 -0.750213836 0.577864204
CaBS 14 0.112001309 -0.0334646454 0.0661022865 0.344822999 -0.867728964 -0.357971429
CaBS 15 0.106177849 -0.0314939946 0.0805036758 -0.321328743 -0.750213836 0.577864204
CaBS 16 0.117247058 -0.0147481312 0.0570541982 0.329239702 0.132369043 -0.934922272
CaBS 17 0.112385531 -0.00200476048 0.0722269931 0.324116486 0.74980293 0.576839726
CaBS 18 0.104955241 -0.00571392564 0.0585765663 -0.346545998 0.867982935 -0.355684546
CaBS 19 0.120759073 -0.0293035961 0.0729827555 0.751399702 -0.322919474 0.575431578
CaBS 20 0.0980780449 -0.00777421845 0.0792114145 -0.344822968 0.867728907 0.357971598
CaBS 21 0.102528365 -0.0338016985 0.0639929296 -0.324116536 -0.749802846 -0.576839807
CaBS 22 0.122461785 -0.015664477 0.0692170926 0.999896301 0.01419805 -0.0024089266
CaBS 23 0.0985360265 -0.00637167366 0.0632257399 -0.346545998 0.867982935 -0.355684546
CaBS 24 0.104394619 -0.0302459614 0.0583224033 -0.324116536 -0.749802846 -0.576839807
CaBS 25 -0.0875889973 0.016944376 0.0635120497 0.999896301 0.0141980506 -0.0024089266
CaBS 26 -0.108118964 0.025879315 0.0740184862 -0.344822968 0.867728888 0.357971643
CaBS 27 -0.101375804 0.00125738701 0.0854359838 -0.321328736 -0.750213873 0.57786416
CaBS 28 -0.105864672 0.00222430417 0.0552571321 -0.324116588 -0.749802884 -0.576839729
CaBS 29 -0.102923583 0.0101900607 0.086741009 0.333750517 0.131703937 0.933415591
CaBS 31 -0.110851819 -0.00414168781 0.0725139207 -0.735818461 -0.677177107 0.0015353549
CaBS 32 -0.115699946 0.0174528067 0.0777845905 -0.748611709 0.322508237 0.579283131
CaBS 34 -0.0927851039 0.0231617343 0.0705435158 0.735818381 0.677177195 -0.00153536913
CaBS 36 -0.0991449586 0.00545066477 0.0534155173 0.329239713 0.132369034 -0.93492227
CaBS 37 -0.107032408 0.00723957254 0.0848894478 -0.329239868 -0.132369105 0.934922205
CaBS 38 -0.0953194962 0.019922046 0.0814313986 0.324116492 0.749802901 0.576839761
CaBS 39 -0.103257638 -0.00550585782 0.0734995608 0.346545964 -0.867983059 0.355684276
Ca 1 -0.316550377 0.420615781 0.610199503 0 0 0
Ca 1 0.0914843575 -0.354701762 0.87561179 0 0 0
Ca 7 -0.0699095636 -0.581774172 0.19643887 0 0 0
Ca 6 -0.515425559 0.432634878 0.3112766 0 0 0
Ca 6 -0.0414907378 -0.356092954 0.597858396 0 0 0
Ca 6 0.0861883118 0.232660425 0.766599115 0 0 0
Ca 8 -0.156335482 0.08504554 0.141742407 0 0 0
Ca 1 0.0428293472 -0.154694094 0.529037256 0 0 0
Ca 8 -0.269795747 0.580418935 0.440775898 0 0 0
Ca 4 -0.487179457 -0.516625945 0.26280725 0 0 0
Ca 8 -0.0562888385 -0.116880796 0.81960562 0 0 0
Ca 1 0.107800485 -0.0765726222 0.52267655 0 0 0
Ca 7 -0.153515755 0.670927512 0.24178866 0 0 0
Ca 7 -0.243280043 0.0369082928 0.709703746 0 0 0
Ca 4 0.194818748 0.467207596 0.0818116476 0 0 0
Ca 6 -0.109322727 -0.156571389 0.753422387 0 0 0
Ca 6 0.262897179 0.147569182 0.46299276 0 0 0
Ca 1 0.0815065065 -0.250951248 0.401498301 0 0 0
Ca 6 -0.320126175 -0.374264686 0.372609867 0 0 0
Ca 7 -0.243658273 0.180870854 0.781700225 0 0 0
Ca 6 -0.0196818902 -0.312745723 0.139445512 0 0 0
Ca 4 -0.208266707 0.143110761 0.697579633 0 0 0
Ca 6 -0.106312041 0.476440249 0.728207407 0 0 0
Ca 8 -0.597849459 -0.424469675 0.539165658 0 0 0
Ca 6 0.355192617 -0.286984561 0.313843648 0 0 0
Ca 8 -0.515637397 -0.0461638041 0.306476879 0 0 0
Ca 6 0.630659177 -0.143100546 0.350282144 0 0 0
Ca 4 0.0332573375 0.46482034 0.344614301 0 0 0
Ca 1 0.0571807743 0.491912067 0.656345539 0 0 0
Ca 1 0.187001127 -0.144981113 0.372903215 0 0 0
Ca 7 -0.0688430266 -0.0337274981 0.585211404 0 0 0
Ca 6 -0.224613901 0.0286704924 0.058413692 0 0 0
Ca 1 0.124888734 -0.293505679 0.26713768 0 0 0
Ca 6 -0.30211587 0.00940663068 0.314486759 0 0 0
Ca 1 -0.158319411 0.206421783 0.317369394 0 0 0
Ca 8 0.0660257162 -0.285595669 0.17821916 0 0 0
Ca 1 -0.715762927 -0.119428042 0.380577546 0 0 0
Ca 6 -0.383590138 0.0500277653 0.367720396 0 0 0
Ca 1 -0.0531779115 -0.283469922 0.428496724 0 0 0
Ca 8 0.0103761708 -0.18216573 0.483794676 0 0 0
Ca 1 -0.289371544 0.124267371 0.401081025 0 0 0
Ca 1 -0.0333050104 0.16283166 0.50058718 0 0 0
Ca 6 -0.313034014 0.0755513214 0.0775291855 0 0 0
Ca 1 -0.299232556 -0.322970324 0.347346525 0 0 0
Ca 8 -0.20434102 0.176335436 0.31197713 0 0 0
Ca 8 -0.1467418 -0.0774532872 0.2123211 0 0 0
Ca 8 -0.152091777 -0.121349469 0.165825564 0 0 0
Ca 7 -0.60626383 0.242441076 0.174767512 0 0 0
Ca 6 -0.309849095 0.187042278 0.182927602 0 0 0
Ca 6 0.068777614 -0.167178761 0.38264431 0 0 0
Ca 7 0.135810602 0.113850205 0.444364348 0 0 0
Ca 8 -0.174307426 0.0916790786 0.0746746183 0 0 0
Ca 4 0.163788379 0.0224812775 0.102443177 0 0 0
Ca 1 0.00404161549 -0.0378621544 0.160213397 0 0 0
Ca 6 -0.0673316763 -0.137256031 0.178702673 0 0 0
Ca 8 0.0188895941 -0.197737366 0.379051593 0 0 0
Ca 6 -0.310730918 -0.234187431 0.0480600507 0 0 0
Ca 1 0.0293057379 -0.0741389731 0.0816263483 0 0 0
Ca 4 -0.0590341815 0.00537214111 0.376247515 0 0 0
Ca 6 -0.381016043 0.0345561828 0.188725832 0 0 0
Ca 6 0.163593134 0.0867533025 0.071907618 0 0 0
Ca 8 -0.260531363 0.0557942021 0.105089348 0 0 0
Ca 6 -0.233729911 0.108435836 0.2311915 0 0 0
Ca 7 -0.256377177 -0.012538073 0.203343829 0 0 0
Ca 1 -0.351978665 0.0229876801 0.199989217 0 0 0
Ca 6 -0.408603707 0.201222163 0.0720424303 0 0 0
Ca 6 -0.0613262579 -0.108875734 0.223022262 0 0 0
Ca 4 -0.238596044 0.0902699208 0.184097447 0 0 0
Ca 1 -0.0902846319 0.120328763 0.0719775162 0 0 0
Ca 6 -0.200524126 0.00535938368 0.0885285777 0 0 0
Ca 8 -0.230158964 0.0432878138 0.101353829 0 0 0
Ca 8 -0.104330718 0.0513841265 0.0855608555 0 0 0
Ca 4 -0.0988217528 -0.0783998583 0.0782254902 0 0 0
Ca 1 -0.147913762 0.0258180849 0.106544937 0 0 0
Ca 1 -0.109550214 0.0288899573 0.0466599009 0 0 0
Ca 1 -0.095498197 0.0327582446 0.0466467344 0 0 0
VGCC_O 0 0.11238887 -0.0311459409 0.0466929927 -1.01287282e-06 -1.51427976e-07 -1
VGCC_O 9 0.0953603447 -0.018533153 0.0466930096 -1.14792244e-06 -1.24564753e-07 -1
VGCC_O 2 0.119933892 -0.04777957 0.0466929781 -1.41802115e-06 2.82063236e-07 -1
VGCC_O 5 0.113746944 -0.0200409323 0.0466929896 -1.01287282e-06 -1.51427976e-07 -1
VGCC_O 7 -0.137449801 0.00579357966 0.0466933342 -1.62059625e-06 3.22356338e-07 -1
VGCC_O 1 -0.126159285 0.0151063295 0.0466933189 -1.62059625e-06 3.22356338e-07 -1
VGCC_O 8 -0.134706799 0.0161271258 0.0466933331 -1.62059677e-06 3.22356891e-07 -1
VGCC_O 6 -0.12622171 0.0241576588 0.046693322 -1.62059677e-06 3.22356891e-07 -1
VGCC_O 4 -0.108229728 0.00324736392 0.0466932869 -8.10297798e-07 1.61178104e-07 -1
TAG 41 -0.105784995 0.0105052503 0.0536665039 -0.333750681 -0.131703993 -0.933415524
TAG 45 -0.113699624 0.0170707545 0.0588716642 -0.751399624 0.322919173 -0.575431849
TAG 44 -0.11923843 0.00668793202 0.0611035411 -0.999896295 -0.0141984574 0.00240892698
