VGCC_O 7 -0.137449801 0.00579357966 0.0466933342 -1.62059625e-06 3.22356338e-07 -1
VGCC_O 0 0.11238887 -0.0311459409 0.0466929927 -1.01287282e-06 -1.51427976e-07 -1
VGCC_O 5 0.113746944 -0.0200409323 0.0466929896 -1.01287282e-06 -1.51427976e-07 -1
CaBS 10 0.107270145 -0.0248152561 0.0861136974 -0.329239867 -0.132369096 0.934922207
CaBS 11 0.0918084155 -0.0261747707 0.0687906939 -0.735818491 -0.677177075 0.00153536998
CaBS 13 0.0948657053 -0.025349409 0.05783551 -0.333750671 -0.131704002 -0.933415527
CaBS 14 0.105486973 -0.0368272422 0.0714980927 0.34654604 -0.867983022 0.355684293
CaBS 15 0.0935210771 -0.0207911983 0.0813676628 -0.748611723 0.322508223 0.579283121
CaBS 16 0.0959989872 -0.0280232665 0.0601506058 -0.324116536 -0.749802846 -0.576839807
CaBS 17 0.0907984607 -0.0233539708 0.0761719528 -0.999896295 -0.0141984568 0.00240892729
CaBS 19 0.0925758493 -0.00673478791 0.0713917234 -0.344822968 0.867728907 0.357971598
CaBS 20 0.117319825 -0.00874537496 0.0612266939 0.321328636 0.750213906 -0.577864173
CaBS 21 0.108139903 -0.0174319116 0.0860252117 0.333750516 0.131703927 0.933415593
CaBS 22 0.108705859 -0.0315351711 0.0812762458 0.34654604 -0.867983022 0.355684293
CaBS 23 0.0913545978 -0.0205703838 0.0610418274 -0.751399618 0.322919164 -0.575431861
CaBS 24 0.117972563 -0.0261265854 0.0610659322 0.748611785 -0.322508546 -0.579282861
Ca 7 0.276669197 0.465025338 0.554155791 0 0 0
Ca 7 0.0598720382 -0.0220829297 0.330583194 0 0 0
Ca 1 -0.0397716576 0.227299515 1.27326443 0 0 0
Ca 1 0.300997824 -0.18271082 0.346893187 0 0 0
Ca 7 -0.0594528601 0.403880281 0.409638684 0 0 0
Ca 6 0.287005423 0.452831311 0.15404311 0 0 0
Ca 6 0.0208644636 -0.249990551 0.35902319 0 0 0
Ca 4 0.203043232 -0.213919278 0.322455841 0 0 0
Ca 4 0.0545794229 0.209113424 0.600901383 0 0 0
Ca 7 -0.469819845 0.135602972 0.891934348 0 0 0
Ca 8 0.342859087 -0.507812884 0.131370143 0 0 0
Ca 6 -0.148131371 -0.0598624266 0.612281178 0 0 0
Ca 7 -0.179040691 0.271305862 0.310714883 0 0 0
Ca 1 -0.281252599 -0.359537549 0.51848103 0 0 0
Ca 8 0.239514928 -0.187979051 0.437319368 0 0 0
Ca 7 -0.416196388 0.0278983396 0.724326026 0 0 0
Ca 1 0.148215202 -0.452934323 0.190934247 0 0 0
Ca 7 -0.243704005 0.247669664 0.70739135 0 0 0
Ca 1 -0.199664338 0.291703506 0.4559371 0 0 0
Ca 6 -0.252075398 0.570353519 0.514460362 0 0 0
Ca 8 -0.00149103988 -0.576361617 0.637673386 0 0 0
Ca 1 0.526888267 0.245072313 0.290316406 0 0 0
Ca 8 -0.348650546 0.392446682 0.420584039 0 0 0
Ca 7 -0.444010594 0.494964101 0.207703186 0 0 0
Ca 7 0.0527410101 0.110192023 0.572066624 0 0 0
Ca 8 -0.0663290055 -0.261314293 0.821239388 0 0 0
Ca 6 -0.0472570496 0.155089183 0.695919404 0 0 0
Ca 8 -0.232904737 -0.349894762 0.296541209 0 0 0
Ca 6 0.210768029 0.379287817 0.075804428 0 0 0
Ca 8 0.222120667 -0.0462634812 0.753100638 0 0 0
Ca 8 -0.46321406 0.18013812 0.413032863 0 0 0
Ca 7 -0.0286005381 0.328077936 0.551525055 0 0 0
Ca 8 -0.352964751 -0.0772599469 0.368921283 0 0 0
Ca 1 0.41792595 -0.194033118 0.837016053 0 0 0
Ca 8 0.370603217 -0.0528164368 0.21148942 0 0 0
Ca 1 0.214128244 -0.241036493 0.822261021 0 0 0
Ca 4 -0.675750778 -0.110080508 0.160846925 0 0 0
Ca 4 -0.10537252 -0.319354522 0.544676511 0 0 0
Ca 3 0.0671055683 0.109784407 0.331260297 0 0 0
Ca 4 0.11532011 0.514174232 0.284695784 0 0 0
Ca 7 0.435363513 0.426468044 0.475541724 0 0 0
Ca 7 -0.128470315 -0.381285222 0.607670956 0 0 0
Ca 7 0.317318282 0.278236405 0.143861109 0 0 0
Ca 1 0.179435036 0.578004085 0.05351897 0 0 0
Ca 1 -0.106450432 -0.475426285 0.196032777 0 0 0
Ca 1 -0.0929401056 -0.207745899 0.398519428 0 0 0
Ca 6 -0.599760533 0.0372357742 0.527200233 0 0 0
Ca 1 0.538624816 -0.160322043 0.230589601 0 0 0
Ca 7 -0.11849163 0.0149112876 0.370762371 0 0 0
Ca 6 -0.216951746 -0.177897662 0.366699243 0 0 0
Ca 7 -0.406154283 0.513646568 0.491077576 0 0 0
Ca 4 -0.34423348 0.115497815 0.192253215 0 0 0
Ca 8 -0.223107697 -0.407952448 0.316349914 0 0 0
Ca 1 -0.162535491 0.0294696645 0.299928618 0 0 0
Ca 7 -0.164806893 0.304311921 0.53477592 0 0 0
Ca 6 -0.346682695 -0.0521372011 0.305338549 0 0 0
Ca 1 0.48078439 -0.0625016928 0.393659969 0 0 0
Ca 1 0.104564563 -0.0581362792 0.15881704 0 0 0
Ca 1 0.0138699469 -0.288400237 0.462528532 0 0 0
Ca 7 -0.409562605 -0.0469375098 0.202290122 0 0 0
Ca 7 -0.112019893 -0.00137183566 0.080019937 0 0 0
Ca 8 -0.202426999 -0.105413798 0.202445561 0 0 0
Ca 6 -0.639484901 0.0344153446 0.374666944 0 0 0
Ca 1 -0.457271615 0.0888290645 0.117163311 0 0 0
Ca 6 -0.114293236 0.214616731 0.164094546 0 0 0
Ca 6 -0.115197821 0.0249966451 0.367850899 0 0 0
Ca 8 0.124920871 0.187217238 0.184673684 0 0 0
Ca 7 -0.272948793 -0.131457192 0.408186877 0 0 0
Ca 4 -0.0690161889 0.328474254 0.231506069 0 0 0
Ca 4 0.215866099 0.208134174 0.073539461 0 0 0
Ca 4 -0.244942512 -0.222596848 0.255915463 0 0 0
Ca 1 -0.252230552 0.390064355 0.124049868 0 0 0
Ca 6 -0.222836199 0.350928016 0.21647255 0 0 0
Ca 6 -0.305109603 0.232107808 0.105122919 0 0 0
Ca 6 -0.252443402 0.0607305683 0.09385738 0 0 0
Ca 1 -0.134360654 0.0920887393 0.118991708 0 0 0
Ca 6 -0.362493746 0.0780879663 0.354072448 0 0 0
Ca 7 -0.21915072 0.0714238321 0.137937265 0 0 0
Ca 1 -0.139472261 0.229820137 0.196896912 0 0 0
Ca 8 -0.167834564 -0.00267431699 0.2626358 0 0 0
Ca 7 -0.267025772 0.136146722 0.23259295 0 0 0
Ca 7 -0.0574539494 -0.0638344295 0.0537567939 0 0 0
Ca 1 -0.0441428156 -0.0939736713 0.114879529 0 0 0
Ca 6 -0.133508089 0.102082948 0.11836734 0 0 0
Ca 4 -0.119431377 0.076240819 0.072268819 0 0 0
Ca 1 -0.162323128 0.0359125584 0.182921732 0 0 0
Ca 4 0.0385311814 0.0519702429 0.232558673 0 0 0
Ca 6 -0.174895901 -0.0588875205 0.0549237969 0 0 0
Ca 6 -0.254219345 -0.054876592 0.106395275 0 0 0
Ca 8 -0.101846989 0.0267450657 0.0466214185 0 0 0
Ca 6 -0.134554959 0.0829801984 0.0964842628 0 0 0
VGCC_O 4 -0.108229728 0.00324736392 0.0466932869 -8.10297798e-07 1.61178104e-07 -1
VGCC_O 3 0.0772568984 -0.00428239309 0.046693036 -1.41802159e-06 2.82063681e-07 -1
VGCC_O 8 -0.134706799 0.0161271258 0.0466933331 -1.62059677e-06 3.22356891e-07 -1
VGCC_O 6 -0.12622171 0.0241576588 0.046693322 -1.62059677e-06 3.22356891e-07 -1
VGCC_O 2 0.119933892 -0.04777957 0.0466929781 -1.41802115e-06 2.82063236e-07 -1
VGCC_O 1 -0.126159285 0.0151063295 0.0466933189 -1.62059625e-06 3.22356338e-07 -1
VGCC_O 9 0.0953603447 -0.018533153 0.0466930096 -1.14792244e-06 -1.24564753e-07 -1
TAG 41 -0.105784995 0.0105052503 0.0536665039 -0.333750681 -0.131703993 -0.933415524
TAG 73 0.105323475 -0.00357186878 0.063445091 -0.346545998 0.867982935 -0.355684546
TAG 71 -0.096079873 0.00270213046 0.0564810255 0.74861179 -0.322508554 -0.579282851
TAG 70 -0.118208439 0.00383577013 0.0653592954 -0.735818461 -0.677177107 0.0015353549
TAG 69 -0.119239302 0.00795267007 0.0681959954 -0.999896295 -0.0141984574 0.00240892698
TAG 67 -0.115078276 0.000454692191 0.0742448755 -0.735818461 -0.677177107 0.0015353549
TAG 65 0.119072188 -0.020557456 0.0800936336 0.751399702 -0.322919474 0.575431578
TAG 63 -0.104896891 0.0149528875 0.0527352849 0.329239713 0.132369034 -0.93492227
TAG 62 -0.0995730683 0.0302300905 0.0690462359 0.3213287 0.750213891 -0.577864158
TAG 59 -0.100018848 -0.00188752594 0.0603333581 0.344822933 -0.867729023 -0.35797135
TAG 55 -0.119337383 0.0151637023 0.0699872324 -0.999896295 -0.0141984574 0.00240892698
TAG 54 -0.104785227 0.0261860029 0.076486355 -0.344822968 0.867728888 0.357971643
TAG 53 -0.089146311 -0.000197085518 0.0670554248 0.74861179 -0.322508554 -0.579282851
TAG 52 -0.119278263 0.0119799944 0.0757618237 -0.999896295 -0.0141984574 0.00240892698
TAG 51 -0.102448777 0.00747370566 0.0865367572 -0.329239868 -0.132369105 0.934922205
TAG 45 -0.113699624 0.0170707545 0.0588716642 -0.751399624 0.322919173 -0.575431849
TAG 44 -0.11923843 0.00668793202 0.0611035411 -0.999896295 -0.0141984574 0.00240892698
