VGCC_O 7 -0.137449801 0.00579357966 0.0466933342 -1.62059625e-06 3.22356338e-07 -1
VGCC_O 4 -0.108229728 0.00324736392 0.0466932869 -8.10297798e-07 1.61178104e-07 -1
VGCC_O 3 0.0772568984 -0.00428239309 0.046693036 -1.41802159e-06 2.82063681e-07 -1
CaBS 10 0.100881659 -0.0144110792 0.0853369987 -0.329239867 -0.132369096 0.934922207
CaBS 11 0.100674433 -0.0324380955 0.0632621492 -0.324116536 -0.749802846 -0.576839807
CaBS 13 0.108499311 -0.0337160548 0.0761554364 0.34654604 -0.867983022 0.355684293
CaBS 14 0.113197261 -0.030536187 0.0601556776 0.344822999 -0.867728964 -0.357971429
CaBS 15 0.106735592 -0.0355648741 0.066120973 0.344822999 -0.867728964 -0.357971429
CaBS 16 0.120979691 -0.0284727884 0.0662582863 0.748611785 -0.322508546 -0.579282861
CaBS 17 0.0907261846 -0.019986444 0.0660201421 -0.999896295 -0.0141984568 0.00240892729
CaBS 18 0.10431011 -0.036075666 0.0659476046 -0.324116536 -0.749802846 -0.576839807
CaBS 19 0.0958547507 -0.0259075375 0.0819390323 -0.329239867 -0.132369096 0.934922207
CaBS 20 0.114721508 -0.0250986123 0.0562922563 0.748611785 -0.322508546 -0.579282861
CaBS 21 0.0906898495 -0.0164108265 0.0720132392 -0.999896295 -0.0141984568 0.00240892729
CaBS 22 0.112418813 -0.00969889595 0.0572635127 0.321328636 0.750213906 -0.577864173
CaBS 23 0.0987417024 -0.0312463664 0.0766901961 -0.321328743 -0.750213836 0.577864204
CaBS 24 0.108060981 -0.0295597749 0.0840619218 -0.321328743 -0.750213836 0.577864204
Ca 4 -0.230600844 0.0710800897 0.509043479 0 0 0
Ca 6 0.236137935 -0.289916724 0.150521634 0 0 0
Ca 8 0.41839795 -0.0568198381 0.17060356 0 0 0
Ca 8 -0.138646124 0.543009441 0.364135329 0 0 0
Ca 1 -0.351576362 0.0930072402 0.257634357 0 0 0
Ca 8 -0.519918922 -0.00197975406 0.506336156 0 0 0
Ca 1 -0.123667284 0.19691571 0.458447006 0 0 0
Ca 4 -0.451527635 -0.598587477 0.485786488 0 0 0
Ca 1 -0.347550963 -0.37769744 0.72051144 0 0 0
Ca 1 -0.142703124 0.427412504 0.584350239 0 0 0
Ca 1 -0.0115030154 0.015277874 0.301382995 0 0 0
Ca 8 0.244239323 0.289067474 0.184984842 0 0 0
Ca 1 0.689804849 0.157809149 0.248239358 0 0 0
Ca 6 0.579752455 -0.0858119358 0.278331759 0 0 0
Ca 1 0.00428860826 -0.20124924 0.582016307 0 0 0
Ca 8 -0.00888341441 -0.393471007 0.318832928 0 0 0
Ca 1 -0.260173005 0.528576031 0.310246583 0 0 0
Ca 8 -0.315151125 -0.546644145 0.532386147 0 0 0
Ca 4 -0.559411493 -0.191103264 0.592623175 0 0 0
Ca 6 0.000699804923 0.777520726 0.180208431 0 0 0
Ca 6 -0.203315182 0.538687304 0.397425085 0 0 0
Ca 8 -0.252540734 0.240929549 0.177137772 0 0 0
Ca 8 0.294574144 -0.0710899281 0.530458309 0 0 0
Ca 1 -0.173898242 0.362525915 0.840945653 0 0 0
Ca 7 0.531237912 0.0138359593 0.467408931 0 0 0
Ca 1 0.0735120199 0.345748915 0.392017386 0 0 0
Ca 1 0.164044508 0.0928719944 0.389754284 0 0 0
Ca 8 -0.547648106 -0.218893237 0.22800342 0 0 0
Ca 4 0.0946232455 0.106309131 0.251171082 0 0 0
Ca 6 -0.157760748 0.0714962616 0.648312319 0 0 0
Ca 4 -0.359544339 -0.0337252802 0.386228097 0 0 0
Ca 8 0.28120119 0.308742509 0.790177104 0 0 0
Ca 7 -0.371062399 0.243550561 0.246609319 0 0 0
Ca 7 0.0244735105 -0.227878394 0.820420858 0 0 0
Ca 1 -0.403941345 -0.0141525836 0.491013014 0 0 0
Ca 1 -0.00324785528 -0.0322436073 0.255998338 0 0 0
Ca 7 0.186930089 -0.381256307 0.477331199 0 0 0
Ca 4 0.226473087 0.389778621 0.571128737 0 0 0
Ca 6 0.143074182 0.072822308 0.355538176 0 0 0
Ca 7 -0.0825865651 -0.0600932888 0.519302078 0 0 0
Ca 7 -0.34613575 0.253738043 0.467516972 0 0 0
Ca 4 -0.538719272 0.118260835 0.478060044 0 0 0
Ca 1 -0.0178699102 -0.524116642 0.314134144 0 0 0
Ca 6 -0.427162114 -0.0631802553 0.298099249 0 0 0
Ca 1 -0.664324398 0.147447334 0.106049249 0 0 0
Ca 6 0.296569381 0.166979854 0.535376134 0 0 0
Ca 7 -0.342969946 -0.1661049 0.403765861 0 0 0
Ca 1 -0.444836368 -0.453645761 0.156962313 0 0 0
Ca 7 -0.378764466 -0.291162974 0.623543624 0 0 0
Ca 6 -0.447892388 -0.419171167 0.261777015 0 0 0
Ca 7 -0.267576932 0.0426942269 0.564876466 0 0 0
Ca 4 -0.285436497 -0.268063811 0.117507012 0 0 0
Ca 1 -0.506076471 0.0381377261 0.188919671 0 0 0
Ca 6 -0.196647001 0.275112266 0.456585102 0 0 0
Ca 7 -0.238661613 -0.290812801 0.505446819 0 0 0
Ca 6 -0.41384925 0.241321542 0.150239973 0 0 0
Ca 4 -0.215027522 0.246073134 0.113502089 0 0 0
Ca 1 0.107540917 0.240057546 0.482575219 0 0 0
Ca 8 0.104529741 0.293579873 0.338824972 0 0 0
Ca 8 0.0954786657 -0.123898131 0.0993149315 0 0 0
Ca 7 0.0999559548 0.097790642 0.0785787992 0 0 0
Ca 1 -0.222132512 0.00359482004 0.264011749 0 0 0
Ca 4 0.0778567342 -0.085531517 0.0858173254 0 0 0
Ca 1 -0.144309282 0.263018706 0.330724278 0 0 0
Ca 7 -0.341825516 0.208206301 0.358881138 0 0 0
Ca 6 -0.122653826 0.104985566 0.456269454 0 0 0
Ca 6 -0.0923710886 -0.260832613 0.083168532 0 0 0
Ca 1 0.162835576 0.0666343627 0.247602357 0 0 0
Ca 1 0.00312971325 0.0073496793 0.0704281385 0 0 0
Ca 4 0.0443441416 -0.0457952075 0.108032503 0 0 0
Ca 8 0.0117540502 -0.0992757627 0.160756287 0 0 0
Ca 1 -0.281324318 0.121908455 0.10247664 0 0 0
Ca 7 -0.214783754 0.0301542153 0.243155067 0 0 0
Ca 1 0.00249442692 -0.0909982515 0.0681621334 0 0 0
Ca 1 -0.00768400557 -0.0569571215 0.0725971123 0 0 0
Ca 1 -0.2372045 -0.275237616 0.112076666 0 0 0
Ca 1 -0.102751756 0.0407633619 0.0890906158 0 0 0
Ca 1 -0.0976033994 -0.0800441397 0.117314427 0 0 0
Ca 1 -0.207523078 0.0425920499 0.0888453159 0 0 0
Ca 8 -0.137642971 0.0123101888 0.0466439198 0 0 0
Ca 6 -0.125248206 0.0516120674 0.123107853 0 0 0
VGCC_O 9 0.0953603447 -0.018533153 0.0466930096 -1.14792244e-06 -1.24564753e-07 -1
VGCC_O 5 0.113746944 -0.0200409323 0.0466929896 -1.01287282e-06 -1.51427976e-07 -1
VGCC_O 6 -0.12622171 0.0241576588 0.046693322 -1.62059677e-06 3.22356891e-07 -1
VGCC_O 0 0.11238887 -0.0311459409 0.0466929927 -1.01287282e-06 -1.51427976e-07 -1
VGCC_O 2 0.119933892 -0.04777957 0.0466929781 -1.41802115e-06 2.82063236e-07 -1
VGCC_O 8 -0.134706799 0.0161271258 0.0466933331 -1.62059677e-06 3.22356891e-07 -1
VGCC_O 1 -0.126159285 0.0151063295 0.0466933189 -1.62059625e-06 3.22356338e-07 -1
TAG 41 -0.105784995 0.0105052503 0.0536665039 -0.333750681 -0.131703993 -0.933415524
TAG 71 -0.096079873 0.00270213046 0.0564810255 0.74861179 -0.322508554 -0.579282851
TAG 70 -0.118208439 0.00383577013 0.0653592954 -0.735818461 -0.677177107 0.0015353549
TAG 69 -0.119239302 0.00795267007 0.0681959954 -0.999896295 -0.0141984574 0.00240892698
TAG 67 -0.115078276 0.000454692191 0.0742448755 -0.735818461 -0.677177107 0.0015353549
TAG 65 0.119072188 -0.020557456 0.0800936336 0.751399702 -0.322919474 0.575431578
TAG 63 -0.104896891 0.0149528875 0.0527352849 0.329239713 0.132369034 -0.93492227
TAG 62 -0.0995730683 0.0302300905 0.0690462359 0.3213287 0.750213891 -0.577864158
TAG 59 -0.100018848 -0.00188752594 0.0603333581 0.344822933 -0.867729023 -0.35797135
TAG 55 -0.119337383 0.0151637023 0.0699872324 -0.999896295 -0.0141984574 0.00240892698
TAG 54 -0.104785227 0.0261860029 0.076486355 -0.344822968 0.867728888 0.357971643
TAG 53 -0.089146311 -0.000197085518 0.0670554248 0.74861179 -0.322508554 -0.579282851
TAG 52 -0.119278263 0.0119799944 0.0757618237 -0.999896295 -0.0141984574 0.00240892698
TAG 51 -0.102448777 0.00747370566 0.0865367572 -0.329239868 -0.132369105 0.934922205
TAG 45 -0.113699624 0.0170707545 0.0588716642 -0.751399624 0.322919173 -0.575431849
TAG 44 -0.11923843 0.00668793202 0.0611035411 -0.999896295 -0.0141984574 0.00240892698
