VGCC_O 6 -0.12622171 0.0241576588 0.046693322 -1.62059677e-06 3.22356891e-07 -1
CaBS 10 0.0957371228 -0.0115773649 0.0603657968 -0.751399618 0.322919164 -0.575431861
CaBS 11 0.0953309466 -0.0299870242 0.0755466418 -0.735818491 -0.677177075 0.00153536998
CaBS 13 0.0952432149 -0.0298521623 0.0629525441 -0.324116536 -0.749802846 -0.576839807
CaBS 14 0.0910710942 -0.0194195269 0.0774378724 -0.748611723 0.322508223 0.579283121
CaBS 15 0.107254971 -0.0332112776 0.078599624 0.34654604 -0.867983022 0.355684293
CaBS 16 0.107864907 -0.0350723195 0.0660148468 0.344822999 -0.867728964 -0.357971429
CaBS 17 0.107420425 -0.0263442844 0.0859501354 -0.329239867 -0.132369096 0.934922207
CaBS 18 0.115050694 -0.00863418259 0.0793467123 0.324116486 0.74980293 0.576839726
CaBS 19 0.0990892982 -0.0335378194 0.0739085958 -0.321328743 -0.750213836 0.577864204
CaBS 20 0.103877608 -0.010579721 0.0865823939 0.333750516 0.131703927 0.933415593
CaBS 21 0.111579766 -0.0347595581 0.0706076436 0.34654604 -0.867983022 0.355684293
CaBS 22 0.104269531 -0.0282561676 0.0836460495 -0.321328743 -0.750213836 0.577864204
CaBS 23 0.114966865 -0.0231935966 0.0839750286 0.751399702 -0.322919474 0.575431578
CaBS 24 0.101812636 -0.00986395752 0.0859993068 -0.748611723 0.322508223 0.579283121
Ca 8 0.337445297 0.414180768 0.798190235 0 0 0
Ca 1 0.0522034225 0.124664581 0.589628134 0 0 0
Ca 8 0.298832449 -0.34578591 0.403790345 0 0 0
Ca 1 0.00115048613 -0.105733563 0.559895153 0 0 0
Ca 1 0.237004992 0.202399924 0.247396153 0 0 0
Ca 8 0.547370055 0.407629783 0.0599264154 0 0 0
Ca 1 0.389287 0.343475303 0.649646193 0 0 0
Ca 7 0.500634127 0.223775478 0.566886173 0 0 0
Ca 8 -0.222478408 0.132780714 0.671645901 0 0 0
Ca 8 -0.112501913 0.0444038299 0.821489691 0 0 0
Ca 4 -0.265611075 0.382108394 0.203526326 0 0 0
Ca 6 0.138660588 -0.344963089 0.900614729 0 0 0
Ca 4 0.0741751702 -0.209804156 0.633297913 0 0 0
Ca 1 -0.435315517 0.112028876 0.575567709 0 0 0
Ca 1 0.652805346 0.184484094 0.633306825 0 0 0
Ca 4 -0.268735238 0.190163598 0.670132093 0 0 0
Ca 7 0.102483098 0.226797404 0.32641719 0 0 0
Ca 4 -0.15411812 -0.0727061202 0.716888132 0 0 0
Ca 6 -0.452097716 -0.224793202 0.793810103 0 0 0
Ca 4 0.289292495 0.259202179 0.199371801 0 0 0
Ca 1 -0.253846322 -0.200598905 0.475303453 0 0 0
Ca 6 -0.531498853 0.41990605 0.507783542 0 0 0
Ca 7 0.0519267548 0.205297835 0.196671167 0 0 0
Ca 1 -0.135939494 -0.076193506 0.134114581 0 0 0
Ca 7 -0.135953414 0.2719686 0.19152814 0 0 0
Ca 6 -0.474913146 -0.344399436 0.453385471 0 0 0
Ca 6 -0.498693256 0.349005774 0.374818242 0 0 0
Ca 6 -0.0319567548 -0.135330357 0.379689818 0 0 0
Ca 1 -0.191972953 -0.0182689076 0.441530296 0 0 0
Ca 2 0.257309878 -0.448670641 0.511087287 0 0 0
Ca 4 -0.097246383 -0.352368373 0.0930521427 0 0 0
Ca 1 0.362046385 -0.238256756 0.243044602 0 0 0
Ca 8 0.256092937 0.069653985 0.138128976 0 0 0
Ca 6 0.165546659 0.0179006456 0.388943413 0 0 0
Ca 8 -0.073509747 0.221656364 0.472927934 0 0 0
Ca 1 -0.0815799798 -0.0441247943 0.229726725 0 0 0
Ca 8 0.282038545 0.646569563 0.286232675 0 0 0
Ca 6 0.109543492 -0.663407232 0.340575485 0 0 0
Ca 6 -0.211727299 -0.126267752 0.19350847 0 0 0
Ca 8 -0.356895184 -0.10511821 0.219496482 0 0 0
Ca 4 0.307046806 0.44094772 0.166399557 0 0 0
Ca 1 -0.183822412 0.35529728 0.60071458 0 0 0
Ca 4 -0.155128124 0.293372761 0.546127079 0 0 0
Ca 7 0.276912316 0.422401973 0.109716259 0 0 0
Ca 1 0.00491302772 0.0634640368 0.540105993 0 0 0
Ca 8 -0.341968036 0.400367955 0.195334065 0 0 0
Ca 1 -0.104593184 0.0733069583 0.381342063 0 0 0
Ca 1 0.00090727605 -0.212592838 0.224988475 0 0 0
Ca 6 -0.440727886 0.261099191 0.190175556 0 0 0
Ca 7 -0.309584501 0.091522297 0.552208848 0 0 0
Ca 7 -0.144722585 0.272715226 0.537472052 0 0 0
Ca 6 -0.240032578 -0.205261176 0.290938441 0 0 0
Ca 8 0.0792855191 0.368649441 0.31185228 0 0 0
Ca 1 -0.160160834 0.104984736 0.640037835 0 0 0
Ca 3 0.241330352 0.231454073 0.24834424 0 0 0
Ca 6 -0.68445996 -0.0033555048 0.33808338 0 0 0
Ca 7 0.14248076 -0.450341395 0.109059334 0 0 0
Ca 8 0.0704823997 -0.136497465 0.301459396 0 0 0
Ca 6 -0.107850182 0.0531296489 0.427945514 0 0 0
Ca 4 -0.0138767426 0.112721729 0.25528747 0 0 0
Ca 4 -0.0467671921 0.0351534793 0.0932467334 0 0 0
Ca 1 0.101286536 0.108475553 0.171174658 0 0 0
Ca 6 -0.0329703398 0.00545574761 0.308226204 0 0 0
Ca 1 -0.199018828 0.063137201 0.071347235 0 0 0
Ca 8 -0.0962928474 0.0558397301 0.131018192 0 0 0
Ca 7 -0.399628752 0.0961176236 0.133485875 0 0 0
Ca 6 -0.0033469109 -0.00601915588 0.259354967 0 0 0
Ca 4 -0.108532744 -0.0272758399 0.221514878 0 0 0
Ca 1 -0.313177363 0.12567496 0.163896884 0 0 0
Ca 4 -0.201322447 -0.0038511199 0.191134912 0 0 0
Ca 7 -0.180777375 0.191008067 0.147716015 0 0 0
Ca 4 -0.298524394 0.0812854766 0.0633638219 0 0 0
Ca 8 -0.184174625 -0.0427387125 0.124604777 0 0 0
Ca 4 -0.269504656 -0.0429065112 0.0558865344 0 0 0
Ca 4 -0.0253609071 -0.07153362 0.14644015 0 0 0
Ca 4 -0.128220793 0.0934039099 0.0504835595 0 0 0
Ca 7 -0.0569339789 0.089093901 0.0591979268 0 0 0
Ca 8 -0.071155711 0.0539903209 0.0734293232 0 0 0
VGCC_O 2 0.119933892 -0.04777957 0.0466929781 -1.41802115e-06 2.82063236e-07 -1
Ca 8 -0.151920401 0.0118070761 0.0584838556 0 0 0
VGCC_O 9 0.0953603447 -0.018533153 0.0466930096 -1.14792244e-06 -1.24564753e-07 -1
VGCC_O 8 -0.134706799 0.0161271258 0.0466933331 -1.62059677e-06 3.22356891e-07 -1
VGCC_O 7 -0.137449801 0.00579357966 0.0466933342 -1.62059625e-06 3.22356338e-07 -1
VGCC_O 5 0.113746944 -0.0200409323 0.0466929896 -1.01287282e-06 -1.51427976e-07 -1
VGCC_O 4 -0.108229728 0.00324736392 0.0466932869 -8.10297798e-07 1.61178104e-07 -1
VGCC_O 3 0.0772568984 -0.00428239309 0.046693036 -1.41802159e-06 2.82063681e-07 -1
VGCC_O 1 -0.126159285 0.0151063295 0.0466933189 -1.62059625e-06 3.22356338e-07 -1
VGCC_O 0 0.11238887 -0.0311459409 0.0466929927 -1.01287282e-06 -1.51427976e-07 -1
TAG 41 -0.105784995 0.0105052503 0.0536665039 -0.333750681 -0.131703993 -0.933415524
TAG 71 -0.096079873 0.00270213046 0.0564810255 0.74861179 -0.322508554 -0.579282851
TAG 70 -0.118208439 0.00383577013 0.0653592954 -0.735818461 -0.677177107 0.0015353549
TAG 69 -0.119239302 0.00795267007 0.0681959954 -0.999896295 -0.0141984574 0.00240892698
TAG 67 -0.115078276 0.000454692191 0.0742448755 -0.735818461 -0.677177107 0.0015353549
TAG 65 0.119072188 -0.020557456 0.0800936336 0.751399702 -0.322919474 0.575431578
TAG 63 -0.104896891 0.0149528875 0.0527352849 0.329239713 0.132369034 -0.93492227
TAG 62 -0.0995730683 0.0302300905 0.0690462359 0.3213287 0.750213891 -0.577864158
TAG 59 -0.100018848 -0.00188752594 0.0603333581 0.344822933 -0.867729023 -0.35797135
TAG 55 -0.119337383 0.0151637023 0.0699872324 -0.999896295 -0.0141984574 0.00240892698
TAG 54 -0.104785227 0.0261860029 0.076486355 -0.344822968 0.867728888 0.357971643
TAG 53 -0.089146311 -0.000197085518 0.0670554248 0.74861179 -0.322508554 -0.579282851
TAG 52 -0.119278263 0.0119799944 0.0757618237 -0.999896295 -0.0141984574 0.00240892698
TAG 51 -0.102448777 0.00747370566 0.0865367572 -0.329239868 -0.132369105 0.934922205
TAG 45 -0.113699624 0.0170707545 0.0588716642 -0.751399624 0.322919173 -0.575431849
TAG 44 -0.11923843 0.00668793202 0.0611035411 -0.999896295 -0.0141984574 0.00240892698
