VGCC_O 2 0.119933892 -0.04777957 0.0466929781 -1.41802115e-06 2.82063236e-07 -1
CaBS 10 0.0978455547 -0.0182254288 0.055764853 -0.333750671 -0.131704002 -0.933415527
CaBS 11 0.106353883 -0.00817562333 0.0836372466 0.324116486 0.74980293 0.576839726
CaBS 13 0.0982345319 -0.00554888782 0.0739679164 -0.344822968 0.867728907 0.357971598
CaBS 14 0.104257757 -0.0247039175 0.0543862237 -0.333750671 -0.131704002 -0.933415527
CaBS 15 0.106252162 -0.0106932611 0.0537563655 0.329239702 0.132369043 -0.934922272
CaBS 16 0.119632004 -0.0103110564 0.0789522298 0.324116486 0.74980293 0.576839726
CaBS 17 0.0980448875 -0.0282348946 0.0802123751 -0.321328743 -0.750213836 0.577864204
CaBS 18 0.100163499 -0.00874497759 0.0832451376 -0.748611723 0.322508223 0.579283121
CaBS 19 0.116846006 -0.00644955607 0.0651984815 0.735818353 0.677177225 -0.00153536905
CaBS 20 0.119750774 -0.00958850968 0.0728536971 0.735818353 0.677177225 -0.00153536905
CaBS 21 0.116004938 -0.0277333409 0.080071907 0.751399702 -0.322919474 0.575431578
CaBS 22 0.11065128 -0.00414669951 0.075985631 0.324116486 0.74980293 0.576839726
CaBS 23 0.112936651 -0.0338555738 0.0714916299 0.34654604 -0.867983022 0.355684293
CaBS 24 0.117055969 -0.0326965331 0.0703065746 0.34654604 -0.867983022 0.355684293
CaBS 25 -0.110386612 0.0238456327 0.0627063625 -0.34654601 0.867982945 -0.355684509
CaBS_Ca 57 -0.0954626198 0.00977611245 0.0841316873 0.333750517 0.131703937 0.933415591
Ca 4 0.353874452 0.094045004 0.608207244 0 0 0
CaBS_Ca 64 -0.102367126 -0.00530655913 0.0663591317 0.344822933 -0.867729023 -0.35797135
Ca 7 -0.286159456 0.0721336248 0.543565086 0 0 0
Ca 7 -0.0877151203 -0.0934852593 0.61876643 0 0 0
Ca 6 -0.0943856801 -0.0761084647 0.670388206 0 0 0
Ca 1 -0.100129637 -0.132894207 0.839282372 0 0 0
Ca 1 -0.41511415 0.195093018 0.543407308 0 0 0
Ca 1 0.00213085466 -0.127095526 0.764636457 0 0 0
Ca 1 -0.0118900799 0.29599697 0.274157541 0 0 0
Ca 6 0.620230061 -0.0364661883 0.591271975 0 0 0
Ca 6 -0.188941175 0.446079051 0.302077738 0 0 0
Ca 8 -0.135803035 0.383496015 0.197836847 0 0 0
Ca 7 0.383006248 0.186854706 0.378687068 0 0 0
Ca 8 0.270387339 -0.188752407 0.677724239 0 0 0
Ca 1 -0.130690969 0.191150182 0.620250381 0 0 0
Ca 4 -0.254194039 -0.123141006 0.524025928 0 0 0
Ca 6 -0.0917698875 -0.336610536 0.580674094 0 0 0
Ca 8 -0.513225527 0.0755800017 0.266591113 0 0 0
Ca 1 0.581638039 0.0959939372 0.344457141 0 0 0
Ca 4 -0.0739465783 -0.135566569 0.416860538 0 0 0
Ca 7 -0.0659114852 0.325087134 0.125182377 0 0 0
Ca 8 -0.0629998506 -0.499301273 0.434614542 0 0 0
Ca 8 -0.138428377 0.302441384 0.161062787 0 0 0
Ca 1 -0.0398073087 -0.189599302 0.324074076 0 0 0
Ca 6 -0.136308386 0.111960278 0.310391258 0 0 0
Ca 4 -0.258454772 -0.0742768843 0.242007825 0 0 0
Ca 8 0.0100794903 -0.133171505 0.470234928 0 0 0
Ca 4 -0.200054632 0.0612428577 0.506801795 0 0 0
Ca 6 -0.0743837583 -0.353722773 0.388987625 0 0 0
CaBS_Ca 66 -0.0925192338 0.022858367 0.0641598107 0.735818381 0.677177195 -0.00153536913
Ca 6 0.43751161 0.0968463853 0.165099829 0 0 0
Ca 7 -0.0965763873 -0.0652816893 0.425135771 0 0 0
Ca 1 -0.276067104 0.292536022 0.413981613 0 0 0
Ca 7 -0.508554975 -0.136010413 0.307319047 0 0 0
Ca 4 -0.232645928 0.142405188 0.0530319876 0 0 0
Ca 4 0.225090138 0.405971951 0.451160245 0 0 0
Ca 8 0.424666466 -0.219881331 0.493272404 0 0 0
Ca 4 -0.031140396 0.283002256 0.418160003 0 0 0
Ca 7 -0.1242647 -0.149944544 0.249892194 0 0 0
Ca 1 0.0536255855 -0.147550884 0.480395986 0 0 0
Ca 6 -0.510045903 -0.111051617 0.231883213 0 0 0
Ca 6 -0.212643359 -0.337528481 0.438457256 0 0 0
Ca 4 -0.00241080107 0.137729478 0.314625899 0 0 0
Ca 8 -0.182024546 -0.316497191 0.501273781 0 0 0
Ca 4 -0.463217496 0.128473331 0.111135421 0 0 0
Ca 4 -0.0538010171 -0.376121869 0.4134963 0 0 0
Ca 7 -0.293869693 -0.401890871 0.237694191 0 0 0
Ca 8 0.231745491 0.116204151 0.0527811511 0 0 0
Ca 1 0.035130702 0.170413289 0.0584770763 0 0 0
Ca 7 0.365986686 -0.290547936 0.394153894 0 0 0
Ca 6 -0.305120288 -0.119699816 0.136679755 0 0 0
Ca 4 -0.314470958 0.112081315 0.284699569 0 0 0
Ca 6 -0.267297141 -0.0242810517 0.380495631 0 0 0
Ca 1 -0.275144491 0.466817323 0.268334432 0 0 0
Ca 4 0.345184829 -0.183550382 0.334374224 0 0 0
Ca 8 -0.0473441332 -0.171288635 0.261758524 0 0 0
Ca 4 -0.188594936 0.076038303 0.402531127 0 0 0
Ca 1 -0.231963458 -0.125238501 0.172368456 0 0 0
Ca 8 -0.0674428832 0.0195436455 0.228213548 0 0 0
Ca 6 -0.315138997 -0.17935429 0.0589046815 0 0 0
Ca 7 0.091667495 0.0571024448 0.175915746 0 0 0
Ca 4 -0.329272867 0.0597355158 0.0512882147 0 0 0
Ca 6 -0.100592098 0.018916608 0.178558148 0 0 0
Ca 7 -0.23129821 0.0939646627 0.211256363 0 0 0
Ca 1 -0.32623448 0.092629203 0.0665950416 0 0 0
Ca 7 0.0281566241 -0.171939524 0.180757734 0 0 0
Ca 7 -0.312926103 -4.42010337e-05 0.188419814 0 0 0
Ca 6 -0.19773385 -0.0646844469 0.203955326 0 0 0
Ca 4 -0.158725934 0.167430099 0.0743428396 0 0 0
Ca 4 0.129941906 0.0601135515 0.211124405 0 0 0
Ca 6 -0.243710433 -0.00277556315 0.0870660727 0 0 0
Ca 7 -0.238155732 -0.0247940984 0.0727799304 0 0 0
Ca 1 -0.090777733 -0.0850241413 0.112975684 0 0 0
Ca 8 -0.15812907 -0.0016944754 0.183246636 0 0 0
Ca 1 -0.26915135 0.0655230313 0.0853759071 0 0 0
Ca 4 -0.119745002 -0.105024022 0.155842197 0 0 0
Ca 6 -0.117515698 -0.0044032216 0.0721866764 0 0 0
Ca 8 -0.170358495 0.113263549 0.101888777 0 0 0
Ca 6 -0.180186709 -0.00771962726 0.0956287273 0 0 0
Ca 7 -0.146244131 0.013117964 0.0589321308 0 0 0
Ca 8 -0.090656686 0.0747257788 0.0924179437 0 0 0
Ca 8 -0.0987099157 0.0655230697 0.0749663039 0 0 0
Ca 7 -0.149176485 -0.012232619 0.0601112512 0 0 0
Ca 8 -0.142992643 0.0471422226 0.0470664831 0 0 0
VGCC_O 7 -0.137449801 0.00579357966 0.0466933342 -1.62059625e-06 3.22356338e-07 -1
VGCC_O 3 0.0772568984 -0.00428239309 0.046693036 -1.41802159e-06 2.82063681e-07 -1
VGCC_O 6 -0.12622171 0.0241576588 0.046693322 -1.62059677e-06 3.22356891e-07 -1
VGCC_O 9 0.0953603447 -0.018533153 0.0466930096 -1.14792244e-06 -1.24564753e-07 -1
VGCC_O 5 0.113746944 -0.0200409323 0.0466929896 -1.01287282e-06 -1.51427976e-07 -1
VGCC_O 0 0.11238887 -0.0311459409 0.0466929927 -1.01287282e-06 -1.51427976e-07 -1
VGCC_O 8 -0.134706799 0.0161271258 0.0466933331 -1.62059677e-06 3.22356891e-07 -1
VGCC_O 4 -0.108229728 0.00324736392 0.0466932869 -8.10297798e-07 1.61178104e-07 -1
VGCC_O 1 -0.126159285 0.0151063295 0.0466933189 -1.62059625e-06 3.22356338e-07 -1
TAG 41 -0.105784995 0.0105052503 0.0536665039 -0.333750681 -0.131703993 -0.933415524
TAG 65 0.119072188 -0.020557456 0.0800936336 0.751399702 -0.322919474 0.575431578
TAG 63 -0.104896891 0.0149528875 0.0527352849 0.329239713 0.132369034 -0.93492227
TAG 62 -0.0995730683 0.0302300905 0.0690462359 0.3213287 0.750213891 -0.577864158
TAG 59 -0.100018848 -0.00188752594 0.0603333581 0.344822933 -0.867729023 -0.35797135
TAG 55 -0.119337383 0.0151637023 0.0699872324 -0.999896295 -0.0141984574 0.00240892698
TAG 54 -0.104785227 0.0261860029 0.076486355 -0.344822968 0.867728888 0.357971643
TAG 53 -0.089146311 -0.000197085518 0.0670554248 0.74861179 -0.322508554 -0.579282851
TAG 52 -0.119278263 0.0119799944 0.0757618237 -0.999896295 -0.0141984574 0.00240892698
TAG 51 -0.102448777 0.00747370566 0.0865367572 -0.329239868 -0.132369105 0.934922205
TAG 45 -0.113699624 0.0170707545 0.0588716642 -0.751399624 0.322919173 -0.575431849
TAG 44 -0.11923843 0.00668793202 0.0611035411 -0.999896295 -0.0141984574 0.00240892698
