VGCC_O 8 -0.134706799 0.0161271258 0.0466933331 -1.62059677e-06 3.22356891e-07 -1
VGCC_O 5 0.113746944 -0.0200409323 0.0466929896 -1.01287282e-06 -1.51427976e-07 -1
CaBS 10 0.101516327 -0.00373735815 0.0727379911 -0.344822968 0.867728907 0.357971598
CaBS 11 0.101954493 -0.0213761443 0.0847286706 -0.329239867 -0.132369096 0.934922207
CaBS 13 0.0997019944 -0.0194423969 0.0552727801 -0.333750671 -0.131704002 -0.933415527
CaBS 14 0.115253845 -0.0102463619 0.0581292188 0.321328636 0.750213906 -0.577864173
CaBS 15 0.112494227 -0.026317196 0.0854509099 0.751399702 -0.322919474 0.575431578
CaBS 16 0.096216118 -0.00662206647 0.074625043 -0.344822968 0.867728907 0.357971598
CaBS 17 0.119609524 -0.0107810037 0.0795757205 0.324116486 0.74980293 0.576839726
CaBS 19 0.0957686043 -0.0113568555 0.0604484331 -0.751399618 0.322919164 -0.575431861
CaBS 20 0.109850666 -0.000354965733 0.0679662478 0.321328636 0.750213906 -0.577864173
CaBS 21 0.104798171 -0.027122959 0.0849164419 -0.329239867 -0.132369096 0.934922207
CaBS 22 0.0910791932 -0.00838740753 0.0713063521 -0.748611723 0.322508223 0.579283121
CaBS 23 0.111547718 -0.0225972865 0.0855355476 0.333750516 0.131703927 0.933415593
CaBS 24 0.108128778 -0.00605381421 0.0596102233 0.321328636 0.750213906 -0.577864173
Ca 4 0.419079406 0.520784221 0.463443795 0 0 0
Ca 8 0.334626616 -0.283921748 0.123431679 0 0 0
Ca 6 0.00676085439 0.27096493 0.503996078 0 0 0
Ca 8 0.12561161 0.234132054 0.681604764 0 0 0
Ca 6 0.323754143 0.0130785949 0.887796199 0 0 0
Ca 8 -0.49925444 0.297652759 0.0816458341 0 0 0
Ca 6 -0.191179055 -0.0858045759 0.557313229 0 0 0
Ca 6 0.439992078 0.203278118 0.639294466 0 0 0
Ca 8 -0.416660242 0.474610048 0.561067802 0 0 0
Ca 8 0.361031081 -0.538293754 0.145313494 0 0 0
Ca 4 0.0177040077 0.136031892 0.200966767 0 0 0
Ca 1 0.401594867 0.206656582 0.363116045 0 0 0
Ca 1 0.341033202 -0.192954068 0.0796875984 0 0 0
Ca 6 0.323079034 -0.223527455 0.459685306 0 0 0
Ca 7 0.628844471 0.110166943 0.167124718 0 0 0
Ca 1 -0.483977966 -0.209611643 0.316314605 0 0 0
Ca 6 -0.108919504 -0.130367825 0.436149826 0 0 0
Ca 7 0.132872954 -0.10665418 0.655875563 0 0 0
Ca 7 0.193523364 0.573649042 0.76110589 0 0 0
Ca 6 0.218467493 0.128513993 0.439151008 0 0 0
Ca 8 -0.357955043 -0.254931641 0.463185732 0 0 0
Ca 7 0.182583399 0.278774802 0.589671319 0 0 0
Ca 8 -0.366447141 -0.129065343 0.443383937 0 0 0
Ca 7 0.217456607 0.0521689458 0.469476358 0 0 0
Ca 1 -0.23980991 0.192705055 0.418204133 0 0 0
Ca 4 -0.0607706673 0.693589384 0.347978169 0 0 0
Ca 8 0.613619211 0.144730663 0.661400068 0 0 0
Ca 7 -0.492224187 -0.242181843 0.102602525 0 0 0
Ca 7 -0.551387987 0.328671584 0.290967097 0 0 0
Ca 1 -0.178945491 0.379381075 0.241993791 0 0 0
Ca 7 -0.029741927 -0.00927322271 0.625356354 0 0 0
Ca 4 -0.178950337 -0.298549665 0.275790091 0 0 0
Ca 1 0.104929745 -0.372062812 0.282115142 0 0 0
Ca 1 0.285235389 0.297533416 0.186092592 0 0 0
Ca 6 -0.12083751 -0.186764358 0.24984888 0 0 0
Ca 6 -0.276033052 -0.208840932 0.182960942 0 0 0
Ca 8 -0.285204875 0.440484912 0.202260712 0 0 0
Ca 1 -0.297866417 -0.403835521 0.357015456 0 0 0
Ca 1 -0.212747122 -0.0703167343 0.0697915083 0 0 0
Ca 8 0.081579216 -0.188597745 0.550948384 0 0 0
Ca 1 -0.236212233 -0.541680697 0.391177843 0 0 0
Ca 7 -0.0563595963 -0.313220427 0.263199898 0 0 0
Ca 1 -0.313468379 0.116701654 0.25158532 0 0 0
Ca 7 -0.219535549 0.325318448 0.457666696 0 0 0
Ca 1 0.143983693 0.0797047539 0.0805627475 0 0 0
Ca 4 -0.309318715 0.113100879 0.0647701398 0 0 0
Ca 6 -0.69672394 0.411533325 0.104932756 0 0 0
Ca 8 -0.260859745 -0.0267679892 0.216168106 0 0 0
Ca 1 0.0302887781 -0.0382396947 0.322552149 0 0 0
Ca 6 0.165802305 0.131859079 0.128937177 0 0 0
Ca 1 0.0804021223 0.061625735 0.270942812 0 0 0
Ca 8 -0.263370801 0.207175091 0.081041438 0 0 0
Ca 4 0.195827257 0.331465704 0.257916243 0 0 0
Ca 6 -0.179007587 -0.107648649 0.40857498 0 0 0
Ca 8 0.0663367389 -0.00919793835 0.227736227 0 0 0
Ca 4 -0.021971874 0.198937463 0.255730109 0 0 0
Ca 6 -0.0851443274 -0.0505817741 0.128389376 0 0 0
Ca 7 -0.146733686 -0.0504752349 0.315849015 0 0 0
Ca 4 -0.283303121 0.0810157463 0.0746552918 0 0 0
Ca 7 -0.167637766 0.129489298 0.168522844 0 0 0
Ca 7 -0.181972008 -0.00947226879 0.125788972 0 0 0
Ca 8 -0.000971060331 0.112763277 0.364646397 0 0 0
Ca 1 -0.15127296 0.04617702 0.164280305 0 0 0
Ca 6 -0.170130248 0.209477423 0.125892415 0 0 0
Ca 8 -0.171506918 -0.270801212 0.295635536 0 0 0
Ca 1 -0.142125349 0.123496995 0.0729493902 0 0 0
Ca 6 -0.109551771 0.0549510177 0.139233664 0 0 0
Ca 1 -0.131541252 0.120389107 0.212118633 0 0 0
Ca 8 -0.0854120136 0.00142058783 0.196333284 0 0 0
Ca 1 -0.0302598007 0.024130028 0.174658553 0 0 0
Ca 4 -0.18833904 0.0730921558 0.211521827 0 0 0
Ca 6 0.0482822791 -0.0218920119 0.0976203367 0 0 0
Ca 7 -0.0630842452 0.0203817994 0.127657659 0 0 0
Ca 8 -0.221420524 0.12553591 0.13288084 0 0 0
Ca 1 -0.280066762 0.0476239541 0.0550224388 0 0 0
Ca 8 -0.186957514 -0.000517274542 0.141223629 0 0 0
Ca 6 -0.21052153 0.0209461931 0.0869603147 0 0 0
Ca 1 -0.148110559 0.0213801689 0.0698974795 0 0 0
Ca 1 -0.155687374 0.0065783111 0.0493517794 0 0 0
VGCC_O 6 -0.12622171 0.0241576588 0.046693322 -1.62059677e-06 3.22356891e-07 -1
VGCC_O 7 -0.137449801 0.00579357966 0.0466933342 -1.62059625e-06 3.22356338e-07 -1
VGCC_O 3 0.0772568984 -0.00428239309 0.046693036 -1.41802159e-06 2.82063681e-07 -1
VGCC_O 2 0.119933892 -0.04777957 0.0466929781 -1.41802115e-06 2.82063236e-07 -1
VGCC_O 4 -0.108229728 0.00324736392 0.0466932869 -8.10297798e-07 1.61178104e-07 -1
VGCC_O 9 0.0953603447 -0.018533153 0.0466930096 -1.14792244e-06 -1.24564753e-07 -1
VGCC_O 1 -0.126159285 0.0151063295 0.0466933189 -1.62059625e-06 3.22356338e-07 -1
VGCC_O 0 0.11238887 -0.0311459409 0.0466929927 -1.01287282e-06 -1.51427976e-07 -1
TAG 41 -0.105784995 0.0105052503 0.0536665039 -0.333750681 -0.131703993 -0.933415524
TAG 73 0.105323475 -0.00357186878 0.063445091 -0.346545998 0.867982935 -0.355684546
TAG 71 -0.096079873 0.00270213046 0.0564810255 0.74861179 -0.322508554 -0.579282851
TAG 70 -0.118208439 0.00383577013 0.0653592954 -0.735818461 -0.677177107 0.0015353549
TAG 69 -0.119239302 0.00795267007 0.0681959954 -0.999896295 -0.0141984574 0.00240892698
TAG 67 -0.115078276 0.000454692191 0.0742448755 -0.735818461 -0.677177107 0.0015353549
TAG 65 0.119072188 -0.020557456 0.0800936336 0.751399702 -0.322919474 0.575431578
TAG 63 -0.104896891 0.0149528875 0.0527352849 0.329239713 0.132369034 -0.93492227
TAG 62 -0.0995730683 0.0302300905 0.0690462359 0.3213287 0.750213891 -0.577864158
TAG 59 -0.100018848 -0.00188752594 0.0603333581 0.344822933 -0.867729023 -0.35797135
TAG 55 -0.119337383 0.0151637023 0.0699872324 -0.999896295 -0.0141984574 0.00240892698
TAG 54 -0.104785227 0.0261860029 0.076486355 -0.344822968 0.867728888 0.357971643
TAG 53 -0.089146311 -0.000197085518 0.0670554248 0.74861179 -0.322508554 -0.579282851
TAG 52 -0.119278263 0.0119799944 0.0757618237 -0.999896295 -0.0141984574 0.00240892698
TAG 51 -0.102448777 0.00747370566 0.0865367572 -0.329239868 -0.132369105 0.934922205
TAG 45 -0.113699624 0.0170707545 0.0588716642 -0.751399624 0.322919173 -0.575431849
TAG 44 -0.11923843 0.00668793202 0.0611035411 -0.999896295 -0.0141984574 0.00240892698
