VGCC_O 5 0.113746944 -0.0200409323 0.0466929896 -1.01287282e-06 -1.51427976e-07 -1
VGCC_O 1 -0.126159285 0.0151063295 0.0466933189 -1.62059625e-06 3.22356338e-07 -1
VGCC_O 6 -0.12622171 0.0241576588 0.046693322 -1.62059677e-06 3.22356891e-07 -1
VGCC_O 7 -0.137449801 0.00579357966 0.0466933342 -1.62059625e-06 3.22356338e-07 -1
CaBS 10 0.105850109 -0.0194551534 0.0863725207 -0.329239867 -0.132369096 0.934922207
CaBS 11 0.120084387 -0.0135273379 0.0812034308 0.333750516 0.131703927 0.933415593
CaBS 13 0.0914824855 -0.0103992018 0.0665826656 -0.751399618 0.322919164 -0.575431861
CaBS 14 0.109036449 -0.0345343912 0.0736350966 0.34654604 -0.867983022 0.355684293
CaBS 15 0.105123091 -0.011072275 0.0533050929 0.329239702 0.132369043 -0.934922272
CaBS 16 0.112228762 -0.00141834527 0.0714304072 0.735818353 0.677177225 -0.00153536905
CaBS 17 0.106219331 -0.019542941 0.0529566377 -0.333750671 -0.131704002 -0.933415527
CaBS 18 0.103053353 -0.0167959975 0.053701069 -0.333750671 -0.131704002 -0.933415527
CaBS 19 0.113630424 -0.0221363106 0.0847258157 0.333750516 0.131703927 0.933415593
CaBS 20 0.0963840017 -0.0309233176 0.0757985657 -0.321328743 -0.750213836 0.577864204
CaBS 21 0.109458565 -0.0318819562 0.059816473 0.344822999 -0.867728964 -0.357971429
CaBS 22 0.120603797 -0.0200839304 0.0783593881 0.751399702 -0.322919474 0.575431578
CaBS 23 0.0997940303 -0.00454295508 0.0664627103 -0.346545998 0.867982935 -0.355684546
CaBS 24 0.0969301258 -0.00827786918 0.0788065702 -0.748611723 0.322508223 0.579283121
CaBS 25 -0.0989182721 0.00659660534 0.0858159096 0.333750517 0.131703937 0.933415591
CaBS 29 -0.0875546375 0.0148969167 0.0657065356 0.999896301 0.0141980506 -0.0024089266
CaBS 38 -0.116371717 0.00529029524 0.0581877015 -0.333750681 -0.131703993 -0.933415524
CaBS_Ca 56 0.105917122 -0.0140538582 0.0863433456 0.333750516 0.131703927 0.933415593
CaBS_Ca 57 -0.112493777 0.0217520961 0.0599241294 -0.751399624 0.322919173 -0.575431849
Ca 8 0.462109313 0.408678339 0.326775648 0 0 0
Ca 8 -0.0937161091 0.0697217775 0.363657874 0 0 0
Ca 8 -0.0231721154 0.1677262 0.446545693 0 0 0
Ca 1 -0.566528853 0.474489835 0.130188313 0 0 0
Ca 4 -0.295037798 -0.545214418 0.11034137 0 0 0
Ca 3 0.46911104 -0.158074036 0.205792524 0 0 0
Ca 4 -0.215694777 -0.0684877498 0.277246782 0 0 0
Ca 4 0.216119645 -0.505161596 0.223068759 0 0 0
Ca 1 0.103104679 0.150881133 0.21436981 0 0 0
Ca 6 -0.591057675 0.0975276841 0.526349494 0 0 0
Ca 7 -0.119046356 -0.00547071986 0.376066239 0 0 0
Ca 7 -0.175206996 0.119161325 0.267177224 0 0 0
Ca 3 0.507949117 -0.010659314 0.550880493 0 0 0
Ca 6 -0.167246536 0.35912162 0.802432893 0 0 0
Ca 1 -0.104979855 0.0770343133 0.385189376 0 0 0
Ca 6 0.0889315386 -0.156455124 0.444640527 0 0 0
Ca 6 0.0230557636 -0.126113687 0.562452595 0 0 0
Ca 4 0.758945849 0.359904493 0.250633314 0 0 0
Ca 8 -0.535807571 0.331768782 0.426649442 0 0 0
Ca 7 -0.0882004698 0.14579098 0.180122751 0 0 0
Ca 7 -0.262534107 0.0729750809 0.579332502 0 0 0
Ca 6 -0.439330834 0.208254932 0.222685769 0 0 0
Ca 6 0.0497959476 -0.0746482388 0.46971357 0 0 0
Ca 1 -0.793221559 0.188637664 0.342961681 0 0 0
Ca 8 0.0266844356 0.364652652 0.19702956 0 0 0
Ca 6 -0.324705302 0.146041038 0.165833512 0 0 0
Ca 3 0.47411219 -0.109089799 0.109771407 0 0 0
Ca 1 0.130444426 -0.340770281 0.614870684 0 0 0
Ca 8 0.194666023 0.161486609 0.554243404 0 0 0
Ca 6 -0.629401342 -0.30060179 0.302259062 0 0 0
Ca 6 -0.290890115 0.149268594 0.838550119 0 0 0
Ca 4 -0.126373621 0.250819052 0.733565753 0 0 0
Ca 8 0.006756139 0.221369727 0.188514298 0 0 0
Ca 1 -0.298023872 0.247374735 0.707354898 0 0 0
Ca 8 -0.450803071 0.105245689 0.357149595 0 0 0
Ca 6 -0.136091254 0.232769916 0.331963583 0 0 0
Ca 1 0.25901102 -0.178108585 0.502899224 0 0 0
Ca 1 -0.438545428 0.297032363 0.723909741 0 0 0
Ca 4 -0.212877264 0.320019462 0.443852931 0 0 0
Ca 4 0.113477831 0.422018354 0.312073148 0 0 0
Ca 1 0.0188727736 -0.113964204 0.364020155 0 0 0
Ca 7 -0.291114435 -0.0015970055 0.713317495 0 0 0
Ca 7 0.121499634 0.0713341703 0.52123912 0 0 0
Ca 1 0.134603759 0.746450653 0.0812385758 0 0 0
Ca 8 -0.00845946038 -0.103687686 0.156219121 0 0 0
Ca 8 -0.523714829 0.187216216 0.0917913898 0 0 0
Ca 1 -0.0752081166 0.232047389 0.711922603 0 0 0
Ca 1 0.14120142 0.141527453 0.202414592 0 0 0
Ca 6 -0.0731458853 0.102853157 0.431600804 0 0 0
Ca 4 -0.24712033 -0.117279984 0.0630772318 0 0 0
Ca 4 -0.0461960709 0.192081647 0.275095756 0 0 0
Ca 6 -0.354976906 -0.195286131 0.408674557 0 0 0
Ca 8 -0.171182866 -0.225464617 0.210444851 0 0 0
Ca 1 -0.0505844967 0.592387641 0.253050395 0 0 0
Ca 6 0.108103373 0.0961791397 0.230893472 0 0 0
Ca 4 -0.207904071 0.132271991 0.358722077 0 0 0
Ca 4 -0.0991171666 0.0464851009 0.238458496 0 0 0
Ca 1 -0.110095239 -0.143713264 0.0544735372 0 0 0
Ca 8 -0.0283163412 -0.0233053707 0.179158999 0 0 0
Ca 8 -0.146616253 0.122427412 0.16442096 0 0 0
Ca 1 -0.0895005506 0.102777984 0.265826348 0 0 0
Ca 8 0.0244161426 0.0639229451 0.17627018 0 0 0
Ca 8 -0.203425153 0.107176519 0.124580692 0 0 0
Ca 7 -0.168564817 0.212584624 0.126775508 0 0 0
Ca 6 -0.118282143 0.104817747 0.10593591 0 0 0
Ca 8 -0.130339502 0.0416099084 0.0792587319 0 0 0
Ca 7 -0.254066499 0.12534665 0.0565408075 0 0 0
Ca 6 -0.0657037972 0.0529183802 0.152322965 0 0 0
Ca 1 -0.143506891 0.000706253599 0.0801143165 0 0 0
Ca 7 0.0150231976 0.051601032 0.110629305 0 0 0
Ca 1 -0.134557002 -0.120552189 0.13865659 0 0 0
Ca 6 -0.0364877697 0.0578967471 0.220005426 0 0 0
Ca 7 -0.21334084 0.00502603573 0.0891872099 0 0 0
Ca 8 -0.218432459 0.0479746353 0.0621301561 0 0 0
Ca 6 -0.141733487 0.0256066845 0.067119359 0 0 0
Ca 6 -0.104086646 0.00772311947 0.118194738 0 0 0
Ca 6 -0.0746983009 0.0161984073 0.0466686798 0 0 0
Ca 1 -0.195611134 0.0369846638 0.0486529929 0 0 0
Ca 8 -0.087195942 0.0568301036 0.0581000103 0 0 0
Ca 6 -0.000287772208 0.0365316074 0.0860474897 0 0 0
Ca 8 -0.146495486 -0.00544770602 0.052282185 0 0 0
Ca 7 -0.160431247 -0.00607007629 0.0507248413 0 0 0
Ca 8 -0.157016485 0.03099634 0.0502202008 0 0 0
VGCC_O 2 0.119933892 -0.04777957 0.0466929781 -1.41802115e-06 2.82063236e-07 -1
VGCC_O 9 0.0953603447 -0.018533153 0.0466930096 -1.14792244e-06 -1.24564753e-07 -1
VGCC_O 3 0.0772568984 -0.00428239309 0.046693036 -1.41802159e-06 2.82063681e-07 -1
VGCC_O 8 -0.134706799 0.0161271258 0.0466933331 -1.62059677e-06 3.22356891e-07 -1
VGCC_O 0 0.11238887 -0.0311459409 0.0466929927 -1.01287282e-06 -1.51427976e-07 -1
VGCC_O 4 -0.108229728 0.00324736392 0.0466932869 -8.10297798e-07 1.61178104e-07 -1
TAG 41 -0.105784995 0.0105052503 0.0536665039 -0.333750681 -0.131703993 -0.933415524
TAG 63 -0.104896891 0.0149528875 0.0527352849 0.329239713 0.132369034 -0.93492227
TAG 62 -0.0995730683 0.0302300905 0.0690462359 0.3213287 0.750213891 -0.577864158
TAG 59 -0.100018848 -0.00188752594 0.0603333581 0.344822933 -0.867729023 -0.35797135
TAG 55 -0.119337383 0.0151637023 0.0699872324 -0.999896295 -0.0141984574 0.00240892698
TAG 54 -0.104785227 0.0261860029 0.076486355 -0.344822968 0.867728888 0.357971643
TAG 53 -0.089146311 -0.000197085518 0.0670554248 0.74861179 -0.322508554 -0.579282851
TAG 52 -0.119278263 0.0119799944 0.0757618237 -0.999896295 -0.0141984574 0.00240892698
TAG 51 -0.102448777 0.00747370566 0.0865367572 -0.329239868 -0.132369105 0.934922205
TAG 45 -0.113699624 0.0170707545 0.0588716642 -0.751399624 0.322919173 -0.575431849
TAG 44 -0.11923843 0.00668793202 0.0611035411 -0.999896295 -0.0141984574 0.00240892698
