VGCC_O 3 0.0772568984 -0.00428239309 0.046693036 -1.41802159e-06 2.82063681e-07 -1
CaBS 10 0.0920710655 -0.0254518256 0.0805036825 -0.321328743 -0.750213836 0.577864204
CaBS 11 0.0924392027 -0.0268656028 0.0663998839 -0.735818491 -0.677177075 0.00153536998
CaBS 13 0.0944046357 -0.0122629246 0.0617210397 -0.751399618 0.322919164 -0.575431861
CaBS 14 0.0907496805 -0.0211998627 0.0686208266 -0.999896295 -0.0141984568 0.00240892729
CaBS 15 0.0935042675 -0.0200343893 0.0809245962 -0.748611723 0.322508223 0.579283121
CaBS 16 0.115401546 -0.00487095955 0.0691905034 0.735818353 0.677177225 -0.00153536905
CaBS 17 0.113366362 -0.01029508 0.0824520215 0.324116486 0.74980293 0.576839726
CaBS 18 0.103164422 -0.00199606604 0.0701046304 -0.344822968 0.867728907 0.357971598
CaBS 19 0.106736489 -0.035599456 0.0732768688 0.34654604 -0.867983022 0.355684293
CaBS 20 0.113551433 -0.0297006888 0.0584715786 0.344822999 -0.867728964 -0.357971429
CaBS 21 0.1209492 -0.0291130427 0.0665753358 0.748611785 -0.322508546 -0.579282861
CaBS 22 0.113934211 -0.0127930116 0.0832988646 0.333750516 0.131703927 0.933415593
CaBS 23 0.106412535 -0.019795864 0.0865223444 -0.329239867 -0.132369096 0.934922207
CaBS 24 0.106652643 -0.0344760121 0.0634016503 0.344822999 -0.867728964 -0.357971429
Ca 4 -0.3841919 -0.211953626 0.67151443 0 0 0
Ca 7 -0.00299688026 -0.595124332 0.283449911 0 0 0
Ca 6 0.191664108 -0.340209795 0.258011361 0 0 0
Ca 1 0.114394335 -0.140899382 0.263736315 0 0 0
Ca 8 0.116058542 0.306208869 0.154141657 0 0 0
Ca 1 0.256521292 0.296879647 0.934801286 0 0 0
Ca 6 -0.583186634 -0.10434595 0.537012829 0 0 0
Ca 8 -0.45165739 0.381246241 0.64163689 0 0 0
Ca 8 0.371072002 0.38269677 0.518811237 0 0 0
Ca 6 0.0245492197 0.251947338 0.656391644 0 0 0
Ca 6 -0.027930587 0.384710541 0.243409287 0 0 0
Ca 8 0.0197350505 0.110747122 0.412947531 0 0 0
Ca 1 -0.345930892 -0.294100975 0.61423645 0 0 0
Ca 7 -0.537298945 0.455424523 0.178737434 0 0 0
Ca 4 0.0829553112 -0.164410983 0.534367349 0 0 0
Ca 8 0.210190052 -0.152942755 0.630145728 0 0 0
Ca 4 -0.205063908 -0.051800094 0.985458367 0 0 0
Ca 8 -0.319259882 -0.107761978 0.154131045 0 0 0
Ca 7 0.228570138 0.47169468 0.365990707 0 0 0
Ca 8 -0.0136153864 0.0747813623 0.790206144 0 0 0
Ca 8 -0.268750913 0.286127011 0.566400406 0 0 0
Ca 7 -0.655703196 0.252789394 0.276529278 0 0 0
Ca 1 -0.251602723 -0.154515557 0.475193837 0 0 0
Ca 7 -0.304070439 0.37747745 0.482352747 0 0 0
Ca 1 -0.37129529 0.0135861147 0.376522249 0 0 0
Ca 1 0.00611790296 0.548710512 0.624271157 0 0 0
Ca 1 -0.459965457 -0.276520799 0.417376942 0 0 0
Ca 6 0.270029226 0.36102319 0.519885362 0 0 0
Ca 4 0.16027459 -0.454567422 0.657705581 0 0 0
Ca 7 0.0697053614 0.18433411 0.201750276 0 0 0
Ca 8 -0.447000921 -0.328339257 0.306453395 0 0 0
Ca 1 -0.340755162 -0.101908171 0.242963248 0 0 0
Ca 4 -0.181493763 0.0958085961 0.0983189835 0 0 0
Ca 1 -0.000110085813 0.372189732 0.149998554 0 0 0
Ca 1 -0.0944016851 0.164145179 0.155972408 0 0 0
Ca 8 0.383253814 0.0970900635 0.282055512 0 0 0
Ca 7 -0.291237214 -0.00723738681 0.350138542 0 0 0
Ca 1 0.0082303356 0.184098066 0.347649108 0 0 0
Ca 6 0.215436071 0.21165725 0.0849954412 0 0 0
Ca 1 -0.731055566 -0.0549608095 0.219357019 0 0 0
Ca 6 -0.1411242 0.452356644 0.199510762 0 0 0
Ca 7 0.361535562 0.334223583 0.371894943 0 0 0
Ca 1 -0.169661686 -0.631255189 0.141173734 0 0 0
Ca 1 -0.657041208 0.115054379 0.188287814 0 0 0
Ca 7 -0.324514339 0.410465005 0.0676168063 0 0 0
Ca 8 -0.126765213 -0.112838056 0.0823559303 0 0 0
Ca 8 -0.16696027 -0.147056029 0.275982183 0 0 0
Ca 8 -0.328659288 0.0481464102 0.266887163 0 0 0
Ca 1 0.210665387 0.155981444 0.311648963 0 0 0
Ca 8 -0.306395017 0.0459597099 0.498843878 0 0 0
Ca 4 -0.116119843 0.0728254959 0.187037974 0 0 0
Ca 1 -0.233781336 0.200094563 0.16572681 0 0 0
Ca 1 -0.121410898 -0.320446509 0.134369902 0 0 0
Ca 6 -0.0423964079 0.243067247 0.421746338 0 0 0
Ca 7 -0.366653256 0.0165212014 0.186857171 0 0 0
Ca 8 -0.482064589 0.168310494 0.489131139 0 0 0
Ca 6 -0.14374798 0.157051345 0.208102047 0 0 0
Ca 1 -0.123471789 -0.0717947364 0.313431014 0 0 0
Ca 6 -0.566187466 0.023804239 0.0637042317 0 0 0
Ca 8 -0.105916055 0.0657754081 0.191945023 0 0 0
Ca 6 -0.285545904 0.197508781 0.146870912 0 0 0
Ca 8 0.1236594 0.106263397 0.196116484 0 0 0
Ca 7 -0.268560852 0.0206770435 0.24636413 0 0 0
Ca 4 -0.144554614 -0.0225416635 0.187170235 0 0 0
Ca 8 -0.20888563 0.000772598841 0.173679175 0 0 0
Ca 1 0.0682861246 0.0730033156 0.119633501 0 0 0
Ca 7 -0.109381588 -0.044708443 0.0747766545 0 0 0
Ca 8 0.092698698 0.0748839012 0.114047569 0 0 0
Ca 1 -0.209587036 0.0814276059 0.0998923787 0 0 0
Ca 6 0.114452101 -0.0664012293 0.0651436451 0 0 0
Ca 6 -0.141296742 -0.0495114897 0.157680636 0 0 0
Ca 4 -0.146566046 0.235718844 0.0811764183 0 0 0
Ca 1 -0.218408449 0.0698487437 0.244407193 0 0 0
Ca 6 -0.111530773 0.0767177397 0.10662636 0 0 0
Ca 8 -0.194261052 -0.0896299076 0.113340516 0 0 0
Ca 7 -0.122586934 0.0539567489 0.155209466 0 0 0
Ca 8 -0.447148068 -0.0701787533 0.165198716 0 0 0
Ca 1 -0.0941736835 0.0474986032 0.134401868 0 0 0
Ca 1 -0.135259334 0.14198858 0.173067137 0 0 0
Ca 8 -0.181394992 0.0475825134 0.10337158 0 0 0
Ca 8 -0.241288438 0.0390199326 0.0665302078 0 0 0
Ca 4 -0.0371543269 -0.0141969581 0.0764056209 0 0 0
Ca 6 -0.203962732 0.186014575 0.0914078074 0 0 0
Ca 4 -0.137398527 0.00696751935 0.0939200265 0 0 0
Ca 8 -0.225652433 0.0406282385 0.187715055 0 0 0
Ca 6 -0.133315624 0.0898054835 0.0479805169 0 0 0
Ca 8 -0.0871692253 0.0130941439 0.0736830322 0 0 0
Ca 7 -0.207990253 0.0685215748 0.13519687 0 0 0
Ca 6 -0.119086584 0.0449481138 0.0466147444 0 0 0
VGCC_O 5 0.113746944 -0.0200409323 0.0466929896 -1.01287282e-06 -1.51427976e-07 -1
VGCC_O 2 0.119933892 -0.04777957 0.0466929781 -1.41802115e-06 2.82063236e-07 -1
VGCC_O 7 -0.137449801 0.00579357966 0.0466933342 -1.62059625e-06 3.22356338e-07 -1
VGCC_O 0 0.11238887 -0.0311459409 0.0466929927 -1.01287282e-06 -1.51427976e-07 -1
VGCC_O 8 -0.134706799 0.0161271258 0.0466933331 -1.62059677e-06 3.22356891e-07 -1
VGCC_O 9 0.0953603447 -0.018533153 0.0466930096 -1.14792244e-06 -1.24564753e-07 -1
VGCC_O 6 -0.12622171 0.0241576588 0.046693322 -1.62059677e-06 3.22356891e-07 -1
VGCC_O 4 -0.108229728 0.00324736392 0.0466932869 -8.10297798e-07 1.61178104e-07 -1
VGCC_O 1 -0.126159285 0.0151063295 0.0466933189 -1.62059625e-06 3.22356338e-07 -1
TAG 41 -0.105784995 0.0105052503 0.0536665039 -0.333750681 -0.131703993 -0.933415524
TAG 71 -0.096079873 0.00270213046 0.0564810255 0.74861179 -0.322508554 -0.579282851
TAG 70 -0.118208439 0.00383577013 0.0653592954 -0.735818461 -0.677177107 0.0015353549
TAG 69 -0.119239302 0.00795267007 0.0681959954 -0.999896295 -0.0141984574 0.00240892698
TAG 67 -0.115078276 0.000454692191 0.0742448755 -0.735818461 -0.677177107 0.0015353549
TAG 65 0.119072188 -0.020557456 0.0800936336 0.751399702 -0.322919474 0.575431578
TAG 63 -0.104896891 0.0149528875 0.0527352849 0.329239713 0.132369034 -0.93492227
TAG 62 -0.0995730683 0.0302300905 0.0690462359 0.3213287 0.750213891 -0.577864158
TAG 59 -0.100018848 -0.00188752594 0.0603333581 0.344822933 -0.867729023 -0.35797135
TAG 55 -0.119337383 0.0151637023 0.0699872324 -0.999896295 -0.0141984574 0.00240892698
TAG 54 -0.104785227 0.0261860029 0.076486355 -0.344822968 0.867728888 0.357971643
TAG 53 -0.089146311 -0.000197085518 0.0670554248 0.74861179 -0.322508554 -0.579282851
TAG 52 -0.119278263 0.0119799944 0.0757618237 -0.999896295 -0.0141984574 0.00240892698
TAG 51 -0.102448777 0.00747370566 0.0865367572 -0.329239868 -0.132369105 0.934922205
TAG 45 -0.113699624 0.0170707545 0.0588716642 -0.751399624 0.322919173 -0.575431849
TAG 44 -0.11923843 0.00668793202 0.0611035411 -0.999896295 -0.0141984574 0.00240892698
