LGIC_C 0 0.448044206 0.201185412 0.0250140077 -4.20574004e-08 -2.81018564e-08 1
LGIC_C 1 -0.259425121 0.0462947905 0.0250139949 4.34088259e-08 -8.63455061e-09 1
LGIC_C 2 -0.537964064 0.154679928 0.0250140115 4.96100897e-08 -9.86805572e-09 1
LGIC_C 3 0.261171543 -0.690097826 0.02501402 -9.86804037e-09 4.96101e-08 1
LGIC_C 4 -0.469168761 -0.195097877 0.0250140009 6.28883752e-09 7.55636663e-08 1
LGIC_C 5 0.103598753 -0.578514373 0.0250140157 1.00935263e-08 5.7878447e-08 1
LGIC_C 6 -0.332333072 0.538875098 0.0250140184 1.28239438e-08 -5.73353116e-08 1
LGIC_C 7 -0.7215528 0.438785106 -0.000630364243 -0.827617296 0.552995934 0.0961514895
LGIC_C 8 -0.112522468 0.31641271 0.025013998 8.63455111e-09 -4.34088279e-08 1
LGIC_C 9 -0.459360648 -0.247196165 0.0250140048 6.28883752e-09 7.55636663e-08 1
LGIC_C 10 -0.351367524 -0.589763783 0.0250140152 3.95603082e-08 3.05989652e-08 1
LGIC_C 11 0.162488956 0.551457138 0.0250140096 -6.33660387e-09 4.96100877e-08 -1
LGIC_C 12 0.411566361 0.220540722 0.0250140107 -4.90669739e-08 -3.27854893e-08 1
LGIC_C 13 0.712922058 -0.0937812897 0.0250140195 -4.96100859e-08 9.86807898e-09 1
LGIC_C 14 0.66982446 0.245691281 0.0250140149 -4.96100869e-08 6.3366408e-09 1
LGIC_C 15 -0.457005514 -0.371034762 0.0250140097 5.39043203e-09 6.47688584e-08 1
LGIC_C 16 0.633884148 -0.101629061 0.0250140157 -4.96100859e-08 9.86807898e-09 1
LGIC_C 17 -0.519956213 0.369292163 0.0250140132 -4.82586679e-08 1.31306769e-08 -1
LGIC_C 18 0.31282483 -0.464919655 0.0250140116 -2.81018481e-08 4.20574137e-08 1
LGIC_C 21 -0.0145502294 -0.192527516 0.0250139924 -2.90231482e-08 4.96101036e-08 1
LGIC_C 22 0.1960548 0.602178873 0.0250140151 -9.86806672e-09 -4.96100854e-08 1
LGIC_C 23 -0.520796493 0.44084104 0.0250140133 3.68002297e-08 -2.45891157e-08 1
LGIC_C 24 0.14048171 0.407979722 0.0250140049 -9.86806672e-09 -4.96100854e-08 1
LGIC_C 25 0.34639646 -0.0396949751 0.0250139986 -4.34088226e-08 8.63456802e-09 1
LGIC_C 27 -0.296416602 0.532709786 0.0250140191 3.27854968e-08 -4.90669676e-08 1
LGIC_C 28 0.659363595 0.094427896 0.0250140127 -4.34088272e-08 -8.63453573e-09 1
LGIC_C 30 0.668914166 0.156360406 0.0250140154 -4.96100869e-08 6.3366408e-09 1
LGIC_C 31 -0.41664769 -0.42779012 0.0250140128 3.95603082e-08 3.05989652e-08 1
LGIC_C 32 0.0400274833 0.0919129898 0.0250139882 -2.81018716e-08 -4.20573923e-08 1
LGIC_C 33 -0.00344904277 0.635081029 0.0250140109 8.63455111e-09 -4.34088279e-08 1
LGIC_C 35 -0.156326572 -0.509292869 0.025014004 -2.90231482e-08 4.96101036e-08 1
LGIC_C 36 0.450380879 -0.60434829 0.0250140165 -2.45891087e-08 3.68002429e-08 1
LGIC_C 37 0.0895824276 0.804023158 0.0250140189 -8.63455884e-09 -4.34088253e-08 1
LGIC_C 38 0.761226339 -0.32895611 0.0250140195 -3.05989503e-08 3.95603122e-08 1
LGIC_C 39 0.670444278 0.251035366 0.0250140145 -4.34088272e-08 -8.63453573e-09 1
LGIC_C 40 -0.684077178 0.0247837124 0.0250140136 4.34088279e-08 -2.48392273e-08 1
LGIC_C 41 -0.50786916 0.60058894 0.0250140179 2.45891128e-08 -3.68002333e-08 1
LGIC_C 42 -0.274823038 -0.689576318 0.0250140155 8.63456455e-09 4.34088336e-08 1
LGIC_C 43 -0.615075538 -0.475087212 0.025014014 1.15916899e-08 4.97976879e-08 1
LGIC_C 44 0.339155761 0.521619071 0.0250140129 1.3130701e-08 4.82586573e-08 -1
LGIC_C 45 -0.0104009997 -0.190529275 0.0250139918 2.48392553e-08 4.34088306e-08 1
LGIC_C 46 -0.204126644 -0.170437299 0.0250139954 5.39043203e-09 6.47688584e-08 1
LGIC_C 47 0.534583947 -0.189459542 0.0250140163 -5.78784275e-08 1.15127558e-08 1
LGIC_C 48 -0.114092364 -0.367676609 0.0250140002 8.63456455e-09 4.34088336e-08 1
LGIC_C 51 -0.610300475 -0.0290582081 0.02501401 4.34088238e-08 8.63459484e-09 1
LGIC_C 52 0.679989851 -0.202398811 0.0250140178 -4.34088182e-08 2.48392526e-08 1
LGIC_C 53 0.351295571 -0.109632406 0.0250140012 -4.34088182e-08 2.48392526e-08 1
LGIC_C 54 -0.0457318876 -0.222597923 0.0250139939 -4.89847109e-08 5.78784581e-08 1
LGIC_C 55 0.437975502 0.504751669 0.0250140134 1.3130701e-08 4.82586573e-08 -1
LGIC_C 56 -0.133364694 -0.251274462 0.0250139943 -5.56021111e-08 -1.45571543e-08 -1
LGIC_C 57 -0.0837664388 0.383147036 0.0250140049 -3.14742797e-08 4.96100914e-08 -1
LGIC_C 58 0.476471886 -0.102773469 0.0250140065 -4.34088182e-08 2.48392526e-08 1
LGIC_C 59 -0.373060296 -0.193149946 0.0250139994 1.45571809e-08 5.5602105e-08 1
LGIC_C 60 0.137848542 0.509443237 0.0250140129 -3.14742949e-08 -4.96100822e-08 1
LGIC_C 61 -0.39312146 0.343796951 0.0250140095 4.20574045e-08 -2.81018523e-08 1
LGIC_C 62 -0.020383103 0.402341956 0.0250140039 -3.14742797e-08 4.96100914e-08 -1
LGIC_C 63 0.259537842 -0.014264202 0.0250139962 -4.96100859e-08 9.86807898e-09 1
LGIC_C 64 -0.240238574 0.0135914138 0.0250139965 5.7878425e-08 4.89846948e-08 1
LGIC_C 65 0.0225521 0.349804943 0.0250140005 -6.33660387e-09 4.96100877e-08 -1
LGIC_C 66 -0.24868238 -0.319160647 0.0250140011 2.45891453e-08 3.68002268e-08 1
LGIC_C 67 -0.453237906 0.416158635 0.0250140176 6.28881943e-09 -7.55636452e-08 1
LGIC_C 68 -0.681506095 -0.113027319 0.0250140098 -4.34088282e-08 2.70157287e-08 -1
LGIC_C 69 -0.665150305 -0.33227915 0.0250140159 3.68002489e-08 2.45891179e-08 1
LGIC_C 70 -0.0465694613 0.370997524 0.0250139998 8.63455111e-09 -4.34088279e-08 1
LGIC_C 72 0.147956791 0.407957668 0.0250140022 -8.63455884e-09 -4.34088253e-08 1
LGIC_C 73 -0.0101719835 0.00767767912 0.0250139839 -4.82586679e-08 1.31306769e-08 -1
LGIC_C 74 0.503772063 0.496620794 0.0250140141 -4.82586616e-08 -1.31306776e-08 1
LGIC_C 75 0.535883905 -0.584236707 0.0250140179 -2.45891087e-08 3.68002429e-08 1
LGIC_C 76 -0.70524456 0.0399220093 0.0250140171 4.96100851e-08 2.90231542e-08 1
LGIC_C 77 0.362344884 -0.250984823 0.0250140042 -3.05989503e-08 3.95603122e-08 1
LGIC_C 79 -0.598007783 -0.271742072 0.0250140037 1.15916899e-08 4.97976879e-08 1
LGIC_C 80 0.733307957 0.0122036219 0.0250140152 -4.34088272e-08 -8.63453573e-09 1
LGIC_C 81 0.0478846236 0.669396964 0.0250140162 -6.33660387e-09 4.96100877e-08 -1
LGIC_C 82 0.454498214 -0.244083661 0.0250140068 -3.05989503e-08 3.95603122e-08 1
LGIC_C 83 -0.345583839 0.259373213 0.0250140034 -4.82586679e-08 1.31306769e-08 -1
LGIC_C 84 0.214929039 0.509467575 0.0250140107 -2.81018716e-08 -4.20573923e-08 1
LGIC_C 85 -0.0528111749 0.0564063705 0.0250139872 1.28239438e-08 -5.73353116e-08 1
LGIC_C 87 -0.335812421 -0.227224372 0.0250140008 1.45571809e-08 5.5602105e-08 1
LGIC_C 88 -0.553048598 -0.494334727 0.0250140143 1.15916899e-08 4.97976879e-08 1
LGIC_C 89 0.241714329 -0.483159187 0.0250140097 -1.31306721e-08 4.82586744e-08 1
LGIC_C 90 -0.357758524 -0.344681865 0.0250140076 1.45571809e-08 5.5602105e-08 1
LGIC_C 91 0.169995768 0.823959276 0.0250140205 -8.63455884e-09 -4.34088253e-08 1
LGIC_C 92 0.250548857 -0.745400821 0.0250140186 6.33663526e-09 4.9610097e-08 1
LGIC_C 93 -0.0214056392 0.570552316 0.0250140114 -6.33661298e-09 -4.96100859e-08 1
LGIC_C 94 0.160956599 -0.0344198441 0.0250139923 -4.96100802e-08 3.14742968e-08 1
LGIC_C 95 -0.311359646 -0.448065353 0.0250140071 -5.56021111e-08 -1.45571543e-08 -1
LGIC_C 96 0.269751991 -0.0644911417 0.0250139972 -4.96100859e-08 9.86807898e-09 1
LGIC_C 97 -0.395177811 0.0631364048 0.025014001 4.96100851e-08 2.90231542e-08 1
LGIC_C 98 -0.315977449 -0.610181383 0.0250140144 3.95603082e-08 3.05989652e-08 1
LGIC_C 99 0.215008113 -0.0439046361 0.0250139953 -4.96100802e-08 3.14742968e-08 1
LGIC_C 100 -0.381306159 -0.424605841 0.0250140082 2.45891453e-08 3.68002268e-08 1
LGIC_C 101 -0.379576885 0.0135484418 0.0250140022 4.96100897e-08 -9.86805572e-09 1
LGIC_C 102 -0.43461336 0.448487194 0.0250140146 1.28239438e-08 -5.73353116e-08 1
LGIC_C 103 -0.428564393 -0.0274886409 0.0250140011 -4.34088282e-08 2.70157287e-08 -1
LGIC_C 104 0.618153657 -0.220365044 0.0250140161 -4.96100859e-08 9.86807898e-09 1
LGIC_C 105 -0.310891021 0.149844087 0.0250139984 3.68002297e-08 -2.45891157e-08 1
LGIC_C 106 -0.276864376 0.736887002 0.0250140176 8.63455111e-09 -4.34088279e-08 1
LGIC_C 107 -0.645561995 -0.262273164 0.0250140135 4.34088238e-08 8.63459484e-09 1
LGIC_C 108 -0.042226622 -0.505223442 0.0250140062 2.48392553e-08 4.34088306e-08 1
LGIC_C 110 -0.227986037 -0.738857479 0.0250140173 8.63456455e-09 4.34088336e-08 1
LGIC_C 111 -0.509773444 -0.129809194 0.0250140048 -4.96100919e-08 2.90231703e-08 -1
LGIC_C 112 0.677640988 -0.0529075418 0.0250140185 -4.96100802e-08 3.14742968e-08 1
LGIC_C 113 -0.0520785316 -0.708803996 0.0250140153 2.48392553e-08 4.34088306e-08 1
LGIC_C 114 -0.334007953 0.390877666 0.02501401 1.28239438e-08 -5.73353116e-08 1
LGIC_C 115 0.455613434 -0.398831658 0.0250140129 -3.05989503e-08 3.95603122e-08 1
LGIC_C 116 0.127520098 -0.459084074 0.0250140085 1.00935263e-08 5.7878447e-08 1
LGIC_C 117 -0.181890453 -0.0755049473 0.0250139891 4.96100935e-08 -4.19869172e-08 1
LGIC_C 118 -0.299893926 -0.323201291 0.0250140046 -5.56021111e-08 -1.45571543e-08 -1
LGIC_C 119 0.0820096203 0.461825718 0.025014007 -9.86806672e-09 -4.96100854e-08 1
LGIC_C 120 0.00384189077 0.506721572 0.0250140084 -6.33660387e-09 4.96100877e-08 -1
LGIC_C 121 -0.516876948 -0.424879431 0.0250140104 1.15916899e-08 4.97976879e-08 1
LGIC_C 122 0.627406735 -0.378198882 0.0250140156 -3.68002179e-08 2.45891393e-08 1
LGIC_C 124 0.565331396 -0.488426676 0.025014016 -3.68002179e-08 2.45891393e-08 1
LGIC_C 125 0.110130352 -0.157638818 0.0250139923 -1.31306721e-08 4.82586744e-08 1
LGIC_C 126 0.630982245 -0.417270425 0.025014019 -3.05989503e-08 3.95603122e-08 1
LGIC_C 127 0.217747681 -0.280207878 0.0250139996 -1.31306721e-08 4.82586744e-08 1
LGIC_C 128 0.237882933 -0.279146298 0.0250139994 -2.45891087e-08 3.68002429e-08 1
LGIC_C 129 0.427336686 -0.0876377991 0.0250140025 -4.34088226e-08 8.63456802e-09 1
LGIC_C 130 -0.544146923 0.197816397 0.0250140086 4.34088259e-08 -8.63455061e-09 1
LGIC_C 131 0.402899298 0.234989799 0.0250140058 -4.82586616e-08 -1.31306776e-08 1
LGIC_C 132 -0.18373631 0.0607060847 0.0250139909 5.7878425e-08 4.89846948e-08 1
LGIC_C 133 -0.575033041 -0.0436590226 0.0250140086 4.34088238e-08 8.63459484e-09 1
LGIC_C 134 0.2512003 -0.611577973 0.025014012 -8.63454093e-09 4.34088369e-08 1
LGIC_C 135 -0.244051155 -0.250316594 0.0250140006 2.81018674e-08 4.20574117e-08 1
LGIC_C 136 0.361903392 -0.308470218 0.0250140041 -3.68002179e-08 2.45891393e-08 1
LGIC_C 137 0.359473163 -0.371598485 0.0250140059 -1.31306721e-08 4.82586744e-08 1
LGIC_C 138 -0.696862097 -0.236258396 0.0250140079 4.96100935e-08 -4.19869172e-08 1
LGIC_C 139 0.142310529 -0.0275773797 0.0250139912 -4.96100802e-08 3.14742968e-08 1
LGIC_C 140 0.519412363 0.543328278 0.025014016 -2.45891309e-08 -3.68002211e-08 1
LGIC_C 141 0.455157226 0.118847642 0.025014004 -4.34088272e-08 -8.63453573e-09 1
LGIC_C 142 -0.436825717 -0.559738565 0.0250140177 3.95603082e-08 3.05989652e-08 1
LGIC_C 144 -0.444323129 -0.476576008 0.0250140149 -5.56021111e-08 -1.45571543e-08 -1
LGIC_C 145 0.208889552 0.0088687888 0.0250139935 -4.96100869e-08 6.3366408e-09 1
LGIC_C 146 0.0242647726 0.556083247 0.0250140111 -9.86806672e-09 -4.96100854e-08 1
LGIC_C 147 -0.344920011 -0.360972548 0.025014005 2.45891453e-08 3.68002268e-08 1
LGIC_C 149 0.541361164 0.465241156 0.0250140146 -3.68002282e-08 -2.45891172e-08 1
LGIC_C 150 0.374936799 0.116540263 0.0250140011 -4.96100869e-08 6.3366408e-09 1
LGIC_C 151 -0.0823591653 -0.674384773 0.0250140132 8.63456455e-09 4.34088336e-08 1
LGIC_C 152 0.283657206 0.535256956 0.0250140128 1.3130701e-08 4.82586573e-08 -1
LGIC_C 153 0.179614668 -0.184252868 0.0250139961 -1.28239349e-08 5.73353226e-08 1
LGIC_C 154 0.136951354 0.481854918 0.0250140085 -9.86806672e-09 -4.96100854e-08 1
LGIC_C 155 -0.520022676 0.176068802 0.0250140074 4.34088259e-08 -8.63455061e-09 1
LGIC_C 156 -0.237834582 0.0415697371 0.0250139939 4.34088259e-08 -8.63455061e-09 1
LGIC_C 157 -0.459825591 0.270962122 0.0250140066 6.28881943e-09 -7.55636452e-08 1
LGIC_C 158 0.308785042 0.176516019 0.0250140022 3.37890593e-08 4.80634111e-08 -1
LGIC_C 159 0.770803453 0.103453396 0.0250140176 -4.34088272e-08 -8.63453573e-09 1
LGIC_C 160 -0.314096189 -0.0898965009 0.0250139945 -4.34088282e-08 2.70157287e-08 -1
LGIC_C 161 -0.41471241 0.0857921142 0.0250140047 4.96100897e-08 -9.86805572e-09 1
LGIC_C 162 0.463798959 0.0273329119 0.0250140065 -4.96100911e-08 -9.86803575e-09 1
LGIC_C 163 0.374092754 -0.24506912 0.0250140058 -4.20573976e-08 2.81018683e-08 1
LGIC_C 164 0.289276568 -0.600539481 0.025014016 -1.31306721e-08 4.82586744e-08 1
LGIC_C 165 -0.360402317 0.0681150595 0.0250139992 4.96100851e-08 2.90231542e-08 1
LGIC_C 166 -0.117209804 -0.694179449 0.0250140163 2.48392553e-08 4.34088306e-08 1
LGIC_C 167 -0.586879116 0.564894147 0.025014019 -4.82586679e-08 1.31306769e-08 -1
LGIC_C 168 -0.489944538 -0.233049875 0.025014001 5.39043203e-09 6.47688584e-08 1
LGIC_C 169 0.672714837 -0.512938682 0.0025662252 0.827616944 -0.552996408 0.0961517878
LGIC_C 171 -0.231806421 0.335085202 0.0250140055 1.28239438e-08 -5.73353116e-08 1
LGIC_C 172 0.288338824 0.132228228 0.0250139991 -4.20574004e-08 -2.81018564e-08 1
LGIC_C 173 0.668978382 0.28992552 0.025014015 -3.68002282e-08 -2.45891172e-08 1
LGIC_C 174 -0.0715988615 -0.493780934 0.0250140065 2.48392553e-08 4.34088306e-08 1
LGIC_C 175 0.411322602 -0.322007176 0.0250140126 -3.37890406e-08 4.80634332e-08 1
LGIC_C 177 0.327072791 0.366791285 0.0250140079 -2.81018716e-08 -4.20573923e-08 1
LGIC_C 178 0.126854065 -0.611605906 0.0250140128 6.33663526e-09 4.9610097e-08 1
LGIC_C 180 -0.149893709 0.263889834 0.0250139986 2.8101852e-08 -4.20574041e-08 1
LGIC_C 181 -0.654545044 -0.297482052 0.025014006 5.39043203e-09 6.47688584e-08 1
LGIC_C 183 0.663098431 0.27701979 0.0250140189 -4.82586616e-08 -1.31306776e-08 1
LGIC_C 184 0.684918082 -0.0472654725 0.0250140141 -4.34088182e-08 2.48392526e-08 1
LGIC_C 185 0.359466801 -0.178833229 0.0250140013 -3.05989503e-08 3.95603122e-08 1
LGIC_C 186 -0.626507603 -0.275441862 0.0250140044 5.39043203e-09 6.47688584e-08 1
LGIC_C 188 -0.729316885 0.0963607109 0.0250140158 4.34088259e-08 -8.63455061e-09 1
LGIC_C 189 -0.536874407 0.307596433 0.0250140145 4.20574045e-08 -2.81018523e-08 1
LGIC_C 190 0.336504259 -0.71210522 0.0250140177 -2.45891087e-08 3.68002429e-08 1
LGIC_C 191 -0.455134452 -0.250555102 0.0250140019 5.39043203e-09 6.47688584e-08 1
LGIC_C 192 -0.280968695 0.113099677 0.0250139964 4.34088259e-08 -8.63455061e-09 1
LGIC_C 193 0.260028941 0.100009047 0.0250139971 -4.96100911e-08 -9.86803575e-09 1
LGIC_C 194 -0.71163503 0.356414322 0.0250140182 3.68002297e-08 -2.45891157e-08 1
LGIC_C 195 0.365899667 0.40056237 0.0250140104 -2.81018716e-08 -4.20573923e-08 1
LGIC_C 196 0.720966133 0.400512188 0.0250140196 -3.68002282e-08 -2.45891172e-08 1
LGIC_C 197 -0.250816518 -0.55291049 0.0250140098 2.45891453e-08 3.68002268e-08 1
LGIC_C 198 0.484757204 -0.0580796801 0.0250140048 -4.34088226e-08 8.63456802e-09 1
LGIC_C 199 0.662149635 0.261833375 0.0250140144 -4.96100869e-08 6.3366408e-09 1
LGIC_C 200 0.721539412 -0.326565659 0.0250140178 -3.68002179e-08 2.45891393e-08 1
LGIC_C 201 0.236456303 0.11768725 0.0250139965 -4.20574004e-08 -2.81018564e-08 1
LGIC_C 202 -0.0341758338 -0.282700767 0.0250139964 2.48392553e-08 4.34088306e-08 1
LGIC_C 203 -0.141003462 -0.00255300531 0.0250139902 4.96100935e-08 -4.19869172e-08 1
LGIC_C 204 -0.393579783 0.558342905 0.0250140178 2.8101852e-08 -4.20574041e-08 1
LGIC_C 205 -0.0958887886 0.270184413 0.0250139976 9.86805557e-09 -4.96100883e-08 1
LGIC_C 206 0.662740464 -0.335740994 0.0250140159 -3.68002179e-08 2.45891393e-08 1
LGIC_C 207 -0.124631545 -0.465412837 0.025014004 -4.89847109e-08 5.78784581e-08 1
LGIC_C 208 -0.498021031 0.421360122 0.0250140128 -4.82586679e-08 1.31306769e-08 -1
LGIC_C 209 -0.00220922421 0.00757611004 0.0250139844 -2.76305067e-08 1.38908229e-07 -1
LGIC_C 210 0.084453751 0.288942479 0.0250139984 -9.86806672e-09 -4.96100854e-08 1
LGIC_C 212 -0.377724784 -0.538222291 0.0250140121 -5.56021111e-08 -1.45571543e-08 -1
LGIC_C 213 0.348680009 -0.392407354 0.0250140095 -2.81018481e-08 4.20574137e-08 1
LGIC_C 214 0.462702386 -0.0566009693 0.0250140038 -4.34088226e-08 8.63456802e-09 1
LGIC_C 215 -0.496207516 -0.0310907926 0.0250140051 4.34088238e-08 8.63459484e-09 1
LGIC_C 216 0.168717788 -0.199432102 0.0250139951 -1.31306721e-08 4.82586744e-08 1
LGIC_C 217 0.477804716 -0.358005668 0.0250140166 -3.37890406e-08 4.80634332e-08 1
LGIC_C 218 -0.256898804 0.472561608 0.0250140094 1.31306824e-08 -4.82586643e-08 1
LGIC_C 219 -0.256207845 -0.415843025 0.0250140061 3.95603082e-08 3.05989652e-08 1
LGIC_C 220 -0.746561824 -0.321163587 0.0250140186 3.68002489e-08 2.45891179e-08 1
LGIC_C 221 0.63847831 -0.421421178 0.0250140171 -3.68002179e-08 2.45891393e-08 1
LGIC_C 222 -0.507855444 -0.209813311 0.0250140024 5.7878436e-08 -4.89847332e-08 1
LGIC_C 223 0.213573855 0.400814463 0.0250140071 -4.80634192e-08 -3.37890445e-08 1
LGIC_C 224 -0.369948225 0.0400903298 0.0250140004 4.96100851e-08 2.90231542e-08 1
LGIC_C 225 0.231384609 -0.685314882 0.025014015 -8.63454093e-09 4.34088369e-08 1
LGIC_C 226 0.381491772 -0.141577 0.025014001 -4.34088226e-08 8.63456802e-09 1
LGIC_C 227 -0.17769441 0.494390269 0.0250140063 8.63455111e-09 -4.34088279e-08 1
LGIC_C 228 0.281413279 -0.294321478 0.0250140011 -1.31306721e-08 4.82586744e-08 1
LGIC_C 229 -0.509782599 -0.0657069322 0.025014006 4.34088238e-08 8.63459484e-09 1
LGIC_C 230 -0.701178869 -0.162653029 0.0250140093 -4.34088282e-08 2.70157287e-08 -1
LGIC_C 231 0.531032711 0.265056604 0.0250140139 3.37890593e-08 4.80634111e-08 -1
LGIC_C 232 -0.282590998 0.799737863 0.0250140204 8.63455111e-09 -4.34088279e-08 1
LGIC_C 233 0.284492898 0.247247021 0.0250140002 -4.82586616e-08 -1.31306776e-08 1
LGIC_C 234 0.0314621352 -0.444089852 0.0250140028 -8.63454093e-09 4.34088369e-08 1
LGIC_C 235 0.363372331 0.449367091 0.0250140124 -2.81018716e-08 -4.20573923e-08 1
LGIC_C 236 0.308033353 -0.0204871843 0.0250139971 -4.34088182e-08 2.48392526e-08 1
LGIC_C 239 0.491917967 -0.234233866 0.0250140105 -4.20573976e-08 2.81018683e-08 1
LGIC_C 240 0.137929325 -0.208385522 0.0250139969 -1.28239349e-08 5.73353226e-08 1
LGIC_C 241 -0.137021445 0.179730021 0.0250139947 2.8101852e-08 -4.20574041e-08 1
LGIC_C 242 0.594400022 -0.342569131 0.0250140198 -3.37890406e-08 4.80634332e-08 1
LGIC_C 243 -0.690266203 0.253529386 0.02501402 4.96100897e-08 -9.86805572e-09 1
LGIC_C 246 0.40372356 0.422971444 0.025014009 1.3130701e-08 4.82586573e-08 -1
LGIC_C 247 -0.497757784 0.639281411 0.025014019 2.45891128e-08 -3.68002333e-08 1
LGIC_C 248 0.0937600249 -0.0626389581 0.0250139882 -3.68002179e-08 2.45891393e-08 1
LGIC_C 249 0.512878708 -0.0787585233 0.0250140111 -4.96100802e-08 3.14742968e-08 1
LGIC_C 250 0.263239127 0.532113397 0.0250140139 -4.80634192e-08 -3.37890445e-08 1
LGIC_C 251 0.0311832826 0.583782801 0.025014012 -6.33660387e-09 4.96100877e-08 -1
LGIC_C 252 0.168189322 0.556112528 0.0250140161 -3.14742949e-08 -4.96100822e-08 1
LGIC_C 253 0.475263697 0.29923696 0.0250140101 -4.82586616e-08 -1.31306776e-08 1
LGIC_C 255 -0.724985932 -0.0642952634 0.025014013 -4.34088282e-08 2.70157287e-08 -1
LGIC_C 256 -0.311666319 0.550463333 0.0250140112 2.45891128e-08 -3.68002333e-08 1
LGIC_C 257 0.30925127 0.3098451 0.0250140023 1.3130701e-08 4.82586573e-08 -1
LGIC_C 258 -0.290742933 0.569565898 0.0250140114 2.45891128e-08 -3.68002333e-08 1
LGIC_C 260 -0.0113560909 -0.60044639 0.0250140131 9.8680833e-09 4.96100963e-08 1
LGIC_C 261 0.0816361688 0.643668343 0.0250140119 -8.63455884e-09 -4.34088253e-08 1
LGIC_C 262 -0.350885036 0.35108955 0.0250140048 1.31306824e-08 -4.82586643e-08 1
LGIC_C 263 -0.687816576 -0.166626037 0.0250140086 -4.34088282e-08 2.70157287e-08 -1
LGIC_C 264 0.429607963 -0.349927736 0.0250140076 -3.68002179e-08 2.45891393e-08 1
LGIC_C 265 0.207723186 0.00582893417 0.0250139936 -4.96100911e-08 -9.86803575e-09 1
LGIC_C 266 -0.173025763 -0.3546222 0.0250140009 3.95603082e-08 3.05989652e-08 1
LGIC_C 267 -0.321327471 -0.276751041 0.0250140033 1.45571809e-08 5.5602105e-08 1
LGIC_C 268 -0.0290278097 -0.520207654 0.0250140082 -2.90231482e-08 4.96101036e-08 1
LGIC_C 269 -0.0949025487 0.60875378 0.0250140129 -6.33661298e-09 -4.96100859e-08 1
LGIC_C 271 -0.47274558 -0.423848401 0.0250140111 3.68002489e-08 2.45891179e-08 1
LGIC_C 272 -0.365093228 0.250363096 0.0250140042 -4.82586679e-08 1.31306769e-08 -1
LGIC_C 273 0.754505716 -0.147489698 0.0250140196 -4.34088182e-08 2.48392526e-08 1
LGIC_C 274 -0.351310066 0.389835518 0.0250140063 2.45891128e-08 -3.68002333e-08 1
LGIC_C 275 0.00854468998 -0.523243577 0.0250140091 6.33663526e-09 4.9610097e-08 1
LGIC_C 276 -0.119944398 -0.47802389 0.0250140035 -2.90231482e-08 4.96101036e-08 1
LGIC_C 278 0.332540367 0.284402892 0.0250140025 -3.68002282e-08 -2.45891172e-08 1
LGIC_C 279 0.109257006 -0.0201422924 0.0250139881 -4.34088226e-08 8.63456802e-09 1
LGIC_C 280 -0.245508091 -0.173358123 0.0250139965 1.45571809e-08 5.5602105e-08 1
LGIC_C 281 0.40720434 0.50304298 0.0250140198 -4.80634192e-08 -3.37890445e-08 1
LGIC_C 282 -0.239336908 -0.444053311 0.0250140063 3.95603082e-08 3.05989652e-08 1
LGIC_C 283 -0.24794278 -0.473636334 0.025014005 7.55636799e-08 6.2887973e-09 1
LGIC_C 284 0.244567689 -0.772697426 0.0250140189 -8.63454093e-09 4.34088369e-08 1
LGIC_C 286 -0.559086171 0.0362400509 0.0250140099 4.96100851e-08 2.90231542e-08 1
LGIC_C 287 -0.0682420356 -0.126793949 0.0250139896 2.45891453e-08 3.68002268e-08 1
LGIC_C 288 0.0299659278 -0.392092909 0.0250140025 6.33663526e-09 4.9610097e-08 1
LGIC_C 289 0.0470734462 -0.0290083865 0.0250139857 -3.68002179e-08 2.45891393e-08 1
LGIC_C 290 -0.381312367 -0.542892258 0.0250140168 2.81018674e-08 4.20574117e-08 1
LGIC_C 291 -0.473960724 0.425145408 0.0250140112 3.68002297e-08 -2.45891157e-08 1
LGIC_C 292 0.419350181 0.430636725 0.0250140131 -2.81018716e-08 -4.20573923e-08 1
LGIC_C 293 -0.688402145 -0.0920608391 0.0250140148 -4.96100919e-08 2.90231703e-08 -1
LGIC_C 295 -0.17988397 0.122597626 0.0250139937 6.28881943e-09 -7.55636452e-08 1
LGIC_C 296 0.504552017 0.217608611 0.0250140106 -4.20574004e-08 -2.81018564e-08 1
LGIC_C 297 0.0400020664 0.341958599 0.0250139984 -8.63455884e-09 -4.34088253e-08 1
LGIC_C 298 0.184712002 -0.542103673 0.0250140119 -9.86804037e-09 4.96101e-08 1
LGIC_C 299 -0.0493976471 -0.343695473 0.0250140008 9.8680833e-09 4.96100963e-08 1
LGIC_C 300 0.368982587 -0.0316339834 0.025014 -4.34088182e-08 2.48392526e-08 1
LGIC_C 301 0.128895723 0.412119009 0.0250140023 -8.63455884e-09 -4.34088253e-08 1
LGIC_C 302 0.425690402 0.376456614 0.0250140117 -4.20574004e-08 -2.81018564e-08 1
LGIC_C 303 -0.00844210207 0.381993598 0.0250140023 9.86805557e-09 -4.96100883e-08 1
LGIC_C 304 -0.13415943 0.325404098 0.0250139986 -6.33661298e-09 -4.96100859e-08 1
LGIC_C 305 -0.430783962 0.230483518 0.0250140048 3.68002297e-08 -2.45891157e-08 1
LGIC_C 306 0.212595812 0.0967442497 0.0250139951 3.37890593e-08 4.80634111e-08 -1
LGIC_C 307 -0.412442668 0.256818086 0.0250140065 -4.82586679e-08 1.31306769e-08 -1
LGIC_C 308 0.646909327 -0.298734441 0.0250140144 -3.68002179e-08 2.45891393e-08 1
LGIC_C 309 0.143143171 0.142057878 0.025013992 -3.68002282e-08 -2.45891172e-08 1
LGIC_C 310 0.11860229 0.809581828 0.0250140194 -8.63455884e-09 -4.34088253e-08 1
LGIC_C 311 0.59953452 0.612016854 0.0215690228 0.552996265 0.827617084 0.0961514014
LGIC_C 312 0.315644332 0.223515428 0.0250140028 -4.20574004e-08 -2.81018564e-08 1
LGIC_C 313 0.663360214 0.349432677 0.0250140162 -3.68002282e-08 -2.45891172e-08 1
LGIC_C 314 -0.212565039 0.562559538 0.0250140095 8.63455111e-09 -4.34088279e-08 1
LGIC_C 315 -0.0702271603 0.0103326801 0.0250139869 4.96100897e-08 -9.86805572e-09 1
LGIC_C 318 -0.237353049 -0.3542385 0.0250140016 -5.56021111e-08 -1.45571543e-08 -1
LGIC_C 319 -0.491898865 -0.0830106701 0.0250140024 -4.34088282e-08 2.70157287e-08 -1
LGIC_C 320 0.385856518 0.614372244 0.0250140199 -2.81018716e-08 -4.20573923e-08 1
LGIC_C 322 0.555956955 0.245953824 0.0250140133 -4.82586616e-08 -1.31306776e-08 1
LGIC_C 323 -0.321056051 -0.626792224 0.0250140186 2.81018674e-08 4.20574117e-08 1
LGIC_C 324 0.044425444 0.684510268 0.0250140169 -6.33660387e-09 4.96100877e-08 -1
LGIC_C 325 0.47762092 0.605657872 0.0250140173 -2.45891309e-08 -3.68002211e-08 1
LGIC_C 326 0.203303162 0.685826511 0.025014016 -6.33660387e-09 4.96100877e-08 -1
LGIC_C 327 -0.305044269 -0.0515611537 0.0250139969 -4.96100919e-08 2.90231703e-08 -1
LGIC_C 328 -0.454695749 0.0523639385 0.0250140043 4.34088279e-08 -2.48392273e-08 1
LGIC_C 329 0.605098577 -0.174315368 0.025014015 -4.96100859e-08 9.86807898e-09 1
LGIC_C 330 0.369418206 -0.017599966 0.0250140021 -4.96100802e-08 3.14742968e-08 1
LGIC_C 331 0.198070003 -0.104823799 0.0250139934 -3.05989503e-08 3.95603122e-08 1
LGIC_C 332 -0.00401757775 -0.404089579 0.0250140033 9.8680833e-09 4.96100963e-08 1
LGIC_C 333 0.503167469 0.170984718 0.0250140066 -4.34088272e-08 -8.63453573e-09 1
LGIC_C 334 0.233545263 0.752045195 0.0250140179 -8.63455884e-09 -4.34088253e-08 1
LGIC_C 335 0.221349111 0.536806598 0.0250140085 -6.33660387e-09 4.96100877e-08 -1
LGIC_C 336 -0.713024574 0.0166127501 0.0250140146 4.34088279e-08 -2.48392273e-08 1
LGIC_C 337 -0.0148308317 -0.00214061171 0.0250139839 -4.96100919e-08 2.90231703e-08 -1
LGIC_C 338 -0.256306048 0.347528708 0.0250140024 2.45891128e-08 -3.68002333e-08 1
LGIC_C 339 0.115583934 -0.1558732 0.0250139923 -1.31306721e-08 4.82586744e-08 1
LGIC_C 340 -0.297266425 0.552544264 0.0250140149 2.8101852e-08 -4.20574041e-08 1
LGIC_C 341 0.0158407198 -0.682202785 0.025014013 -8.63454093e-09 4.34088369e-08 1
LGIC_C 342 -0.807969105 -0.0629786393 0.0250140166 -4.34088282e-08 2.70157287e-08 -1
LGIC_C 343 0.238352484 0.479424616 0.0250140095 1.3130701e-08 4.82586573e-08 -1
LGIC_C 344 -0.119226539 0.023554457 0.025013989 5.7878425e-08 4.89846948e-08 1
LGIC_C 346 0.353903945 0.336972804 0.0250140046 -3.68002282e-08 -2.45891172e-08 1
LGIC_C 347 0.483498555 -0.124320805 0.0250140084 -4.96100859e-08 9.86807898e-09 1
LGIC_C 349 -0.208458575 -0.528151878 0.0250140034 -2.90231482e-08 4.96101036e-08 1
LGIC_C 350 -0.278552786 0.398101144 0.0250140048 2.45891128e-08 -3.68002333e-08 1
LGIC_C 352 -0.160932453 -0.237225416 0.0250139969 3.95603082e-08 3.05989652e-08 1
LGIC_C 353 -0.322784187 0.155062768 0.0250140012 4.20574045e-08 -2.81018523e-08 1
LGIC_C 354 0.200731998 0.201952351 0.0250139974 -2.81018716e-08 -4.20573923e-08 1
LGIC_C 355 0.0843647092 -0.493606237 0.025014011 1.00935263e-08 5.7878447e-08 1
LGIC_C 356 0.1113802 0.706193369 0.0250140149 -8.63455884e-09 -4.34088253e-08 1
LGIC_C 357 0.73291665 0.188053497 0.0250140184 -4.96100869e-08 6.3366408e-09 1
LGIC_C 358 0.0914865362 -0.0810400605 0.0250139904 -4.90669481e-08 3.27855328e-08 1
LGIC_C 359 -0.258974534 0.229295797 0.0250140022 6.28881943e-09 -7.55636452e-08 1
LGIC_C 360 -0.46165195 0.457310629 0.0250140116 -4.82586679e-08 1.31306769e-08 -1
LGIC_C 361 0.606849444 -0.146921499 0.0250140148 -4.96100859e-08 9.86807898e-09 1
LGIC_C 362 -0.449853311 -0.0927295312 0.0250140029 -4.96100919e-08 2.90231703e-08 -1
LGIC_C 363 -0.311820648 0.439044975 0.0250140086 1.31306824e-08 -4.82586643e-08 1
LGIC_C 365 0.588992071 -0.370672614 0.0250140184 -4.20573976e-08 2.81018683e-08 1
LGIC_C 366 -0.334238793 -0.73116181 0.0250140188 3.95603082e-08 3.05989652e-08 1
LGIC_C 367 0.375824836 -0.0843798674 0.0250140016 -4.34088182e-08 2.48392526e-08 1
LGIC_C 368 -0.140901242 -0.365952211 0.0250140026 2.48392553e-08 4.34088306e-08 1
LGIC_C 369 -0.138273448 -0.656261459 0.0250140118 -2.90231482e-08 4.96101036e-08 1
LGIC_C 370 -0.332513268 -0.622578498 0.0250140143 2.45891453e-08 3.68002268e-08 1
LGIC_C 371 0.248391609 0.0593152369 0.0250139945 -4.34088272e-08 -8.63453573e-09 1
LGIC_C 372 -0.0228701157 0.415304585 0.0250140015 8.63455111e-09 -4.34088279e-08 1
LGIC_C 373 -0.673967941 0.439450781 0.0250140189 3.68002297e-08 -2.45891157e-08 1
LGIC_C 374 0.0156777545 -0.183416285 0.0250139922 6.33663526e-09 4.9610097e-08 1
LGIC_C 375 0.135419758 -0.637898251 0.0250140188 1.00935263e-08 5.7878447e-08 1
LGIC_C 376 0.414283098 0.389521159 0.0250140116 -4.20574004e-08 -2.81018564e-08 1
LGIC_C 377 0.321298703 0.149470781 0.0250139987 -3.68002282e-08 -2.45891172e-08 1
LGIC_C 378 -0.614887499 0.0732854691 0.0250140116 4.96100851e-08 2.90231542e-08 1
LGIC_C 379 -0.0363672289 -0.450859669 0.025014006 9.8680833e-09 4.96100963e-08 1
LGIC_C 380 0.141813395 0.576714402 0.0250140133 -9.86806672e-09 -4.96100854e-08 1
LGIC_C 381 0.0229623078 0.657763109 0.0250140158 -6.33660387e-09 4.96100877e-08 -1
LGIC_C 382 0.576119974 -0.270607249 0.0250140157 -3.37890406e-08 4.80634332e-08 1
LGIC_C 384 -0.448796813 -0.401384638 0.0250140164 6.28883752e-09 7.55636663e-08 1
LGIC_C 386 0.488430467 -0.477303777 0.0250140129 -3.68002179e-08 2.45891393e-08 1
LGIC_C 387 0.546178325 -0.239166622 0.0250140132 -3.37890406e-08 4.80634332e-08 1
LGIC_C 388 -0.00816883474 0.413277924 0.025014004 -3.14742797e-08 4.96100914e-08 -1
LGIC_C 390 0.53831106 -0.0486135633 0.0250140078 -4.34088182e-08 2.48392526e-08 1
LGIC_C 392 -0.236067207 -0.587513032 0.0250140055 -2.90231482e-08 4.96101036e-08 1
LGIC_C 393 -0.0448315211 -0.275120083 0.0250139956 8.63456455e-09 4.34088336e-08 1
LGIC_C 395 0.355308657 0.388600376 0.0250140067 1.3130701e-08 4.82586573e-08 -1
LGIC_C 396 0.258178562 0.400838193 0.025014006 1.3130701e-08 4.82586573e-08 -1
LGIC_C 397 -0.671469999 0.268465465 0.0250140147 4.34088259e-08 -8.63455061e-09 1
LGIC_C 398 -0.554353859 0.256409727 0.0250140143 3.37890593e-08 -4.80634052e-08 1
LGIC_C 399 0.598136307 -0.171354132 0.0250140183 -4.96100802e-08 3.14742968e-08 1
NT 7181 1.24282804 -4.39165154 -3.14243151 0 0 0
NT 7817 -1.15113253 3.63355044 -2.60730125 0 0 0
LGIC_O 4402 -0.0345878633 0.265675272 0.025013999 1.15127271e-08 -5.78784352e-08 1
LGIC_O 4401 -0.1840676 0.0972239463 0.0250139942 3.37890593e-08 -4.80634052e-08 1
LGIC_O 4400 -0.175025146 0.0137516014 0.0250139927 5.7878425e-08 4.89846948e-08 1
LGIC_O 8441 0.636913646 -0.12672076 0.0250140188 -4.96100802e-08 3.14742968e-08 1
LGIC_O 8440 0.314831804 -0.521242477 0.0250140191 -3.27854948e-08 4.90669785e-08 1
LGIC_O 8439 0.567487089 -0.204519113 0.0250140184 -5.78784275e-08 1.15127558e-08 1
LGIC_O 8438 -0.495463838 -0.478991786 0.0250140171 1.45571809e-08 5.5602105e-08 1
LGIC_O 8437 -0.0865332912 0.0753896135 0.0250139898 3.37890593e-08 -4.80634052e-08 1
LGIC_O 8436 0.281965125 0.349247805 0.0250140096 -3.27855134e-08 -4.90669575e-08 1
LGIC_O 8435 -0.281577291 0.489075666 0.0250140165 3.27854968e-08 -4.90669676e-08 1
LGIC_O 8434 -0.605092982 -0.110313414 0.0250140129 5.7878436e-08 -4.89847332e-08 1
LGIC_O 8433 0.701586212 -0.0117142491 0.0250140184 -4.96100802e-08 3.14742968e-08 1
LGIC_O 8432 0.426050556 0.664856809 0.0250140182 -2.45891309e-08 -3.68002211e-08 1
LGIC_O 8431 -0.53569519 -0.176489801 0.025014008 4.34088238e-08 8.63459484e-09 1
LGIC_O 8430 -0.206044735 -0.180448528 0.0250139982 6.28883752e-09 7.55636663e-08 1
LGIC_O 8429 0.342033035 -0.34268384 0.0250140113 -3.27854948e-08 4.90669785e-08 1
LGIC_O 8428 0.576112066 -0.314703408 0.0250140178 -3.37890406e-08 4.80634332e-08 1
LGIC_O 8427 0.236726308 -0.318077646 0.0250140066 -3.27854948e-08 4.90669785e-08 1
LGIC_O 8426 -0.0976488914 -0.110862836 0.0250139913 7.55636799e-08 6.2887973e-09 1
LGIC_O 8425 0.534646383 -0.195059479 0.0250140164 -5.78784275e-08 1.15127558e-08 1
LGIC_O 8424 0.219544679 -0.315091025 0.0250140059 -3.27854948e-08 4.90669785e-08 1
LGIC_O 8423 -0.608846757 -0.593779315 0.0250140203 3.68002489e-08 2.45891179e-08 1
LGIC_O 8422 0.564815598 -0.372450199 0.0250140202 -3.37890406e-08 4.80634332e-08 1
LGIC_O 8421 0.550750457 0.0902902064 0.0250140162 -5.78784335e-08 -1.15127284e-08 1
LGIC_O 8420 0.175418091 0.0610257495 0.0250139941 -5.78784335e-08 -1.15127284e-08 1
LGIC_O 8419 0.142777714 0.100831833 0.0250139936 -4.90669739e-08 -3.27854893e-08 1
LGIC_O 4418 0.0575220985 -0.190210297 0.0250139949 -1.15127059e-08 5.78784511e-08 1
LGIC_O 4417 -0.118754336 -0.170834128 0.0250139938 2.81018674e-08 4.20574117e-08 1
LGIC_O 4416 0.593239316 0.0786534269 0.0250140185 -5.78784335e-08 -1.15127284e-08 1
LGIC_O 4415 0.0853954366 -0.420999761 0.0250140086 -1.15127059e-08 5.78784511e-08 1
LGIC_O 4414 -0.374457097 -0.228026162 0.0250140026 3.68002489e-08 2.45891179e-08 1
LGIC_O 4413 0.577482781 -0.285169834 0.0250140164 -3.37890406e-08 4.80634332e-08 1
LGIC_O 4412 -0.484325859 0.306166979 0.0250140144 3.37890593e-08 -4.80634052e-08 1
LGIC_O 4411 0.44777829 -0.0963194904 0.0250140103 -5.78784275e-08 1.15127558e-08 1
LGIC_O 4410 0.28281874 -0.503567977 0.0250140172 -3.27854948e-08 4.90669785e-08 1
LGIC_O 4409 -0.116204576 -0.152585731 0.025013993 7.55636799e-08 6.2887973e-09 1
LGIC_O 4408 -0.333519821 0.289166147 0.0250140084 3.37890593e-08 -4.80634052e-08 1
LGIC_O 4407 -0.148720782 -0.636306108 0.0250140163 9.8680833e-09 4.96100963e-08 1
LGIC_O 4406 0.336173082 -0.328141715 0.0250140105 -4.90669481e-08 3.27855328e-08 1
LGIC_O 4405 -0.249510429 -0.168914007 0.0250139976 6.28883752e-09 7.55636663e-08 1
LGIC_O 4404 0.0811982327 0.141649416 0.0250139929 -3.27855134e-08 -4.90669575e-08 1
LGIC_O 4403 0.0533120499 -0.19689515 0.0250139952 -1.15127059e-08 5.78784511e-08 1
