LGIC_C 0 0.486195743 0.208401626 0.0250140097 3.37890593e-08 4.80634111e-08 -1
LGIC_C 1 -0.304429632 0.0418236729 0.0250139968 4.34088259e-08 -8.63455061e-09 1
LGIC_C 2 -0.573901548 0.170505241 0.0250140134 4.96100897e-08 -9.86805572e-09 1
LGIC_C 3 0.240616645 -0.675445489 0.0250140191 -9.86804037e-09 4.96101e-08 1
LGIC_C 4 -0.457795823 -0.227828478 0.0250140033 6.28883752e-09 7.55636663e-08 1
LGIC_C 5 0.0794027133 -0.539933904 0.0250140137 1.00935263e-08 5.7878447e-08 1
LGIC_C 6 -0.314775503 0.524163746 0.0250140174 1.28239438e-08 -5.73353116e-08 1
LGIC_C 7 -0.731559972 0.422848446 0.00489008367 -0.827617296 0.552995934 0.0961514895
LGIC_C 8 -0.122014858 0.326144664 0.0250139985 8.63455111e-09 -4.34088279e-08 1
LGIC_C 9 -0.473994413 -0.258764433 0.0250140058 6.28883752e-09 7.55636663e-08 1
LGIC_C 10 -0.377222525 -0.612288188 0.0250140169 3.95603082e-08 3.05989652e-08 1
LGIC_C 11 0.216712694 0.549277312 0.0250140091 -6.33660387e-09 4.96100877e-08 -1
LGIC_C 12 0.418424325 0.217877941 0.0250140109 -4.90669739e-08 -3.27854893e-08 1
LGIC_C 13 0.731334705 -0.0661621373 0.0250140202 -4.96100859e-08 9.86807898e-09 1
LGIC_C 14 0.673555546 0.27472234 0.0250140149 -4.96100869e-08 6.3366408e-09 1
LGIC_C 15 -0.485426144 -0.384980876 0.0250140108 5.39043203e-09 6.47688584e-08 1
LGIC_C 16 0.627178512 -0.166607531 0.025014016 -4.96100859e-08 9.86807898e-09 1
LGIC_C 17 -0.530806595 0.381664257 0.0250140139 -4.82586679e-08 1.31306769e-08 -1
LGIC_C 18 0.290439325 -0.464950107 0.0250140109 -2.81018481e-08 4.20574137e-08 1
LGIC_C 21 -0.0181687016 -0.195356644 0.0250139924 -2.90231482e-08 4.96101036e-08 1
LGIC_C 22 0.163398896 0.605168028 0.0250140149 -9.86806672e-09 -4.96100854e-08 1
LGIC_C 23 -0.495179795 0.452794728 0.0250140126 3.68002297e-08 -2.45891157e-08 1
LGIC_C 24 0.153482552 0.409025295 0.0250140051 -9.86806672e-09 -4.96100854e-08 1
LGIC_C 25 0.337133013 -0.0320044745 0.0250139981 -4.34088226e-08 8.63456802e-09 1
LGIC_C 27 -0.268087182 0.519754678 0.0250140176 3.27854968e-08 -4.90669676e-08 1
LGIC_C 28 0.673193358 0.0693188052 0.0250140131 -4.34088272e-08 -8.63453573e-09 1
LGIC_C 30 0.637136263 0.166870639 0.0250140138 -4.96100869e-08 6.3366408e-09 1
LGIC_C 31 -0.379652722 -0.42422649 0.0250140113 3.95603082e-08 3.05989652e-08 1
LGIC_C 32 0.070899889 0.110670325 0.0250139899 -2.81018716e-08 -4.20573923e-08 1
LGIC_C 33 -0.0386441845 0.659995432 0.0250140122 8.63455111e-09 -4.34088279e-08 1
LGIC_C 35 -0.179891021 -0.490049531 0.0250140023 -2.90231482e-08 4.96101036e-08 1
LGIC_C 36 0.465961461 -0.609833451 0.0250140171 -2.45891087e-08 3.68002429e-08 1
LGIC_C 37 0.0904128879 0.83337048 0.0250140202 -8.63455884e-09 -4.34088253e-08 1
LGIC_C 38 0.785605373 -0.33200687 0.0250140204 -3.05989503e-08 3.95603122e-08 1
LGIC_C 39 0.672000517 0.290284291 0.0250140151 -3.68002282e-08 -2.45891172e-08 1
LGIC_C 40 -0.708893199 0.00465521595 0.0250140142 4.34088279e-08 -2.48392273e-08 1
LGIC_C 41 -0.530568142 0.612484944 0.0250140189 2.45891128e-08 -3.68002333e-08 1
LGIC_C 42 -0.279682019 -0.663221532 0.0250140145 2.45891453e-08 3.68002268e-08 1
LGIC_C 43 -0.614269331 -0.474652427 0.025014014 1.15916899e-08 4.97976879e-08 1
LGIC_C 44 0.346719491 0.521185259 0.025014013 1.3130701e-08 4.82586573e-08 -1
LGIC_C 45 -0.0275308311 -0.226560552 0.0250139938 2.48392553e-08 4.34088306e-08 1
LGIC_C 46 -0.194545463 -0.17064378 0.0250139953 5.39043203e-09 6.47688584e-08 1
LGIC_C 47 0.531583913 -0.174097924 0.025014016 -5.78784275e-08 1.15127558e-08 1
LGIC_C 48 -0.0943251408 -0.406977362 0.0250140017 8.63456455e-09 4.34088336e-08 1
LGIC_C 51 -0.623186307 -0.0494399352 0.0250140107 4.34088238e-08 8.63459484e-09 1
LGIC_C 52 0.6616142 -0.170191365 0.0250140162 -4.34088182e-08 2.48392526e-08 1
LGIC_C 53 0.304352113 -0.0940504823 0.0250139988 -4.34088182e-08 2.48392526e-08 1
LGIC_C 54 -0.0768964455 -0.235459119 0.0250139931 -4.89847109e-08 5.78784581e-08 1
LGIC_C 55 0.450452834 0.488627537 0.0250140128 1.3130701e-08 4.82586573e-08 -1
LGIC_C 56 -0.13713968 -0.235211775 0.0250139943 -5.56021111e-08 -1.45571543e-08 -1
LGIC_C 57 -0.0947241904 0.388198106 0.0250140055 -3.14742797e-08 4.96100914e-08 -1
LGIC_C 58 0.477349896 -0.0720864866 0.0250140057 -4.34088182e-08 2.48392526e-08 1
LGIC_C 59 -0.369836721 -0.195861737 0.0250139995 1.45571809e-08 5.5602105e-08 1
LGIC_C 60 0.145938557 0.51803704 0.0250140135 -3.14742949e-08 -4.96100822e-08 1
LGIC_C 61 -0.378430457 0.335288703 0.0250140086 4.20574045e-08 -2.81018523e-08 1
LGIC_C 62 -0.0290470797 0.417743497 0.0250140049 -3.14742797e-08 4.96100914e-08 -1
LGIC_C 63 0.22080641 -0.0142280863 0.0250139943 -4.96100859e-08 9.86807898e-09 1
LGIC_C 64 -0.25418521 0.0054916328 0.0250139977 5.7878425e-08 4.89846948e-08 1
LGIC_C 65 0.0063552124 0.356072728 0.0250140009 -6.33660387e-09 4.96100877e-08 -1
LGIC_C 66 -0.255972148 -0.328302243 0.0250140016 2.45891453e-08 3.68002268e-08 1
LGIC_C 67 -0.417569772 0.405681112 0.0250140166 6.28881943e-09 -7.55636452e-08 1
LGIC_C 68 -0.668422675 -0.113604922 0.0250140092 -4.34088282e-08 2.70157287e-08 -1
LGIC_C 69 -0.706282791 -0.358623539 0.0250140181 3.68002489e-08 2.45891179e-08 1
LGIC_C 70 -0.0384289868 0.377828624 0.025014 8.63455111e-09 -4.34088279e-08 1
LGIC_C 72 0.159207852 0.39754178 0.0250140019 -8.63455884e-09 -4.34088253e-08 1
LGIC_C 73 -0.0234937328 0.012973352 0.0250139846 4.20574045e-08 -2.81018523e-08 1
LGIC_C 74 0.525822336 0.485047011 0.025014015 -4.82586616e-08 -1.31306776e-08 1
LGIC_C 75 0.550694039 -0.609759316 0.0250140192 -2.45891087e-08 3.68002429e-08 1
LGIC_C 76 -0.701304585 0.0229751545 0.0250140174 4.96100851e-08 2.90231542e-08 1
LGIC_C 77 0.358851899 -0.221819213 0.025014003 -3.05989503e-08 3.95603122e-08 1
LGIC_C 79 -0.580841083 -0.270315563 0.0250140034 1.15916899e-08 4.97976879e-08 1
LGIC_C 80 0.732502692 0.0134034896 0.0250140152 -4.34088272e-08 -8.63453573e-09 1
LGIC_C 81 0.0658759116 0.692377154 0.0250140172 -6.33660387e-09 4.96100877e-08 -1
LGIC_C 82 0.483065124 -0.30630803 0.0250140101 -3.05989503e-08 3.95603122e-08 1
LGIC_C 83 -0.359131807 0.229987661 0.0250140036 -4.82586679e-08 1.31306769e-08 -1
LGIC_C 84 0.246526284 0.534513837 0.0250140127 -2.81018716e-08 -4.20573923e-08 1
LGIC_C 85 -0.069915181 0.0829365663 0.0250139889 1.28239438e-08 -5.73353116e-08 1
LGIC_C 87 -0.308966428 -0.240834043 0.0250140011 1.45571809e-08 5.5602105e-08 1
LGIC_C 88 -0.575981091 -0.502245915 0.0250140149 1.15916899e-08 4.97976879e-08 1
LGIC_C 89 0.259083419 -0.490070921 0.0250140103 -1.31306721e-08 4.82586744e-08 1
LGIC_C 90 -0.366563276 -0.316540147 0.0250140062 1.45571809e-08 5.5602105e-08 1
LGIC_C 91 0.194451612 0.808388064 0.02501402 -8.63455884e-09 -4.34088253e-08 1
LGIC_C 92 0.256807475 -0.742287442 0.0250140184 6.33663526e-09 4.9610097e-08 1
LGIC_C 93 -0.0605303869 0.589654005 0.0250140121 -6.33661298e-09 -4.96100859e-08 1
LGIC_C 94 0.158463685 -0.0364659881 0.0250139922 -4.96100802e-08 3.14742968e-08 1
LGIC_C 95 -0.334435105 -0.484195447 0.0250140089 -5.56021111e-08 -1.45571543e-08 -1
LGIC_C 96 0.32415604 -0.0500787567 0.0250139998 -4.96100859e-08 9.86807898e-09 1
LGIC_C 97 -0.401945127 0.0216464173 0.0250140026 4.96100851e-08 2.90231542e-08 1
LGIC_C 98 -0.331020933 -0.5834012 0.0250140142 3.95603082e-08 3.05989652e-08 1
LGIC_C 99 0.200028436 -0.0758977277 0.0250139955 -4.96100802e-08 3.14742968e-08 1
LGIC_C 100 -0.361138035 -0.426654369 0.0250140078 2.45891453e-08 3.68002268e-08 1
LGIC_C 101 -0.389067497 0.00288213279 0.0250140026 4.96100897e-08 -9.86805572e-09 1
LGIC_C 102 -0.449956673 0.472547857 0.0250140161 1.28239438e-08 -5.73353116e-08 1
LGIC_C 103 -0.430729235 -0.0159691327 0.0250140015 -4.34088282e-08 2.70157287e-08 -1
LGIC_C 104 0.632550697 -0.21247042 0.0250140167 -4.96100859e-08 9.86807898e-09 1
LGIC_C 105 -0.319697585 0.132966107 0.0250139983 3.68002297e-08 -2.45891157e-08 1
LGIC_C 106 -0.315052419 0.762986827 0.0250140191 8.63455111e-09 -4.34088279e-08 1
LGIC_C 107 -0.678704017 -0.268484816 0.025014015 4.34088238e-08 8.63459484e-09 1
LGIC_C 108 -0.0515336994 -0.512711795 0.0250140068 2.48392553e-08 4.34088306e-08 1
LGIC_C 110 -0.215789352 -0.737219279 0.0250140171 8.63456455e-09 4.34088336e-08 1
LGIC_C 111 -0.530786034 -0.131196625 0.0250140058 -4.96100919e-08 2.90231703e-08 -1
LGIC_C 112 0.706552448 -0.0325604659 0.0250140193 -4.96100802e-08 3.14742968e-08 1
LGIC_C 113 -0.0303339065 -0.718090363 0.0250140152 2.48392553e-08 4.34088306e-08 1
LGIC_C 114 -0.365764515 0.389599696 0.0250140103 1.28239438e-08 -5.73353116e-08 1
LGIC_C 115 0.472269074 -0.406287687 0.0250140138 -3.05989503e-08 3.95603122e-08 1
LGIC_C 116 0.115794532 -0.443938478 0.0250140078 1.00935263e-08 5.7878447e-08 1
LGIC_C 117 -0.177827525 -0.0601290844 0.0250139896 4.96100935e-08 -4.19869172e-08 1
LGIC_C 118 -0.303284869 -0.307390737 0.0250140047 3.95603082e-08 3.05989652e-08 1
LGIC_C 119 0.0977587564 0.438109266 0.025014006 -9.86806672e-09 -4.96100854e-08 1
LGIC_C 120 0.0116413837 0.500054371 0.025014008 -6.33660387e-09 4.96100877e-08 -1
LGIC_C 121 -0.473217358 -0.427675533 0.02501401 1.15916899e-08 4.97976879e-08 1
LGIC_C 122 0.635996278 -0.376965539 0.0250140159 -3.68002179e-08 2.45891393e-08 1
LGIC_C 124 0.557385022 -0.482618762 0.0250140156 -3.68002179e-08 2.45891393e-08 1
LGIC_C 125 0.131084163 -0.17865011 0.0250139936 -1.31306721e-08 4.82586744e-08 1
LGIC_C 126 0.616342534 -0.402697936 0.025014018 -3.05989503e-08 3.95603122e-08 1
LGIC_C 127 0.209151455 -0.305330922 0.0250140007 -1.31306721e-08 4.82586744e-08 1
LGIC_C 128 0.238876916 -0.275765674 0.0250139993 -2.45891087e-08 3.68002429e-08 1
LGIC_C 129 0.440190786 -0.0926455147 0.0250140031 -4.34088226e-08 8.63456802e-09 1
LGIC_C 130 -0.587668489 0.17919524 0.0250140103 4.34088259e-08 -8.63455061e-09 1
LGIC_C 131 0.382531468 0.230199718 0.0250140047 -4.82586616e-08 -1.31306776e-08 1
LGIC_C 132 -0.1910597 0.0642755357 0.0250139912 5.7878425e-08 4.89846948e-08 1
LGIC_C 133 -0.590391089 -0.0302079757 0.0250140092 4.34088238e-08 8.63459484e-09 1
LGIC_C 134 0.262382482 -0.627312435 0.0250140128 -2.45891087e-08 3.68002429e-08 1
LGIC_C 135 -0.227990889 -0.269935919 0.025014001 2.81018674e-08 4.20574117e-08 1
LGIC_C 136 0.360060708 -0.290866444 0.0250140036 -3.68002179e-08 2.45891393e-08 1
LGIC_C 137 0.381313475 -0.390015619 0.0250140071 -1.31306721e-08 4.82586744e-08 1
LGIC_C 138 -0.700461196 -0.201247392 0.0250140096 4.96100935e-08 -4.19869172e-08 1
LGIC_C 139 0.128236336 -0.000822665295 0.0250139896 -4.96100802e-08 3.14742968e-08 1
LGIC_C 140 0.492781958 0.538800462 0.0250140152 -2.45891309e-08 -3.68002211e-08 1
LGIC_C 141 0.431429487 0.13402408 0.0250140031 -4.34088272e-08 -8.63453573e-09 1
LGIC_C 142 -0.461811275 -0.538590871 0.025014018 3.95603082e-08 3.05989652e-08 1
LGIC_C 144 -0.457537819 -0.480432008 0.0250140157 -5.56021111e-08 -1.45571543e-08 -1
LGIC_C 145 0.219773198 0.010329225 0.0250139941 -4.96100869e-08 6.3366408e-09 1
LGIC_C 146 0.0377466298 0.571097063 0.0250140114 -6.33660387e-09 4.96100877e-08 -1
LGIC_C 147 -0.359094875 -0.346355198 0.0250140046 1.15916899e-08 4.97976879e-08 1
LGIC_C 149 0.557035734 0.483963326 0.0250140156 -3.68002282e-08 -2.45891172e-08 1
LGIC_C 150 0.409413143 0.137972203 0.0250140027 -4.96100869e-08 6.3366408e-09 1
LGIC_C 151 -0.065620601 -0.683018876 0.0250140135 8.63456455e-09 4.34088336e-08 1
LGIC_C 152 0.283073429 0.553463672 0.0250140137 1.3130701e-08 4.82586573e-08 -1
LGIC_C 153 0.16001481 -0.210122395 0.0250139973 -1.28239349e-08 5.73353226e-08 1
LGIC_C 154 0.147736057 0.475273067 0.0250140083 -9.86806672e-09 -4.96100854e-08 1
LGIC_C 155 -0.524186484 0.114915173 0.025014007 4.34088259e-08 -8.63455061e-09 1
LGIC_C 156 -0.208685341 0.033223129 0.0250139926 4.34088259e-08 -8.63455061e-09 1
LGIC_C 157 -0.467738777 0.257028166 0.0250140056 6.28881943e-09 -7.55636452e-08 1
LGIC_C 158 0.329603709 0.177809374 0.0250140029 3.37890593e-08 4.80634111e-08 -1
LGIC_C 159 0.781100574 0.114694261 0.0250140181 -4.34088272e-08 -8.63453573e-09 1
LGIC_C 160 -0.287930474 -0.0959584724 0.0250139932 -4.34088282e-08 2.70157287e-08 -1
LGIC_C 161 -0.426382121 0.0907930427 0.0250140053 4.96100897e-08 -9.86805572e-09 1
LGIC_C 162 0.473308994 0.00259939135 0.0250140067 -4.96100911e-08 -9.86803575e-09 1
LGIC_C 163 0.407400023 -0.26333391 0.0250140078 -4.20573976e-08 2.81018683e-08 1
LGIC_C 164 0.291444468 -0.587315581 0.0250140154 -1.31306721e-08 4.82586744e-08 1
LGIC_C 165 -0.304888262 0.00774533019 0.0250139982 4.96100851e-08 2.90231542e-08 1
LGIC_C 166 -0.114745142 -0.70738837 0.0250140168 2.48392553e-08 4.34088306e-08 1
LGIC_C 167 -0.559606905 0.556857687 0.0250140176 3.68002297e-08 -2.45891157e-08 1
LGIC_C 168 -0.519919626 -0.225247274 0.0250140006 5.39043203e-09 6.47688584e-08 1
LGIC_C 169 0.645051781 -0.525617854 0.0250140199 -3.68002179e-08 2.45891393e-08 1
LGIC_C 171 -0.218828977 0.343376677 0.0250140058 1.28239438e-08 -5.73353116e-08 1
LGIC_C 172 0.275700979 0.142905335 0.0250139989 -4.20574004e-08 -2.81018564e-08 1
LGIC_C 173 0.652557733 0.283751407 0.0250140142 -3.68002282e-08 -2.45891172e-08 1
LGIC_C 174 -0.0829397382 -0.5145929 0.0250140076 2.48392553e-08 4.34088306e-08 1
LGIC_C 175 0.426412478 -0.289020549 0.0250140115 -3.37890406e-08 4.80634332e-08 1
LGIC_C 177 0.314014423 0.339251022 0.0250140063 -2.81018716e-08 -4.20573923e-08 1
LGIC_C 178 0.124351025 -0.617097938 0.0250140131 6.33663526e-09 4.9610097e-08 1
LGIC_C 180 -0.174254729 0.287904056 0.0250140003 2.8101852e-08 -4.20574041e-08 1
LGIC_C 181 -0.672582326 -0.309318663 0.0250140069 5.39043203e-09 6.47688584e-08 1
LGIC_C 183 0.648912233 0.313545659 0.0250140187 -4.82586616e-08 -1.31306776e-08 1
LGIC_C 184 0.703682304 -0.0424131655 0.0250140148 -4.34088182e-08 2.48392526e-08 1
LGIC_C 185 0.387321515 -0.147911906 0.0250140037 -4.34088182e-08 2.48392526e-08 1
LGIC_C 186 -0.600751895 -0.292419917 0.0250140054 5.39043203e-09 6.47688584e-08 1
LGIC_C 188 -0.728064692 0.0675194834 0.0250140155 4.34088259e-08 -8.63455061e-09 1
LGIC_C 189 -0.563149243 0.277593179 0.0250140148 4.20574045e-08 -2.81018523e-08 1
LGIC_C 190 0.360661384 -0.681687956 0.0250140172 -2.45891087e-08 3.68002429e-08 1
LGIC_C 191 -0.408289882 -0.251608447 0.0250140017 5.39043203e-09 6.47688584e-08 1
LGIC_C 192 -0.31039641 0.108914673 0.0250139977 4.34088259e-08 -8.63455061e-09 1
LGIC_C 193 0.279983353 0.0864773856 0.025013998 -4.96100911e-08 -9.86803575e-09 1
LGIC_C 194 -0.689915862 0.338450936 0.025014017 3.68002297e-08 -2.45891157e-08 1
LGIC_C 195 0.375414867 0.414477476 0.0250140112 -2.81018716e-08 -4.20573923e-08 1
LGIC_C 196 0.713921084 0.404015127 0.0250140195 -3.68002282e-08 -2.45891172e-08 1
LGIC_C 197 -0.257463205 -0.531521338 0.0250140091 2.45891453e-08 3.68002268e-08 1
LGIC_C 198 0.544491884 -0.04731673 0.0250140073 -4.34088226e-08 8.63456802e-09 1
LGIC_C 199 0.639148447 0.252602933 0.0250140133 -4.96100869e-08 6.3366408e-09 1
LGIC_C 200 0.720483801 -0.325222571 0.0250140177 -3.68002179e-08 2.45891393e-08 1
LGIC_C 201 0.231313365 0.135522739 0.0250139968 -4.20574004e-08 -2.81018564e-08 1
LGIC_C 202 -0.0253723453 -0.288247002 0.0250139964 2.48392553e-08 4.34088306e-08 1
LGIC_C 203 -0.154568147 -0.0244020414 0.0250139902 -4.96100919e-08 2.90231703e-08 -1
LGIC_C 204 -0.386504924 0.527523821 0.0250140163 2.8101852e-08 -4.20574041e-08 1
LGIC_C 205 -0.0914909502 0.255326996 0.0250139968 9.86805557e-09 -4.96100883e-08 1
LGIC_C 206 0.648491798 -0.35525539 0.0250140158 -3.68002179e-08 2.45891393e-08 1
LGIC_C 207 -0.128532662 -0.480790202 0.0250140047 -4.89847109e-08 5.78784581e-08 1
LGIC_C 208 -0.511787518 0.395472945 0.0250140132 -4.82586679e-08 1.31306769e-08 -1
LGIC_C 209 -0.0105702942 0.00655020244 0.0250139851 -1.17760707e-07 7.86851935e-08 -1
LGIC_C 210 0.0537667828 0.260907709 0.0250139967 -9.86806672e-09 -4.96100854e-08 1
LGIC_C 212 -0.352547802 -0.525184382 0.0250140105 -5.56021111e-08 -1.45571543e-08 -1
LGIC_C 213 0.316509783 -0.343363217 0.0250140066 -2.81018481e-08 4.20574137e-08 1
LGIC_C 214 0.445671588 -0.0817680658 0.0250140033 -4.34088226e-08 8.63456802e-09 1
LGIC_C 215 -0.446238084 -0.0119664156 0.0250140027 4.34088238e-08 8.63459484e-09 1
LGIC_C 216 0.202312781 -0.199395301 0.0250139973 -3.05989503e-08 3.95603122e-08 1
LGIC_C 217 0.493968192 -0.408127147 0.0250140195 -3.37890406e-08 4.80634332e-08 1
LGIC_C 218 -0.279600234 0.482790445 0.0250140102 1.31306824e-08 -4.82586643e-08 1
LGIC_C 219 -0.273251121 -0.458431321 0.0250140081 3.95603082e-08 3.05989652e-08 1
LGIC_C 220 -0.726439502 -0.331464738 0.0250140181 3.68002489e-08 2.45891179e-08 1
LGIC_C 221 0.660693196 -0.371288826 0.0250140167 -3.68002179e-08 2.45891393e-08 1
LGIC_C 222 -0.500430222 -0.176324308 0.025014003 -4.96100919e-08 2.90231703e-08 -1
LGIC_C 223 0.201670574 0.413777295 0.0250140069 -4.80634192e-08 -3.37890445e-08 1
LGIC_C 224 -0.367569019 0.0549034865 0.0250139999 4.96100851e-08 2.90231542e-08 1
LGIC_C 225 0.219746868 -0.666059117 0.025014014 -8.63454093e-09 4.34088369e-08 1
LGIC_C 226 0.384863806 -0.169815661 0.0250140016 -3.68002179e-08 2.45891393e-08 1
LGIC_C 227 -0.176199734 0.521432088 0.0250140074 8.63455111e-09 -4.34088279e-08 1
LGIC_C 228 0.262146989 -0.329940957 0.0250140026 -1.31306721e-08 4.82586744e-08 1
LGIC_C 229 -0.486181542 -0.103334145 0.0250140053 4.34088238e-08 8.63459484e-09 1
LGIC_C 230 -0.675710674 -0.200725813 0.0250140072 -4.34088282e-08 2.70157287e-08 -1
LGIC_C 231 0.538269195 0.223554051 0.0250140122 -4.20574004e-08 -2.81018564e-08 1
LGIC_C 232 -0.271714248 0.792741927 0.02501402 8.63455111e-09 -4.34088279e-08 1
LGIC_C 233 0.286171943 0.229083887 0.0250140001 -4.82586616e-08 -1.31306776e-08 1
LGIC_C 234 0.0110041133 -0.411904024 0.0250140012 -8.63454093e-09 4.34088369e-08 1
LGIC_C 235 0.336241163 0.446808256 0.0250140115 -2.81018716e-08 -4.20573923e-08 1
LGIC_C 236 0.317210995 -0.0203394443 0.0250139975 -4.34088182e-08 2.48392526e-08 1
LGIC_C 239 0.479975489 -0.261885256 0.0250140108 -4.20573976e-08 2.81018683e-08 1
LGIC_C 240 0.139414593 -0.199892494 0.0250139965 -1.28239349e-08 5.73353226e-08 1
LGIC_C 241 -0.131790868 0.180964973 0.0250139946 2.8101852e-08 -4.20574041e-08 1
LGIC_C 242 0.610570597 -0.340594639 0.0250140202 -3.37890406e-08 4.80634332e-08 1
LGIC_C 243 -0.676425514 0.236362543 0.0250140192 4.96100897e-08 -9.86805572e-09 1
LGIC_C 246 0.432588885 0.4481369 0.0250140104 -2.45891309e-08 -3.68002211e-08 1
LGIC_C 247 -0.49838649 0.676835245 0.0250140204 2.45891128e-08 -3.68002333e-08 1
LGIC_C 248 0.0866731672 -0.0728733161 0.0250139882 -3.68002179e-08 2.45891393e-08 1
LGIC_C 249 0.520575528 -0.0977768067 0.0250140121 -4.96100802e-08 3.14742968e-08 1
LGIC_C 250 0.258823215 0.507062432 0.0250140128 -4.80634192e-08 -3.37890445e-08 1
LGIC_C 251 0.00982159681 0.619860351 0.025014014 -6.33660387e-09 4.96100877e-08 -1
LGIC_C 252 0.175019139 0.576109053 0.0250140173 -3.14742949e-08 -4.96100822e-08 1
LGIC_C 253 0.466057192 0.305507568 0.0250140097 -4.82586616e-08 -1.31306776e-08 1
LGIC_C 255 -0.743187858 -0.0451870446 0.0250140143 -4.34088282e-08 2.70157287e-08 -1
LGIC_C 256 -0.325135756 0.497933601 0.0250140096 2.45891128e-08 -3.68002333e-08 1
LGIC_C 257 0.287535733 0.349232123 0.0250140039 1.3130701e-08 4.82586573e-08 -1
LGIC_C 258 -0.294737872 0.5672649 0.0250140114 2.45891128e-08 -3.68002333e-08 1
LGIC_C 260 -0.0311154894 -0.606216656 0.0250140136 9.8680833e-09 4.96100963e-08 1
LGIC_C 261 0.0818344438 0.631677198 0.0250140114 -8.63455884e-09 -4.34088253e-08 1
LGIC_C 262 -0.371519824 0.367817983 0.0250140092 4.20574045e-08 -2.81018523e-08 1
LGIC_C 263 -0.705156614 -0.168953392 0.0250140093 -4.34088282e-08 2.70157287e-08 -1
LGIC_C 264 0.44206068 -0.379501638 0.0250140088 -3.68002179e-08 2.45891393e-08 1
LGIC_C 265 0.205902089 0.0277932562 0.0250139937 -4.96100911e-08 -9.86803575e-09 1
LGIC_C 266 -0.201728631 -0.314350948 0.0250140009 3.95603082e-08 3.05989652e-08 1
LGIC_C 267 -0.309648449 -0.291777924 0.025014004 1.45571809e-08 5.5602105e-08 1
LGIC_C 268 -0.0539565798 -0.50407048 0.0250140067 -2.90231482e-08 4.96101036e-08 1
LGIC_C 269 -0.104960155 0.614541873 0.0250140131 -6.33661298e-09 -4.96100859e-08 1
LGIC_C 271 -0.461054962 -0.451321885 0.0250140113 3.68002489e-08 2.45891179e-08 1
LGIC_C 272 -0.359349227 0.284552602 0.0250140043 -4.82586679e-08 1.31306769e-08 -1
LGIC_C 273 0.764497491 -0.160820878 0.0250140204 -4.34088182e-08 2.48392526e-08 1
LGIC_C 274 -0.366087271 0.388903574 0.0250140066 2.45891128e-08 -3.68002333e-08 1
LGIC_C 275 0.00624735842 -0.539714285 0.02501401 6.33663526e-09 4.9610097e-08 1
LGIC_C 276 -0.103188402 -0.497966509 0.0250140049 -2.90231482e-08 4.96101036e-08 1
LGIC_C 278 0.324018455 0.279848177 0.0250140021 -3.68002282e-08 -2.45891172e-08 1
LGIC_C 279 0.0863497609 -0.0261221238 0.0250139872 -4.34088226e-08 8.63456802e-09 1
LGIC_C 280 -0.264853586 -0.179806923 0.0250139971 1.45571809e-08 5.5602105e-08 1
LGIC_C 281 0.3769264 0.531008327 0.0250140193 -4.80634192e-08 -3.37890445e-08 1
LGIC_C 282 -0.23495434 -0.425262031 0.0250140056 3.95603082e-08 3.05989652e-08 1
LGIC_C 283 -0.267273644 -0.47407939 0.0250140065 7.55636799e-08 6.2887973e-09 1
LGIC_C 284 0.228857006 -0.783594812 0.0250140192 -8.63454093e-09 4.34088369e-08 1
LGIC_C 286 -0.544119312 0.0128646248 0.0250140099 4.96100851e-08 2.90231542e-08 1
LGIC_C 287 -0.0942150557 -0.156819715 0.0250139913 2.45891453e-08 3.68002268e-08 1
LGIC_C 288 0.0742072535 -0.378975796 0.0250140016 6.33663526e-09 4.9610097e-08 1
LGIC_C 289 0.0174756829 -0.0213688758 0.0250139844 -2.45891087e-08 3.68002429e-08 1
LGIC_C 290 -0.367864056 -0.530740098 0.0250140159 2.81018674e-08 4.20574117e-08 1
LGIC_C 291 -0.499405826 0.429247065 0.0250140122 3.68002297e-08 -2.45891157e-08 1
LGIC_C 292 0.432226728 0.444106825 0.0250140141 -2.81018716e-08 -4.20573923e-08 1
LGIC_C 293 -0.699380745 -0.0783973515 0.0250140157 -4.96100919e-08 2.90231703e-08 -1
LGIC_C 295 -0.155445681 0.138569335 0.0250139947 6.28881943e-09 -7.55636452e-08 1
LGIC_C 296 0.487752566 0.24496733 0.0250140106 -4.20574004e-08 -2.81018564e-08 1
LGIC_C 297 0.0450341398 0.350505825 0.0250139989 -8.63455884e-09 -4.34088253e-08 1
LGIC_C 298 0.170460184 -0.49881888 0.0250140097 -9.86804037e-09 4.96101e-08 1
LGIC_C 299 -0.0686060834 -0.327485867 0.0250140002 9.8680833e-09 4.96100963e-08 1
LGIC_C 300 0.40562678 -0.0352551996 0.0250140017 -4.34088182e-08 2.48392526e-08 1
LGIC_C 301 0.0999942058 0.39066678 0.0250140011 -8.63455884e-09 -4.34088253e-08 1
LGIC_C 302 0.438061166 0.338136496 0.0250140112 -4.20574004e-08 -2.81018564e-08 1
LGIC_C 303 -0.0161940253 0.369462402 0.0250140018 9.86805557e-09 -4.96100883e-08 1
LGIC_C 304 -0.163446114 0.329539558 0.0250140013 1.31306824e-08 -4.82586643e-08 1
LGIC_C 305 -0.47246762 0.21875589 0.025014006 3.68002297e-08 -2.45891157e-08 1
LGIC_C 306 0.176571366 0.112960704 0.0250139946 3.37890593e-08 4.80634111e-08 -1
LGIC_C 307 -0.400188127 0.283951421 0.0250140063 -4.82586679e-08 1.31306769e-08 -1
LGIC_C 308 0.612497332 -0.275706864 0.0250140125 -3.68002179e-08 2.45891393e-08 1
LGIC_C 309 0.137468622 0.127794095 0.0250139914 -3.68002282e-08 -2.45891172e-08 1
LGIC_C 310 0.108836968 0.794307581 0.0250140187 -8.63455884e-09 -4.34088253e-08 1
LGIC_C 311 0.54696142 0.616764902 0.0250140194 -2.45891309e-08 -3.68002211e-08 1
LGIC_C 312 0.309748376 0.212109989 0.0250140022 -4.20574004e-08 -2.81018564e-08 1
LGIC_C 313 0.655490028 0.344440925 0.0250140158 -3.68002282e-08 -2.45891172e-08 1
LGIC_C 314 -0.287115512 0.509897006 0.0250140091 2.45891128e-08 -3.68002333e-08 1
LGIC_C 315 -0.0570046458 0.00153138297 0.0250139861 4.96100897e-08 -9.86805572e-09 1
LGIC_C 318 -0.239261832 -0.367550682 0.0250140019 -5.56021111e-08 -1.45571543e-08 -1
LGIC_C 319 -0.489398441 -0.0525072763 0.0250140031 -4.34088282e-08 2.70157287e-08 -1
LGIC_C 320 0.396500167 0.590050999 0.0250140192 -2.81018716e-08 -4.20573923e-08 1
LGIC_C 322 0.552554645 0.256418933 0.0250140133 -4.82586616e-08 -1.31306776e-08 1
LGIC_C 323 -0.347456986 -0.641933075 0.02501402 2.81018674e-08 4.20574117e-08 1
LGIC_C 324 0.0242289033 0.705825059 0.0250140181 -6.33660387e-09 4.96100877e-08 -1
LGIC_C 325 0.497032022 0.615947306 0.0250140181 -2.45891309e-08 -3.68002211e-08 1
LGIC_C 326 0.200552279 0.709607977 0.0250140172 -6.33660387e-09 4.96100877e-08 -1
LGIC_C 327 -0.329089509 -0.0443906419 0.0250139983 -4.96100919e-08 2.90231703e-08 -1
LGIC_C 328 -0.436141499 0.0233601283 0.0250140028 4.34088279e-08 -2.48392273e-08 1
LGIC_C 329 0.592671089 -0.18062314 0.0250140144 -4.96100859e-08 9.86807898e-09 1
LGIC_C 330 0.365202079 -0.031082055 0.0250140023 -4.96100802e-08 3.14742968e-08 1
LGIC_C 331 0.231856867 -0.096746072 0.0250139941 -3.05989503e-08 3.95603122e-08 1
LGIC_C 332 -0.0139707713 -0.422752484 0.0250140043 9.8680833e-09 4.96100963e-08 1
LGIC_C 333 0.523470149 0.133715038 0.0250140071 -4.34088272e-08 -8.63453573e-09 1
LGIC_C 334 0.234200377 0.77070579 0.0250140187 -8.63455884e-09 -4.34088253e-08 1
LGIC_C 335 0.208197955 0.523989857 0.0250140079 -6.33660387e-09 4.96100877e-08 -1
LGIC_C 336 -0.72565922 0.0122522133 0.0250140151 4.34088279e-08 -2.48392273e-08 1
LGIC_C 337 -0.0301080301 -0.0031630069 0.0250139845 -4.34088282e-08 2.70157287e-08 -1
LGIC_C 338 -0.233881365 0.34106865 0.0250140016 2.45891128e-08 -3.68002333e-08 1
LGIC_C 339 0.123942559 -0.180350938 0.0250139936 -1.31306721e-08 4.82586744e-08 1
LGIC_C 340 -0.315939954 0.58701258 0.0250140168 2.8101852e-08 -4.20574041e-08 1
LGIC_C 341 0.0099361754 -0.708149751 0.0250140141 -8.63454093e-09 4.34088369e-08 1
LGIC_C 342 -0.817911747 -0.0681902695 0.0250140169 -4.34088282e-08 2.70157287e-08 -1
LGIC_C 343 0.249980379 0.490059118 0.0250140102 1.3130701e-08 4.82586573e-08 -1
LGIC_C 344 -0.122205411 0.0206637475 0.0250139893 5.7878425e-08 4.89846948e-08 1
LGIC_C 346 0.332294641 0.316686102 0.0250140033 -3.68002282e-08 -2.45891172e-08 1
LGIC_C 347 0.466621419 -0.154820138 0.0250140079 -4.96100859e-08 9.86807898e-09 1
LGIC_C 349 -0.212676665 -0.522673332 0.025014003 -2.90231482e-08 4.96101036e-08 1
LGIC_C 350 -0.296348066 0.360102013 0.0250140038 2.45891128e-08 -3.68002333e-08 1
LGIC_C 352 -0.179322853 -0.255572466 0.0250139982 3.95603082e-08 3.05989652e-08 1
LGIC_C 353 -0.338526704 0.1510657 0.0250140018 4.20574045e-08 -2.81018523e-08 1
LGIC_C 354 0.178099109 0.1995859 0.0250139967 -2.81018716e-08 -4.20573923e-08 1
LGIC_C 355 0.0741053421 -0.495460234 0.0250140112 1.00935263e-08 5.7878447e-08 1
LGIC_C 356 0.123896335 0.689562654 0.0250140143 -8.63455884e-09 -4.34088253e-08 1
LGIC_C 357 0.743131852 0.147546317 0.0250140192 -4.96100869e-08 6.3366408e-09 1
LGIC_C 358 0.0963486306 -0.085874891 0.0250139908 -4.90669481e-08 3.27855328e-08 1
LGIC_C 359 -0.237368062 0.226050748 0.0250140018 6.28881943e-09 -7.55636452e-08 1
LGIC_C 360 -0.489234104 0.437140143 0.025014012 3.68002297e-08 -2.45891157e-08 1
LGIC_C 361 0.605909163 -0.138837747 0.0250140147 -4.96100859e-08 9.86807898e-09 1
LGIC_C 362 -0.446577006 -0.107605356 0.0250140023 -4.96100919e-08 2.90231703e-08 -1
LGIC_C 363 -0.299185542 0.444324641 0.0250140086 1.31306824e-08 -4.82586643e-08 1
LGIC_C 365 0.612968644 -0.368279555 0.0250140194 -4.20573976e-08 2.81018683e-08 1
LGIC_C 366 -0.333218933 -0.775321974 0.0250140202 3.95603082e-08 3.05989652e-08 1
LGIC_C 367 0.343576343 -0.102444259 0.0250140007 -4.34088182e-08 2.48392526e-08 1
LGIC_C 368 -0.132069852 -0.317814189 0.0250139982 3.95603082e-08 3.05989652e-08 1
LGIC_C 369 -0.135812121 -0.651802893 0.0250140116 -2.90231482e-08 4.96101036e-08 1
LGIC_C 370 -0.341288101 -0.592094793 0.0250140134 2.45891453e-08 3.68002268e-08 1
LGIC_C 371 0.223438631 0.0554588632 0.0250139934 -4.34088272e-08 -8.63453573e-09 1
LGIC_C 372 -0.038170681 0.426954635 0.0250140021 8.63455111e-09 -4.34088279e-08 1
LGIC_C 373 -0.649284697 0.431210576 0.0250140178 3.68002297e-08 -2.45891157e-08 1
LGIC_C 374 0.0193397784 -0.203819816 0.0250139932 6.33663526e-09 4.9610097e-08 1
LGIC_C 375 0.128744578 -0.652497214 0.0250140197 1.00935263e-08 5.7878447e-08 1
LGIC_C 376 0.407922071 0.38065537 0.0250140111 -4.20574004e-08 -2.81018564e-08 1
LGIC_C 377 0.314602958 0.144874156 0.0250139984 -3.68002282e-08 -2.45891172e-08 1
LGIC_C 378 -0.594698224 0.0794986221 0.0250140105 4.96100851e-08 2.90231542e-08 1
LGIC_C 379 -0.0279035997 -0.428885496 0.0250140048 9.8680833e-09 4.96100963e-08 1
LGIC_C 380 0.138658634 0.603573434 0.0250140146 -9.86806672e-09 -4.96100854e-08 1
LGIC_C 381 0.0218532164 0.646685014 0.0250140152 -6.33660387e-09 4.96100877e-08 -1
LGIC_C 382 0.58543788 -0.262028231 0.0250140156 -3.37890406e-08 4.80634332e-08 1
LGIC_C 384 -0.441869882 -0.412701965 0.0250140172 6.28883752e-09 7.55636663e-08 1
LGIC_C 386 0.459203055 -0.47842044 0.0250140121 -2.45891087e-08 3.68002429e-08 1
LGIC_C 387 0.556693362 -0.253853365 0.0250140142 -3.37890406e-08 4.80634332e-08 1
LGIC_C 388 -0.00213272884 0.417909613 0.025014004 9.86805557e-09 -4.96100883e-08 1
LGIC_C 390 0.565360378 -0.0235869219 0.0250140084 -4.34088182e-08 2.48392526e-08 1
LGIC_C 392 -0.208744035 -0.579013602 0.0250140059 -2.90231482e-08 4.96101036e-08 1
LGIC_C 393 -0.0286942274 -0.290114504 0.0250139961 8.63456455e-09 4.34088336e-08 1
LGIC_C 395 0.358175316 0.429684579 0.0250140087 1.3130701e-08 4.82586573e-08 -1
LGIC_C 396 0.273411169 0.394953608 0.0250140059 1.3130701e-08 4.82586573e-08 -1
LGIC_C 397 -0.686464334 0.277404482 0.0250140155 4.34088259e-08 -8.63455061e-09 1
LGIC_C 398 -0.55619777 0.25155738 0.0250140142 3.37890593e-08 -4.80634052e-08 1
LGIC_C 399 0.627975929 -0.184864075 0.0250140202 -4.96100802e-08 3.14742968e-08 1
NT 7181 -2.66533819 -2.29972949 -1.47868564 0 0 0
NT 7817 -0.532432278 2.86319717 0.850483857 0 0 0
LGIC_O 4402 -0.0345878633 0.265675272 0.025013999 1.15127271e-08 -5.78784352e-08 1
LGIC_O 4401 -0.1840676 0.0972239463 0.0250139942 3.37890593e-08 -4.80634052e-08 1
LGIC_O 4400 -0.175025146 0.0137516014 0.0250139927 5.7878425e-08 4.89846948e-08 1
LGIC_O 8441 0.636913646 -0.12672076 0.0250140188 -4.96100802e-08 3.14742968e-08 1
LGIC_O 8440 0.314831804 -0.521242477 0.0250140191 -3.27854948e-08 4.90669785e-08 1
LGIC_O 8439 0.567487089 -0.204519113 0.0250140184 -5.78784275e-08 1.15127558e-08 1
LGIC_O 8438 -0.495463838 -0.478991786 0.0250140171 1.45571809e-08 5.5602105e-08 1
LGIC_O 8437 -0.0865332912 0.0753896135 0.0250139898 3.37890593e-08 -4.80634052e-08 1
LGIC_O 8436 0.281965125 0.349247805 0.0250140096 -3.27855134e-08 -4.90669575e-08 1
LGIC_O 8435 -0.281577291 0.489075666 0.0250140165 3.27854968e-08 -4.90669676e-08 1
LGIC_O 8434 -0.605092982 -0.110313414 0.0250140129 5.7878436e-08 -4.89847332e-08 1
LGIC_O 8433 0.701586212 -0.0117142491 0.0250140184 -4.96100802e-08 3.14742968e-08 1
LGIC_O 8432 0.426050556 0.664856809 0.0250140182 -2.45891309e-08 -3.68002211e-08 1
LGIC_O 8431 -0.53569519 -0.176489801 0.025014008 4.34088238e-08 8.63459484e-09 1
LGIC_O 8430 -0.206044735 -0.180448528 0.0250139982 6.28883752e-09 7.55636663e-08 1
LGIC_O 8429 0.342033035 -0.34268384 0.0250140113 -3.27854948e-08 4.90669785e-08 1
LGIC_O 8428 0.576112066 -0.314703408 0.0250140178 -3.37890406e-08 4.80634332e-08 1
LGIC_O 8427 0.236726308 -0.318077646 0.0250140066 -3.27854948e-08 4.90669785e-08 1
LGIC_O 8426 -0.0976488914 -0.110862836 0.0250139913 7.55636799e-08 6.2887973e-09 1
LGIC_O 8425 0.534646383 -0.195059479 0.0250140164 -5.78784275e-08 1.15127558e-08 1
LGIC_O 8424 0.219544679 -0.315091025 0.0250140059 -3.27854948e-08 4.90669785e-08 1
LGIC_O 8423 -0.608846757 -0.593779315 0.0250140203 3.68002489e-08 2.45891179e-08 1
LGIC_O 8422 0.564815598 -0.372450199 0.0250140202 -3.37890406e-08 4.80634332e-08 1
LGIC_O 8421 0.550750457 0.0902902064 0.0250140162 -5.78784335e-08 -1.15127284e-08 1
LGIC_O 8420 0.175418091 0.0610257495 0.0250139941 -5.78784335e-08 -1.15127284e-08 1
LGIC_O 8419 0.142777714 0.100831833 0.0250139936 -4.90669739e-08 -3.27854893e-08 1
LGIC_O 4418 0.0575220985 -0.190210297 0.0250139949 -1.15127059e-08 5.78784511e-08 1
LGIC_O 4417 -0.118754336 -0.170834128 0.0250139938 2.81018674e-08 4.20574117e-08 1
LGIC_O 4416 0.593239316 0.0786534269 0.0250140185 -5.78784335e-08 -1.15127284e-08 1
LGIC_O 4415 0.0853954366 -0.420999761 0.0250140086 -1.15127059e-08 5.78784511e-08 1
LGIC_O 4414 -0.374457097 -0.228026162 0.0250140026 3.68002489e-08 2.45891179e-08 1
LGIC_O 4413 0.577482781 -0.285169834 0.0250140164 -3.37890406e-08 4.80634332e-08 1
LGIC_O 4412 -0.484325859 0.306166979 0.0250140144 3.37890593e-08 -4.80634052e-08 1
LGIC_O 4411 0.44777829 -0.0963194904 0.0250140103 -5.78784275e-08 1.15127558e-08 1
LGIC_O 4410 0.28281874 -0.503567977 0.0250140172 -3.27854948e-08 4.90669785e-08 1
LGIC_O 4409 -0.116204576 -0.152585731 0.025013993 7.55636799e-08 6.2887973e-09 1
LGIC_O 4408 -0.333519821 0.289166147 0.0250140084 3.37890593e-08 -4.80634052e-08 1
LGIC_O 4407 -0.148720782 -0.636306108 0.0250140163 9.8680833e-09 4.96100963e-08 1
LGIC_O 4406 0.336173082 -0.328141715 0.0250140105 -4.90669481e-08 3.27855328e-08 1
LGIC_O 4405 -0.249510429 -0.168914007 0.0250139976 6.28883752e-09 7.55636663e-08 1
LGIC_O 4404 0.0811982327 0.141649416 0.0250139929 -3.27855134e-08 -4.90669575e-08 1
LGIC_O 4403 0.0533120499 -0.19689515 0.0250139952 -1.15127059e-08 5.78784511e-08 1
