LGIC_C 0 0.467670432 0.21151666 0.0250140089 -4.20574004e-08 -2.81018564e-08 1
LGIC_C 1 -0.276603145 0.0481134294 0.0250139957 4.34088259e-08 -8.63455061e-09 1
LGIC_C 2 -0.541089279 0.165724637 0.0250140117 4.96100897e-08 -9.86805572e-09 1
LGIC_C 3 0.257899601 -0.693649814 0.0250140202 -9.86804037e-09 4.96101e-08 1
LGIC_C 4 -0.457542518 -0.200542701 0.0250140013 6.28883752e-09 7.55636663e-08 1
LGIC_C 5 0.0879497757 -0.557442067 0.0250140146 1.00935263e-08 5.7878447e-08 1
LGIC_C 6 -0.329086994 0.535879338 0.0250140182 1.28239438e-08 -5.73353116e-08 1
LGIC_C 7 -0.712691981 0.45257454 -0.00366863192 -0.827617296 0.552995934 0.0961514895
LGIC_C 8 -0.112409735 0.321256183 0.0250139982 8.63455111e-09 -4.34088279e-08 1
LGIC_C 9 -0.467919084 -0.249631946 0.025014005 6.28883752e-09 7.55636663e-08 1
LGIC_C 10 -0.348749436 -0.596694206 0.0250140153 3.95603082e-08 3.05989652e-08 1
LGIC_C 11 0.184327079 0.545344595 0.0250140092 -6.33660387e-09 4.96100877e-08 -1
LGIC_C 12 0.42216324 0.229317581 0.0250140115 -4.90669739e-08 -3.27854893e-08 1
LGIC_C 13 0.722081869 -0.101070702 0.02501402 -4.96100859e-08 9.86807898e-09 1
LGIC_C 14 0.67829943 0.244476371 0.0250140153 -4.96100869e-08 6.3366408e-09 1
LGIC_C 15 -0.473958731 -0.373009862 0.0250140099 5.39043203e-09 6.47688584e-08 1
LGIC_C 16 0.626814242 -0.119482541 0.0250140155 -4.96100859e-08 9.86807898e-09 1
LGIC_C 17 -0.50805383 0.38173733 0.0250140128 -4.82586679e-08 1.31306769e-08 -1
LGIC_C 18 0.294948066 -0.469625087 0.0250140113 -2.81018481e-08 4.20574137e-08 1
LGIC_C 21 -0.00743669648 -0.189901757 0.0250139924 -2.90231482e-08 4.96101036e-08 1
LGIC_C 22 0.180340105 0.591801489 0.0250140144 -9.86806672e-09 -4.96100854e-08 1
LGIC_C 23 -0.513011249 0.442461337 0.025014013 3.68002297e-08 -2.45891157e-08 1
LGIC_C 24 0.137460521 0.408544012 0.0250140049 -9.86806672e-09 -4.96100854e-08 1
LGIC_C 25 0.343348081 -0.0422912171 0.0250139985 -4.34088226e-08 8.63456802e-09 1
LGIC_C 27 -0.293637124 0.523802298 0.0250140186 3.27854968e-08 -4.90669676e-08 1
LGIC_C 28 0.644355855 0.0880803015 0.025014012 -4.34088272e-08 -8.63453573e-09 1
LGIC_C 30 0.671887576 0.159869279 0.0250140156 -4.96100869e-08 6.3366408e-09 1
LGIC_C 31 -0.402402516 -0.42624985 0.0250140122 3.95603082e-08 3.05989652e-08 1
LGIC_C 32 0.0592536287 0.107130513 0.0250139894 -2.81018716e-08 -4.20573923e-08 1
LGIC_C 33 -0.0242224605 0.641636479 0.0250140113 8.63455111e-09 -4.34088279e-08 1
LGIC_C 35 -0.169605202 -0.511288467 0.0250140037 -2.90231482e-08 4.96101036e-08 1
LGIC_C 36 0.440309862 -0.612478129 0.0250140166 -2.45891087e-08 3.68002429e-08 1
LGIC_C 37 0.0967327493 0.802509552 0.0250140189 -8.63455884e-09 -4.34088253e-08 1
LGIC_C 38 0.769614393 -0.330625862 0.0250140199 -3.05989503e-08 3.95603122e-08 1
LGIC_C 39 0.667149033 0.257078985 0.0250140144 -4.34088272e-08 -8.63453573e-09 1
LGIC_C 40 -0.683236432 0.00550162429 0.0250140131 4.34088279e-08 -2.48392273e-08 1
LGIC_C 41 -0.521212644 0.603504705 0.0250140183 2.45891128e-08 -3.68002333e-08 1
LGIC_C 42 -0.287342751 -0.682984901 0.0250140154 2.45891453e-08 3.68002268e-08 1
LGIC_C 43 -0.622155395 -0.48200968 0.0250140145 1.15916899e-08 4.97976879e-08 1
LGIC_C 44 0.348099312 0.51377949 0.0250140126 1.3130701e-08 4.82586573e-08 -1
LGIC_C 45 -0.00318200711 -0.202898217 0.0250139921 2.48392553e-08 4.34088306e-08 1
LGIC_C 46 -0.197374902 -0.17381069 0.0250139956 5.39043203e-09 6.47688584e-08 1
LGIC_C 47 0.531495446 -0.184244218 0.0250140161 -5.78784275e-08 1.15127558e-08 1
LGIC_C 48 -0.113577284 -0.382477914 0.0250140008 8.63456455e-09 4.34088336e-08 1
LGIC_C 51 -0.620485721 -0.0417074116 0.0250140106 4.34088238e-08 8.63459484e-09 1
LGIC_C 52 0.657283312 -0.201463088 0.0250140168 -4.34088182e-08 2.48392526e-08 1
LGIC_C 53 0.343319305 -0.109554038 0.0250140009 -4.34088182e-08 2.48392526e-08 1
LGIC_C 54 -0.0598680068 -0.229658263 0.0250139936 -4.89847109e-08 5.78784581e-08 1
LGIC_C 55 0.453749299 0.51038292 0.0250140138 1.3130701e-08 4.82586573e-08 -1
LGIC_C 56 -0.135201 -0.253442156 0.0250139945 -5.56021111e-08 -1.45571543e-08 -1
LGIC_C 57 -0.088493358 0.396566636 0.0250140057 -3.14742797e-08 4.96100914e-08 -1
LGIC_C 58 0.48489097 -0.100850739 0.0250140068 -4.34088182e-08 2.48392526e-08 1
LGIC_C 59 -0.386825487 -0.196026883 0.0250139998 1.45571809e-08 5.5602105e-08 1
LGIC_C 60 0.139346608 0.508104314 0.0250140128 -3.14742949e-08 -4.96100822e-08 1
LGIC_C 61 -0.381915081 0.346593568 0.0250140091 4.20574045e-08 -2.81018523e-08 1
LGIC_C 62 -0.0166562397 0.398136889 0.0250140036 -3.14742797e-08 4.96100914e-08 -1
LGIC_C 63 0.255328712 -0.0204216985 0.0250139961 -4.96100859e-08 9.86807898e-09 1
LGIC_C 64 -0.240498983 0.00187681876 0.0250139971 5.7878425e-08 4.89846948e-08 1
LGIC_C 65 0.0117502245 0.355791684 0.0250140008 -6.33660387e-09 4.96100877e-08 -1
LGIC_C 66 -0.262248305 -0.331481828 0.0250140019 2.45891453e-08 3.68002268e-08 1
LGIC_C 67 -0.443083062 0.40943462 0.025014017 6.28881943e-09 -7.55636452e-08 1
LGIC_C 68 -0.673800584 -0.124972902 0.0250140091 -4.34088282e-08 2.70157287e-08 -1
LGIC_C 69 -0.679962035 -0.339784688 0.0250140166 3.68002489e-08 2.45891179e-08 1
LGIC_C 70 -0.0278669714 0.374671797 0.0250139998 8.63455111e-09 -4.34088279e-08 1
LGIC_C 72 0.142693316 0.390095005 0.0250140014 -8.63455884e-09 -4.34088253e-08 1
LGIC_C 73 -0.00187006993 0.00541908768 0.0250139835 -6.33661298e-09 -4.96100859e-08 1
LGIC_C 74 0.513455642 0.490676053 0.0250140145 -4.82586616e-08 -1.31306776e-08 1
LGIC_C 75 0.558529656 -0.594521355 0.0250140188 -2.45891087e-08 3.68002429e-08 1
LGIC_C 76 -0.720476348 0.0212808575 0.0250140184 4.96100851e-08 2.90231542e-08 1
LGIC_C 77 0.361115785 -0.250732557 0.0250140042 -3.05989503e-08 3.95603122e-08 1
LGIC_C 79 -0.595733327 -0.27954692 0.0250140041 1.15916899e-08 4.97976879e-08 1
LGIC_C 80 0.72953529 0.0196961057 0.0250140151 -4.34088272e-08 -8.63453573e-09 1
LGIC_C 81 0.0598634586 0.668349478 0.025014016 -6.33660387e-09 4.96100877e-08 -1
LGIC_C 82 0.45771514 -0.267681042 0.0250140078 -3.05989503e-08 3.95603122e-08 1
LGIC_C 83 -0.35909969 0.251125264 0.0250140039 -4.82586679e-08 1.31306769e-08 -1
LGIC_C 84 0.225619348 0.504534448 0.0250140108 -2.81018716e-08 -4.20573923e-08 1
LGIC_C 85 -0.0458853415 0.0565996934 0.0250139871 1.28239438e-08 -5.73353116e-08 1
LGIC_C 87 -0.326734402 -0.228173888 0.0250140007 1.45571809e-08 5.5602105e-08 1
LGIC_C 88 -0.563262629 -0.500807926 0.0250140147 1.15916899e-08 4.97976879e-08 1
LGIC_C 89 0.230369091 -0.487039211 0.0250140098 -1.31306721e-08 4.82586744e-08 1
LGIC_C 90 -0.365231883 -0.34050291 0.0250140075 1.45571809e-08 5.5602105e-08 1
LGIC_C 91 0.177812724 0.823816296 0.0123977938 0.194186548 0.976240951 0.0961519121
LGIC_C 92 0.243217924 -0.742770713 0.0250140185 6.33663526e-09 4.9610097e-08 1
LGIC_C 93 -0.0259322842 0.571302626 0.0250140114 -6.33661298e-09 -4.96100859e-08 1
LGIC_C 94 0.154317338 -0.0345070467 0.025013992 -4.96100802e-08 3.14742968e-08 1
LGIC_C 95 -0.310278536 -0.46794949 0.0250140073 -5.56021111e-08 -1.45571543e-08 -1
LGIC_C 96 0.279922109 -0.0492719984 0.0250139976 -4.96100859e-08 9.86807898e-09 1
LGIC_C 97 -0.389581584 0.0466754401 0.0250140012 4.96100851e-08 2.90231542e-08 1
LGIC_C 98 -0.326309439 -0.59562244 0.0250140144 3.95603082e-08 3.05989652e-08 1
LGIC_C 99 0.208562989 -0.0563717716 0.0250139953 -4.96100802e-08 3.14742968e-08 1
LGIC_C 100 -0.37050216 -0.433684963 0.0250140083 2.45891453e-08 3.68002268e-08 1
LGIC_C 101 -0.389474177 0.00766121966 0.0250140027 4.96100897e-08 -9.86805572e-09 1
LGIC_C 102 -0.449036836 0.456856646 0.0250140152 1.28239438e-08 -5.73353116e-08 1
LGIC_C 103 -0.434263688 -0.00549698547 0.025014002 -4.34088282e-08 2.70157287e-08 -1
LGIC_C 104 0.61023694 -0.214060041 0.0250140156 -4.96100859e-08 9.86807898e-09 1
LGIC_C 105 -0.320951227 0.152843369 0.0250139988 3.68002297e-08 -2.45891157e-08 1
LGIC_C 106 -0.300121563 0.745050496 0.0250140182 8.63455111e-09 -4.34088279e-08 1
LGIC_C 107 -0.664789173 -0.273564146 0.0250140145 4.34088238e-08 8.63459484e-09 1
LGIC_C 108 -0.0417227014 -0.50767456 0.0250140063 2.48392553e-08 4.34088306e-08 1
LGIC_C 110 -0.239983139 -0.727939191 0.0250140169 8.63456455e-09 4.34088336e-08 1
LGIC_C 111 -0.517328764 -0.11656304 0.0250140056 -4.96100919e-08 2.90231703e-08 -1
LGIC_C 112 0.681644681 -0.0571024715 0.0250140188 -4.96100802e-08 3.14742968e-08 1
LGIC_C 113 -0.0489815308 -0.71123707 0.0250140153 2.48392553e-08 4.34088306e-08 1
LGIC_C 114 -0.3302015 0.398561355 0.0250140104 1.28239438e-08 -5.73353116e-08 1
LGIC_C 115 0.475286894 -0.392401435 0.0250140133 -3.05989503e-08 3.95603122e-08 1
LGIC_C 116 0.114152887 -0.454380489 0.0250140084 1.00935263e-08 5.7878447e-08 1
LGIC_C 117 -0.174857436 -0.0684365754 0.025013989 -4.34088282e-08 2.70157287e-08 -1
LGIC_C 118 -0.316393721 -0.318007081 0.0250140055 -5.56021111e-08 -1.45571543e-08 -1
LGIC_C 119 0.0874479481 0.466873503 0.0250140073 -9.86806672e-09 -4.96100854e-08 1
LGIC_C 120 0.00379305701 0.496397829 0.0250140079 -9.86806672e-09 -4.96100854e-08 1
LGIC_C 121 -0.516491604 -0.426846855 0.0250140105 1.15916899e-08 4.97976879e-08 1
LGIC_C 122 0.638333691 -0.372797885 0.0250140159 -3.68002179e-08 2.45891393e-08 1
LGIC_C 124 0.559354916 -0.491109116 0.0250140159 -3.68002179e-08 2.45891393e-08 1
LGIC_C 125 0.123964344 -0.167858855 0.025013993 -1.31306721e-08 4.82586744e-08 1
LGIC_C 126 0.622508227 -0.417194059 0.0250140188 -3.05989503e-08 3.95603122e-08 1
LGIC_C 127 0.205612721 -0.282427982 0.0250139996 -1.31306721e-08 4.82586744e-08 1
LGIC_C 128 0.235501744 -0.280604744 0.0250139993 -2.45891087e-08 3.68002429e-08 1
LGIC_C 129 0.438006224 -0.0876167831 0.025014003 -4.34088226e-08 8.63456802e-09 1
LGIC_C 130 -0.544518002 0.182229693 0.0250140085 4.34088259e-08 -8.63455061e-09 1
LGIC_C 131 0.383902381 0.240416503 0.0250140049 -4.82586616e-08 -1.31306776e-08 1
LGIC_C 132 -0.187471099 0.0521492535 0.0250139915 5.7878425e-08 4.89846948e-08 1
LGIC_C 133 -0.586703459 -0.0541945927 0.0250140092 4.34088238e-08 8.63459484e-09 1
LGIC_C 134 0.256670855 -0.63344087 0.0250140129 -8.63454093e-09 4.34088369e-08 1
LGIC_C 135 -0.231713895 -0.257480978 0.0250140006 2.81018674e-08 4.20574117e-08 1
LGIC_C 136 0.358090947 -0.291991691 0.0250140036 -3.68002179e-08 2.45891393e-08 1
LGIC_C 137 0.356542887 -0.36594754 0.0250140056 -1.31306721e-08 4.82586744e-08 1
LGIC_C 138 -0.695227496 -0.211587914 0.0250140089 4.96100935e-08 -4.19869172e-08 1
LGIC_C 139 0.138772817 -0.0194403882 0.0250139907 -4.96100802e-08 3.14742968e-08 1
LGIC_C 140 0.51148103 0.544408844 0.0250140159 -2.45891309e-08 -3.68002211e-08 1
LGIC_C 141 0.467925683 0.111563211 0.0250140045 -4.34088272e-08 -8.63453573e-09 1
LGIC_C 142 -0.441204436 -0.541267988 0.0250140173 3.95603082e-08 3.05989652e-08 1
LGIC_C 144 -0.455548008 -0.474317321 0.0250140155 -5.56021111e-08 -1.45571543e-08 -1
LGIC_C 145 0.22657428 0.00937762212 0.0250139944 -4.96100869e-08 6.3366408e-09 1
LGIC_C 146 0.00468871322 0.559329635 0.0250140111 -9.86806672e-09 -4.96100854e-08 1
LGIC_C 147 -0.349337678 -0.348606809 0.0250140046 1.15916899e-08 4.97976879e-08 1
LGIC_C 149 0.556962117 0.476150266 0.0250140154 -3.68002282e-08 -2.45891172e-08 1
LGIC_C 150 0.381802492 0.110893096 0.0250140015 -4.96100869e-08 6.3366408e-09 1
LGIC_C 151 -0.053280108 -0.687313451 0.0250140135 8.63456455e-09 4.34088336e-08 1
LGIC_C 152 0.28773466 0.528751441 0.0250140126 1.3130701e-08 4.82586573e-08 -1
LGIC_C 153 0.16399938 -0.18209775 0.0250139958 -1.28239349e-08 5.73353226e-08 1
LGIC_C 154 0.136938427 0.473769518 0.0250140081 -9.86806672e-09 -4.96100854e-08 1
LGIC_C 155 -0.503075705 0.165093081 0.0250140065 4.34088259e-08 -8.63455061e-09 1
LGIC_C 156 -0.227553437 0.037313387 0.0250139935 4.34088259e-08 -8.63455061e-09 1
LGIC_C 157 -0.467387232 0.263874206 0.0250140062 6.28881943e-09 -7.55636452e-08 1
LGIC_C 158 0.319993727 0.178720102 0.0250140027 3.37890593e-08 4.80634111e-08 -1
LGIC_C 159 0.789241526 0.112166872 0.0250140185 -4.34088272e-08 -8.63453573e-09 1
LGIC_C 160 -0.3210454 -0.0965806789 0.0250139946 -4.34088282e-08 2.70157287e-08 -1
LGIC_C 161 -0.423285038 0.0960873977 0.0250140052 4.96100897e-08 -9.86805572e-09 1
LGIC_C 162 0.478863552 0.0086690201 0.0250140071 -4.96100911e-08 -9.86803575e-09 1
LGIC_C 163 0.403888976 -0.259557191 0.0250140075 -4.20573976e-08 2.81018683e-08 1
LGIC_C 164 0.292429351 -0.604654076 0.0250140162 -1.31306721e-08 4.82586744e-08 1
LGIC_C 165 -0.35071568 0.0660570498 0.0250139987 4.96100851e-08 2.90231542e-08 1
LGIC_C 166 -0.105462005 -0.703387892 0.0250140164 2.48392553e-08 4.34088306e-08 1
LGIC_C 167 -0.578943805 0.573276251 0.0250140187 -4.82586679e-08 1.31306769e-08 -1
LGIC_C 168 -0.487349976 -0.230901989 0.0250140008 5.39043203e-09 6.47688584e-08 1
LGIC_C 169 0.666837575 -0.521001882 0.0067804042 0.827616944 -0.552996408 0.0961517878
LGIC_C 171 -0.242207527 0.322138132 0.0250140048 1.28239438e-08 -5.73353116e-08 1
LGIC_C 172 0.274806804 0.157010419 0.0250139992 -4.20574004e-08 -2.81018564e-08 1
LGIC_C 173 0.647793193 0.286618586 0.0250140141 -3.68002282e-08 -2.45891172e-08 1
LGIC_C 174 -0.0947354989 -0.491347844 0.0250140069 2.48392553e-08 4.34088306e-08 1
LGIC_C 175 0.40481441 -0.313729967 0.025014012 -3.37890406e-08 4.80634332e-08 1
LGIC_C 177 0.341488325 0.344679601 0.0250140073 -2.81018716e-08 -4.20573923e-08 1
LGIC_C 178 0.140944251 -0.62235829 0.0250140132 6.33663526e-09 4.9610097e-08 1
LGIC_C 180 -0.14797168 0.268519798 0.0250139987 2.8101852e-08 -4.20574041e-08 1
LGIC_C 181 -0.652888283 -0.29809984 0.0250140061 5.39043203e-09 6.47688584e-08 1
LGIC_C 183 0.650032097 0.293827917 0.0250140185 -4.82586616e-08 -1.31306776e-08 1
LGIC_C 184 0.681608567 -0.0358843365 0.0250140137 -4.34088182e-08 2.48392526e-08 1
LGIC_C 185 0.376862867 -0.155184857 0.0250140034 -4.34088182e-08 2.48392526e-08 1
LGIC_C 186 -0.615432548 -0.268314208 0.0250140039 5.39043203e-09 6.47688584e-08 1
LGIC_C 188 -0.725893194 0.0924672985 0.0250140156 4.34088259e-08 -8.63455061e-09 1
LGIC_C 189 -0.540512065 0.312162939 0.0250140148 4.20574045e-08 -2.81018523e-08 1
LGIC_C 190 0.344070979 -0.714859148 0.025014018 -2.45891087e-08 3.68002429e-08 1
LGIC_C 191 -0.445288599 -0.258377747 0.0250140024 5.39043203e-09 6.47688584e-08 1
LGIC_C 192 -0.27728894 0.114235009 0.0250139963 4.34088259e-08 -8.63455061e-09 1
LGIC_C 193 0.28570914 0.0952428628 0.0250139984 -4.96100911e-08 -9.86803575e-09 1
LGIC_C 194 -0.6920804 0.34707065 0.0250140173 3.68002297e-08 -2.45891157e-08 1
LGIC_C 195 0.357001519 0.402100041 0.0250140102 -2.81018716e-08 -4.20573923e-08 1
LGIC_C 196 0.716461672 0.404957111 0.0250140196 -3.68002282e-08 -2.45891172e-08 1
LGIC_C 197 -0.255249004 -0.563542339 0.0250140103 2.45891453e-08 3.68002268e-08 1
LGIC_C 198 0.50237945 -0.0521865696 0.0250140055 -4.34088226e-08 8.63456802e-09 1
LGIC_C 199 0.655321106 0.262097327 0.0250140141 -4.96100869e-08 6.3366408e-09 1
LGIC_C 200 0.709297545 -0.32438715 0.0250140173 -3.68002179e-08 2.45891393e-08 1
LGIC_C 201 0.232299637 0.112310317 0.0250139962 -4.20574004e-08 -2.81018564e-08 1
LGIC_C 202 -0.0250527012 -0.2766042 0.0250139959 2.48392553e-08 4.34088306e-08 1
LGIC_C 203 -0.145979458 -0.0142260963 0.0250139901 -4.96100919e-08 2.90231703e-08 -1
LGIC_C 204 -0.390672325 0.548259978 0.0250140173 2.8101852e-08 -4.20574041e-08 1
LGIC_C 205 -0.104164496 0.270483721 0.0250139977 9.86805557e-09 -4.96100883e-08 1
LGIC_C 206 0.660679412 -0.351759364 0.0250140162 -3.68002179e-08 2.45891393e-08 1
LGIC_C 207 -0.112956296 -0.479738599 0.0250140054 -4.89847109e-08 5.78784581e-08 1
LGIC_C 208 -0.516086264 0.414567167 0.0250140136 -4.82586679e-08 1.31306769e-08 -1
LGIC_C 209 -0.0105260539 0.00365024258 0.0250139849 -1.38908237e-07 2.76305608e-08 -1
LGIC_C 210 0.0631127847 0.269437983 0.0250139973 -9.86806672e-09 -4.96100854e-08 1
LGIC_C 212 -0.373501599 -0.520452869 0.0250140116 -5.56021111e-08 -1.45571543e-08 -1
LGIC_C 213 0.358689342 -0.381413071 0.0250140093 -2.81018481e-08 4.20574137e-08 1
LGIC_C 214 0.450925065 -0.0719474559 0.0250140034 -4.34088226e-08 8.63456802e-09 1
LGIC_C 215 -0.492579161 -0.0127675369 0.0250140048 4.34088238e-08 8.63459484e-09 1
LGIC_C 216 0.166358231 -0.204933197 0.0250139953 -1.31306721e-08 4.82586744e-08 1
LGIC_C 217 0.483797542 -0.366827496 0.0250140172 -3.37890406e-08 4.80634332e-08 1
LGIC_C 218 -0.266328526 0.4673466 0.0250140093 1.31306824e-08 -4.82586643e-08 1
LGIC_C 219 -0.268939998 -0.428221902 0.025014007 3.95603082e-08 3.05989652e-08 1
LGIC_C 220 -0.737850695 -0.335199521 0.0250140186 3.68002489e-08 2.45891179e-08 1
LGIC_C 221 0.651562354 -0.41052594 0.0250140173 -3.68002179e-08 2.45891393e-08 1
LGIC_C 222 -0.50331782 -0.207853613 0.0250140022 5.7878436e-08 -4.89847332e-08 1
LGIC_C 223 0.210347989 0.402707234 0.025014007 -4.80634192e-08 -3.37890445e-08 1
LGIC_C 224 -0.36749561 0.0289793715 0.0250140006 4.96100851e-08 2.90231542e-08 1
LGIC_C 225 0.221745919 -0.681171107 0.0250140147 -8.63454093e-09 4.34088369e-08 1
LGIC_C 226 0.387179974 -0.149097047 0.0250140013 -4.34088226e-08 8.63456802e-09 1
LGIC_C 227 -0.166492542 0.496000558 0.0250140062 8.63455111e-09 -4.34088279e-08 1
LGIC_C 228 0.291921953 -0.274041573 0.025014003 -3.05989503e-08 3.95603122e-08 1
LGIC_C 229 -0.512908975 -0.0782584389 0.0250140062 4.34088238e-08 8.63459484e-09 1
LGIC_C 230 -0.683173512 -0.161280613 0.0250140086 -4.34088282e-08 2.70157287e-08 -1
LGIC_C 231 0.517329907 0.259703392 0.0250140132 3.37890593e-08 4.80634111e-08 -1
LGIC_C 232 -0.288327138 0.800606113 0.0235152761 -0.194186377 0.976241021 0.0961515493
LGIC_C 233 0.293514328 0.229938269 0.0250140004 -4.82586616e-08 -1.31306776e-08 1
LGIC_C 234 0.0300441873 -0.433060656 0.0250140023 -8.63454093e-09 4.34088369e-08 1
LGIC_C 235 0.366105221 0.440472257 0.0250140121 -2.81018716e-08 -4.20573923e-08 1
LGIC_C 236 0.304585736 -0.00118608814 0.0250139965 -4.34088182e-08 2.48392526e-08 1
LGIC_C 239 0.478783057 -0.251762346 0.0250140104 -4.20573976e-08 2.81018683e-08 1
LGIC_C 240 0.157115971 -0.188952205 0.0250139961 -1.28239349e-08 5.73353226e-08 1
LGIC_C 241 -0.131661166 0.19169482 0.025013995 2.8101852e-08 -4.20574041e-08 1
LGIC_C 242 0.594427783 -0.336691424 0.0250140195 -3.37890406e-08 4.80634332e-08 1
LGIC_C 243 -0.679313336 0.238131442 0.0250140193 4.96100897e-08 -9.86805572e-09 1
LGIC_C 246 0.415487363 0.429714188 0.0250140093 -2.45891309e-08 -3.68002211e-08 1
LGIC_C 247 -0.499673131 0.652136179 0.0250140196 2.45891128e-08 -3.68002333e-08 1
LGIC_C 248 0.0800833967 -0.0554889091 0.0250139875 -3.68002179e-08 2.45891393e-08 1
LGIC_C 249 0.517361464 -0.0805970652 0.0250140114 -4.96100802e-08 3.14742968e-08 1
LGIC_C 250 0.258374286 0.527105844 0.0250140135 -4.80634192e-08 -3.37890445e-08 1
LGIC_C 251 0.0233143889 0.597140629 0.0250140127 -6.33660387e-09 4.96100877e-08 -1
LGIC_C 252 0.183226957 0.575726499 0.0250140176 -3.14742949e-08 -4.96100822e-08 1
LGIC_C 253 0.468019177 0.304696044 0.0250140098 -4.82586616e-08 -1.31306776e-08 1
LGIC_C 255 -0.732689423 -0.0479884056 0.0250140138 -4.34088282e-08 2.70157287e-08 -1
LGIC_C 256 -0.315928524 0.540444168 0.0250140109 2.45891128e-08 -3.68002333e-08 1
LGIC_C 257 0.305423844 0.315124439 0.0250140025 1.3130701e-08 4.82586573e-08 -1
LGIC_C 258 -0.299516042 0.580311107 0.025014012 2.45891128e-08 -3.68002333e-08 1
LGIC_C 260 -0.00909459156 -0.588651903 0.0250140125 9.8680833e-09 4.96100963e-08 1
LGIC_C 261 0.0643769417 0.641425056 0.0250140117 -8.63455884e-09 -4.34088253e-08 1
LGIC_C 262 -0.355251797 0.340785119 0.0250140078 4.20574045e-08 -2.81018523e-08 1
LGIC_C 263 -0.697165303 -0.150613604 0.0250140095 -4.34088282e-08 2.70157287e-08 -1
LGIC_C 264 0.415162754 -0.352636086 0.0250140072 -3.68002179e-08 2.45891393e-08 1
LGIC_C 265 0.213969052 0.0183406249 0.025013994 -4.96100911e-08 -9.86803575e-09 1
LGIC_C 266 -0.161831255 -0.338261438 0.025014 3.95603082e-08 3.05989652e-08 1
LGIC_C 267 -0.303388404 -0.269429013 0.0250140026 1.45571809e-08 5.5602105e-08 1
LGIC_C 268 -0.0402803602 -0.510385361 0.0250140074 -2.90231482e-08 4.96101036e-08 1
LGIC_C 269 -0.120645835 0.608696778 0.0250140127 -6.33661298e-09 -4.96100859e-08 1
LGIC_C 271 -0.464280044 -0.41781541 0.0250140106 3.68002489e-08 2.45891179e-08 1
LGIC_C 272 -0.360356186 0.259736386 0.0250140041 -4.82586679e-08 1.31306769e-08 -1
LGIC_C 273 0.764771362 -0.143862807 0.02501402 -4.34088182e-08 2.48392526e-08 1
LGIC_C 274 -0.364887766 0.391742654 0.0250140067 2.45891128e-08 -3.68002333e-08 1
LGIC_C 275 0.0170256031 -0.525300505 0.0250140092 6.33663526e-09 4.9610097e-08 1
LGIC_C 276 -0.123386403 -0.478924633 0.0250140034 -2.90231482e-08 4.96101036e-08 1
LGIC_C 278 0.351883192 0.282843281 0.0250140031 -3.68002282e-08 -2.45891172e-08 1
LGIC_C 279 0.10723744 -0.0221365252 0.0250139881 -4.34088226e-08 8.63456802e-09 1
LGIC_C 280 -0.24168832 -0.173502103 0.0250139964 1.45571809e-08 5.5602105e-08 1
LGIC_C 281 0.401705197 0.494944014 0.0250140193 -4.80634192e-08 -3.37890445e-08 1
LGIC_C 282 -0.246713874 -0.464697196 0.0250140072 3.95603082e-08 3.05989652e-08 1
LGIC_C 283 -0.250984008 -0.474623503 0.0250140052 7.55636799e-08 6.2887973e-09 1
LGIC_C 284 0.240598416 -0.790334612 0.0250140196 -8.63454093e-09 4.34088369e-08 1
LGIC_C 286 -0.554395986 0.0480686292 0.0250140094 4.96100851e-08 2.90231542e-08 1
LGIC_C 287 -0.0704920826 -0.110019607 0.025013989 2.45891453e-08 3.68002268e-08 1
LGIC_C 288 0.0382578219 -0.372765493 0.0250140015 6.33663526e-09 4.9610097e-08 1
LGIC_C 289 0.0349771131 -0.035754684 0.0250139854 -2.45891087e-08 3.68002429e-08 1
LGIC_C 290 -0.371413404 -0.544435617 0.0250140166 2.81018674e-08 4.20574117e-08 1
LGIC_C 291 -0.48409546 0.417156635 0.0250140113 3.68002297e-08 -2.45891157e-08 1
LGIC_C 292 0.417637668 0.438908825 0.0250140134 -2.81018716e-08 -4.20573923e-08 1
LGIC_C 293 -0.694408915 -0.0814204567 0.0250140154 -4.96100919e-08 2.90231703e-08 -1
LGIC_C 295 -0.172661989 0.131944348 0.0250139943 6.28881943e-09 -7.55636452e-08 1
LGIC_C 296 0.501795008 0.224312801 0.0250140107 -4.20574004e-08 -2.81018564e-08 1
LGIC_C 297 0.0418790799 0.339665461 0.0250139984 -8.63455884e-09 -4.34088253e-08 1
LGIC_C 298 0.188710834 -0.544301038 0.0250140121 -9.86804037e-09 4.96101e-08 1
LGIC_C 299 -0.0675282249 -0.340038515 0.0250140008 9.8680833e-09 4.96100963e-08 1
LGIC_C 300 0.368374613 -0.0342366638 0.0250140001 -4.34088182e-08 2.48392526e-08 1
LGIC_C 301 0.124667439 0.397119475 0.0250140016 -8.63455884e-09 -4.34088253e-08 1
LGIC_C 302 0.418276822 0.367155359 0.0250140112 -4.20574004e-08 -2.81018564e-08 1
LGIC_C 303 -0.0238775207 0.362362863 0.0250140015 9.86805557e-09 -4.96100883e-08 1
LGIC_C 304 -0.157672526 0.331636876 0.0250140013 1.31306824e-08 -4.82586643e-08 1
LGIC_C 305 -0.434572538 0.212553431 0.0250140045 3.68002297e-08 -2.45891157e-08 1
LGIC_C 306 0.198343098 0.113347547 0.0250139954 3.37890593e-08 4.80634111e-08 -1
LGIC_C 307 -0.414645993 0.270627939 0.0250140068 -4.82586679e-08 1.31306769e-08 -1
LGIC_C 308 0.638305394 -0.290301562 0.0250140139 -3.68002179e-08 2.45891393e-08 1
LGIC_C 309 0.143382713 0.130468112 0.0250139917 -3.68002282e-08 -2.45891172e-08 1
LGIC_C 310 0.126599197 0.802956598 0.0250140192 -8.63455884e-09 -4.34088253e-08 1
LGIC_C 311 0.590970516 0.602172721 0.0250140199 -2.45891309e-08 -3.68002211e-08 1
LGIC_C 312 0.311416847 0.211322439 0.0250140023 -4.20574004e-08 -2.81018564e-08 1
LGIC_C 313 0.673736918 0.355945886 0.0250140168 -3.68002282e-08 -2.45891172e-08 1
LGIC_C 314 -0.247777885 0.536478517 0.0250140091 2.45891128e-08 -3.68002333e-08 1
LGIC_C 315 -0.0714044097 0.00599007891 0.0250139869 4.96100897e-08 -9.86805572e-09 1
LGIC_C 318 -0.241985553 -0.348524035 0.0250140018 -5.56021111e-08 -1.45571543e-08 -1
LGIC_C 319 -0.515698308 -0.092511233 0.0250140032 -4.34088282e-08 2.70157287e-08 -1
LGIC_C 320 0.379001651 0.615908134 0.0250140198 -2.81018716e-08 -4.20573923e-08 1
LGIC_C 322 0.545502646 0.259340816 0.025014013 -4.82586616e-08 -1.31306776e-08 1
LGIC_C 323 -0.33337288 -0.628851493 0.0250140191 2.81018674e-08 4.20574117e-08 1
LGIC_C 324 0.045612399 0.692832421 0.0250140173 -6.33660387e-09 4.96100877e-08 -1
LGIC_C 325 0.503626734 0.605278252 0.0250140179 -2.45891309e-08 -3.68002211e-08 1
LGIC_C 326 0.199023518 0.689028125 0.0250140162 -6.33660387e-09 4.96100877e-08 -1
LGIC_C 327 -0.30388711 -0.051437254 0.0250139969 -4.96100919e-08 2.90231703e-08 -1
LGIC_C 328 -0.436951867 0.0318180305 0.025014003 4.34088279e-08 -2.48392273e-08 1
LGIC_C 329 0.61411306 -0.180437065 0.0250140155 -4.96100859e-08 9.86807898e-09 1
LGIC_C 330 0.375507594 -0.0240935091 0.0250140026 -4.96100802e-08 3.14742968e-08 1
LGIC_C 331 0.202713254 -0.0959149221 0.0250139932 -3.05989503e-08 3.95603122e-08 1
LGIC_C 332 -0.00569766889 -0.401162002 0.0250140032 9.8680833e-09 4.96100963e-08 1
LGIC_C 333 0.522442335 0.162124009 0.0250140073 -4.34088272e-08 -8.63453573e-09 1
LGIC_C 334 0.241449611 0.765504155 0.0250140186 -8.63455884e-09 -4.34088253e-08 1
LGIC_C 335 0.22433371 0.541510422 0.0250140087 -6.33660387e-09 4.96100877e-08 -1
LGIC_C 336 -0.71482284 0.00357831247 0.0250140144 4.34088279e-08 -2.48392273e-08 1
LGIC_C 337 -0.0211898531 -0.00383178306 0.0250139842 4.34088238e-08 8.63459484e-09 1
LGIC_C 338 -0.261406317 0.332940096 0.0250140019 2.45891128e-08 -3.68002333e-08 1
LGIC_C 339 0.122833909 -0.175642461 0.0250139933 -1.31306721e-08 4.82586744e-08 1
LGIC_C 340 -0.304278837 0.568036484 0.0250140157 2.8101852e-08 -4.20574041e-08 1
LGIC_C 341 0.0151741956 -0.676608847 0.0250140127 -8.63454093e-09 4.34088369e-08 1
LGIC_C 342 -0.813170561 -0.0627173454 0.0250140169 -4.34088282e-08 2.70157287e-08 -1
LGIC_C 343 0.213331796 0.476066751 0.025014009 1.3130701e-08 4.82586573e-08 -1
LGIC_C 344 -0.114313404 0.0269583021 0.0250139885 5.7878425e-08 4.89846948e-08 1
LGIC_C 346 0.334556778 0.325066261 0.0250140035 -3.68002282e-08 -2.45891172e-08 1
LGIC_C 347 0.474687624 -0.142943394 0.0250140082 -4.96100859e-08 9.86807898e-09 1
LGIC_C 349 -0.207264103 -0.531930625 0.0250140036 -2.90231482e-08 4.96101036e-08 1
LGIC_C 350 -0.263397486 0.399499824 0.0250140044 2.45891128e-08 -3.68002333e-08 1
LGIC_C 352 -0.157427157 -0.219405079 0.0250139962 3.95603082e-08 3.05989652e-08 1
LGIC_C 353 -0.338956621 0.14520567 0.0250140016 4.20574045e-08 -2.81018523e-08 1
LGIC_C 354 0.185413772 0.216708787 0.0250139976 -2.81018716e-08 -4.20573923e-08 1
LGIC_C 355 0.0931966306 -0.494480769 0.0250140109 1.00935263e-08 5.7878447e-08 1
LGIC_C 356 0.0999632266 0.710914638 0.025014015 -8.63455884e-09 -4.34088253e-08 1
LGIC_C 357 0.714446337 0.184412394 0.0250140175 -4.96100869e-08 6.3366408e-09 1
LGIC_C 358 0.085853428 -0.0841006393 0.0250139902 -4.90669481e-08 3.27855328e-08 1
LGIC_C 359 -0.242611627 0.239830518 0.0250140029 6.28881943e-09 -7.55636452e-08 1
LGIC_C 360 -0.462799194 0.432820296 0.0250140109 3.68002297e-08 -2.45891157e-08 1
LGIC_C 361 0.600754553 -0.146563763 0.0250140145 -4.96100859e-08 9.86807898e-09 1
LGIC_C 362 -0.455607171 -0.10303605 0.0250140029 -4.96100919e-08 2.90231703e-08 -1
LGIC_C 363 -0.311170606 0.434764706 0.0250140083 1.31306824e-08 -4.82586643e-08 1
LGIC_C 365 0.596034307 -0.35701728 0.0250140183 -4.20573976e-08 2.81018683e-08 1
LGIC_C 366 -0.333631814 -0.757316183 0.0250140196 3.95603082e-08 3.05989652e-08 1
LGIC_C 367 0.370036613 -0.0904636429 0.0250140015 -4.34088182e-08 2.48392526e-08 1
LGIC_C 368 -0.118303998 -0.341901268 0.025014001 2.48392553e-08 4.34088306e-08 1
LGIC_C 369 -0.135671066 -0.651984924 0.0250140116 -2.90231482e-08 4.96101036e-08 1
LGIC_C 370 -0.342864973 -0.622356432 0.0250140146 2.45891453e-08 3.68002268e-08 1
LGIC_C 371 0.235172988 0.0624610621 0.025013994 -4.34088272e-08 -8.63453573e-09 1
LGIC_C 372 -0.0218062285 0.435920796 0.0250140024 8.63455111e-09 -4.34088279e-08 1
LGIC_C 373 -0.674008998 0.450595184 0.0250140192 3.68002297e-08 -2.45891157e-08 1
LGIC_C 374 0.021339901 -0.19085293 0.0250139926 6.33663526e-09 4.9610097e-08 1
LGIC_C 375 0.133933503 -0.627053649 0.0250140182 1.00935263e-08 5.7878447e-08 1
LGIC_C 376 0.422021547 0.392754641 0.025014012 -4.20574004e-08 -2.81018564e-08 1
LGIC_C 377 0.304070991 0.139655915 0.0250139979 -3.68002282e-08 -2.45891172e-08 1
LGIC_C 378 -0.581552776 0.0635467438 0.0250140103 4.96100851e-08 2.90231542e-08 1
LGIC_C 379 -0.0245798947 -0.437849122 0.0250140052 9.8680833e-09 4.96100963e-08 1
LGIC_C 380 0.138495169 0.578856622 0.0250140133 -9.86806672e-09 -4.96100854e-08 1
LGIC_C 381 0.0214715656 0.656149579 0.0250140157 -6.33660387e-09 4.96100877e-08 -1
LGIC_C 382 0.580193055 -0.267256892 0.0250140157 -3.37890406e-08 4.80634332e-08 1
LGIC_C 384 -0.446641524 -0.403597135 0.0250140165 6.28883752e-09 7.55636663e-08 1
LGIC_C 386 0.482033893 -0.465370331 0.0250140124 -3.68002179e-08 2.45891393e-08 1
LGIC_C 387 0.54573985 -0.233099898 0.0250140129 -3.37890406e-08 4.80634332e-08 1
LGIC_C 388 -0.0238615511 0.413152319 0.0250140045 -3.14742797e-08 4.96100914e-08 -1
LGIC_C 390 0.55635904 -0.0272850444 0.0250140081 -4.34088182e-08 2.48392526e-08 1
LGIC_C 392 -0.238774334 -0.583208326 0.0250140052 -2.90231482e-08 4.96101036e-08 1
LGIC_C 393 -0.0487394078 -0.290879516 0.0250139963 8.63456455e-09 4.34088336e-08 1
LGIC_C 395 0.367367815 0.394278803 0.0250140071 1.3130701e-08 4.82586573e-08 -1
LGIC_C 396 0.239985062 0.393310303 0.0250140054 1.3130701e-08 4.82586573e-08 -1
LGIC_C 397 -0.67799187 0.276852757 0.0250140151 4.34088259e-08 -8.63455061e-09 1
LGIC_C 398 -0.534568292 0.251501896 0.0250140134 3.37890593e-08 -4.80634052e-08 1
LGIC_C 399 0.591721325 -0.15671006 0.0250140175 -4.96100802e-08 3.14742968e-08 1
NT 7181 0.299023032 -5.30735583 -2.90119063 0 0 0
NT 7817 0.198557942 2.12724551 -1.84958608 0 0 0
LGIC_O 4402 -0.0345878633 0.265675272 0.025013999 1.15127271e-08 -5.78784352e-08 1
LGIC_O 4401 -0.1840676 0.0972239463 0.0250139942 3.37890593e-08 -4.80634052e-08 1
LGIC_O 4400 -0.175025146 0.0137516014 0.0250139927 5.7878425e-08 4.89846948e-08 1
LGIC_O 8441 0.636913646 -0.12672076 0.0250140188 -4.96100802e-08 3.14742968e-08 1
LGIC_O 8440 0.314831804 -0.521242477 0.0250140191 -3.27854948e-08 4.90669785e-08 1
LGIC_O 8439 0.567487089 -0.204519113 0.0250140184 -5.78784275e-08 1.15127558e-08 1
LGIC_O 8438 -0.495463838 -0.478991786 0.0250140171 1.45571809e-08 5.5602105e-08 1
LGIC_O 8437 -0.0865332912 0.0753896135 0.0250139898 3.37890593e-08 -4.80634052e-08 1
LGIC_O 8436 0.281965125 0.349247805 0.0250140096 -3.27855134e-08 -4.90669575e-08 1
LGIC_O 8435 -0.281577291 0.489075666 0.0250140165 3.27854968e-08 -4.90669676e-08 1
LGIC_O 8434 -0.605092982 -0.110313414 0.0250140129 5.7878436e-08 -4.89847332e-08 1
LGIC_O 8433 0.701586212 -0.0117142491 0.0250140184 -4.96100802e-08 3.14742968e-08 1
LGIC_O 8432 0.426050556 0.664856809 0.0250140182 -2.45891309e-08 -3.68002211e-08 1
LGIC_O 8431 -0.53569519 -0.176489801 0.025014008 4.34088238e-08 8.63459484e-09 1
LGIC_O 8430 -0.206044735 -0.180448528 0.0250139982 6.28883752e-09 7.55636663e-08 1
LGIC_O 8429 0.342033035 -0.34268384 0.0250140113 -3.27854948e-08 4.90669785e-08 1
LGIC_O 8428 0.576112066 -0.314703408 0.0250140178 -3.37890406e-08 4.80634332e-08 1
LGIC_O 8427 0.236726308 -0.318077646 0.0250140066 -3.27854948e-08 4.90669785e-08 1
LGIC_O 8426 -0.0976488914 -0.110862836 0.0250139913 7.55636799e-08 6.2887973e-09 1
LGIC_O 8425 0.534646383 -0.195059479 0.0250140164 -5.78784275e-08 1.15127558e-08 1
LGIC_O 8424 0.219544679 -0.315091025 0.0250140059 -3.27854948e-08 4.90669785e-08 1
LGIC_O 8423 -0.608846757 -0.593779315 0.0250140203 3.68002489e-08 2.45891179e-08 1
LGIC_O 8422 0.564815598 -0.372450199 0.0250140202 -3.37890406e-08 4.80634332e-08 1
LGIC_O 8421 0.550750457 0.0902902064 0.0250140162 -5.78784335e-08 -1.15127284e-08 1
LGIC_O 8420 0.175418091 0.0610257495 0.0250139941 -5.78784335e-08 -1.15127284e-08 1
LGIC_O 8419 0.142777714 0.100831833 0.0250139936 -4.90669739e-08 -3.27854893e-08 1
LGIC_O 4418 0.0575220985 -0.190210297 0.0250139949 -1.15127059e-08 5.78784511e-08 1
LGIC_O 4417 -0.118754336 -0.170834128 0.0250139938 2.81018674e-08 4.20574117e-08 1
LGIC_O 4416 0.593239316 0.0786534269 0.0250140185 -5.78784335e-08 -1.15127284e-08 1
LGIC_O 4415 0.0853954366 -0.420999761 0.0250140086 -1.15127059e-08 5.78784511e-08 1
LGIC_O 4414 -0.374457097 -0.228026162 0.0250140026 3.68002489e-08 2.45891179e-08 1
LGIC_O 4413 0.577482781 -0.285169834 0.0250140164 -3.37890406e-08 4.80634332e-08 1
LGIC_O 4412 -0.484325859 0.306166979 0.0250140144 3.37890593e-08 -4.80634052e-08 1
LGIC_O 4411 0.44777829 -0.0963194904 0.0250140103 -5.78784275e-08 1.15127558e-08 1
LGIC_O 4410 0.28281874 -0.503567977 0.0250140172 -3.27854948e-08 4.90669785e-08 1
LGIC_O 4409 -0.116204576 -0.152585731 0.025013993 7.55636799e-08 6.2887973e-09 1
LGIC_O 4408 -0.333519821 0.289166147 0.0250140084 3.37890593e-08 -4.80634052e-08 1
LGIC_O 4407 -0.148720782 -0.636306108 0.0250140163 9.8680833e-09 4.96100963e-08 1
LGIC_O 4406 0.336173082 -0.328141715 0.0250140105 -4.90669481e-08 3.27855328e-08 1
LGIC_O 4405 -0.249510429 -0.168914007 0.0250139976 6.28883752e-09 7.55636663e-08 1
LGIC_O 4404 0.0811982327 0.141649416 0.0250139929 -3.27855134e-08 -4.90669575e-08 1
LGIC_O 4403 0.0533120499 -0.19689515 0.0250139952 -1.15127059e-08 5.78784511e-08 1
