LGIC_C 0 0.448850893 0.211284072 0.0250140081 -4.20574004e-08 -2.81018564e-08 1
LGIC_C 1 -0.241130952 0.0651702189 0.0250139943 4.34088259e-08 -8.63455061e-09 1
LGIC_C 2 -0.55635767 0.111419391 0.025014012 4.96100897e-08 -9.86805572e-09 1
LGIC_C 3 0.269247795 -0.696647901 0.0250140204 -9.86804037e-09 4.96101e-08 1
LGIC_C 4 -0.465115566 -0.223206104 0.025014003 6.28883752e-09 7.55636663e-08 1
LGIC_C 5 0.0944635929 -0.58450218 0.0250140161 1.00935263e-08 5.7878447e-08 1
LGIC_C 6 -0.299331815 0.481356654 0.0250140147 1.28239438e-08 -5.73353116e-08 1
LGIC_C 7 -0.715665673 0.445376348 0.0121344675 -0.827617296 0.552995934 0.0961514895
LGIC_C 8 -0.136469011 0.29118447 0.0250139973 2.45891128e-08 -3.68002333e-08 1
LGIC_C 9 -0.412272065 -0.28406138 0.0250140073 6.28883752e-09 7.55636663e-08 1
LGIC_C 10 -0.349803424 -0.612382457 0.0250140158 3.95603082e-08 3.05989652e-08 1
LGIC_C 11 0.140450607 0.547506472 0.0250140095 -6.33660387e-09 4.96100877e-08 -1
LGIC_C 12 0.396532235 0.227492091 0.0250140102 -4.90669739e-08 -3.27854893e-08 1
LGIC_C 13 0.723677658 -0.110015715 0.0250140202 -4.96100859e-08 9.86807898e-09 1
LGIC_C 14 0.69137649 0.228606649 0.0250140161 -4.96100869e-08 6.3366408e-09 1
LGIC_C 15 -0.479087416 -0.355526228 0.0250140088 5.39043203e-09 6.47688584e-08 1
LGIC_C 16 0.642784928 -0.096719857 0.0250140161 -4.96100859e-08 9.86807898e-09 1
LGIC_C 17 -0.570906752 0.384052092 0.0250140159 -4.82586679e-08 1.31306769e-08 -1
LGIC_C 18 0.320913154 -0.488324373 0.0250140128 -2.81018481e-08 4.20574137e-08 1
LGIC_C 21 -0.0369519425 -0.233055728 0.0250139937 -2.90231482e-08 4.96101036e-08 1
LGIC_C 22 0.222934129 0.624115138 0.0250140164 -9.86806672e-09 -4.96100854e-08 1
LGIC_C 23 -0.513780777 0.443609665 0.0250140131 3.68002297e-08 -2.45891157e-08 1
LGIC_C 24 0.143180741 0.429757181 0.025014006 -9.86806672e-09 -4.96100854e-08 1
LGIC_C 25 0.35824053 -0.0531984781 0.0250139992 -4.34088226e-08 8.63456802e-09 1
LGIC_C 27 -0.280181331 0.542677235 0.0250140191 3.27854968e-08 -4.90669676e-08 1
LGIC_C 28 0.687847825 0.14780706 0.0250140144 -4.34088272e-08 -8.63453573e-09 1
LGIC_C 30 0.696183456 0.135417447 0.0250140169 -4.96100869e-08 6.3366408e-09 1
LGIC_C 31 -0.413450053 -0.423885187 0.0250140126 3.95603082e-08 3.05989652e-08 1
LGIC_C 32 0.0608583149 0.109950904 0.0250139894 1.3130701e-08 4.82586573e-08 -1
LGIC_C 33 -0.0118787766 0.632431828 0.0250140108 8.63455111e-09 -4.34088279e-08 1
LGIC_C 35 -0.147657028 -0.470155871 0.0250140023 -2.90231482e-08 4.96101036e-08 1
LGIC_C 36 0.470371533 -0.591584977 0.0250140166 -2.45891087e-08 3.68002429e-08 1
LGIC_C 37 0.0982049002 0.765888287 0.0250140174 -8.63455884e-09 -4.34088253e-08 1
LGIC_C 38 0.769807631 -0.336245347 0.0250140201 -3.05989503e-08 3.95603122e-08 1
LGIC_C 39 0.703655119 0.24651351 0.0250140159 -4.34088272e-08 -8.63453573e-09 1
LGIC_C 40 -0.671507457 0.0173521704 0.0250140129 4.34088279e-08 -2.48392273e-08 1
LGIC_C 41 -0.549808819 0.625828517 0.0250140198 2.45891128e-08 -3.68002333e-08 1
LGIC_C 42 -0.268293447 -0.69803084 0.0250140159 8.63456455e-09 4.34088336e-08 1
LGIC_C 43 -0.574785018 -0.463067012 0.025014013 1.15916899e-08 4.97976879e-08 1
LGIC_C 44 0.295101094 0.515955434 0.025014012 1.3130701e-08 4.82586573e-08 -1
LGIC_C 45 0.00646336034 -0.171812539 0.0250139917 6.33663526e-09 4.9610097e-08 1
LGIC_C 46 -0.240304987 -0.207434777 0.025013998 5.39043203e-09 6.47688584e-08 1
LGIC_C 47 0.54712221 -0.18708153 0.025014017 -5.78784275e-08 1.15127558e-08 1
LGIC_C 48 -0.100797109 -0.419639331 0.0250140023 8.63456455e-09 4.34088336e-08 1
LGIC_C 51 -0.575729673 -0.0124941264 0.0250140079 -4.34088282e-08 2.70157287e-08 -1
LGIC_C 52 0.6584784 -0.188890197 0.0250140165 -4.34088182e-08 2.48392526e-08 1
LGIC_C 53 0.40462131 -0.105604223 0.0250140034 -4.34088182e-08 2.48392526e-08 1
LGIC_C 54 -0.0194905845 -0.214346977 0.0250139947 -4.89847109e-08 5.78784581e-08 1
LGIC_C 55 0.420300694 0.518674555 0.0250140138 1.3130701e-08 4.82586573e-08 -1
LGIC_C 56 -0.170107729 -0.243927458 0.0250139963 -5.56021111e-08 -1.45571543e-08 -1
LGIC_C 57 -0.0907259873 0.424889568 0.0250140072 -3.14742797e-08 4.96100914e-08 -1
LGIC_C 58 0.482871516 -0.117397981 0.0250140071 -4.34088182e-08 2.48392526e-08 1
LGIC_C 59 -0.365327171 -0.182291834 0.0250139987 1.45571809e-08 5.5602105e-08 1
LGIC_C 60 0.124572507 0.532863867 0.0250140136 -3.14742949e-08 -4.96100822e-08 1
LGIC_C 61 -0.425165369 0.327786951 0.0250140104 4.20574045e-08 -2.81018523e-08 1
LGIC_C 62 -0.0394646099 0.378976858 0.0250140033 -3.14742797e-08 4.96100914e-08 -1
LGIC_C 63 0.268397641 -0.0197882178 0.0250139967 -4.96100859e-08 9.86807898e-09 1
LGIC_C 64 -0.242086791 0.0347414227 0.0250139956 5.7878425e-08 4.89846948e-08 1
LGIC_C 65 0.0113448644 0.371401617 0.0250140016 -6.33660387e-09 4.96100877e-08 -1
LGIC_C 66 -0.214438605 -0.366883495 0.025014002 2.45891453e-08 3.68002268e-08 1
LGIC_C 67 -0.451612545 0.423826499 0.0250140181 6.28881943e-09 -7.55636452e-08 1
LGIC_C 68 -0.689373791 -0.136547524 0.0250140095 -4.34088282e-08 2.70157287e-08 -1
LGIC_C 69 -0.640857257 -0.283202905 0.0250140138 3.68002489e-08 2.45891179e-08 1
LGIC_C 70 -0.0502948686 0.37876744 0.0250140001 8.63455111e-09 -4.34088279e-08 1
LGIC_C 72 0.103579137 0.403855973 0.0250140017 -8.63455884e-09 -4.34088253e-08 1
LGIC_C 73 -0.0527907413 0.024452599 0.0250139862 4.20574045e-08 -2.81018523e-08 1
LGIC_C 74 0.550273763 0.471791891 0.025014016 -4.82586616e-08 -1.31306776e-08 1
LGIC_C 75 0.497337363 -0.574463752 0.0250140166 -2.45891087e-08 3.68002429e-08 1
LGIC_C 76 -0.717840085 0.0462617793 0.0250140175 4.96100851e-08 2.90231542e-08 1
LGIC_C 77 0.355137873 -0.253415551 0.0250140041 -3.05989503e-08 3.95603122e-08 1
LGIC_C 79 -0.615003328 -0.279216803 0.0250140043 1.15916899e-08 4.97976879e-08 1
LGIC_C 80 0.734779883 0.0248115889 0.0250140153 -4.34088272e-08 -8.63453573e-09 1
LGIC_C 81 0.0794305703 0.633266075 0.0250140142 -6.33660387e-09 4.96100877e-08 -1
LGIC_C 82 0.458563201 -0.301633637 0.0250140092 -3.05989503e-08 3.95603122e-08 1
LGIC_C 83 -0.364568957 0.226310906 0.0250140038 -4.82586679e-08 1.31306769e-08 -1
LGIC_C 84 0.222821547 0.520746874 0.0250140113 1.3130701e-08 4.82586573e-08 -1
LGIC_C 85 -0.0307707793 0.0484915845 0.0250139864 1.28239438e-08 -5.73353116e-08 1
LGIC_C 87 -0.31601445 -0.217329152 0.0250139999 1.45571809e-08 5.5602105e-08 1
LGIC_C 88 -0.516809492 -0.444663733 0.0250140114 1.15916899e-08 4.97976879e-08 1
LGIC_C 89 0.215221748 -0.517995803 0.0250140111 -1.31306721e-08 4.82586744e-08 1
LGIC_C 90 -0.372151554 -0.334496008 0.0250140073 1.45571809e-08 5.5602105e-08 1
LGIC_C 91 0.171039567 0.829329796 -0.0299024439 0.194186548 0.976240951 0.0961519121
LGIC_C 92 0.19884589 -0.753878227 0.0250140194 6.33663526e-09 4.9610097e-08 1
LGIC_C 93 -0.0142463659 0.547112365 0.0250140103 -6.33661298e-09 -4.96100859e-08 1
LGIC_C 94 0.184166349 -0.0152290269 0.0250139928 -4.96100802e-08 3.14742968e-08 1
LGIC_C 95 -0.312600886 -0.448256042 0.0250140072 -5.56021111e-08 -1.45571543e-08 -1
LGIC_C 96 0.27700348 -0.0715374882 0.0250139977 -4.96100859e-08 9.86807898e-09 1
LGIC_C 97 -0.399840589 0.0513187497 0.0250140016 4.96100851e-08 2.90231542e-08 1
LGIC_C 98 -0.303713025 -0.604299995 0.0250140138 3.95603082e-08 3.05989652e-08 1
LGIC_C 99 0.217032347 -0.039629151 0.0250139952 -4.96100802e-08 3.14742968e-08 1
LGIC_C 100 -0.405598669 -0.449282456 0.0250140098 2.45891453e-08 3.68002268e-08 1
LGIC_C 101 -0.350285856 0.0373179389 0.025014001 4.96100897e-08 -9.86805572e-09 1
LGIC_C 102 -0.397202849 0.434561174 0.0250140133 1.28239438e-08 -5.73353116e-08 1
LGIC_C 103 -0.457258203 -0.0145935418 0.0250140027 -4.34088282e-08 2.70157287e-08 -1
LGIC_C 104 0.564544139 -0.191423326 0.0250140131 -4.96100859e-08 9.86807898e-09 1
LGIC_C 105 -0.282290739 0.108727275 0.0250139982 4.34088279e-08 -2.48392273e-08 1
LGIC_C 106 -0.244660383 0.764801828 0.0250140186 8.63455111e-09 -4.34088279e-08 1
LGIC_C 107 -0.669012542 -0.236817813 0.0250140143 4.34088238e-08 8.63459484e-09 1
LGIC_C 108 -0.0422449183 -0.499585337 0.025014006 2.48392553e-08 4.34088306e-08 1
LGIC_C 110 -0.281058962 -0.761935532 0.0250140187 8.63456455e-09 4.34088336e-08 1
LGIC_C 111 -0.496961193 -0.104192082 0.0250140049 -4.96100919e-08 2.90231703e-08 -1
LGIC_C 112 0.662498894 -0.0657963613 0.0250140182 -4.96100802e-08 3.14742968e-08 1
LGIC_C 113 -0.065483594 -0.689946887 0.0250140148 2.48392553e-08 4.34088306e-08 1
LGIC_C 114 -0.36323904 0.392497121 0.0250140104 1.28239438e-08 -5.73353116e-08 1
LGIC_C 115 0.457325951 -0.390083252 0.0250140127 -3.05989503e-08 3.95603122e-08 1
LGIC_C 116 0.116688128 -0.48190353 0.0250140099 1.00935263e-08 5.7878447e-08 1
LGIC_C 117 -0.195937403 -0.0584437271 0.0250139905 4.96100935e-08 -4.19869172e-08 1
LGIC_C 118 -0.338373996 -0.341833785 0.0250140071 -5.56021111e-08 -1.45571543e-08 -1
LGIC_C 119 0.113030752 0.474468333 0.0250140079 -9.86806672e-09 -4.96100854e-08 1
LGIC_C 120 0.0289588797 0.507414254 0.0250140083 -6.33660387e-09 4.96100877e-08 -1
LGIC_C 121 -0.504024659 -0.450287926 0.0250140115 1.15916899e-08 4.97976879e-08 1
LGIC_C 122 0.636190407 -0.406699967 0.0250140166 -3.68002179e-08 2.45891393e-08 1
LGIC_C 124 0.588652862 -0.499574798 0.0250140172 -3.68002179e-08 2.45891393e-08 1
LGIC_C 125 0.107055108 -0.172954463 0.025013993 -1.31306721e-08 4.82586744e-08 1
LGIC_C 126 0.610814467 -0.378515695 0.0250140169 -3.05989503e-08 3.95603122e-08 1
LGIC_C 127 0.192849315 -0.247191555 0.0250139977 -1.31306721e-08 4.82586744e-08 1
LGIC_C 128 0.227682638 -0.267565666 0.0250139987 -2.45891087e-08 3.68002429e-08 1
LGIC_C 129 0.465673707 -0.0632619446 0.025014004 -4.34088226e-08 8.63456802e-09 1
LGIC_C 130 -0.516076154 0.210663765 0.0250140075 4.34088259e-08 -8.63455061e-09 1
LGIC_C 131 0.405122805 0.160013058 0.0250140085 -5.78784335e-08 -1.15127284e-08 1
LGIC_C 132 -0.153782735 0.0486331995 0.0250139898 5.7878425e-08 4.89846948e-08 1
LGIC_C 133 -0.583059418 -0.0660826377 0.0250140091 4.34088238e-08 8.63459484e-09 1
LGIC_C 134 0.215431905 -0.623782769 0.0250140122 -8.63454093e-09 4.34088369e-08 1
LGIC_C 135 -0.244952027 -0.240907699 0.025014003 6.28883752e-09 7.55636663e-08 1
LGIC_C 136 0.423685431 -0.35355121 0.0250140075 -3.68002179e-08 2.45891393e-08 1
LGIC_C 137 0.371255034 -0.406524526 0.0250140077 -1.31306721e-08 4.82586744e-08 1
LGIC_C 138 -0.68339558 -0.230912344 0.0250140075 4.96100935e-08 -4.19869172e-08 1
LGIC_C 139 0.163416213 -0.0115596515 0.0250139917 -4.96100802e-08 3.14742968e-08 1
LGIC_C 140 0.539002125 0.565422395 0.0250140173 -2.45891309e-08 -3.68002211e-08 1
LGIC_C 141 0.444489563 0.104453423 0.0250140034 -4.34088272e-08 -8.63453573e-09 1
LGIC_C 142 -0.426426151 -0.58316566 0.025014018 3.95603082e-08 3.05989652e-08 1
LGIC_C 144 -0.47177231 -0.477675168 0.0250140164 -5.56021111e-08 -1.45571543e-08 -1
LGIC_C 145 0.229831505 0.00165836339 0.0250139946 -4.96100869e-08 6.3366408e-09 1
LGIC_C 146 0.0776055511 0.551082532 0.0250140114 -9.86806672e-09 -4.96100854e-08 1
LGIC_C 147 -0.362999614 -0.346107925 0.0250140047 1.15916899e-08 4.97976879e-08 1
LGIC_C 149 0.503045274 0.471670645 0.0250140134 -3.68002282e-08 -2.45891172e-08 1
LGIC_C 150 0.382879597 0.153149636 0.0250140013 -4.96100869e-08 6.3366408e-09 1
LGIC_C 151 -0.116394895 -0.71400601 0.0250140152 8.63456455e-09 4.34088336e-08 1
LGIC_C 152 0.291056933 0.516868703 0.025014012 1.3130701e-08 4.82586573e-08 -1
LGIC_C 153 0.143732304 -0.199810585 0.0250139965 -1.28239349e-08 5.73353226e-08 1
LGIC_C 154 0.126396323 0.431448657 0.0250140059 -9.86806672e-09 -4.96100854e-08 1
LGIC_C 155 -0.501524909 0.119498256 0.0250140061 4.34088259e-08 -8.63455061e-09 1
LGIC_C 156 -0.253415139 0.0328977539 0.0250139946 4.34088259e-08 -8.63455061e-09 1
LGIC_C 157 -0.43876276 0.239346571 0.0250140041 6.28881943e-09 -7.55636452e-08 1
LGIC_C 158 0.359412518 0.150959194 0.0250140026 -4.20574004e-08 -2.81018564e-08 1
LGIC_C 159 0.78802507 0.108145818 0.0250140184 -4.34088272e-08 -8.63453573e-09 1
LGIC_C 160 -0.323815425 -0.109003983 0.0250139944 -4.34088282e-08 2.70157287e-08 -1
LGIC_C 161 -0.369958834 0.00525688326 0.0250140017 4.96100897e-08 -9.86805572e-09 1
LGIC_C 162 0.452671577 0.0797628679 0.0250140065 -4.96100911e-08 -9.86803575e-09 1
LGIC_C 163 0.309121219 -0.218285521 0.0250140024 -4.20573976e-08 2.81018683e-08 1
LGIC_C 164 0.282006409 -0.593516329 0.0250140156 -1.31306721e-08 4.82586744e-08 1
LGIC_C 165 -0.35412138 0.0062485275 0.0250140006 4.96100851e-08 2.90231542e-08 1
LGIC_C 166 -0.126287401 -0.683273115 0.025014016 2.48392553e-08 4.34088306e-08 1
LGIC_C 167 -0.560108265 0.537867753 0.0250140171 3.68002297e-08 -2.45891157e-08 1
LGIC_C 168 -0.472613969 -0.264380594 0.0250140029 5.39043203e-09 6.47688584e-08 1
LGIC_C 169 0.672798478 -0.521222897 -0.0457985946 0.827616944 -0.552996408 0.0961517878
LGIC_C 171 -0.218476136 0.358674695 0.0250140066 1.28239438e-08 -5.73353116e-08 1
LGIC_C 172 0.26119546 0.121917431 0.0250139977 -4.20574004e-08 -2.81018564e-08 1
LGIC_C 173 0.689403229 0.341162867 0.025014017 -3.68002282e-08 -2.45891172e-08 1
LGIC_C 174 -0.100940381 -0.512355898 0.025014008 2.48392553e-08 4.34088306e-08 1
LGIC_C 175 0.416023312 -0.339617468 0.0250140136 -3.37890406e-08 4.80634332e-08 1
LGIC_C 177 0.304620925 0.340782475 0.0250140061 -2.81018716e-08 -4.20573923e-08 1
LGIC_C 178 0.112821712 -0.60350499 0.0250140125 6.33663526e-09 4.9610097e-08 1
LGIC_C 180 -0.117083737 0.235480565 0.0250139965 2.8101852e-08 -4.20574041e-08 1
LGIC_C 181 -0.655807733 -0.31811379 0.0250140074 5.39043203e-09 6.47688584e-08 1
LGIC_C 183 0.666424401 0.30297888 0.0250140194 -4.82586616e-08 -1.31306776e-08 1
LGIC_C 184 0.688602898 -0.0653012282 0.0250140147 -4.34088182e-08 2.48392526e-08 1
LGIC_C 185 0.373517385 -0.227127253 0.0250140036 -3.05989503e-08 3.95603122e-08 1
LGIC_C 186 -0.609158321 -0.290363434 0.0250140053 5.39043203e-09 6.47688584e-08 1
LGIC_C 188 -0.771930645 0.0791654801 0.0250140175 4.34088259e-08 -8.63455061e-09 1
LGIC_C 189 -0.555628076 0.300728221 0.0250140151 4.20574045e-08 -2.81018523e-08 1
LGIC_C 190 0.331128292 -0.676999151 0.0250140163 -2.45891087e-08 3.68002429e-08 1
LGIC_C 191 -0.44985695 -0.280760274 0.0250140038 5.39043203e-09 6.47688584e-08 1
LGIC_C 192 -0.270007978 0.101039106 0.0250139959 4.34088259e-08 -8.63455061e-09 1
LGIC_C 193 0.220092693 0.0597698735 0.0250139947 -4.96100911e-08 -9.86803575e-09 1
LGIC_C 194 -0.758038939 0.349495905 0.0250140198 3.68002297e-08 -2.45891157e-08 1
LGIC_C 195 0.402666497 0.402956008 0.0250140115 -2.81018716e-08 -4.20573923e-08 1
LGIC_C 196 0.701778772 0.358384647 0.0250140179 -3.68002282e-08 -2.45891172e-08 1
LGIC_C 197 -0.236710961 -0.562491821 0.0250140098 2.45891453e-08 3.68002268e-08 1
LGIC_C 198 0.499692311 -0.0572703281 0.0250140054 -4.34088226e-08 8.63456802e-09 1
LGIC_C 199 0.663230833 0.239748539 0.0250140146 -4.96100869e-08 6.3366408e-09 1
LGIC_C 200 0.713165 -0.321004576 0.0250140174 -3.68002179e-08 2.45891393e-08 1
LGIC_C 201 0.234478822 0.146875861 0.0250139972 -4.20574004e-08 -2.81018564e-08 1
LGIC_C 202 -0.00143535704 -0.357692641 0.0250139988 2.48392553e-08 4.34088306e-08 1
LGIC_C 203 -0.146067677 -0.00261291149 0.0250139904 4.96100935e-08 -4.19869172e-08 1
LGIC_C 204 -0.409819347 0.5767327 0.025014019 2.8101852e-08 -4.20574041e-08 1
LGIC_C 205 -0.0909178615 0.264385011 0.0250139973 9.86805557e-09 -4.96100883e-08 1
LGIC_C 206 0.673381868 -0.367454599 0.025014017 -3.68002179e-08 2.45891393e-08 1
LGIC_C 207 -0.133730268 -0.49192579 0.0250140051 -4.89847109e-08 5.78784581e-08 1
LGIC_C 208 -0.46080208 0.408738413 0.0250140109 -4.82586679e-08 1.31306769e-08 -1
LGIC_C 209 -0.030174391 -0.00631831337 0.0250139877 -1.38908242e-07 -2.76307273e-08 -1
LGIC_C 210 0.1225873 0.279842683 0.025014001 -3.27855134e-08 -4.90669575e-08 1
LGIC_C 212 -0.386483805 -0.560176993 0.0250140129 -5.56021111e-08 -1.45571543e-08 -1
LGIC_C 213 0.336570051 -0.392937337 0.0250140092 -2.81018481e-08 4.20574137e-08 1
LGIC_C 214 0.449534479 -0.110138334 0.0250140037 -4.34088226e-08 8.63456802e-09 1
LGIC_C 215 -0.515631252 -0.0292206211 0.0250140059 4.34088238e-08 8.63459484e-09 1
LGIC_C 216 0.143207422 -0.212480756 0.0250139954 -1.31306721e-08 4.82586744e-08 1
LGIC_C 217 0.440554166 -0.354067608 0.0250140151 -3.37890406e-08 4.80634332e-08 1
LGIC_C 218 -0.271568351 0.488563361 0.0250140104 1.31306824e-08 -4.82586643e-08 1
LGIC_C 219 -0.268804517 -0.441183937 0.0250140074 3.95603082e-08 3.05989652e-08 1
LGIC_C 220 -0.728994838 -0.310962099 0.0250140177 3.68002489e-08 2.45891179e-08 1
LGIC_C 221 0.65830532 -0.43529479 0.0250140182 -3.68002179e-08 2.45891393e-08 1
LGIC_C 222 -0.519085423 -0.199700635 0.0250140032 -4.96100919e-08 2.90231703e-08 -1
LGIC_C 223 0.22493322 0.387573695 0.0250140072 -4.80634192e-08 -3.37890445e-08 1
LGIC_C 224 -0.37153102 0.0333339863 0.0250140007 4.96100851e-08 2.90231542e-08 1
LGIC_C 225 0.198890014 -0.676815323 0.0250140143 -8.63454093e-09 4.34088369e-08 1
LGIC_C 226 0.370769452 -0.165507604 0.0250140009 -3.68002179e-08 2.45891393e-08 1
LGIC_C 227 -0.167010311 0.485933333 0.0250140058 8.63455111e-09 -4.34088279e-08 1
LGIC_C 228 0.262134296 -0.296731137 0.025014001 -1.31306721e-08 4.82586744e-08 1
LGIC_C 229 -0.559048664 -0.0635083959 0.0250140081 4.34088238e-08 8.63459484e-09 1
LGIC_C 230 -0.678612452 -0.16350923 0.0250140083 -4.34088282e-08 2.70157287e-08 -1
LGIC_C 231 0.542469677 0.265882853 0.0250140135 -4.20574004e-08 -2.81018564e-08 1
LGIC_C 232 -0.353707883 0.778850689 -0.00444988096 -0.552995842 0.827617335 0.0961516821
LGIC_C 233 0.307339408 0.242750968 0.0250140013 -4.82586616e-08 -1.31306776e-08 1
LGIC_C 234 0.0143252651 -0.440139425 0.0250140025 -8.63454093e-09 4.34088369e-08 1
LGIC_C 235 0.371749059 0.459385927 0.025014013 -2.81018716e-08 -4.20573923e-08 1
LGIC_C 236 0.26942947 -0.00331314921 0.025013995 -4.34088182e-08 2.48392526e-08 1
LGIC_C 239 0.499952756 -0.231223279 0.0250140108 -4.20573976e-08 2.81018683e-08 1
LGIC_C 240 0.151853271 -0.245945168 0.0250139993 -1.28239349e-08 5.73353226e-08 1
LGIC_C 241 -0.189297133 0.197801803 0.0250139969 2.8101852e-08 -4.20574041e-08 1
LGIC_C 242 0.5954535 -0.308219386 0.0250140182 -3.37890406e-08 4.80634332e-08 1
LGIC_C 243 -0.653399375 0.269362934 0.0250140183 4.96100897e-08 -9.86805572e-09 1
LGIC_C 246 0.373014722 0.401769249 0.0250140072 -2.45891309e-08 -3.68002211e-08 1
LGIC_C 247 -0.482240773 0.637991824 0.0250140186 2.45891128e-08 -3.68002333e-08 1
LGIC_C 248 0.0954053312 -0.0547566804 0.0250139881 -3.68002179e-08 2.45891393e-08 1
LGIC_C 249 0.516098533 -0.056457081 0.0250140106 -4.96100802e-08 3.14742968e-08 1
LGIC_C 250 0.253824669 0.533873061 0.0250140135 -4.80634192e-08 -3.37890445e-08 1
LGIC_C 251 0.00980712898 0.571141733 0.0250140115 -6.33660387e-09 4.96100877e-08 -1
LGIC_C 252 0.195295921 0.511235828 0.0250140148 -3.14742949e-08 -4.96100822e-08 1
LGIC_C 253 0.533686466 0.287101316 0.0250140128 -4.82586616e-08 -1.31306776e-08 1
LGIC_C 255 -0.699160818 -0.111899578 0.0250140106 -4.34088282e-08 2.70157287e-08 -1
LGIC_C 256 -0.302063594 0.578456904 0.025014012 2.45891128e-08 -3.68002333e-08 1
LGIC_C 257 0.282098536 0.305281583 0.0250140014 -2.45891309e-08 -3.68002211e-08 1
LGIC_C 258 -0.305441158 0.604370864 0.025014013 2.45891128e-08 -3.68002333e-08 1
LGIC_C 260 -0.0364908209 -0.602945576 0.0250140135 9.8680833e-09 4.96100963e-08 1
LGIC_C 261 0.0797656362 0.637887268 0.0250140116 -8.63455884e-09 -4.34088253e-08 1
LGIC_C 262 -0.340878071 0.375372054 0.0250140059 1.31306824e-08 -4.82586643e-08 1
LGIC_C 263 -0.664997007 -0.15141479 0.025014008 -4.34088282e-08 2.70157287e-08 -1
LGIC_C 264 0.396035914 -0.383093748 0.0250140072 -3.68002179e-08 2.45891393e-08 1
LGIC_C 265 0.199530479 -0.0153680135 0.025013995 -5.78784275e-08 1.15127558e-08 1
LGIC_C 266 -0.175121662 -0.356786431 0.0250140011 3.95603082e-08 3.05989652e-08 1
LGIC_C 267 -0.309332908 -0.251465223 0.0250140017 1.45571809e-08 5.5602105e-08 1
LGIC_C 268 -0.0429363726 -0.515961696 0.0250140076 -2.90231482e-08 4.96101036e-08 1
LGIC_C 269 -0.0881326336 0.592789265 0.0250140121 -6.33661298e-09 -4.96100859e-08 1
LGIC_C 271 -0.506142749 -0.404627703 0.0250140118 3.68002489e-08 2.45891179e-08 1
LGIC_C 272 -0.328804786 0.265692954 0.0250140026 -4.82586679e-08 1.31306769e-08 -1
LGIC_C 273 0.716480412 -0.188455448 0.025014019 -4.34088182e-08 2.48392526e-08 1
LGIC_C 274 -0.308861034 0.429605612 0.0250140067 2.45891128e-08 -3.68002333e-08 1
LGIC_C 275 0.00984716484 -0.501019268 0.025014008 6.33663526e-09 4.9610097e-08 1
LGIC_C 276 -0.129722616 -0.432108032 0.0250140009 -2.90231482e-08 4.96101036e-08 1
LGIC_C 278 0.36834288 0.32796164 0.0250140049 -3.68002282e-08 -2.45891172e-08 1
LGIC_C 279 0.142684643 -0.0268445105 0.0250139897 -4.34088226e-08 8.63456802e-09 1
LGIC_C 280 -0.235199494 -0.158174458 0.0250139955 1.45571809e-08 5.5602105e-08 1
LGIC_C 281 0.424442177 0.456968526 0.0250140191 -4.80634192e-08 -3.37890445e-08 1
LGIC_C 282 -0.266533195 -0.450081431 0.0250140076 3.95603082e-08 3.05989652e-08 1
LGIC_C 283 -0.243958086 -0.473842441 0.0250140047 7.55636799e-08 6.2887973e-09 1
LGIC_C 284 0.233826468 -0.773854832 0.0250140188 -8.63454093e-09 4.34088369e-08 1
LGIC_C 286 -0.594926587 0.0250887731 0.025014012 4.96100851e-08 2.90231542e-08 1
LGIC_C 287 -0.0684032026 -0.122372982 0.0250139894 2.45891453e-08 3.68002268e-08 1
LGIC_C 288 0.0441257903 -0.42795119 0.0250140042 6.33663526e-09 4.9610097e-08 1
LGIC_C 289 0.0277764948 0.00568726092 0.0250139845 -4.34088272e-08 -8.63453573e-09 1
LGIC_C 290 -0.383049188 -0.545775681 0.025014017 2.81018674e-08 4.20574117e-08 1
LGIC_C 291 -0.512032386 0.426650152 0.0250140126 3.68002297e-08 -2.45891157e-08 1
LGIC_C 292 0.371061085 0.396257396 0.0250140103 -2.81018716e-08 -4.20573923e-08 1
LGIC_C 293 -0.668911852 -0.0815506315 0.0250140141 -4.96100919e-08 2.90231703e-08 -1
LGIC_C 295 -0.19603154 0.131666323 0.0250139945 6.28881943e-09 -7.55636452e-08 1
LGIC_C 296 0.490482741 0.227578594 0.0250140103 -4.20574004e-08 -2.81018564e-08 1
LGIC_C 297 0.0389579342 0.33633443 0.0250139982 -8.63455884e-09 -4.34088253e-08 1
LGIC_C 298 0.211987317 -0.566074372 0.0250140134 -9.86804037e-09 4.96101e-08 1
LGIC_C 299 -0.0316547264 -0.365381213 0.0250140017 9.8680833e-09 4.96100963e-08 1
LGIC_C 300 0.365879344 -0.0453845732 0.0250140002 -4.34088182e-08 2.48392526e-08 1
LGIC_C 301 0.158157408 0.409071398 0.0250140026 -6.33660387e-09 4.96100877e-08 -1
LGIC_C 302 0.404739685 0.359472414 0.0250140104 -4.20574004e-08 -2.81018564e-08 1
LGIC_C 303 -0.0317178392 0.353084012 0.0250140011 9.86805557e-09 -4.96100883e-08 1
LGIC_C 304 -0.152117929 0.320284091 0.0250140007 1.31306824e-08 -4.82586643e-08 1
LGIC_C 305 -0.451015991 0.268158234 0.0250140065 3.68002297e-08 -2.45891157e-08 1
LGIC_C 306 0.227660273 0.0968723253 0.0250139956 3.37890593e-08 4.80634111e-08 -1
LGIC_C 307 -0.444141901 0.278591382 0.0250140084 -4.82586679e-08 1.31306769e-08 -1
LGIC_C 308 0.672336269 -0.309005187 0.0250140156 -3.68002179e-08 2.45891393e-08 1
LGIC_C 309 0.141793085 0.120922799 0.0250139914 -3.68002282e-08 -2.45891172e-08 1
LGIC_C 310 0.154497586 0.82740111 0.0230875895 0.194186548 0.976240951 0.0961519121
LGIC_C 311 0.592061648 0.602083626 0.02501402 -2.45891309e-08 -3.68002211e-08 1
LGIC_C 312 0.272840317 0.225246361 0.025014001 -4.20574004e-08 -2.81018564e-08 1
LGIC_C 313 0.712849176 0.325777803 0.0250140175 -3.68002282e-08 -2.45891172e-08 1
LGIC_C 314 -0.215467572 0.538737505 0.0250140085 8.63455111e-09 -4.34088279e-08 1
LGIC_C 315 -0.0560176122 0.0222711971 0.0250139863 4.96100897e-08 -9.86805572e-09 1
LGIC_C 318 -0.197853964 -0.373318794 0.0250139997 -5.56021111e-08 -1.45571543e-08 -1
LGIC_C 319 -0.465451115 -0.0769217636 0.0250140014 -4.34088282e-08 2.70157287e-08 -1
LGIC_C 320 0.357033631 0.603567935 0.0250140187 -2.81018716e-08 -4.20573923e-08 1
LGIC_C 322 0.586081946 0.245645628 0.0250140147 -4.82586616e-08 -1.31306776e-08 1
LGIC_C 323 -0.324489606 -0.609948139 0.025014018 2.81018674e-08 4.20574117e-08 1
LGIC_C 324 0.0325541664 0.706152969 0.0250140181 -6.33660387e-09 4.96100877e-08 -1
LGIC_C 325 0.527316002 0.608319986 0.0250140186 -2.45891309e-08 -3.68002211e-08 1
LGIC_C 326 0.225991503 0.665888404 0.0250140149 -6.33660387e-09 4.96100877e-08 -1
LGIC_C 327 -0.335951249 -0.0483388834 0.0250139985 -4.96100919e-08 2.90231703e-08 -1
LGIC_C 328 -0.455283346 0.078332728 0.025014005 4.34088279e-08 -2.48392273e-08 1
LGIC_C 329 0.633243823 -0.187870681 0.0250140165 -4.96100859e-08 9.86807898e-09 1
LGIC_C 330 0.361559575 -0.0366392703 0.0250140023 -4.96100802e-08 3.14742968e-08 1
LGIC_C 331 0.223040015 -0.110295464 0.0250139944 -3.05989503e-08 3.95603122e-08 1
LGIC_C 332 -0.0196123864 -0.412785404 0.0250140039 9.8680833e-09 4.96100963e-08 1
LGIC_C 333 0.532080939 0.176799173 0.0250140079 -4.34088272e-08 -8.63453573e-09 1
LGIC_C 334 0.21622204 0.744697951 0.0250140175 -8.63455884e-09 -4.34088253e-08 1
LGIC_C 335 0.215518535 0.531509326 0.0250140083 -6.33660387e-09 4.96100877e-08 -1
LGIC_C 336 -0.661864623 0.00859284034 0.0250140122 4.34088279e-08 -2.48392273e-08 1
LGIC_C 337 -0.0409553316 -0.0272360129 0.0250139852 5.39043203e-09 6.47688584e-08 1
LGIC_C 338 -0.233389898 0.349074399 0.0250140019 2.45891128e-08 -3.68002333e-08 1
LGIC_C 339 0.133746962 -0.204672358 0.0250139949 -1.31306721e-08 4.82586744e-08 1
LGIC_C 340 -0.265610317 0.557059848 0.0250140142 2.8101852e-08 -4.20574041e-08 1
LGIC_C 341 -0.00693655712 -0.739279781 0.0250140154 8.63456455e-09 4.34088336e-08 1
LGIC_C 342 -0.783686499 -0.0893499636 0.0250140149 -4.34088282e-08 2.70157287e-08 -1
LGIC_C 343 0.207869115 0.478417441 0.0250140091 1.3130701e-08 4.82586573e-08 -1
LGIC_C 344 -0.118363127 0.00423729421 0.0250139899 5.7878425e-08 4.89846948e-08 1
LGIC_C 346 0.333936456 0.326520747 0.0250140036 -3.68002282e-08 -2.45891172e-08 1
LGIC_C 347 0.506214189 -0.154198874 0.0250140099 -4.96100859e-08 9.86807898e-09 1
LGIC_C 349 -0.214095378 -0.519659491 0.0250140028 -2.90231482e-08 4.96101036e-08 1
LGIC_C 350 -0.292552224 0.42328812 0.025014006 2.45891128e-08 -3.68002333e-08 1
LGIC_C 352 -0.175503733 -0.281637388 0.0250139988 3.95603082e-08 3.05989652e-08 1
LGIC_C 353 -0.325552646 0.149669865 0.0250140012 4.20574045e-08 -2.81018523e-08 1
LGIC_C 354 0.180548113 0.23850166 0.0250139984 -2.81018716e-08 -4.20573923e-08 1
LGIC_C 355 0.0765843649 -0.53386954 0.0250140134 1.00935263e-08 5.7878447e-08 1
LGIC_C 356 0.0874601038 0.667471091 0.025014013 -8.63455884e-09 -4.34088253e-08 1
LGIC_C 357 0.69610531 0.179306594 0.0250140166 -4.96100869e-08 6.3366408e-09 1
LGIC_C 358 0.114878241 -0.0711733419 0.0250139912 -4.90669481e-08 3.27855328e-08 1
LGIC_C 359 -0.289951462 0.235548383 0.0250140029 6.28881943e-09 -7.55636452e-08 1
LGIC_C 360 -0.496293333 0.419267419 0.0250140127 -4.82586679e-08 1.31306769e-08 -1
LGIC_C 361 0.5825051 -0.148726103 0.0250140136 -4.96100859e-08 9.86807898e-09 1
LGIC_C 362 -0.457307495 -0.0875730059 0.0250140034 -4.96100919e-08 2.90231703e-08 -1
LGIC_C 363 -0.313094895 0.415746849 0.0250140074 1.31306824e-08 -4.82586643e-08 1
LGIC_C 365 0.579225374 -0.418690018 0.0250140194 -4.20573976e-08 2.81018683e-08 1
LGIC_C 366 -0.330578741 -0.713314431 0.0250140182 3.95603082e-08 3.05989652e-08 1
LGIC_C 367 0.419213848 -0.107587989 0.0250140041 -4.34088182e-08 2.48392526e-08 1
LGIC_C 368 -0.172054794 -0.377540385 0.0250140016 3.95603082e-08 3.05989652e-08 1
LGIC_C 369 -0.139783453 -0.648413384 0.0250140113 -2.90231482e-08 4.96101036e-08 1
LGIC_C 370 -0.274219901 -0.609644556 0.0250140124 2.45891453e-08 3.68002268e-08 1
LGIC_C 371 0.238969373 0.000246926426 0.0250139936 -4.34088272e-08 -8.63453573e-09 1
LGIC_C 372 -0.00974775203 0.42496655 0.0250140018 8.63455111e-09 -4.34088279e-08 1
LGIC_C 373 -0.684931008 0.453329952 0.0250140196 3.68002297e-08 -2.45891157e-08 1
LGIC_C 374 0.030463295 -0.141621495 0.0250139901 6.33663526e-09 4.9610097e-08 1
LGIC_C 375 0.149112793 -0.668845008 0.0250140204 1.00935263e-08 5.7878447e-08 1
LGIC_C 376 0.384433608 0.375652738 0.02501401 -4.20574004e-08 -2.81018564e-08 1
LGIC_C 377 0.286975773 0.148362361 0.0250139975 -3.68002282e-08 -2.45891172e-08 1
LGIC_C 378 -0.5728642 0.0353414953 0.0250140107 4.96100851e-08 2.90231542e-08 1
LGIC_C 379 -0.0692788581 -0.455832431 0.0250140065 9.8680833e-09 4.96100963e-08 1
LGIC_C 380 0.133452779 0.594831832 0.0250140141 -9.86806672e-09 -4.96100854e-08 1
LGIC_C 381 0.00140754225 0.671540832 0.0250140166 -9.86806672e-09 -4.96100854e-08 1
LGIC_C 382 0.537921067 -0.296001375 0.0250140156 -3.37890406e-08 4.80634332e-08 1
LGIC_C 384 -0.470779939 -0.412589102 0.0250140174 6.28883752e-09 7.55636663e-08 1
LGIC_C 386 0.480690144 -0.427154648 0.0250140114 -3.68002179e-08 2.45891393e-08 1
LGIC_C 387 0.534907988 -0.246650225 0.0250140132 -3.37890406e-08 4.80634332e-08 1
LGIC_C 388 -0.0113723408 0.417960611 0.0250140041 9.86805557e-09 -4.96100883e-08 1
LGIC_C 390 0.536672855 -0.0979289001 0.025014009 -4.34088182e-08 2.48392526e-08 1
LGIC_C 392 -0.197539713 -0.552167462 0.0250140049 -2.90231482e-08 4.96101036e-08 1
LGIC_C 393 -0.0324150756 -0.263420217 0.025013995 8.63456455e-09 4.34088336e-08 1
LGIC_C 395 0.336247104 0.38961956 0.0250140065 1.3130701e-08 4.82586573e-08 -1
LGIC_C 396 0.248644258 0.393561723 0.0250140055 1.3130701e-08 4.82586573e-08 -1
LGIC_C 397 -0.64705901 0.237991098 0.0250140134 4.34088259e-08 -8.63455061e-09 1
LGIC_C 398 -0.568654264 0.257522006 0.0250140149 3.37890593e-08 -4.80634052e-08 1
LGIC_C 399 0.587926145 -0.150941228 0.0250140171 -4.96100802e-08 3.14742968e-08 1
NT 7181 -1.66936443 -7.66289815 -0.579391505 0 0 0
NT 7817 -0.649290053 3.3903118 0.635085984 0 0 0
LGIC_O 4402 -0.0345878633 0.265675272 0.025013999 1.15127271e-08 -5.78784352e-08 1
LGIC_O 4401 -0.1840676 0.0972239463 0.0250139942 3.37890593e-08 -4.80634052e-08 1
LGIC_O 4400 -0.175025146 0.0137516014 0.0250139927 5.7878425e-08 4.89846948e-08 1
LGIC_O 8441 0.636913646 -0.12672076 0.0250140188 -4.96100802e-08 3.14742968e-08 1
LGIC_O 8440 0.314831804 -0.521242477 0.0250140191 -3.27854948e-08 4.90669785e-08 1
LGIC_O 8439 0.567487089 -0.204519113 0.0250140184 -5.78784275e-08 1.15127558e-08 1
LGIC_O 8438 -0.495463838 -0.478991786 0.0250140171 1.45571809e-08 5.5602105e-08 1
LGIC_O 8437 -0.0865332912 0.0753896135 0.0250139898 3.37890593e-08 -4.80634052e-08 1
LGIC_O 8436 0.281965125 0.349247805 0.0250140096 -3.27855134e-08 -4.90669575e-08 1
LGIC_O 8435 -0.281577291 0.489075666 0.0250140165 3.27854968e-08 -4.90669676e-08 1
LGIC_O 8434 -0.605092982 -0.110313414 0.0250140129 5.7878436e-08 -4.89847332e-08 1
LGIC_O 8433 0.701586212 -0.0117142491 0.0250140184 -4.96100802e-08 3.14742968e-08 1
LGIC_O 8432 0.426050556 0.664856809 0.0250140182 -2.45891309e-08 -3.68002211e-08 1
LGIC_O 8431 -0.53569519 -0.176489801 0.025014008 4.34088238e-08 8.63459484e-09 1
LGIC_O 8430 -0.206044735 -0.180448528 0.0250139982 6.28883752e-09 7.55636663e-08 1
LGIC_O 8429 0.342033035 -0.34268384 0.0250140113 -3.27854948e-08 4.90669785e-08 1
LGIC_O 8428 0.576112066 -0.314703408 0.0250140178 -3.37890406e-08 4.80634332e-08 1
LGIC_O 8427 0.236726308 -0.318077646 0.0250140066 -3.27854948e-08 4.90669785e-08 1
LGIC_O 8426 -0.0976488914 -0.110862836 0.0250139913 7.55636799e-08 6.2887973e-09 1
LGIC_O 8425 0.534646383 -0.195059479 0.0250140164 -5.78784275e-08 1.15127558e-08 1
LGIC_O 8424 0.219544679 -0.315091025 0.0250140059 -3.27854948e-08 4.90669785e-08 1
LGIC_O 8423 -0.608846757 -0.593779315 0.0250140203 3.68002489e-08 2.45891179e-08 1
LGIC_O 8422 0.564815598 -0.372450199 0.0250140202 -3.37890406e-08 4.80634332e-08 1
LGIC_O 8421 0.550750457 0.0902902064 0.0250140162 -5.78784335e-08 -1.15127284e-08 1
LGIC_O 8420 0.175418091 0.0610257495 0.0250139941 -5.78784335e-08 -1.15127284e-08 1
LGIC_O 8419 0.142777714 0.100831833 0.0250139936 -4.90669739e-08 -3.27854893e-08 1
LGIC_O 4418 0.0575220985 -0.190210297 0.0250139949 -1.15127059e-08 5.78784511e-08 1
LGIC_O 4417 -0.118754336 -0.170834128 0.0250139938 2.81018674e-08 4.20574117e-08 1
LGIC_O 4416 0.593239316 0.0786534269 0.0250140185 -5.78784335e-08 -1.15127284e-08 1
LGIC_O 4415 0.0853954366 -0.420999761 0.0250140086 -1.15127059e-08 5.78784511e-08 1
LGIC_O 4414 -0.374457097 -0.228026162 0.0250140026 3.68002489e-08 2.45891179e-08 1
LGIC_O 4413 0.577482781 -0.285169834 0.0250140164 -3.37890406e-08 4.80634332e-08 1
LGIC_O 4412 -0.484325859 0.306166979 0.0250140144 3.37890593e-08 -4.80634052e-08 1
LGIC_O 4411 0.44777829 -0.0963194904 0.0250140103 -5.78784275e-08 1.15127558e-08 1
LGIC_O 4410 0.28281874 -0.503567977 0.0250140172 -3.27854948e-08 4.90669785e-08 1
LGIC_O 4409 -0.116204576 -0.152585731 0.025013993 7.55636799e-08 6.2887973e-09 1
LGIC_O 4408 -0.333519821 0.289166147 0.0250140084 3.37890593e-08 -4.80634052e-08 1
LGIC_O 4407 -0.148720782 -0.636306108 0.0250140163 9.8680833e-09 4.96100963e-08 1
LGIC_O 4406 0.336173082 -0.328141715 0.0250140105 -4.90669481e-08 3.27855328e-08 1
LGIC_O 4405 -0.249510429 -0.168914007 0.0250139976 6.28883752e-09 7.55636663e-08 1
LGIC_O 4404 0.0811982327 0.141649416 0.0250139929 -3.27855134e-08 -4.90669575e-08 1
LGIC_O 4403 0.0533120499 -0.19689515 0.0250139952 -1.15127059e-08 5.78784511e-08 1
