LGIC_C 0 0.435826015 0.187911184 0.0250140069 -4.20574004e-08 -2.81018564e-08 1
LGIC_C 1 -0.255425579 0.0617244277 0.0250139949 4.34088259e-08 -8.63455061e-09 1
LGIC_C 2 -0.54340688 0.137634283 0.0250140116 4.96100897e-08 -9.86805572e-09 1
LGIC_C 3 0.268135304 -0.690542814 0.0250140201 -9.86804037e-09 4.96101e-08 1
LGIC_C 4 -0.472091545 -0.227165006 0.0250140034 6.28883752e-09 7.55636663e-08 1
LGIC_C 5 0.0924182749 -0.593781694 0.0250140167 1.00935263e-08 5.7878447e-08 1
LGIC_C 6 -0.328752 0.52153311 0.0250140174 1.28239438e-08 -5.73353116e-08 1
LGIC_C 7 -0.71002244 0.456076889 -0.000833799499 -0.827617296 0.552995934 0.0961514895
LGIC_C 8 -0.142050925 0.302945554 0.0250139979 2.45891128e-08 -3.68002333e-08 1
LGIC_C 9 -0.409488858 -0.284659146 0.0250140073 6.28883752e-09 7.55636663e-08 1
LGIC_C 10 -0.352129382 -0.603893729 0.0250140157 3.95603082e-08 3.05989652e-08 1
LGIC_C 11 0.167465726 0.549313162 0.0250140095 -6.33660387e-09 4.96100877e-08 -1
LGIC_C 12 0.393249187 0.220009719 0.0250140098 -4.90669739e-08 -3.27854893e-08 1
LGIC_C 13 0.728539743 -0.109269562 0.0250140205 -4.96100859e-08 9.86807898e-09 1
LGIC_C 14 0.686013113 0.246093481 0.0250140157 -4.96100869e-08 6.3366408e-09 1
LGIC_C 15 -0.474163192 -0.342200768 0.025014008 5.39043203e-09 6.47688584e-08 1
LGIC_C 16 0.624338103 -0.0874005915 0.0250140151 -4.96100859e-08 9.86807898e-09 1
LGIC_C 17 -0.55263617 0.368838088 0.0250140148 -4.82586679e-08 1.31306769e-08 -1
LGIC_C 18 0.334338502 -0.471339349 0.0250140124 -2.81018481e-08 4.20574137e-08 1
LGIC_C 21 -0.0178345087 -0.217864015 0.0250139935 -2.90231482e-08 4.96101036e-08 1
LGIC_C 22 0.210054956 0.59689844 0.0250140149 -9.86806672e-09 -4.96100854e-08 1
LGIC_C 23 -0.518707155 0.443111997 0.0250140133 3.68002297e-08 -2.45891157e-08 1
LGIC_C 24 0.128993293 0.434041067 0.0250140061 -9.86806672e-09 -4.96100854e-08 1
LGIC_C 25 0.340350809 -0.0443578119 0.0250139984 -4.34088226e-08 8.63456802e-09 1
LGIC_C 27 -0.276523381 0.556534908 0.0250140196 3.27854968e-08 -4.90669676e-08 1
LGIC_C 28 0.668153009 0.127271931 0.0250140133 -4.34088272e-08 -8.63453573e-09 1
LGIC_C 30 0.703338729 0.150650309 0.0250140172 -4.96100869e-08 6.3366408e-09 1
LGIC_C 31 -0.433287288 -0.434332629 0.0250140137 -5.56021111e-08 -1.45571543e-08 -1
LGIC_C 32 0.0620664257 0.107450229 0.0250139893 1.3130701e-08 4.82586573e-08 -1
LGIC_C 33 -0.0191117586 0.62815791 0.0250140107 8.63455111e-09 -4.34088279e-08 1
LGIC_C 35 -0.157374186 -0.471947592 0.0250140021 -2.90231482e-08 4.96101036e-08 1
LGIC_C 36 0.460634308 -0.599628491 0.0250140166 -2.45891087e-08 3.68002429e-08 1
LGIC_C 37 0.0943925995 0.78133498 0.025014018 -8.63455884e-09 -4.34088253e-08 1
LGIC_C 38 0.766362008 -0.334856366 0.0250140199 -3.05989503e-08 3.95603122e-08 1
LGIC_C 39 0.705611985 0.257559626 0.0250140161 -4.34088272e-08 -8.63453573e-09 1
LGIC_C 40 -0.673359588 0.0034256588 0.0250140126 4.34088279e-08 -2.48392273e-08 1
LGIC_C 41 -0.524618238 0.629714244 0.0250140193 2.45891128e-08 -3.68002333e-08 1
LGIC_C 42 -0.290218481 -0.704833844 0.0250140163 8.63456455e-09 4.34088336e-08 1
LGIC_C 43 -0.592932642 -0.468964934 0.0250140135 1.15916899e-08 4.97976879e-08 1
LGIC_C 44 0.2928114 0.506723923 0.0250140116 1.3130701e-08 4.82586573e-08 -1
LGIC_C 45 -0.0120881954 -0.181778255 0.0250139914 2.48392553e-08 4.34088306e-08 1
LGIC_C 46 -0.207322066 -0.207688105 0.0250139978 5.39043203e-09 6.47688584e-08 1
LGIC_C 47 0.531639779 -0.168431891 0.0250140159 -5.78784275e-08 1.15127558e-08 1
LGIC_C 48 -0.114552579 -0.417709402 0.0250140024 8.63456455e-09 4.34088336e-08 1
LGIC_C 51 -0.601170191 -0.0174818383 0.0250140095 4.34088238e-08 8.63459484e-09 1
LGIC_C 52 0.661071955 -0.198799099 0.0250140169 -4.34088182e-08 2.48392526e-08 1
LGIC_C 53 0.372590524 -0.10265456 0.025014002 -4.34088182e-08 2.48392526e-08 1
LGIC_C 54 -0.0363153039 -0.217510034 0.025013994 -4.89847109e-08 5.78784581e-08 1
LGIC_C 55 0.432239311 0.514286518 0.0250140138 1.3130701e-08 4.82586573e-08 -1
LGIC_C 56 -0.142796622 -0.241185116 0.0250139947 -5.56021111e-08 -1.45571543e-08 -1
LGIC_C 57 -0.100295784 0.403025103 0.0250140064 -3.14742797e-08 4.96100914e-08 -1
LGIC_C 58 0.498541563 -0.121419959 0.0250140079 -4.34088182e-08 2.48392526e-08 1
LGIC_C 59 -0.366186919 -0.183422535 0.0250139988 1.45571809e-08 5.5602105e-08 1
LGIC_C 60 0.141228683 0.520669406 0.0250140135 -3.14742949e-08 -4.96100822e-08 1
LGIC_C 61 -0.410367714 0.318166824 0.0250140095 4.20574045e-08 -2.81018523e-08 1
LGIC_C 62 -0.0397602808 0.375586446 0.0250140032 -3.14742797e-08 4.96100914e-08 -1
LGIC_C 63 0.26815168 -0.0146686058 0.0250139967 -4.96100859e-08 9.86807898e-09 1
LGIC_C 64 -0.226065074 0.0159475225 0.0250139956 5.7878425e-08 4.89846948e-08 1
LGIC_C 65 0.0237352399 0.344206321 0.0250140002 -6.33660387e-09 4.96100877e-08 -1
LGIC_C 66 -0.219153906 -0.332976665 0.0250140009 2.45891453e-08 3.68002268e-08 1
LGIC_C 67 -0.452102918 0.421924359 0.025014018 6.28881943e-09 -7.55636452e-08 1
LGIC_C 68 -0.704176464 -0.129943985 0.0250140103 -4.34088282e-08 2.70157287e-08 -1
LGIC_C 69 -0.641768125 -0.325684965 0.0250140149 3.68002489e-08 2.45891179e-08 1
LGIC_C 70 -0.0586732014 0.370697179 0.0250139999 8.63455111e-09 -4.34088279e-08 1
LGIC_C 72 0.136859748 0.422333688 0.0250140028 -8.63455884e-09 -4.34088253e-08 1
LGIC_C 73 -0.00165011423 0.0046454958 0.0250139835 -6.33661298e-09 -4.96100859e-08 1
LGIC_C 74 0.533882713 0.503061754 0.0250140156 -4.82586616e-08 -1.31306776e-08 1
LGIC_C 75 0.509039814 -0.601704048 0.0250140179 -2.45891087e-08 3.68002429e-08 1
LGIC_C 76 -0.716233015 0.0383693052 0.0250140177 4.96100851e-08 2.90231542e-08 1
LGIC_C 77 0.350152544 -0.260649992 0.0250140043 -3.05989503e-08 3.95603122e-08 1
LGIC_C 79 -0.628340333 -0.295007768 0.0250140052 1.15916899e-08 4.97976879e-08 1
LGIC_C 80 0.743485028 0.0134623486 0.0250140156 -4.34088272e-08 -8.63453573e-09 1
LGIC_C 81 0.0679767212 0.651132842 0.0250140151 -6.33660387e-09 4.96100877e-08 -1
LGIC_C 82 0.423226387 -0.268421405 0.0250140068 -3.05989503e-08 3.95603122e-08 1
LGIC_C 83 -0.3646291 0.237677337 0.025014004 -4.82586679e-08 1.31306769e-08 -1
LGIC_C 84 0.220366355 0.506505227 0.0250140107 -2.81018716e-08 -4.20573923e-08 1
LGIC_C 85 -0.0508363561 0.051339919 0.0250139869 1.28239438e-08 -5.73353116e-08 1
LGIC_C 87 -0.342062503 -0.218271036 0.0250140004 1.45571809e-08 5.5602105e-08 1
LGIC_C 88 -0.537330066 -0.473477479 0.025014013 1.15916899e-08 4.97976879e-08 1
LGIC_C 89 0.233273191 -0.478337425 0.0250140094 -1.31306721e-08 4.82586744e-08 1
LGIC_C 90 -0.361627406 -0.355165946 0.0250140082 1.45571809e-08 5.5602105e-08 1
LGIC_C 91 0.184774017 0.823944755 -0.00296535525 0.194186548 0.976240951 0.0961519121
LGIC_C 92 0.194345829 -0.738779256 0.0250140187 6.33663526e-09 4.9610097e-08 1
LGIC_C 93 -0.0286023038 0.562349962 0.025014011 -6.33661298e-09 -4.96100859e-08 1
LGIC_C 94 0.164830933 -0.019330933 0.025013992 -4.96100802e-08 3.14742968e-08 1
LGIC_C 95 -0.316453214 -0.44577343 0.0250140073 -5.56021111e-08 -1.45571543e-08 -1
LGIC_C 96 0.269177898 -0.104307521 0.0250139976 -4.96100859e-08 9.86807898e-09 1
LGIC_C 97 -0.409640969 0.0633673114 0.0250140017 4.96100851e-08 2.90231542e-08 1
LGIC_C 98 -0.310576465 -0.610486355 0.0250140142 3.95603082e-08 3.05989652e-08 1
LGIC_C 99 0.208018072 -0.0548337981 0.0250139953 -4.96100802e-08 3.14742968e-08 1
LGIC_C 100 -0.407123922 -0.437550568 0.0250140094 2.45891453e-08 3.68002268e-08 1
LGIC_C 101 -0.357865512 0.0395045865 0.0250140014 4.96100897e-08 -9.86805572e-09 1
LGIC_C 102 -0.421550526 0.42982713 0.0250140133 1.28239438e-08 -5.73353116e-08 1
LGIC_C 103 -0.451312503 -0.0192060139 0.0250140023 -4.34088282e-08 2.70157287e-08 -1
LGIC_C 104 0.586736407 -0.217048448 0.0250140145 -4.96100859e-08 9.86807898e-09 1
LGIC_C 105 -0.285732039 0.137688744 0.0250139972 3.68002297e-08 -2.45891157e-08 1
LGIC_C 106 -0.265392283 0.748169879 0.025014018 8.63455111e-09 -4.34088279e-08 1
LGIC_C 107 -0.662862161 -0.261318077 0.0250140143 4.34088238e-08 8.63459484e-09 1
LGIC_C 108 -0.0471033637 -0.48223328 0.0250140053 2.48392553e-08 4.34088306e-08 1
LGIC_C 110 -0.268278554 -0.722363631 0.0250140169 8.63456455e-09 4.34088336e-08 1
LGIC_C 111 -0.493610871 -0.0925336087 0.0250140051 -4.96100919e-08 2.90231703e-08 -1
LGIC_C 112 0.679970644 -0.0944300404 0.0250140199 -4.96100802e-08 3.14742968e-08 1
LGIC_C 113 -0.0472222748 -0.710984185 0.0250140153 2.48392553e-08 4.34088306e-08 1
LGIC_C 114 -0.354019147 0.394791353 0.0250140104 1.28239438e-08 -5.73353116e-08 1
LGIC_C 115 0.457433457 -0.401651714 0.0250140131 -3.05989503e-08 3.95603122e-08 1
LGIC_C 116 0.125148944 -0.475540527 0.0250140095 1.00935263e-08 5.7878447e-08 1
LGIC_C 117 -0.194689119 -0.0802964902 0.0250139896 4.96100935e-08 -4.19869172e-08 1
LGIC_C 118 -0.324275505 -0.341077645 0.0250140063 -5.56021111e-08 -1.45571543e-08 -1
LGIC_C 119 0.0913029155 0.460264547 0.025014007 -9.86806672e-09 -4.96100854e-08 1
LGIC_C 120 0.0225365558 0.500753719 0.025014008 -6.33660387e-09 4.96100877e-08 -1
LGIC_C 121 -0.503486429 -0.450470605 0.0250140115 1.15916899e-08 4.97976879e-08 1
LGIC_C 122 0.626760569 -0.394571513 0.025014016 -3.68002179e-08 2.45891393e-08 1
LGIC_C 124 0.582097479 -0.464711808 0.0250140161 -3.68002179e-08 2.45891393e-08 1
LGIC_C 125 0.112862157 -0.170172852 0.0250139929 -1.31306721e-08 4.82586744e-08 1
LGIC_C 126 0.607937623 -0.394558679 0.0250140174 -3.05989503e-08 3.95603122e-08 1
LGIC_C 127 0.215844801 -0.265570813 0.0250139989 -1.31306721e-08 4.82586744e-08 1
LGIC_C 128 0.23308708 -0.295528061 0.0250139998 -2.45891087e-08 3.68002429e-08 1
LGIC_C 129 0.445304346 -0.0873490604 0.0250140033 -4.34088226e-08 8.63456802e-09 1
LGIC_C 130 -0.533312152 0.202958912 0.0250140082 4.34088259e-08 -8.63455061e-09 1
LGIC_C 131 0.419623847 0.197350033 0.0250140061 -4.82586616e-08 -1.31306776e-08 1
LGIC_C 132 -0.165205505 0.0669753568 0.0250139895 5.7878425e-08 4.89846948e-08 1
LGIC_C 133 -0.57676459 -0.0417068345 0.0250140087 4.34088238e-08 8.63459484e-09 1
LGIC_C 134 0.224874258 -0.640209512 0.025014013 -8.63454093e-09 4.34088369e-08 1
LGIC_C 135 -0.244962388 -0.240927973 0.025014003 6.28883752e-09 7.55636663e-08 1
LGIC_C 136 0.410264574 -0.342572752 0.0250140068 -3.68002179e-08 2.45891393e-08 1
LGIC_C 137 0.359052272 -0.393655518 0.0250140069 -1.31306721e-08 4.82586744e-08 1
LGIC_C 138 -0.682196567 -0.255475778 0.0250140064 4.96100935e-08 -4.19869172e-08 1
LGIC_C 139 0.142820402 -0.0119524117 0.0250139907 -4.96100802e-08 3.14742968e-08 1
LGIC_C 140 0.526551248 0.566927533 0.0250140171 -2.45891309e-08 -3.68002211e-08 1
LGIC_C 141 0.432882964 0.112541054 0.025014003 -4.34088272e-08 -8.63453573e-09 1
LGIC_C 142 -0.431871951 -0.574699506 0.0250140179 3.95603082e-08 3.05989652e-08 1
LGIC_C 144 -0.464429924 -0.4907654 0.0250140162 -5.56021111e-08 -1.45571543e-08 -1
LGIC_C 145 0.211330213 0.0109704669 0.0250139936 -4.96100869e-08 6.3366408e-09 1
LGIC_C 146 0.0362173169 0.552352399 0.025014011 -9.86806672e-09 -4.96100854e-08 1
LGIC_C 147 -0.357571115 -0.348791018 0.0250140048 1.15916899e-08 4.97976879e-08 1
LGIC_C 149 0.526952015 0.445604878 0.0250140136 -3.68002282e-08 -2.45891172e-08 1
LGIC_C 150 0.355710843 0.139917191 0.025014 -4.96100869e-08 6.3366408e-09 1
LGIC_C 151 -0.101226429 -0.705016 0.0250140147 8.63456455e-09 4.34088336e-08 1
LGIC_C 152 0.297145816 0.530026095 0.0250140127 1.3130701e-08 4.82586573e-08 -1
LGIC_C 153 0.166288206 -0.197399128 0.0250139967 -1.28239349e-08 5.73353226e-08 1
LGIC_C 154 0.136203577 0.450836605 0.025014007 -9.86806672e-09 -4.96100854e-08 1
LGIC_C 155 -0.510850413 0.155354509 0.0250140068 4.34088259e-08 -8.63455061e-09 1
LGIC_C 156 -0.25752731 0.0544126155 0.0250139949 4.34088259e-08 -8.63455061e-09 1
LGIC_C 157 -0.475861922 0.225588893 0.0250140033 6.28881943e-09 -7.55636452e-08 1
LGIC_C 158 0.313122587 0.163748524 0.0250140017 3.37890593e-08 4.80634111e-08 -1
LGIC_C 159 0.789152361 0.0928347267 0.0250140183 -4.34088272e-08 -8.63453573e-09 1
LGIC_C 160 -0.344896659 -0.100849374 0.0250139955 -4.34088282e-08 2.70157287e-08 -1
LGIC_C 161 -0.405715373 0.0440944743 0.0250140038 4.96100897e-08 -9.86805572e-09 1
LGIC_C 162 0.441308511 0.0488508547 0.0250140056 -4.96100911e-08 -9.86803575e-09 1
LGIC_C 163 0.339304799 -0.239010294 0.0250140042 -4.20573976e-08 2.81018683e-08 1
LGIC_C 164 0.282984295 -0.589108279 0.0250140154 -1.31306721e-08 4.82586744e-08 1
LGIC_C 165 -0.371297057 0.0275489924 0.0250140009 4.96100851e-08 2.90231542e-08 1
LGIC_C 166 -0.121882962 -0.691417352 0.0250140163 2.48392553e-08 4.34088306e-08 1
LGIC_C 167 -0.564500261 0.55646504 0.0250140177 3.68002297e-08 -2.45891157e-08 1
LGIC_C 168 -0.481136819 -0.235700106 0.0250140011 5.39043203e-09 6.47688584e-08 1
LGIC_C 169 0.667083522 -0.525716391 -0.0224510496 0.827616944 -0.552996408 0.0961517878
LGIC_C 171 -0.234356007 0.331492162 0.0250140053 1.28239438e-08 -5.73353116e-08 1
LGIC_C 172 0.27045161 0.131154161 0.0250139983 -4.20574004e-08 -2.81018564e-08 1
LGIC_C 173 0.663302219 0.308082157 0.0250140152 -3.68002282e-08 -2.45891172e-08 1
LGIC_C 174 -0.0741144128 -0.491185463 0.0250140064 2.48392553e-08 4.34088306e-08 1
LGIC_C 175 0.43279922 -0.316676639 0.0250140131 -3.37890406e-08 4.80634332e-08 1
LGIC_C 177 0.311797121 0.346391532 0.0250140066 -2.81018716e-08 -4.20573923e-08 1
LGIC_C 178 0.130808043 -0.603599627 0.0250140124 6.33663526e-09 4.9610097e-08 1
LGIC_C 180 -0.123223457 0.254247868 0.0250139974 2.8101852e-08 -4.20574041e-08 1
LGIC_C 181 -0.659308908 -0.302171654 0.0250140064 5.39043203e-09 6.47688584e-08 1
LGIC_C 183 0.669853242 0.281619105 0.0250140193 -4.82586616e-08 -1.31306776e-08 1
LGIC_C 184 0.687081871 -0.0523792887 0.0250140144 -4.34088182e-08 2.48392526e-08 1
LGIC_C 185 0.386679253 -0.20630523 0.0250140032 -3.05989503e-08 3.95603122e-08 1
LGIC_C 186 -0.636917226 -0.283066618 0.025014005 5.39043203e-09 6.47688584e-08 1
LGIC_C 188 -0.741224874 0.0632865563 0.025014016 4.34088259e-08 -8.63455061e-09 1
LGIC_C 189 -0.555426016 0.300946612 0.0250140151 4.20574045e-08 -2.81018523e-08 1
LGIC_C 190 0.345139368 -0.692300856 0.0250140172 -2.45891087e-08 3.68002429e-08 1
LGIC_C 191 -0.464005502 -0.263518855 0.0250140028 5.39043203e-09 6.47688584e-08 1
LGIC_C 192 -0.256991557 0.0959212586 0.0250139953 4.34088259e-08 -8.63455061e-09 1
LGIC_C 193 0.212210698 0.0776802559 0.0250139945 -4.96100911e-08 -9.86803575e-09 1
LGIC_C 194 -0.712997921 0.367175501 0.0250140185 3.68002297e-08 -2.45891157e-08 1
LGIC_C 195 0.377814817 0.390927299 0.0250140103 -2.81018716e-08 -4.20573923e-08 1
LGIC_C 196 0.745437004 0.36606325 0.0250140197 -3.68002282e-08 -2.45891172e-08 1
LGIC_C 197 -0.243966884 -0.557995678 0.0250140098 2.45891453e-08 3.68002268e-08 1
LGIC_C 198 0.510136271 -0.0600873762 0.0250140059 -4.34088226e-08 8.63456802e-09 1
LGIC_C 199 0.651038414 0.230133202 0.0250140141 -4.96100869e-08 6.3366408e-09 1
LGIC_C 200 0.703505644 -0.329380511 0.0250140172 -3.68002179e-08 2.45891393e-08 1
LGIC_C 201 0.227362849 0.116276834 0.0250139961 -4.20574004e-08 -2.81018564e-08 1
LGIC_C 202 -0.0151166483 -0.331678502 0.025013998 2.48392553e-08 4.34088306e-08 1
LGIC_C 203 -0.164178107 -0.00835748767 0.0250139912 -4.96100919e-08 2.90231703e-08 -1
LGIC_C 204 -0.389912163 0.564305613 0.025014018 2.8101852e-08 -4.20574041e-08 1
LGIC_C 205 -0.0598261834 0.261567739 0.0250139968 9.86805557e-09 -4.96100883e-08 1
LGIC_C 206 0.685173765 -0.348327105 0.025014017 -3.68002179e-08 2.45891393e-08 1
LGIC_C 207 -0.136520218 -0.458194434 0.025014003 -4.89847109e-08 5.78784581e-08 1
LGIC_C 208 -0.46818992 0.423054744 0.0250140114 -4.82586679e-08 1.31306769e-08 -1
LGIC_C 209 -0.0240193656 0.00647943921 0.0250139868 -1.38908237e-07 2.76305608e-08 -1
LGIC_C 210 0.111682591 0.287590546 0.0250139986 -9.86806672e-09 -4.96100854e-08 1
LGIC_C 212 -0.396432955 -0.556095881 0.0250140134 -5.56021111e-08 -1.45571543e-08 -1
LGIC_C 213 0.343699049 -0.394166642 0.0250140095 -2.81018481e-08 4.20574137e-08 1
LGIC_C 214 0.458599899 -0.0825531201 0.0250140039 -4.34088226e-08 8.63456802e-09 1
LGIC_C 215 -0.517757401 -0.0218976191 0.0250140059 4.34088238e-08 8.63459484e-09 1
LGIC_C 216 0.150510204 -0.212137189 0.0250139954 -1.31306721e-08 4.82586744e-08 1
LGIC_C 217 0.454142561 -0.374919497 0.0250140166 -3.37890406e-08 4.80634332e-08 1
LGIC_C 218 -0.287206517 0.475131948 0.02501401 1.31306824e-08 -4.82586643e-08 1
LGIC_C 219 -0.267136987 -0.433757601 0.0250140071 3.95603082e-08 3.05989652e-08 1
LGIC_C 220 -0.730638805 -0.304436299 0.0250140176 3.68002489e-08 2.45891179e-08 1
LGIC_C 221 0.652295516 -0.452158255 0.0250140184 -3.68002179e-08 2.45891393e-08 1
LGIC_C 222 -0.518913909 -0.211281697 0.025014003 5.7878436e-08 -4.89847332e-08 1
LGIC_C 223 0.223016491 0.380283811 0.0250140068 -4.80634192e-08 -3.37890445e-08 1
LGIC_C 224 -0.386390833 0.0390493541 0.0250140013 4.96100851e-08 2.90231542e-08 1
LGIC_C 225 0.220684755 -0.669585173 0.0250140142 -8.63454093e-09 4.34088369e-08 1
LGIC_C 226 0.393131129 -0.160434033 0.0250140017 -4.34088226e-08 8.63456802e-09 1
LGIC_C 227 -0.170434265 0.496496741 0.0250140063 8.63455111e-09 -4.34088279e-08 1
LGIC_C 228 0.263430644 -0.302226355 0.0250140013 -1.31306721e-08 4.82586744e-08 1
LGIC_C 229 -0.534305384 -0.0622751019 0.025014007 4.34088238e-08 8.63459484e-09 1
LGIC_C 230 -0.670979099 -0.176418313 0.0250140076 -4.34088282e-08 2.70157287e-08 -1
LGIC_C 231 0.554418232 0.242352972 0.0250140134 -4.20574004e-08 -2.81018564e-08 1
LGIC_C 232 -0.311351493 0.799207546 -0.00878449135 -0.194186261 0.976241022 0.0961517721
LGIC_C 233 0.306708709 0.239655152 0.0250140012 -4.82586616e-08 -1.31306776e-08 1
LGIC_C 234 0.0198717731 -0.445933962 0.0250140028 -8.63454093e-09 4.34088369e-08 1
LGIC_C 235 0.376624295 0.446473506 0.0250140126 -2.81018716e-08 -4.20573923e-08 1
LGIC_C 236 0.298697879 0.00111944823 0.025013998 -4.96100869e-08 6.3366408e-09 1
LGIC_C 239 0.490887332 -0.204350619 0.0250140096 -4.20573976e-08 2.81018683e-08 1
LGIC_C 240 0.121973645 -0.231960912 0.0250139981 -1.28239349e-08 5.73353226e-08 1
LGIC_C 241 -0.158271721 0.206730521 0.0250139964 2.8101852e-08 -4.20574041e-08 1
LGIC_C 242 0.593703422 -0.310674118 0.0250140182 -3.37890406e-08 4.80634332e-08 1
LGIC_C 243 -0.67232127 0.244411645 0.025014019 4.96100897e-08 -9.86805572e-09 1
LGIC_C 246 0.370648699 0.396136664 0.0250140072 1.3130701e-08 4.82586573e-08 -1
LGIC_C 247 -0.4649015 0.640792026 0.0250140183 2.45891128e-08 -3.68002333e-08 1
LGIC_C 248 0.11691212 -0.0600083278 0.025013989 -3.68002179e-08 2.45891393e-08 1
LGIC_C 249 0.523771903 -0.0516956146 0.0250140108 -4.96100802e-08 3.14742968e-08 1
LGIC_C 250 0.260461196 0.539557824 0.025014014 -4.80634192e-08 -3.37890445e-08 1
LGIC_C 251 0.0337031159 0.562517548 0.025014011 -6.33660387e-09 4.96100877e-08 -1
LGIC_C 252 0.182850058 0.543444645 0.025014016 -3.14742949e-08 -4.96100822e-08 1
LGIC_C 253 0.500777639 0.272978044 0.025014011 -4.82586616e-08 -1.31306776e-08 1
LGIC_C 255 -0.694140483 -0.0833579641 0.0250140112 -4.34088282e-08 2.70157287e-08 -1
LGIC_C 256 -0.311783918 0.570627575 0.0250140119 2.45891128e-08 -3.68002333e-08 1
LGIC_C 257 0.299227469 0.328170608 0.0250140027 -2.45891309e-08 -3.68002211e-08 1
LGIC_C 258 -0.309372139 0.560532706 0.0250140115 2.45891128e-08 -3.68002333e-08 1
LGIC_C 260 -0.0320391692 -0.586355143 0.0250140126 9.8680833e-09 4.96100963e-08 1
LGIC_C 261 0.0781289843 0.642301863 0.0250140118 -8.63455884e-09 -4.34088253e-08 1
LGIC_C 262 -0.34259859 0.377235945 0.025014006 1.31306824e-08 -4.82586643e-08 1
LGIC_C 263 -0.670644482 -0.170628644 0.0250140078 -4.34088282e-08 2.70157287e-08 -1
LGIC_C 264 0.413739057 -0.356949927 0.0250140072 -3.68002179e-08 2.45891393e-08 1
LGIC_C 265 0.210585957 -0.0205987144 0.0250139957 -5.78784275e-08 1.15127558e-08 1
LGIC_C 266 -0.135922649 -0.334247653 0.0250140011 2.48392553e-08 4.34088306e-08 1
LGIC_C 267 -0.295185192 -0.248332891 0.0250140013 1.45571809e-08 5.5602105e-08 1
LGIC_C 268 -0.0384164139 -0.526081099 0.0250140082 -2.90231482e-08 4.96101036e-08 1
LGIC_C 269 -0.0910426054 0.590395336 0.025014012 -6.33661298e-09 -4.96100859e-08 1
LGIC_C 271 -0.472638959 -0.423857431 0.0250140111 3.68002489e-08 2.45891179e-08 1
LGIC_C 272 -0.357102592 0.239817562 0.0250140037 -4.82586679e-08 1.31306769e-08 -1
LGIC_C 273 0.744450141 -0.172499165 0.0250140198 -4.34088182e-08 2.48392526e-08 1
LGIC_C 274 -0.32349168 0.406833637 0.0250140062 2.45891128e-08 -3.68002333e-08 1
LGIC_C 275 0.000468673631 -0.485654369 0.0250140073 6.33663526e-09 4.9610097e-08 1
LGIC_C 276 -0.105039312 -0.464591285 0.0250140032 -2.90231482e-08 4.96101036e-08 1
LGIC_C 278 0.345985302 0.31054153 0.0250140036 -3.68002282e-08 -2.45891172e-08 1
LGIC_C 279 0.124186229 -0.0104 0.0250139887 -4.34088226e-08 8.63456802e-09 1
LGIC_C 280 -0.246049576 -0.171019199 0.0250139963 1.45571809e-08 5.5602105e-08 1
LGIC_C 281 0.413229904 0.479760123 0.0250140193 -4.80634192e-08 -3.37890445e-08 1
LGIC_C 282 -0.246870963 -0.443960203 0.0250140066 3.95603082e-08 3.05989652e-08 1
LGIC_C 283 -0.25688919 -0.506899811 0.0250140059 7.55636799e-08 6.2887973e-09 1
LGIC_C 284 0.237049763 -0.747952049 0.0250140177 -8.63454093e-09 4.34088369e-08 1
LGIC_C 286 -0.585618449 0.00769425844 0.0250140121 4.96100851e-08 2.90231542e-08 1
LGIC_C 287 -0.0639626625 -0.116585077 0.0250139891 2.45891453e-08 3.68002268e-08 1
LGIC_C 288 0.0443134455 -0.415684409 0.0250140036 6.33663526e-09 4.9610097e-08 1
LGIC_C 289 0.0323499318 0.00608154211 0.0250139847 -4.34088272e-08 -8.63453573e-09 1
LGIC_C 290 -0.371093523 -0.549929649 0.0250140168 2.81018674e-08 4.20574117e-08 1
LGIC_C 291 -0.507004684 0.417508308 0.0250140122 3.68002297e-08 -2.45891157e-08 1
LGIC_C 292 0.387842407 0.398560334 0.0250140109 -2.81018716e-08 -4.20573923e-08 1
LGIC_C 293 -0.690034804 -0.0792641791 0.0250140152 -4.96100919e-08 2.90231703e-08 -1
LGIC_C 295 -0.176576105 0.143254958 0.0250139952 6.28881943e-09 -7.55636452e-08 1
LGIC_C 296 0.493224277 0.226729957 0.0250140104 -4.20574004e-08 -2.81018564e-08 1
LGIC_C 297 0.0593595165 0.339017672 0.0250139985 -8.63455884e-09 -4.34088253e-08 1
LGIC_C 298 0.214118375 -0.520500332 0.0250140112 -9.86804037e-09 4.96101e-08 1
LGIC_C 299 -0.0292721937 -0.334126176 0.0250140001 9.8680833e-09 4.96100963e-08 1
LGIC_C 300 0.363426072 -0.0294799416 0.0250139997 -4.34088182e-08 2.48392526e-08 1
LGIC_C 301 0.149812601 0.402667733 0.025014002 -8.63455884e-09 -4.34088253e-08 1
LGIC_C 302 0.39366906 0.346330205 0.0250140095 -4.20574004e-08 -2.81018564e-08 1
LGIC_C 303 -0.0108382083 0.362754621 0.0250140014 9.86805557e-09 -4.96100883e-08 1
LGIC_C 304 -0.131409579 0.317368108 0.0250140003 1.31306824e-08 -4.82586643e-08 1
LGIC_C 305 -0.441195577 0.251368832 0.0250140057 3.68002297e-08 -2.45891157e-08 1
LGIC_C 306 0.216822205 0.0907958006 0.0250139949 3.37890593e-08 4.80634111e-08 -1
LGIC_C 307 -0.433943668 0.263603961 0.0250140077 -4.82586679e-08 1.31306769e-08 -1
LGIC_C 308 0.651927764 -0.30454023 0.0250140147 -3.68002179e-08 2.45891393e-08 1
LGIC_C 309 0.135333479 0.126121618 0.0250139913 -3.68002282e-08 -2.45891172e-08 1
LGIC_C 310 0.147794161 0.811311625 0.0250140198 -8.63455884e-09 -4.34088253e-08 1
LGIC_C 311 0.599733892 0.599607423 0.0250140201 1.3130701e-08 4.82586573e-08 -1
LGIC_C 312 0.277353717 0.22566193 0.0250140013 -4.20574004e-08 -2.81018564e-08 1
LGIC_C 313 0.679057521 0.330128381 0.0250140164 -3.68002282e-08 -2.45891172e-08 1
LGIC_C 314 -0.213926039 0.537338093 0.0250140084 8.63455111e-09 -4.34088279e-08 1
LGIC_C 315 -0.0581457686 0.0181879665 0.0250139863 4.96100897e-08 -9.86805572e-09 1
LGIC_C 318 -0.203783678 -0.38586604 0.0250140002 -5.56021111e-08 -1.45571543e-08 -1
LGIC_C 319 -0.508466327 -0.0929937519 0.0250140028 -4.34088282e-08 2.70157287e-08 -1
LGIC_C 320 0.368102184 0.598742587 0.0250140188 -2.81018716e-08 -4.20573923e-08 1
LGIC_C 322 0.581798882 0.234615584 0.0250140196 -5.78784335e-08 -1.15127284e-08 1
LGIC_C 323 -0.338991437 -0.576595886 0.025014017 2.81018674e-08 4.20574117e-08 1
LGIC_C 324 0.0536089077 0.691313124 0.0250140172 -6.33660387e-09 4.96100877e-08 -1
LGIC_C 325 0.470938246 0.616756655 0.0250140175 -2.45891309e-08 -3.68002211e-08 1
LGIC_C 326 0.219846243 0.672421957 0.0250140152 -6.33660387e-09 4.96100877e-08 -1
LGIC_C 327 -0.326264023 -0.0450724379 0.0250139982 -4.96100919e-08 2.90231703e-08 -1
LGIC_C 328 -0.446904415 0.0853835807 0.0250140048 4.34088279e-08 -2.48392273e-08 1
LGIC_C 329 0.605870851 -0.186728175 0.0250140151 -4.96100859e-08 9.86807898e-09 1
LGIC_C 330 0.341252985 -0.0223486338 0.0250140009 -4.96100802e-08 3.14742968e-08 1
LGIC_C 331 0.199338499 -0.114842532 0.0250139939 -3.05989503e-08 3.95603122e-08 1
LGIC_C 332 -0.00234366857 -0.398375136 0.025014003 9.8680833e-09 4.96100963e-08 1
LGIC_C 333 0.533075279 0.185331792 0.025014008 -4.34088272e-08 -8.63453573e-09 1
LGIC_C 334 0.221712694 0.739271267 0.0250140173 -8.63455884e-09 -4.34088253e-08 1
LGIC_C 335 0.196186755 0.52424349 0.0250140077 -8.63455884e-09 -4.34088253e-08 1
LGIC_C 336 -0.680126363 0.0100427976 0.025014013 4.34088279e-08 -2.48392273e-08 1
LGIC_C 337 -0.0238307943 -0.0233757282 0.0250139849 5.39043203e-09 6.47688584e-08 1
LGIC_C 338 -0.218282683 0.341102477 0.0250140012 2.45891128e-08 -3.68002333e-08 1
LGIC_C 339 0.130577633 -0.183413829 0.0250139938 -1.31306721e-08 4.82586744e-08 1
LGIC_C 340 -0.291800651 0.574024528 0.0250140156 2.8101852e-08 -4.20574041e-08 1
LGIC_C 341 0.00349965003 -0.723702844 0.0250140147 -8.63454093e-09 4.34088369e-08 1
LGIC_C 342 -0.796079166 -0.0772649309 0.0250140157 -4.34088282e-08 2.70157287e-08 -1
LGIC_C 343 0.220568914 0.49948464 0.0250140103 1.3130701e-08 4.82586573e-08 -1
LGIC_C 344 -0.123846569 0.0145886747 0.0250139897 5.7878425e-08 4.89846948e-08 1
LGIC_C 346 0.348448616 0.32786355 0.0250140041 -3.68002282e-08 -2.45891172e-08 1
LGIC_C 347 0.461522756 -0.134887579 0.0250140075 -4.96100859e-08 9.86807898e-09 1
LGIC_C 349 -0.212602194 -0.534021341 0.0250140035 -2.90231482e-08 4.96101036e-08 1
LGIC_C 350 -0.296327803 0.389598484 0.0250140049 2.45891128e-08 -3.68002333e-08 1
LGIC_C 352 -0.179585012 -0.285761759 0.0250139991 3.95603082e-08 3.05989652e-08 1
LGIC_C 353 -0.312136765 0.139485949 0.0250140003 4.20574045e-08 -2.81018523e-08 1
LGIC_C 354 0.189355436 0.209531492 0.0250139974 -2.81018716e-08 -4.20573923e-08 1
LGIC_C 355 0.0667226353 -0.514947382 0.0250140124 1.00935263e-08 5.7878447e-08 1
LGIC_C 356 0.114666722 0.677006835 0.0250140136 -8.63455884e-09 -4.34088253e-08 1
LGIC_C 357 0.722995365 0.180640588 0.025014018 -4.96100869e-08 6.3366408e-09 1
LGIC_C 358 0.103476441 -0.0641217471 0.0250139904 -4.90669481e-08 3.27855328e-08 1
LGIC_C 359 -0.278429158 0.222867534 0.0250140019 6.28881943e-09 -7.55636452e-08 1
LGIC_C 360 -0.496211456 0.454008074 0.0250140132 -4.82586679e-08 1.31306769e-08 -1
LGIC_C 361 0.612046712 -0.137248604 0.0250140149 -4.96100859e-08 9.86807898e-09 1
LGIC_C 362 -0.439653339 -0.0943636683 0.0250140023 -4.96100919e-08 2.90231703e-08 -1
LGIC_C 363 -0.313586624 0.406437196 0.025014007 1.31306824e-08 -4.82586643e-08 1
LGIC_C 365 0.581372695 -0.394967575 0.0250140188 -4.20573976e-08 2.81018683e-08 1
LGIC_C 366 -0.313649944 -0.701333174 0.0250140171 3.95603082e-08 3.05989652e-08 1
LGIC_C 367 0.408318841 -0.109852172 0.0250140037 -4.34088182e-08 2.48392526e-08 1
LGIC_C 368 -0.154930117 -0.371232198 0.0250140007 3.95603082e-08 3.05989652e-08 1
LGIC_C 369 -0.11234146 -0.667659755 0.0250140131 -2.90231482e-08 4.96101036e-08 1
LGIC_C 370 -0.289743929 -0.623913459 0.0250140133 2.45891453e-08 3.68002268e-08 1
LGIC_C 371 0.253217123 0.00891806605 0.0250139943 -4.34088272e-08 -8.63453573e-09 1
LGIC_C 372 -0.0195001895 0.406352141 0.0250140011 8.63455111e-09 -4.34088279e-08 1
LGIC_C 373 -0.691393933 0.45945936 0.02501402 3.68002297e-08 -2.45891157e-08 1
LGIC_C 374 0.0258828089 -0.153907293 0.0250139907 6.33663526e-09 4.9610097e-08 1
LGIC_C 375 0.162895914 -0.656159339 0.0250140196 1.00935263e-08 5.7878447e-08 1
LGIC_C 376 0.401926837 0.37723236 0.0250140107 -4.20574004e-08 -2.81018564e-08 1
LGIC_C 377 0.30525453 0.142355832 0.025013998 -3.68002282e-08 -2.45891172e-08 1
LGIC_C 378 -0.575907284 0.0508576914 0.0250140104 4.96100851e-08 2.90231542e-08 1
LGIC_C 379 -0.0426927907 -0.490996045 0.025014008 9.8680833e-09 4.96100963e-08 1
LGIC_C 380 0.126036704 0.580574737 0.0250140133 -9.86806672e-09 -4.96100854e-08 1
LGIC_C 381 0.00399469115 0.643199577 0.0250140152 -9.86806672e-09 -4.96100854e-08 1
LGIC_C 382 0.541554564 -0.285093238 0.0250140152 -3.37890406e-08 4.80634332e-08 1
LGIC_C 384 -0.462236204 -0.438855438 0.0250140193 6.28883752e-09 7.55636663e-08 1
LGIC_C 386 0.481221342 -0.437041328 0.0250140117 -3.68002179e-08 2.45891393e-08 1
LGIC_C 387 0.536519812 -0.228175882 0.0250140123 -3.37890406e-08 4.80634332e-08 1
LGIC_C 388 -0.0197611857 0.420436185 0.0250140048 -3.14742797e-08 4.96100914e-08 -1
LGIC_C 390 0.52974424 -0.0795989907 0.0250140082 -4.34088182e-08 2.48392526e-08 1
LGIC_C 392 -0.202938255 -0.542828588 0.0250140043 -2.90231482e-08 4.96101036e-08 1
LGIC_C 393 -0.0455885437 -0.264886964 0.0250139951 8.63456455e-09 4.34088336e-08 1
LGIC_C 395 0.334896161 0.37653316 0.0250140058 1.3130701e-08 4.82586573e-08 -1
LGIC_C 396 0.261436708 0.385680987 0.0250140053 1.3130701e-08 4.82586573e-08 -1
LGIC_C 397 -0.65790759 0.265646213 0.0250140141 4.34088259e-08 -8.63455061e-09 1
LGIC_C 398 -0.566574679 0.247097359 0.0250140143 3.37890593e-08 -4.80634052e-08 1
LGIC_C 399 0.59707645 -0.154947989 0.0250140177 -4.96100802e-08 3.14742968e-08 1
NT 7181 1.35474632 -4.88417742 -2.19520756 0 0 0
NT 7817 1.15556604 4.98100008 -0.649812031 0 0 0
LGIC_O 4402 -0.0345878633 0.265675272 0.025013999 1.15127271e-08 -5.78784352e-08 1
LGIC_O 4401 -0.1840676 0.0972239463 0.0250139942 3.37890593e-08 -4.80634052e-08 1
LGIC_O 4400 -0.175025146 0.0137516014 0.0250139927 5.7878425e-08 4.89846948e-08 1
LGIC_O 8441 0.636913646 -0.12672076 0.0250140188 -4.96100802e-08 3.14742968e-08 1
LGIC_O 8440 0.314831804 -0.521242477 0.0250140191 -3.27854948e-08 4.90669785e-08 1
LGIC_O 8439 0.567487089 -0.204519113 0.0250140184 -5.78784275e-08 1.15127558e-08 1
LGIC_O 8438 -0.495463838 -0.478991786 0.0250140171 1.45571809e-08 5.5602105e-08 1
LGIC_O 8437 -0.0865332912 0.0753896135 0.0250139898 3.37890593e-08 -4.80634052e-08 1
LGIC_O 8436 0.281965125 0.349247805 0.0250140096 -3.27855134e-08 -4.90669575e-08 1
LGIC_O 8435 -0.281577291 0.489075666 0.0250140165 3.27854968e-08 -4.90669676e-08 1
LGIC_O 8434 -0.605092982 -0.110313414 0.0250140129 5.7878436e-08 -4.89847332e-08 1
LGIC_O 8433 0.701586212 -0.0117142491 0.0250140184 -4.96100802e-08 3.14742968e-08 1
LGIC_O 8432 0.426050556 0.664856809 0.0250140182 -2.45891309e-08 -3.68002211e-08 1
LGIC_O 8431 -0.53569519 -0.176489801 0.025014008 4.34088238e-08 8.63459484e-09 1
LGIC_O 8430 -0.206044735 -0.180448528 0.0250139982 6.28883752e-09 7.55636663e-08 1
LGIC_O 8429 0.342033035 -0.34268384 0.0250140113 -3.27854948e-08 4.90669785e-08 1
LGIC_O 8428 0.576112066 -0.314703408 0.0250140178 -3.37890406e-08 4.80634332e-08 1
LGIC_O 8427 0.236726308 -0.318077646 0.0250140066 -3.27854948e-08 4.90669785e-08 1
LGIC_O 8426 -0.0976488914 -0.110862836 0.0250139913 7.55636799e-08 6.2887973e-09 1
LGIC_O 8425 0.534646383 -0.195059479 0.0250140164 -5.78784275e-08 1.15127558e-08 1
LGIC_O 8424 0.219544679 -0.315091025 0.0250140059 -3.27854948e-08 4.90669785e-08 1
LGIC_O 8423 -0.608846757 -0.593779315 0.0250140203 3.68002489e-08 2.45891179e-08 1
LGIC_O 8422 0.564815598 -0.372450199 0.0250140202 -3.37890406e-08 4.80634332e-08 1
LGIC_O 8421 0.550750457 0.0902902064 0.0250140162 -5.78784335e-08 -1.15127284e-08 1
LGIC_O 8420 0.175418091 0.0610257495 0.0250139941 -5.78784335e-08 -1.15127284e-08 1
LGIC_O 8419 0.142777714 0.100831833 0.0250139936 -4.90669739e-08 -3.27854893e-08 1
LGIC_O 4418 0.0575220985 -0.190210297 0.0250139949 -1.15127059e-08 5.78784511e-08 1
LGIC_O 4417 -0.118754336 -0.170834128 0.0250139938 2.81018674e-08 4.20574117e-08 1
LGIC_O 4416 0.593239316 0.0786534269 0.0250140185 -5.78784335e-08 -1.15127284e-08 1
LGIC_O 4415 0.0853954366 -0.420999761 0.0250140086 -1.15127059e-08 5.78784511e-08 1
LGIC_O 4414 -0.374457097 -0.228026162 0.0250140026 3.68002489e-08 2.45891179e-08 1
LGIC_O 4413 0.577482781 -0.285169834 0.0250140164 -3.37890406e-08 4.80634332e-08 1
LGIC_O 4412 -0.484325859 0.306166979 0.0250140144 3.37890593e-08 -4.80634052e-08 1
LGIC_O 4411 0.44777829 -0.0963194904 0.0250140103 -5.78784275e-08 1.15127558e-08 1
LGIC_O 4410 0.28281874 -0.503567977 0.0250140172 -3.27854948e-08 4.90669785e-08 1
LGIC_O 4409 -0.116204576 -0.152585731 0.025013993 7.55636799e-08 6.2887973e-09 1
LGIC_O 4408 -0.333519821 0.289166147 0.0250140084 3.37890593e-08 -4.80634052e-08 1
LGIC_O 4407 -0.148720782 -0.636306108 0.0250140163 9.8680833e-09 4.96100963e-08 1
LGIC_O 4406 0.336173082 -0.328141715 0.0250140105 -4.90669481e-08 3.27855328e-08 1
LGIC_O 4405 -0.249510429 -0.168914007 0.0250139976 6.28883752e-09 7.55636663e-08 1
LGIC_O 4404 0.0811982327 0.141649416 0.0250139929 -3.27855134e-08 -4.90669575e-08 1
LGIC_O 4403 0.0533120499 -0.19689515 0.0250139952 -1.15127059e-08 5.78784511e-08 1
