LGIC_C 0 0.515278294 0.232534662 0.0250140118 3.37890593e-08 4.80634111e-08 -1
LGIC_C 1 -0.332157273 0.0464517816 0.0250139981 4.34088259e-08 -8.63455061e-09 1
LGIC_C 2 -0.570463975 0.150217148 0.0250140131 4.96100897e-08 -9.86805572e-09 1
LGIC_C 3 0.239197465 -0.650429378 0.0250140179 -9.86804037e-09 4.96101e-08 1
LGIC_C 4 -0.435516184 -0.221314884 0.0250140027 6.28883752e-09 7.55636663e-08 1
LGIC_C 5 0.0631208764 -0.540577452 0.0250140139 1.00935263e-08 5.7878447e-08 1
LGIC_C 6 -0.362547331 0.492628641 0.0250140162 1.28239438e-08 -5.73353116e-08 1
LGIC_C 7 -0.721609173 0.433738518 0.0250140205 3.68002297e-08 -2.45891157e-08 1
LGIC_C 8 -0.133166782 0.315692571 0.0250139982 2.45891128e-08 -3.68002333e-08 1
LGIC_C 9 -0.455745439 -0.266469764 0.0250140062 6.28883752e-09 7.55636663e-08 1
LGIC_C 10 -0.398965482 -0.616646691 0.0250140179 3.95603082e-08 3.05989652e-08 1
LGIC_C 11 0.185585824 0.559349996 0.0250140098 -6.33660387e-09 4.96100877e-08 -1
LGIC_C 12 0.398222409 0.182507781 0.0250140088 -4.90669739e-08 -3.27854893e-08 1
LGIC_C 13 0.730929059 -0.0646820152 0.0250140201 -4.96100859e-08 9.86807898e-09 1
LGIC_C 14 0.671092583 0.26705907 0.0250140148 -4.96100869e-08 6.3366408e-09 1
LGIC_C 15 -0.478314937 -0.362828216 0.0250140093 5.39043203e-09 6.47688584e-08 1
LGIC_C 16 0.616507838 -0.151078227 0.0250140153 -4.96100859e-08 9.86807898e-09 1
LGIC_C 17 -0.537443496 0.364684796 0.025014014 -4.82586679e-08 1.31306769e-08 -1
LGIC_C 18 0.290641146 -0.483815124 0.0250140117 -2.81018481e-08 4.20574137e-08 1
LGIC_C 21 -0.00176236475 -0.179308376 0.0250139921 -2.90231482e-08 4.96101036e-08 1
LGIC_C 22 0.126347912 0.596019268 0.0250140141 -9.86806672e-09 -4.96100854e-08 1
LGIC_C 23 -0.489488845 0.416232859 0.0250140115 3.68002297e-08 -2.45891157e-08 1
LGIC_C 24 0.147039571 0.422159696 0.0250140057 -9.86806672e-09 -4.96100854e-08 1
LGIC_C 25 0.335534917 -0.0332399464 0.0250139981 -4.34088226e-08 8.63456802e-09 1
LGIC_C 27 -0.248390637 0.542989339 0.0250140181 3.27854968e-08 -4.90669676e-08 1
LGIC_C 28 0.651603063 0.091758772 0.0250140123 -4.34088272e-08 -8.63453573e-09 1
LGIC_C 30 0.629271178 0.190618947 0.0250140132 -4.96100869e-08 6.3366408e-09 1
LGIC_C 31 -0.398240409 -0.426533984 0.0250140121 3.95603082e-08 3.05989652e-08 1
LGIC_C 32 0.0680128017 0.113388636 0.0250139899 -2.81018716e-08 -4.20573923e-08 1
LGIC_C 33 -0.0305732817 0.633897944 0.025014011 8.63455111e-09 -4.34088279e-08 1
LGIC_C 35 -0.185436868 -0.484887727 0.0250140019 -2.90231482e-08 4.96101036e-08 1
LGIC_C 36 0.498815263 -0.607384725 0.0250140178 -2.45891087e-08 3.68002429e-08 1
LGIC_C 37 0.0961674355 0.824072335 0.0250140199 -8.63455884e-09 -4.34088253e-08 1
LGIC_C 38 0.745626636 -0.336417157 0.0250140194 -3.05989503e-08 3.95603122e-08 1
LGIC_C 39 0.690725479 0.314284721 0.0250140164 -3.68002282e-08 -2.45891172e-08 1
LGIC_C 40 -0.707999244 0.00701880281 0.0250140142 4.34088279e-08 -2.48392273e-08 1
LGIC_C 41 -0.505613553 0.591276145 0.0250140175 2.45891128e-08 -3.68002333e-08 1
LGIC_C 42 -0.266027466 -0.656118585 0.025014014 8.63456455e-09 4.34088336e-08 1
LGIC_C 43 -0.56822115 -0.483648979 0.0250140139 1.15916899e-08 4.97976879e-08 1
LGIC_C 44 0.354220687 0.553147644 0.0250140146 1.3130701e-08 4.82586573e-08 -1
LGIC_C 45 -0.0194874392 -0.263721541 0.0250139952 2.48392553e-08 4.34088306e-08 1
LGIC_C 46 -0.209453615 -0.190229494 0.0250139967 5.39043203e-09 6.47688584e-08 1
LGIC_C 47 0.47138204 -0.177561266 0.0250140126 -5.78784275e-08 1.15127558e-08 1
LGIC_C 48 -0.110404928 -0.402631627 0.0250140017 8.63456455e-09 4.34088336e-08 1
LGIC_C 51 -0.568158109 -0.00641449456 0.0250140078 -4.34088282e-08 2.70157287e-08 -1
LGIC_C 52 0.687563587 -0.157263097 0.025014017 -4.34088182e-08 2.48392526e-08 1
LGIC_C 53 0.312275369 -0.0763949605 0.0250139987 -4.34088182e-08 2.48392526e-08 1
LGIC_C 54 -0.0574541173 -0.208106388 0.0250139924 -4.89847109e-08 5.78784581e-08 1
LGIC_C 55 0.449020243 0.472297197 0.0250140117 -2.45891309e-08 -3.68002211e-08 1
LGIC_C 56 -0.131648916 -0.21951854 0.0250139938 -5.56021111e-08 -1.45571543e-08 -1
LGIC_C 57 -0.0934646903 0.437684261 0.0250140079 -3.14742797e-08 4.96100914e-08 -1
LGIC_C 58 0.472661888 -0.0822453288 0.0250140058 -4.34088182e-08 2.48392526e-08 1
LGIC_C 59 -0.386855126 -0.215304955 0.0250140008 1.45571809e-08 5.5602105e-08 1
LGIC_C 60 0.0926053545 0.534382041 0.0250140127 -3.14742949e-08 -4.96100822e-08 1
LGIC_C 61 -0.380193556 0.345335598 0.025014009 4.20574045e-08 -2.81018523e-08 1
LGIC_C 62 -0.0162430802 0.428442719 0.025014005 -3.14742797e-08 4.96100914e-08 -1
LGIC_C 63 0.216507122 -0.00808046247 0.0250139941 -4.96100859e-08 9.86807898e-09 1
LGIC_C 64 -0.230466387 0.0294561683 0.0250139951 5.7878425e-08 4.89846948e-08 1
LGIC_C 65 0.0188104688 0.336831644 0.0250140002 -9.86806672e-09 -4.96100854e-08 1
LGIC_C 66 -0.227047204 -0.341504612 0.0250140014 2.45891453e-08 3.68002268e-08 1
LGIC_C 67 -0.471349842 0.422796266 0.0250140182 6.28881943e-09 -7.55636452e-08 1
LGIC_C 68 -0.688893043 -0.125703706 0.0250140098 -4.34088282e-08 2.70157287e-08 -1
LGIC_C 69 -0.696585026 -0.348234906 0.0250140175 3.68002489e-08 2.45891179e-08 1
LGIC_C 70 -0.0720384849 0.376898178 0.0250140002 8.63455111e-09 -4.34088279e-08 1
LGIC_C 72 0.149425754 0.386891567 0.0250140015 -6.33660387e-09 4.96100877e-08 -1
LGIC_C 73 -0.0090274694 0.00464477659 0.0250139838 -4.82586679e-08 1.31306769e-08 -1
LGIC_C 74 0.540776975 0.495523331 0.0250140158 -4.82586616e-08 -1.31306776e-08 1
LGIC_C 75 0.545957883 -0.575029332 0.0250140178 -2.45891087e-08 3.68002429e-08 1
LGIC_C 76 -0.671731424 0.0515980899 0.0250140151 4.96100851e-08 2.90231542e-08 1
LGIC_C 77 0.316317155 -0.191583851 0.0250140005 -3.05989503e-08 3.95603122e-08 1
LGIC_C 79 -0.571742692 -0.248042726 0.0250140022 1.15916899e-08 4.97976879e-08 1
LGIC_C 80 0.747661621 0.010254929 0.0250140158 -4.34088272e-08 -8.63453573e-09 1
LGIC_C 81 0.0476001072 0.687019239 0.025014017 -6.33660387e-09 4.96100877e-08 -1
LGIC_C 82 0.473119279 -0.305225696 0.0250140098 -3.05989503e-08 3.95603122e-08 1
LGIC_C 83 -0.362408495 0.238751933 0.0250140039 -4.82586679e-08 1.31306769e-08 -1
LGIC_C 84 0.23006601 0.51845103 0.0250140115 -2.81018716e-08 -4.20573923e-08 1
LGIC_C 85 -0.075208288 0.0853055815 0.0250139891 1.28239438e-08 -5.73353116e-08 1
LGIC_C 87 -0.306048431 -0.248684374 0.0250140015 1.45571809e-08 5.5602105e-08 1
LGIC_C 88 -0.605619304 -0.520294011 0.0250140162 1.15916899e-08 4.97976879e-08 1
LGIC_C 89 0.252439874 -0.510068798 0.0250140112 -1.31306721e-08 4.82586744e-08 1
LGIC_C 90 -0.368867451 -0.316944879 0.0250140062 1.45571809e-08 5.5602105e-08 1
LGIC_C 91 0.190878707 0.775259798 0.0250140186 -8.63455884e-09 -4.34088253e-08 1
LGIC_C 92 0.26748834 -0.74391742 0.0250140184 6.33663526e-09 4.9610097e-08 1
LGIC_C 93 -0.0517346778 0.596034147 0.0250140125 -6.33661298e-09 -4.96100859e-08 1
LGIC_C 94 0.158481358 -0.0466018275 0.0250139926 -4.96100802e-08 3.14742968e-08 1
LGIC_C 95 -0.333601768 -0.459047008 0.0250140085 -5.56021111e-08 -1.45571543e-08 -1
LGIC_C 96 0.343605524 -0.0120886904 0.0250140004 -4.96100859e-08 9.86807898e-09 1
LGIC_C 97 -0.414258996 0.0390143878 0.0250140027 4.96100851e-08 2.90231542e-08 1
LGIC_C 98 -0.345052363 -0.593042481 0.0250140151 3.95603082e-08 3.05989652e-08 1
LGIC_C 99 0.221382143 -0.077064008 0.0250139966 -4.96100802e-08 3.14742968e-08 1
LGIC_C 100 -0.345972081 -0.51358085 0.0250140107 2.45891453e-08 3.68002268e-08 1
LGIC_C 101 -0.377629955 0.0317516245 0.0250140023 4.96100897e-08 -9.86805572e-09 1
LGIC_C 102 -0.409896407 0.460070856 0.0250140149 1.28239438e-08 -5.73353116e-08 1
LGIC_C 103 -0.459320283 -0.0182732725 0.0250140027 -4.34088282e-08 2.70157287e-08 -1
LGIC_C 104 0.60571239 -0.226546332 0.0250140155 -4.96100859e-08 9.86807898e-09 1
LGIC_C 105 -0.318144827 0.115180236 0.0250139999 4.34088279e-08 -2.48392273e-08 1
LGIC_C 106 -0.312653552 0.78632355 0.0250140201 8.63455111e-09 -4.34088279e-08 1
LGIC_C 107 -0.686819388 -0.267340544 0.0250140154 4.34088238e-08 8.63459484e-09 1
LGIC_C 108 -0.0414145926 -0.520974144 0.0250140069 2.48392553e-08 4.34088306e-08 1
LGIC_C 110 -0.204190547 -0.724804527 0.0250140165 8.63456455e-09 4.34088336e-08 1
LGIC_C 111 -0.491080151 -0.126223331 0.025014004 -4.96100919e-08 2.90231703e-08 -1
LGIC_C 112 0.719052297 -0.0380786899 0.0250140201 -4.96100802e-08 3.14742968e-08 1
LGIC_C 113 -0.0494087407 -0.686311145 0.0250140143 2.48392553e-08 4.34088306e-08 1
LGIC_C 114 -0.33365683 0.398654448 0.0250140104 1.28239438e-08 -5.73353116e-08 1
LGIC_C 115 0.507785733 -0.390264761 0.0250140142 -3.05989503e-08 3.95603122e-08 1
LGIC_C 116 0.13071344 -0.441210827 0.0250140075 1.00935263e-08 5.7878447e-08 1
LGIC_C 117 -0.182255099 -0.0464174781 0.0250139904 4.96100935e-08 -4.19869172e-08 1
LGIC_C 118 -0.292550482 -0.321822455 0.0250140042 -5.56021111e-08 -1.45571543e-08 -1
LGIC_C 119 0.0875213355 0.454632855 0.0250140067 -9.86806672e-09 -4.96100854e-08 1
LGIC_C 120 0.00244197794 0.50610984 0.0250140084 -6.33660387e-09 4.96100877e-08 -1
LGIC_C 121 -0.438466905 -0.425569067 0.0250140095 1.15916899e-08 4.97976879e-08 1
LGIC_C 122 0.619471734 -0.356215418 0.0250140148 -3.68002179e-08 2.45891393e-08 1
LGIC_C 124 0.539960858 -0.464589061 0.0250140145 -3.68002179e-08 2.45891393e-08 1
LGIC_C 125 0.143230334 -0.157770904 0.0250139927 -1.31306721e-08 4.82586744e-08 1
LGIC_C 126 0.603062552 -0.382366286 0.0250140168 -3.05989503e-08 3.95603122e-08 1
LGIC_C 127 0.200046231 -0.298013698 0.0250140002 -1.31306721e-08 4.82586744e-08 1
LGIC_C 128 0.231904792 -0.289375639 0.0250139996 -2.45891087e-08 3.68002429e-08 1
LGIC_C 129 0.487665041 -0.0706706606 0.025014005 -4.34088226e-08 8.63456802e-09 1
LGIC_C 130 -0.625972163 0.16262816 0.0250140118 4.34088259e-08 -8.63455061e-09 1
LGIC_C 131 0.387623226 0.249747215 0.0250140052 -4.82586616e-08 -1.31306776e-08 1
LGIC_C 132 -0.200136517 0.0809850126 0.0250139909 5.7878425e-08 4.89846948e-08 1
LGIC_C 133 -0.605516032 -0.0505096558 0.02501401 4.34088238e-08 8.63459484e-09 1
LGIC_C 134 0.283193593 -0.629651312 0.0250140134 -2.45891087e-08 3.68002429e-08 1
LGIC_C 135 -0.255804961 -0.2638117 0.0250140015 2.81018674e-08 4.20574117e-08 1
LGIC_C 136 0.375846314 -0.279921459 0.0250140039 -3.68002179e-08 2.45891393e-08 1
LGIC_C 137 0.367026751 -0.371043594 0.025014006 -1.31306721e-08 4.82586744e-08 1
LGIC_C 138 -0.69308272 -0.213396262 0.0250140087 4.96100935e-08 -4.19869172e-08 1
LGIC_C 139 0.108208324 -0.00573178411 0.0250139888 -4.96100802e-08 3.14742968e-08 1
LGIC_C 140 0.485529489 0.550922048 0.0250140155 -2.45891309e-08 -3.68002211e-08 1
LGIC_C 141 0.450206021 0.123698351 0.0250140038 -4.34088272e-08 -8.63453573e-09 1
LGIC_C 142 -0.484495305 -0.550039255 0.0250140193 3.95603082e-08 3.05989652e-08 1
LGIC_C 144 -0.443561742 -0.483576443 0.025014015 -5.56021111e-08 -1.45571543e-08 -1
LGIC_C 145 0.202962324 -0.00392957285 0.0250139921 -4.34088182e-08 2.48392526e-08 1
LGIC_C 146 0.0263058025 0.59178646 0.0250140125 -6.33660387e-09 4.96100877e-08 -1
LGIC_C 147 -0.332267049 -0.344771451 0.0250140041 2.45891453e-08 3.68002268e-08 1
LGIC_C 149 0.554605102 0.496959764 0.0250140159 -3.68002282e-08 -2.45891172e-08 1
LGIC_C 150 0.410433329 0.145652954 0.0250140027 -4.96100869e-08 6.3366408e-09 1
LGIC_C 151 -0.0817915351 -0.677535288 0.0250140134 8.63456455e-09 4.34088336e-08 1
LGIC_C 152 0.260458312 0.57003235 0.0250140142 1.3130701e-08 4.82586573e-08 -1
LGIC_C 153 0.167606153 -0.22197478 0.0250139981 -1.28239349e-08 5.73353226e-08 1
LGIC_C 154 0.149725752 0.507367009 0.0250140099 -9.86806672e-09 -4.96100854e-08 1
LGIC_C 155 -0.571619344 0.122360894 0.0250140091 4.34088259e-08 -8.63455061e-09 1
LGIC_C 156 -0.244011872 0.0340521527 0.0250139942 4.34088259e-08 -8.63455061e-09 1
LGIC_C 157 -0.445174165 0.278154529 0.0250140071 6.28881943e-09 -7.55636452e-08 1
LGIC_C 158 0.34281026 0.172098788 0.0250140031 3.37890593e-08 4.80634111e-08 -1
LGIC_C 159 0.772758479 0.131592822 0.0250140179 -4.34088272e-08 -8.63453573e-09 1
LGIC_C 160 -0.299145143 -0.0941628239 0.0250139937 -4.34088282e-08 2.70157287e-08 -1
LGIC_C 161 -0.426422059 0.0715845161 0.0250140051 4.96100897e-08 -9.86805572e-09 1
LGIC_C 162 0.48354162 0.0119250247 0.0250140073 -4.96100911e-08 -9.86803575e-09 1
LGIC_C 163 0.389206915 -0.255884434 0.0250140068 -4.20573976e-08 2.81018683e-08 1
LGIC_C 164 0.231225793 -0.567763219 0.0250140099 6.33663526e-09 4.9610097e-08 1
LGIC_C 165 -0.321936694 0.0213920553 0.0250139986 4.96100851e-08 2.90231542e-08 1
LGIC_C 166 -0.109708795 -0.701229332 0.0250140164 2.48392553e-08 4.34088306e-08 1
LGIC_C 167 -0.593469804 0.554757381 0.0250140188 3.68002297e-08 -2.45891157e-08 1
LGIC_C 168 -0.544986185 -0.218916026 0.0250140088 4.34088238e-08 8.63459484e-09 1
LGIC_C 169 0.663065266 -0.504470209 0.02501402 -3.68002179e-08 2.45891393e-08 1
LGIC_C 171 -0.218504705 0.326613707 0.0250140048 1.28239438e-08 -5.73353116e-08 1
LGIC_C 172 0.326253971 0.153392795 0.0250140016 3.37890593e-08 4.80634111e-08 -1
LGIC_C 173 0.659674707 0.290928829 0.0250140147 -3.68002282e-08 -2.45891172e-08 1
LGIC_C 174 -0.0941008606 -0.508152962 0.0250140076 2.48392553e-08 4.34088306e-08 1
LGIC_C 175 0.39514854 -0.307765362 0.0250140114 -3.37890406e-08 4.80634332e-08 1
LGIC_C 177 0.323708094 0.324121296 0.025014006 -2.81018716e-08 -4.20573923e-08 1
LGIC_C 178 0.0908341923 -0.633469924 0.0250140141 6.33663526e-09 4.9610097e-08 1
LGIC_C 180 -0.133663032 0.285903166 0.0250139991 2.8101852e-08 -4.20574041e-08 1
LGIC_C 181 -0.680902093 -0.305768984 0.0250140067 5.39043203e-09 6.47688584e-08 1
LGIC_C 183 0.668067844 0.317992185 0.0250140197 -4.82586616e-08 -1.31306776e-08 1
LGIC_C 184 0.709145435 -0.0409045086 0.025014015 -4.34088182e-08 2.48392526e-08 1
LGIC_C 185 0.380101081 -0.122194006 0.0250140028 -4.34088182e-08 2.48392526e-08 1
LGIC_C 186 -0.618958343 -0.299585092 0.025014006 5.39043203e-09 6.47688584e-08 1
LGIC_C 188 -0.745603141 0.0856926693 0.0250140164 4.34088259e-08 -8.63455061e-09 1
LGIC_C 189 -0.560277973 0.285528202 0.0250140149 4.20574045e-08 -2.81018523e-08 1
LGIC_C 190 0.347974662 -0.707070252 0.0250140178 -2.45891087e-08 3.68002429e-08 1
LGIC_C 191 -0.400824002 -0.251738327 0.0250140017 5.39043203e-09 6.47688584e-08 1
LGIC_C 192 -0.297071673 0.114537334 0.0250139972 4.34088259e-08 -8.63455061e-09 1
LGIC_C 193 0.292300957 0.0764272736 0.0250139985 -4.96100911e-08 -9.86803575e-09 1
LGIC_C 194 -0.697871906 0.365712104 0.0250140179 3.68002297e-08 -2.45891157e-08 1
LGIC_C 195 0.369330572 0.412357821 0.025014011 -2.81018716e-08 -4.20573923e-08 1
LGIC_C 196 0.699830307 0.385653228 0.0250140185 -3.68002282e-08 -2.45891172e-08 1
LGIC_C 197 -0.284175457 -0.510024751 0.025014009 2.45891453e-08 3.68002268e-08 1
LGIC_C 198 0.544242757 -0.0268268052 0.0250140071 -4.34088226e-08 8.63456802e-09 1
LGIC_C 199 0.640711196 0.240620093 0.0250140135 -4.96100869e-08 6.3366408e-09 1
LGIC_C 200 0.740273035 -0.319405917 0.0250140183 -3.68002179e-08 2.45891393e-08 1
LGIC_C 201 0.239473817 0.14615629 0.0250139974 -4.20574004e-08 -2.81018564e-08 1
LGIC_C 202 -0.0240947729 -0.265430025 0.0250139954 2.48392553e-08 4.34088306e-08 1
LGIC_C 203 -0.181123031 -0.0302632161 0.0250139914 -4.96100919e-08 2.90231703e-08 -1
LGIC_C 204 -0.386415691 0.551693366 0.0250140173 2.8101852e-08 -4.20574041e-08 1
LGIC_C 205 -0.0927665071 0.240629452 0.0250139961 9.86805557e-09 -4.96100883e-08 1
LGIC_C 206 0.638786247 -0.360691082 0.0250140156 -3.68002179e-08 2.45891393e-08 1
LGIC_C 207 -0.130358364 -0.44085899 0.0250140023 -4.89847109e-08 5.78784581e-08 1
LGIC_C 208 -0.5183178 0.355163092 0.0250140129 -4.82586679e-08 1.31306769e-08 -1
LGIC_C 209 -0.00913869718 0.00626397833 0.0250139849 -1.17760707e-07 7.86851935e-08 -1
LGIC_C 210 0.0620012487 0.28408701 0.025013998 -9.86806672e-09 -4.96100854e-08 1
LGIC_C 212 -0.339759246 -0.547366835 0.0250140101 -5.56021111e-08 -1.45571543e-08 -1
LGIC_C 213 0.334079626 -0.352879971 0.0250140075 -2.81018481e-08 4.20574137e-08 1
LGIC_C 214 0.458649468 -0.0508434288 0.0250140036 -4.34088226e-08 8.63456802e-09 1
LGIC_C 215 -0.45481169 -0.0279279157 0.0250140032 4.34088238e-08 8.63459484e-09 1
LGIC_C 216 0.220679127 -0.185701935 0.0250139973 -3.05989503e-08 3.95603122e-08 1
LGIC_C 217 0.502272882 -0.418930595 0.0250140203 -3.37890406e-08 4.80634332e-08 1
LGIC_C 218 -0.282969418 0.458536957 0.0250140091 1.31306824e-08 -4.82586643e-08 1
LGIC_C 219 -0.2330787 -0.447375544 0.0250140062 3.95603082e-08 3.05989652e-08 1
LGIC_C 220 -0.727500458 -0.330656009 0.0250140182 3.68002489e-08 2.45891179e-08 1
LGIC_C 221 0.676808211 -0.390506745 0.0250140177 -3.68002179e-08 2.45891393e-08 1
LGIC_C 222 -0.52587757 -0.163058349 0.0250140046 -4.96100919e-08 2.90231703e-08 -1
LGIC_C 223 0.232867824 0.417573279 0.0250140085 -4.80634192e-08 -3.37890445e-08 1
LGIC_C 224 -0.393846323 0.0607732908 0.025014001 4.96100851e-08 2.90231542e-08 1
LGIC_C 225 0.213955057 -0.634454723 0.0250140126 -8.63454093e-09 4.34088369e-08 1
LGIC_C 226 0.38875486 -0.190697974 0.0250140022 -3.68002179e-08 2.45891393e-08 1
LGIC_C 227 -0.159663922 0.507455287 0.0250140067 8.63455111e-09 -4.34088279e-08 1
LGIC_C 228 0.271864292 -0.320576545 0.0250140023 -1.31306721e-08 4.82586744e-08 1
LGIC_C 229 -0.482512053 -0.102595053 0.0250140051 4.34088238e-08 8.63459484e-09 1
LGIC_C 230 -0.683538683 -0.20448409 0.0250140074 -4.34088282e-08 2.70157287e-08 -1
LGIC_C 231 0.5366816 0.276941097 0.0250140147 3.37890593e-08 4.80634111e-08 -1
LGIC_C 232 -0.256114987 0.795208266 0.02501402 8.63455111e-09 -4.34088279e-08 1
LGIC_C 233 0.293882652 0.244845754 0.0250140006 -4.82586616e-08 -1.31306776e-08 1
LGIC_C 234 -0.0384311444 -0.428668139 0.0250140022 8.63456455e-09 4.34088336e-08 1
LGIC_C 235 0.334885383 0.446501802 0.0250140114 -2.81018716e-08 -4.20573923e-08 1
LGIC_C 236 0.266890547 -0.0173320673 0.0250139952 -4.34088182e-08 2.48392526e-08 1
LGIC_C 239 0.471341216 -0.300610578 0.0250140115 -4.20573976e-08 2.81018683e-08 1
LGIC_C 240 0.147849586 -0.174167548 0.0250139951 -1.28239349e-08 5.73353226e-08 1
LGIC_C 241 -0.103665667 0.20695522 0.0250139949 2.8101852e-08 -4.20574041e-08 1
LGIC_C 242 0.606340355 -0.310897693 0.0250140187 -3.37890406e-08 4.80634332e-08 1
LGIC_C 243 -0.664474595 0.241106145 0.0250140186 4.96100897e-08 -9.86805572e-09 1
LGIC_C 246 0.406508735 0.463145399 0.0250140103 -2.45891309e-08 -3.68002211e-08 1
LGIC_C 247 -0.514731843 0.64995064 0.0250140198 2.45891128e-08 -3.68002333e-08 1
LGIC_C 248 0.0846551427 -0.0745807086 0.0250139882 -3.68002179e-08 2.45891393e-08 1
LGIC_C 249 0.520893582 -0.0451402593 0.0250140105 -4.96100802e-08 3.14742968e-08 1
LGIC_C 250 0.248064185 0.519092704 0.0250140127 -4.80634192e-08 -3.37890445e-08 1
LGIC_C 251 0.0331369776 0.643496848 0.025014015 -6.33660387e-09 4.96100877e-08 -1
LGIC_C 252 0.155607599 0.570109945 0.0250140164 -3.14742949e-08 -4.96100822e-08 1
LGIC_C 253 0.501735202 0.294932708 0.0250140113 -4.82586616e-08 -1.31306776e-08 1
LGIC_C 255 -0.756716162 -0.0699318072 0.0250140142 -4.34088282e-08 2.70157287e-08 -1
LGIC_C 256 -0.319432815 0.531234952 0.0250140107 2.45891128e-08 -3.68002333e-08 1
LGIC_C 257 0.29660583 0.338300839 0.0250140035 1.3130701e-08 4.82586573e-08 -1
LGIC_C 258 -0.301968088 0.582893263 0.0250140121 2.45891128e-08 -3.68002333e-08 1
LGIC_C 260 -0.0314235715 -0.621139177 0.0250140144 9.8680833e-09 4.96100963e-08 1
LGIC_C 261 0.0743073294 0.600139659 0.02501401 -8.63455884e-09 -4.34088253e-08 1
LGIC_C 262 -0.35246817 0.3655638 0.0250140055 1.31306824e-08 -4.82586643e-08 1
LGIC_C 263 -0.682859102 -0.213729593 0.0250140071 -4.34088282e-08 2.70157287e-08 -1
LGIC_C 264 0.459053913 -0.33453421 0.0250140083 -3.68002179e-08 2.45891393e-08 1
LGIC_C 265 0.224156762 0.0296473584 0.0250139946 -4.96100911e-08 -9.86803575e-09 1
LGIC_C 266 -0.177342716 -0.313888244 0.0250139999 3.95603082e-08 3.05989652e-08 1
LGIC_C 267 -0.324886653 -0.307149998 0.025014005 1.45571809e-08 5.5602105e-08 1
LGIC_C 268 -0.0571000635 -0.512792317 0.025014007 -2.90231482e-08 4.96101036e-08 1
LGIC_C 269 -0.104282739 0.67374223 0.025014016 -6.33661298e-09 -4.96100859e-08 1
LGIC_C 271 -0.483811474 -0.441674184 0.0250140119 3.68002489e-08 2.45891179e-08 1
LGIC_C 272 -0.365084686 0.284478604 0.0250140046 -4.82586679e-08 1.31306769e-08 -1
LGIC_C 273 0.74679255 -0.160569284 0.0250140196 -4.34088182e-08 2.48392526e-08 1
LGIC_C 274 -0.35933158 0.373333911 0.0250140058 2.45891128e-08 -3.68002333e-08 1
LGIC_C 275 0.0164021156 -0.536161805 0.0250140097 6.33663526e-09 4.9610097e-08 1
LGIC_C 276 -0.119204824 -0.52334551 0.0250140057 -2.90231482e-08 4.96101036e-08 1
LGIC_C 278 0.31724048 0.268797657 0.0250140015 -3.68002282e-08 -2.45891172e-08 1
LGIC_C 279 0.0629730613 -0.0403378422 0.0250139865 -3.68002179e-08 2.45891393e-08 1
LGIC_C 280 -0.266002517 -0.144722862 0.0250139952 1.45571809e-08 5.5602105e-08 1
LGIC_C 281 0.369230762 0.548287344 0.0250140195 -4.80634192e-08 -3.37890445e-08 1
LGIC_C 282 -0.236397012 -0.44277135 0.0250140062 3.95603082e-08 3.05989652e-08 1
LGIC_C 283 -0.234255731 -0.489402096 0.0250140041 7.55636799e-08 6.2887973e-09 1
LGIC_C 284 0.229393143 -0.743440961 0.0250140175 -8.63454093e-09 4.34088369e-08 1
LGIC_C 286 -0.557110354 0.0126795133 0.0250140105 4.96100851e-08 2.90231542e-08 1
LGIC_C 287 -0.0994415749 -0.167343979 0.0250139918 2.45891453e-08 3.68002268e-08 1
LGIC_C 288 0.0683204802 -0.325906225 0.025013999 6.33663526e-09 4.9610097e-08 1
LGIC_C 289 0.031654163 -0.00455399046 0.0250139846 -4.34088226e-08 8.63456802e-09 1
LGIC_C 290 -0.354109023 -0.543783812 0.0250140161 2.81018674e-08 4.20574117e-08 1
LGIC_C 291 -0.518430181 0.450458017 0.0250140134 3.68002297e-08 -2.45891157e-08 1
LGIC_C 292 0.465160815 0.468959799 0.025014016 -2.81018716e-08 -4.20573923e-08 1
LGIC_C 293 -0.676315999 -0.059663443 0.0250140151 -4.96100919e-08 2.90231703e-08 -1
LGIC_C 295 -0.1437137 0.139350307 0.0250139947 6.28881943e-09 -7.55636452e-08 1
LGIC_C 296 0.490295806 0.27807034 0.0250140117 -4.20574004e-08 -2.81018564e-08 1
LGIC_C 297 0.0377466204 0.370731643 0.0250139997 -8.63455884e-09 -4.34088253e-08 1
LGIC_C 298 0.129133355 -0.501218127 0.0250140094 -9.86804037e-09 4.96101e-08 1
LGIC_C 299 -0.0939559024 -0.290944884 0.0250139986 9.8680833e-09 4.96100963e-08 1
LGIC_C 300 0.417838571 -0.0576587644 0.0250140028 -4.34088182e-08 2.48392526e-08 1
LGIC_C 301 0.112652489 0.376918733 0.0250140006 -8.63455884e-09 -4.34088253e-08 1
LGIC_C 302 0.432120107 0.329658886 0.0250140107 -4.20574004e-08 -2.81018564e-08 1
LGIC_C 303 -0.066533221 0.345585908 0.0250140011 9.86805557e-09 -4.96100883e-08 1
LGIC_C 304 -0.165033651 0.35204822 0.0250140024 1.31306824e-08 -4.82586643e-08 1
LGIC_C 305 -0.46530172 0.246272228 0.0250140064 3.68002297e-08 -2.45891157e-08 1
LGIC_C 306 0.188630407 0.117978173 0.0250139953 3.37890593e-08 4.80634111e-08 -1
LGIC_C 307 -0.428406962 0.243331087 0.0250140071 -4.82586679e-08 1.31306769e-08 -1
LGIC_C 308 0.617712506 -0.290756226 0.0250140131 -3.68002179e-08 2.45891393e-08 1
LGIC_C 309 0.138295756 0.127259492 0.0250139915 -3.68002282e-08 -2.45891172e-08 1
LGIC_C 310 0.132008669 0.764344904 0.0250140176 -8.63455884e-09 -4.34088253e-08 1
LGIC_C 311 0.553786087 0.61640733 0.0250140196 -2.45891309e-08 -3.68002211e-08 1
LGIC_C 312 0.30853059 0.19256753 0.0250140016 -4.20574004e-08 -2.81018564e-08 1
LGIC_C 313 0.664126206 0.348709056 0.0250140163 -3.68002282e-08 -2.45891172e-08 1
LGIC_C 314 -0.290789139 0.513717902 0.0250140093 2.45891128e-08 -3.68002333e-08 1
LGIC_C 315 -0.0835271205 0.0094767992 0.0250139875 4.96100897e-08 -9.86805572e-09 1
LGIC_C 318 -0.222504041 -0.371879533 0.025014001 -5.56021111e-08 -1.45571543e-08 -1
LGIC_C 319 -0.46911685 -0.0675251489 0.0250140018 -4.34088282e-08 2.70157287e-08 -1
LGIC_C 320 0.422720897 0.594646186 0.0250140201 -2.81018716e-08 -4.20573923e-08 1
LGIC_C 322 0.53261627 0.227127644 0.0250140119 -4.82586616e-08 -1.31306776e-08 1
LGIC_C 323 -0.327575819 -0.652328267 0.0250140199 2.81018674e-08 4.20574117e-08 1
LGIC_C 324 0.00743019089 0.68681161 0.0250140173 -6.33660387e-09 4.96100877e-08 -1
LGIC_C 325 0.468487427 0.59511802 0.0250140167 -2.45891309e-08 -3.68002211e-08 1
LGIC_C 326 0.175445475 0.68266009 0.025014016 -6.33660387e-09 4.96100877e-08 -1
LGIC_C 327 -0.31032823 -0.0311863866 0.0250139978 -4.96100919e-08 2.90231703e-08 -1
LGIC_C 328 -0.401634727 0.00854111141 0.0250140009 4.34088279e-08 -2.48392273e-08 1
LGIC_C 329 0.614728174 -0.230492454 0.025014016 -4.96100859e-08 9.86807898e-09 1
LGIC_C 330 0.358346478 -0.0278358159 0.0250140019 -4.96100802e-08 3.14742968e-08 1
LGIC_C 331 0.228089129 -0.100525137 0.0250139942 -3.05989503e-08 3.95603122e-08 1
LGIC_C 332 -0.0235269969 -0.372276735 0.0250140019 9.8680833e-09 4.96100963e-08 1
LGIC_C 333 0.50272024 0.153859705 0.0250140064 -4.34088272e-08 -8.63453573e-09 1
LGIC_C 334 0.23399523 0.796188142 0.0250140198 -8.63455884e-09 -4.34088253e-08 1
LGIC_C 335 0.197007593 0.550551988 0.0250140093 -6.33660387e-09 4.96100877e-08 -1
LGIC_C 336 -0.741018871 0.0169509758 0.0250140159 4.34088279e-08 -2.48392273e-08 1
LGIC_C 337 -0.00779031979 -0.00262395242 0.0250139836 -4.96100919e-08 2.90231703e-08 -1
LGIC_C 338 -0.201657986 0.332199808 0.0250140005 2.45891128e-08 -3.68002333e-08 1
LGIC_C 339 0.13880873 -0.190030277 0.0250139942 -1.31306721e-08 4.82586744e-08 1
LGIC_C 340 -0.305210559 0.592925731 0.0250140168 2.8101852e-08 -4.20574041e-08 1
LGIC_C 341 -0.0224385902 -0.718044725 0.0250140146 8.63456455e-09 4.34088336e-08 1
LGIC_C 342 -0.832207726 -0.0203218299 0.0250140188 -4.34088282e-08 2.70157287e-08 -1
LGIC_C 343 0.272805895 0.485725032 0.0250140103 1.3130701e-08 4.82586573e-08 -1
LGIC_C 344 -0.110051425 0.0248867204 0.0250139884 5.7878425e-08 4.89846948e-08 1
LGIC_C 346 0.34884928 0.312097465 0.0250140038 -3.68002282e-08 -2.45891172e-08 1
LGIC_C 347 0.486196825 -0.130604265 0.0250140086 -4.96100859e-08 9.86807898e-09 1
LGIC_C 349 -0.217780938 -0.535183149 0.0250140035 -2.90231482e-08 4.96101036e-08 1
LGIC_C 350 -0.288780546 0.368037667 0.0250140039 2.45891128e-08 -3.68002333e-08 1
LGIC_C 352 -0.209249465 -0.282824917 0.0250140002 3.95603082e-08 3.05989652e-08 1
LGIC_C 353 -0.312177632 0.174981748 0.0250140013 4.20574045e-08 -2.81018523e-08 1
LGIC_C 354 0.154374415 0.229917192 0.0250139973 -2.81018716e-08 -4.20573923e-08 1
LGIC_C 355 0.103227273 -0.525917027 0.0250140126 1.00935263e-08 5.7878447e-08 1
LGIC_C 356 0.119662229 0.694426674 0.0250140144 -8.63455884e-09 -4.34088253e-08 1
LGIC_C 357 0.767489586 0.145166152 0.0250140204 -4.96100869e-08 6.3366408e-09 1
LGIC_C 358 0.0688291072 -0.0485107873 0.0250139882 -4.90669481e-08 3.27855328e-08 1
LGIC_C 359 -0.242807706 0.232695823 0.0250140024 6.28881943e-09 -7.55636452e-08 1
LGIC_C 360 -0.477938624 0.439376182 0.0250140117 3.68002297e-08 -2.45891157e-08 1
LGIC_C 361 0.588412323 -0.135898808 0.0250140138 -4.96100859e-08 9.86807898e-09 1
LGIC_C 362 -0.4138272 -0.114423381 0.0250140005 -4.96100919e-08 2.90231703e-08 -1
LGIC_C 363 -0.301210444 0.440857064 0.0250140085 1.31306824e-08 -4.82586643e-08 1
LGIC_C 365 0.618181994 -0.346601289 0.025014019 -4.20573976e-08 2.81018683e-08 1
LGIC_C 366 -0.33206338 -0.722718832 0.0250140185 3.95603082e-08 3.05989652e-08 1
LGIC_C 367 0.364130501 -0.105820331 0.0250140017 -4.34088182e-08 2.48392526e-08 1
LGIC_C 368 -0.12880793 -0.324233869 0.0250140005 2.48392553e-08 4.34088306e-08 1
LGIC_C 369 -0.127901024 -0.603612878 0.0250140095 -2.90231482e-08 4.96101036e-08 1
LGIC_C 370 -0.382794589 -0.587726626 0.0250140143 2.45891453e-08 3.68002268e-08 1
LGIC_C 371 0.233992779 0.0582262355 0.0250139939 -4.34088272e-08 -8.63453573e-09 1
LGIC_C 372 -0.068337882 0.432868361 0.0250140026 8.63455111e-09 -4.34088279e-08 1
LGIC_C 373 -0.638619894 0.456165797 0.025014018 3.68002297e-08 -2.45891157e-08 1
LGIC_C 374 0.0325730438 -0.212529029 0.0250139936 6.33663526e-09 4.9610097e-08 1
LGIC_C 375 0.146684661 -0.635318895 0.0250140185 1.00935263e-08 5.7878447e-08 1
LGIC_C 376 0.411874504 0.365469231 0.0250140108 -4.20574004e-08 -2.81018564e-08 1
LGIC_C 377 0.316647417 0.165071721 0.025013999 -3.68002282e-08 -2.45891172e-08 1
LGIC_C 378 -0.611557656 0.0971999976 0.0250140108 4.96100851e-08 2.90231542e-08 1
LGIC_C 379 -0.0303417629 -0.460385935 0.0250140064 9.8680833e-09 4.96100963e-08 1
LGIC_C 380 0.112606675 0.592702195 0.0250140138 -9.86806672e-09 -4.96100854e-08 1
LGIC_C 381 0.041702309 0.669437595 0.0250140162 -6.33660387e-09 4.96100877e-08 -1
LGIC_C 382 0.58687821 -0.252729443 0.0250140152 -3.37890406e-08 4.80634332e-08 1
LGIC_C 384 -0.442892315 -0.419120763 0.0250140177 6.28883752e-09 7.55636663e-08 1
LGIC_C 386 0.499790644 -0.463479039 0.025014013 -3.68002179e-08 2.45891393e-08 1
LGIC_C 387 0.580462395 -0.259171818 0.0250140153 -3.37890406e-08 4.80634332e-08 1
LGIC_C 388 -0.024351268 0.426379875 0.0250140047 9.86805557e-09 -4.96100883e-08 1
LGIC_C 390 0.568212803 0.00410468197 0.0250140114 -4.96100869e-08 6.3366408e-09 1
LGIC_C 392 -0.214893598 -0.580485717 0.0250140058 -2.90231482e-08 4.96101036e-08 1
LGIC_C 393 -0.0265058761 -0.321856666 0.0250139974 8.63456455e-09 4.34088336e-08 1
LGIC_C 395 0.356123776 0.439054617 0.0250140091 1.3130701e-08 4.82586573e-08 -1
LGIC_C 396 0.291850071 0.408106426 0.0250140068 1.3130701e-08 4.82586573e-08 -1
LGIC_C 397 -0.685336013 0.252947601 0.0250140152 4.34088259e-08 -8.63455061e-09 1
LGIC_C 398 -0.587671106 0.243506976 0.0250140148 3.37890593e-08 -4.80634052e-08 1
LGIC_C 399 0.603700459 -0.154473928 0.025014018 -4.96100802e-08 3.14742968e-08 1
NT 3420 -0.655455758 -0.41075618 0.0436854777 0 0 0
NT 3607 -0.645553353 -0.0135144917 0.0310760505 0 0 0
NT 4655 0.307962772 -0.163227886 0.0260844719 0 0 0
NT 4695 0.401471348 0.181451929 0.0415078244 0 0 0
NT 4719 -0.69609368 0.242001841 0.0399793165 0 0 0
NT 5053 0.00211192487 -0.442619829 0.0460387302 0 0 0
NT 5078 -0.222302905 -0.603648543 0.0392705564 0 0 0
NT 5176 0.174675732 -0.101031185 0.0269441594 0 0 0
NT 5268 -0.254888666 0.461013935 0.0325178939 0 0 0
NT 5330 -0.555409978 -0.155497452 0.0257243328 0 0 0
NT 5348 0.528402809 -0.521634908 0.0415453692 0 0 0
NT 5429 -0.067417856 -0.0370285124 0.0313691626 0 0 0
NT 5508 -0.238598994 0.573414489 0.0383982068 0 0 0
NT 5563 0.127919502 -0.223141133 0.0428889634 0 0 0
NT 5659 -0.152037277 -0.128347643 0.0296168282 0 0 0
NT 5876 -0.60807611 -0.646432021 -0.194607515 0 0 0
NT 5973 -0.0217565547 0.303629633 0.0333339131 0 0 0
NT 5995 0.173197776 -0.0659665459 0.0438204091 0 0 0
NT 6161 -0.164504605 -0.400461331 0.0313494201 0 0 0
NT 6319 0.00974468738 -0.349620885 0.0409186361 0 0 0
NT 6370 -0.173500634 -0.167905863 0.0314182858 0 0 0
NT 6509 0.0343361141 -0.330268382 0.0456346069 0 0 0
NT 6981 0.636227351 -0.25260884 0.0460506841 0 0 0
NT 7076 0.412774423 0.11398083 0.0268821775 0 0 0
NT 7121 0.515323299 -0.14969826 0.0409122587 0 0 0
NT 7181 -3.09587114 0.252972742 -0.420833314 0 0 0
NT 7437 -0.324257616 -0.814842052 0.17404975 0 0 0
NT 7579 -0.0759592744 0.0844385567 0.0341091092 0 0 0
NT 7686 -0.0548275996 -0.112579145 0.0284463893 0 0 0
NT 7695 -0.799766303 -0.0360298567 0.0288598428 0 0 0
NT 7793 -0.159328815 0.481579168 0.0454883994 0 0 0
NT 7817 0.02288286 1.73617251 0.146713124 0 0 0
NT 7855 0.619247932 -0.3297571 0.041236275 0 0 0
NT 7994 -0.246384252 -0.172936132 0.0325706285 0 0 0
NT 8066 0.595386158 -0.213424788 0.0296378329 0 0 0
NT 8093 -0.523034425 -0.781751336 0.139964883 0 0 0
LGIC_O 4402 -0.0345878633 0.265675272 0.025013999 1.15127271e-08 -5.78784352e-08 1
LGIC_O 4401 -0.1840676 0.0972239463 0.0250139942 3.37890593e-08 -4.80634052e-08 1
LGIC_O 4400 -0.175025146 0.0137516014 0.0250139927 5.7878425e-08 4.89846948e-08 1
LGIC_O 8441 0.636913646 -0.12672076 0.0250140188 -4.96100802e-08 3.14742968e-08 1
LGIC_O 8440 0.314831804 -0.521242477 0.0250140191 -3.27854948e-08 4.90669785e-08 1
LGIC_O 8439 0.567487089 -0.204519113 0.0250140184 -5.78784275e-08 1.15127558e-08 1
LGIC_O 8438 -0.495463838 -0.478991786 0.0250140171 1.45571809e-08 5.5602105e-08 1
LGIC_O 8437 -0.0865332912 0.0753896135 0.0250139898 3.37890593e-08 -4.80634052e-08 1
LGIC_O 8436 0.281965125 0.349247805 0.0250140096 -3.27855134e-08 -4.90669575e-08 1
LGIC_O 8435 -0.281577291 0.489075666 0.0250140165 3.27854968e-08 -4.90669676e-08 1
LGIC_O 8434 -0.605092982 -0.110313414 0.0250140129 5.7878436e-08 -4.89847332e-08 1
LGIC_O 8433 0.701586212 -0.0117142491 0.0250140184 -4.96100802e-08 3.14742968e-08 1
LGIC_O 8432 0.426050556 0.664856809 0.0250140182 -2.45891309e-08 -3.68002211e-08 1
LGIC_O 8431 -0.53569519 -0.176489801 0.025014008 4.34088238e-08 8.63459484e-09 1
LGIC_O 8430 -0.206044735 -0.180448528 0.0250139982 6.28883752e-09 7.55636663e-08 1
LGIC_O 8429 0.342033035 -0.34268384 0.0250140113 -3.27854948e-08 4.90669785e-08 1
LGIC_O 8428 0.576112066 -0.314703408 0.0250140178 -3.37890406e-08 4.80634332e-08 1
LGIC_O 8427 0.236726308 -0.318077646 0.0250140066 -3.27854948e-08 4.90669785e-08 1
LGIC_O 8426 -0.0976488914 -0.110862836 0.0250139913 7.55636799e-08 6.2887973e-09 1
LGIC_O 8425 0.534646383 -0.195059479 0.0250140164 -5.78784275e-08 1.15127558e-08 1
LGIC_O 8424 0.219544679 -0.315091025 0.0250140059 -3.27854948e-08 4.90669785e-08 1
LGIC_O 8423 -0.608846757 -0.593779315 0.0250140203 3.68002489e-08 2.45891179e-08 1
LGIC_O 8422 0.564815598 -0.372450199 0.0250140202 -3.37890406e-08 4.80634332e-08 1
LGIC_O 8421 0.550750457 0.0902902064 0.0250140162 -5.78784335e-08 -1.15127284e-08 1
LGIC_O 8420 0.175418091 0.0610257495 0.0250139941 -5.78784335e-08 -1.15127284e-08 1
LGIC_O 8419 0.142777714 0.100831833 0.0250139936 -4.90669739e-08 -3.27854893e-08 1
LGIC_O 4418 0.0575220985 -0.190210297 0.0250139949 -1.15127059e-08 5.78784511e-08 1
LGIC_O 4417 -0.118754336 -0.170834128 0.0250139938 2.81018674e-08 4.20574117e-08 1
LGIC_O 4416 0.593239316 0.0786534269 0.0250140185 -5.78784335e-08 -1.15127284e-08 1
LGIC_O 4415 0.0853954366 -0.420999761 0.0250140086 -1.15127059e-08 5.78784511e-08 1
LGIC_O 4414 -0.374457097 -0.228026162 0.0250140026 3.68002489e-08 2.45891179e-08 1
LGIC_O 4413 0.577482781 -0.285169834 0.0250140164 -3.37890406e-08 4.80634332e-08 1
LGIC_O 4412 -0.484325859 0.306166979 0.0250140144 3.37890593e-08 -4.80634052e-08 1
LGIC_O 4411 0.44777829 -0.0963194904 0.0250140103 -5.78784275e-08 1.15127558e-08 1
LGIC_O 4410 0.28281874 -0.503567977 0.0250140172 -3.27854948e-08 4.90669785e-08 1
LGIC_O 4409 -0.116204576 -0.152585731 0.025013993 7.55636799e-08 6.2887973e-09 1
LGIC_O 4408 -0.333519821 0.289166147 0.0250140084 3.37890593e-08 -4.80634052e-08 1
LGIC_O 4407 -0.148720782 -0.636306108 0.0250140163 9.8680833e-09 4.96100963e-08 1
LGIC_O 4406 0.336173082 -0.328141715 0.0250140105 -4.90669481e-08 3.27855328e-08 1
LGIC_O 4405 -0.249510429 -0.168914007 0.0250139976 6.28883752e-09 7.55636663e-08 1
LGIC_O 4404 0.0811982327 0.141649416 0.0250139929 -3.27855134e-08 -4.90669575e-08 1
LGIC_O 4403 0.0533120499 -0.19689515 0.0250139952 -1.15127059e-08 5.78784511e-08 1
