LGIC_C 0 0.443461257 0.211795996 0.0250140078 -4.20574004e-08 -2.81018564e-08 1
LGIC_C 1 -0.248475193 0.0796305684 0.0250139947 4.34088259e-08 -8.63455061e-09 1
LGIC_C 2 -0.561931463 0.115797335 0.0250140123 4.96100897e-08 -9.86805572e-09 1
LGIC_C 3 0.266459616 -0.690873312 0.0250140201 -9.86804037e-09 4.96101e-08 1
LGIC_C 4 -0.469993563 -0.216339686 0.0250140025 6.28883752e-09 7.55636663e-08 1
LGIC_C 5 0.0888498653 -0.593479325 0.0250140167 1.00935263e-08 5.7878447e-08 1
LGIC_C 6 -0.307486862 0.485811346 0.0250140151 1.28239438e-08 -5.73353116e-08 1
LGIC_C 7 -0.712713736 0.449085817 0.0162088023 -0.827617296 0.552995934 0.0961514895
LGIC_C 8 -0.147410835 0.286627638 0.0250139974 2.45891128e-08 -3.68002333e-08 1
LGIC_C 9 -0.404266188 -0.289162037 0.0250140076 6.28883752e-09 7.55636663e-08 1
LGIC_C 10 -0.352941806 -0.606499231 0.0250140158 3.95603082e-08 3.05989652e-08 1
LGIC_C 11 0.135486459 0.549078495 0.0250140096 -6.33660387e-09 4.96100877e-08 -1
LGIC_C 12 0.407594837 0.227326901 0.0250140107 -4.90669739e-08 -3.27854893e-08 1
LGIC_C 13 0.726996718 -0.11286018 0.0250140204 -4.96100859e-08 9.86807898e-09 1
LGIC_C 14 0.688305434 0.218342712 0.025014016 -4.96100869e-08 6.3366408e-09 1
LGIC_C 15 -0.474199672 -0.351170822 0.0250140085 5.39043203e-09 6.47688584e-08 1
LGIC_C 16 0.642325458 -0.0911227618 0.025014016 -4.96100859e-08 9.86807898e-09 1
LGIC_C 17 -0.571651014 0.381705606 0.0250140159 -4.82586679e-08 1.31306769e-08 -1
LGIC_C 18 0.320218037 -0.490810358 0.0250140129 -2.81018481e-08 4.20574137e-08 1
LGIC_C 21 -0.0429308454 -0.241444331 0.025013994 -2.90231482e-08 4.96101036e-08 1
LGIC_C 22 0.223565183 0.622575923 0.0250140164 -9.86806672e-09 -4.96100854e-08 1
LGIC_C 23 -0.524176457 0.451238863 0.0250140137 3.68002297e-08 -2.45891157e-08 1
LGIC_C 24 0.124338108 0.432660044 0.025014006 -9.86806672e-09 -4.96100854e-08 1
LGIC_C 25 0.348074431 -0.0503730667 0.0250139988 -4.34088226e-08 8.63456802e-09 1
LGIC_C 27 -0.277684752 0.545219487 0.0250140191 3.27854968e-08 -4.90669676e-08 1
LGIC_C 28 0.681136868 0.146171283 0.0250140141 -4.34088272e-08 -8.63453573e-09 1
LGIC_C 30 0.693393955 0.126850033 0.0250140168 -4.96100869e-08 6.3366408e-09 1
LGIC_C 31 -0.417615992 -0.421101759 0.0250140126 -5.56021111e-08 -1.45571543e-08 -1
LGIC_C 32 0.0598863228 0.105357747 0.0250139891 1.3130701e-08 4.82586573e-08 -1
LGIC_C 33 -0.0186011336 0.633205147 0.0250140109 8.63455111e-09 -4.34088279e-08 1
LGIC_C 35 -0.152188454 -0.463016039 0.0250140018 -2.90231482e-08 4.96101036e-08 1
LGIC_C 36 0.463510924 -0.591335924 0.0250140164 -2.45891087e-08 3.68002429e-08 1
LGIC_C 37 0.0954855019 0.777790225 0.0250140178 -8.63455884e-09 -4.34088253e-08 1
LGIC_C 38 0.763747645 -0.328585974 0.0250140196 -3.05989503e-08 3.95603122e-08 1
LGIC_C 39 0.69466413 0.242497963 0.0250140155 -4.34088272e-08 -8.63453573e-09 1
LGIC_C 40 -0.669406308 0.0183630132 0.0250140128 4.34088279e-08 -2.48392273e-08 1
LGIC_C 41 -0.546042698 0.625248064 0.0250140197 2.45891128e-08 -3.68002333e-08 1
LGIC_C 42 -0.279980236 -0.71345777 0.0250140166 8.63456455e-09 4.34088336e-08 1
LGIC_C 43 -0.576882425 -0.456364737 0.0250140127 1.15916899e-08 4.97976879e-08 1
LGIC_C 44 0.295157889 0.507334843 0.0250140116 1.3130701e-08 4.82586573e-08 -1
LGIC_C 45 0.00895052993 -0.180080679 0.0250139921 6.33663526e-09 4.9610097e-08 1
LGIC_C 46 -0.22565424 -0.202912475 0.0250139976 5.39043203e-09 6.47688584e-08 1
LGIC_C 47 0.538150443 -0.182851126 0.0250140165 -5.78784275e-08 1.15127558e-08 1
LGIC_C 48 -0.10108119 -0.417151807 0.0250140022 8.63456455e-09 4.34088336e-08 1
LGIC_C 51 -0.575687886 -0.0143915829 0.0250140079 -4.34088282e-08 2.70157287e-08 -1
LGIC_C 52 0.66524437 -0.188934063 0.0250140168 -4.34088182e-08 2.48392526e-08 1
LGIC_C 53 0.400938727 -0.103064099 0.0250140032 -4.34088182e-08 2.48392526e-08 1
LGIC_C 54 -0.0241210439 -0.222678429 0.0250139949 -4.89847109e-08 5.78784581e-08 1
LGIC_C 55 0.421574108 0.519147556 0.0250140138 1.3130701e-08 4.82586573e-08 -1
LGIC_C 56 -0.173910207 -0.240915613 0.0250139964 -5.56021111e-08 -1.45571543e-08 -1
LGIC_C 57 -0.0851810059 0.426942323 0.0250140071 -3.14742797e-08 4.96100914e-08 -1
LGIC_C 58 0.487177151 -0.11976664 0.0250140074 -4.34088182e-08 2.48392526e-08 1
LGIC_C 59 -0.376688024 -0.182544375 0.0250139989 1.45571809e-08 5.5602105e-08 1
LGIC_C 60 0.128598429 0.531728443 0.0250140137 -3.14742949e-08 -4.96100822e-08 1
LGIC_C 61 -0.426977551 0.328973563 0.0250140105 4.20574045e-08 -2.81018523e-08 1
LGIC_C 62 -0.0427813551 0.390639051 0.025014004 -3.14742797e-08 4.96100914e-08 -1
LGIC_C 63 0.268790072 -0.0141499635 0.0250139967 -4.96100859e-08 9.86807898e-09 1
LGIC_C 64 -0.239206003 0.032381955 0.0250139955 5.7878425e-08 4.89846948e-08 1
LGIC_C 65 0.00476188259 0.373514741 0.0250140018 -6.33660387e-09 4.96100877e-08 -1
LGIC_C 66 -0.21285077 -0.357315073 0.0250140016 2.45891453e-08 3.68002268e-08 1
LGIC_C 67 -0.453676103 0.427817439 0.0250140185 6.28881943e-09 -7.55636452e-08 1
LGIC_C 68 -0.691282119 -0.143638073 0.0250140094 -4.34088282e-08 2.70157287e-08 -1
LGIC_C 69 -0.637786159 -0.291223451 0.0250140139 3.68002489e-08 2.45891179e-08 1
LGIC_C 70 -0.0524276786 0.376372295 0.0250140001 8.63455111e-09 -4.34088279e-08 1
LGIC_C 72 0.108977963 0.409257838 0.025014002 -8.63455884e-09 -4.34088253e-08 1
LGIC_C 73 -0.037558926 0.0195953586 0.0250139854 4.20574045e-08 -2.81018523e-08 1
LGIC_C 74 0.548255642 0.475651339 0.0250140159 -4.82586616e-08 -1.31306776e-08 1
LGIC_C 75 0.494396675 -0.568969301 0.0250140163 -2.45891087e-08 3.68002429e-08 1
LGIC_C 76 -0.71899355 0.0396880209 0.0250140178 4.96100851e-08 2.90231542e-08 1
LGIC_C 77 0.345217643 -0.259621069 0.0250140041 -3.05989503e-08 3.95603122e-08 1
LGIC_C 79 -0.615573482 -0.280771068 0.0250140044 1.15916899e-08 4.97976879e-08 1
LGIC_C 80 0.732470059 0.0251976265 0.0250140153 -4.34088272e-08 -8.63453573e-09 1
LGIC_C 81 0.0675162074 0.634950163 0.0250140143 -6.33660387e-09 4.96100877e-08 -1
LGIC_C 82 0.451771172 -0.301338587 0.025014009 -3.05989503e-08 3.95603122e-08 1
LGIC_C 83 -0.354300453 0.218168396 0.0250140032 -4.82586679e-08 1.31306769e-08 -1
LGIC_C 84 0.218012631 0.516344046 0.025014011 1.3130701e-08 4.82586573e-08 -1
LGIC_C 85 -0.0421449765 0.0584764638 0.0250139872 1.28239438e-08 -5.73353116e-08 1
LGIC_C 87 -0.327059666 -0.22477332 0.0250140005 1.45571809e-08 5.5602105e-08 1
LGIC_C 88 -0.515146333 -0.444784446 0.0250140114 1.15916899e-08 4.97976879e-08 1
LGIC_C 89 0.217571885 -0.515496967 0.025014011 -1.31306721e-08 4.82586744e-08 1
LGIC_C 90 -0.371571802 -0.332386246 0.0250140071 1.45571809e-08 5.5602105e-08 1
LGIC_C 91 0.17103588 0.830000681 -0.0367065639 0.194186548 0.976240951 0.0961519121
LGIC_C 92 0.192463223 -0.751540328 0.0250140193 6.33663526e-09 4.9610097e-08 1
LGIC_C 93 -0.0149408455 0.541289239 0.02501401 -6.33661298e-09 -4.96100859e-08 1
LGIC_C 94 0.18065607 -0.0133328088 0.0250139926 -4.96100802e-08 3.14742968e-08 1
LGIC_C 95 -0.302149645 -0.457099219 0.0250140067 -5.56021111e-08 -1.45571543e-08 -1
LGIC_C 96 0.273474413 -0.0720759106 0.0250139975 -4.96100859e-08 9.86807898e-09 1
LGIC_C 97 -0.403100925 0.0614314732 0.0250140015 4.96100851e-08 2.90231542e-08 1
LGIC_C 98 -0.297118901 -0.611111298 0.0250140137 3.95603082e-08 3.05989652e-08 1
LGIC_C 99 0.230986789 -0.0482062365 0.0250139962 -4.96100802e-08 3.14742968e-08 1
LGIC_C 100 -0.407695297 -0.43334281 0.0250140092 2.45891453e-08 3.68002268e-08 1
LGIC_C 101 -0.349269403 0.0309717476 0.0250140009 4.96100897e-08 -9.86805572e-09 1
LGIC_C 102 -0.404546821 0.430045348 0.0250140131 1.28239438e-08 -5.73353116e-08 1
LGIC_C 103 -0.460184757 -0.0150311779 0.0250140028 -4.34088282e-08 2.70157287e-08 -1
LGIC_C 104 0.563217894 -0.19964129 0.0250140131 -4.96100859e-08 9.86807898e-09 1
LGIC_C 105 -0.275998681 0.1077587 0.0250139979 4.34088279e-08 -2.48392273e-08 1
LGIC_C 106 -0.24634801 0.761700038 0.0250140185 8.63455111e-09 -4.34088279e-08 1
LGIC_C 107 -0.668606842 -0.247748792 0.0250140144 4.34088238e-08 8.63459484e-09 1
LGIC_C 108 -0.0333226269 -0.495992768 0.0250140056 2.48392553e-08 4.34088306e-08 1
LGIC_C 110 -0.2928189 -0.742769011 0.025014018 8.63456455e-09 4.34088336e-08 1
LGIC_C 111 -0.500139027 -0.100501731 0.0250140052 -4.96100919e-08 2.90231703e-08 -1
LGIC_C 112 0.666025634 -0.0653461903 0.0250140183 -4.96100802e-08 3.14742968e-08 1
LGIC_C 113 -0.063358532 -0.694994769 0.025014015 2.48392553e-08 4.34088306e-08 1
LGIC_C 114 -0.361362364 0.396576946 0.0250140106 1.28239438e-08 -5.73353116e-08 1
LGIC_C 115 0.459888123 -0.392831047 0.0250140128 -3.05989503e-08 3.95603122e-08 1
LGIC_C 116 0.11153989 -0.474307161 0.0250140096 1.00935263e-08 5.7878447e-08 1
LGIC_C 117 -0.200720513 -0.059632156 0.0250139907 4.96100935e-08 -4.19869172e-08 1
LGIC_C 118 -0.332912546 -0.353541652 0.0250140069 -5.56021111e-08 -1.45571543e-08 -1
LGIC_C 119 0.109100781 0.48564698 0.0250140084 -9.86806672e-09 -4.96100854e-08 1
LGIC_C 120 0.0280872907 0.50267893 0.025014008 -6.33660387e-09 4.96100877e-08 -1
LGIC_C 121 -0.500950703 -0.455887576 0.0250140117 1.15916899e-08 4.97976879e-08 1
LGIC_C 122 0.634887005 -0.399897185 0.0250140164 -3.68002179e-08 2.45891393e-08 1
LGIC_C 124 0.584360512 -0.483766775 0.0250140166 -3.68002179e-08 2.45891393e-08 1
LGIC_C 125 0.103537978 -0.17875309 0.0250139932 -1.31306721e-08 4.82586744e-08 1
LGIC_C 126 0.620178826 -0.373395073 0.025014017 -3.05989503e-08 3.95603122e-08 1
LGIC_C 127 0.203506128 -0.250661786 0.025013998 -1.31306721e-08 4.82586744e-08 1
LGIC_C 128 0.230852135 -0.262854182 0.0250139986 -2.45891087e-08 3.68002429e-08 1
LGIC_C 129 0.471318882 -0.0671697183 0.0250140043 -4.34088226e-08 8.63456802e-09 1
LGIC_C 130 -0.516770639 0.213135037 0.0250140075 4.34088259e-08 -8.63455061e-09 1
LGIC_C 131 0.405748685 0.1635125 0.0250140086 -5.78784335e-08 -1.15127284e-08 1
LGIC_C 132 -0.158860341 0.0458522459 0.0250139902 5.7878425e-08 4.89846948e-08 1
LGIC_C 133 -0.586183782 -0.0624191262 0.0250140092 4.34088238e-08 8.63459484e-09 1
LGIC_C 134 0.203666668 -0.63478257 0.0250140125 -8.63454093e-09 4.34088369e-08 1
LGIC_C 135 -0.247537705 -0.238224255 0.0250140028 6.28883752e-09 7.55636663e-08 1
LGIC_C 136 0.417607089 -0.33957769 0.0250140069 -3.68002179e-08 2.45891393e-08 1
LGIC_C 137 0.368397667 -0.408887339 0.0250140078 -1.31306721e-08 4.82586744e-08 1
LGIC_C 138 -0.688183073 -0.238148781 0.0250140074 4.96100935e-08 -4.19869172e-08 1
LGIC_C 139 0.161063171 -0.00289075699 0.0250139913 -4.96100802e-08 3.14742968e-08 1
LGIC_C 140 0.537159428 0.57444591 0.0250140176 -2.45891309e-08 -3.68002211e-08 1
LGIC_C 141 0.440726143 0.102879696 0.0250140033 -4.34088272e-08 -8.63453573e-09 1
LGIC_C 142 -0.436462031 -0.575935357 0.0250140181 3.95603082e-08 3.05989652e-08 1
LGIC_C 144 -0.473627713 -0.477968757 0.0250140166 -5.56021111e-08 -1.45571543e-08 -1
LGIC_C 145 0.234732521 -0.00596484572 0.0250139936 -4.34088182e-08 2.48392526e-08 1
LGIC_C 146 0.0790164128 0.546578437 0.0250140112 -9.86806672e-09 -4.96100854e-08 1
LGIC_C 147 -0.362987564 -0.339163185 0.0250140043 1.15916899e-08 4.97976879e-08 1
LGIC_C 149 0.513295992 0.473901689 0.0250140138 -3.68002282e-08 -2.45891172e-08 1
LGIC_C 150 0.379932486 0.151677109 0.0250140011 -4.96100869e-08 6.3366408e-09 1
LGIC_C 151 -0.109286553 -0.704598632 0.0250140148 8.63456455e-09 4.34088336e-08 1
LGIC_C 152 0.293937019 0.516034531 0.025014012 1.3130701e-08 4.82586573e-08 -1
LGIC_C 153 0.146612919 -0.204264961 0.0250139968 -1.28239349e-08 5.73353226e-08 1
LGIC_C 154 0.127954307 0.423569771 0.0250140055 -9.86806672e-09 -4.96100854e-08 1
LGIC_C 155 -0.499154057 0.125125084 0.025014006 4.34088259e-08 -8.63455061e-09 1
LGIC_C 156 -0.261403529 0.0387957795 0.0250139949 4.34088259e-08 -8.63455061e-09 1
LGIC_C 157 -0.435742531 0.241295034 0.0250140042 6.28881943e-09 -7.55636452e-08 1
LGIC_C 158 0.360287258 0.150843675 0.0250140027 3.37890593e-08 4.80634111e-08 -1
LGIC_C 159 0.777589366 0.103792191 0.0250140179 -4.34088272e-08 -8.63453573e-09 1
LGIC_C 160 -0.327160023 -0.10929622 0.0250139945 -4.34088282e-08 2.70157287e-08 -1
LGIC_C 161 -0.374766278 0.00567409696 0.0250140019 4.96100897e-08 -9.86805572e-09 1
LGIC_C 162 0.45032452 0.0925102008 0.0250140065 -4.96100911e-08 -9.86803575e-09 1
LGIC_C 163 0.318643138 -0.22112877 0.0250140028 -4.20573976e-08 2.81018683e-08 1
LGIC_C 164 0.294659474 -0.584155078 0.0250140153 -1.31306721e-08 4.82586744e-08 1
LGIC_C 165 -0.350934878 0.00436397377 0.0250140005 4.96100851e-08 2.90231542e-08 1
LGIC_C 166 -0.132612368 -0.680810456 0.0250140161 2.48392553e-08 4.34088306e-08 1
LGIC_C 167 -0.556857232 0.545073678 0.0250140172 3.68002297e-08 -2.45891157e-08 1
LGIC_C 168 -0.473629528 -0.254485091 0.0250140023 5.39043203e-09 6.47688584e-08 1
LGIC_C 169 0.67373529 -0.51867879 -0.0392302311 0.827616944 -0.552996408 0.0961517878
LGIC_C 171 -0.226826164 0.360628986 0.0250140069 1.28239438e-08 -5.73353116e-08 1
LGIC_C 172 0.260726645 0.11812026 0.0250139975 -4.20574004e-08 -2.81018564e-08 1
LGIC_C 173 0.689540355 0.33878353 0.025014017 -3.68002282e-08 -2.45891172e-08 1
LGIC_C 174 -0.1014571 -0.507940195 0.0250140078 2.48392553e-08 4.34088306e-08 1
LGIC_C 175 0.418082183 -0.342100409 0.0250140138 -3.37890406e-08 4.80634332e-08 1
LGIC_C 177 0.309536825 0.340963899 0.0250140063 -2.81018716e-08 -4.20573923e-08 1
LGIC_C 178 0.10358707 -0.597633032 0.0250140122 6.33663526e-09 4.9610097e-08 1
LGIC_C 180 -0.12141087 0.231272792 0.0250139964 2.8101852e-08 -4.20574041e-08 1
LGIC_C 181 -0.65608806 -0.325400295 0.0250140078 5.39043203e-09 6.47688584e-08 1
LGIC_C 183 0.670824596 0.30193074 0.0250140196 -4.82586616e-08 -1.31306776e-08 1
LGIC_C 184 0.689049312 -0.0590308416 0.0250140146 -4.34088182e-08 2.48392526e-08 1
LGIC_C 185 0.373114655 -0.223594601 0.0250140035 -3.05989503e-08 3.95603122e-08 1
LGIC_C 186 -0.613590028 -0.293492337 0.0250140055 5.39043203e-09 6.47688584e-08 1
LGIC_C 188 -0.768988433 0.0702941831 0.0250140173 4.34088259e-08 -8.63455061e-09 1
LGIC_C 189 -0.55202248 0.299348391 0.0250140149 4.20574045e-08 -2.81018523e-08 1
LGIC_C 190 0.3414259 -0.677242624 0.0250140165 -2.45891087e-08 3.68002429e-08 1
LGIC_C 191 -0.454191945 -0.281851563 0.0250140039 5.39043203e-09 6.47688584e-08 1
LGIC_C 192 -0.259821113 0.0919671809 0.0250139953 4.34088259e-08 -8.63455061e-09 1
LGIC_C 193 0.2197879 0.061939096 0.0250139948 -4.96100911e-08 -9.86803575e-09 1
LGIC_C 194 -0.760234961 0.3479487 0.0250140198 3.68002297e-08 -2.45891157e-08 1
LGIC_C 195 0.397239286 0.398771731 0.0250140112 -2.81018716e-08 -4.20573923e-08 1
LGIC_C 196 0.711710166 0.357327181 0.0250140182 -3.68002282e-08 -2.45891172e-08 1
LGIC_C 197 -0.233840793 -0.558981818 0.0250140096 2.45891453e-08 3.68002268e-08 1
LGIC_C 198 0.497681005 -0.0550649776 0.0250140053 -4.34088226e-08 8.63456802e-09 1
LGIC_C 199 0.657924324 0.22907684 0.0250140144 -4.96100869e-08 6.3366408e-09 1
LGIC_C 200 0.726968013 -0.325575491 0.025014018 -3.68002179e-08 2.45891393e-08 1
LGIC_C 201 0.225494898 0.142955581 0.0250139967 -4.20574004e-08 -2.81018564e-08 1
LGIC_C 202 0.000590678467 -0.360266181 0.0250140011 6.33663526e-09 4.9610097e-08 1
LGIC_C 203 -0.156734432 -0.00091088712 0.025013991 -4.96100919e-08 2.90231703e-08 -1
LGIC_C 204 -0.40787106 0.576903358 0.025014019 2.8101852e-08 -4.20574041e-08 1
LGIC_C 205 -0.0904436365 0.269058227 0.0250139975 9.86805557e-09 -4.96100883e-08 1
LGIC_C 206 0.680510179 -0.36167695 0.0250140172 -3.68002179e-08 2.45891393e-08 1
LGIC_C 207 -0.133820799 -0.49516258 0.0250140053 -4.89847109e-08 5.78784581e-08 1
LGIC_C 208 -0.46490146 0.414689148 0.0250140112 -4.82586679e-08 1.31306769e-08 -1
LGIC_C 209 -0.0270768816 -0.00449530707 0.0250139872 -1.38908242e-07 -2.76307273e-08 -1
LGIC_C 210 0.123919244 0.288059484 0.0250140015 -3.27855134e-08 -4.90669575e-08 1
LGIC_C 212 -0.378457447 -0.557075348 0.0250140124 -5.56021111e-08 -1.45571543e-08 -1
LGIC_C 213 0.340180078 -0.393597156 0.0250140093 -2.81018481e-08 4.20574137e-08 1
LGIC_C 214 0.448721425 -0.119408954 0.0250140037 -4.34088226e-08 8.63456802e-09 1
LGIC_C 215 -0.515775793 -0.0358387862 0.025014006 4.34088238e-08 8.63459484e-09 1
LGIC_C 216 0.149694858 -0.221595244 0.0250139959 -1.31306721e-08 4.82586744e-08 1
LGIC_C 217 0.438656401 -0.352661004 0.025014015 -3.37890406e-08 4.80634332e-08 1
LGIC_C 218 -0.279767197 0.49033713 0.0250140106 1.31306824e-08 -4.82586643e-08 1
LGIC_C 219 -0.265122149 -0.436155164 0.0250140071 3.95603082e-08 3.05989652e-08 1
LGIC_C 220 -0.728852612 -0.310462145 0.0250140177 3.68002489e-08 2.45891179e-08 1
LGIC_C 221 0.667379842 -0.432078803 0.0250140184 -3.68002179e-08 2.45891393e-08 1
LGIC_C 222 -0.518002493 -0.206463111 0.025014003 -4.96100919e-08 2.90231703e-08 -1
LGIC_C 223 0.211098115 0.390928101 0.0250140066 -4.80634192e-08 -3.37890445e-08 1
LGIC_C 224 -0.374985863 0.047434963 0.0250140005 4.96100851e-08 2.90231542e-08 1
LGIC_C 225 0.207282435 -0.674273711 0.0250140143 -8.63454093e-09 4.34088369e-08 1
LGIC_C 226 0.368678756 -0.162420294 0.0250140008 -3.68002179e-08 2.45891393e-08 1
LGIC_C 227 -0.164901899 0.489499721 0.0250140059 8.63455111e-09 -4.34088279e-08 1
LGIC_C 228 0.262443031 -0.311071235 0.0250140017 -1.31306721e-08 4.82586744e-08 1
LGIC_C 229 -0.557501489 -0.0574319579 0.025014008 4.34088238e-08 8.63459484e-09 1
LGIC_C 230 -0.67170445 -0.175008636 0.0250140077 -4.34088282e-08 2.70157287e-08 -1
LGIC_C 231 0.53922982 0.261901491 0.0250140133 -4.20574004e-08 -2.81018564e-08 1
LGIC_C 232 -0.345117246 0.785152575 -0.00928561344 -0.552995842 0.827617335 0.0961516821
LGIC_C 233 0.313650871 0.242485045 0.0250140016 -4.82586616e-08 -1.31306776e-08 1
LGIC_C 234 0.0109838652 -0.430827135 0.025014002 -8.63454093e-09 4.34088369e-08 1
LGIC_C 235 0.37434242 0.468567539 0.0250140135 -2.81018716e-08 -4.20573923e-08 1
LGIC_C 236 0.273779772 0.000518429722 0.0250139968 -4.96100869e-08 6.3366408e-09 1
LGIC_C 239 0.494275527 -0.229776509 0.0250140105 -4.20573976e-08 2.81018683e-08 1
LGIC_C 240 0.150482056 -0.240822709 0.025013999 -1.28239349e-08 5.73353226e-08 1
LGIC_C 241 -0.174470255 0.193978848 0.0250139963 2.8101852e-08 -4.20574041e-08 1
LGIC_C 242 0.60235794 -0.30208756 0.0250140181 -3.37890406e-08 4.80634332e-08 1
LGIC_C 243 -0.652718864 0.263893931 0.0250140183 4.96100897e-08 -9.86805572e-09 1
LGIC_C 246 0.376758597 0.397347694 0.0250140071 -2.45891309e-08 -3.68002211e-08 1
LGIC_C 247 -0.478178613 0.6371465 0.0250140185 2.45891128e-08 -3.68002333e-08 1
LGIC_C 248 0.0975759479 -0.0552659658 0.0250139882 -3.68002179e-08 2.45891393e-08 1
LGIC_C 249 0.518762458 -0.0620846094 0.0250140109 -4.96100802e-08 3.14742968e-08 1
LGIC_C 250 0.249580905 0.54046204 0.0250140135 -4.80634192e-08 -3.37890445e-08 1
LGIC_C 251 0.0114119367 0.576760845 0.0250140118 -6.33660387e-09 4.96100877e-08 -1
LGIC_C 252 0.19478708 0.517096049 0.025014015 -3.14742949e-08 -4.96100822e-08 1
LGIC_C 253 0.527132219 0.281136014 0.0250140124 -4.82586616e-08 -1.31306776e-08 1
LGIC_C 255 -0.696278959 -0.112932262 0.0250140104 -4.34088282e-08 2.70157287e-08 -1
LGIC_C 256 -0.294462913 0.581351088 0.0250140119 2.45891128e-08 -3.68002333e-08 1
LGIC_C 257 0.282584745 0.31503456 0.0250140018 -2.45891309e-08 -3.68002211e-08 1
LGIC_C 258 -0.306072138 0.60652892 0.0250140131 2.45891128e-08 -3.68002333e-08 1
LGIC_C 260 -0.0411910158 -0.590439861 0.0250140129 9.8680833e-09 4.96100963e-08 1
LGIC_C 261 0.0797015675 0.636338743 0.0250140116 -8.63455884e-09 -4.34088253e-08 1
LGIC_C 262 -0.34094053 0.375723402 0.0250140059 1.31306824e-08 -4.82586643e-08 1
LGIC_C 263 -0.659860148 -0.148517712 0.0250140079 -4.34088282e-08 2.70157287e-08 -1
LGIC_C 264 0.402308555 -0.378498905 0.0250140073 -3.68002179e-08 2.45891393e-08 1
LGIC_C 265 0.199699469 -0.0207516382 0.025013995 -5.78784275e-08 1.15127558e-08 1
LGIC_C 266 -0.174839885 -0.352509677 0.025014001 3.95603082e-08 3.05989652e-08 1
LGIC_C 267 -0.319744381 -0.256498234 0.0250140022 1.45571809e-08 5.5602105e-08 1
LGIC_C 268 -0.0453888706 -0.514817303 0.0250140074 -2.90231482e-08 4.96101036e-08 1
LGIC_C 269 -0.0787073843 0.59516903 0.0250140123 -6.33661298e-09 -4.96100859e-08 1
LGIC_C 271 -0.491547439 -0.407230927 0.0250140114 3.68002489e-08 2.45891179e-08 1
LGIC_C 272 -0.316113689 0.259026135 0.0250140019 -4.82586679e-08 1.31306769e-08 -1
LGIC_C 273 0.720437076 -0.191065891 0.0250140192 -4.34088182e-08 2.48392526e-08 1
LGIC_C 274 -0.310848358 0.426305079 0.0250140066 2.45891128e-08 -3.68002333e-08 1
LGIC_C 275 0.0150239437 -0.497586664 0.0250140078 6.33663526e-09 4.9610097e-08 1
LGIC_C 276 -0.118564628 -0.436968838 0.0250140015 -2.90231482e-08 4.96101036e-08 1
LGIC_C 278 0.367026273 0.323326096 0.0250140047 -3.68002282e-08 -2.45891172e-08 1
LGIC_C 279 0.141173025 -0.0255548576 0.0250139896 -4.34088226e-08 8.63456802e-09 1
LGIC_C 280 -0.241770351 -0.164458104 0.0250139959 1.45571809e-08 5.5602105e-08 1
LGIC_C 281 0.42445657 0.4693987 0.0250140195 -4.80634192e-08 -3.37890445e-08 1
LGIC_C 282 -0.259895829 -0.444438651 0.0250140071 3.95603082e-08 3.05989652e-08 1
LGIC_C 283 -0.243704304 -0.488200484 0.0250140048 7.55636799e-08 6.2887973e-09 1
LGIC_C 284 0.22918433 -0.772544803 0.0250140187 -8.63454093e-09 4.34088369e-08 1
LGIC_C 286 -0.601316091 0.0247735316 0.0250140124 4.96100851e-08 2.90231542e-08 1
LGIC_C 287 -0.0754606956 -0.124802671 0.0250139897 2.45891453e-08 3.68002268e-08 1
LGIC_C 288 0.0361772254 -0.428425303 0.0250140043 6.33663526e-09 4.9610097e-08 1
LGIC_C 289 0.032956196 0.00683619795 0.0250139847 -4.34088272e-08 -8.63453573e-09 1
LGIC_C 290 -0.386700389 -0.547506552 0.0250140171 2.81018674e-08 4.20574117e-08 1
LGIC_C 291 -0.507312981 0.425368536 0.0250140124 3.68002297e-08 -2.45891157e-08 1
LGIC_C 292 0.368771081 0.385744197 0.0250140098 -2.81018716e-08 -4.20573923e-08 1
LGIC_C 293 -0.679600423 -0.0790871198 0.0250140147 -4.96100919e-08 2.90231703e-08 -1
LGIC_C 295 -0.198156477 0.122090661 0.0250139937 6.28881943e-09 -7.55636452e-08 1
LGIC_C 296 0.498278549 0.221031211 0.0250140104 -4.20574004e-08 -2.81018564e-08 1
LGIC_C 297 0.0365349909 0.335111446 0.0250139981 -8.63455884e-09 -4.34088253e-08 1
LGIC_C 298 0.213535315 -0.564533013 0.0250140133 -9.86804037e-09 4.96101e-08 1
LGIC_C 299 -0.0269314546 -0.368712117 0.0250140018 9.8680833e-09 4.96100963e-08 1
LGIC_C 300 0.361665135 -0.0399071824 0.0250139999 -4.34088182e-08 2.48392526e-08 1
LGIC_C 301 0.156201767 0.409986152 0.0250140026 -6.33660387e-09 4.96100877e-08 -1
LGIC_C 302 0.407742584 0.359396379 0.0250140105 -4.20574004e-08 -2.81018564e-08 1
LGIC_C 303 -0.0291628119 0.359180612 0.0250140014 9.86805557e-09 -4.96100883e-08 1
LGIC_C 304 -0.144844046 0.316128152 0.0250140004 1.31306824e-08 -4.82586643e-08 1
LGIC_C 305 -0.440682759 0.266763782 0.025014006 3.68002297e-08 -2.45891157e-08 1
LGIC_C 306 0.221465291 0.106016441 0.0250139958 3.37890593e-08 4.80634111e-08 -1
LGIC_C 307 -0.447634544 0.286267577 0.0250140086 -4.82586679e-08 1.31306769e-08 -1
LGIC_C 308 0.680333764 -0.312105815 0.0250140159 -3.68002179e-08 2.45891393e-08 1
LGIC_C 309 0.13913636 0.130030326 0.0250139916 -3.68002282e-08 -2.45891172e-08 1
LGIC_C 310 0.140791103 0.830573075 0.0185636235 0.194186548 0.976240951 0.0961519121
LGIC_C 311 0.596007295 0.60276143 0.0250140201 -2.45891309e-08 -3.68002211e-08 1
LGIC_C 312 0.283472884 0.232169718 0.0250140017 -4.20574004e-08 -2.81018564e-08 1
LGIC_C 313 0.710440251 0.330166239 0.0250140175 -3.68002282e-08 -2.45891172e-08 1
LGIC_C 314 -0.219520822 0.535382189 0.0250140084 8.63455111e-09 -4.34088279e-08 1
LGIC_C 315 -0.0529823577 0.0227298 0.0250139853 6.28881943e-09 -7.55636452e-08 1
LGIC_C 318 -0.198679519 -0.371521558 0.0250139997 -5.56021111e-08 -1.45571543e-08 -1
LGIC_C 319 -0.480882191 -0.0727984527 0.0250140022 -4.34088282e-08 2.70157287e-08 -1
LGIC_C 320 0.360756621 0.608692758 0.025014019 -2.81018716e-08 -4.20573923e-08 1
LGIC_C 322 0.594415584 0.252259346 0.0250140152 -4.82586616e-08 -1.31306776e-08 1
LGIC_C 323 -0.324714271 -0.609181485 0.025014018 2.81018674e-08 4.20574117e-08 1
LGIC_C 324 0.0407539992 0.700269785 0.0250140177 -6.33660387e-09 4.96100877e-08 -1
LGIC_C 325 0.525315566 0.601781853 0.0250140183 -2.45891309e-08 -3.68002211e-08 1
LGIC_C 326 0.223955523 0.669841519 0.0250140151 -6.33660387e-09 4.96100877e-08 -1
LGIC_C 327 -0.329510982 -0.0467100124 0.0250139983 -4.96100919e-08 2.90231703e-08 -1
LGIC_C 328 -0.455456422 0.0738448891 0.0250140049 4.34088279e-08 -2.48392273e-08 1
LGIC_C 329 0.631419559 -0.179115513 0.0250140163 -4.96100859e-08 9.86807898e-09 1
LGIC_C 330 0.357367491 -0.0438278612 0.0250140023 -4.96100802e-08 3.14742968e-08 1
LGIC_C 331 0.219299516 -0.107288525 0.0250139942 -3.05989503e-08 3.95603122e-08 1
LGIC_C 332 -0.0237191467 -0.412055663 0.0250140039 9.8680833e-09 4.96100963e-08 1
LGIC_C 333 0.539345956 0.176148756 0.0250140082 -4.34088272e-08 -8.63453573e-09 1
LGIC_C 334 0.220419939 0.743815461 0.0250140175 -8.63455884e-09 -4.34088253e-08 1
LGIC_C 335 0.217848313 0.529672879 0.0250140081 -8.63455884e-09 -4.34088253e-08 1
LGIC_C 336 -0.657694538 0.00921121384 0.0250140121 4.34088279e-08 -2.48392273e-08 1
LGIC_C 337 -0.0434652488 -0.0285095665 0.0250139853 5.39043203e-09 6.47688584e-08 1
LGIC_C 338 -0.231694027 0.34681868 0.0250140017 2.45891128e-08 -3.68002333e-08 1
LGIC_C 339 0.13149103 -0.201943706 0.0250139947 -1.31306721e-08 4.82586744e-08 1
LGIC_C 340 -0.277028625 0.555643989 0.0250140144 2.8101852e-08 -4.20574041e-08 1
LGIC_C 341 -0.0061947814 -0.739773689 0.0250140154 8.63456455e-09 4.34088336e-08 1
LGIC_C 342 -0.787032348 -0.0958704204 0.0250140148 -4.34088282e-08 2.70157287e-08 -1
LGIC_C 343 0.219856471 0.471446929 0.0250140089 1.3130701e-08 4.82586573e-08 -1
LGIC_C 344 -0.114456917 0.0079671449 0.0250139895 5.7878425e-08 4.89846948e-08 1
LGIC_C 346 0.335423791 0.329103467 0.0250140037 -3.68002282e-08 -2.45891172e-08 1
LGIC_C 347 0.504283733 -0.150002494 0.0250140097 -4.96100859e-08 9.86807898e-09 1
LGIC_C 349 -0.209526888 -0.516504753 0.0250140028 -2.90231482e-08 4.96101036e-08 1
LGIC_C 350 -0.292955892 0.426226211 0.0250140062 2.45891128e-08 -3.68002333e-08 1
LGIC_C 352 -0.179539194 -0.277320586 0.0250139988 3.95603082e-08 3.05989652e-08 1
LGIC_C 353 -0.328990278 0.159861924 0.0250140016 4.20574045e-08 -2.81018523e-08 1
LGIC_C 354 0.1776493 0.242229762 0.0250139984 -2.81018716e-08 -4.20573923e-08 1
LGIC_C 355 0.0741664724 -0.536446019 0.0250140135 1.00935263e-08 5.7878447e-08 1
LGIC_C 356 0.0921971331 0.667173619 0.025014013 -8.63455884e-09 -4.34088253e-08 1
LGIC_C 357 0.687529823 0.178780171 0.0250140162 -4.96100869e-08 6.3366408e-09 1
LGIC_C 358 0.11075605 -0.0632246386 0.0250139907 -4.90669481e-08 3.27855328e-08 1
LGIC_C 359 -0.288737705 0.233399511 0.0250140027 6.28881943e-09 -7.55636452e-08 1
LGIC_C 360 -0.495516788 0.421863689 0.0250140127 -4.82586679e-08 1.31306769e-08 -1
LGIC_C 361 0.590172245 -0.138784326 0.0250140139 -4.96100859e-08 9.86807898e-09 1
LGIC_C 362 -0.461734308 -0.0959757192 0.0250140034 -4.96100919e-08 2.90231703e-08 -1
LGIC_C 363 -0.316045293 0.414078525 0.0250140074 1.31306824e-08 -4.82586643e-08 1
LGIC_C 365 0.585910688 -0.412587654 0.0250140195 -4.20573976e-08 2.81018683e-08 1
LGIC_C 366 -0.345432577 -0.716741121 0.0250140189 3.95603082e-08 3.05989652e-08 1
LGIC_C 367 0.41813694 -0.110332272 0.0250140041 -4.34088182e-08 2.48392526e-08 1
LGIC_C 368 -0.174404034 -0.37625086 0.0250140017 3.95603082e-08 3.05989652e-08 1
LGIC_C 369 -0.132603625 -0.65161986 0.0250140117 -2.90231482e-08 4.96101036e-08 1
LGIC_C 370 -0.274275071 -0.613416492 0.0250140126 2.45891453e-08 3.68002268e-08 1
LGIC_C 371 0.237324576 0.0107713845 0.0250139936 -4.34088272e-08 -8.63453573e-09 1
LGIC_C 372 -0.00534190043 0.42613528 0.0250140018 8.63455111e-09 -4.34088279e-08 1
LGIC_C 373 -0.68752057 0.464619376 0.02501402 3.68002297e-08 -2.45891157e-08 1
LGIC_C 374 0.0321670342 -0.148038149 0.0250139904 6.33663526e-09 4.9610097e-08 1
LGIC_C 375 0.161285053 -0.666293448 0.0250140202 1.00935263e-08 5.7878447e-08 1
LGIC_C 376 0.385496542 0.381279336 0.0250140102 -4.20574004e-08 -2.81018564e-08 1
LGIC_C 377 0.277535991 0.150703892 0.0250139972 -3.68002282e-08 -2.45891172e-08 1
LGIC_C 378 -0.574073181 0.0389199927 0.0250140106 4.96100851e-08 2.90231542e-08 1
LGIC_C 379 -0.0609270105 -0.460044882 0.0250140067 9.8680833e-09 4.96100963e-08 1
LGIC_C 380 0.138055571 0.59847929 0.0250140143 -9.86806672e-09 -4.96100854e-08 1
LGIC_C 381 0.00715754314 0.677272308 0.0250140169 -9.86806672e-09 -4.96100854e-08 1
LGIC_C 382 0.529106904 -0.276984815 0.0250140144 -3.37890406e-08 4.80634332e-08 1
LGIC_C 384 -0.464622033 -0.414419578 0.0250140175 6.28883752e-09 7.55636663e-08 1
LGIC_C 386 0.47494828 -0.423391495 0.0250140111 -3.68002179e-08 2.45891393e-08 1
LGIC_C 387 0.549318882 -0.242185991 0.0250140134 -3.37890406e-08 4.80634332e-08 1
LGIC_C 388 -0.0154369502 0.415969237 0.0250140041 9.86805557e-09 -4.96100883e-08 1
LGIC_C 390 0.540403318 -0.103179604 0.0250140092 -4.34088182e-08 2.48392526e-08 1
LGIC_C 392 -0.199001741 -0.56289678 0.0250140054 -2.90231482e-08 4.96101036e-08 1
LGIC_C 393 -0.0308582373 -0.260613701 0.0250139948 8.63456455e-09 4.34088336e-08 1
LGIC_C 395 0.341527221 0.388123967 0.0250140065 1.3130701e-08 4.82586573e-08 -1
LGIC_C 396 0.241360377 0.389816525 0.0250140052 1.3130701e-08 4.82586573e-08 -1
LGIC_C 397 -0.645353564 0.244141732 0.0250140134 4.34088259e-08 -8.63455061e-09 1
LGIC_C 398 -0.577142793 0.251244945 0.0250140149 3.37890593e-08 -4.80634052e-08 1
LGIC_C 399 0.58323572 -0.150433449 0.0250140169 -4.96100802e-08 3.14742968e-08 1
NT 7181 -1.24555277 -6.87376966 -0.774044334 0 0 0
NT 7817 -1.13039049 2.03222543 0.143685232 0 0 0
LGIC_O 4402 -0.0345878633 0.265675272 0.025013999 1.15127271e-08 -5.78784352e-08 1
LGIC_O 4401 -0.1840676 0.0972239463 0.0250139942 3.37890593e-08 -4.80634052e-08 1
LGIC_O 4400 -0.175025146 0.0137516014 0.0250139927 5.7878425e-08 4.89846948e-08 1
LGIC_O 8441 0.636913646 -0.12672076 0.0250140188 -4.96100802e-08 3.14742968e-08 1
LGIC_O 8440 0.314831804 -0.521242477 0.0250140191 -3.27854948e-08 4.90669785e-08 1
LGIC_O 8439 0.567487089 -0.204519113 0.0250140184 -5.78784275e-08 1.15127558e-08 1
LGIC_O 8438 -0.495463838 -0.478991786 0.0250140171 1.45571809e-08 5.5602105e-08 1
LGIC_O 8437 -0.0865332912 0.0753896135 0.0250139898 3.37890593e-08 -4.80634052e-08 1
LGIC_O 8436 0.281965125 0.349247805 0.0250140096 -3.27855134e-08 -4.90669575e-08 1
LGIC_O 8435 -0.281577291 0.489075666 0.0250140165 3.27854968e-08 -4.90669676e-08 1
LGIC_O 8434 -0.605092982 -0.110313414 0.0250140129 5.7878436e-08 -4.89847332e-08 1
LGIC_O 8433 0.701586212 -0.0117142491 0.0250140184 -4.96100802e-08 3.14742968e-08 1
LGIC_O 8432 0.426050556 0.664856809 0.0250140182 -2.45891309e-08 -3.68002211e-08 1
LGIC_O 8431 -0.53569519 -0.176489801 0.025014008 4.34088238e-08 8.63459484e-09 1
LGIC_O 8430 -0.206044735 -0.180448528 0.0250139982 6.28883752e-09 7.55636663e-08 1
LGIC_O 8429 0.342033035 -0.34268384 0.0250140113 -3.27854948e-08 4.90669785e-08 1
LGIC_O 8428 0.576112066 -0.314703408 0.0250140178 -3.37890406e-08 4.80634332e-08 1
LGIC_O 8427 0.236726308 -0.318077646 0.0250140066 -3.27854948e-08 4.90669785e-08 1
LGIC_O 8426 -0.0976488914 -0.110862836 0.0250139913 7.55636799e-08 6.2887973e-09 1
LGIC_O 8425 0.534646383 -0.195059479 0.0250140164 -5.78784275e-08 1.15127558e-08 1
LGIC_O 8424 0.219544679 -0.315091025 0.0250140059 -3.27854948e-08 4.90669785e-08 1
LGIC_O 8423 -0.608846757 -0.593779315 0.0250140203 3.68002489e-08 2.45891179e-08 1
LGIC_O 8422 0.564815598 -0.372450199 0.0250140202 -3.37890406e-08 4.80634332e-08 1
LGIC_O 8421 0.550750457 0.0902902064 0.0250140162 -5.78784335e-08 -1.15127284e-08 1
LGIC_O 8420 0.175418091 0.0610257495 0.0250139941 -5.78784335e-08 -1.15127284e-08 1
LGIC_O 8419 0.142777714 0.100831833 0.0250139936 -4.90669739e-08 -3.27854893e-08 1
LGIC_O 4418 0.0575220985 -0.190210297 0.0250139949 -1.15127059e-08 5.78784511e-08 1
LGIC_O 4417 -0.118754336 -0.170834128 0.0250139938 2.81018674e-08 4.20574117e-08 1
LGIC_O 4416 0.593239316 0.0786534269 0.0250140185 -5.78784335e-08 -1.15127284e-08 1
LGIC_O 4415 0.0853954366 -0.420999761 0.0250140086 -1.15127059e-08 5.78784511e-08 1
LGIC_O 4414 -0.374457097 -0.228026162 0.0250140026 3.68002489e-08 2.45891179e-08 1
LGIC_O 4413 0.577482781 -0.285169834 0.0250140164 -3.37890406e-08 4.80634332e-08 1
LGIC_O 4412 -0.484325859 0.306166979 0.0250140144 3.37890593e-08 -4.80634052e-08 1
LGIC_O 4411 0.44777829 -0.0963194904 0.0250140103 -5.78784275e-08 1.15127558e-08 1
LGIC_O 4410 0.28281874 -0.503567977 0.0250140172 -3.27854948e-08 4.90669785e-08 1
LGIC_O 4409 -0.116204576 -0.152585731 0.025013993 7.55636799e-08 6.2887973e-09 1
LGIC_O 4408 -0.333519821 0.289166147 0.0250140084 3.37890593e-08 -4.80634052e-08 1
LGIC_O 4407 -0.148720782 -0.636306108 0.0250140163 9.8680833e-09 4.96100963e-08 1
LGIC_O 4406 0.336173082 -0.328141715 0.0250140105 -4.90669481e-08 3.27855328e-08 1
LGIC_O 4405 -0.249510429 -0.168914007 0.0250139976 6.28883752e-09 7.55636663e-08 1
LGIC_O 4404 0.0811982327 0.141649416 0.0250139929 -3.27855134e-08 -4.90669575e-08 1
LGIC_O 4403 0.0533120499 -0.19689515 0.0250139952 -1.15127059e-08 5.78784511e-08 1
