LGIC_C 0 0.51238782 0.233203242 0.0250140118 3.37890593e-08 4.80634111e-08 -1
LGIC_C 1 -0.333174529 0.0471119785 0.0250139981 4.34088259e-08 -8.63455061e-09 1
LGIC_C 2 -0.570980574 0.143031803 0.025014013 4.96100897e-08 -9.86805572e-09 1
LGIC_C 3 0.239644335 -0.643223326 0.0250140175 -9.86804037e-09 4.96101e-08 1
LGIC_C 4 -0.437973992 -0.221739302 0.0250140027 6.28883752e-09 7.55636663e-08 1
LGIC_C 5 0.0641232388 -0.542672133 0.025014014 1.00935263e-08 5.7878447e-08 1
LGIC_C 6 -0.356069947 0.494139464 0.0250140162 1.28239438e-08 -5.73353116e-08 1
LGIC_C 7 -0.720817147 0.435411195 0.0250140205 3.68002297e-08 -2.45891157e-08 1
LGIC_C 8 -0.135186076 0.309172735 0.025013998 2.45891128e-08 -3.68002333e-08 1
LGIC_C 9 -0.461087698 -0.270354284 0.0250140066 6.28883752e-09 7.55636663e-08 1
LGIC_C 10 -0.403914414 -0.609380146 0.0250140179 3.95603082e-08 3.05989652e-08 1
LGIC_C 11 0.181820723 0.563336973 0.0250140101 -6.33660387e-09 4.96100877e-08 -1
LGIC_C 12 0.40092642 0.185647047 0.025014009 -4.90669739e-08 -3.27854893e-08 1
LGIC_C 13 0.732448831 -0.071731951 0.0250140203 -4.96100859e-08 9.86807898e-09 1
LGIC_C 14 0.672337811 0.269932623 0.0250140149 -4.96100869e-08 6.3366408e-09 1
LGIC_C 15 -0.480540562 -0.365351687 0.0250140095 5.39043203e-09 6.47688584e-08 1
LGIC_C 16 0.616404111 -0.151499774 0.0250140153 -4.96100859e-08 9.86807898e-09 1
LGIC_C 17 -0.539683839 0.3684742 0.0250140142 -4.82586679e-08 1.31306769e-08 -1
LGIC_C 18 0.294283782 -0.481955928 0.0250140118 -2.81018481e-08 4.20574137e-08 1
LGIC_C 21 -0.00194221239 -0.185032573 0.0250139923 -2.90231482e-08 4.96101036e-08 1
LGIC_C 22 0.124656313 0.591794334 0.0250140139 -9.86806672e-09 -4.96100854e-08 1
LGIC_C 23 -0.492571301 0.414994192 0.0250140116 3.68002297e-08 -2.45891157e-08 1
LGIC_C 24 0.151845973 0.41749089 0.0250140055 -9.86806672e-09 -4.96100854e-08 1
LGIC_C 25 0.337313212 -0.0289036539 0.0250139981 -4.34088226e-08 8.63456802e-09 1
LGIC_C 27 -0.247793472 0.539162168 0.0250140179 3.27854968e-08 -4.90669676e-08 1
LGIC_C 28 0.653696221 0.0907239507 0.0250140124 -4.34088272e-08 -8.63453573e-09 1
LGIC_C 30 0.630664616 0.19063454 0.0250140133 -4.96100869e-08 6.3366408e-09 1
LGIC_C 31 -0.407750255 -0.419356341 0.0250140122 3.95603082e-08 3.05989652e-08 1
LGIC_C 32 0.0721325213 0.113391645 0.02501399 -2.81018716e-08 -4.20573923e-08 1
LGIC_C 33 -0.019108442 0.638104315 0.0250140111 8.63455111e-09 -4.34088279e-08 1
LGIC_C 35 -0.180626594 -0.482086634 0.0250140019 -2.90231482e-08 4.96101036e-08 1
LGIC_C 36 0.500847888 -0.609089451 0.025014018 -2.45891087e-08 3.68002429e-08 1
LGIC_C 37 0.100550241 0.82404962 0.0250140199 -8.63455884e-09 -4.34088253e-08 1
LGIC_C 38 0.744161889 -0.335330924 0.0250140193 -3.05989503e-08 3.95603122e-08 1
LGIC_C 39 0.696513216 0.307474439 0.0250140164 -3.68002282e-08 -2.45891172e-08 1
LGIC_C 40 -0.700913966 0.0107641073 0.025014014 4.34088279e-08 -2.48392273e-08 1
LGIC_C 41 -0.506215485 0.588235987 0.0250140174 2.45891128e-08 -3.68002333e-08 1
LGIC_C 42 -0.265813238 -0.659831552 0.0250140142 8.63456455e-09 4.34088336e-08 1
LGIC_C 43 -0.564610054 -0.486619797 0.025014014 1.15916899e-08 4.97976879e-08 1
LGIC_C 44 0.357927971 0.55338862 0.0250140147 1.3130701e-08 4.82586573e-08 -1
LGIC_C 45 -0.0224467229 -0.263878575 0.0250139953 2.48392553e-08 4.34088306e-08 1
LGIC_C 46 -0.20510324 -0.191549536 0.0250139967 5.39043203e-09 6.47688584e-08 1
LGIC_C 47 0.473367022 -0.180048655 0.0250140127 -5.78784275e-08 1.15127558e-08 1
LGIC_C 48 -0.10109531 -0.399795885 0.0250140015 8.63456455e-09 4.34088336e-08 1
LGIC_C 51 -0.564257878 -0.00269748509 0.0250140077 -4.34088282e-08 2.70157287e-08 -1
LGIC_C 52 0.681785048 -0.149650681 0.0250140165 -4.34088182e-08 2.48392526e-08 1
LGIC_C 53 0.306766796 -0.0724183817 0.0250139983 -4.34088182e-08 2.48392526e-08 1
LGIC_C 54 -0.0602812654 -0.206709217 0.0250139922 -4.89847109e-08 5.78784581e-08 1
LGIC_C 55 0.440566491 0.47563108 0.0250140116 -2.45891309e-08 -3.68002211e-08 1
LGIC_C 56 -0.13147979 -0.216925175 0.0250139937 -5.56021111e-08 -1.45571543e-08 -1
LGIC_C 57 -0.0996563909 0.432885225 0.0250140079 -3.14742797e-08 4.96100914e-08 -1
LGIC_C 58 0.469940518 -0.0801441843 0.0250140056 -4.34088182e-08 2.48392526e-08 1
LGIC_C 59 -0.394316748 -0.214889187 0.0250140009 1.45571809e-08 5.5602105e-08 1
LGIC_C 60 0.0960704106 0.535209233 0.0250140128 -3.14742949e-08 -4.96100822e-08 1
LGIC_C 61 -0.386573321 0.345199996 0.0250140092 4.20574045e-08 -2.81018523e-08 1
LGIC_C 62 -0.0155787429 0.432930988 0.0250140052 -3.14742797e-08 4.96100914e-08 -1
LGIC_C 63 0.216068601 -0.00151794029 0.025013994 -4.96100859e-08 9.86807898e-09 1
LGIC_C 64 -0.242904593 0.0269737424 0.025013996 5.7878425e-08 4.89846948e-08 1
LGIC_C 65 0.0151593058 0.338022178 0.0250140002 -9.86806672e-09 -4.96100854e-08 1
LGIC_C 66 -0.229845436 -0.337567878 0.0250140013 2.45891453e-08 3.68002268e-08 1
LGIC_C 67 -0.472696649 0.41751403 0.0250140178 6.28881943e-09 -7.55636452e-08 1
LGIC_C 68 -0.68292143 -0.118233805 0.0250140097 -4.34088282e-08 2.70157287e-08 -1
LGIC_C 69 -0.697102838 -0.345877019 0.0250140174 3.68002489e-08 2.45891179e-08 1
LGIC_C 70 -0.0599053514 0.377138798 0.0250140002 8.63455111e-09 -4.34088279e-08 1
LGIC_C 72 0.150918268 0.383330175 0.0250140013 -6.33660387e-09 4.96100877e-08 -1
LGIC_C 73 -0.00351476247 0.00313556342 0.0250139835 -4.82586679e-08 1.31306769e-08 -1
LGIC_C 74 0.545160008 0.499862831 0.0250140161 -4.82586616e-08 -1.31306776e-08 1
LGIC_C 75 0.546959227 -0.579098037 0.025014018 -2.45891087e-08 3.68002429e-08 1
LGIC_C 76 -0.671164275 0.0502741739 0.0250140151 4.96100851e-08 2.90231542e-08 1
LGIC_C 77 0.325179086 -0.192614578 0.0250140008 -3.05989503e-08 3.95603122e-08 1
LGIC_C 79 -0.571365846 -0.249257594 0.0250140023 1.15916899e-08 4.97976879e-08 1
LGIC_C 80 0.747174633 0.00479920601 0.0250140157 -4.34088272e-08 -8.63453573e-09 1
LGIC_C 81 0.0487230937 0.68805292 0.0250140171 -6.33660387e-09 4.96100877e-08 -1
LGIC_C 82 0.473704278 -0.309500836 0.02501401 -3.05989503e-08 3.95603122e-08 1
LGIC_C 83 -0.359534646 0.241321986 0.0250140038 -4.82586679e-08 1.31306769e-08 -1
LGIC_C 84 0.235960365 0.518567693 0.0250140117 -2.81018716e-08 -4.20573923e-08 1
LGIC_C 85 -0.0793833159 0.0876505584 0.0250139893 1.28239438e-08 -5.73353116e-08 1
LGIC_C 87 -0.309917303 -0.252212822 0.0250140018 1.45571809e-08 5.5602105e-08 1
LGIC_C 88 -0.604442678 -0.523231412 0.0250140163 1.15916899e-08 4.97976879e-08 1
LGIC_C 89 0.253925516 -0.511504739 0.0250140112 -1.31306721e-08 4.82586744e-08 1
LGIC_C 90 -0.372230353 -0.305546136 0.0250140056 1.45571809e-08 5.5602105e-08 1
LGIC_C 91 0.193188419 0.772264638 0.0250140185 -8.63455884e-09 -4.34088253e-08 1
LGIC_C 92 0.269609718 -0.747202746 0.0250140186 6.33663526e-09 4.9610097e-08 1
LGIC_C 93 -0.0485254892 0.59360168 0.0250140124 -6.33661298e-09 -4.96100859e-08 1
LGIC_C 94 0.164974947 -0.0454256912 0.0250139928 -4.96100802e-08 3.14742968e-08 1
LGIC_C 95 -0.337119671 -0.460585207 0.0250140087 -5.56021111e-08 -1.45571543e-08 -1
LGIC_C 96 0.348289292 -0.0130990194 0.0250140006 -4.96100859e-08 9.86807898e-09 1
LGIC_C 97 -0.410677357 0.0372189115 0.0250140026 4.96100851e-08 2.90231542e-08 1
LGIC_C 98 -0.355484945 -0.592357882 0.0250140154 3.95603082e-08 3.05989652e-08 1
LGIC_C 99 0.224294319 -0.0813324459 0.0250139969 -4.96100802e-08 3.14742968e-08 1
LGIC_C 100 -0.341982068 -0.513967067 0.0250140106 2.45891453e-08 3.68002268e-08 1
LGIC_C 101 -0.380533451 0.0319260114 0.0250140025 4.96100897e-08 -9.86805572e-09 1
LGIC_C 102 -0.404639476 0.461739019 0.0250140149 1.28239438e-08 -5.73353116e-08 1
LGIC_C 103 -0.445482379 -0.0190657099 0.0250140021 -4.34088282e-08 2.70157287e-08 -1
LGIC_C 104 0.610582005 -0.228808761 0.0250140158 -4.96100859e-08 9.86807898e-09 1
LGIC_C 105 -0.307753534 0.114837139 0.0250139995 4.34088279e-08 -2.48392273e-08 1
LGIC_C 106 -0.307992801 0.778991421 0.0250140197 8.63455111e-09 -4.34088279e-08 1
LGIC_C 107 -0.688410661 -0.260845921 0.0250140154 4.34088238e-08 8.63459484e-09 1
LGIC_C 108 -0.0456894303 -0.513652965 0.0250140067 2.48392553e-08 4.34088306e-08 1
LGIC_C 110 -0.207650755 -0.714896184 0.0250140161 8.63456455e-09 4.34088336e-08 1
LGIC_C 111 -0.490335316 -0.117234904 0.0250140042 -4.96100919e-08 2.90231703e-08 -1
LGIC_C 112 0.722316349 -0.0339033886 0.0250140201 -4.96100802e-08 3.14742968e-08 1
LGIC_C 113 -0.0469678866 -0.683216933 0.0250140141 2.48392553e-08 4.34088306e-08 1
LGIC_C 114 -0.333516691 0.395034724 0.0250140102 1.28239438e-08 -5.73353116e-08 1
LGIC_C 115 0.511940952 -0.385285277 0.0250140141 -3.05989503e-08 3.95603122e-08 1
LGIC_C 116 0.13711275 -0.442224272 0.0250140074 1.00935263e-08 5.7878447e-08 1
LGIC_C 117 -0.188502029 -0.0458177113 0.0250139907 4.96100935e-08 -4.19869172e-08 1
LGIC_C 118 -0.298419195 -0.314020199 0.0250140044 -5.56021111e-08 -1.45571543e-08 -1
LGIC_C 119 0.0921414226 0.453168746 0.0250140067 -9.86806672e-09 -4.96100854e-08 1
LGIC_C 120 0.004475872 0.502688879 0.0250140082 -6.33660387e-09 4.96100877e-08 -1
LGIC_C 121 -0.441606782 -0.429205511 0.0250140097 1.15916899e-08 4.97976879e-08 1
LGIC_C 122 0.614530388 -0.348315052 0.0250140144 -3.68002179e-08 2.45891393e-08 1
LGIC_C 124 0.542834313 -0.464884456 0.0250140146 -3.68002179e-08 2.45891393e-08 1
LGIC_C 125 0.143389036 -0.161094633 0.0250139929 -1.31306721e-08 4.82586744e-08 1
LGIC_C 126 0.605299546 -0.387069166 0.0250140171 -3.05989503e-08 3.95603122e-08 1
LGIC_C 127 0.201177453 -0.307077398 0.0250140007 -1.31306721e-08 4.82586744e-08 1
LGIC_C 128 0.237957904 -0.285225293 0.0250139996 -2.45891087e-08 3.68002429e-08 1
LGIC_C 129 0.484808205 -0.0720943871 0.0250140049 -4.34088226e-08 8.63456802e-09 1
LGIC_C 130 -0.63025061 0.163012626 0.025014012 4.34088259e-08 -8.63455061e-09 1
LGIC_C 131 0.388009542 0.250395919 0.0250140053 -4.82586616e-08 -1.31306776e-08 1
LGIC_C 132 -0.209943785 0.0776643817 0.0250139916 5.7878425e-08 4.89846948e-08 1
LGIC_C 133 -0.606353754 -0.045090499 0.02501401 4.34088238e-08 8.63459484e-09 1
LGIC_C 134 0.283873356 -0.629719197 0.0250140134 -2.45891087e-08 3.68002429e-08 1
LGIC_C 135 -0.251089407 -0.263906593 0.0250140014 2.81018674e-08 4.20574117e-08 1
LGIC_C 136 0.37344915 -0.28343418 0.0250140039 -3.68002179e-08 2.45891393e-08 1
LGIC_C 137 0.365466348 -0.372992889 0.025014006 -1.31306721e-08 4.82586744e-08 1
LGIC_C 138 -0.68896031 -0.213661605 0.0250140085 4.96100935e-08 -4.19869172e-08 1
LGIC_C 139 0.108111128 -0.00880720451 0.0250139889 -4.96100802e-08 3.14742968e-08 1
LGIC_C 140 0.481549373 0.548256716 0.0250140153 -2.45891309e-08 -3.68002211e-08 1
LGIC_C 141 0.449262063 0.122895389 0.0250140038 -4.34088272e-08 -8.63453573e-09 1
LGIC_C 142 -0.481828229 -0.549403321 0.0250140191 3.95603082e-08 3.05989652e-08 1
LGIC_C 144 -0.440325685 -0.491559709 0.0250140149 -5.56021111e-08 -1.45571543e-08 -1
LGIC_C 145 0.198040621 -4.31010189e-05 0.0250139931 -4.96100869e-08 6.3366408e-09 1
LGIC_C 146 0.0275528809 0.592623502 0.0250140125 -6.33660387e-09 4.96100877e-08 -1
LGIC_C 147 -0.339093962 -0.341299886 0.0250140041 2.45891453e-08 3.68002268e-08 1
LGIC_C 149 0.556374255 0.501217201 0.025014016 -3.68002282e-08 -2.45891172e-08 1
LGIC_C 150 0.410892757 0.148886048 0.0250140027 -4.96100869e-08 6.3366408e-09 1
LGIC_C 151 -0.0812933108 -0.678302459 0.0250140134 8.63456455e-09 4.34088336e-08 1
LGIC_C 152 0.257432745 0.569667971 0.0250140141 1.3130701e-08 4.82586573e-08 -1
LGIC_C 153 0.167135131 -0.222041072 0.0250139981 -1.28239349e-08 5.73353226e-08 1
LGIC_C 154 0.150522976 0.503676887 0.0250140097 -9.86806672e-09 -4.96100854e-08 1
LGIC_C 155 -0.577498629 0.119910216 0.0250140094 4.34088259e-08 -8.63455061e-09 1
LGIC_C 156 -0.249043162 0.034472153 0.0250139944 4.34088259e-08 -8.63455061e-09 1
LGIC_C 157 -0.446471766 0.275514036 0.0250140069 6.28881943e-09 -7.55636452e-08 1
LGIC_C 158 0.339657583 0.176105016 0.0250140032 3.37890593e-08 4.80634111e-08 -1
LGIC_C 159 0.777640891 0.129650308 0.0250140181 -4.34088272e-08 -8.63453573e-09 1
LGIC_C 160 -0.297090763 -0.0937556669 0.0250139936 -4.34088282e-08 2.70157287e-08 -1
LGIC_C 161 -0.424614834 0.0708884154 0.025014005 4.96100897e-08 -9.86805572e-09 1
LGIC_C 162 0.485001199 0.00826618969 0.0250140074 -4.96100911e-08 -9.86803575e-09 1
LGIC_C 163 0.378093089 -0.251306631 0.0250140062 -4.20573976e-08 2.81018683e-08 1
LGIC_C 164 0.22330504 -0.570806592 0.0250140101 6.33663526e-09 4.9610097e-08 1
LGIC_C 165 -0.328627888 0.023722527 0.0250139989 4.96100851e-08 2.90231542e-08 1
LGIC_C 166 -0.10559907 -0.69757572 0.0250140161 2.48392553e-08 4.34088306e-08 1
LGIC_C 167 -0.589730974 0.554713229 0.0250140186 3.68002297e-08 -2.45891157e-08 1
LGIC_C 168 -0.545533863 -0.221598691 0.0250140089 4.34088238e-08 8.63459484e-09 1
LGIC_C 169 0.66955601 -0.499333752 0.0250140201 -3.68002179e-08 2.45891393e-08 1
LGIC_C 171 -0.21882112 0.328698723 0.0250140049 1.28239438e-08 -5.73353116e-08 1
LGIC_C 172 0.329987848 0.166392798 0.0250140024 3.37890593e-08 4.80634111e-08 -1
LGIC_C 173 0.657089293 0.295144463 0.0250140147 -3.68002282e-08 -2.45891172e-08 1
LGIC_C 174 -0.100834677 -0.504240512 0.0250140076 2.48392553e-08 4.34088306e-08 1
LGIC_C 175 0.397547083 -0.306956005 0.0250140114 -3.37890406e-08 4.80634332e-08 1
LGIC_C 177 0.315066721 0.322856393 0.0250140057 -2.81018716e-08 -4.20573923e-08 1
LGIC_C 178 0.0874073503 -0.62958481 0.0250140139 6.33663526e-09 4.9610097e-08 1
LGIC_C 180 -0.138941733 0.284072261 0.0250139991 2.8101852e-08 -4.20574041e-08 1
LGIC_C 181 -0.672937435 -0.310293094 0.025014007 5.39043203e-09 6.47688584e-08 1
LGIC_C 183 0.667173916 0.32266881 0.0250140197 -4.82586616e-08 -1.31306776e-08 1
LGIC_C 184 0.714800693 -0.0418437895 0.0250140153 -4.34088182e-08 2.48392526e-08 1
LGIC_C 185 0.381141499 -0.118201426 0.0250140027 -4.34088182e-08 2.48392526e-08 1
LGIC_C 186 -0.620215143 -0.300628546 0.025014006 5.39043203e-09 6.47688584e-08 1
LGIC_C 188 -0.750393826 0.0958763592 0.0250140167 4.34088259e-08 -8.63455061e-09 1
LGIC_C 189 -0.55363377 0.278549398 0.0250140144 4.20574045e-08 -2.81018523e-08 1
LGIC_C 190 0.345740858 -0.715398433 0.0250140181 -2.45891087e-08 3.68002429e-08 1
LGIC_C 191 -0.406474528 -0.250109889 0.0250140016 5.39043203e-09 6.47688584e-08 1
LGIC_C 192 -0.295754841 0.114951664 0.0250139971 4.34088259e-08 -8.63455061e-09 1
LGIC_C 193 0.289855362 0.0725446848 0.0250139983 -4.96100911e-08 -9.86803575e-09 1
LGIC_C 194 -0.693880221 0.361918212 0.0250140177 3.68002297e-08 -2.45891157e-08 1
LGIC_C 195 0.369142099 0.411591295 0.0250140109 -2.81018716e-08 -4.20573923e-08 1
LGIC_C 196 0.692073815 0.385939034 0.0250140182 -3.68002282e-08 -2.45891172e-08 1
LGIC_C 197 -0.270286087 -0.513276526 0.0250140088 2.45891453e-08 3.68002268e-08 1
LGIC_C 198 0.55099307 -0.0230710974 0.0250140073 -4.34088226e-08 8.63456802e-09 1
LGIC_C 199 0.642111723 0.244215663 0.0250140135 -4.96100869e-08 6.3366408e-09 1
LGIC_C 200 0.735907664 -0.318980376 0.0250140182 -3.68002179e-08 2.45891393e-08 1
LGIC_C 201 0.240876433 0.145041309 0.0250139975 -4.20574004e-08 -2.81018564e-08 1
LGIC_C 202 -0.0307898271 -0.27245828 0.0250139958 2.48392553e-08 4.34088306e-08 1
LGIC_C 203 -0.180328242 -0.0269712605 0.0250139914 -4.96100919e-08 2.90231703e-08 -1
LGIC_C 204 -0.382073288 0.547447897 0.025014017 2.8101852e-08 -4.20574041e-08 1
LGIC_C 205 -0.0854679514 0.239235068 0.025013996 9.86805557e-09 -4.96100883e-08 1
LGIC_C 206 0.642584747 -0.360844756 0.0250140157 -3.68002179e-08 2.45891393e-08 1
LGIC_C 207 -0.121484642 -0.442111894 0.0250140029 -4.89847109e-08 5.78784581e-08 1
LGIC_C 208 -0.515125335 0.354413947 0.0250140128 -4.82586679e-08 1.31306769e-08 -1
LGIC_C 209 -0.0111743563 0.00316835162 0.0250139849 -1.38908237e-07 2.76305608e-08 -1
LGIC_C 210 0.0647006953 0.279714781 0.0250139978 -9.86806672e-09 -4.96100854e-08 1
LGIC_C 212 -0.343370621 -0.547307522 0.0250140103 -5.56021111e-08 -1.45571543e-08 -1
LGIC_C 213 0.337099374 -0.356970706 0.0250140077 -2.81018481e-08 4.20574137e-08 1
LGIC_C 214 0.460251412 -0.0567686671 0.0250140037 -4.34088226e-08 8.63456802e-09 1
LGIC_C 215 -0.459771894 -0.0201510814 0.0250140034 4.34088238e-08 8.63459484e-09 1
LGIC_C 216 0.216542269 -0.178970041 0.0250139969 -3.05989503e-08 3.95603122e-08 1
LGIC_C 217 0.500728324 -0.419506243 0.0250140203 -3.37890406e-08 4.80634332e-08 1
LGIC_C 218 -0.289790448 0.454397081 0.025014009 1.31306824e-08 -4.82586643e-08 1
LGIC_C 219 -0.229850569 -0.441435982 0.0250140059 3.95603082e-08 3.05989652e-08 1
LGIC_C 220 -0.72898901 -0.328880816 0.0250140182 3.68002489e-08 2.45891179e-08 1
LGIC_C 221 0.677344922 -0.401344374 0.025014018 -3.68002179e-08 2.45891393e-08 1
LGIC_C 222 -0.526880472 -0.158864751 0.0250140048 -4.96100919e-08 2.90231703e-08 -1
LGIC_C 223 0.230930812 0.412565237 0.0250140083 -4.80634192e-08 -3.37890445e-08 1
LGIC_C 224 -0.393831188 0.0653559625 0.0250140009 4.96100851e-08 2.90231542e-08 1
LGIC_C 225 0.219089976 -0.6368692 0.0250140128 -8.63454093e-09 4.34088369e-08 1
LGIC_C 226 0.394341378 -0.196274901 0.0250140026 -3.68002179e-08 2.45891393e-08 1
LGIC_C 227 -0.162896479 0.510392675 0.0250140068 8.63455111e-09 -4.34088279e-08 1
LGIC_C 228 0.262051445 -0.313989739 0.0250140018 -1.31306721e-08 4.82586744e-08 1
LGIC_C 229 -0.479760278 -0.0976847392 0.0250140049 4.34088238e-08 8.63459484e-09 1
LGIC_C 230 -0.677498648 -0.200270333 0.0250140073 -4.34088282e-08 2.70157287e-08 -1
LGIC_C 231 0.531899847 0.274044837 0.0250140144 3.37890593e-08 4.80634111e-08 -1
LGIC_C 232 -0.254810987 0.792998453 0.0250140199 8.63455111e-09 -4.34088279e-08 1
LGIC_C 233 0.291345349 0.24944726 0.0250140006 -4.82586616e-08 -1.31306776e-08 1
LGIC_C 234 -0.0421642873 -0.425524021 0.0250140021 8.63456455e-09 4.34088336e-08 1
LGIC_C 235 0.337310436 0.445799955 0.0250140115 -2.81018716e-08 -4.20573923e-08 1
LGIC_C 236 0.26840839 -0.0145906532 0.0250139952 -4.34088182e-08 2.48392526e-08 1
LGIC_C 239 0.475161102 -0.296175181 0.0250140115 -4.20573976e-08 2.81018683e-08 1
LGIC_C 240 0.145617112 -0.175225548 0.0250139951 -1.28239349e-08 5.73353226e-08 1
LGIC_C 241 -0.109631538 0.206741618 0.025013995 2.8101852e-08 -4.20574041e-08 1
LGIC_C 242 0.605302074 -0.318279922 0.025014019 -3.37890406e-08 4.80634332e-08 1
LGIC_C 243 -0.664637999 0.234855805 0.0250140186 4.96100897e-08 -9.86805572e-09 1
LGIC_C 246 0.410014436 0.461680202 0.0250140103 -2.45891309e-08 -3.68002211e-08 1
LGIC_C 247 -0.51230491 0.642839973 0.0250140195 2.45891128e-08 -3.68002333e-08 1
LGIC_C 248 0.0897211812 -0.0770952448 0.0250139884 -3.68002179e-08 2.45891393e-08 1
LGIC_C 249 0.515089909 -0.036932996 0.0250140099 -4.96100802e-08 3.14742968e-08 1
LGIC_C 250 0.251235646 0.520740289 0.0250140129 -4.80634192e-08 -3.37890445e-08 1
LGIC_C 251 0.0371219737 0.643194834 0.0250140149 -6.33660387e-09 4.96100877e-08 -1
LGIC_C 252 0.152981302 0.572128738 0.0250140165 -3.14742949e-08 -4.96100822e-08 1
LGIC_C 253 0.500239023 0.294080476 0.0250140112 -4.82586616e-08 -1.31306776e-08 1
LGIC_C 255 -0.755555982 -0.0648415848 0.0250140143 -4.34088282e-08 2.70157287e-08 -1
LGIC_C 256 -0.319687936 0.523242617 0.0250140104 2.45891128e-08 -3.68002333e-08 1
LGIC_C 257 0.292925441 0.340484683 0.0250140035 1.3130701e-08 4.82586573e-08 -1
LGIC_C 258 -0.296888384 0.575431311 0.0250140117 2.45891128e-08 -3.68002333e-08 1
LGIC_C 260 -0.0305375232 -0.625799964 0.0250140146 9.8680833e-09 4.96100963e-08 1
LGIC_C 261 0.0681523623 0.59588061 0.0250140097 -8.63455884e-09 -4.34088253e-08 1
LGIC_C 262 -0.348470713 0.370915313 0.0250140057 1.31306824e-08 -4.82586643e-08 1
LGIC_C 263 -0.674078231 -0.214985923 0.0250140067 -4.34088282e-08 2.70157287e-08 -1
LGIC_C 264 0.45876504 -0.336987187 0.0250140084 -3.68002179e-08 2.45891393e-08 1
LGIC_C 265 0.217901582 0.0275467854 0.0250139943 -4.96100911e-08 -9.86803575e-09 1
LGIC_C 266 -0.172841844 -0.321119663 0.0250139999 3.95603082e-08 3.05989652e-08 1
LGIC_C 267 -0.321401284 -0.304907741 0.0250140049 1.45571809e-08 5.5602105e-08 1
LGIC_C 268 -0.0562940423 -0.526879573 0.0250140077 -2.90231482e-08 4.96101036e-08 1
LGIC_C 269 -0.103538403 0.673551938 0.025014016 -6.33661298e-09 -4.96100859e-08 1
LGIC_C 271 -0.489949927 -0.43582828 0.025014012 3.68002489e-08 2.45891179e-08 1
LGIC_C 272 -0.368309733 0.280875279 0.0250140047 -4.82586679e-08 1.31306769e-08 -1
LGIC_C 273 0.745516106 -0.158711695 0.0250140195 -4.34088182e-08 2.48392526e-08 1
LGIC_C 274 -0.357236548 0.373900472 0.0250140058 2.45891128e-08 -3.68002333e-08 1
LGIC_C 275 0.0137369713 -0.535722749 0.0250140097 6.33663526e-09 4.9610097e-08 1
LGIC_C 276 -0.123024964 -0.52507317 0.0250140057 -2.90231482e-08 4.96101036e-08 1
LGIC_C 278 0.319942728 0.268167168 0.0250140016 -3.68002282e-08 -2.45891172e-08 1
LGIC_C 279 0.0643848245 -0.0369499508 0.0250139865 -3.68002179e-08 2.45891393e-08 1
LGIC_C 280 -0.267452789 -0.142659676 0.0250139951 1.45571809e-08 5.5602105e-08 1
LGIC_C 281 0.370126806 0.552898042 0.0250140197 -4.80634192e-08 -3.37890445e-08 1
LGIC_C 282 -0.240154764 -0.445640468 0.0250140064 3.95603082e-08 3.05989652e-08 1
LGIC_C 283 -0.241947357 -0.496877308 0.0250140047 7.55636799e-08 6.2887973e-09 1
LGIC_C 284 0.227340463 -0.736598564 0.0250140172 -8.63454093e-09 4.34088369e-08 1
LGIC_C 286 -0.553398795 0.0116935398 0.0250140104 4.96100851e-08 2.90231542e-08 1
LGIC_C 287 -0.100130822 -0.169457069 0.0250139919 2.45891453e-08 3.68002268e-08 1
LGIC_C 288 0.0648432606 -0.326210426 0.025013999 6.33663526e-09 4.9610097e-08 1
LGIC_C 289 0.0310249604 -0.00136480883 0.0250139846 -4.34088226e-08 8.63456802e-09 1
LGIC_C 290 -0.355653057 -0.536511292 0.0250140158 2.81018674e-08 4.20574117e-08 1
LGIC_C 291 -0.516951857 0.458432458 0.0250140136 3.68002297e-08 -2.45891157e-08 1
LGIC_C 292 0.46236466 0.474432965 0.0250140162 -2.81018716e-08 -4.20573923e-08 1
LGIC_C 293 -0.683613196 -0.0563757542 0.0250140156 -4.96100919e-08 2.90231703e-08 -1
LGIC_C 295 -0.14360308 0.141214936 0.0250139948 6.28881943e-09 -7.55636452e-08 1
LGIC_C 296 0.49192476 0.279630481 0.0250140118 -4.20574004e-08 -2.81018564e-08 1
LGIC_C 297 0.0336481415 0.366495337 0.0250139995 -8.63455884e-09 -4.34088253e-08 1
LGIC_C 298 0.127298359 -0.500044758 0.0250140093 -9.86804037e-09 4.96101e-08 1
LGIC_C 299 -0.105187443 -0.287955192 0.0250139986 9.8680833e-09 4.96100963e-08 1
LGIC_C 300 0.422164682 -0.0586914985 0.025014003 -4.34088182e-08 2.48392526e-08 1
LGIC_C 301 0.109909362 0.374509984 0.0250140005 -8.63455884e-09 -4.34088253e-08 1
LGIC_C 302 0.438219306 0.331415296 0.025014011 -4.20574004e-08 -2.81018564e-08 1
LGIC_C 303 -0.0638934476 0.348316987 0.0250140012 9.86805557e-09 -4.96100883e-08 1
LGIC_C 304 -0.149627308 0.350845543 0.0250140022 1.31306824e-08 -4.82586643e-08 1
LGIC_C 305 -0.461863578 0.238723721 0.0250140061 3.68002297e-08 -2.45891157e-08 1
LGIC_C 306 0.193365623 0.123471603 0.0250139957 3.37890593e-08 4.80634111e-08 -1
LGIC_C 307 -0.421385361 0.244993065 0.0250140068 -4.82586679e-08 1.31306769e-08 -1
LGIC_C 308 0.618044435 -0.299259468 0.0250140133 -3.68002179e-08 2.45891393e-08 1
LGIC_C 309 0.13477795 0.129516545 0.0250139914 -3.68002282e-08 -2.45891172e-08 1
LGIC_C 310 0.132612197 0.766569339 0.0250140177 -8.63455884e-09 -4.34088253e-08 1
LGIC_C 311 0.56432836 0.61660376 0.0250140198 -2.45891309e-08 -3.68002211e-08 1
LGIC_C 312 0.30686744 0.200163679 0.0250140018 -4.20574004e-08 -2.81018564e-08 1
LGIC_C 313 0.670158245 0.348787371 0.0250140165 -3.68002282e-08 -2.45891172e-08 1
LGIC_C 314 -0.290157235 0.508019969 0.0250140091 2.45891128e-08 -3.68002333e-08 1
LGIC_C 315 -0.0918692455 0.00420097524 0.0250139879 4.96100897e-08 -9.86805572e-09 1
LGIC_C 318 -0.216803717 -0.368420403 0.0250140007 -5.56021111e-08 -1.45571543e-08 -1
LGIC_C 319 -0.466131901 -0.0700822175 0.0250140016 -4.34088282e-08 2.70157287e-08 -1
LGIC_C 320 0.427441564 0.595886665 0.0250140203 -2.81018716e-08 -4.20573923e-08 1
LGIC_C 322 0.528845117 0.236132211 0.0250140119 -4.82586616e-08 -1.31306776e-08 1
LGIC_C 323 -0.329049917 -0.654271226 0.02501402 2.81018674e-08 4.20574117e-08 1
LGIC_C 324 0.012234806 0.687625909 0.0250140173 -6.33660387e-09 4.96100877e-08 -1
LGIC_C 325 0.467214163 0.607370435 0.0250140171 -2.45891309e-08 -3.68002211e-08 1
LGIC_C 326 0.17559922 0.682387642 0.025014016 -6.33660387e-09 4.96100877e-08 -1
LGIC_C 327 -0.309353615 -0.0264355614 0.0250139979 -4.96100919e-08 2.90231703e-08 -1
LGIC_C 328 -0.40521979 0.0015497705 0.0250140009 4.34088279e-08 -2.48392273e-08 1
LGIC_C 329 0.620482487 -0.230690069 0.0250140163 -4.96100859e-08 9.86807898e-09 1
LGIC_C 330 0.36352365 -0.0254811963 0.0250140021 -4.96100802e-08 3.14742968e-08 1
LGIC_C 331 0.229959446 -0.10588139 0.0250139945 -3.05989503e-08 3.95603122e-08 1
LGIC_C 332 -0.015982984 -0.369691288 0.0250140017 9.8680833e-09 4.96100963e-08 1
LGIC_C 333 0.49930476 0.156098213 0.0250140063 -4.34088272e-08 -8.63453573e-09 1
LGIC_C 334 0.231001652 0.79919955 0.0250140199 -8.63455884e-09 -4.34088253e-08 1
LGIC_C 335 0.186371301 0.552419071 0.0250140095 -6.33660387e-09 4.96100877e-08 -1
LGIC_C 336 -0.740780465 0.0170400624 0.0250140159 4.34088279e-08 -2.48392273e-08 1
LGIC_C 337 -0.00883697792 -0.00400247621 0.0250139835 -4.34088282e-08 2.70157287e-08 -1
LGIC_C 338 -0.203297425 0.332089569 0.0250140005 2.45891128e-08 -3.68002333e-08 1
LGIC_C 339 0.133769172 -0.192345388 0.0250139943 -1.31306721e-08 4.82586744e-08 1
LGIC_C 340 -0.302548714 0.591483836 0.0250140167 2.8101852e-08 -4.20574041e-08 1
LGIC_C 341 -0.0277657239 -0.716117224 0.0250140146 8.63456455e-09 4.34088336e-08 1
LGIC_C 342 -0.829821227 -0.0253115369 0.0250140186 -4.34088282e-08 2.70157287e-08 -1
LGIC_C 343 0.264853692 0.485220788 0.0250140102 1.3130701e-08 4.82586573e-08 -1
LGIC_C 344 -0.109432477 0.0273604738 0.0250139882 5.7878425e-08 4.89846948e-08 1
LGIC_C 346 0.349234889 0.308745796 0.0250140037 -3.68002282e-08 -2.45891172e-08 1
LGIC_C 347 0.485190976 -0.136273901 0.0250140086 -4.96100859e-08 9.86807898e-09 1
LGIC_C 349 -0.215150021 -0.529415897 0.0250140032 -2.90231482e-08 4.96101036e-08 1
LGIC_C 350 -0.296333295 0.366710724 0.0250140041 2.45891128e-08 -3.68002333e-08 1
LGIC_C 352 -0.213353436 -0.280616068 0.0250140003 3.95603082e-08 3.05989652e-08 1
LGIC_C 353 -0.320094002 0.169935845 0.0250140015 4.20574045e-08 -2.81018523e-08 1
LGIC_C 354 0.155670064 0.225472948 0.0250139971 -2.81018716e-08 -4.20573923e-08 1
LGIC_C 355 0.0933538597 -0.528384065 0.0250140129 1.00935263e-08 5.7878447e-08 1
LGIC_C 356 0.121427495 0.687421208 0.0250140141 -8.63455884e-09 -4.34088253e-08 1
LGIC_C 357 0.757950064 0.139157419 0.02501402 -4.96100869e-08 6.3366408e-09 1
LGIC_C 358 0.0610456414 -0.0361573111 0.0250139874 -4.90669481e-08 3.27855328e-08 1
LGIC_C 359 -0.244054731 0.23032436 0.0250140022 6.28881943e-09 -7.55636452e-08 1
LGIC_C 360 -0.479895896 0.432936068 0.0250140116 3.68002297e-08 -2.45891157e-08 1
LGIC_C 361 0.587613463 -0.137327446 0.0250140137 -4.96100859e-08 9.86807898e-09 1
LGIC_C 362 -0.413674148 -0.117467043 0.0250140004 -4.96100919e-08 2.90231703e-08 -1
LGIC_C 363 -0.307939065 0.433936205 0.0250140083 1.31306824e-08 -4.82586643e-08 1
LGIC_C 365 0.614520868 -0.348364579 0.0250140189 -4.20573976e-08 2.81018683e-08 1
LGIC_C 366 -0.335898252 -0.723738885 0.0250140187 3.95603082e-08 3.05989652e-08 1
LGIC_C 367 0.362990374 -0.109097323 0.0250140017 -4.34088182e-08 2.48392526e-08 1
LGIC_C 368 -0.127943283 -0.327342927 0.0250140006 2.48392553e-08 4.34088306e-08 1
LGIC_C 369 -0.126850381 -0.599216325 0.0250140093 -2.90231482e-08 4.96101036e-08 1
LGIC_C 370 -0.384894978 -0.586022502 0.0250140143 2.45891453e-08 3.68002268e-08 1
LGIC_C 371 0.237065911 0.0533364286 0.025013994 -4.34088272e-08 -8.63453573e-09 1
LGIC_C 372 -0.0690669738 0.429718561 0.0250140025 8.63455111e-09 -4.34088279e-08 1
LGIC_C 373 -0.63193365 0.460814098 0.0250140179 3.68002297e-08 -2.45891157e-08 1
LGIC_C 374 0.034707248 -0.215492508 0.0250139937 6.33663526e-09 4.9610097e-08 1
LGIC_C 375 0.15362415 -0.633611804 0.0250140184 1.00935263e-08 5.7878447e-08 1
LGIC_C 376 0.400928834 0.35747845 0.0250140102 -4.20574004e-08 -2.81018564e-08 1
LGIC_C 377 0.322671229 0.167621022 0.0250139992 -3.68002282e-08 -2.45891172e-08 1
LGIC_C 378 -0.608202832 0.0999078492 0.0250140105 4.96100851e-08 2.90231542e-08 1
LGIC_C 379 -0.0287764641 -0.456424699 0.0250140062 9.8680833e-09 4.96100963e-08 1
LGIC_C 380 0.105899391 0.592862076 0.0250140137 -9.86806672e-09 -4.96100854e-08 1
LGIC_C 381 0.0397169834 0.677627157 0.0250140166 -6.33660387e-09 4.96100877e-08 -1
LGIC_C 382 0.584468119 -0.250740018 0.025014015 -3.37890406e-08 4.80634332e-08 1
LGIC_C 384 -0.444438302 -0.419341173 0.0250140177 6.28883752e-09 7.55636663e-08 1
LGIC_C 386 0.502062719 -0.465828673 0.0250140132 -3.68002179e-08 2.45891393e-08 1
LGIC_C 387 0.578636295 -0.261153737 0.0250140153 -3.37890406e-08 4.80634332e-08 1
LGIC_C 388 -0.0254703711 0.424079413 0.0250140046 9.86805557e-09 -4.96100883e-08 1
LGIC_C 390 0.564774809 0.00437913829 0.0250140112 -4.96100869e-08 6.3366408e-09 1
LGIC_C 392 -0.206424848 -0.587874944 0.0250140064 -2.90231482e-08 4.96101036e-08 1
LGIC_C 393 -0.0212125244 -0.321818505 0.0250139974 8.63456455e-09 4.34088336e-08 1
LGIC_C 395 0.353384228 0.446178847 0.0250140094 1.3130701e-08 4.82586573e-08 -1
LGIC_C 396 0.29130474 0.40787666 0.0250140068 1.3130701e-08 4.82586573e-08 -1
LGIC_C 397 -0.678282698 0.246934623 0.0250140148 4.34088259e-08 -8.63455061e-09 1
LGIC_C 398 -0.585166244 0.250912104 0.0250140151 3.37890593e-08 -4.80634052e-08 1
LGIC_C 399 0.608192719 -0.14688311 0.025014018 -4.96100802e-08 3.14742968e-08 1
NT 572 0.00421051906 -0.663152845 0.0377890973 0 0 0
NT 2014 0.0946110489 -0.745666129 0.0453397661 0 0 0
NT 3420 -0.119515693 -0.0350186047 0.0401543603 0 0 0
NT 3607 0.0799393051 -0.403034185 0.0291620478 0 0 0
NT 4655 -0.102032103 0.198691424 0.0355126432 0 0 0
NT 4695 0.25716659 0.36307935 0.0264440805 0 0 0
NT 4719 -0.461961198 0.561778635 0.039161679 0 0 0
NT 5053 -0.117051754 -0.455527813 0.0273211994 0 0 0
NT 5078 -0.28076573 -0.00189426421 0.0458018274 0 0 0
NT 5176 0.00314760837 -0.266243102 0.0324987458 0 0 0
NT 5268 -0.536196601 0.0374371516 0.0350899346 0 0 0
NT 5330 -0.44550997 0.0351254961 0.0356443239 0 0 0
NT 5348 0.298945649 0.00672775502 0.0367792124 0 0 0
NT 5358 0.545243425 -0.454950483 0.0329099983 0 0 0
NT 5375 -0.70569222 0.0400238971 0.0401067452 0 0 0
NT 5429 -0.352562917 -0.0660253065 0.0290616406 0 0 0
NT 5508 -0.473805197 0.0780271308 0.0323907432 0 0 0
NT 5563 0.0569218364 0.255433819 0.0428315264 0 0 0
NT 5619 -0.930156014 0.0370513203 0.128122188 0 0 0
NT 5659 -0.286306163 -0.0913273091 0.0372018435 0 0 0
NT 5876 -0.15943013 -0.563344938 0.0326044716 0 0 0
NT 5907 -0.273440844 0.429198872 0.0448411984 0 0 0
NT 5973 0.0967028473 0.460652069 0.0398350634 0 0 0
NT 5995 0.0131887103 0.358967418 0.0427679443 0 0 0
NT 6061 -0.187510059 0.372836248 0.0412008855 0 0 0
NT 6076 -0.939037029 -0.0786864721 -0.140348738 0 0 0
NT 6119 -0.0180798604 -0.451725916 0.042843172 0 0 0
NT 6161 0.325609518 -0.536795789 0.0303845335 0 0 0
NT 6319 0.36158687 -0.286771968 0.0436932924 0 0 0
NT 6370 -0.0214248206 0.0451967081 0.0315681656 0 0 0
NT 6509 0.245140216 -0.595427668 0.0328205785 0 0 0
NT 6981 0.371761941 -0.398201665 0.0355436173 0 0 0
NT 7076 0.197079375 0.0823767655 0.0314841318 0 0 0
NT 7121 0.274958823 -0.133939087 0.0442404315 0 0 0
NT 7152 -0.0559146964 -0.569855127 0.0374406183 0 0 0
NT 7181 -2.99480945 0.22006661 -0.48394178 0 0 0
NT 7281 -0.81866209 0.549378493 0.143269564 0 0 0
NT 7437 -0.205721214 -0.509590564 0.0295859396 0 0 0
NT 7497 0.691046532 -0.654245212 0.253122302 0 0 0
NT 7579 0.0927236374 0.146557017 0.0368453603 0 0 0
NT 7686 -0.14803876 -0.179092687 0.0368412047 0 0 0
NT 7695 -0.640414265 -0.174016954 0.0358925142 0 0 0
NT 7793 -0.14702721 0.067563424 0.0435950206 0 0 0
NT 7817 0.330190057 2.34088917 -0.0815059621 0 0 0
NT 7822 0.260383882 0.4610656 0.0341158521 0 0 0
NT 7827 0.2775749 -0.573530114 0.037345909 0 0 0
NT 7836 0.817174715 0.501592803 0.0635992867 0 0 0
NT 7855 0.190722348 -0.500858554 0.0317714819 0 0 0
NT 7925 -0.688802211 -0.259558377 0.032604049 0 0 0
NT 7994 -0.237266159 -0.0727159129 0.0307321552 0 0 0
NT 8066 0.671615775 0.137586658 0.0455659673 0 0 0
NT 8093 -0.228285223 -0.533768224 0.0258777184 0 0 0
NT 8219 -0.500422294 -0.00656440015 0.0392830482 0 0 0
LGIC_O 4402 -0.0345878633 0.265675272 0.025013999 1.15127271e-08 -5.78784352e-08 1
LGIC_O 4401 -0.1840676 0.0972239463 0.0250139942 3.37890593e-08 -4.80634052e-08 1
LGIC_O 4400 -0.175025146 0.0137516014 0.0250139927 5.7878425e-08 4.89846948e-08 1
LGIC_O 8441 0.636913646 -0.12672076 0.0250140188 -4.96100802e-08 3.14742968e-08 1
LGIC_O 8440 0.314831804 -0.521242477 0.0250140191 -3.27854948e-08 4.90669785e-08 1
LGIC_O 8439 0.567487089 -0.204519113 0.0250140184 -5.78784275e-08 1.15127558e-08 1
LGIC_O 8438 -0.495463838 -0.478991786 0.0250140171 1.45571809e-08 5.5602105e-08 1
LGIC_O 8437 -0.0865332912 0.0753896135 0.0250139898 3.37890593e-08 -4.80634052e-08 1
LGIC_O 8436 0.281965125 0.349247805 0.0250140096 -3.27855134e-08 -4.90669575e-08 1
LGIC_O 8435 -0.281577291 0.489075666 0.0250140165 3.27854968e-08 -4.90669676e-08 1
LGIC_O 8434 -0.605092982 -0.110313414 0.0250140129 5.7878436e-08 -4.89847332e-08 1
LGIC_O 8433 0.701586212 -0.0117142491 0.0250140184 -4.96100802e-08 3.14742968e-08 1
LGIC_O 8432 0.426050556 0.664856809 0.0250140182 -2.45891309e-08 -3.68002211e-08 1
LGIC_O 8431 -0.53569519 -0.176489801 0.025014008 4.34088238e-08 8.63459484e-09 1
LGIC_O 8430 -0.206044735 -0.180448528 0.0250139982 6.28883752e-09 7.55636663e-08 1
LGIC_O 8429 0.342033035 -0.34268384 0.0250140113 -3.27854948e-08 4.90669785e-08 1
LGIC_O 8428 0.576112066 -0.314703408 0.0250140178 -3.37890406e-08 4.80634332e-08 1
LGIC_O 8427 0.236726308 -0.318077646 0.0250140066 -3.27854948e-08 4.90669785e-08 1
LGIC_O 8426 -0.0976488914 -0.110862836 0.0250139913 7.55636799e-08 6.2887973e-09 1
LGIC_O 8425 0.534646383 -0.195059479 0.0250140164 -5.78784275e-08 1.15127558e-08 1
LGIC_O 8424 0.219544679 -0.315091025 0.0250140059 -3.27854948e-08 4.90669785e-08 1
LGIC_O 8423 -0.608846757 -0.593779315 0.0250140203 3.68002489e-08 2.45891179e-08 1
LGIC_O 8422 0.564815598 -0.372450199 0.0250140202 -3.37890406e-08 4.80634332e-08 1
LGIC_O 8421 0.550750457 0.0902902064 0.0250140162 -5.78784335e-08 -1.15127284e-08 1
LGIC_O 8420 0.175418091 0.0610257495 0.0250139941 -5.78784335e-08 -1.15127284e-08 1
LGIC_O 8419 0.142777714 0.100831833 0.0250139936 -4.90669739e-08 -3.27854893e-08 1
LGIC_O 4418 0.0575220985 -0.190210297 0.0250139949 -1.15127059e-08 5.78784511e-08 1
LGIC_O 4417 -0.118754336 -0.170834128 0.0250139938 2.81018674e-08 4.20574117e-08 1
LGIC_O 4416 0.593239316 0.0786534269 0.0250140185 -5.78784335e-08 -1.15127284e-08 1
LGIC_O 4415 0.0853954366 -0.420999761 0.0250140086 -1.15127059e-08 5.78784511e-08 1
LGIC_O 4414 -0.374457097 -0.228026162 0.0250140026 3.68002489e-08 2.45891179e-08 1
LGIC_O 4413 0.577482781 -0.285169834 0.0250140164 -3.37890406e-08 4.80634332e-08 1
LGIC_O 4412 -0.484325859 0.306166979 0.0250140144 3.37890593e-08 -4.80634052e-08 1
LGIC_O 4411 0.44777829 -0.0963194904 0.0250140103 -5.78784275e-08 1.15127558e-08 1
LGIC_O 4410 0.28281874 -0.503567977 0.0250140172 -3.27854948e-08 4.90669785e-08 1
LGIC_O 4409 -0.116204576 -0.152585731 0.025013993 7.55636799e-08 6.2887973e-09 1
LGIC_O 4408 -0.333519821 0.289166147 0.0250140084 3.37890593e-08 -4.80634052e-08 1
LGIC_O 4407 -0.148720782 -0.636306108 0.0250140163 9.8680833e-09 4.96100963e-08 1
LGIC_O 4406 0.336173082 -0.328141715 0.0250140105 -4.90669481e-08 3.27855328e-08 1
LGIC_O 4405 -0.249510429 -0.168914007 0.0250139976 6.28883752e-09 7.55636663e-08 1
LGIC_O 4404 0.0811982327 0.141649416 0.0250139929 -3.27855134e-08 -4.90669575e-08 1
LGIC_O 4403 0.0533120499 -0.19689515 0.0250139952 -1.15127059e-08 5.78784511e-08 1
