LGIC_C 0 0.485827828 0.215650453 0.02501401 3.37890593e-08 4.80634111e-08 -1
LGIC_C 1 -0.304152326 0.0431372844 0.0250139968 4.34088259e-08 -8.63455061e-09 1
LGIC_C 2 -0.575938592 0.169590426 0.0250140135 4.96100897e-08 -9.86805572e-09 1
LGIC_C 3 0.238554866 -0.678300227 0.0250140192 -9.86804037e-09 4.96101e-08 1
LGIC_C 4 -0.46057567 -0.225628841 0.0250140032 6.28883752e-09 7.55636663e-08 1
LGIC_C 5 0.0815384079 -0.536873749 0.0250140135 1.00935263e-08 5.7878447e-08 1
LGIC_C 6 -0.315170085 0.525445735 0.0250140174 1.28239438e-08 -5.73353116e-08 1
LGIC_C 7 -0.731400047 0.423549811 0.00223286963 -0.827617296 0.552995934 0.0961514895
LGIC_C 8 -0.116280441 0.325014066 0.0250139984 8.63455111e-09 -4.34088279e-08 1
LGIC_C 9 -0.474377413 -0.259469703 0.0250140058 6.28883752e-09 7.55636663e-08 1
LGIC_C 10 -0.37476407 -0.610468443 0.0250140168 3.95603082e-08 3.05989652e-08 1
LGIC_C 11 0.217006686 0.552114093 0.0250140093 -6.33660387e-09 4.96100877e-08 -1
LGIC_C 12 0.41731631 0.215156334 0.0250140108 -4.90669739e-08 -3.27854893e-08 1
LGIC_C 13 0.732155483 -0.068039422 0.0250140202 -4.96100859e-08 9.86807898e-09 1
LGIC_C 14 0.671737879 0.274952484 0.0250140148 -4.96100869e-08 6.3366408e-09 1
LGIC_C 15 -0.487063165 -0.38646254 0.0250140109 5.39043203e-09 6.47688584e-08 1
LGIC_C 16 0.624525076 -0.164604451 0.0250140158 -4.96100859e-08 9.86807898e-09 1
LGIC_C 17 -0.529157425 0.382461673 0.0250140138 -4.82586679e-08 1.31306769e-08 -1
LGIC_C 18 0.289692293 -0.463356327 0.0250140109 -2.81018481e-08 4.20574137e-08 1
LGIC_C 21 -0.0231077654 -0.196747354 0.0250139923 -2.90231482e-08 4.96101036e-08 1
LGIC_C 22 0.167052786 0.60884099 0.0250140151 -9.86806672e-09 -4.96100854e-08 1
LGIC_C 23 -0.493642417 0.451443427 0.0250140125 3.68002297e-08 -2.45891157e-08 1
LGIC_C 24 0.155723272 0.410604306 0.0250140052 -9.86806672e-09 -4.96100854e-08 1
LGIC_C 25 0.338687783 -0.0281903224 0.0250139982 -4.34088226e-08 8.63456802e-09 1
LGIC_C 27 -0.266266432 0.518891846 0.0250140175 3.27854968e-08 -4.90669676e-08 1
LGIC_C 28 0.670640407 0.0672904203 0.0250140129 -4.34088272e-08 -8.63453573e-09 1
LGIC_C 30 0.633459934 0.169333066 0.0250140136 -4.96100869e-08 6.3366408e-09 1
LGIC_C 31 -0.378980514 -0.421098968 0.0250140111 3.95603082e-08 3.05989652e-08 1
LGIC_C 32 0.0713560236 0.111511912 0.0250139899 -2.81018716e-08 -4.20573923e-08 1
LGIC_C 33 -0.0393211846 0.655805681 0.0250140121 8.63455111e-09 -4.34088279e-08 1
LGIC_C 35 -0.180248144 -0.491738199 0.0250140024 -2.90231482e-08 4.96101036e-08 1
LGIC_C 36 0.462785872 -0.606826001 0.0250140169 -2.45891087e-08 3.68002429e-08 1
LGIC_C 37 0.088852154 0.83432986 0.0250140202 -8.63455884e-09 -4.34088253e-08 1
LGIC_C 38 0.787726091 -0.331934167 0.0250140205 -3.05989503e-08 3.95603122e-08 1
LGIC_C 39 0.668881006 0.288716385 0.025014015 -3.68002282e-08 -2.45891172e-08 1
LGIC_C 40 -0.709501306 0.00596696302 0.0250140142 4.34088279e-08 -2.48392273e-08 1
LGIC_C 41 -0.529416263 0.611048306 0.0250140188 2.45891128e-08 -3.68002333e-08 1
LGIC_C 42 -0.275898128 -0.661791774 0.0250140144 2.45891453e-08 3.68002268e-08 1
LGIC_C 43 -0.618442107 -0.474335062 0.025014014 1.15916899e-08 4.97976879e-08 1
LGIC_C 44 0.347750557 0.525133079 0.0250140132 1.3130701e-08 4.82586573e-08 -1
LGIC_C 45 -0.0284200503 -0.228938384 0.0250139939 2.48392553e-08 4.34088306e-08 1
LGIC_C 46 -0.195383022 -0.17672537 0.0250139957 5.39043203e-09 6.47688584e-08 1
LGIC_C 47 0.538777428 -0.173817986 0.0250140164 -5.78784275e-08 1.15127558e-08 1
LGIC_C 48 -0.095883313 -0.410627579 0.0250140019 8.63456455e-09 4.34088336e-08 1
LGIC_C 51 -0.625219697 -0.0502330112 0.0250140108 4.34088238e-08 8.63459484e-09 1
LGIC_C 52 0.658030044 -0.170688667 0.025014016 -4.34088182e-08 2.48392526e-08 1
LGIC_C 53 0.30710434 -0.0964211702 0.025013999 -4.34088182e-08 2.48392526e-08 1
LGIC_C 54 -0.0768681556 -0.231933226 0.0250139929 -4.89847109e-08 5.78784581e-08 1
LGIC_C 55 0.450717764 0.485720162 0.0250140126 1.3130701e-08 4.82586573e-08 -1
LGIC_C 56 -0.136829341 -0.236632043 0.0250139943 -5.56021111e-08 -1.45571543e-08 -1
LGIC_C 57 -0.0946870021 0.390593659 0.0250140056 -3.14742797e-08 4.96100914e-08 -1
LGIC_C 58 0.477438829 -0.0749547074 0.0250140058 -4.34088182e-08 2.48392526e-08 1
LGIC_C 59 -0.370520033 -0.195545302 0.0250139995 1.45571809e-08 5.5602105e-08 1
LGIC_C 60 0.146703744 0.518570291 0.0250140136 -3.14742949e-08 -4.96100822e-08 1
LGIC_C 61 -0.379137103 0.336676167 0.0250140087 4.20574045e-08 -2.81018523e-08 1
LGIC_C 62 -0.0279138655 0.41434647 0.0250140047 -3.14742797e-08 4.96100914e-08 -1
LGIC_C 63 0.22399492 -0.0120321641 0.0250139945 -4.96100859e-08 9.86807898e-09 1
LGIC_C 64 -0.252001514 0.00638194116 0.0250139975 5.7878425e-08 4.89846948e-08 1
LGIC_C 65 0.00677655344 0.356168503 0.0250140009 -6.33660387e-09 4.96100877e-08 -1
LGIC_C 66 -0.256896183 -0.324893084 0.0250140015 2.45891453e-08 3.68002268e-08 1
LGIC_C 67 -0.417831956 0.404394949 0.0250140165 6.28881943e-09 -7.55636452e-08 1
LGIC_C 68 -0.671227985 -0.11226441 0.0250140094 -4.34088282e-08 2.70157287e-08 -1
LGIC_C 69 -0.708787979 -0.358298422 0.0250140181 3.68002489e-08 2.45891179e-08 1
LGIC_C 70 -0.0381582125 0.381713234 0.0250140002 8.63455111e-09 -4.34088279e-08 1
LGIC_C 72 0.163119597 0.399070492 0.025014002 -8.63455884e-09 -4.34088253e-08 1
LGIC_C 73 -0.0282728847 0.0156199223 0.0250139849 4.20574045e-08 -2.81018523e-08 1
LGIC_C 74 0.522997593 0.481979951 0.0250140148 -4.82586616e-08 -1.31306776e-08 1
LGIC_C 75 0.553636555 -0.60933796 0.0250140193 -2.45891087e-08 3.68002429e-08 1
LGIC_C 76 -0.703888328 0.0259452796 0.0250140174 4.96100851e-08 2.90231542e-08 1
LGIC_C 77 0.357429825 -0.225849071 0.0250140031 -3.05989503e-08 3.95603122e-08 1
LGIC_C 79 -0.581917937 -0.270442316 0.0250140035 1.15916899e-08 4.97976879e-08 1
LGIC_C 80 0.735513725 0.0177554707 0.0250140153 -4.34088272e-08 -8.63453573e-09 1
LGIC_C 81 0.0609174274 0.690067708 0.0250140171 -6.33660387e-09 4.96100877e-08 -1
LGIC_C 82 0.482201258 -0.303741583 0.02501401 -3.05989503e-08 3.95603122e-08 1
LGIC_C 83 -0.360347761 0.230671851 0.0250140037 -4.82586679e-08 1.31306769e-08 -1
LGIC_C 84 0.242740502 0.532409662 0.0250140125 -2.81018716e-08 -4.20573923e-08 1
LGIC_C 85 -0.0653921726 0.0829493319 0.0250139889 1.28239438e-08 -5.73353116e-08 1
LGIC_C 87 -0.30825044 -0.237131313 0.0250140009 1.45571809e-08 5.5602105e-08 1
LGIC_C 88 -0.572008996 -0.501884272 0.0250140149 1.15916899e-08 4.97976879e-08 1
LGIC_C 89 0.257695994 -0.489824315 0.0250140103 -1.31306721e-08 4.82586744e-08 1
LGIC_C 90 -0.370777506 -0.314285388 0.0250140061 1.45571809e-08 5.5602105e-08 1
LGIC_C 91 0.19128343 0.805849298 0.0250140199 -8.63455884e-09 -4.34088253e-08 1
LGIC_C 92 0.259997398 -0.743423675 0.0250140185 6.33663526e-09 4.9610097e-08 1
LGIC_C 93 -0.0584441478 0.596349426 0.0250140125 -6.33661298e-09 -4.96100859e-08 1
LGIC_C 94 0.162554359 -0.0379305932 0.0250139925 -4.96100802e-08 3.14742968e-08 1
LGIC_C 95 -0.334180488 -0.484248817 0.0250140089 -5.56021111e-08 -1.45571543e-08 -1
LGIC_C 96 0.320677677 -0.0515051235 0.0250139996 -4.96100859e-08 9.86807898e-09 1
LGIC_C 97 -0.408026607 0.0162147589 0.025014003 4.96100851e-08 2.90231542e-08 1
LGIC_C 98 -0.331004327 -0.582897011 0.0250140142 3.95603082e-08 3.05989652e-08 1
LGIC_C 99 0.19926686 -0.078040492 0.0250139956 -4.96100802e-08 3.14742968e-08 1
LGIC_C 100 -0.360704824 -0.428752961 0.0250140079 2.45891453e-08 3.68002268e-08 1
LGIC_C 101 -0.388710522 0.00550158181 0.0250140026 4.96100897e-08 -9.86805572e-09 1
LGIC_C 102 -0.446942491 0.469946243 0.0250140159 1.28239438e-08 -5.73353116e-08 1
LGIC_C 103 -0.43376396 -0.0176539709 0.0250140016 -4.34088282e-08 2.70157287e-08 -1
LGIC_C 104 0.630241143 -0.2109111 0.0250140166 -4.96100859e-08 9.86807898e-09 1
LGIC_C 105 -0.318572755 0.135948175 0.0250139983 3.68002297e-08 -2.45891157e-08 1
LGIC_C 106 -0.314679548 0.762948165 0.0250140191 8.63455111e-09 -4.34088279e-08 1
LGIC_C 107 -0.679277563 -0.264569775 0.025014015 4.34088238e-08 8.63459484e-09 1
LGIC_C 108 -0.0520017607 -0.511574118 0.0250140067 2.48392553e-08 4.34088306e-08 1
LGIC_C 110 -0.217220679 -0.73434761 0.025014017 8.63456455e-09 4.34088336e-08 1
LGIC_C 111 -0.531705073 -0.12705423 0.025014006 -4.96100919e-08 2.90231703e-08 -1
LGIC_C 112 0.707066776 -0.0324099269 0.0250140193 -4.96100802e-08 3.14742968e-08 1
LGIC_C 113 -0.0289537946 -0.71301689 0.0250140149 2.48392553e-08 4.34088306e-08 1
LGIC_C 114 -0.366845923 0.390375376 0.0250140104 1.28239438e-08 -5.73353116e-08 1
LGIC_C 115 0.468938175 -0.408228663 0.0250140137 -3.05989503e-08 3.95603122e-08 1
LGIC_C 116 0.117458351 -0.440839815 0.0250140076 1.00935263e-08 5.7878447e-08 1
LGIC_C 117 -0.17897766 -0.0634142681 0.0250139895 4.96100935e-08 -4.19869172e-08 1
LGIC_C 118 -0.304202267 -0.30502025 0.0250140046 3.95603082e-08 3.05989652e-08 1
LGIC_C 119 0.101738667 0.438356597 0.025014006 -9.86806672e-09 -4.96100854e-08 1
LGIC_C 120 0.0111018129 0.498915428 0.0250140079 -6.33660387e-09 4.96100877e-08 -1
LGIC_C 121 -0.472428744 -0.429029795 0.0250140101 1.15916899e-08 4.97976879e-08 1
LGIC_C 122 0.634684763 -0.377426256 0.0250140159 -3.68002179e-08 2.45891393e-08 1
LGIC_C 124 0.561418769 -0.486074117 0.0250140158 -3.68002179e-08 2.45891393e-08 1
LGIC_C 125 0.127705693 -0.175457712 0.0250139934 -1.31306721e-08 4.82586744e-08 1
LGIC_C 126 0.616138532 -0.401591539 0.025014018 -3.05989503e-08 3.95603122e-08 1
LGIC_C 127 0.209950928 -0.303575242 0.0250140006 -1.31306721e-08 4.82586744e-08 1
LGIC_C 128 0.237193885 -0.277395962 0.0250139993 -2.45891087e-08 3.68002429e-08 1
LGIC_C 129 0.438578621 -0.0932911802 0.0250140031 -4.34088226e-08 8.63456802e-09 1
LGIC_C 130 -0.590202605 0.176593675 0.0250140104 4.34088259e-08 -8.63455061e-09 1
LGIC_C 131 0.379782084 0.233260185 0.0250140046 -4.82586616e-08 -1.31306776e-08 1
LGIC_C 132 -0.192618892 0.0600291321 0.0250139915 5.7878425e-08 4.89846948e-08 1
LGIC_C 133 -0.591182349 -0.032638903 0.0250140092 4.34088238e-08 8.63459484e-09 1
LGIC_C 134 0.266318387 -0.625175885 0.0250140128 -2.45891087e-08 3.68002429e-08 1
LGIC_C 135 -0.230168994 -0.269441478 0.025014001 2.81018674e-08 4.20574117e-08 1
LGIC_C 136 0.365773618 -0.292705166 0.0250140039 -3.68002179e-08 2.45891393e-08 1
LGIC_C 137 0.381166391 -0.388415725 0.025014007 -1.31306721e-08 4.82586744e-08 1
LGIC_C 138 -0.70078704 -0.201746668 0.0250140096 4.96100935e-08 -4.19869172e-08 1
LGIC_C 139 0.130560373 -0.00321281033 0.0250139898 -4.96100802e-08 3.14742968e-08 1
LGIC_C 140 0.490665862 0.542757256 0.0250140153 -2.45891309e-08 -3.68002211e-08 1
LGIC_C 141 0.440971968 0.126427414 0.0250140035 -4.34088272e-08 -8.63453573e-09 1
LGIC_C 142 -0.458354666 -0.538218058 0.0250140179 3.95603082e-08 3.05989652e-08 1
LGIC_C 144 -0.45563881 -0.483118805 0.0250140156 -5.56021111e-08 -1.45571543e-08 -1
LGIC_C 145 0.222860413 0.0112044487 0.0250139942 -4.96100869e-08 6.3366408e-09 1
LGIC_C 146 0.0366413597 0.569337026 0.0250140113 -6.33660387e-09 4.96100877e-08 -1
LGIC_C 147 -0.362928145 -0.344668095 0.0250140046 1.15916899e-08 4.97976879e-08 1
LGIC_C 149 0.556734662 0.487608446 0.0250140157 -3.68002282e-08 -2.45891172e-08 1
LGIC_C 150 0.413653969 0.139524772 0.0250140029 -4.96100869e-08 6.3366408e-09 1
LGIC_C 151 -0.0658671043 -0.685009182 0.0250140135 8.63456455e-09 4.34088336e-08 1
LGIC_C 152 0.283912587 0.552620215 0.0250140137 1.3130701e-08 4.82586573e-08 -1
LGIC_C 153 0.158309023 -0.216576498 0.0250139977 -1.28239349e-08 5.73353226e-08 1
LGIC_C 154 0.149778787 0.477340226 0.0250140084 -9.86806672e-09 -4.96100854e-08 1
LGIC_C 155 -0.522757861 0.118409295 0.025014007 4.34088259e-08 -8.63455061e-09 1
LGIC_C 156 -0.212263215 0.0292577251 0.0250139927 4.34088259e-08 -8.63455061e-09 1
LGIC_C 157 -0.463921019 0.259227704 0.0250140058 6.28881943e-09 -7.55636452e-08 1
LGIC_C 158 0.328604117 0.178247325 0.0250140029 3.37890593e-08 4.80634111e-08 -1
LGIC_C 159 0.776896583 0.117317921 0.025014018 -4.34088272e-08 -8.63453573e-09 1
LGIC_C 160 -0.288457109 -0.100353339 0.0250139931 -4.34088282e-08 2.70157287e-08 -1
LGIC_C 161 -0.429980682 0.0931588544 0.0250140055 4.96100897e-08 -9.86805572e-09 1
LGIC_C 162 0.471595303 0.00387627732 0.0250140067 -4.96100911e-08 -9.86803575e-09 1
LGIC_C 163 0.410715068 -0.263921736 0.0250140079 -4.20573976e-08 2.81018683e-08 1
LGIC_C 164 0.286500572 -0.587036037 0.0250140153 -1.31306721e-08 4.82586744e-08 1
LGIC_C 165 -0.300897907 0.00912594547 0.0250139979 4.96100851e-08 2.90231542e-08 1
LGIC_C 166 -0.11258117 -0.705013375 0.0250140166 2.48392553e-08 4.34088306e-08 1
LGIC_C 167 -0.558062833 0.556826746 0.0250140175 3.68002297e-08 -2.45891157e-08 1
LGIC_C 168 -0.517846172 -0.222815857 0.0250140005 5.39043203e-09 6.47688584e-08 1
LGIC_C 169 0.648953636 -0.525659949 0.02501402 -3.68002179e-08 2.45891393e-08 1
LGIC_C 171 -0.216492159 0.343860284 0.0250140058 1.28239438e-08 -5.73353116e-08 1
LGIC_C 172 0.275983832 0.13848076 0.0250139987 -4.20574004e-08 -2.81018564e-08 1
LGIC_C 173 0.653239603 0.284804322 0.0250140143 -3.68002282e-08 -2.45891172e-08 1
LGIC_C 174 -0.0831787052 -0.513861515 0.0250140076 2.48392553e-08 4.34088306e-08 1
LGIC_C 175 0.421526869 -0.287172126 0.0250140113 -3.37890406e-08 4.80634332e-08 1
LGIC_C 177 0.315627065 0.343038683 0.0250140066 -2.81018716e-08 -4.20573923e-08 1
LGIC_C 178 0.127655886 -0.618260773 0.0250140131 6.33663526e-09 4.9610097e-08 1
LGIC_C 180 -0.175740567 0.291308565 0.0250140005 2.8101852e-08 -4.20574041e-08 1
LGIC_C 181 -0.669585068 -0.310547132 0.025014007 5.39043203e-09 6.47688584e-08 1
LGIC_C 183 0.648984847 0.313610899 0.0250140187 -4.82586616e-08 -1.31306776e-08 1
LGIC_C 184 0.702245693 -0.0444969028 0.0250140148 -4.34088182e-08 2.48392526e-08 1
LGIC_C 185 0.385493927 -0.148266506 0.0250140036 -4.34088182e-08 2.48392526e-08 1
LGIC_C 186 -0.602647487 -0.295490922 0.0250140056 5.39043203e-09 6.47688584e-08 1
LGIC_C 188 -0.726308473 0.0684715283 0.0250140154 4.34088259e-08 -8.63455061e-09 1
LGIC_C 189 -0.55812018 0.277461757 0.0250140145 4.20574045e-08 -2.81018523e-08 1
LGIC_C 190 0.360664786 -0.67797459 0.025014017 -2.45891087e-08 3.68002429e-08 1
LGIC_C 191 -0.411720442 -0.251445541 0.0250140017 5.39043203e-09 6.47688584e-08 1
LGIC_C 192 -0.312196725 0.104510547 0.0250139977 4.34088259e-08 -8.63455061e-09 1
LGIC_C 193 0.277206522 0.0830402261 0.0250139978 -4.96100911e-08 -9.86803575e-09 1
LGIC_C 194 -0.690951008 0.341007314 0.0250140171 3.68002297e-08 -2.45891157e-08 1
LGIC_C 195 0.3759579 0.41362443 0.0250140112 -2.81018716e-08 -4.20573923e-08 1
LGIC_C 196 0.712062846 0.402338672 0.0250140193 -3.68002282e-08 -2.45891172e-08 1
LGIC_C 197 -0.256929091 -0.530065913 0.0250140091 2.45891453e-08 3.68002268e-08 1
LGIC_C 198 0.543967663 -0.0513839101 0.0250140073 -4.34088226e-08 8.63456802e-09 1
LGIC_C 199 0.642378332 0.253122295 0.0250140135 -4.96100869e-08 6.3366408e-09 1
LGIC_C 200 0.72005429 -0.323979157 0.0250140177 -3.68002179e-08 2.45891393e-08 1
LGIC_C 201 0.231647808 0.135874032 0.0250139968 -4.20574004e-08 -2.81018564e-08 1
LGIC_C 202 -0.028841002 -0.289739169 0.0250139965 2.48392553e-08 4.34088306e-08 1
LGIC_C 203 -0.154449822 -0.0258627219 0.0250139902 -4.96100919e-08 2.90231703e-08 -1
LGIC_C 204 -0.384072064 0.529203095 0.0250140163 2.8101852e-08 -4.20574041e-08 1
LGIC_C 205 -0.0926568584 0.259399025 0.0250139971 9.86805557e-09 -4.96100883e-08 1
LGIC_C 206 0.650278061 -0.357642239 0.025014016 -3.68002179e-08 2.45891393e-08 1
LGIC_C 207 -0.12892785 -0.48102674 0.0250140047 -4.89847109e-08 5.78784581e-08 1
LGIC_C 208 -0.515232717 0.395989674 0.0250140133 -4.82586679e-08 1.31306769e-08 -1
LGIC_C 209 -0.0125782643 0.00411304326 0.0250139852 -1.38908237e-07 2.76305608e-08 -1
LGIC_C 210 0.0521176464 0.256821208 0.0250139965 -9.86806672e-09 -4.96100854e-08 1
LGIC_C 212 -0.35363391 -0.522775649 0.0250140105 -5.56021111e-08 -1.45571543e-08 -1
LGIC_C 213 0.318871121 -0.342638447 0.0250140066 -2.81018481e-08 4.20574137e-08 1
LGIC_C 214 0.446216294 -0.0826949058 0.0250140033 -4.34088226e-08 8.63456802e-09 1
LGIC_C 215 -0.448557895 -0.0129609821 0.0250140028 4.34088238e-08 8.63459484e-09 1
LGIC_C 216 0.203604467 -0.197362977 0.0250139973 -3.05989503e-08 3.95603122e-08 1
LGIC_C 217 0.495834622 -0.409325343 0.0250140197 -3.37890406e-08 4.80634332e-08 1
LGIC_C 218 -0.272925967 0.481322378 0.0250140101 1.31306824e-08 -4.82586643e-08 1
LGIC_C 219 -0.271451014 -0.457675454 0.025014008 3.95603082e-08 3.05989652e-08 1
LGIC_C 220 -0.72593631 -0.333753512 0.0250140182 3.68002489e-08 2.45891179e-08 1
LGIC_C 221 0.657623806 -0.371282331 0.0250140166 -3.68002179e-08 2.45891393e-08 1
LGIC_C 222 -0.500414959 -0.17769928 0.0250140029 -4.96100919e-08 2.90231703e-08 -1
LGIC_C 223 0.195441694 0.407659533 0.0250140064 -4.80634192e-08 -3.37890445e-08 1
LGIC_C 224 -0.367603625 0.0527101777 0.025014 4.96100851e-08 2.90231542e-08 1
LGIC_C 225 0.220057831 -0.666908019 0.0250140141 -8.63454093e-09 4.34088369e-08 1
LGIC_C 226 0.38565263 -0.168082818 0.0250140016 -3.68002179e-08 2.45891393e-08 1
LGIC_C 227 -0.173866764 0.521075542 0.0250140074 8.63455111e-09 -4.34088279e-08 1
LGIC_C 228 0.262110896 -0.329861266 0.0250140026 -1.31306721e-08 4.82586744e-08 1
LGIC_C 229 -0.487917249 -0.104002584 0.0250140053 4.34088238e-08 8.63459484e-09 1
LGIC_C 230 -0.677775261 -0.199558876 0.0250140073 -4.34088282e-08 2.70157287e-08 -1
LGIC_C 231 0.535613741 0.223795131 0.0250140121 -4.20574004e-08 -2.81018564e-08 1
LGIC_C 232 -0.273207711 0.789458235 0.0250140199 8.63455111e-09 -4.34088279e-08 1
LGIC_C 233 0.285599824 0.225436813 0.025014 -4.82586616e-08 -1.31306776e-08 1
LGIC_C 234 0.0135080633 -0.413616959 0.0250140013 -8.63454093e-09 4.34088369e-08 1
LGIC_C 235 0.33464259 0.453700808 0.0250140117 -2.81018716e-08 -4.20573923e-08 1
LGIC_C 236 0.31686584 -0.0209157768 0.0250139975 -4.34088182e-08 2.48392526e-08 1
LGIC_C 239 0.479855985 -0.262184122 0.0250140108 -4.20573976e-08 2.81018683e-08 1
LGIC_C 240 0.140780587 -0.195632252 0.0250139962 -1.28239349e-08 5.73353226e-08 1
LGIC_C 241 -0.12793495 0.178501633 0.0250139944 2.8101852e-08 -4.20574041e-08 1
LGIC_C 242 0.608377986 -0.341974455 0.0250140202 -3.37890406e-08 4.80634332e-08 1
LGIC_C 243 -0.680587883 0.23878151 0.0250140194 4.96100897e-08 -9.86805572e-09 1
LGIC_C 246 0.428665592 0.446155866 0.0250140102 -2.45891309e-08 -3.68002211e-08 1
LGIC_C 247 -0.497957005 0.67639905 0.0250140204 2.45891128e-08 -3.68002333e-08 1
LGIC_C 248 0.0816771579 -0.0690735684 0.0250139879 -3.68002179e-08 2.45891393e-08 1
LGIC_C 249 0.524723804 -0.0984099305 0.0250140124 -4.96100802e-08 3.14742968e-08 1
LGIC_C 250 0.257314246 0.508322339 0.0250140128 -4.80634192e-08 -3.37890445e-08 1
LGIC_C 251 0.00950525533 0.62351107 0.0250140141 -6.33660387e-09 4.96100877e-08 -1
LGIC_C 252 0.175472706 0.577609965 0.0250140174 -3.14742949e-08 -4.96100822e-08 1
LGIC_C 253 0.467474613 0.303370728 0.0250140098 -4.82586616e-08 -1.31306776e-08 1
LGIC_C 255 -0.737533891 -0.0451085871 0.0250140141 -4.34088282e-08 2.70157287e-08 -1
LGIC_C 256 -0.322842024 0.49663375 0.0250140095 2.45891128e-08 -3.68002333e-08 1
LGIC_C 257 0.286513864 0.350330761 0.0250140039 1.3130701e-08 4.82586573e-08 -1
LGIC_C 258 -0.294733295 0.569978733 0.0250140115 2.45891128e-08 -3.68002333e-08 1
LGIC_C 260 -0.0262524574 -0.604154104 0.0250140135 9.8680833e-09 4.96100963e-08 1
LGIC_C 261 0.0809831886 0.634307755 0.0250140115 -8.63455884e-09 -4.34088253e-08 1
LGIC_C 262 -0.370419225 0.365238872 0.0250140091 4.20574045e-08 -2.81018523e-08 1
LGIC_C 263 -0.705373382 -0.163520771 0.0250140095 -4.34088282e-08 2.70157287e-08 -1
LGIC_C 264 0.445344563 -0.378601599 0.0250140089 -3.68002179e-08 2.45891393e-08 1
LGIC_C 265 0.205370892 0.023558839 0.0250139937 -4.96100911e-08 -9.86803575e-09 1
LGIC_C 266 -0.201883229 -0.312297776 0.0250140008 3.95603082e-08 3.05989652e-08 1
LGIC_C 267 -0.308179015 -0.287266496 0.0250140037 1.45571809e-08 5.5602105e-08 1
LGIC_C 268 -0.0516492527 -0.503528358 0.0250140067 -2.90231482e-08 4.96101036e-08 1
LGIC_C 269 -0.105627781 0.615516341 0.0250140131 -6.33661298e-09 -4.96100859e-08 1
LGIC_C 271 -0.457671241 -0.451693967 0.0250140112 3.68002489e-08 2.45891179e-08 1
LGIC_C 272 -0.359196617 0.283509474 0.0250140043 -4.82586679e-08 1.31306769e-08 -1
LGIC_C 273 0.763265503 -0.15856428 0.0250140203 -4.34088182e-08 2.48392526e-08 1
LGIC_C 274 -0.365252527 0.388680052 0.0250140066 2.45891128e-08 -3.68002333e-08 1
LGIC_C 275 0.00342973984 -0.537874645 0.0250140099 6.33663526e-09 4.9610097e-08 1
LGIC_C 276 -0.102736603 -0.501376474 0.0250140051 -2.90231482e-08 4.96101036e-08 1
LGIC_C 278 0.322455927 0.280873634 0.025014002 -3.68002282e-08 -2.45891172e-08 1
LGIC_C 279 0.0843593728 -0.0240224003 0.0250139871 -4.34088226e-08 8.63456802e-09 1
LGIC_C 280 -0.266068291 -0.179703538 0.0250139971 1.45571809e-08 5.5602105e-08 1
LGIC_C 281 0.37774821 0.529420348 0.0250140193 -4.80634192e-08 -3.37890445e-08 1
LGIC_C 282 -0.232967513 -0.429535124 0.0250140056 3.95603082e-08 3.05989652e-08 1
LGIC_C 283 -0.270928266 -0.477207783 0.0250140067 7.55636799e-08 6.2887973e-09 1
LGIC_C 284 0.228813165 -0.784387777 0.0250140193 -8.63454093e-09 4.34088369e-08 1
LGIC_C 286 -0.546636404 0.0125184401 0.02501401 4.96100851e-08 2.90231542e-08 1
LGIC_C 287 -0.0935568739 -0.153159091 0.0250139912 2.45891453e-08 3.68002268e-08 1
LGIC_C 288 0.073465628 -0.380753257 0.0250140017 6.33663526e-09 4.9610097e-08 1
LGIC_C 289 0.020406614 -0.0262839326 0.0250139847 -2.45891087e-08 3.68002429e-08 1
LGIC_C 290 -0.367486339 -0.536342683 0.0250140161 2.81018674e-08 4.20574117e-08 1
LGIC_C 291 -0.505841319 0.427565913 0.0250140124 3.68002297e-08 -2.45891157e-08 1
LGIC_C 292 0.429659048 0.442368687 0.0250140139 -2.81018716e-08 -4.20573923e-08 1
LGIC_C 293 -0.700985466 -0.0764801912 0.0250140158 -4.96100919e-08 2.90231703e-08 -1
LGIC_C 295 -0.156731715 0.137850344 0.0250139947 6.28881943e-09 -7.55636452e-08 1
LGIC_C 296 0.486462173 0.24198532 0.0250140105 -4.20574004e-08 -2.81018564e-08 1
LGIC_C 297 0.0464045969 0.347396615 0.0250139987 -8.63455884e-09 -4.34088253e-08 1
LGIC_C 298 0.168668351 -0.494912439 0.0250140094 -9.86804037e-09 4.96101e-08 1
LGIC_C 299 -0.0688371183 -0.329588448 0.0250140003 9.8680833e-09 4.96100963e-08 1
LGIC_C 300 0.406136794 -0.0370683297 0.0250140018 -4.34088182e-08 2.48392526e-08 1
LGIC_C 301 0.0991783807 0.390977488 0.0250140011 -8.63455884e-09 -4.34088253e-08 1
LGIC_C 302 0.43776222 0.341178999 0.0250140112 -4.20574004e-08 -2.81018564e-08 1
LGIC_C 303 -0.0168416651 0.37153693 0.0250140019 9.86805557e-09 -4.96100883e-08 1
LGIC_C 304 -0.167348849 0.329537702 0.0250140014 1.31306824e-08 -4.82586643e-08 1
LGIC_C 305 -0.474272369 0.218196219 0.0250140061 3.68002297e-08 -2.45891157e-08 1
LGIC_C 306 0.178954087 0.112484881 0.0250139947 3.37890593e-08 4.80634111e-08 -1
LGIC_C 307 -0.402712925 0.281424898 0.0250140064 -4.82586679e-08 1.31306769e-08 -1
LGIC_C 308 0.613365379 -0.273298225 0.0250140125 -3.68002179e-08 2.45891393e-08 1
LGIC_C 309 0.136840712 0.127083179 0.0250139914 -3.68002282e-08 -2.45891172e-08 1
LGIC_C 310 0.1124105 0.796048107 0.0250140188 -8.63455884e-09 -4.34088253e-08 1
LGIC_C 311 0.546081714 0.616943125 0.0250140194 -2.45891309e-08 -3.68002211e-08 1
LGIC_C 312 0.308702404 0.218383447 0.0250140024 -4.20574004e-08 -2.81018564e-08 1
LGIC_C 313 0.653098154 0.341571294 0.0250140157 -3.68002282e-08 -2.45891172e-08 1
LGIC_C 314 -0.285291865 0.508035162 0.025014009 2.45891128e-08 -3.68002333e-08 1
LGIC_C 315 -0.0525014498 0.00536183905 0.0250139859 4.96100897e-08 -9.86805572e-09 1
LGIC_C 318 -0.238000096 -0.368536015 0.0250140019 -5.56021111e-08 -1.45571543e-08 -1
LGIC_C 319 -0.486783546 -0.0545005939 0.0250140029 -4.34088282e-08 2.70157287e-08 -1
LGIC_C 320 0.401083893 0.593777441 0.0250140195 -2.81018716e-08 -4.20573923e-08 1
LGIC_C 322 0.556202306 0.259075056 0.0250140135 -4.82586616e-08 -1.31306776e-08 1
LGIC_C 323 -0.346187203 -0.640245843 0.0250140199 2.81018674e-08 4.20574117e-08 1
LGIC_C 324 0.0244288008 0.706377734 0.0250140182 -6.33660387e-09 4.96100877e-08 -1
LGIC_C 325 0.496297877 0.618723621 0.0250140182 -2.45891309e-08 -3.68002211e-08 1
LGIC_C 326 0.201559817 0.712662114 0.0250140173 -6.33660387e-09 4.96100877e-08 -1
LGIC_C 327 -0.326919827 -0.0424190042 0.0250139983 -4.96100919e-08 2.90231703e-08 -1
LGIC_C 328 -0.438718819 0.0224214802 0.0250140029 4.34088279e-08 -2.48392273e-08 1
LGIC_C 329 0.594840487 -0.177938854 0.0250140145 -4.96100859e-08 9.86807898e-09 1
LGIC_C 330 0.365625853 -0.0269535008 0.0250140022 -4.96100802e-08 3.14742968e-08 1
LGIC_C 331 0.23128567 -0.0982350692 0.0250139942 -3.05989503e-08 3.95603122e-08 1
LGIC_C 332 -0.0150455891 -0.422294032 0.0250140043 9.8680833e-09 4.96100963e-08 1
LGIC_C 333 0.52524581 0.131892551 0.0250140072 -4.34088272e-08 -8.63453573e-09 1
LGIC_C 334 0.234333017 0.770586063 0.0250140187 -8.63455884e-09 -4.34088253e-08 1
LGIC_C 335 0.213296374 0.526030046 0.025014008 -6.33660387e-09 4.96100877e-08 -1
LGIC_C 336 -0.721922001 0.013662316 0.0250140149 4.34088279e-08 -2.48392273e-08 1
LGIC_C 337 -0.0357065783 -0.0034339586 0.0250139847 -4.34088282e-08 2.70157287e-08 -1
LGIC_C 338 -0.234928351 0.337073264 0.0250140015 2.45891128e-08 -3.68002333e-08 1
LGIC_C 339 0.124605351 -0.184826853 0.0250139938 -1.31306721e-08 4.82586744e-08 1
LGIC_C 340 -0.321260442 0.586402032 0.025014017 2.8101852e-08 -4.20574041e-08 1
LGIC_C 341 0.0103081465 -0.708303027 0.0250140141 -8.63454093e-09 4.34088369e-08 1
LGIC_C 342 -0.818883035 -0.0665951711 0.025014017 -4.34088282e-08 2.70157287e-08 -1
LGIC_C 343 0.249507938 0.488234251 0.0250140101 1.3130701e-08 4.82586573e-08 -1
LGIC_C 344 -0.126808955 0.0203172769 0.0250139896 5.7878425e-08 4.89846948e-08 1
LGIC_C 346 0.333289989 0.316009422 0.0250140033 -3.68002282e-08 -2.45891172e-08 1
LGIC_C 347 0.464886079 -0.15433303 0.0250140078 -4.96100859e-08 9.86807898e-09 1
LGIC_C 349 -0.214985037 -0.520655438 0.0250140028 -2.90231482e-08 4.96101036e-08 1
LGIC_C 350 -0.291863462 0.359266038 0.0250140037 2.45891128e-08 -3.68002333e-08 1
LGIC_C 352 -0.177105097 -0.253512123 0.025013998 3.95603082e-08 3.05989652e-08 1
LGIC_C 353 -0.340081324 0.151491177 0.0250140018 4.20574045e-08 -2.81018523e-08 1
LGIC_C 354 0.178233255 0.196626249 0.0250139965 -2.81018716e-08 -4.20573923e-08 1
LGIC_C 355 0.0711047547 -0.49557017 0.0250140112 1.00935263e-08 5.7878447e-08 1
LGIC_C 356 0.121790573 0.690373866 0.0250140143 -8.63455884e-09 -4.34088253e-08 1
LGIC_C 357 0.746672495 0.146095484 0.0250140193 -4.96100869e-08 6.3366408e-09 1
LGIC_C 358 0.0936776844 -0.0864342524 0.0250139907 -4.90669481e-08 3.27855328e-08 1
LGIC_C 359 -0.23907637 0.229438713 0.0250140021 6.28881943e-09 -7.55636452e-08 1
LGIC_C 360 -0.488748903 0.435266934 0.025014012 3.68002297e-08 -2.45891157e-08 1
LGIC_C 361 0.60337149 -0.138210048 0.0250140145 -4.96100859e-08 9.86807898e-09 1
LGIC_C 362 -0.443160833 -0.107355186 0.0250140021 -4.96100919e-08 2.90231703e-08 -1
LGIC_C 363 -0.298241756 0.445015992 0.0250140087 1.31306824e-08 -4.82586643e-08 1
LGIC_C 365 0.615378411 -0.365292669 0.0250140194 -4.20573976e-08 2.81018683e-08 1
LGIC_C 366 -0.328003093 -0.773262293 0.0250140199 3.95603082e-08 3.05989652e-08 1
LGIC_C 367 0.343434397 -0.101328222 0.0250140007 -4.34088182e-08 2.48392526e-08 1
LGIC_C 368 -0.127409922 -0.313772063 0.025014 2.48392553e-08 4.34088306e-08 1
LGIC_C 369 -0.13395595 -0.653498123 0.0250140118 -2.90231482e-08 4.96101036e-08 1
LGIC_C 370 -0.34364397 -0.588752053 0.0250140134 2.45891453e-08 3.68002268e-08 1
LGIC_C 371 0.223670336 0.0590633638 0.0250139935 -4.34088272e-08 -8.63453573e-09 1
LGIC_C 372 -0.0399507318 0.425742136 0.0250140021 8.63455111e-09 -4.34088279e-08 1
LGIC_C 373 -0.652538352 0.433296697 0.0250140179 3.68002297e-08 -2.45891157e-08 1
LGIC_C 374 0.0181355417 -0.198922395 0.025013993 6.33663526e-09 4.9610097e-08 1
LGIC_C 375 0.12871807 -0.652255772 0.0250140197 1.00935263e-08 5.7878447e-08 1
LGIC_C 376 0.406811375 0.385254492 0.0250140112 -4.20574004e-08 -2.81018564e-08 1
LGIC_C 377 0.309887046 0.141364262 0.0250139981 -3.68002282e-08 -2.45891172e-08 1
LGIC_C 378 -0.592003754 0.0802756446 0.0250140103 4.96100851e-08 2.90231542e-08 1
LGIC_C 379 -0.0286632732 -0.430539124 0.0250140049 9.8680833e-09 4.96100963e-08 1
LGIC_C 380 0.139848705 0.599003218 0.0250140144 -9.86806672e-09 -4.96100854e-08 1
LGIC_C 381 0.0225768839 0.646935745 0.0250140152 -6.33660387e-09 4.96100877e-08 -1
LGIC_C 382 0.583345514 -0.26255697 0.0250140156 -3.37890406e-08 4.80634332e-08 1
LGIC_C 384 -0.442613003 -0.411010014 0.0250140171 6.28883752e-09 7.55636663e-08 1
LGIC_C 386 0.46360042 -0.476560971 0.0250140122 -2.45891087e-08 3.68002429e-08 1
LGIC_C 387 0.555820348 -0.260574439 0.0250140145 -3.37890406e-08 4.80634332e-08 1
LGIC_C 388 -0.00479314596 0.423101502 0.0250140043 9.86805557e-09 -4.96100883e-08 1
LGIC_C 390 0.564220685 -0.02521889 0.0250140083 -4.34088182e-08 2.48392526e-08 1
LGIC_C 392 -0.209370707 -0.584379555 0.0250140061 -2.90231482e-08 4.96101036e-08 1
LGIC_C 393 -0.0332194183 -0.291533858 0.0250139962 8.63456455e-09 4.34088336e-08 1
LGIC_C 395 0.359469653 0.428968515 0.0250140087 1.3130701e-08 4.82586573e-08 -1
LGIC_C 396 0.275199071 0.395963381 0.025014006 1.3130701e-08 4.82586573e-08 -1
LGIC_C 397 -0.685974525 0.278394691 0.0250140154 4.34088259e-08 -8.63455061e-09 1
LGIC_C 398 -0.554254094 0.253483507 0.0250140142 3.37890593e-08 -4.80634052e-08 1
LGIC_C 399 0.62759986 -0.182952411 0.0250140201 -4.96100802e-08 3.14742968e-08 1
NT 7181 -2.48572216 -2.42851912 -1.31337206 0 0 0
NT 7817 -0.385677399 2.86198169 0.656035435 0 0 0
LGIC_O 4402 -0.0345878633 0.265675272 0.025013999 1.15127271e-08 -5.78784352e-08 1
LGIC_O 4401 -0.1840676 0.0972239463 0.0250139942 3.37890593e-08 -4.80634052e-08 1
LGIC_O 4400 -0.175025146 0.0137516014 0.0250139927 5.7878425e-08 4.89846948e-08 1
LGIC_O 8441 0.636913646 -0.12672076 0.0250140188 -4.96100802e-08 3.14742968e-08 1
LGIC_O 8440 0.314831804 -0.521242477 0.0250140191 -3.27854948e-08 4.90669785e-08 1
LGIC_O 8439 0.567487089 -0.204519113 0.0250140184 -5.78784275e-08 1.15127558e-08 1
LGIC_O 8438 -0.495463838 -0.478991786 0.0250140171 1.45571809e-08 5.5602105e-08 1
LGIC_O 8437 -0.0865332912 0.0753896135 0.0250139898 3.37890593e-08 -4.80634052e-08 1
LGIC_O 8436 0.281965125 0.349247805 0.0250140096 -3.27855134e-08 -4.90669575e-08 1
LGIC_O 8435 -0.281577291 0.489075666 0.0250140165 3.27854968e-08 -4.90669676e-08 1
LGIC_O 8434 -0.605092982 -0.110313414 0.0250140129 5.7878436e-08 -4.89847332e-08 1
LGIC_O 8433 0.701586212 -0.0117142491 0.0250140184 -4.96100802e-08 3.14742968e-08 1
LGIC_O 8432 0.426050556 0.664856809 0.0250140182 -2.45891309e-08 -3.68002211e-08 1
LGIC_O 8431 -0.53569519 -0.176489801 0.025014008 4.34088238e-08 8.63459484e-09 1
LGIC_O 8430 -0.206044735 -0.180448528 0.0250139982 6.28883752e-09 7.55636663e-08 1
LGIC_O 8429 0.342033035 -0.34268384 0.0250140113 -3.27854948e-08 4.90669785e-08 1
LGIC_O 8428 0.576112066 -0.314703408 0.0250140178 -3.37890406e-08 4.80634332e-08 1
LGIC_O 8427 0.236726308 -0.318077646 0.0250140066 -3.27854948e-08 4.90669785e-08 1
LGIC_O 8426 -0.0976488914 -0.110862836 0.0250139913 7.55636799e-08 6.2887973e-09 1
LGIC_O 8425 0.534646383 -0.195059479 0.0250140164 -5.78784275e-08 1.15127558e-08 1
LGIC_O 8424 0.219544679 -0.315091025 0.0250140059 -3.27854948e-08 4.90669785e-08 1
LGIC_O 8423 -0.608846757 -0.593779315 0.0250140203 3.68002489e-08 2.45891179e-08 1
LGIC_O 8422 0.564815598 -0.372450199 0.0250140202 -3.37890406e-08 4.80634332e-08 1
LGIC_O 8421 0.550750457 0.0902902064 0.0250140162 -5.78784335e-08 -1.15127284e-08 1
LGIC_O 8420 0.175418091 0.0610257495 0.0250139941 -5.78784335e-08 -1.15127284e-08 1
LGIC_O 8419 0.142777714 0.100831833 0.0250139936 -4.90669739e-08 -3.27854893e-08 1
LGIC_O 4418 0.0575220985 -0.190210297 0.0250139949 -1.15127059e-08 5.78784511e-08 1
LGIC_O 4417 -0.118754336 -0.170834128 0.0250139938 2.81018674e-08 4.20574117e-08 1
LGIC_O 4416 0.593239316 0.0786534269 0.0250140185 -5.78784335e-08 -1.15127284e-08 1
LGIC_O 4415 0.0853954366 -0.420999761 0.0250140086 -1.15127059e-08 5.78784511e-08 1
LGIC_O 4414 -0.374457097 -0.228026162 0.0250140026 3.68002489e-08 2.45891179e-08 1
LGIC_O 4413 0.577482781 -0.285169834 0.0250140164 -3.37890406e-08 4.80634332e-08 1
LGIC_O 4412 -0.484325859 0.306166979 0.0250140144 3.37890593e-08 -4.80634052e-08 1
LGIC_O 4411 0.44777829 -0.0963194904 0.0250140103 -5.78784275e-08 1.15127558e-08 1
LGIC_O 4410 0.28281874 -0.503567977 0.0250140172 -3.27854948e-08 4.90669785e-08 1
LGIC_O 4409 -0.116204576 -0.152585731 0.025013993 7.55636799e-08 6.2887973e-09 1
LGIC_O 4408 -0.333519821 0.289166147 0.0250140084 3.37890593e-08 -4.80634052e-08 1
LGIC_O 4407 -0.148720782 -0.636306108 0.0250140163 9.8680833e-09 4.96100963e-08 1
LGIC_O 4406 0.336173082 -0.328141715 0.0250140105 -4.90669481e-08 3.27855328e-08 1
LGIC_O 4405 -0.249510429 -0.168914007 0.0250139976 6.28883752e-09 7.55636663e-08 1
LGIC_O 4404 0.0811982327 0.141649416 0.0250139929 -3.27855134e-08 -4.90669575e-08 1
LGIC_O 4403 0.0533120499 -0.19689515 0.0250139952 -1.15127059e-08 5.78784511e-08 1
