LGIC_C 0 0.45020248 0.210353728 0.0250140081 -4.20574004e-08 -2.81018564e-08 1
LGIC_C 1 -0.242509328 0.065306994 0.0250139944 4.34088259e-08 -8.63455061e-09 1
LGIC_C 2 -0.555516716 0.110956863 0.0250140119 4.96100897e-08 -9.86805572e-09 1
LGIC_C 3 0.268281849 -0.697401462 0.0250140205 -9.86804037e-09 4.96101e-08 1
LGIC_C 4 -0.466775992 -0.224113757 0.0250140031 6.28883752e-09 7.55636663e-08 1
LGIC_C 5 0.098462518 -0.584364097 0.0250140161 1.00935263e-08 5.7878447e-08 1
LGIC_C 6 -0.302453737 0.481686556 0.0250140148 1.28239438e-08 -5.73353116e-08 1
LGIC_C 7 -0.714656548 0.447086418 0.0109853206 -0.827617296 0.552995934 0.0961514895
LGIC_C 8 -0.136528928 0.289049002 0.0250139973 2.45891128e-08 -3.68002333e-08 1
LGIC_C 9 -0.412055171 -0.283603326 0.0250140072 6.28883752e-09 7.55636663e-08 1
LGIC_C 10 -0.349426633 -0.611065658 0.0250140158 3.95603082e-08 3.05989652e-08 1
LGIC_C 11 0.139848177 0.547471421 0.0250140095 -6.33660387e-09 4.96100877e-08 -1
LGIC_C 12 0.396963931 0.227138645 0.0250140102 -4.90669739e-08 -3.27854893e-08 1
LGIC_C 13 0.723200726 -0.110620829 0.0250140202 -4.96100859e-08 9.86807898e-09 1
LGIC_C 14 0.695552798 0.229194899 0.0250140163 -4.96100869e-08 6.3366408e-09 1
LGIC_C 15 -0.477797663 -0.355109846 0.0250140088 5.39043203e-09 6.47688584e-08 1
LGIC_C 16 0.645889741 -0.0958660915 0.0250140162 -4.96100859e-08 9.86807898e-09 1
LGIC_C 17 -0.572926322 0.382889645 0.0250140159 -4.82586679e-08 1.31306769e-08 -1
LGIC_C 18 0.321376322 -0.489792937 0.0250140129 -2.81018481e-08 4.20574137e-08 1
LGIC_C 21 -0.0379326897 -0.233628732 0.0250139937 -2.90231482e-08 4.96101036e-08 1
LGIC_C 22 0.224045778 0.624130814 0.0250140164 -9.86806672e-09 -4.96100854e-08 1
LGIC_C 23 -0.514340864 0.44382962 0.0250140131 3.68002297e-08 -2.45891157e-08 1
LGIC_C 24 0.141681671 0.431245008 0.0250140061 -9.86806672e-09 -4.96100854e-08 1
LGIC_C 25 0.356888213 -0.0544340219 0.0250139992 -4.34088226e-08 8.63456802e-09 1
LGIC_C 27 -0.279250268 0.543130522 0.0250140191 3.27854968e-08 -4.90669676e-08 1
LGIC_C 28 0.686100664 0.145935775 0.0250140143 -4.34088272e-08 -8.63453573e-09 1
LGIC_C 30 0.69550339 0.134432302 0.0250140169 -4.96100869e-08 6.3366408e-09 1
LGIC_C 31 -0.412097821 -0.422353706 0.0250140125 3.95603082e-08 3.05989652e-08 1
LGIC_C 32 0.0612195651 0.112753519 0.0250139895 1.3130701e-08 4.82586573e-08 -1
LGIC_C 33 -0.0135703885 0.630984815 0.0250140108 8.63455111e-09 -4.34088279e-08 1
LGIC_C 35 -0.148669569 -0.472583687 0.0250140024 -2.90231482e-08 4.96101036e-08 1
LGIC_C 36 0.470478305 -0.590359783 0.0250140165 -2.45891087e-08 3.68002429e-08 1
LGIC_C 37 0.0998203404 0.762442098 0.0250140172 -8.63455884e-09 -4.34088253e-08 1
LGIC_C 38 0.769837797 -0.336532579 0.0250140201 -3.05989503e-08 3.95603122e-08 1
LGIC_C 39 0.703567638 0.245892675 0.0250140159 -4.34088272e-08 -8.63453573e-09 1
LGIC_C 40 -0.672174882 0.0159252734 0.0250140128 4.34088279e-08 -2.48392273e-08 1
LGIC_C 41 -0.550920675 0.624809653 0.0250140198 2.45891128e-08 -3.68002333e-08 1
LGIC_C 42 -0.267847687 -0.699787875 0.0250140159 8.63456455e-09 4.34088336e-08 1
LGIC_C 43 -0.575000864 -0.462996332 0.025014013 1.15916899e-08 4.97976879e-08 1
LGIC_C 44 0.292853735 0.515800358 0.025014012 1.3130701e-08 4.82586573e-08 -1
LGIC_C 45 0.00697965328 -0.171613038 0.0250139917 6.33663526e-09 4.9610097e-08 1
LGIC_C 46 -0.241610999 -0.207405601 0.025013998 5.39043203e-09 6.47688584e-08 1
LGIC_C 47 0.549244337 -0.18498474 0.0250140171 -5.78784275e-08 1.15127558e-08 1
LGIC_C 48 -0.0994977998 -0.418670384 0.0250140023 8.63456455e-09 4.34088336e-08 1
LGIC_C 51 -0.575068492 -0.0146984006 0.0250140078 -4.34088282e-08 2.70157287e-08 -1
LGIC_C 52 0.658189914 -0.187577287 0.0250140165 -4.34088182e-08 2.48392526e-08 1
LGIC_C 53 0.405312949 -0.106816197 0.0250140035 -4.34088182e-08 2.48392526e-08 1
LGIC_C 54 -0.0199370261 -0.213325016 0.0250139946 -4.89847109e-08 5.78784581e-08 1
LGIC_C 55 0.422327048 0.519582564 0.0250140139 1.3130701e-08 4.82586573e-08 -1
LGIC_C 56 -0.171348548 -0.243316255 0.0250139963 -5.56021111e-08 -1.45571543e-08 -1
LGIC_C 57 -0.0874453668 0.423823332 0.0250140071 -3.14742797e-08 4.96100914e-08 -1
LGIC_C 58 0.482759533 -0.117368139 0.0250140071 -4.34088182e-08 2.48392526e-08 1
LGIC_C 59 -0.36639333 -0.181917774 0.0250139987 1.45571809e-08 5.5602105e-08 1
LGIC_C 60 0.124710849 0.530545179 0.0250140135 -3.14742949e-08 -4.96100822e-08 1
LGIC_C 61 -0.427142675 0.328068117 0.0250140105 4.20574045e-08 -2.81018523e-08 1
LGIC_C 62 -0.0372468329 0.380321828 0.0250140033 -3.14742797e-08 4.96100914e-08 -1
LGIC_C 63 0.268184951 -0.0189934887 0.0250139967 -4.96100859e-08 9.86807898e-09 1
LGIC_C 64 -0.241345703 0.0339340725 0.0250139956 5.7878425e-08 4.89846948e-08 1
LGIC_C 65 0.0107028416 0.370932506 0.0250140016 -6.33660387e-09 4.96100877e-08 -1
LGIC_C 66 -0.215337496 -0.366805819 0.025014002 2.45891453e-08 3.68002268e-08 1
LGIC_C 67 -0.450080498 0.423138786 0.0250140181 6.28881943e-09 -7.55636452e-08 1
LGIC_C 68 -0.688738524 -0.135522489 0.0250140095 -4.34088282e-08 2.70157287e-08 -1
LGIC_C 69 -0.640367106 -0.28357538 0.0250140138 3.68002489e-08 2.45891179e-08 1
LGIC_C 70 -0.0479697346 0.379611522 0.0250140002 8.63455111e-09 -4.34088279e-08 1
LGIC_C 72 0.10239361 0.405502134 0.0250140017 -8.63455884e-09 -4.34088253e-08 1
LGIC_C 73 -0.0524547658 0.0235994686 0.0250139861 4.20574045e-08 -2.81018523e-08 1
LGIC_C 74 0.550502071 0.472299501 0.025014016 -4.82586616e-08 -1.31306776e-08 1
LGIC_C 75 0.498513994 -0.572429288 0.0250140166 -2.45891087e-08 3.68002429e-08 1
LGIC_C 76 -0.718217622 0.0474930641 0.0250140175 4.96100851e-08 2.90231542e-08 1
LGIC_C 77 0.355188968 -0.254061925 0.0250140041 -3.05989503e-08 3.95603122e-08 1
LGIC_C 79 -0.614796862 -0.279326139 0.0250140043 1.15916899e-08 4.97976879e-08 1
LGIC_C 80 0.735224334 0.0228777078 0.0250140154 -4.34088272e-08 -8.63453573e-09 1
LGIC_C 81 0.0808001059 0.632658881 0.0250140141 -6.33660387e-09 4.96100877e-08 -1
LGIC_C 82 0.458465726 -0.300965899 0.0250140092 -3.05989503e-08 3.95603122e-08 1
LGIC_C 83 -0.364957497 0.226876371 0.0250140039 -4.82586679e-08 1.31306769e-08 -1
LGIC_C 84 0.219848366 0.522277829 0.0250140114 1.3130701e-08 4.82586573e-08 -1
LGIC_C 85 -0.0308752756 0.0488654299 0.0250139865 1.28239438e-08 -5.73353116e-08 1
LGIC_C 87 -0.315039267 -0.216870485 0.0250139999 1.45571809e-08 5.5602105e-08 1
LGIC_C 88 -0.51704324 -0.446209655 0.0250140115 1.15916899e-08 4.97976879e-08 1
LGIC_C 89 0.216413963 -0.516919839 0.025014011 -1.31306721e-08 4.82586744e-08 1
LGIC_C 90 -0.371584722 -0.333954986 0.0250140072 1.45571809e-08 5.5602105e-08 1
LGIC_C 91 0.17131913 0.829163647 -0.0287801116 0.194186548 0.976240951 0.0961519121
LGIC_C 92 0.199724379 -0.754652075 0.0250140194 6.33663526e-09 4.9610097e-08 1
LGIC_C 93 -0.0153842182 0.548254938 0.0250140104 -6.33661298e-09 -4.96100859e-08 1
LGIC_C 94 0.186383576 -0.0181995683 0.025013993 -4.96100802e-08 3.14742968e-08 1
LGIC_C 95 -0.314228366 -0.447888869 0.0250140073 -5.56021111e-08 -1.45571543e-08 -1
LGIC_C 96 0.277613413 -0.0712366835 0.0250139977 -4.96100859e-08 9.86807898e-09 1
LGIC_C 97 -0.401472266 0.0519296582 0.0250140017 4.96100851e-08 2.90231542e-08 1
LGIC_C 98 -0.305568014 -0.60290965 0.0250140138 3.95603082e-08 3.05989652e-08 1
LGIC_C 99 0.217287949 -0.0380824312 0.0250139952 -4.96100802e-08 3.14742968e-08 1
LGIC_C 100 -0.407006668 -0.450542086 0.0250140098 2.45891453e-08 3.68002268e-08 1
LGIC_C 101 -0.349692648 0.0380627997 0.025014001 4.96100897e-08 -9.86805572e-09 1
LGIC_C 102 -0.39607482 0.433733595 0.0250140132 1.28239438e-08 -5.73353116e-08 1
LGIC_C 103 -0.455847288 -0.014214799 0.0250140027 -4.34088282e-08 2.70157287e-08 -1
LGIC_C 104 0.563447253 -0.193246514 0.0250140131 -4.96100859e-08 9.86807898e-09 1
LGIC_C 105 -0.282355313 0.108936502 0.0250139982 4.34088279e-08 -2.48392273e-08 1
LGIC_C 106 -0.244549618 0.763297678 0.0250140185 8.63455111e-09 -4.34088279e-08 1
LGIC_C 107 -0.669100958 -0.23831854 0.0250140144 4.34088238e-08 8.63459484e-09 1
LGIC_C 108 -0.0426058538 -0.498468778 0.0250140059 2.48392553e-08 4.34088306e-08 1
LGIC_C 110 -0.281272455 -0.763573617 0.0250140188 8.63456455e-09 4.34088336e-08 1
LGIC_C 111 -0.495754856 -0.103828836 0.0250140049 -4.96100919e-08 2.90231703e-08 -1
LGIC_C 112 0.663096027 -0.065818844 0.0250140182 -4.96100802e-08 3.14742968e-08 1
LGIC_C 113 -0.0632394906 -0.689717004 0.0250140148 2.48392553e-08 4.34088306e-08 1
LGIC_C 114 -0.362087576 0.392076116 0.0250140104 1.28239438e-08 -5.73353116e-08 1
LGIC_C 115 0.45550725 -0.389067138 0.0250140126 -3.05989503e-08 3.95603122e-08 1
LGIC_C 116 0.117150743 -0.481250636 0.0250140099 1.00935263e-08 5.7878447e-08 1
LGIC_C 117 -0.196819668 -0.0599452395 0.0250139905 4.96100935e-08 -4.19869172e-08 1
LGIC_C 118 -0.339168604 -0.340617061 0.0250140071 -5.56021111e-08 -1.45571543e-08 -1
LGIC_C 119 0.113851129 0.473808661 0.0250140079 -9.86806672e-09 -4.96100854e-08 1
LGIC_C 120 0.0298249171 0.505127797 0.0250140081 -6.33660387e-09 4.96100877e-08 -1
LGIC_C 121 -0.504165385 -0.449057866 0.0250140114 1.15916899e-08 4.97976879e-08 1
LGIC_C 122 0.636084836 -0.408442117 0.0250140167 -3.68002179e-08 2.45891393e-08 1
LGIC_C 124 0.588343134 -0.501431157 0.0250140172 -3.68002179e-08 2.45891393e-08 1
LGIC_C 125 0.107410947 -0.17331842 0.025013993 -1.31306721e-08 4.82586744e-08 1
LGIC_C 126 0.610209684 -0.377746644 0.0250140168 -3.05989503e-08 3.95603122e-08 1
LGIC_C 127 0.194025848 -0.246182418 0.0250139977 -1.31306721e-08 4.82586744e-08 1
LGIC_C 128 0.226020584 -0.268388006 0.0250139987 -2.45891087e-08 3.68002429e-08 1
LGIC_C 129 0.463748834 -0.0634357256 0.0250140039 -4.34088226e-08 8.63456802e-09 1
LGIC_C 130 -0.516901256 0.210574418 0.0250140075 4.34088259e-08 -8.63455061e-09 1
LGIC_C 131 0.403142651 0.161294406 0.0250140084 -5.78784335e-08 -1.15127284e-08 1
LGIC_C 132 -0.152548108 0.047736101 0.0250139897 5.7878425e-08 4.89846948e-08 1
LGIC_C 133 -0.583085355 -0.0665919313 0.0250140091 4.34088238e-08 8.63459484e-09 1
LGIC_C 134 0.215801545 -0.623070112 0.0250140121 -8.63454093e-09 4.34088369e-08 1
LGIC_C 135 -0.241426266 -0.241511376 0.025014003 6.28883752e-09 7.55636663e-08 1
LGIC_C 136 0.424663115 -0.355693086 0.0250140076 -3.68002179e-08 2.45891393e-08 1
LGIC_C 137 0.368517662 -0.406712432 0.0250140077 -1.31306721e-08 4.82586744e-08 1
LGIC_C 138 -0.685152296 -0.230574302 0.0250140076 4.96100935e-08 -4.19869172e-08 1
LGIC_C 139 0.162406476 -0.0124943896 0.0250139917 -4.96100802e-08 3.14742968e-08 1
LGIC_C 140 0.537326592 0.566345107 0.0250140173 -2.45891309e-08 -3.68002211e-08 1
LGIC_C 141 0.44507655 0.106630825 0.0250140035 -4.34088272e-08 -8.63453573e-09 1
LGIC_C 142 -0.426286268 -0.582355189 0.0250140179 3.95603082e-08 3.05989652e-08 1
LGIC_C 144 -0.471224821 -0.478125801 0.0250140164 -5.56021111e-08 -1.45571543e-08 -1
LGIC_C 145 0.226884305 -0.000672205311 0.0250139931 -4.34088182e-08 2.48392526e-08 1
LGIC_C 146 0.0762645293 0.550703132 0.0250140113 -9.86806672e-09 -4.96100854e-08 1
LGIC_C 147 -0.361204844 -0.346522143 0.0250140047 1.15916899e-08 4.97976879e-08 1
LGIC_C 149 0.501624979 0.471943164 0.0250140133 -3.68002282e-08 -2.45891172e-08 1
LGIC_C 150 0.38334504 0.152621949 0.0250140013 -4.96100869e-08 6.3366408e-09 1
LGIC_C 151 -0.117461143 -0.713698545 0.0250140152 8.63456455e-09 4.34088336e-08 1
LGIC_C 152 0.289531992 0.516951649 0.025014012 1.3130701e-08 4.82586573e-08 -1
LGIC_C 153 0.144279491 -0.197582739 0.0250139964 -1.28239349e-08 5.73353226e-08 1
LGIC_C 154 0.126382957 0.430313579 0.0250140059 -9.86806672e-09 -4.96100854e-08 1
LGIC_C 155 -0.500810358 0.118946579 0.025014006 4.34088259e-08 -8.63455061e-09 1
LGIC_C 156 -0.251497571 0.0326186687 0.0250139945 4.34088259e-08 -8.63455061e-09 1
LGIC_C 157 -0.438902811 0.239488195 0.0250140041 6.28881943e-09 -7.55636452e-08 1
LGIC_C 158 0.359110546 0.151431176 0.0250140026 -4.20574004e-08 -2.81018564e-08 1
LGIC_C 159 0.787250966 0.10843383 0.0250140183 -4.34088272e-08 -8.63453573e-09 1
LGIC_C 160 -0.322345247 -0.108454326 0.0250139943 -4.34088282e-08 2.70157287e-08 -1
LGIC_C 161 -0.370058529 0.00477280487 0.0250140017 4.96100897e-08 -9.86805572e-09 1
LGIC_C 162 0.450809749 0.077867086 0.0250140064 -4.96100911e-08 -9.86803575e-09 1
LGIC_C 163 0.308996933 -0.218869853 0.0250140024 -4.20573976e-08 2.81018683e-08 1
LGIC_C 164 0.283580385 -0.592718473 0.0250140156 -1.31306721e-08 4.82586744e-08 1
LGIC_C 165 -0.355108446 0.00570046712 0.0250140007 4.96100851e-08 2.90231542e-08 1
LGIC_C 166 -0.126178419 -0.684774584 0.0250140161 2.48392553e-08 4.34088306e-08 1
LGIC_C 167 -0.557973049 0.540830839 0.0250140171 3.68002297e-08 -2.45891157e-08 1
LGIC_C 168 -0.472528244 -0.263216643 0.0250140028 5.39043203e-09 6.47688584e-08 1
LGIC_C 169 0.673255996 -0.520637076 -0.0463674095 0.827616944 -0.552996408 0.0961517878
LGIC_C 171 -0.219166558 0.359869081 0.0250140067 1.28239438e-08 -5.73353116e-08 1
LGIC_C 172 0.260428865 0.121298944 0.0250139976 -4.20574004e-08 -2.81018564e-08 1
LGIC_C 173 0.689356791 0.340666618 0.025014017 -3.68002282e-08 -2.45891172e-08 1
LGIC_C 174 -0.101950503 -0.510452568 0.0250140079 2.48392553e-08 4.34088306e-08 1
LGIC_C 175 0.415446017 -0.339220186 0.0250140136 -3.37890406e-08 4.80634332e-08 1
LGIC_C 177 0.306585855 0.341586605 0.0250140062 -2.81018716e-08 -4.20573923e-08 1
LGIC_C 178 0.112202279 -0.602911753 0.0250140124 6.33663526e-09 4.9610097e-08 1
LGIC_C 180 -0.117941016 0.235049342 0.0250139965 2.8101852e-08 -4.20574041e-08 1
LGIC_C 181 -0.656123878 -0.316483524 0.0250140073 5.39043203e-09 6.47688584e-08 1
LGIC_C 183 0.663854691 0.303821861 0.0250140193 -4.82586616e-08 -1.31306776e-08 1
LGIC_C 184 0.688823301 -0.0647812774 0.0250140147 -4.34088182e-08 2.48392526e-08 1
LGIC_C 185 0.374673694 -0.228356701 0.0250140037 -3.05989503e-08 3.95603122e-08 1
LGIC_C 186 -0.608318498 -0.290871024 0.0250140053 5.39043203e-09 6.47688584e-08 1
LGIC_C 188 -0.774126208 0.0816089674 0.0250140176 4.34088259e-08 -8.63455061e-09 1
LGIC_C 189 -0.557590548 0.298681707 0.0250140151 4.20574045e-08 -2.81018523e-08 1
LGIC_C 190 0.3320552 -0.675737985 0.0250140163 -2.45891087e-08 3.68002429e-08 1
LGIC_C 191 -0.4502861 -0.280139805 0.0250140038 5.39043203e-09 6.47688584e-08 1
LGIC_C 192 -0.268122734 0.101197034 0.0250139958 4.34088259e-08 -8.63455061e-09 1
LGIC_C 193 0.222645506 0.0592398349 0.0250139949 -4.96100911e-08 -9.86803575e-09 1
LGIC_C 194 -0.758155048 0.350395067 0.0250140198 3.68002297e-08 -2.45891157e-08 1
LGIC_C 195 0.401057141 0.402687632 0.0250140115 -2.81018716e-08 -4.20573923e-08 1
LGIC_C 196 0.700023404 0.355764154 0.0250140178 -3.68002282e-08 -2.45891172e-08 1
LGIC_C 197 -0.236941113 -0.561853453 0.0250140097 2.45891453e-08 3.68002268e-08 1
LGIC_C 198 0.500942844 -0.0570120346 0.0250140055 -4.34088226e-08 8.63456802e-09 1
LGIC_C 199 0.662711224 0.239174314 0.0250140146 -4.96100869e-08 6.3366408e-09 1
LGIC_C 200 0.713037476 -0.320504039 0.0250140174 -3.68002179e-08 2.45891393e-08 1
LGIC_C 201 0.232768047 0.146972943 0.0250139972 -4.20574004e-08 -2.81018564e-08 1
LGIC_C 202 0.000348457026 -0.359557588 0.0250140011 6.33663526e-09 4.9610097e-08 1
LGIC_C 203 -0.147398371 -0.000996657035 0.0250139905 4.96100935e-08 -4.19869172e-08 1
LGIC_C 204 -0.411915607 0.576876691 0.0250140191 2.8101852e-08 -4.20574041e-08 1
LGIC_C 205 -0.0897845839 0.264177384 0.0250139973 9.86805557e-09 -4.96100883e-08 1
LGIC_C 206 0.67159361 -0.369211218 0.025014017 -3.68002179e-08 2.45891393e-08 1
LGIC_C 207 -0.135465362 -0.49232166 0.0250140051 -4.89847109e-08 5.78784581e-08 1
LGIC_C 208 -0.460686444 0.410549783 0.0250140109 -4.82586679e-08 1.31306769e-08 -1
LGIC_C 209 -0.0305180914 -0.00667596385 0.0250139877 -1.38908242e-07 -2.76307273e-08 -1
LGIC_C 210 0.122520949 0.279685268 0.025014001 -3.27855134e-08 -4.90669575e-08 1
LGIC_C 212 -0.385895645 -0.560043906 0.0250140129 -5.56021111e-08 -1.45571543e-08 -1
LGIC_C 213 0.336091533 -0.393782695 0.0250140092 -2.81018481e-08 4.20574137e-08 1
LGIC_C 214 0.448817463 -0.109215779 0.0250140037 -4.34088226e-08 8.63456802e-09 1
LGIC_C 215 -0.51590706 -0.0297254282 0.0250140059 4.34088238e-08 8.63459484e-09 1
LGIC_C 216 0.143619038 -0.211498351 0.0250139953 -1.31306721e-08 4.82586744e-08 1
LGIC_C 217 0.439714682 -0.353977956 0.0250140151 -3.37890406e-08 4.80634332e-08 1
LGIC_C 218 -0.271756638 0.488591986 0.0250140104 1.31306824e-08 -4.82586643e-08 1
LGIC_C 219 -0.267647029 -0.440515546 0.0250140073 3.95603082e-08 3.05989652e-08 1
LGIC_C 220 -0.730752532 -0.309348241 0.0250140178 3.68002489e-08 2.45891179e-08 1
LGIC_C 221 0.657914156 -0.43394239 0.0250140181 -3.68002179e-08 2.45891393e-08 1
LGIC_C 222 -0.518526331 -0.19911016 0.0250140032 -4.96100919e-08 2.90231703e-08 -1
LGIC_C 223 0.22578342 0.386748146 0.0250140072 -4.80634192e-08 -3.37890445e-08 1
LGIC_C 224 -0.37303485 0.0349902771 0.0250140007 4.96100851e-08 2.90231542e-08 1
LGIC_C 225 0.19911308 -0.677072597 0.0250140143 -8.63454093e-09 4.34088369e-08 1
LGIC_C 226 0.368834941 -0.164941649 0.0250140009 -3.68002179e-08 2.45891393e-08 1
LGIC_C 227 -0.166394242 0.487677044 0.0250140059 8.63455111e-09 -4.34088279e-08 1
LGIC_C 228 0.260629574 -0.296941743 0.025014001 -1.31306721e-08 4.82586744e-08 1
LGIC_C 229 -0.560049037 -0.0640757921 0.0250140081 4.34088238e-08 8.63459484e-09 1
LGIC_C 230 -0.680168217 -0.163906839 0.0250140084 -4.34088282e-08 2.70157287e-08 -1
LGIC_C 231 0.544014778 0.266838129 0.0250140136 -4.20574004e-08 -2.81018564e-08 1
LGIC_C 232 -0.355668481 0.777453293 -0.00369787814 -0.552995842 0.827617335 0.0961516821
LGIC_C 233 0.308470194 0.243436335 0.0250140013 -4.82586616e-08 -1.31306776e-08 1
LGIC_C 234 0.0124482783 -0.439794723 0.0250140024 -8.63454093e-09 4.34088369e-08 1
LGIC_C 235 0.369888764 0.458755202 0.0250140129 -2.81018716e-08 -4.20573923e-08 1
LGIC_C 236 0.270318312 -0.00336526829 0.025013995 -4.34088182e-08 2.48392526e-08 1
LGIC_C 239 0.501628762 -0.229429152 0.0250140108 -4.20573976e-08 2.81018683e-08 1
LGIC_C 240 0.15264897 -0.246863572 0.0250139993 -1.28239349e-08 5.73353226e-08 1
LGIC_C 241 -0.187363503 0.195520299 0.0250139968 2.8101852e-08 -4.20574041e-08 1
LGIC_C 242 0.593654886 -0.3075765 0.0250140181 -3.37890406e-08 4.80634332e-08 1
LGIC_C 243 -0.653087872 0.267247529 0.0250140183 4.96100897e-08 -9.86805572e-09 1
LGIC_C 246 0.373386464 0.401452947 0.0250140072 -2.45891309e-08 -3.68002211e-08 1
LGIC_C 247 -0.479844564 0.63597362 0.0250140185 2.45891128e-08 -3.68002333e-08 1
LGIC_C 248 0.0974705291 -0.0540242047 0.0250139881 -3.68002179e-08 2.45891393e-08 1
LGIC_C 249 0.516875894 -0.0561161002 0.0250140106 -4.96100802e-08 3.14742968e-08 1
LGIC_C 250 0.253100598 0.533079536 0.0250140134 -4.80634192e-08 -3.37890445e-08 1
LGIC_C 251 0.00914479764 0.569987402 0.0250140115 -6.33660387e-09 4.96100877e-08 -1
LGIC_C 252 0.194970291 0.510986277 0.0250140147 -3.14742949e-08 -4.96100822e-08 1
LGIC_C 253 0.533496043 0.285481782 0.0250140127 -4.82586616e-08 -1.31306776e-08 1
LGIC_C 255 -0.699586226 -0.113283323 0.0250140106 -4.34088282e-08 2.70157287e-08 -1
LGIC_C 256 -0.300372376 0.578519584 0.0250140119 2.45891128e-08 -3.68002333e-08 1
LGIC_C 257 0.282552368 0.306818828 0.0250140015 -2.45891309e-08 -3.68002211e-08 1
LGIC_C 258 -0.305730603 0.605632475 0.0250140131 2.45891128e-08 -3.68002333e-08 1
LGIC_C 260 -0.036003651 -0.60479772 0.0250140136 9.8680833e-09 4.96100963e-08 1
LGIC_C 261 0.0823693608 0.639724155 0.0250140117 -8.63455884e-09 -4.34088253e-08 1
LGIC_C 262 -0.339551729 0.374954123 0.0250140058 1.31306824e-08 -4.82586643e-08 1
LGIC_C 263 -0.663840272 -0.153724697 0.0250140079 -4.34088282e-08 2.70157287e-08 -1
LGIC_C 264 0.395934787 -0.382679314 0.0250140072 -3.68002179e-08 2.45891393e-08 1
LGIC_C 265 0.200826711 -0.0125204915 0.025013995 -5.78784275e-08 1.15127558e-08 1
LGIC_C 266 -0.175055891 -0.357161252 0.0250140011 3.95603082e-08 3.05989652e-08 1
LGIC_C 267 -0.307350257 -0.251935713 0.0250140017 1.45571809e-08 5.5602105e-08 1
LGIC_C 268 -0.0419603825 -0.516143357 0.0250140076 -2.90231482e-08 4.96101036e-08 1
LGIC_C 269 -0.0869593396 0.593696654 0.0250140122 -6.33661298e-09 -4.96100859e-08 1
LGIC_C 271 -0.507363977 -0.405806529 0.0250140119 3.68002489e-08 2.45891179e-08 1
LGIC_C 272 -0.330349128 0.267019518 0.0250140027 -4.82586679e-08 1.31306769e-08 -1
LGIC_C 273 0.717075032 -0.1877978 0.025014019 -4.34088182e-08 2.48392526e-08 1
LGIC_C 274 -0.310536435 0.429042861 0.0250140067 2.45891128e-08 -3.68002333e-08 1
LGIC_C 275 0.00904831233 -0.500923995 0.025014008 6.33663526e-09 4.9610097e-08 1
LGIC_C 276 -0.128229602 -0.431473318 0.0250140009 -2.90231482e-08 4.96101036e-08 1
LGIC_C 278 0.369433791 0.326904744 0.0250140049 -3.68002282e-08 -2.45891172e-08 1
LGIC_C 279 0.143899219 -0.0276702939 0.0250139897 -4.34088226e-08 8.63456802e-09 1
LGIC_C 280 -0.235683176 -0.15809733 0.0250139955 1.45571809e-08 5.5602105e-08 1
LGIC_C 281 0.422962035 0.456364941 0.025014019 -4.80634192e-08 -3.37890445e-08 1
LGIC_C 282 -0.266885344 -0.45129182 0.0250140076 3.95603082e-08 3.05989652e-08 1
LGIC_C 283 -0.243196788 -0.474522526 0.0250140046 7.55636799e-08 6.2887973e-09 1
LGIC_C 284 0.233229098 -0.77487185 0.0250140189 -8.63454093e-09 4.34088369e-08 1
LGIC_C 286 -0.595295476 0.0256314389 0.025014012 4.96100851e-08 2.90231542e-08 1
LGIC_C 287 -0.0673193795 -0.124337171 0.0250139895 2.45891453e-08 3.68002268e-08 1
LGIC_C 288 0.043832321 -0.428206652 0.0250140042 6.33663526e-09 4.9610097e-08 1
LGIC_C 289 0.0288977604 0.00677597687 0.0250139846 -4.34088272e-08 -8.63453573e-09 1
LGIC_C 290 -0.382296299 -0.546397974 0.025014017 2.81018674e-08 4.20574117e-08 1
LGIC_C 291 -0.511631192 0.425273241 0.0250140126 3.68002297e-08 -2.45891157e-08 1
LGIC_C 292 0.372341872 0.397248467 0.0250140104 -2.81018716e-08 -4.20573923e-08 1
LGIC_C 293 -0.667955092 -0.0809356284 0.0250140141 -4.96100919e-08 2.90231703e-08 -1
LGIC_C 295 -0.198705463 0.132541463 0.0250139945 6.28881943e-09 -7.55636452e-08 1
LGIC_C 296 0.491152417 0.227242205 0.0250140103 -4.20574004e-08 -2.81018564e-08 1
LGIC_C 297 0.0377227959 0.335525842 0.0250139982 -8.63455884e-09 -4.34088253e-08 1
LGIC_C 298 0.213670998 -0.56741818 0.0250140135 -9.86804037e-09 4.96101e-08 1
LGIC_C 299 -0.0315216382 -0.362435311 0.0250140015 9.8680833e-09 4.96100963e-08 1
LGIC_C 300 0.365310456 -0.0433366525 0.0250140002 -4.34088182e-08 2.48392526e-08 1
LGIC_C 301 0.158188984 0.409215849 0.0250140026 -6.33660387e-09 4.96100877e-08 -1
LGIC_C 302 0.405195561 0.359304204 0.0250140104 -4.20574004e-08 -2.81018564e-08 1
LGIC_C 303 -0.0322708283 0.353317908 0.0250140011 9.86805557e-09 -4.96100883e-08 1
LGIC_C 304 -0.153987268 0.320332833 0.0250140007 1.31306824e-08 -4.82586643e-08 1
LGIC_C 305 -0.451265543 0.267467763 0.0250140065 3.68002297e-08 -2.45891157e-08 1
LGIC_C 306 0.225409377 0.0978278081 0.0250139956 3.37890593e-08 4.80634111e-08 -1
LGIC_C 307 -0.445347715 0.280377361 0.0250140084 -4.82586679e-08 1.31306769e-08 -1
LGIC_C 308 0.674250597 -0.309970004 0.0250140157 -3.68002179e-08 2.45891393e-08 1
LGIC_C 309 0.142415149 0.122185864 0.0250139915 -3.68002282e-08 -2.45891172e-08 1
LGIC_C 310 0.154423958 0.827351051 0.0237445361 0.194186548 0.976240951 0.0961519121
LGIC_C 311 0.593787373 0.602332428 0.02501402 -2.45891309e-08 -3.68002211e-08 1
LGIC_C 312 0.271003885 0.224983318 0.025014001 -4.20574004e-08 -2.81018564e-08 1
LGIC_C 313 0.711934833 0.325829156 0.0250140175 -3.68002282e-08 -2.45891172e-08 1
LGIC_C 314 -0.214529264 0.537308416 0.0250140084 8.63455111e-09 -4.34088279e-08 1
LGIC_C 315 -0.0575896267 0.0220027934 0.0250139863 4.96100897e-08 -9.86805572e-09 1
LGIC_C 318 -0.198651102 -0.373629219 0.0250139997 -5.56021111e-08 -1.45571543e-08 -1
LGIC_C 319 -0.464752039 -0.076271083 0.0250140014 -4.34088282e-08 2.70157287e-08 -1
LGIC_C 320 0.356995046 0.603267259 0.0250140187 -2.81018716e-08 -4.20573923e-08 1
LGIC_C 322 0.585988739 0.245668895 0.0250140147 -4.82586616e-08 -1.31306776e-08 1
LGIC_C 323 -0.324342546 -0.60864409 0.025014018 2.81018674e-08 4.20574117e-08 1
LGIC_C 324 0.0326709268 0.705660564 0.0250140181 -6.33660387e-09 4.96100877e-08 -1
LGIC_C 325 0.525196371 0.607559394 0.0250140185 -2.45891309e-08 -3.68002211e-08 1
LGIC_C 326 0.226108349 0.666344981 0.0250140149 -6.33660387e-09 4.96100877e-08 -1
LGIC_C 327 -0.33685673 -0.0462726458 0.0250139986 -4.96100919e-08 2.90231703e-08 -1
LGIC_C 328 -0.45704378 0.0772080173 0.025014005 4.34088279e-08 -2.48392273e-08 1
LGIC_C 329 0.632004713 -0.186646518 0.0250140164 -4.96100859e-08 9.86807898e-09 1
LGIC_C 330 0.36094132 -0.0373454164 0.0250140023 -4.96100802e-08 3.14742968e-08 1
LGIC_C 331 0.223697909 -0.110336186 0.0250139944 -3.05989503e-08 3.95603122e-08 1
LGIC_C 332 -0.0204130473 -0.411078613 0.0250140038 9.8680833e-09 4.96100963e-08 1
LGIC_C 333 0.533124464 0.178302474 0.0250140079 -4.34088272e-08 -8.63453573e-09 1
LGIC_C 334 0.218444178 0.744492358 0.0250140175 -8.63455884e-09 -4.34088253e-08 1
LGIC_C 335 0.21399887 0.530604927 0.0250140082 -6.33660387e-09 4.96100877e-08 -1
LGIC_C 336 -0.661436383 0.0112150391 0.0250140123 4.34088279e-08 -2.48392273e-08 1
LGIC_C 337 -0.0388617778 -0.0271879946 0.0250139852 5.39043203e-09 6.47688584e-08 1
LGIC_C 338 -0.23248283 0.349597558 0.0250140019 2.45891128e-08 -3.68002333e-08 1
LGIC_C 339 0.133485962 -0.206778961 0.025013995 -1.31306721e-08 4.82586744e-08 1
LGIC_C 340 -0.265657885 0.556186435 0.0250140141 2.8101852e-08 -4.20574041e-08 1
LGIC_C 341 -0.00798499834 -0.739148538 0.0250140154 8.63456455e-09 4.34088336e-08 1
LGIC_C 342 -0.782639029 -0.0901301119 0.0250140148 -4.34088282e-08 2.70157287e-08 -1
LGIC_C 343 0.2092117 0.47961868 0.0250140092 1.3130701e-08 4.82586573e-08 -1
LGIC_C 344 -0.120113484 0.00596437693 0.0250139899 5.7878425e-08 4.89846948e-08 1
LGIC_C 346 0.334883274 0.325248517 0.0250140036 -3.68002282e-08 -2.45891172e-08 1
LGIC_C 347 0.505272437 -0.153367844 0.0250140098 -4.96100859e-08 9.86807898e-09 1
LGIC_C 349 -0.213410175 -0.519183254 0.0250140028 -2.90231482e-08 4.96101036e-08 1
LGIC_C 350 -0.292894784 0.42474888 0.0250140061 2.45891128e-08 -3.68002333e-08 1
LGIC_C 352 -0.175641752 -0.282576296 0.0250139988 3.95603082e-08 3.05989652e-08 1
LGIC_C 353 -0.325439368 0.149757306 0.0250140012 4.20574045e-08 -2.81018523e-08 1
LGIC_C 354 0.179343503 0.240029295 0.0250139984 -2.81018716e-08 -4.20573923e-08 1
LGIC_C 355 0.0763275719 -0.537133855 0.0250140136 1.00935263e-08 5.7878447e-08 1
LGIC_C 356 0.0872544437 0.667239414 0.025014013 -8.63455884e-09 -4.34088253e-08 1
LGIC_C 357 0.696011413 0.180719551 0.0250140166 -4.96100869e-08 6.3366408e-09 1
LGIC_C 358 0.113897824 -0.0693638066 0.0250139911 -4.90669481e-08 3.27855328e-08 1
LGIC_C 359 -0.290052575 0.234647332 0.0250140028 6.28881943e-09 -7.55636452e-08 1
LGIC_C 360 -0.495291364 0.420201473 0.0250140127 -4.82586679e-08 1.31306769e-08 -1
LGIC_C 361 0.582938868 -0.149450942 0.0250140136 -4.96100859e-08 9.86807898e-09 1
LGIC_C 362 -0.457520388 -0.0860288589 0.0250140035 -4.96100919e-08 2.90231703e-08 -1
LGIC_C 363 -0.314874426 0.415792099 0.0250140075 1.31306824e-08 -4.82586643e-08 1
LGIC_C 365 0.580014135 -0.419177416 0.0250140194 -4.20573976e-08 2.81018683e-08 1
LGIC_C 366 -0.331287059 -0.712726551 0.0250140182 3.95603082e-08 3.05989652e-08 1
LGIC_C 367 0.420495779 -0.10729339 0.0250140041 -4.34088182e-08 2.48392526e-08 1
LGIC_C 368 -0.169950481 -0.378573907 0.0250140016 3.95603082e-08 3.05989652e-08 1
LGIC_C 369 -0.140235678 -0.646698276 0.0250140112 -2.90231482e-08 4.96101036e-08 1
LGIC_C 370 -0.273491837 -0.609517682 0.0250140124 2.45891453e-08 3.68002268e-08 1
LGIC_C 371 0.240491066 -0.00284539835 0.0250139937 -4.34088226e-08 8.63456802e-09 1
LGIC_C 372 -0.00910423508 0.426627087 0.0250140019 8.63455111e-09 -4.34088279e-08 1
LGIC_C 373 -0.685360956 0.452300168 0.0250140196 3.68002297e-08 -2.45891157e-08 1
LGIC_C 374 0.0321233261 -0.140746318 0.02501399 6.33663526e-09 4.9610097e-08 1
LGIC_C 375 0.147653949 -0.669482342 0.0250140205 1.00935263e-08 5.7878447e-08 1
LGIC_C 376 0.384940261 0.375756227 0.02501401 -4.20574004e-08 -2.81018564e-08 1
LGIC_C 377 0.285024974 0.150326525 0.0250139974 -3.68002282e-08 -2.45891172e-08 1
LGIC_C 378 -0.572868166 0.0344785055 0.0250140107 4.96100851e-08 2.90231542e-08 1
LGIC_C 379 -0.066756686 -0.456059713 0.0250140065 9.8680833e-09 4.96100963e-08 1
LGIC_C 380 0.135598899 0.595398191 0.0250140141 -9.86806672e-09 -4.96100854e-08 1
LGIC_C 381 0.000896715646 0.671280972 0.0250140166 -9.86806672e-09 -4.96100854e-08 1
LGIC_C 382 0.537947059 -0.296882447 0.0250140157 -3.37890406e-08 4.80634332e-08 1
LGIC_C 384 -0.472371418 -0.412318784 0.0250140174 6.28883752e-09 7.55636663e-08 1
LGIC_C 386 0.481291135 -0.424906851 0.0250140114 -3.68002179e-08 2.45891393e-08 1
LGIC_C 387 0.535126214 -0.246923341 0.0250140132 -3.37890406e-08 4.80634332e-08 1
LGIC_C 388 -0.0112129827 0.417900211 0.0250140041 9.86805557e-09 -4.96100883e-08 1
LGIC_C 390 0.537621459 -0.0998320863 0.025014009 -4.34088182e-08 2.48392526e-08 1
LGIC_C 392 -0.197895129 -0.552382407 0.0250140049 -2.90231482e-08 4.96101036e-08 1
LGIC_C 393 -0.0326018141 -0.261211538 0.0250139949 8.63456455e-09 4.34088336e-08 1
LGIC_C 395 0.33532752 0.389836736 0.0250140065 1.3130701e-08 4.82586573e-08 -1
LGIC_C 396 0.250725856 0.393283859 0.0250140055 1.3130701e-08 4.82586573e-08 -1
LGIC_C 397 -0.646269863 0.238656424 0.0250140134 4.34088259e-08 -8.63455061e-09 1
LGIC_C 398 -0.568091404 0.257508164 0.0250140148 3.37890593e-08 -4.80634052e-08 1
LGIC_C 399 0.586875113 -0.154531088 0.0250140172 -4.96100802e-08 3.14742968e-08 1
NT 7181 -1.70381789 -7.68417966 -0.682790694 0 0 0
NT 7817 -0.724985248 3.31013065 0.697332806 0 0 0
LGIC_O 4402 -0.0345878633 0.265675272 0.025013999 1.15127271e-08 -5.78784352e-08 1
LGIC_O 4401 -0.1840676 0.0972239463 0.0250139942 3.37890593e-08 -4.80634052e-08 1
LGIC_O 4400 -0.175025146 0.0137516014 0.0250139927 5.7878425e-08 4.89846948e-08 1
LGIC_O 8441 0.636913646 -0.12672076 0.0250140188 -4.96100802e-08 3.14742968e-08 1
LGIC_O 8440 0.314831804 -0.521242477 0.0250140191 -3.27854948e-08 4.90669785e-08 1
LGIC_O 8439 0.567487089 -0.204519113 0.0250140184 -5.78784275e-08 1.15127558e-08 1
LGIC_O 8438 -0.495463838 -0.478991786 0.0250140171 1.45571809e-08 5.5602105e-08 1
LGIC_O 8437 -0.0865332912 0.0753896135 0.0250139898 3.37890593e-08 -4.80634052e-08 1
LGIC_O 8436 0.281965125 0.349247805 0.0250140096 -3.27855134e-08 -4.90669575e-08 1
LGIC_O 8435 -0.281577291 0.489075666 0.0250140165 3.27854968e-08 -4.90669676e-08 1
LGIC_O 8434 -0.605092982 -0.110313414 0.0250140129 5.7878436e-08 -4.89847332e-08 1
LGIC_O 8433 0.701586212 -0.0117142491 0.0250140184 -4.96100802e-08 3.14742968e-08 1
LGIC_O 8432 0.426050556 0.664856809 0.0250140182 -2.45891309e-08 -3.68002211e-08 1
LGIC_O 8431 -0.53569519 -0.176489801 0.025014008 4.34088238e-08 8.63459484e-09 1
LGIC_O 8430 -0.206044735 -0.180448528 0.0250139982 6.28883752e-09 7.55636663e-08 1
LGIC_O 8429 0.342033035 -0.34268384 0.0250140113 -3.27854948e-08 4.90669785e-08 1
LGIC_O 8428 0.576112066 -0.314703408 0.0250140178 -3.37890406e-08 4.80634332e-08 1
LGIC_O 8427 0.236726308 -0.318077646 0.0250140066 -3.27854948e-08 4.90669785e-08 1
LGIC_O 8426 -0.0976488914 -0.110862836 0.0250139913 7.55636799e-08 6.2887973e-09 1
LGIC_O 8425 0.534646383 -0.195059479 0.0250140164 -5.78784275e-08 1.15127558e-08 1
LGIC_O 8424 0.219544679 -0.315091025 0.0250140059 -3.27854948e-08 4.90669785e-08 1
LGIC_O 8423 -0.608846757 -0.593779315 0.0250140203 3.68002489e-08 2.45891179e-08 1
LGIC_O 8422 0.564815598 -0.372450199 0.0250140202 -3.37890406e-08 4.80634332e-08 1
LGIC_O 8421 0.550750457 0.0902902064 0.0250140162 -5.78784335e-08 -1.15127284e-08 1
LGIC_O 8420 0.175418091 0.0610257495 0.0250139941 -5.78784335e-08 -1.15127284e-08 1
LGIC_O 8419 0.142777714 0.100831833 0.0250139936 -4.90669739e-08 -3.27854893e-08 1
LGIC_O 4418 0.0575220985 -0.190210297 0.0250139949 -1.15127059e-08 5.78784511e-08 1
LGIC_O 4417 -0.118754336 -0.170834128 0.0250139938 2.81018674e-08 4.20574117e-08 1
LGIC_O 4416 0.593239316 0.0786534269 0.0250140185 -5.78784335e-08 -1.15127284e-08 1
LGIC_O 4415 0.0853954366 -0.420999761 0.0250140086 -1.15127059e-08 5.78784511e-08 1
LGIC_O 4414 -0.374457097 -0.228026162 0.0250140026 3.68002489e-08 2.45891179e-08 1
LGIC_O 4413 0.577482781 -0.285169834 0.0250140164 -3.37890406e-08 4.80634332e-08 1
LGIC_O 4412 -0.484325859 0.306166979 0.0250140144 3.37890593e-08 -4.80634052e-08 1
LGIC_O 4411 0.44777829 -0.0963194904 0.0250140103 -5.78784275e-08 1.15127558e-08 1
LGIC_O 4410 0.28281874 -0.503567977 0.0250140172 -3.27854948e-08 4.90669785e-08 1
LGIC_O 4409 -0.116204576 -0.152585731 0.025013993 7.55636799e-08 6.2887973e-09 1
LGIC_O 4408 -0.333519821 0.289166147 0.0250140084 3.37890593e-08 -4.80634052e-08 1
LGIC_O 4407 -0.148720782 -0.636306108 0.0250140163 9.8680833e-09 4.96100963e-08 1
LGIC_O 4406 0.336173082 -0.328141715 0.0250140105 -4.90669481e-08 3.27855328e-08 1
LGIC_O 4405 -0.249510429 -0.168914007 0.0250139976 6.28883752e-09 7.55636663e-08 1
LGIC_O 4404 0.0811982327 0.141649416 0.0250139929 -3.27855134e-08 -4.90669575e-08 1
LGIC_O 4403 0.0533120499 -0.19689515 0.0250139952 -1.15127059e-08 5.78784511e-08 1
