LGIC_C 0 0.502625557 0.217474674 0.0250140107 3.37890593e-08 4.80634111e-08 -1
LGIC_C 1 -0.340156787 0.0458775675 0.0250139984 4.34088259e-08 -8.63455061e-09 1
LGIC_C 2 -0.586570684 0.129925914 0.0250140137 4.96100897e-08 -9.86805572e-09 1
LGIC_C 3 0.243020649 -0.652206322 0.025014018 -9.86804037e-09 4.96101e-08 1
LGIC_C 4 -0.440884602 -0.228637849 0.0250140033 6.28883752e-09 7.55636663e-08 1
LGIC_C 5 0.0587253739 -0.527230489 0.0250140132 1.00935263e-08 5.7878447e-08 1
LGIC_C 6 -0.358158245 0.493203654 0.0250140161 1.28239438e-08 -5.73353116e-08 1
LGIC_C 7 -0.709539592 0.43783872 0.0250140201 3.68002297e-08 -2.45891157e-08 1
LGIC_C 8 -0.149348673 0.299110888 0.0250139979 2.45891128e-08 -3.68002333e-08 1
LGIC_C 9 -0.451879603 -0.267982293 0.0250140063 6.28883752e-09 7.55636663e-08 1
LGIC_C 10 -0.40047097 -0.611401056 0.0250140178 3.95603082e-08 3.05989652e-08 1
LGIC_C 11 0.165296084 0.57286753 0.0250140106 -6.33660387e-09 4.96100877e-08 -1
LGIC_C 12 0.387584206 0.182993379 0.0250140083 -4.90669739e-08 -3.27854893e-08 1
LGIC_C 13 0.727786097 -0.083073382 0.0250140202 -4.96100859e-08 9.86807898e-09 1
LGIC_C 14 0.675841772 0.261189533 0.0250140151 -4.96100869e-08 6.3366408e-09 1
LGIC_C 15 -0.480642361 -0.364422607 0.0250140094 5.39043203e-09 6.47688584e-08 1
LGIC_C 16 0.611659443 -0.14646298 0.025014015 -4.96100859e-08 9.86807898e-09 1
LGIC_C 17 -0.545662961 0.376078986 0.0250140145 -4.82586679e-08 1.31306769e-08 -1
LGIC_C 18 0.310197683 -0.494440209 0.0250140127 -2.81018481e-08 4.20574137e-08 1
LGIC_C 21 -0.000173074435 -0.171429084 0.0250139917 -2.90231482e-08 4.96101036e-08 1
LGIC_C 22 0.116497099 0.600556907 0.0250140142 -9.86806672e-09 -4.96100854e-08 1
LGIC_C 23 -0.469748581 0.393241218 0.0250140102 3.68002297e-08 -2.45891157e-08 1
LGIC_C 24 0.148524751 0.421060828 0.0250140056 -9.86806672e-09 -4.96100854e-08 1
LGIC_C 25 0.348697171 -0.0301826222 0.0250139986 -4.34088226e-08 8.63456802e-09 1
LGIC_C 27 -0.249208189 0.540512239 0.025014018 3.27854968e-08 -4.90669676e-08 1
LGIC_C 28 0.657615281 0.0957748721 0.0250140126 -4.34088272e-08 -8.63453573e-09 1
LGIC_C 30 0.629953954 0.187416812 0.0250140133 -4.96100869e-08 6.3366408e-09 1
LGIC_C 31 -0.405184014 -0.437254639 0.0250140127 3.95603082e-08 3.05989652e-08 1
LGIC_C 32 0.0894097929 0.102566807 0.0250139901 -2.81018716e-08 -4.20573923e-08 1
LGIC_C 33 -0.0185551252 0.637132935 0.0250140111 8.63455111e-09 -4.34088279e-08 1
LGIC_C 35 -0.191211632 -0.484330545 0.0250140017 -2.90231482e-08 4.96101036e-08 1
LGIC_C 36 0.505864872 -0.63563346 0.0250140191 -2.45891087e-08 3.68002429e-08 1
LGIC_C 37 0.112537169 0.825276279 0.0250140201 -8.63455884e-09 -4.34088253e-08 1
LGIC_C 38 0.756803905 -0.332766444 0.0250140195 -3.05989503e-08 3.95603122e-08 1
LGIC_C 39 0.704114734 0.311547567 0.0250140168 -3.68002282e-08 -2.45891172e-08 1
LGIC_C 40 -0.728552171 0.0116030857 0.0250140152 4.34088279e-08 -2.48392273e-08 1
LGIC_C 41 -0.499246458 0.592393404 0.0250140173 2.45891128e-08 -3.68002333e-08 1
LGIC_C 42 -0.261063654 -0.652745982 0.0250140138 8.63456455e-09 4.34088336e-08 1
LGIC_C 43 -0.570076754 -0.489914785 0.0250140142 1.15916899e-08 4.97976879e-08 1
LGIC_C 44 0.360228585 0.547726565 0.0250140144 1.3130701e-08 4.82586573e-08 -1
LGIC_C 45 -0.0295076006 -0.257533475 0.0250139952 2.48392553e-08 4.34088306e-08 1
LGIC_C 46 -0.203403478 -0.178842838 0.0250139959 5.39043203e-09 6.47688584e-08 1
LGIC_C 47 0.479883151 -0.173468193 0.025014013 -5.78784275e-08 1.15127558e-08 1
LGIC_C 48 -0.104657578 -0.411374597 0.025014002 8.63456455e-09 4.34088336e-08 1
LGIC_C 51 -0.56362828 -0.0065960737 0.0250140076 -4.34088282e-08 2.70157287e-08 -1
LGIC_C 52 0.656134326 -0.143147183 0.0250140153 -4.34088182e-08 2.48392526e-08 1
LGIC_C 53 0.316300918 -0.0706676255 0.0250139987 -4.34088182e-08 2.48392526e-08 1
LGIC_C 54 -0.0456185153 -0.204263676 0.0250139928 -4.89847109e-08 5.78784581e-08 1
LGIC_C 55 0.429847707 0.47960672 0.0250140115 -2.45891309e-08 -3.68002211e-08 1
LGIC_C 56 -0.133733715 -0.203861218 0.0250139937 -5.56021111e-08 -1.45571543e-08 -1
LGIC_C 57 -0.0953948582 0.43348938 0.0250140078 -3.14742797e-08 4.96100914e-08 -1
LGIC_C 58 0.480254095 -0.0826677264 0.0250140061 -4.34088182e-08 2.48392526e-08 1
LGIC_C 59 -0.400443821 -0.223534191 0.0250140015 1.45571809e-08 5.5602105e-08 1
LGIC_C 60 0.102926153 0.537289828 0.0250140131 -3.14742949e-08 -4.96100822e-08 1
LGIC_C 61 -0.386508042 0.325543465 0.0250140087 4.20574045e-08 -2.81018523e-08 1
LGIC_C 62 -0.028886275 0.431050917 0.0250140056 -3.14742797e-08 4.96100914e-08 -1
LGIC_C 63 0.200472107 -0.0176873167 0.0250139934 -4.96100859e-08 9.86807898e-09 1
LGIC_C 64 -0.243342678 0.00772186403 0.025013997 5.7878425e-08 4.89846948e-08 1
LGIC_C 65 0.0163760693 0.342663251 0.0250140004 -9.86806672e-09 -4.96100854e-08 1
LGIC_C 66 -0.241604992 -0.340410544 0.0250140017 2.45891453e-08 3.68002268e-08 1
LGIC_C 67 -0.463055064 0.418212549 0.0250140178 6.28881943e-09 -7.55636452e-08 1
LGIC_C 68 -0.700471094 -0.110663302 0.0250140107 -4.34088282e-08 2.70157287e-08 -1
LGIC_C 69 -0.688749769 -0.358831243 0.0250140174 3.68002489e-08 2.45891179e-08 1
LGIC_C 70 -0.0611679212 0.38060492 0.0250140003 8.63455111e-09 -4.34088279e-08 1
LGIC_C 72 0.150508421 0.384609942 0.0250140013 -8.63455884e-09 -4.34088253e-08 1
LGIC_C 73 -0.0114620319 0.00321485044 0.0250139838 4.34088279e-08 -2.48392273e-08 1
LGIC_C 74 0.526213687 0.494272039 0.0250140151 -4.82586616e-08 -1.31306776e-08 1
LGIC_C 75 0.529456653 -0.574005681 0.0250140174 -2.45891087e-08 3.68002429e-08 1
LGIC_C 76 -0.672753291 0.0532289277 0.0250140151 4.96100851e-08 2.90231542e-08 1
LGIC_C 77 0.313678922 -0.209107785 0.0250140011 -3.05989503e-08 3.95603122e-08 1
LGIC_C 79 -0.578128286 -0.247874578 0.0250140023 1.15916899e-08 4.97976879e-08 1
LGIC_C 80 0.754260783 -0.021127787 0.0250140162 -4.34088226e-08 8.63456802e-09 1
LGIC_C 81 0.0575412744 0.688422712 0.0250140171 -6.33660387e-09 4.96100877e-08 -1
LGIC_C 82 0.474400862 -0.322579228 0.0250140105 -3.05989503e-08 3.95603122e-08 1
LGIC_C 83 -0.358086982 0.235943768 0.0250140036 -4.82586679e-08 1.31306769e-08 -1
LGIC_C 84 0.229632034 0.513201024 0.0250140113 -2.81018716e-08 -4.20573923e-08 1
LGIC_C 85 -0.0775471574 0.091240547 0.0250139895 1.28239438e-08 -5.73353116e-08 1
LGIC_C 87 -0.30108495 -0.252557413 0.0250140017 1.45571809e-08 5.5602105e-08 1
LGIC_C 88 -0.600924493 -0.524064776 0.0250140163 1.15916899e-08 4.97976879e-08 1
LGIC_C 89 0.247726643 -0.502831137 0.0250140107 -1.31306721e-08 4.82586744e-08 1
LGIC_C 90 -0.365087209 -0.315648252 0.0250140061 1.45571809e-08 5.5602105e-08 1
LGIC_C 91 0.184357465 0.773224128 0.0250140184 -8.63455884e-09 -4.34088253e-08 1
LGIC_C 92 0.256233629 -0.74733387 0.0250140187 6.33663526e-09 4.9610097e-08 1
LGIC_C 93 -0.0535251161 0.59501105 0.0250140124 -6.33661298e-09 -4.96100859e-08 1
LGIC_C 94 0.146240446 -0.0438375018 0.0250139919 -4.96100802e-08 3.14742968e-08 1
LGIC_C 95 -0.32412472 -0.442961749 0.0250140077 -5.56021111e-08 -1.45571543e-08 -1
LGIC_C 96 0.332527772 -0.0179672532 0.0250139999 -4.96100859e-08 9.86807898e-09 1
LGIC_C 97 -0.400967808 0.0337419319 0.0250140022 4.96100851e-08 2.90231542e-08 1
LGIC_C 98 -0.3524006 -0.585703635 0.0250140151 3.95603082e-08 3.05989652e-08 1
LGIC_C 99 0.210739314 -0.0873608632 0.0250139964 -4.96100802e-08 3.14742968e-08 1
LGIC_C 100 -0.361480676 -0.519658839 0.0250140113 2.45891453e-08 3.68002268e-08 1
LGIC_C 101 -0.376545746 0.0225392434 0.0250140022 4.96100897e-08 -9.86805572e-09 1
LGIC_C 102 -0.40343148 0.454986037 0.0250140145 1.28239438e-08 -5.73353116e-08 1
LGIC_C 103 -0.449398887 -0.0163964179 0.0250140023 -4.34088282e-08 2.70157287e-08 -1
LGIC_C 104 0.611887896 -0.219217479 0.0250140157 -4.96100859e-08 9.86807898e-09 1
LGIC_C 105 -0.309457223 0.11451243 0.0250139995 4.34088279e-08 -2.48392273e-08 1
LGIC_C 106 -0.312656718 0.789045286 0.0250140202 8.63455111e-09 -4.34088279e-08 1
LGIC_C 107 -0.712250221 -0.272585548 0.0250140165 4.34088238e-08 8.63459484e-09 1
LGIC_C 108 -0.0597191894 -0.514456758 0.0250140071 2.48392553e-08 4.34088306e-08 1
LGIC_C 110 -0.217149372 -0.724279082 0.0250140166 8.63456455e-09 4.34088336e-08 1
LGIC_C 111 -0.513539388 -0.110044048 0.0250140056 -4.96100919e-08 2.90231703e-08 -1
LGIC_C 112 0.711572305 -0.0199413952 0.0250140192 -4.96100802e-08 3.14742968e-08 1
LGIC_C 113 -0.046332311 -0.699061805 0.0250140147 2.48392553e-08 4.34088306e-08 1
LGIC_C 114 -0.329943463 0.391457022 0.0250140099 1.28239438e-08 -5.73353116e-08 1
LGIC_C 115 0.507541783 -0.360868441 0.025014013 -3.05989503e-08 3.95603122e-08 1
LGIC_C 116 0.136534951 -0.42285652 0.0250140063 1.00935263e-08 5.7878447e-08 1
LGIC_C 117 -0.190238432 -0.0422240644 0.0250139909 4.96100935e-08 -4.19869172e-08 1
LGIC_C 118 -0.303970482 -0.309648053 0.0250140047 -5.56021111e-08 -1.45571543e-08 -1
LGIC_C 119 0.0799381759 0.431447284 0.0250140055 -9.86806672e-09 -4.96100854e-08 1
LGIC_C 120 0.00844226952 0.504435142 0.0250140082 -6.33660387e-09 4.96100877e-08 -1
LGIC_C 121 -0.432768862 -0.427060556 0.0250140095 1.15916899e-08 4.97976879e-08 1
LGIC_C 122 0.640071064 -0.33681121 0.0250140151 -3.68002179e-08 2.45891393e-08 1
LGIC_C 124 0.542256877 -0.458455931 0.0250140145 -3.68002179e-08 2.45891393e-08 1
LGIC_C 125 0.141999076 -0.144583834 0.0250139921 -1.31306721e-08 4.82586744e-08 1
LGIC_C 126 0.62361174 -0.359812163 0.0250140165 -3.05989503e-08 3.95603122e-08 1
LGIC_C 127 0.205638822 -0.332103634 0.025014002 -1.31306721e-08 4.82586744e-08 1
LGIC_C 128 0.228757212 -0.297332469 0.0250139998 -2.45891087e-08 3.68002429e-08 1
LGIC_C 129 0.495458078 -0.0733890374 0.0250140054 -4.34088226e-08 8.63456802e-09 1
LGIC_C 130 -0.6299549 0.169036007 0.0250140121 4.34088259e-08 -8.63455061e-09 1
LGIC_C 131 0.392446415 0.246556995 0.0250140054 -4.82586616e-08 -1.31306776e-08 1
LGIC_C 132 -0.194602231 0.0650116448 0.0250139913 5.7878425e-08 4.89846948e-08 1
LGIC_C 133 -0.593389111 -0.033326205 0.0250140093 4.34088238e-08 8.63459484e-09 1
LGIC_C 134 0.287598332 -0.627223601 0.0250140134 -2.45891087e-08 3.68002429e-08 1
LGIC_C 135 -0.263070793 -0.276598013 0.0250140023 2.81018674e-08 4.20574117e-08 1
LGIC_C 136 0.359150992 -0.270490791 0.0250140031 -3.68002179e-08 2.45891393e-08 1
LGIC_C 137 0.368693926 -0.372099331 0.025014006 -1.31306721e-08 4.82586744e-08 1
LGIC_C 138 -0.705357495 -0.226517924 0.0250140088 4.96100935e-08 -4.19869172e-08 1
LGIC_C 139 0.125683392 -0.0119616384 0.0250139898 -4.96100802e-08 3.14742968e-08 1
LGIC_C 140 0.462802169 0.546582604 0.0250140147 -2.45891309e-08 -3.68002211e-08 1
LGIC_C 141 0.453323995 0.137944062 0.0250140041 -4.34088272e-08 -8.63453573e-09 1
LGIC_C 142 -0.483827394 -0.540332153 0.0250140189 3.95603082e-08 3.05989652e-08 1
LGIC_C 144 -0.446056665 -0.491078833 0.0250140152 -5.56021111e-08 -1.45571543e-08 -1
LGIC_C 145 0.209878048 -0.00349812682 0.0250139924 -4.34088182e-08 2.48392526e-08 1
LGIC_C 146 0.0257643224 0.603154539 0.025014013 -6.33660387e-09 4.96100877e-08 -1
LGIC_C 147 -0.325909411 -0.333007886 0.0250140035 2.45891453e-08 3.68002268e-08 1
LGIC_C 149 0.533637106 0.509126165 0.0250140154 -3.68002282e-08 -2.45891172e-08 1
LGIC_C 150 0.431917178 0.17602666 0.0250140035 -4.96100869e-08 6.3366408e-09 1
LGIC_C 151 -0.0704259533 -0.678615576 0.0250140133 8.63456455e-09 4.34088336e-08 1
LGIC_C 152 0.251808011 0.59355544 0.0250140152 1.3130701e-08 4.82586573e-08 -1
LGIC_C 153 0.177635403 -0.23657251 0.0250139991 -1.28239349e-08 5.73353226e-08 1
LGIC_C 154 0.129849525 0.51267876 0.02501401 -9.86806672e-09 -4.96100854e-08 1
LGIC_C 155 -0.595136174 0.124115956 0.0250140102 4.34088259e-08 -8.63455061e-09 1
LGIC_C 156 -0.249480218 0.0312708025 0.0250139944 4.34088259e-08 -8.63455061e-09 1
LGIC_C 157 -0.438235082 0.25515457 0.0250140053 6.28881943e-09 -7.55636452e-08 1
LGIC_C 158 0.341266593 0.182871503 0.0250140036 3.37890593e-08 4.80634111e-08 -1
LGIC_C 159 0.787962173 0.119022931 0.0250140185 -4.34088272e-08 -8.63453573e-09 1
LGIC_C 160 -0.295774665 -0.0889004691 0.0250139937 -4.34088282e-08 2.70157287e-08 -1
LGIC_C 161 -0.436781158 0.0699018481 0.0250140056 4.96100897e-08 -9.86805572e-09 1
LGIC_C 162 0.474803598 0.0124446138 0.0250140069 -4.96100911e-08 -9.86803575e-09 1
LGIC_C 163 0.375725625 -0.259371831 0.0250140063 -4.20573976e-08 2.81018683e-08 1
LGIC_C 164 0.242072951 -0.572723893 0.025014014 -1.31306721e-08 4.82586744e-08 1
LGIC_C 165 -0.3259469 0.0404361569 0.0250139983 4.96100851e-08 2.90231542e-08 1
LGIC_C 166 -0.118682016 -0.695898359 0.0250140164 2.48392553e-08 4.34088306e-08 1
LGIC_C 167 -0.594341886 0.536711474 0.0250140183 3.68002297e-08 -2.45891157e-08 1
LGIC_C 168 -0.549822121 -0.242311119 0.0250140019 5.39043203e-09 6.47688584e-08 1
LGIC_C 169 0.651045657 -0.494906971 0.0250140194 -3.68002179e-08 2.45891393e-08 1
LGIC_C 171 -0.22335655 0.323881783 0.0250140047 1.28239438e-08 -5.73353116e-08 1
LGIC_C 172 0.336563888 0.15658531 0.0250140022 3.37890593e-08 4.80634111e-08 -1
LGIC_C 173 0.671012936 0.291717373 0.0250140151 -3.68002282e-08 -2.45891172e-08 1
LGIC_C 174 -0.096900161 -0.518718932 0.0250140082 2.48392553e-08 4.34088306e-08 1
LGIC_C 175 0.39204485 -0.307796859 0.0250140113 -3.37890406e-08 4.80634332e-08 1
LGIC_C 177 0.309000973 0.332363521 0.0250140059 -2.81018716e-08 -4.20573923e-08 1
LGIC_C 178 0.0788718991 -0.631645869 0.0250140141 6.33663526e-09 4.9610097e-08 1
LGIC_C 180 -0.15190127 0.273260169 0.025013999 2.8101852e-08 -4.20574041e-08 1
LGIC_C 181 -0.670162647 -0.307393244 0.0250140068 5.39043203e-09 6.47688584e-08 1
LGIC_C 183 0.663577486 0.335581122 0.0250140197 -4.82586616e-08 -1.31306776e-08 1
LGIC_C 184 0.723789697 -0.0417635711 0.0250140157 -4.34088182e-08 2.48392526e-08 1
LGIC_C 185 0.384215282 -0.128908694 0.0250140031 -4.34088182e-08 2.48392526e-08 1
LGIC_C 186 -0.602160811 -0.306625918 0.0250140063 5.39043203e-09 6.47688584e-08 1
LGIC_C 188 -0.754558586 0.0979290247 0.0250140169 4.34088259e-08 -8.63455061e-09 1
LGIC_C 189 -0.556277529 0.277074708 0.0250140145 4.20574045e-08 -2.81018523e-08 1
LGIC_C 190 0.341461797 -0.716888813 0.025014018 -2.45891087e-08 3.68002429e-08 1
LGIC_C 191 -0.405267182 -0.243877562 0.0250140012 5.39043203e-09 6.47688584e-08 1
LGIC_C 192 -0.295962761 0.114405311 0.0250139971 4.34088259e-08 -8.63455061e-09 1
LGIC_C 193 0.289622181 0.0822937455 0.0250139984 -4.96100911e-08 -9.86803575e-09 1
LGIC_C 194 -0.684819104 0.357569872 0.0250140173 3.68002297e-08 -2.45891157e-08 1
LGIC_C 195 0.372237577 0.410513761 0.025014011 -2.81018716e-08 -4.20573923e-08 1
LGIC_C 196 0.691160463 0.388786313 0.0250140182 -3.68002282e-08 -2.45891172e-08 1
LGIC_C 197 -0.261663384 -0.518009243 0.0250140087 2.45891453e-08 3.68002268e-08 1
LGIC_C 198 0.543955278 -0.00760248429 0.0250140069 -4.34088226e-08 8.63456802e-09 1
LGIC_C 199 0.63193687 0.239115413 0.0250140131 -4.96100869e-08 6.3366408e-09 1
LGIC_C 200 0.748361709 -0.321718813 0.0250140187 -3.68002179e-08 2.45891393e-08 1
LGIC_C 201 0.256919586 0.135047985 0.0250139978 -4.20574004e-08 -2.81018564e-08 1
LGIC_C 202 -0.0153015077 -0.272630068 0.0250139955 2.48392553e-08 4.34088306e-08 1
LGIC_C 203 -0.185558073 -0.0105081725 0.0250139922 -4.96100919e-08 2.90231703e-08 -1
LGIC_C 204 -0.37683393 0.554763056 0.0250140172 2.8101852e-08 -4.20574041e-08 1
LGIC_C 205 -0.0950530505 0.240117468 0.0250139961 9.86805557e-09 -4.96100883e-08 1
LGIC_C 206 0.658821323 -0.360661003 0.0250140163 -3.68002179e-08 2.45891393e-08 1
LGIC_C 207 -0.117710374 -0.444618408 0.0250140032 -4.89847109e-08 5.78784581e-08 1
LGIC_C 208 -0.516116552 0.370264434 0.025014013 -4.82586679e-08 1.31306769e-08 -1
LGIC_C 209 -0.00817423111 -0.00813661756 0.0250139849 -1.17760821e-07 -7.86851768e-08 -1
LGIC_C 210 0.0757263384 0.268711772 0.0250139973 -9.86806672e-09 -4.96100854e-08 1
LGIC_C 212 -0.357209421 -0.531530233 0.0250140109 -5.56021111e-08 -1.45571543e-08 -1
LGIC_C 213 0.346659793 -0.379569745 0.0250140089 -2.81018481e-08 4.20574137e-08 1
LGIC_C 214 0.465103511 -0.0556085031 0.0250140039 -4.34088226e-08 8.63456802e-09 1
LGIC_C 215 -0.450518127 -0.0151065701 0.0250140029 4.34088238e-08 8.63459484e-09 1
LGIC_C 216 0.218059712 -0.181094322 0.0250139971 -3.05989503e-08 3.95603122e-08 1
LGIC_C 217 0.494440015 -0.41323136 0.0250140198 -3.37890406e-08 4.80634332e-08 1
LGIC_C 218 -0.274072678 0.431062782 0.0250140077 1.31306824e-08 -4.82586643e-08 1
LGIC_C 219 -0.228303606 -0.460492316 0.0250140064 3.95603082e-08 3.05989652e-08 1
LGIC_C 220 -0.731586885 -0.320698919 0.0250140181 3.68002489e-08 2.45891179e-08 1
LGIC_C 221 0.6981421 -0.414393085 0.0250140191 -3.68002179e-08 2.45891393e-08 1
LGIC_C 222 -0.526146671 -0.134968513 0.0250140055 -4.96100919e-08 2.90231703e-08 -1
LGIC_C 223 0.225665138 0.436206205 0.0250140088 -4.80634192e-08 -3.37890445e-08 1
LGIC_C 224 -0.39135447 0.0539735935 0.0250140011 4.96100851e-08 2.90231542e-08 1
LGIC_C 225 0.20939527 -0.643783434 0.025014013 -8.63454093e-09 4.34088369e-08 1
LGIC_C 226 0.390757722 -0.220146173 0.025014003 -3.68002179e-08 2.45891393e-08 1
LGIC_C 227 -0.164479424 0.500626392 0.0250140064 8.63455111e-09 -4.34088279e-08 1
LGIC_C 228 0.254230269 -0.302430731 0.0250140012 -1.31306721e-08 4.82586744e-08 1
LGIC_C 229 -0.497266434 -0.103662543 0.0250140057 4.34088238e-08 8.63459484e-09 1
LGIC_C 230 -0.688005061 -0.19232116 0.0250140079 -4.34088282e-08 2.70157287e-08 -1
LGIC_C 231 0.528220987 0.28576571 0.0250140148 3.37890593e-08 4.80634111e-08 -1
LGIC_C 232 -0.261973112 0.799262952 0.0250140202 8.63455111e-09 -4.34088279e-08 1
LGIC_C 233 0.299514969 0.23808261 0.0250140008 -4.82586616e-08 -1.31306776e-08 1
LGIC_C 234 -0.053410928 -0.440029533 0.0250140028 8.63456455e-09 4.34088336e-08 1
LGIC_C 235 0.33460404 0.46095189 0.025014012 -2.81018716e-08 -4.20573923e-08 1
LGIC_C 236 0.261995164 -0.0247659264 0.0250139952 -4.34088182e-08 2.48392526e-08 1
LGIC_C 239 0.469350283 -0.307533454 0.0250140116 -4.20573976e-08 2.81018683e-08 1
LGIC_C 240 0.142882074 -0.176382179 0.0250139952 -1.28239349e-08 5.73353226e-08 1
LGIC_C 241 -0.0999091032 0.216519266 0.0250139952 2.8101852e-08 -4.20574041e-08 1
LGIC_C 242 0.602020454 -0.3270389 0.0250140193 -3.37890406e-08 4.80634332e-08 1
LGIC_C 243 -0.666337096 0.234826967 0.0250140186 4.96100897e-08 -9.86805572e-09 1
LGIC_C 246 0.386315148 0.450140336 0.0250140093 -2.45891309e-08 -3.68002211e-08 1
LGIC_C 247 -0.5148983 0.628159432 0.025014019 2.45891128e-08 -3.68002333e-08 1
LGIC_C 248 0.0813929077 -0.0878516143 0.0250139885 -2.45891087e-08 3.68002429e-08 1
LGIC_C 249 0.51374458 -0.0312655577 0.0250140097 -4.96100802e-08 3.14742968e-08 1
LGIC_C 250 0.250431644 0.530702645 0.0250140132 -4.80634192e-08 -3.37890445e-08 1
LGIC_C 251 0.045158587 0.655826911 0.0250140155 -6.33660387e-09 4.96100877e-08 -1
LGIC_C 252 0.14400566 0.572652752 0.0250140162 -3.14742949e-08 -4.96100822e-08 1
LGIC_C 253 0.497978822 0.317352142 0.0250140114 -4.82586616e-08 -1.31306776e-08 1
LGIC_C 255 -0.753921138 -0.069556751 0.0250140141 -4.34088282e-08 2.70157287e-08 -1
LGIC_C 256 -0.326176836 0.517307809 0.0250140103 2.45891128e-08 -3.68002333e-08 1
LGIC_C 257 0.289427323 0.326588469 0.0250140028 1.3130701e-08 4.82586573e-08 -1
LGIC_C 258 -0.309663265 0.581799205 0.0250140123 2.45891128e-08 -3.68002333e-08 1
LGIC_C 260 -0.0342458077 -0.631977034 0.0250140149 9.8680833e-09 4.96100963e-08 1
LGIC_C 261 0.0538705976 0.596155789 0.0250140096 -8.63455884e-09 -4.34088253e-08 1
LGIC_C 262 -0.343452329 0.356519672 0.025014005 1.31306824e-08 -4.82586643e-08 1
LGIC_C 263 -0.680479851 -0.208460958 0.0250140072 -4.34088282e-08 2.70157287e-08 -1
LGIC_C 264 0.455289688 -0.327540101 0.025014008 -3.68002179e-08 2.45891393e-08 1
LGIC_C 265 0.215799276 0.0484820298 0.0250139944 -4.96100911e-08 -9.86803575e-09 1
LGIC_C 266 -0.153647835 -0.322495295 0.0250139992 3.95603082e-08 3.05989652e-08 1
LGIC_C 267 -0.312372938 -0.287710388 0.0250140038 1.45571809e-08 5.5602105e-08 1
LGIC_C 268 -0.0786028153 -0.532999996 0.0250140074 -2.90231482e-08 4.96101036e-08 1
LGIC_C 269 -0.0935385823 0.685477758 0.0250140167 -6.33661298e-09 -4.96100859e-08 1
LGIC_C 271 -0.499717389 -0.441861764 0.0250140125 3.68002489e-08 2.45891179e-08 1
LGIC_C 272 -0.376676887 0.285706057 0.0250140052 -4.82586679e-08 1.31306769e-08 -1
LGIC_C 273 0.750773219 -0.164619911 0.0250140199 -4.34088182e-08 2.48392526e-08 1
LGIC_C 274 -0.363593326 0.379871458 0.0250140062 2.45891128e-08 -3.68002333e-08 1
LGIC_C 275 0.0155837607 -0.556633421 0.0250140108 6.33663526e-09 4.9610097e-08 1
LGIC_C 276 -0.127129726 -0.53617876 0.0250140061 -2.90231482e-08 4.96101036e-08 1
LGIC_C 278 0.314888874 0.257817988 0.0250140012 -3.68002282e-08 -2.45891172e-08 1
LGIC_C 279 0.0704517513 -0.0573295607 0.0250139872 -3.68002179e-08 2.45891393e-08 1
LGIC_C 280 -0.269633029 -0.130652213 0.0250139944 1.45571809e-08 5.5602105e-08 1
LGIC_C 281 0.354102646 0.552641997 0.0250140189 -4.80634192e-08 -3.37890445e-08 1
LGIC_C 282 -0.244846832 -0.447924545 0.0250140066 3.95603082e-08 3.05989652e-08 1
LGIC_C 283 -0.240558191 -0.479063164 0.0250140045 7.55636799e-08 6.2887973e-09 1
LGIC_C 284 0.225786616 -0.731787146 0.0250140169 -8.63454093e-09 4.34088369e-08 1
LGIC_C 286 -0.541454946 0.00510340522 0.02501401 4.96100851e-08 2.90231542e-08 1
LGIC_C 287 -0.0974915564 -0.175435934 0.0250139921 2.45891453e-08 3.68002268e-08 1
LGIC_C 288 0.0662659716 -0.323722262 0.0250139989 6.33663526e-09 4.9610097e-08 1
LGIC_C 289 0.0383054131 0.0219037505 0.0250139852 -3.68002282e-08 -2.45891172e-08 1
LGIC_C 290 -0.366299245 -0.535275785 0.0250140161 2.81018674e-08 4.20574117e-08 1
LGIC_C 291 -0.511553023 0.475215862 0.0250140138 3.68002297e-08 -2.45891157e-08 1
LGIC_C 292 0.462328221 0.482002121 0.0250140165 -2.81018716e-08 -4.20573923e-08 1
LGIC_C 293 -0.678395308 -0.0541898819 0.0250140154 -4.96100919e-08 2.90231703e-08 -1
LGIC_C 295 -0.147410196 0.142310649 0.025013995 6.28881943e-09 -7.55636452e-08 1
LGIC_C 296 0.470676602 0.268849569 0.0250140106 -4.20574004e-08 -2.81018564e-08 1
LGIC_C 297 0.0296779539 0.374431877 0.0250139998 -8.63455884e-09 -4.34088253e-08 1
LGIC_C 298 0.114079069 -0.50391836 0.0250140094 -9.86804037e-09 4.96101e-08 1
LGIC_C 299 -0.104137253 -0.275720148 0.0250139979 9.8680833e-09 4.96100963e-08 1
LGIC_C 300 0.431968454 -0.0597970052 0.0250140035 -4.34088182e-08 2.48392526e-08 1
LGIC_C 301 0.113055302 0.366886058 0.0250140002 -8.63455884e-09 -4.34088253e-08 1
LGIC_C 302 0.434012846 0.331070399 0.0250140108 -4.20574004e-08 -2.81018564e-08 1
LGIC_C 303 -0.0578259577 0.360993608 0.0250140017 9.86805557e-09 -4.96100883e-08 1
LGIC_C 304 -0.132962822 0.373331306 0.0250140009 -6.33661298e-09 -4.96100859e-08 1
LGIC_C 305 -0.470265857 0.229782518 0.0250140062 3.68002297e-08 -2.45891157e-08 1
LGIC_C 306 0.192056568 0.124173845 0.0250139957 3.37890593e-08 4.80634111e-08 -1
LGIC_C 307 -0.401978095 0.244500281 0.0250140059 -4.82586679e-08 1.31306769e-08 -1
LGIC_C 308 0.618051215 -0.292497886 0.0250140132 -3.68002179e-08 2.45891393e-08 1
LGIC_C 309 0.123978174 0.120678115 0.0250139908 -3.68002282e-08 -2.45891172e-08 1
LGIC_C 310 0.115810324 0.783359479 0.0250140183 -8.63455884e-09 -4.34088253e-08 1
LGIC_C 311 0.566646905 0.604888431 0.0250140194 -2.45891309e-08 -3.68002211e-08 1
LGIC_C 312 0.310943195 0.219797564 0.0250140025 -4.20574004e-08 -2.81018564e-08 1
LGIC_C 313 0.666770625 0.344064501 0.0250140162 -3.68002282e-08 -2.45891172e-08 1
LGIC_C 314 -0.280204075 0.505271824 0.0250140088 2.45891128e-08 -3.68002333e-08 1
LGIC_C 315 -0.0793685469 0.00121304524 0.0250139872 4.96100897e-08 -9.86805572e-09 1
LGIC_C 318 -0.208198798 -0.366529155 0.0250140002 -5.56021111e-08 -1.45571543e-08 -1
LGIC_C 319 -0.473293522 -0.0685314841 0.025014002 -4.34088282e-08 2.70157287e-08 -1
LGIC_C 320 0.43027537 0.582416276 0.0250140198 -2.81018716e-08 -4.20573923e-08 1
LGIC_C 322 0.515193134 0.229638162 0.0250140111 -4.82586616e-08 -1.31306776e-08 1
LGIC_C 323 -0.33679678 -0.647469931 0.0250140199 2.81018674e-08 4.20574117e-08 1
LGIC_C 324 0.0147044141 0.691055867 0.0250140175 -6.33660387e-09 4.96100877e-08 -1
LGIC_C 325 0.47574318 0.597266118 0.0250140169 -2.45891309e-08 -3.68002211e-08 1
LGIC_C 326 0.185023411 0.672582987 0.0250140155 -6.33660387e-09 4.96100877e-08 -1
LGIC_C 327 -0.288743285 -0.0331333268 0.0250139966 -4.96100919e-08 2.90231703e-08 -1
LGIC_C 328 -0.419192062 0.00657452944 0.0250140016 4.34088279e-08 -2.48392273e-08 1
LGIC_C 329 0.603306999 -0.239971262 0.0250140155 -4.96100859e-08 9.86807898e-09 1
LGIC_C 330 0.372420076 -0.0321102765 0.0250140027 -4.96100802e-08 3.14742968e-08 1
LGIC_C 331 0.233463791 -0.115382067 0.0250139949 -3.05989503e-08 3.95603122e-08 1
LGIC_C 332 -0.0011143373 -0.370418441 0.0250140016 9.8680833e-09 4.96100963e-08 1
LGIC_C 333 0.484334021 0.164040228 0.0250140057 -4.34088272e-08 -8.63453573e-09 1
LGIC_C 334 0.241740734 0.795026844 0.0250140199 -8.63455884e-09 -4.34088253e-08 1
LGIC_C 335 0.179775229 0.5514703 0.0250140095 -6.33660387e-09 4.96100877e-08 -1
LGIC_C 336 -0.738481864 0.0214563568 0.0250140159 4.34088279e-08 -2.48392273e-08 1
LGIC_C 337 -0.010376245 -0.00552642816 0.0250139836 5.39043203e-09 6.47688584e-08 1
LGIC_C 338 -0.212927636 0.315200653 0.0250140001 2.45891128e-08 -3.68002333e-08 1
LGIC_C 339 0.123907268 -0.192163932 0.0250139941 -1.31306721e-08 4.82586744e-08 1
LGIC_C 340 -0.306247994 0.593679909 0.0250140168 2.8101852e-08 -4.20574041e-08 1
LGIC_C 341 -0.0361687457 -0.71070083 0.0250140144 8.63456455e-09 4.34088336e-08 1
LGIC_C 342 -0.832242604 -0.0339751404 0.0250140185 -4.34088282e-08 2.70157287e-08 -1
LGIC_C 343 0.266615817 0.46749792 0.0250140093 1.3130701e-08 4.82586573e-08 -1
LGIC_C 344 -0.118074006 0.0473283357 0.0250139878 5.7878425e-08 4.89846948e-08 1
LGIC_C 346 0.350363714 0.32512899 0.0250140041 -3.68002282e-08 -2.45891172e-08 1
LGIC_C 347 0.478849183 -0.152816591 0.0250140085 -4.96100859e-08 9.86807898e-09 1
LGIC_C 349 -0.20660724 -0.528209539 0.0250140034 -2.90231482e-08 4.96101036e-08 1
LGIC_C 350 -0.278949701 0.371826901 0.0250140038 2.45891128e-08 -3.68002333e-08 1
LGIC_C 352 -0.203570879 -0.282036091 0.0250139999 3.95603082e-08 3.05989652e-08 1
LGIC_C 353 -0.330853732 0.167495195 0.0250140019 4.20574045e-08 -2.81018523e-08 1
LGIC_C 354 0.145542709 0.212728256 0.0250139963 -2.81018716e-08 -4.20573923e-08 1
LGIC_C 355 0.0818645951 -0.529729669 0.0250140131 1.00935263e-08 5.7878447e-08 1
LGIC_C 356 0.11543083 0.691488129 0.0250140143 -8.63455884e-09 -4.34088253e-08 1
LGIC_C 357 0.761119905 0.155519714 0.02501402 -4.96100869e-08 6.3366408e-09 1
LGIC_C 358 0.0550431761 -0.0354541998 0.0250139871 -4.90669481e-08 3.27855328e-08 1
LGIC_C 359 -0.244112981 0.221951717 0.0250140016 6.28881943e-09 -7.55636452e-08 1
LGIC_C 360 -0.48081224 0.425932174 0.0250140114 3.68002297e-08 -2.45891157e-08 1
LGIC_C 361 0.599476975 -0.146109946 0.0250140144 -4.96100859e-08 9.86807898e-09 1
LGIC_C 362 -0.422273546 -0.126704059 0.0250140005 -4.96100919e-08 2.90231703e-08 -1
LGIC_C 363 -0.31093786 0.444943852 0.0250140088 1.31306824e-08 -4.82586643e-08 1
LGIC_C 365 0.595026232 -0.333711406 0.0250140176 -4.20573976e-08 2.81018683e-08 1
LGIC_C 366 -0.35325089 -0.736847419 0.0250140198 3.95603082e-08 3.05989652e-08 1
LGIC_C 367 0.371190771 -0.100657613 0.0250140018 -4.34088182e-08 2.48392526e-08 1
LGIC_C 368 -0.121283853 -0.330703685 0.0250140006 2.48392553e-08 4.34088306e-08 1
LGIC_C 369 -0.112104545 -0.596706904 0.0250140096 -2.90231482e-08 4.96101036e-08 1
LGIC_C 370 -0.379529185 -0.563954063 0.0250140133 2.45891453e-08 3.68002268e-08 1
LGIC_C 371 0.228515133 0.0574260536 0.0250139937 -4.34088272e-08 -8.63453573e-09 1
LGIC_C 372 -0.070101298 0.448112894 0.0250140033 8.63455111e-09 -4.34088279e-08 1
LGIC_C 373 -0.614278866 0.464681151 0.0250140173 3.68002297e-08 -2.45891157e-08 1
LGIC_C 374 0.0394459322 -0.190787147 0.0250139925 6.33663526e-09 4.9610097e-08 1
LGIC_C 375 0.155664491 -0.633571203 0.0250140183 1.00935263e-08 5.7878447e-08 1
LGIC_C 376 0.411557317 0.361089125 0.0250140107 -4.20574004e-08 -2.81018564e-08 1
LGIC_C 377 0.32202085 0.163626776 0.0250139991 -3.68002282e-08 -2.45891172e-08 1
LGIC_C 378 -0.624266418 0.0900478758 0.0250140116 4.96100851e-08 2.90231542e-08 1
LGIC_C 379 -0.0272598685 -0.4757161 0.0250140071 9.8680833e-09 4.96100963e-08 1
LGIC_C 380 0.0807849239 0.603862577 0.025014014 -9.86806672e-09 -4.96100854e-08 1
LGIC_C 381 0.0283700958 0.67648757 0.0250140166 -6.33660387e-09 4.96100877e-08 -1
LGIC_C 382 0.584756571 -0.246111877 0.0250140148 -3.37890406e-08 4.80634332e-08 1
LGIC_C 384 -0.453178058 -0.409085162 0.025014017 6.28883752e-09 7.55636663e-08 1
LGIC_C 386 0.502296105 -0.460919974 0.025014013 -3.68002179e-08 2.45891393e-08 1
LGIC_C 387 0.582062751 -0.251323968 0.025014015 -3.37890406e-08 4.80634332e-08 1
LGIC_C 388 -0.00804265267 0.436948142 0.0250140052 -3.14742797e-08 4.96100914e-08 -1
LGIC_C 390 0.570913405 0.0221189678 0.0250140114 -4.96100869e-08 6.3366408e-09 1
LGIC_C 392 -0.192793158 -0.584061008 0.0250140066 -2.90231482e-08 4.96101036e-08 1
LGIC_C 393 -0.0115745901 -0.313864745 0.025013997 8.63456455e-09 4.34088336e-08 1
LGIC_C 395 0.354191694 0.460726347 0.0250140101 1.3130701e-08 4.82586573e-08 -1
LGIC_C 396 0.303300713 0.417818308 0.0250140074 1.3130701e-08 4.82586573e-08 -1
LGIC_C 397 -0.681418824 0.241497112 0.0250140149 4.34088259e-08 -8.63455061e-09 1
LGIC_C 398 -0.575271941 0.258003436 0.0250140151 3.37890593e-08 -4.80634052e-08 1
LGIC_C 399 0.600364133 -0.154061394 0.0250140179 -4.96100802e-08 3.14742968e-08 1
NT 412 -0.448205283 0.090560804 0.0295940836 0 0 0
NT 513 -0.308136297 -0.039487643 0.0280383984 0 0 0
NT 555 -0.92511625 0.250668928 -1.41093797 0 0 0
NT 572 -0.238978091 -0.255348816 0.0252528496 0 0 0
NT 648 0.452715324 0.306093142 0.0307686392 0 0 0
NT 650 0.720081912 0.29986211 0.0386438079 0 0 0
NT 657 0.090233687 0.374580987 0.0365717591 0 0 0
NT 679 0.24489109 0.122616906 0.0448767479 0 0 0
NT 841 -0.317371591 -0.266478422 0.0285111427 0 0 0
NT 924 -0.0146615028 0.115624854 0.0432166473 0 0 0
NT 1120 0.091417406 0.6693164 0.0454640906 0 0 0
NT 1132 0.0795937384 -0.0924747669 0.0254959095 0 0 0
NT 1323 -0.491437286 0.555586803 0.0440464543 0 0 0
NT 1344 -0.111256474 -0.119003089 0.0376952649 0 0 0
NT 1366 0.621247378 -0.00349310041 0.0380400431 0 0 0
NT 1443 -0.215937036 -0.0545541319 0.0260512247 0 0 0
NT 1774 0.386639953 -0.120308474 0.0368868703 0 0 0
NT 2014 0.273893835 -0.421294725 0.026627406 0 0 0
NT 2048 -0.15911879 -0.028079374 0.0313604142 0 0 0
NT 2049 -0.693399254 -0.701881483 0.0344782016 0 0 0
NT 2150 -0.149807531 0.254211856 0.0270473743 0 0 0
NT 2159 -0.835689902 -0.0500138342 -0.683640546 0 0 0
NT 2305 0.547397739 0.424047569 0.034935587 0 0 0
NT 2385 -0.888133641 -0.33709227 0.0700791512 0 0 0
NT 2477 0.461873275 -0.371354537 0.0252150617 0 0 0
NT 3100 -0.340282323 0.383724623 0.045772374 0 0 0
NT 3226 -0.646550112 -0.637197539 0.471801812 0 0 0
NT 3347 0.752914607 -0.122116822 0.0255539251 0 0 0
NT 3420 0.0174391915 0.125612475 0.0294661586 0 0 0
NT 3513 -0.209828619 -0.115920011 0.0288464645 0 0 0
NT 3607 0.492456824 -0.235601441 0.0360140301 0 0 0
NT 3628 -0.16230018 0.334094484 0.0440204644 0 0 0
NT 3703 -0.0830691418 0.383855571 0.032327831 0 0 0
NT 3727 0.55601694 0.198800368 0.0363592449 0 0 0
NT 3755 -0.491511536 0.81402472 0.150847748 0 0 0
NT 3851 -0.462612854 0.586805373 0.0393241352 0 0 0
NT 3862 -0.0153892301 0.492621164 0.0452054037 0 0 0
NT 3980 -0.279271724 -0.522183856 0.0293882145 0 0 0
NT 4078 0.238230294 0.580023405 0.0389293511 0 0 0
NT 4180 0.614451074 0.172112076 0.0298438215 0 0 0
NT 4268 0.511563172 -0.627497191 0.0359122375 0 0 0
NT 4346 -0.225708327 0.082998092 0.0308498657 0 0 0
NT 4425 -0.421919301 0.533637105 0.0428236743 0 0 0
NT 4428 -0.0977627335 -0.268304222 0.0372234769 0 0 0
NT 4440 0.543232823 -0.122727993 0.0398792983 0 0 0
NT 4445 0.154821548 -0.717042306 0.0375990105 0 0 0
NT 4449 -0.000163635035 0.177304672 0.0402167802 0 0 0
NT 4458 0.252831225 0.172171813 0.0417920127 0 0 0
NT 4460 -0.606808195 0.168231182 0.0420244511 0 0 0
NT 4476 0.503801586 0.306532373 0.0288420758 0 0 0
NT 4479 0.307191665 -0.326966476 0.0374653952 0 0 0
NT 4492 -0.611055873 -0.053901192 0.0421743255 0 0 0
NT 4494 0.833864566 -0.200403939 -0.0958599119 0 0 0
NT 4510 0.714865333 0.299745247 0.0303180831 0 0 0
NT 4528 -0.00273969157 -0.329516645 0.044529383 0 0 0
NT 4636 0.0206696225 0.0337431295 0.0462564837 0 0 0
NT 4651 -0.614939596 -0.614632469 -0.0273473888 0 0 0
NT 4655 0.450359776 -0.40477677 0.027858152 0 0 0
NT 4683 0.974722742 0.0202062611 0.144221788 0 0 0
NT 4695 0.106579526 -0.426535053 0.0308292286 0 0 0
NT 4699 0.889132711 -0.0683383005 -0.0754604307 0 0 0
NT 4701 -0.0621120363 -0.213426378 0.0411738583 0 0 0
NT 4712 -0.089786888 -0.135859334 0.0430919272 0 0 0
NT 4719 0.0225280456 -0.156429291 0.027855896 0 0 0
NT 4749 -0.532317275 0.325649654 0.0377561325 0 0 0
NT 4767 0.233499758 -0.288253129 0.0441218291 0 0 0
NT 4780 -0.0276487189 0.906479335 0.0304260428 0 0 0
NT 4787 0.149663023 0.169564281 0.0386956502 0 0 0
NT 4797 0.12976202 -0.488646881 0.0287247465 0 0 0
NT 4806 -0.632745013 -0.435445613 0.0443995509 0 0 0
NT 4812 -0.179221056 -0.364884504 0.0394347723 0 0 0
NT 4822 0.340164792 -0.0559858849 0.0332761876 0 0 0
NT 4827 0.805520376 0.500765809 -0.84235598 0 0 0
NT 4828 0.319404377 -0.616187286 0.028753486 0 0 0
NT 4832 0.301605166 -0.00900310832 0.0377100963 0 0 0
NT 4865 0.0768184349 0.231727448 0.0440739545 0 0 0
NT 4868 0.362907942 -0.117350417 0.0397561584 0 0 0
NT 4878 0.234044275 -0.00378513545 0.0348456463 0 0 0
NT 4897 0.800490438 0.386719816 0.0603432433 0 0 0
NT 4900 -0.0820519835 -0.233432757 0.0280520815 0 0 0
NT 4904 -0.0629156946 0.773088965 0.0260829796 0 0 0
NT 4905 -0.211912508 -0.117546951 0.0345915525 0 0 0
NT 4916 -0.208990966 0.657808128 0.0458907273 0 0 0
NT 4937 -0.128326208 0.370865636 0.0376586058 0 0 0
NT 4942 0.411257739 0.473075465 0.0386147394 0 0 0
NT 4951 0.126313407 -0.520171693 0.0445044093 0 0 0
NT 4952 0.070921649 -0.108270718 0.0344964901 0 0 0
NT 4960 0.121953482 0.0909508196 0.0347001853 0 0 0
NT 4964 0.492299925 -0.051218324 0.031853206 0 0 0
NT 4995 -0.162148676 -0.0678529393 0.0429056503 0 0 0
NT 4996 -0.405673888 0.143630504 0.0284920968 0 0 0
NT 5000 0.413700035 0.192538525 0.0406480035 0 0 0
NT 5003 0.00615768451 -0.0742017875 0.040524654 0 0 0
NT 5006 0.132511598 -0.876886331 -0.0718793062 0 0 0
NT 5018 0.171558872 -0.234342735 0.0337585737 0 0 0
NT 5039 0.0593838595 0.62470489 0.0428228172 0 0 0
NT 5041 -0.260911673 0.135583488 0.0440530424 0 0 0
NT 5053 0.289719984 -0.314009857 0.0376758274 0 0 0
NT 5058 -0.512520572 -0.0473761685 0.0405455122 0 0 0
NT 5063 0.638272829 0.0213302967 0.041988302 0 0 0
NT 5064 -0.227091813 -0.400083582 0.031614626 0 0 0
NT 5078 0.176605848 -0.209437305 0.0425766874 0 0 0
NT 5080 -0.310948461 -0.12321906 0.0361225475 0 0 0
NT 5083 0.0204134822 -0.207607734 0.0434988107 0 0 0
NT 5091 -0.209103623 -0.45915582 0.0396424465 0 0 0
NT 5116 -0.661378363 0.12440242 0.0461456072 0 0 0
NT 5172 0.493486146 -0.501576303 0.0381014496 0 0 0
NT 5176 0.129654675 -0.208330771 0.0322109251 0 0 0
NT 5181 0.476448254 -0.757174012 -0.101167689 0 0 0
NT 5183 0.433101789 -0.279269474 0.0452215779 0 0 0
NT 5190 -0.0447576915 0.46785918 0.0295413265 0 0 0
NT 5202 0.335547965 -0.211787415 0.044519512 0 0 0
NT 5203 -0.0951442515 0.361025909 0.0404790097 0 0 0
NT 5209 0.132428001 -0.336738458 0.03260919 0 0 0
NT 5224 -0.930143522 0.184481294 -0.18293391 0 0 0
NT 5229 0.135951676 -0.385735181 0.0286095212 0 0 0
NT 5247 -0.00180253773 -0.121789876 0.0347326797 0 0 0
NT 5263 0.619596595 -0.454450734 0.0345873356 0 0 0
NT 5265 -0.546097316 -0.201358339 0.0354524478 0 0 0
NT 5268 -0.47291207 -0.203160401 0.0306286027 0 0 0
NT 5271 -0.333914358 -0.483009556 0.0258077699 0 0 0
NT 5274 -0.180177852 -0.046743607 0.0279946436 0 0 0
NT 5305 -0.0078577189 -0.0361766182 0.0282285178 0 0 0
NT 5307 0.116743665 0.244572568 0.0372106149 0 0 0
NT 5317 0.109331752 0.0629083339 0.0281502691 0 0 0
NT 5330 0.310926541 -0.0543852307 0.0336534149 0 0 0
NT 5343 -0.269566943 0.125909547 0.0363702568 0 0 0
NT 5344 0.00875384482 0.237432498 0.0306780934 0 0 0
NT 5346 -0.2338288 -0.156920237 0.0422751365 0 0 0
NT 5348 0.315701486 -0.277282041 0.0272167062 0 0 0
NT 5356 -0.0641248984 0.321509215 0.0266210585 0 0 0
NT 5358 -0.207775586 0.132713768 0.0289475267 0 0 0
NT 5362 -0.871245858 0.403603703 0.100051058 0 0 0
NT 5368 -0.34364053 -0.697381193 0.0300895118 0 0 0
NT 5375 -0.145858139 0.0488540781 0.0296536935 0 0 0
NT 5392 -0.153246312 0.324583418 0.0327565104 0 0 0
NT 5402 -0.0496247734 -0.13991589 0.0411659637 0 0 0
NT 5429 -0.23868302 -0.00393363577 0.0411575691 0 0 0
NT 5444 0.157466306 -0.180159581 0.030062831 0 0 0
NT 5450 0.0794040287 0.326078416 0.0265486958 0 0 0
NT 5452 0.242908608 0.882423779 0.0766106418 0 0 0
NT 5454 -0.106633211 0.321043109 0.0330951117 0 0 0
NT 5470 0.423469001 0.731443114 0.0523891253 0 0 0
NT 5475 -0.33592013 0.0882722232 0.029555639 0 0 0
NT 5496 -0.145428774 0.0965871564 0.0443777029 0 0 0
NT 5508 -0.0327015035 -0.227554138 0.0430858282 0 0 0
NT 5531 0.13588259 0.0849272839 0.0456746377 0 0 0
NT 5536 0.244200223 0.102464635 0.0408565234 0 0 0
NT 5548 0.197913075 -0.259615248 0.0402212329 0 0 0
NT 5551 -0.437068751 0.342146613 0.0424508936 0 0 0
NT 5563 -0.0635678092 -0.103533544 0.0336181165 0 0 0
NT 5565 -0.548483175 0.136122785 0.042096348 0 0 0
NT 5579 -0.386238786 -0.0321478045 0.0349098379 0 0 0
NT 5590 -0.365509657 0.217222159 0.0373518886 0 0 0
NT 5593 0.489090576 0.309832481 0.0376262219 0 0 0
NT 5600 0.410899669 -0.0380267806 0.0405729484 0 0 0
NT 5601 -0.147483576 0.209358322 0.0343429711 0 0 0
NT 5602 0.405391552 -0.378088953 0.0405845946 0 0 0
NT 5619 -0.0761300684 -0.139683185 0.0427506527 0 0 0
NT 5622 0.206104358 0.589793934 0.0305300408 0 0 0
NT 5623 -0.20775737 0.335250644 0.046027413 0 0 0
NT 5625 0.992673739 0.0282126467 0.121339732 0 0 0
NT 5641 -0.359855035 -0.494152747 0.0353997431 0 0 0
NT 5659 -0.0227788068 0.46565555 0.0345065738 0 0 0
NT 5662 -0.452722643 0.636630648 0.0440624592 0 0 0
NT 5667 -0.130466597 -0.665103701 0.0309436137 0 0 0
NT 5693 0.157543242 -0.0490847157 0.0424492726 0 0 0
NT 5696 -0.146190898 -0.602020071 0.039739836 0 0 0
NT 5724 0.537136138 -0.157666833 0.0330267004 0 0 0
NT 5746 -0.515162373 -0.349989191 0.0333075328 0 0 0
NT 5789 -0.0751911396 0.623672035 0.0365209434 0 0 0
NT 5791 0.44376974 -0.0373272244 0.0442030083 0 0 0
NT 5826 0.45018797 -0.0938866637 0.0424414108 0 0 0
NT 5832 0.634748305 0.27701981 0.0445572366 0 0 0
NT 5837 0.161249041 -0.535937312 0.0447811022 0 0 0
NT 5840 -0.00985468016 0.242542667 0.0371678326 0 0 0
NT 5847 -0.435918781 -0.196934804 0.0397648699 0 0 0
NT 5864 -0.231356686 0.107631672 0.0298873568 0 0 0
NT 5870 -0.409501019 0.22298938 0.0416806767 0 0 0
NT 5872 0.30180514 -0.197339665 0.0342584206 0 0 0
NT 5876 -0.0523820652 -0.120742928 0.0269235657 0 0 0
NT 5877 0.209239337 0.296108986 0.0361277725 0 0 0
NT 5907 -0.129417508 0.163889984 0.0323423615 0 0 0
NT 5927 0.302154138 0.683319174 0.0257911491 0 0 0
NT 5928 0.59565553 0.0304094451 0.0317374894 0 0 0
NT 5940 -0.198693541 -0.0515695957 0.0403696561 0 0 0
NT 5948 0.0418094544 0.4385527 0.0285268038 0 0 0
NT 5959 -0.684794625 -0.129787948 0.0429616816 0 0 0
NT 5961 -0.63554075 0.364546715 0.0266027238 0 0 0
NT 5973 0.442912659 -0.0557531853 0.0321139869 0 0 0
NT 5995 0.143343527 0.0379610296 0.0328614879 0 0 0
NT 6029 -0.531502391 -0.787326886 0.0785821342 0 0 0
NT 6035 0.26604146 -0.0278930138 0.0325219883 0 0 0
NT 6056 -0.251307273 0.562683898 0.045446707 0 0 0
NT 6061 0.0150799406 0.616707987 0.046539124 0 0 0
NT 6064 0.432907058 -0.369204415 0.0345640828 0 0 0
NT 6075 0.840034559 -0.232789223 0.0430324799 0 0 0
NT 6076 -0.423897112 -0.372990867 0.0312064492 0 0 0
NT 6091 0.822824299 0.284514811 0.0912591352 0 0 0
NT 6094 0.243932114 -0.244769384 0.0254905761 0 0 0
NT 6100 0.559324487 -0.0807374105 0.0414022579 0 0 0
NT 6102 0.0042402785 -0.238845019 0.0267057798 0 0 0
NT 6105 0.0668037149 0.739782668 0.0358395271 0 0 0
NT 6108 0.0637170671 0.177331287 0.0285639844 0 0 0
NT 6119 -0.359198202 0.155823353 0.0406822939 0 0 0
NT 6134 -0.170432496 -0.293683468 0.0270851151 0 0 0
NT 6152 -0.138228438 -0.768145874 0.0291461366 0 0 0
NT 6156 0.13447205 -0.902913125 -0.3339726 0 0 0
NT 6161 -0.094549118 0.0140061484 0.0345789649 0 0 0
NT 6164 0.0667957383 0.722762527 0.0453566466 0 0 0
NT 6175 -0.213447054 -0.555489524 0.0423838847 0 0 0
NT 6185 -0.0577638145 -0.158075015 0.0407832265 0 0 0
NT 6201 0.126558015 -0.314703046 0.034765724 0 0 0
NT 6206 -0.177284328 -0.197779328 0.0283071304 0 0 0
NT 6226 0.00796525551 -0.00789218231 0.0345495258 0 0 0
NT 6231 0.109003949 0.0767971402 0.0328154792 0 0 0
NT 6235 -0.0997610391 0.191090429 0.0374381909 0 0 0
NT 6249 0.14444659 0.392999023 0.031323426 0 0 0
NT 6250 -0.132613942 0.0254050126 0.0422983069 0 0 0
NT 6253 0.377775206 0.112032315 0.0353072259 0 0 0
NT 6289 -0.180233777 -0.199517717 0.0395361766 0 0 0
NT 6306 0.146902566 -0.472432898 0.0429426477 0 0 0
NT 6316 0.729684317 0.374189879 0.0274886961 0 0 0
NT 6319 0.442068804 0.435036689 0.0301728182 0 0 0
NT 6333 -0.213685587 -0.669639943 0.0318279556 0 0 0
NT 6348 0.45578455 0.586212917 0.028819042 0 0 0
NT 6369 -0.0532115143 -0.407430213 0.0307354467 0 0 0
NT 6370 0.00324731639 -0.317761179 0.0356177705 0 0 0
NT 6391 0.012443623 -0.0562454665 0.0421754652 0 0 0
NT 6414 0.29998 0.0871654394 0.0440990967 0 0 0
NT 6417 -0.398935842 -0.490645032 0.0307827476 0 0 0
NT 6450 -0.477407826 -0.342177387 0.0452526907 0 0 0
NT 6463 -0.212792632 0.853628401 -0.0104806991 0 0 0
NT 6468 -0.338945977 -0.874053433 -0.222440305 0 0 0
NT 6494 0.610298385 -0.703355939 -0.0531403731 0 0 0
NT 6509 0.422227166 0.176094008 0.0408097489 0 0 0
NT 6511 0.667837264 -0.0529527777 0.0367786602 0 0 0
NT 6522 -0.653573131 0.438564611 0.0298105441 0 0 0
NT 6528 -0.276914417 0.0800193157 0.0252722159 0 0 0
NT 6536 -0.407270916 -0.0715836108 0.0300329618 0 0 0
NT 6539 -0.731321046 -0.145491426 0.0377125828 0 0 0
NT 6546 -0.0406900622 -0.145323036 0.0269324767 0 0 0
NT 6552 0.162837556 0.377206693 0.0454253963 0 0 0
NT 6557 0.961224404 -0.172070495 -0.0604290745 0 0 0
NT 6600 0.367174364 0.241953637 0.0462494122 0 0 0
NT 6614 0.323161179 0.349466301 0.0346815952 0 0 0
NT 6632 -0.61976524 0.14138117 0.0367370402 0 0 0
NT 6644 0.716808082 -0.515515979 -0.461315547 0 0 0
NT 6650 -0.121539399 0.163790457 0.04613877 0 0 0
NT 6660 0.928296584 -0.03908777 0.10350808 0 0 0
NT 6670 0.166337483 0.479332447 0.0455559756 0 0 0
NT 6694 0.113386827 -0.0175719481 0.0464952597 0 0 0
NT 6699 -0.121878576 0.346628956 0.0376113251 0 0 0
NT 6710 0.68669599 0.63536599 0.0414683503 0 0 0
NT 6714 0.242220352 0.210580804 0.0256980605 0 0 0
NT 6751 -0.226005601 0.112837121 0.0288755541 0 0 0
NT 6788 0.153959395 0.0390221818 0.0332630786 0 0 0
NT 6801 0.323308042 0.299495172 0.0454786771 0 0 0
NT 6820 -0.587426495 -0.287689068 0.0415656025 0 0 0
NT 6838 -0.0103927543 0.456964126 0.0422223269 0 0 0
NT 6840 0.666524047 -0.422883014 -1.66550651 0 0 0
NT 6843 0.130065074 -0.0992329021 0.0420090909 0 0 0
NT 6882 0.214069812 -0.325436205 0.035586844 0 0 0
NT 6885 0.200685398 0.249364602 0.0427424879 0 0 0
NT 6903 0.319111125 0.321271536 0.0359150311 0 0 0
NT 6911 -0.293572253 -0.321947359 0.0455161502 0 0 0
NT 6918 -0.175819936 -0.644656439 0.0400989582 0 0 0
NT 6929 0.299444026 0.275570318 0.0346160434 0 0 0
NT 6931 -0.693317578 -0.0959157944 0.0449741442 0 0 0
NT 6933 0.128217386 -0.0925007596 0.0263747247 0 0 0
NT 6956 0.644265069 0.119957904 0.0404771514 0 0 0
NT 6959 -0.486059194 0.395907056 0.0457408666 0 0 0
NT 6967 0.297878652 -0.492900123 0.0310433156 0 0 0
NT 6981 0.325376321 -0.263522963 0.0378839103 0 0 0
NT 6993 -0.104635768 0.599998987 0.0335795287 0 0 0
NT 6998 0.170880112 -0.210354682 0.0384477329 0 0 0
NT 6999 0.381447872 -0.260568407 0.0436956478 0 0 0
NT 7027 -0.20768656 0.148083496 0.0299097511 0 0 0
NT 7032 -0.0184931887 0.0908645684 0.0323376509 0 0 0
NT 7037 0.113137695 0.459516827 0.041869293 0 0 0
NT 7050 -0.156346166 0.328804769 0.0393274948 0 0 0
NT 7058 -0.0722674216 -0.173227827 0.0353624902 0 0 0
NT 7063 0.0918300099 0.264158725 0.0310735693 0 0 0
NT 7065 -0.199550993 0.923951576 0.0667175 0 0 0
NT 7066 0.221227865 -0.215850218 0.0331644039 0 0 0
NT 7076 0.368185403 0.674350241 0.0270168463 0 0 0
NT 7082 -0.271035763 -0.31917298 0.028933366 0 0 0
NT 7085 0.115058454 -0.0897079151 0.0280276997 0 0 0
NT 7112 0.246673046 -0.724853184 0.0270956751 0 0 0
NT 7121 0.478065232 0.253616275 0.0291355236 0 0 0
NT 7126 0.162354457 0.11431458 0.0364501705 0 0 0
NT 7150 0.422339901 0.130514876 0.0464233271 0 0 0
NT 7152 -0.0150788921 -0.0180569367 0.037417867 0 0 0
NT 7167 -0.0235358898 0.0308789127 0.0411350445 0 0 0
NT 7170 0.125172251 -0.247077571 0.0352292489 0 0 0
NT 7178 -0.422282265 0.892448924 0.117396017 0 0 0
NT 7181 -1.40912801 0.453599361 0.900553156 0 0 0
NT 7186 0.544589264 -0.472262471 0.0283282359 0 0 0
NT 7242 -0.483768161 -0.250951883 0.0395989975 0 0 0
NT 7244 -0.0559770569 0.207424673 0.0284411087 0 0 0
NT 7250 0.181728501 -0.169517494 0.0298155301 0 0 0
NT 7253 0.21564226 0.0770588444 0.039727957 0 0 0
NT 7254 0.574494739 -0.354744926 0.0255631556 0 0 0
NT 7278 0.430930289 0.684218828 0.0374995858 0 0 0
NT 7281 -0.306923825 -0.221202322 0.0286876775 0 0 0
NT 7294 0.155827733 0.294760768 0.0287348507 0 0 0
NT 7301 -0.669708116 -0.0835532336 0.0323107246 0 0 0
NT 7316 0.0763562944 -0.0349178822 0.0409569575 0 0 0
NT 7321 0.0252323621 -0.154488039 0.0325717621 0 0 0
NT 7329 -0.211569612 0.475177988 0.0334596422 0 0 0
NT 7338 0.600751026 0.511270812 0.0257324714 0 0 0
NT 7350 -0.264955938 -0.119012725 0.034783252 0 0 0
NT 7394 0.568878709 -0.554855783 0.0290284546 0 0 0
NT 7403 -0.50937143 0.341154519 0.0312217298 0 0 0
NT 7422 -0.386193138 -0.171603495 0.0289453679 0 0 0
NT 7426 0.780870951 -0.0318313299 0.0357998347 0 0 0
NT 7435 0.128706038 0.222000282 0.0322540388 0 0 0
NT 7437 -0.0315125235 0.53117635 0.0398063402 0 0 0
NT 7462 0.2063338 0.233290294 0.0331117729 0 0 0
NT 7475 -0.153410519 -0.0551455331 0.0398950295 0 0 0
NT 7491 0.18596385 -0.0541768053 0.040455167 0 0 0
NT 7497 0.0805876893 0.0580021101 0.0454920148 0 0 0
NT 7511 -0.0820129042 0.807223968 0.0395101327 0 0 0
NT 7541 0.147952474 -0.0597533256 0.0385176177 0 0 0
NT 7572 0.485777905 -0.125378911 0.0349252031 0 0 0
NT 7573 0.210525744 -0.0500649085 0.0297344931 0 0 0
NT 7577 0.556382545 0.242548923 0.0299222991 0 0 0
NT 7579 0.115336233 0.0422900066 0.0397124767 0 0 0
NT 7589 -0.028685231 -0.134900501 0.0324808464 0 0 0
NT 7669 -0.0611810077 0.626882617 0.032167317 0 0 0
NT 7670 -0.638207185 -0.0998570455 0.0378889967 0 0 0
NT 7671 0.203629638 0.200438427 0.025556058 0 0 0
NT 7675 0.95986164 0.0830613707 0.645066047 0 0 0
NT 7686 0.477281696 0.306234907 0.0392484612 0 0 0
NT 7695 -0.225671971 0.510793527 0.0375031088 0 0 0
NT 7698 -0.335844238 0.842212809 0.137144288 0 0 0
NT 7708 -0.168475133 0.342298657 0.0296845917 0 0 0
NT 7716 0.708678707 -0.172074376 0.0435972921 0 0 0
NT 7728 0.279825392 -0.829942689 0.0347169155 0 0 0
NT 7732 -0.254122248 0.564145043 0.0378986764 0 0 0
NT 7745 -0.14547638 0.441970265 0.0411442873 0 0 0
NT 7748 -0.139056791 0.427604399 0.0360082097 0 0 0
NT 7751 -0.594554129 -0.247400163 0.0465647849 0 0 0
NT 7755 0.47835378 -0.240497716 0.0262619941 0 0 0
NT 7757 0.602081903 -0.389120367 0.0402864254 0 0 0
NT 7758 -0.191702719 -0.213336482 0.0283629829 0 0 0
NT 7776 -0.264630656 -0.405749148 0.0331937699 0 0 0
NT 7782 0.50379617 0.193584002 0.0259034226 0 0 0
NT 7793 -0.02185877 -0.00694575796 0.0374528628 0 0 0
NT 7808 -0.579357315 -0.0693277277 0.0360047928 0 0 0
NT 7813 0.643442178 0.141264131 0.0295355875 0 0 0
NT 7817 -0.1694079 1.26275442 1.4159365 0 0 0
NT 7822 -0.263955594 0.277591318 0.0320584994 0 0 0
NT 7827 0.186821135 0.0438535424 0.0359846416 0 0 0
NT 7832 -0.183697935 -0.670617587 0.0261340143 0 0 0
NT 7836 -0.0233468953 0.300661155 0.0262584997 0 0 0
NT 7841 0.00441514135 0.336021856 0.0341958704 0 0 0
NT 7852 -0.256243284 0.66382837 0.0275052827 0 0 0
NT 7855 0.251091993 -0.0651451444 0.0441390156 0 0 0
NT 7909 -0.494287405 0.803870527 -0.100714107 0 0 0
NT 7925 0.127167292 0.0592128992 0.0396400114 0 0 0
NT 7928 0.102141809 -0.223694537 0.0409670076 0 0 0
NT 7962 -0.382412804 0.160319976 0.0465718247 0 0 0
NT 7964 0.4104955 -0.430668721 0.0255098581 0 0 0
NT 7984 0.148698895 -0.757621549 0.0286633552 0 0 0
NT 7994 0.402458942 0.283829528 0.0386876309 0 0 0
NT 8009 0.00415027669 -0.472722075 0.0331708103 0 0 0
NT 8011 -0.0717665406 -0.287792019 0.0410133343 0 0 0
NT 8020 -0.5786777 -0.103870228 0.0319957366 0 0 0
NT 8048 -0.124837302 -0.0082725827 0.038746263 0 0 0
NT 8050 0.0790773663 0.179991131 0.0326246888 0 0 0
NT 8054 -0.0622580343 -0.241933127 0.0437817854 0 0 0
NT 8066 -0.362534069 -0.247280129 0.030698862 0 0 0
NT 8093 -0.506889541 -0.0858028422 0.0412044904 0 0 0
NT 8102 0.287983569 -0.586508553 0.0347116704 0 0 0
NT 8118 -0.309171606 -0.729146318 0.044928109 0 0 0
NT 8127 -0.229515112 0.118031486 0.0388184831 0 0 0
NT 8136 -0.0973668122 0.677635515 0.0417940542 0 0 0
NT 8147 0.522270137 0.725984383 0.0381720895 0 0 0
NT 8155 0.187812728 0.633562698 0.0418039792 0 0 0
NT 8214 0.673502726 -0.131907536 0.03837783 0 0 0
NT 8219 -0.113680573 -0.237597296 0.0331088172 0 0 0
NT 8226 0.0644800645 0.34336735 0.0326461232 0 0 0
NT 8232 -0.0659890902 0.212605722 0.0301112044 0 0 0
NT 8256 -0.728253255 -0.145859518 0.0461918946 0 0 0
NT 8268 -0.533013824 -0.297985235 0.0280774542 0 0 0
NT 8280 0.336406247 0.340511121 0.0276582166 0 0 0
NT 8288 -0.118865326 -0.385908683 0.0368073032 0 0 0
NT 8296 -0.114678828 0.117936322 0.0387366549 0 0 0
NT 8313 -0.663902108 -0.362441916 0.03699693 0 0 0
NT 8346 -0.588805202 0.0955579803 0.0334674937 0 0 0
NT 8361 0.159746703 -0.354084885 0.0455381257 0 0 0
NT 8374 0.812955061 -0.338705358 0.0401611451 0 0 0
NT 8378 -0.197016757 0.12583168 0.0334689573 0 0 0
NT 8383 -0.479978516 0.00132926763 0.0333528374 0 0 0
NT 8408 -0.103862827 0.036234602 0.0270779665 0 0 0
NT 8418 -0.20100107 0.104151904 0.0304885192 0 0 0
LGIC_O 4402 -0.0345878633 0.265675272 0.025013999 1.15127271e-08 -5.78784352e-08 1
LGIC_O 4401 -0.1840676 0.0972239463 0.0250139942 3.37890593e-08 -4.80634052e-08 1
LGIC_O 4400 -0.175025146 0.0137516014 0.0250139927 5.7878425e-08 4.89846948e-08 1
LGIC_O 8441 0.636913646 -0.12672076 0.0250140188 -4.96100802e-08 3.14742968e-08 1
LGIC_O 8440 0.314831804 -0.521242477 0.0250140191 -3.27854948e-08 4.90669785e-08 1
LGIC_O 8439 0.567487089 -0.204519113 0.0250140184 -5.78784275e-08 1.15127558e-08 1
LGIC_O 8438 -0.495463838 -0.478991786 0.0250140171 1.45571809e-08 5.5602105e-08 1
LGIC_O 8437 -0.0865332912 0.0753896135 0.0250139898 3.37890593e-08 -4.80634052e-08 1
LGIC_O 8436 0.281965125 0.349247805 0.0250140096 -3.27855134e-08 -4.90669575e-08 1
LGIC_O 8435 -0.281577291 0.489075666 0.0250140165 3.27854968e-08 -4.90669676e-08 1
LGIC_O 8434 -0.605092982 -0.110313414 0.0250140129 5.7878436e-08 -4.89847332e-08 1
LGIC_O 8433 0.701586212 -0.0117142491 0.0250140184 -4.96100802e-08 3.14742968e-08 1
LGIC_O 8432 0.426050556 0.664856809 0.0250140182 -2.45891309e-08 -3.68002211e-08 1
LGIC_O 8431 -0.53569519 -0.176489801 0.025014008 4.34088238e-08 8.63459484e-09 1
LGIC_O 8430 -0.206044735 -0.180448528 0.0250139982 6.28883752e-09 7.55636663e-08 1
LGIC_O 8429 0.342033035 -0.34268384 0.0250140113 -3.27854948e-08 4.90669785e-08 1
LGIC_O 8428 0.576112066 -0.314703408 0.0250140178 -3.37890406e-08 4.80634332e-08 1
LGIC_O 8427 0.236726308 -0.318077646 0.0250140066 -3.27854948e-08 4.90669785e-08 1
LGIC_O 8426 -0.0976488914 -0.110862836 0.0250139913 7.55636799e-08 6.2887973e-09 1
LGIC_O 8425 0.534646383 -0.195059479 0.0250140164 -5.78784275e-08 1.15127558e-08 1
LGIC_O 8424 0.219544679 -0.315091025 0.0250140059 -3.27854948e-08 4.90669785e-08 1
LGIC_O 8423 -0.608846757 -0.593779315 0.0250140203 3.68002489e-08 2.45891179e-08 1
LGIC_O 8422 0.564815598 -0.372450199 0.0250140202 -3.37890406e-08 4.80634332e-08 1
LGIC_O 8421 0.550750457 0.0902902064 0.0250140162 -5.78784335e-08 -1.15127284e-08 1
LGIC_O 8420 0.175418091 0.0610257495 0.0250139941 -5.78784335e-08 -1.15127284e-08 1
LGIC_O 8419 0.142777714 0.100831833 0.0250139936 -4.90669739e-08 -3.27854893e-08 1
LGIC_O 4418 0.0575220985 -0.190210297 0.0250139949 -1.15127059e-08 5.78784511e-08 1
LGIC_O 4417 -0.118754336 -0.170834128 0.0250139938 2.81018674e-08 4.20574117e-08 1
LGIC_O 4416 0.593239316 0.0786534269 0.0250140185 -5.78784335e-08 -1.15127284e-08 1
LGIC_O 4415 0.0853954366 -0.420999761 0.0250140086 -1.15127059e-08 5.78784511e-08 1
LGIC_O 4414 -0.374457097 -0.228026162 0.0250140026 3.68002489e-08 2.45891179e-08 1
LGIC_O 4413 0.577482781 -0.285169834 0.0250140164 -3.37890406e-08 4.80634332e-08 1
LGIC_O 4412 -0.484325859 0.306166979 0.0250140144 3.37890593e-08 -4.80634052e-08 1
LGIC_O 4411 0.44777829 -0.0963194904 0.0250140103 -5.78784275e-08 1.15127558e-08 1
LGIC_O 4410 0.28281874 -0.503567977 0.0250140172 -3.27854948e-08 4.90669785e-08 1
LGIC_O 4409 -0.116204576 -0.152585731 0.025013993 7.55636799e-08 6.2887973e-09 1
LGIC_O 4408 -0.333519821 0.289166147 0.0250140084 3.37890593e-08 -4.80634052e-08 1
LGIC_O 4407 -0.148720782 -0.636306108 0.0250140163 9.8680833e-09 4.96100963e-08 1
LGIC_O 4406 0.336173082 -0.328141715 0.0250140105 -4.90669481e-08 3.27855328e-08 1
LGIC_O 4405 -0.249510429 -0.168914007 0.0250139976 6.28883752e-09 7.55636663e-08 1
LGIC_O 4404 0.0811982327 0.141649416 0.0250139929 -3.27855134e-08 -4.90669575e-08 1
LGIC_O 4403 0.0533120499 -0.19689515 0.0250139952 -1.15127059e-08 5.78784511e-08 1
