LGIC_C 0 0.485383123 0.207441121 0.0250140095 -4.20574004e-08 -2.81018564e-08 1
LGIC_C 1 -0.300575011 0.045235984 0.0250139967 4.34088259e-08 -8.63455061e-09 1
LGIC_C 2 -0.564264356 0.172435094 0.025014013 4.96100897e-08 -9.86805572e-09 1
LGIC_C 3 0.237198692 -0.67327297 0.025014019 -9.86804037e-09 4.96101e-08 1
LGIC_C 4 -0.465651021 -0.215499046 0.0250140024 6.28883752e-09 7.55636663e-08 1
LGIC_C 5 0.0815098166 -0.557253295 0.0250140147 1.00935263e-08 5.7878447e-08 1
LGIC_C 6 -0.329221314 0.535172755 0.0250140182 1.28239438e-08 -5.73353116e-08 1
LGIC_C 7 -0.72536345 0.431262832 0.00983256434 -0.827617296 0.552995934 0.0961514895
LGIC_C 8 -0.117247373 0.322077966 0.0250139983 8.63455111e-09 -4.34088279e-08 1
LGIC_C 9 -0.473833783 -0.268729365 0.0250140065 6.28883752e-09 7.55636663e-08 1
LGIC_C 10 -0.362377959 -0.594035774 0.0250140158 3.95603082e-08 3.05989652e-08 1
LGIC_C 11 0.2201056 0.557100556 0.0250140095 -6.33660387e-09 4.96100877e-08 -1
LGIC_C 12 0.425266912 0.2369341 0.0250140119 -4.90669739e-08 -3.27854893e-08 1
LGIC_C 13 0.727064848 -0.0698256513 0.02501402 -4.96100859e-08 9.86807898e-09 1
LGIC_C 14 0.680264501 0.267184676 0.0250140153 -4.96100869e-08 6.3366408e-09 1
LGIC_C 15 -0.489429398 -0.396039062 0.0250140115 5.39043203e-09 6.47688584e-08 1
LGIC_C 16 0.624213845 -0.148199172 0.0250140157 -4.96100859e-08 9.86807898e-09 1
LGIC_C 17 -0.526824361 0.386871966 0.0250140138 -4.82586679e-08 1.31306769e-08 -1
LGIC_C 18 0.295702885 -0.462413122 0.025014011 -2.81018481e-08 4.20574137e-08 1
LGIC_C 21 -0.0132416007 -0.197459634 0.0250139926 -2.90231482e-08 4.96101036e-08 1
LGIC_C 22 0.158224396 0.595255629 0.0250140144 -9.86806672e-09 -4.96100854e-08 1
LGIC_C 23 -0.507747688 0.449841031 0.025014013 3.68002297e-08 -2.45891157e-08 1
LGIC_C 24 0.142444512 0.41517678 0.0250140053 -9.86806672e-09 -4.96100854e-08 1
LGIC_C 25 0.341852926 -0.0387830625 0.0250139984 -4.34088226e-08 8.63456802e-09 1
LGIC_C 27 -0.273060588 0.515283565 0.0250140175 3.27854968e-08 -4.90669676e-08 1
LGIC_C 28 0.661150731 0.0775986556 0.0250140126 -4.34088272e-08 -8.63453573e-09 1
LGIC_C 30 0.647245595 0.171883628 0.0250140143 -4.96100869e-08 6.3366408e-09 1
LGIC_C 31 -0.391986125 -0.425291252 0.0250140118 3.95603082e-08 3.05989652e-08 1
LGIC_C 32 0.0540702157 0.105390844 0.0250139892 -2.81018716e-08 -4.20573923e-08 1
LGIC_C 33 -0.0321646927 0.65819244 0.0250140121 8.63455111e-09 -4.34088279e-08 1
LGIC_C 35 -0.172445748 -0.484489823 0.0250140023 -2.90231482e-08 4.96101036e-08 1
LGIC_C 36 0.44507918 -0.61434746 0.0250140168 -2.45891087e-08 3.68002429e-08 1
LGIC_C 37 0.0772310317 0.819475525 0.0250140195 -8.63455884e-09 -4.34088253e-08 1
LGIC_C 38 0.780050238 -0.328519142 0.0250140201 -3.05989503e-08 3.95603122e-08 1
LGIC_C 39 0.653525002 0.282832345 0.0250140142 -3.68002282e-08 -2.45891172e-08 1
LGIC_C 40 -0.711806226 0.00453730372 0.0250140143 4.34088279e-08 -2.48392273e-08 1
LGIC_C 41 -0.519554078 0.616945769 0.0250140187 2.45891128e-08 -3.68002333e-08 1
LGIC_C 42 -0.287721919 -0.666683461 0.0250140149 2.45891453e-08 3.68002268e-08 1
LGIC_C 43 -0.620245651 -0.483019644 0.0250140145 1.15916899e-08 4.97976879e-08 1
LGIC_C 44 0.34138308 0.529979439 0.0250140133 1.3130701e-08 4.82586573e-08 -1
LGIC_C 45 -0.0295125631 -0.224280897 0.0250139937 2.48392553e-08 4.34088306e-08 1
LGIC_C 46 -0.19252696 -0.168178661 0.0250139952 5.39043203e-09 6.47688584e-08 1
LGIC_C 47 0.534383325 -0.188668504 0.0250140163 -5.78784275e-08 1.15127558e-08 1
LGIC_C 48 -0.0911870918 -0.391419402 0.025014001 8.63456455e-09 4.34088336e-08 1
LGIC_C 51 -0.609725759 -0.0465447593 0.0250140101 4.34088238e-08 8.63459484e-09 1
LGIC_C 52 0.666995667 -0.176619946 0.0250140166 -4.34088182e-08 2.48392526e-08 1
LGIC_C 53 0.313039012 -0.0945117624 0.0250139992 -4.34088182e-08 2.48392526e-08 1
LGIC_C 54 -0.0880281918 -0.235138999 0.0250139925 -4.89847109e-08 5.78784581e-08 1
LGIC_C 55 0.457512607 0.504773502 0.0250140136 1.3130701e-08 4.82586573e-08 -1
LGIC_C 56 -0.133715183 -0.236523467 0.0250139941 -5.56021111e-08 -1.45571543e-08 -1
LGIC_C 57 -0.0784298727 0.396005173 0.0250140054 -3.14742797e-08 4.96100914e-08 -1
LGIC_C 58 0.469056773 -0.0796276031 0.0250140056 -4.34088182e-08 2.48392526e-08 1
LGIC_C 59 -0.364927763 -0.200457758 0.0250139997 1.45571809e-08 5.5602105e-08 1
LGIC_C 60 0.158341138 0.516760063 0.0250140139 -3.14742949e-08 -4.96100822e-08 1
LGIC_C 61 -0.382022174 0.346611988 0.0250140091 4.20574045e-08 -2.81018523e-08 1
LGIC_C 62 -0.0237988564 0.405970372 0.0250140042 -3.14742797e-08 4.96100914e-08 -1
LGIC_C 63 0.214677626 -0.0112248878 0.025013994 -4.96100859e-08 9.86807898e-09 1
LGIC_C 64 -0.238314665 0.00254850711 0.0250139969 5.7878425e-08 4.89846948e-08 1
LGIC_C 65 0.0124070067 0.355822742 0.0250140008 -6.33660387e-09 4.96100877e-08 -1
LGIC_C 66 -0.2603338 -0.321847952 0.0250140015 2.45891453e-08 3.68002268e-08 1
LGIC_C 67 -0.42664247 0.414406576 0.0250140173 6.28881943e-09 -7.55636452e-08 1
LGIC_C 68 -0.675046348 -0.104482976 0.0250140098 -4.34088282e-08 2.70157287e-08 -1
LGIC_C 69 -0.706320543 -0.349677876 0.0250140178 3.68002489e-08 2.45891179e-08 1
LGIC_C 70 -0.0432490133 0.382633238 0.0250140002 8.63455111e-09 -4.34088279e-08 1
LGIC_C 72 0.159085585 0.401855915 0.0250140021 -8.63455884e-09 -4.34088253e-08 1
LGIC_C 73 -0.0132854647 0.00595865545 0.025013984 4.20574045e-08 -2.81018523e-08 1
LGIC_C 74 0.526781655 0.484377905 0.025014015 -4.82586616e-08 -1.31306776e-08 1
LGIC_C 75 0.543538894 -0.613382487 0.0250140192 -2.45891087e-08 3.68002429e-08 1
LGIC_C 76 -0.714080467 0.0259027658 0.0250140179 4.96100851e-08 2.90231542e-08 1
LGIC_C 77 0.349044423 -0.21929228 0.0250140026 -3.05989503e-08 3.95603122e-08 1
LGIC_C 79 -0.590962779 -0.266963971 0.0250140034 1.15916899e-08 4.97976879e-08 1
LGIC_C 80 0.740297221 0.00359913758 0.0250140154 -4.34088272e-08 -8.63453573e-09 1
LGIC_C 81 0.0598047205 0.695336439 0.0250140174 -6.33660387e-09 4.96100877e-08 -1
LGIC_C 82 0.477348503 -0.284527677 0.0250140091 -3.05989503e-08 3.95603122e-08 1
LGIC_C 83 -0.354812587 0.239565781 0.0250140035 -4.82586679e-08 1.31306769e-08 -1
LGIC_C 84 0.24369809 0.524447147 0.0250140122 -2.81018716e-08 -4.20573923e-08 1
LGIC_C 85 -0.0551702307 0.100163383 0.0250139897 1.28239438e-08 -5.73353116e-08 1
LGIC_C 87 -0.319084902 -0.24051571 0.0250140013 1.45571809e-08 5.5602105e-08 1
LGIC_C 88 -0.548690044 -0.499532575 0.0250140145 1.15916899e-08 4.97976879e-08 1
LGIC_C 89 0.252409234 -0.487073491 0.0250140101 -1.31306721e-08 4.82586744e-08 1
LGIC_C 90 -0.371679692 -0.328401874 0.0250140069 1.45571809e-08 5.5602105e-08 1
LGIC_C 91 0.194930735 0.814928164 0.0250140203 -8.63455884e-09 -4.34088253e-08 1
LGIC_C 92 0.258860408 -0.751714098 0.0250140189 6.33663526e-09 4.9610097e-08 1
LGIC_C 93 -0.0497283409 0.584570088 0.0250140119 -6.33661298e-09 -4.96100859e-08 1
LGIC_C 94 0.141700726 -0.0272196581 0.0250139911 -4.96100802e-08 3.14742968e-08 1
LGIC_C 95 -0.328421402 -0.486173512 0.0250140086 -5.56021111e-08 -1.45571543e-08 -1
LGIC_C 96 0.307373271 -0.0564579408 0.025013999 -4.96100859e-08 9.86807898e-09 1
LGIC_C 97 -0.413019076 0.0289850243 0.0250140029 4.96100851e-08 2.90231542e-08 1
LGIC_C 98 -0.35500424 -0.588645553 0.0250140153 3.95603082e-08 3.05989652e-08 1
LGIC_C 99 0.188217324 -0.0712941677 0.0250139948 -4.96100802e-08 3.14742968e-08 1
LGIC_C 100 -0.364665718 -0.44998544 0.0250140088 2.45891453e-08 3.68002268e-08 1
LGIC_C 101 -0.37196893 0.0158782611 0.0250140019 4.96100897e-08 -9.86805572e-09 1
LGIC_C 102 -0.435158556 0.455084547 0.0250140149 1.28239438e-08 -5.73353116e-08 1
LGIC_C 103 -0.427276231 -0.00613368173 0.0250140017 -4.34088282e-08 2.70157287e-08 -1
LGIC_C 104 0.629778588 -0.211796099 0.0250140166 -4.96100859e-08 9.86807898e-09 1
LGIC_C 105 -0.305505541 0.148327734 0.0250139982 3.68002297e-08 -2.45891157e-08 1
LGIC_C 106 -0.318038711 0.754604287 0.0250140189 2.45891128e-08 -3.68002333e-08 1
LGIC_C 107 -0.667475425 -0.266710329 0.0250140145 4.34088238e-08 8.63459484e-09 1
LGIC_C 108 -0.049241981 -0.514762772 0.0250140068 2.48392553e-08 4.34088306e-08 1
LGIC_C 110 -0.236330351 -0.728941293 0.0250140169 8.63456455e-09 4.34088336e-08 1
LGIC_C 111 -0.51942657 -0.119142934 0.0250140056 -4.96100919e-08 2.90231703e-08 -1
LGIC_C 112 0.705476299 -0.0310637434 0.0250140192 -4.96100802e-08 3.14742968e-08 1
LGIC_C 113 -0.0373508585 -0.703030646 0.0250140147 2.48392553e-08 4.34088306e-08 1
LGIC_C 114 -0.377937552 0.39042341 0.0250140105 1.28239438e-08 -5.73353116e-08 1
LGIC_C 115 0.453660318 -0.399616332 0.0250140129 -3.05989503e-08 3.95603122e-08 1
LGIC_C 116 0.112609763 -0.440328459 0.0250140076 1.00935263e-08 5.7878447e-08 1
LGIC_C 117 -0.164357439 -0.0649896846 0.0250139887 4.96100935e-08 -4.19869172e-08 1
LGIC_C 118 -0.305672389 -0.311673445 0.0250140048 -5.56021111e-08 -1.45571543e-08 -1
LGIC_C 119 0.111345895 0.451847962 0.0250140068 -9.86806672e-09 -4.96100854e-08 1
LGIC_C 120 0.00472380868 0.509267046 0.0250140085 -6.33660387e-09 4.96100877e-08 -1
LGIC_C 121 -0.486126912 -0.428437283 0.0250140102 1.15916899e-08 4.97976879e-08 1
LGIC_C 122 0.611935498 -0.371340839 0.0250140149 -3.68002179e-08 2.45891393e-08 1
LGIC_C 124 0.563256913 -0.490394708 0.025014016 -3.68002179e-08 2.45891393e-08 1
LGIC_C 125 0.129214685 -0.165820708 0.0250139929 -1.31306721e-08 4.82586744e-08 1
LGIC_C 126 0.614826 -0.403564865 0.025014018 -3.05989503e-08 3.95603122e-08 1
LGIC_C 127 0.203169394 -0.29353554 0.0250140001 -1.31306721e-08 4.82586744e-08 1
LGIC_C 128 0.24209362 -0.286083328 0.0250139997 -2.45891087e-08 3.68002429e-08 1
LGIC_C 129 0.43922278 -0.0875146513 0.0250140031 -4.34088226e-08 8.63456802e-09 1
LGIC_C 130 -0.587234153 0.174263878 0.0250140103 4.34088259e-08 -8.63455061e-09 1
LGIC_C 131 0.389558279 0.219557125 0.0250140049 -4.82586616e-08 -1.31306776e-08 1
LGIC_C 132 -0.189940264 0.0536967244 0.0250139916 5.7878425e-08 4.89846948e-08 1
LGIC_C 133 -0.611824495 -0.0315235683 0.0250140101 4.34088238e-08 8.63459484e-09 1
LGIC_C 134 0.265506991 -0.629176834 0.0250140129 -2.45891087e-08 3.68002429e-08 1
LGIC_C 135 -0.229075635 -0.255251284 0.0250140004 2.81018674e-08 4.20574117e-08 1
LGIC_C 136 0.357409954 -0.293513125 0.0250140036 -3.68002179e-08 2.45891393e-08 1
LGIC_C 137 0.376305327 -0.380678552 0.0250140065 -1.31306721e-08 4.82586744e-08 1
LGIC_C 138 -0.700677904 -0.209271514 0.0250140093 4.96100935e-08 -4.19869172e-08 1
LGIC_C 139 0.133803581 -0.00480812995 0.02501399 -4.96100802e-08 3.14742968e-08 1
LGIC_C 140 0.494142282 0.522598936 0.0250140146 -2.45891309e-08 -3.68002211e-08 1
LGIC_C 141 0.442604402 0.11741288 0.0250140035 -4.34088272e-08 -8.63453573e-09 1
LGIC_C 142 -0.457724778 -0.533638078 0.0250140177 3.95603082e-08 3.05989652e-08 1
LGIC_C 144 -0.453104529 -0.484053661 0.0250140155 -5.56021111e-08 -1.45571543e-08 -1
LGIC_C 145 0.221904791 0.0115366295 0.0250139942 -4.96100869e-08 6.3366408e-09 1
LGIC_C 146 0.0260538421 0.553253234 0.0250140105 -6.33660387e-09 4.96100877e-08 -1
LGIC_C 147 -0.369935946 -0.341965002 0.0250140046 1.15916899e-08 4.97976879e-08 1
LGIC_C 149 0.552135068 0.486361747 0.0250140155 -3.68002282e-08 -2.45891172e-08 1
LGIC_C 150 0.40150657 0.144803044 0.0250140022 -4.96100869e-08 6.3366408e-09 1
LGIC_C 151 -0.0653911729 -0.681640784 0.0250140134 8.63456455e-09 4.34088336e-08 1
LGIC_C 152 0.280411891 0.559025653 0.0250140139 1.3130701e-08 4.82586573e-08 -1
LGIC_C 153 0.175578687 -0.212985519 0.0250139977 -1.28239349e-08 5.73353226e-08 1
LGIC_C 154 0.140609994 0.473866275 0.0250140082 -9.86806672e-09 -4.96100854e-08 1
LGIC_C 155 -0.521916094 0.125977402 0.025014007 4.34088259e-08 -8.63455061e-09 1
LGIC_C 156 -0.228398282 0.0223051507 0.0250139934 4.34088259e-08 -8.63455061e-09 1
LGIC_C 157 -0.453650125 0.258039323 0.0250140056 6.28881943e-09 -7.55636452e-08 1
LGIC_C 158 0.33488573 0.186518194 0.0250140035 3.37890593e-08 4.80634111e-08 -1
LGIC_C 159 0.780817885 0.0997068622 0.025014018 -4.34088272e-08 -8.63453573e-09 1
LGIC_C 160 -0.298230302 -0.0957023486 0.0250139936 -4.34088282e-08 2.70157287e-08 -1
LGIC_C 161 -0.434587366 0.0998223904 0.0250140058 4.96100897e-08 -9.86805572e-09 1
LGIC_C 162 0.476562979 0.0161046402 0.025014007 -4.96100911e-08 -9.86803575e-09 1
LGIC_C 163 0.414437593 -0.278224634 0.0250140085 -4.20573976e-08 2.81018683e-08 1
LGIC_C 164 0.284927768 -0.60421351 0.0250140161 -1.31306721e-08 4.82586744e-08 1
LGIC_C 165 -0.308038571 0.0310226101 0.0250139976 4.96100851e-08 2.90231542e-08 1
LGIC_C 166 -0.111608876 -0.71140313 0.0250140169 2.48392553e-08 4.34088306e-08 1
LGIC_C 167 -0.564144036 0.564145907 0.0250140179 -4.82586679e-08 1.31306769e-08 -1
LGIC_C 168 -0.489894807 -0.228670204 0.0250140007 5.39043203e-09 6.47688584e-08 1
LGIC_C 169 0.659018102 -0.530280903 0.020719443 0.827616944 -0.552996408 0.0961517878
LGIC_C 171 -0.235962645 0.34735715 0.0250140062 1.28239438e-08 -5.73353116e-08 1
LGIC_C 172 0.277810897 0.149062265 0.0250139991 -4.20574004e-08 -2.81018564e-08 1
LGIC_C 173 0.648141522 0.297188372 0.0250140144 -3.68002282e-08 -2.45891172e-08 1
LGIC_C 174 -0.0744390974 -0.500836824 0.0250140068 2.48392553e-08 4.34088306e-08 1
LGIC_C 175 0.413485226 -0.29789962 0.0250140115 -3.37890406e-08 4.80634332e-08 1
LGIC_C 177 0.323843362 0.343050189 0.0250140068 -2.81018716e-08 -4.20573923e-08 1
LGIC_C 178 0.132024503 -0.633671869 0.0250140138 6.33663526e-09 4.9610097e-08 1
LGIC_C 180 -0.162352049 0.285068732 0.0250139998 2.8101852e-08 -4.20574041e-08 1
LGIC_C 181 -0.675238208 -0.312942048 0.0250140071 5.39043203e-09 6.47688584e-08 1
LGIC_C 183 0.63072539 0.319970281 0.0250140179 -4.82586616e-08 -1.31306776e-08 1
LGIC_C 184 0.705098029 -0.044120339 0.0250140149 -4.34088182e-08 2.48392526e-08 1
LGIC_C 185 0.377570067 -0.147042511 0.0250140033 -4.34088182e-08 2.48392526e-08 1
LGIC_C 186 -0.610618937 -0.288825441 0.0250140052 5.39043203e-09 6.47688584e-08 1
LGIC_C 188 -0.743701666 0.083050515 0.0250140163 4.34088259e-08 -8.63455061e-09 1
LGIC_C 189 -0.543547473 0.29831767 0.0250140145 4.20574045e-08 -2.81018523e-08 1
LGIC_C 190 0.360700409 -0.690099076 0.0250140175 -2.45891087e-08 3.68002429e-08 1
LGIC_C 191 -0.437580844 -0.262578308 0.0250140026 5.39043203e-09 6.47688584e-08 1
LGIC_C 192 -0.296290613 0.0940877384 0.0250139969 4.34088259e-08 -8.63455061e-09 1
LGIC_C 193 0.272884473 0.0981308704 0.0250139977 -4.96100911e-08 -9.86803575e-09 1
LGIC_C 194 -0.686037178 0.331247597 0.0250140167 3.68002297e-08 -2.45891157e-08 1
LGIC_C 195 0.382610627 0.400242176 0.0250140108 -2.81018716e-08 -4.20573923e-08 1
LGIC_C 196 0.70222637 0.413841129 0.0250140193 -3.68002282e-08 -2.45891172e-08 1
LGIC_C 197 -0.262650653 -0.55089591 0.02501401 2.45891453e-08 3.68002268e-08 1
LGIC_C 198 0.530650324 -0.05946496 0.0250140068 -4.34088226e-08 8.63456802e-09 1
LGIC_C 199 0.651599164 0.254461229 0.0250140139 -4.96100869e-08 6.3366408e-09 1
LGIC_C 200 0.701141332 -0.320731043 0.0250140169 -3.68002179e-08 2.45891393e-08 1
LGIC_C 201 0.230122623 0.126025327 0.0250139965 -4.20574004e-08 -2.81018564e-08 1
LGIC_C 202 -0.0335861103 -0.282973339 0.0250139964 2.48392553e-08 4.34088306e-08 1
LGIC_C 203 -0.139500591 -0.0200556404 0.0250139896 -4.96100919e-08 2.90231703e-08 -1
LGIC_C 204 -0.384930984 0.540809414 0.0250140168 2.8101852e-08 -4.20574041e-08 1
LGIC_C 205 -0.0912360369 0.271154324 0.0250139976 9.86805557e-09 -4.96100883e-08 1
LGIC_C 206 0.65053038 -0.341508713 0.0250140156 -3.68002179e-08 2.45891393e-08 1
LGIC_C 207 -0.126705994 -0.487918091 0.0250140052 -4.89847109e-08 5.78784581e-08 1
LGIC_C 208 -0.51850676 0.386043423 0.0250140134 -4.82586679e-08 1.31306769e-08 -1
LGIC_C 209 -0.00416624915 0.000987134172 0.0250139839 -1.38908237e-07 2.76305608e-08 -1
LGIC_C 210 0.0644135958 0.253104132 0.0250139965 -9.86806672e-09 -4.96100854e-08 1
LGIC_C 212 -0.366986909 -0.531787668 0.0250140114 -5.56021111e-08 -1.45571543e-08 -1
LGIC_C 213 0.335370643 -0.35026377 0.0250140074 -2.81018481e-08 4.20574137e-08 1
LGIC_C 214 0.439243287 -0.0815788686 0.025014003 -4.34088226e-08 8.63456802e-09 1
LGIC_C 215 -0.465412291 -0.0142221904 0.0250140036 4.34088238e-08 8.63459484e-09 1
LGIC_C 216 0.182798903 -0.206604835 0.0250139956 -1.31306721e-08 4.82586744e-08 1
LGIC_C 217 0.493532269 -0.387256654 0.0250140185 -3.37890406e-08 4.80634332e-08 1
LGIC_C 218 -0.254641994 0.474033983 0.0250140095 1.31306824e-08 -4.82586643e-08 1
LGIC_C 219 -0.270088238 -0.45318213 0.0250140078 3.95603082e-08 3.05989652e-08 1
LGIC_C 220 -0.724564132 -0.334983988 0.0250140182 3.68002489e-08 2.45891179e-08 1
LGIC_C 221 0.648547714 -0.373339815 0.0250140163 -3.68002179e-08 2.45891393e-08 1
LGIC_C 222 -0.502004567 -0.181246643 0.0250140029 -4.96100919e-08 2.90231703e-08 -1
LGIC_C 223 0.203999651 0.410063671 0.0250140069 -4.80634192e-08 -3.37890445e-08 1
LGIC_C 224 -0.371056202 0.0490204569 0.0250140002 4.96100851e-08 2.90231542e-08 1
LGIC_C 225 0.227842758 -0.674258039 0.0250140145 -8.63454093e-09 4.34088369e-08 1
LGIC_C 226 0.385443795 -0.156363853 0.0250140013 -4.34088226e-08 8.63456802e-09 1
LGIC_C 227 -0.169464237 0.508088757 0.0250140068 8.63455111e-09 -4.34088279e-08 1
LGIC_C 228 0.266696659 -0.313399692 0.0250140019 -1.31306721e-08 4.82586744e-08 1
LGIC_C 229 -0.508363698 -0.0914877663 0.0250140061 4.34088238e-08 8.63459484e-09 1
LGIC_C 230 -0.6765775 -0.187708014 0.0250140076 -4.34088282e-08 2.70157287e-08 -1
LGIC_C 231 0.526966936 0.224507729 0.0250140118 3.37890593e-08 4.80634111e-08 -1
LGIC_C 232 -0.275809308 0.778633232 0.0250140194 8.63455111e-09 -4.34088279e-08 1
LGIC_C 233 0.290262135 0.244048094 0.0250140004 -4.82586616e-08 -1.31306776e-08 1
LGIC_C 234 0.0241492167 -0.424008612 0.0250140018 -8.63454093e-09 4.34088369e-08 1
LGIC_C 235 0.351966684 0.449236314 0.025014012 -2.81018716e-08 -4.20573923e-08 1
LGIC_C 236 0.323188898 -0.0218787329 0.0250139978 -4.34088182e-08 2.48392526e-08 1
LGIC_C 239 0.481562662 -0.257266615 0.0250140107 -4.20573976e-08 2.81018683e-08 1
LGIC_C 240 0.147349242 -0.198150939 0.0250139965 -1.28239349e-08 5.73353226e-08 1
LGIC_C 241 -0.111255679 0.183608575 0.0250139941 2.8101852e-08 -4.20574041e-08 1
LGIC_C 242 0.609770718 -0.341689877 0.0250140202 -3.37890406e-08 4.80634332e-08 1
LGIC_C 243 -0.69033347 0.236631661 0.0250140199 4.96100897e-08 -9.86805572e-09 1
LGIC_C 246 0.432244472 0.447337351 0.0250140103 -2.45891309e-08 -3.68002211e-08 1
LGIC_C 247 -0.500380825 0.661528546 0.0250140199 2.45891128e-08 -3.68002333e-08 1
LGIC_C 248 0.0766145716 -0.0681080097 0.0250139877 -3.68002179e-08 2.45891393e-08 1
LGIC_C 249 0.534031891 -0.0847102174 0.0250140124 -4.96100802e-08 3.14742968e-08 1
LGIC_C 250 0.25856406 0.513391266 0.025014013 -4.80634192e-08 -3.37890445e-08 1
LGIC_C 251 0.00686691837 0.606171218 0.0250140133 -6.33660387e-09 4.96100877e-08 -1
LGIC_C 252 0.177308594 0.573737411 0.0250140173 -3.14742949e-08 -4.96100822e-08 1
LGIC_C 253 0.471940147 0.314294474 0.0250140101 -4.82586616e-08 -1.31306776e-08 1
LGIC_C 255 -0.725615217 -0.04815703 0.0250140135 -4.34088282e-08 2.70157287e-08 -1
LGIC_C 256 -0.321276139 0.516285615 0.0250140102 2.45891128e-08 -3.68002333e-08 1
LGIC_C 257 0.2987049 0.344227223 0.0250140038 1.3130701e-08 4.82586573e-08 -1
LGIC_C 258 -0.300963107 0.562023679 0.0250140114 2.45891128e-08 -3.68002333e-08 1
LGIC_C 260 -0.0230524844 -0.593160375 0.0250140129 9.8680833e-09 4.96100963e-08 1
LGIC_C 261 0.0743025637 0.651944699 0.0250140122 -8.63455884e-09 -4.34088253e-08 1
LGIC_C 262 -0.364385835 0.355031753 0.0250140086 4.20574045e-08 -2.81018523e-08 1
LGIC_C 263 -0.69531116 -0.15466121 0.0250140093 -4.34088282e-08 2.70157287e-08 -1
LGIC_C 264 0.437082931 -0.366517412 0.0250140083 -3.68002179e-08 2.45891393e-08 1
LGIC_C 265 0.205893815 0.0136074961 0.0250139936 -4.96100911e-08 -9.86803575e-09 1
LGIC_C 266 -0.194318904 -0.315538708 0.0250140006 3.95603082e-08 3.05989652e-08 1
LGIC_C 267 -0.303661829 -0.288737996 0.0250140037 1.45571809e-08 5.5602105e-08 1
LGIC_C 268 -0.0519486218 -0.51389538 0.0250140072 -2.90231482e-08 4.96101036e-08 1
LGIC_C 269 -0.112587767 0.612581217 0.0250140129 -6.33661298e-09 -4.96100859e-08 1
LGIC_C 271 -0.443021936 -0.433195019 0.0250140102 3.68002489e-08 2.45891179e-08 1
LGIC_C 272 -0.351262685 0.273264458 0.0250140038 -4.82586679e-08 1.31306769e-08 -1
LGIC_C 273 0.756651098 -0.151179424 0.0250140198 -4.34088182e-08 2.48392526e-08 1
LGIC_C 274 -0.368948103 0.384658521 0.0250140065 2.45891128e-08 -3.68002333e-08 1
LGIC_C 275 0.0145830495 -0.521763677 0.025014009 6.33663526e-09 4.9610097e-08 1
LGIC_C 276 -0.107099027 -0.483925381 0.0250140041 -2.90231482e-08 4.96101036e-08 1
LGIC_C 278 0.334866907 0.285476418 0.0250140026 -3.68002282e-08 -2.45891172e-08 1
LGIC_C 279 0.0899889219 -0.024163478 0.0250139873 -4.34088226e-08 8.63456802e-09 1
LGIC_C 280 -0.271197763 -0.175137496 0.0250139969 1.45571809e-08 5.5602105e-08 1
LGIC_C 281 0.38606882 0.537030138 0.0250140199 -4.80634192e-08 -3.37890445e-08 1
LGIC_C 282 -0.260886706 -0.433950321 0.0250140069 3.95603082e-08 3.05989652e-08 1
LGIC_C 283 -0.271171743 -0.470319702 0.0250140067 7.55636799e-08 6.2887973e-09 1
LGIC_C 284 0.241152288 -0.798598286 0.02501402 -8.63454093e-09 4.34088369e-08 1
LGIC_C 286 -0.54034679 0.0182601146 0.0250140095 4.96100851e-08 2.90231542e-08 1
LGIC_C 287 -0.0807381943 -0.136113537 0.0250139902 2.45891453e-08 3.68002268e-08 1
LGIC_C 288 0.0727710423 -0.368870639 0.0250140011 6.33663526e-09 4.9610097e-08 1
LGIC_C 289 0.0256213213 -0.0186830991 0.0250139846 -3.68002179e-08 2.45891393e-08 1
LGIC_C 290 -0.369886622 -0.536912606 0.0250140162 2.81018674e-08 4.20574117e-08 1
LGIC_C 291 -0.518286792 0.422526042 0.0250140127 3.68002297e-08 -2.45891157e-08 1
LGIC_C 292 0.420662811 0.451019043 0.025014014 -2.81018716e-08 -4.20573923e-08 1
LGIC_C 293 -0.690214953 -0.0842563957 0.0250140151 -4.96100919e-08 2.90231703e-08 -1
LGIC_C 295 -0.178229533 0.147258225 0.0250139955 6.28881943e-09 -7.55636452e-08 1
LGIC_C 296 0.491586426 0.236958839 0.0250140106 -4.20574004e-08 -2.81018564e-08 1
LGIC_C 297 0.0374902744 0.32334612 0.0250139976 -8.63455884e-09 -4.34088253e-08 1
LGIC_C 298 0.172251311 -0.517243051 0.0250140106 -9.86804037e-09 4.96101e-08 1
LGIC_C 299 -0.0624870248 -0.323250721 0.0250139999 9.8680833e-09 4.96100963e-08 1
LGIC_C 300 0.397735805 -0.0325914394 0.0250140013 -4.34088182e-08 2.48392526e-08 1
LGIC_C 301 0.0998453882 0.390235026 0.0250140011 -8.63455884e-09 -4.34088253e-08 1
LGIC_C 302 0.432162382 0.351537817 0.0250140113 -4.20574004e-08 -2.81018564e-08 1
LGIC_C 303 -0.00687124174 0.368172213 0.0250140016 9.86805557e-09 -4.96100883e-08 1
LGIC_C 304 -0.162094754 0.329959207 0.0250140013 1.31306824e-08 -4.82586643e-08 1
LGIC_C 305 -0.481427505 0.221366323 0.0250140064 3.68002297e-08 -2.45891157e-08 1
LGIC_C 306 0.175797407 0.110417182 0.0250139945 3.37890593e-08 4.80634111e-08 -1
LGIC_C 307 -0.408637387 0.271970337 0.0250140066 -4.82586679e-08 1.31306769e-08 -1
LGIC_C 308 0.633040928 -0.265944751 0.0250140131 -3.68002179e-08 2.45891393e-08 1
LGIC_C 309 0.132226888 0.13102701 0.0250139913 -3.68002282e-08 -2.45891172e-08 1
LGIC_C 310 0.125032079 0.800979586 0.0250140191 -8.63455884e-09 -4.34088253e-08 1
LGIC_C 311 0.559301257 0.603980591 0.0250140192 -2.45891309e-08 -3.68002211e-08 1
LGIC_C 312 0.308594506 0.230405987 0.0250140027 -4.20574004e-08 -2.81018564e-08 1
LGIC_C 313 0.647059352 0.348901996 0.0250140156 -3.68002282e-08 -2.45891172e-08 1
LGIC_C 314 -0.279790716 0.513043999 0.025014009 2.45891128e-08 -3.68002333e-08 1
LGIC_C 315 -0.0557475203 0.0119082057 0.0250139862 4.96100897e-08 -9.86805572e-09 1
LGIC_C 318 -0.245809086 -0.360984275 0.0250140022 -5.56021111e-08 -1.45571543e-08 -1
LGIC_C 319 -0.479648748 -0.0668344957 0.0250140023 -4.34088282e-08 2.70157287e-08 -1
LGIC_C 320 0.403748286 0.601179905 0.0250140199 -2.81018716e-08 -4.20573923e-08 1
LGIC_C 322 0.545327528 0.267534376 0.0250140131 -4.82586616e-08 -1.31306776e-08 1
LGIC_C 323 -0.342790836 -0.635682244 0.0250140196 2.81018674e-08 4.20574117e-08 1
LGIC_C 324 0.0354398013 0.712581265 0.0250140184 -6.33660387e-09 4.96100877e-08 -1
LGIC_C 325 0.491644793 0.611749825 0.0250140179 -2.45891309e-08 -3.68002211e-08 1
LGIC_C 326 0.199112395 0.690702144 0.0250140163 -6.33660387e-09 4.96100877e-08 -1
LGIC_C 327 -0.328703814 -0.0588810258 0.0250139979 -4.96100919e-08 2.90231703e-08 -1
LGIC_C 328 -0.439376964 0.0217505272 0.0250140029 4.34088279e-08 -2.48392273e-08 1
LGIC_C 329 0.60875338 -0.180937732 0.0250140152 -4.96100859e-08 9.86807898e-09 1
LGIC_C 330 0.365794997 -0.0225422959 0.0250140021 -4.96100802e-08 3.14742968e-08 1
LGIC_C 331 0.223531639 -0.0922526909 0.0250139952 -4.34088182e-08 2.48392526e-08 1
LGIC_C 332 -0.00626620283 -0.412708914 0.0250140038 9.8680833e-09 4.96100963e-08 1
LGIC_C 333 0.526708536 0.131138857 0.0250140072 -4.34088272e-08 -8.63453573e-09 1
LGIC_C 334 0.228950356 0.766322271 0.0250140185 -8.63455884e-09 -4.34088253e-08 1
LGIC_C 335 0.214890694 0.528009335 0.0250140081 -6.33660387e-09 4.96100877e-08 -1
LGIC_C 336 -0.725492343 0.0126924833 0.0250140151 4.34088279e-08 -2.48392273e-08 1
LGIC_C 337 -0.0355821025 -0.00216809422 0.0250139848 -4.34088282e-08 2.70157287e-08 -1
LGIC_C 338 -0.234757455 0.326446199 0.0250140011 2.45891128e-08 -3.68002333e-08 1
LGIC_C 339 0.120036598 -0.170588894 0.025013993 -1.31306721e-08 4.82586744e-08 1
LGIC_C 340 -0.309869579 0.580075873 0.0250140164 2.8101852e-08 -4.20574041e-08 1
LGIC_C 341 0.00119155252 -0.699570418 0.0250140136 -8.63454093e-09 4.34088369e-08 1
LGIC_C 342 -0.819331758 -0.0559100103 0.0250140173 -4.34088282e-08 2.70157287e-08 -1
LGIC_C 343 0.225492006 0.479232028 0.0250140093 1.3130701e-08 4.82586573e-08 -1
LGIC_C 344 -0.122840977 0.00777219682 0.02501399 5.7878425e-08 4.89846948e-08 1
LGIC_C 346 0.344766023 0.304054507 0.0250140034 -3.68002282e-08 -2.45891172e-08 1
LGIC_C 347 0.471375732 -0.163199398 0.0250140082 -4.96100859e-08 9.86807898e-09 1
LGIC_C 349 -0.214260337 -0.524210867 0.025014003 -2.90231482e-08 4.96101036e-08 1
LGIC_C 350 -0.295168577 0.370901298 0.0250140042 2.45891128e-08 -3.68002333e-08 1
LGIC_C 352 -0.182204732 -0.255286907 0.0250139983 3.95603082e-08 3.05989652e-08 1
LGIC_C 353 -0.342352729 0.14775896 0.0250140018 4.20574045e-08 -2.81018523e-08 1
LGIC_C 354 0.177091853 0.201334783 0.0250139967 -2.81018716e-08 -4.20573923e-08 1
LGIC_C 355 0.0789411427 -0.495381897 0.0250140111 1.00935263e-08 5.7878447e-08 1
LGIC_C 356 0.132766463 0.699077207 0.0250140148 -8.63455884e-09 -4.34088253e-08 1
LGIC_C 357 0.748226326 0.158244256 0.0250140193 -4.96100869e-08 6.3366408e-09 1
LGIC_C 358 0.104399412 -0.0926672626 0.0250139914 -4.90669481e-08 3.27855328e-08 1
LGIC_C 359 -0.260436015 0.238397069 0.0250140029 6.28881943e-09 -7.55636452e-08 1
LGIC_C 360 -0.499583138 0.434557745 0.0250140123 3.68002297e-08 -2.45891157e-08 1
LGIC_C 361 0.602665946 -0.137657753 0.0250140145 -4.96100859e-08 9.86807898e-09 1
LGIC_C 362 -0.450838716 -0.107688805 0.0250140025 -4.96100919e-08 2.90231703e-08 -1
LGIC_C 363 -0.289470309 0.426288207 0.0250140076 1.31306824e-08 -4.82586643e-08 1
LGIC_C 365 0.619853942 -0.378397465 0.0250140199 -4.20573976e-08 2.81018683e-08 1
LGIC_C 366 -0.330605855 -0.782531362 0.0250140203 3.95603082e-08 3.05989652e-08 1
LGIC_C 367 0.349998724 -0.110409121 0.0250140012 -4.34088182e-08 2.48392526e-08 1
LGIC_C 368 -0.131586684 -0.323100243 0.0250140005 2.48392553e-08 4.34088306e-08 1
LGIC_C 369 -0.137721035 -0.654875715 0.0250140117 -2.90231482e-08 4.96101036e-08 1
LGIC_C 370 -0.349053844 -0.600743996 0.0250140139 2.45891453e-08 3.68002268e-08 1
LGIC_C 371 0.220843279 0.0616309763 0.0250139934 -4.34088272e-08 -8.63453573e-09 1
LGIC_C 372 -0.0310019584 0.423817396 0.0250140019 8.63455111e-09 -4.34088279e-08 1
LGIC_C 373 -0.664451884 0.449343357 0.0250140188 3.68002297e-08 -2.45891157e-08 1
LGIC_C 374 0.00869122656 -0.20348998 0.0250139933 6.33663526e-09 4.9610097e-08 1
LGIC_C 375 0.125691531 -0.650415665 0.0250140196 1.00935263e-08 5.7878447e-08 1
LGIC_C 376 0.400017229 0.395336689 0.0250140112 -4.20574004e-08 -2.81018564e-08 1
LGIC_C 377 0.296748325 0.132488119 0.0250139974 -3.68002282e-08 -2.45891172e-08 1
LGIC_C 378 -0.577167161 0.0708222109 0.0250140098 4.96100851e-08 2.90231542e-08 1
LGIC_C 379 -0.0255529439 -0.429719085 0.0250140048 9.8680833e-09 4.96100963e-08 1
LGIC_C 380 0.137086879 0.584408074 0.0250140136 -9.86806672e-09 -4.96100854e-08 1
LGIC_C 381 0.0237389362 0.646710667 0.0250140152 -6.33660387e-09 4.96100877e-08 -1
LGIC_C 382 0.587290346 -0.258128085 0.0250140155 -3.37890406e-08 4.80634332e-08 1
LGIC_C 384 -0.448205066 -0.412029668 0.0250140172 6.28883752e-09 7.55636663e-08 1
LGIC_C 386 0.47515008 -0.480283199 0.0250140126 -2.45891087e-08 3.68002429e-08 1
LGIC_C 387 0.554908818 -0.257637066 0.0250140144 -3.37890406e-08 4.80634332e-08 1
LGIC_C 388 -0.0157372951 0.415678685 0.0250140044 -3.14742797e-08 4.96100914e-08 -1
LGIC_C 390 0.567818761 -0.0160708715 0.0250140083 -4.34088182e-08 2.48392526e-08 1
LGIC_C 392 -0.207546361 -0.586789834 0.0250140063 -2.90231482e-08 4.96101036e-08 1
LGIC_C 393 -0.0322264451 -0.294646908 0.0250139963 8.63456455e-09 4.34088336e-08 1
LGIC_C 395 0.360451678 0.417643435 0.0250140081 1.3130701e-08 4.82586573e-08 -1
LGIC_C 396 0.256580389 0.404563531 0.0250140062 1.3130701e-08 4.82586573e-08 -1
LGIC_C 397 -0.6775782 0.279707151 0.0250140151 4.34088259e-08 -8.63455061e-09 1
LGIC_C 398 -0.546964565 0.259681882 0.0250140142 3.37890593e-08 -4.80634052e-08 1
LGIC_C 399 0.613288357 -0.182252484 0.0250140194 -4.96100802e-08 3.14742968e-08 1
NT 7181 -1.81525624 -4.61075333 -1.95953444 0 0 0
NT 7817 0.522477044 4.23218736 0.563681452 0 0 0
LGIC_O 4402 -0.0345878633 0.265675272 0.025013999 1.15127271e-08 -5.78784352e-08 1
LGIC_O 4401 -0.1840676 0.0972239463 0.0250139942 3.37890593e-08 -4.80634052e-08 1
LGIC_O 4400 -0.175025146 0.0137516014 0.0250139927 5.7878425e-08 4.89846948e-08 1
LGIC_O 8441 0.636913646 -0.12672076 0.0250140188 -4.96100802e-08 3.14742968e-08 1
LGIC_O 8440 0.314831804 -0.521242477 0.0250140191 -3.27854948e-08 4.90669785e-08 1
LGIC_O 8439 0.567487089 -0.204519113 0.0250140184 -5.78784275e-08 1.15127558e-08 1
LGIC_O 8438 -0.495463838 -0.478991786 0.0250140171 1.45571809e-08 5.5602105e-08 1
LGIC_O 8437 -0.0865332912 0.0753896135 0.0250139898 3.37890593e-08 -4.80634052e-08 1
LGIC_O 8436 0.281965125 0.349247805 0.0250140096 -3.27855134e-08 -4.90669575e-08 1
LGIC_O 8435 -0.281577291 0.489075666 0.0250140165 3.27854968e-08 -4.90669676e-08 1
LGIC_O 8434 -0.605092982 -0.110313414 0.0250140129 5.7878436e-08 -4.89847332e-08 1
LGIC_O 8433 0.701586212 -0.0117142491 0.0250140184 -4.96100802e-08 3.14742968e-08 1
LGIC_O 8432 0.426050556 0.664856809 0.0250140182 -2.45891309e-08 -3.68002211e-08 1
LGIC_O 8431 -0.53569519 -0.176489801 0.025014008 4.34088238e-08 8.63459484e-09 1
LGIC_O 8430 -0.206044735 -0.180448528 0.0250139982 6.28883752e-09 7.55636663e-08 1
LGIC_O 8429 0.342033035 -0.34268384 0.0250140113 -3.27854948e-08 4.90669785e-08 1
LGIC_O 8428 0.576112066 -0.314703408 0.0250140178 -3.37890406e-08 4.80634332e-08 1
LGIC_O 8427 0.236726308 -0.318077646 0.0250140066 -3.27854948e-08 4.90669785e-08 1
LGIC_O 8426 -0.0976488914 -0.110862836 0.0250139913 7.55636799e-08 6.2887973e-09 1
LGIC_O 8425 0.534646383 -0.195059479 0.0250140164 -5.78784275e-08 1.15127558e-08 1
LGIC_O 8424 0.219544679 -0.315091025 0.0250140059 -3.27854948e-08 4.90669785e-08 1
LGIC_O 8423 -0.608846757 -0.593779315 0.0250140203 3.68002489e-08 2.45891179e-08 1
LGIC_O 8422 0.564815598 -0.372450199 0.0250140202 -3.37890406e-08 4.80634332e-08 1
LGIC_O 8421 0.550750457 0.0902902064 0.0250140162 -5.78784335e-08 -1.15127284e-08 1
LGIC_O 8420 0.175418091 0.0610257495 0.0250139941 -5.78784335e-08 -1.15127284e-08 1
LGIC_O 8419 0.142777714 0.100831833 0.0250139936 -4.90669739e-08 -3.27854893e-08 1
LGIC_O 4418 0.0575220985 -0.190210297 0.0250139949 -1.15127059e-08 5.78784511e-08 1
LGIC_O 4417 -0.118754336 -0.170834128 0.0250139938 2.81018674e-08 4.20574117e-08 1
LGIC_O 4416 0.593239316 0.0786534269 0.0250140185 -5.78784335e-08 -1.15127284e-08 1
LGIC_O 4415 0.0853954366 -0.420999761 0.0250140086 -1.15127059e-08 5.78784511e-08 1
LGIC_O 4414 -0.374457097 -0.228026162 0.0250140026 3.68002489e-08 2.45891179e-08 1
LGIC_O 4413 0.577482781 -0.285169834 0.0250140164 -3.37890406e-08 4.80634332e-08 1
LGIC_O 4412 -0.484325859 0.306166979 0.0250140144 3.37890593e-08 -4.80634052e-08 1
LGIC_O 4411 0.44777829 -0.0963194904 0.0250140103 -5.78784275e-08 1.15127558e-08 1
LGIC_O 4410 0.28281874 -0.503567977 0.0250140172 -3.27854948e-08 4.90669785e-08 1
LGIC_O 4409 -0.116204576 -0.152585731 0.025013993 7.55636799e-08 6.2887973e-09 1
LGIC_O 4408 -0.333519821 0.289166147 0.0250140084 3.37890593e-08 -4.80634052e-08 1
LGIC_O 4407 -0.148720782 -0.636306108 0.0250140163 9.8680833e-09 4.96100963e-08 1
LGIC_O 4406 0.336173082 -0.328141715 0.0250140105 -4.90669481e-08 3.27855328e-08 1
LGIC_O 4405 -0.249510429 -0.168914007 0.0250139976 6.28883752e-09 7.55636663e-08 1
LGIC_O 4404 0.0811982327 0.141649416 0.0250139929 -3.27855134e-08 -4.90669575e-08 1
LGIC_O 4403 0.0533120499 -0.19689515 0.0250139952 -1.15127059e-08 5.78784511e-08 1
