LGIC_C 0 0.466202641 0.208892295 0.0250140087 -4.20574004e-08 -2.81018564e-08 1
LGIC_C 1 -0.277997051 0.0446039847 0.0250139957 4.34088259e-08 -8.63455061e-09 1
LGIC_C 2 -0.539218337 0.169318765 0.0250140117 4.96100897e-08 -9.86805572e-09 1
LGIC_C 3 0.258303476 -0.688426133 0.0250140199 -9.86804037e-09 4.96101e-08 1
LGIC_C 4 -0.455552991 -0.197420437 0.025014001 6.28883752e-09 7.55636663e-08 1
LGIC_C 5 0.0925458035 -0.561902139 0.0250140148 1.00935263e-08 5.7878447e-08 1
LGIC_C 6 -0.327494435 0.53559732 0.0250140182 1.28239438e-08 -5.73353116e-08 1
LGIC_C 7 -0.712798444 0.45164927 0.000736500581 -0.827617296 0.552995934 0.0961514895
LGIC_C 8 -0.110166359 0.320976674 0.0250139982 8.63455111e-09 -4.34088279e-08 1
LGIC_C 9 -0.471152823 -0.252807142 0.0250140053 6.28883752e-09 7.55636663e-08 1
LGIC_C 10 -0.344718637 -0.593977522 0.0250140151 3.95603082e-08 3.05989652e-08 1
LGIC_C 11 0.1771118 0.545311784 0.0250140092 -6.33660387e-09 4.96100877e-08 -1
LGIC_C 12 0.417712457 0.225822454 0.0250140111 -4.90669739e-08 -3.27854893e-08 1
LGIC_C 13 0.724616541 -0.102509889 0.0250140202 -4.96100859e-08 9.86807898e-09 1
LGIC_C 14 0.673290613 0.244047997 0.0250140151 -4.96100869e-08 6.3366408e-09 1
LGIC_C 15 -0.469702809 -0.37039108 0.0250140098 5.39043203e-09 6.47688584e-08 1
LGIC_C 16 0.621090067 -0.116139776 0.0250140152 -4.96100859e-08 9.86807898e-09 1
LGIC_C 17 -0.509365112 0.38216245 0.0250140129 -4.82586679e-08 1.31306769e-08 -1
LGIC_C 18 0.292784149 -0.466777016 0.0250140111 -2.81018481e-08 4.20574137e-08 1
LGIC_C 21 -0.0114639993 -0.186528559 0.0250139921 -2.90231482e-08 4.96101036e-08 1
LGIC_C 22 0.182305918 0.594731366 0.0250140146 -9.86806672e-09 -4.96100854e-08 1
LGIC_C 23 -0.515268688 0.441150479 0.0250140131 3.68002297e-08 -2.45891157e-08 1
LGIC_C 24 0.138792018 0.40689796 0.0250140048 -9.86806672e-09 -4.96100854e-08 1
LGIC_C 25 0.341943052 -0.0450871165 0.0250139985 -4.34088226e-08 8.63456802e-09 1
LGIC_C 27 -0.299059808 0.524167213 0.0250140188 3.27854968e-08 -4.90669676e-08 1
LGIC_C 28 0.644036435 0.0851457079 0.0250140119 -4.34088272e-08 -8.63453573e-09 1
LGIC_C 30 0.667216583 0.160530113 0.0250140153 -4.96100869e-08 6.3366408e-09 1
LGIC_C 31 -0.40372725 -0.427836886 0.0250140123 3.95603082e-08 3.05989652e-08 1
LGIC_C 32 0.0547661771 0.107098052 0.0250139893 -2.81018716e-08 -4.20573923e-08 1
LGIC_C 33 -0.0242333512 0.634253355 0.025014011 8.63455111e-09 -4.34088279e-08 1
LGIC_C 35 -0.166750875 -0.510286088 0.0250140037 -2.90231482e-08 4.96101036e-08 1
LGIC_C 36 0.440534795 -0.612457109 0.0250140166 -2.45891087e-08 3.68002429e-08 1
LGIC_C 37 0.0924829934 0.797409165 0.0250140187 -8.63455884e-09 -4.34088253e-08 1
LGIC_C 38 0.771046074 -0.332946914 0.02501402 -3.05989503e-08 3.95603122e-08 1
LGIC_C 39 0.665560497 0.257407893 0.0250140144 -4.34088272e-08 -8.63453573e-09 1
LGIC_C 40 -0.686725222 0.0040618837 0.0250140132 4.34088279e-08 -2.48392273e-08 1
LGIC_C 41 -0.52003643 0.611489389 0.0250140186 2.45891128e-08 -3.68002333e-08 1
LGIC_C 42 -0.276001809 -0.683513237 0.0250140153 8.63456455e-09 4.34088336e-08 1
LGIC_C 43 -0.619589605 -0.482291179 0.0250140144 1.15916899e-08 4.97976879e-08 1
LGIC_C 44 0.344926393 0.517015442 0.0250140127 1.3130701e-08 4.82586573e-08 -1
LGIC_C 45 0.000101713046 -0.198309169 0.0250139919 2.48392553e-08 4.34088306e-08 1
LGIC_C 46 -0.198678477 -0.172642555 0.0250139955 5.39043203e-09 6.47688584e-08 1
LGIC_C 47 0.52931574 -0.190513247 0.0250140161 -5.78784275e-08 1.15127558e-08 1
LGIC_C 48 -0.110549626 -0.384385378 0.0250140009 8.63456455e-09 4.34088336e-08 1
LGIC_C 51 -0.62486949 -0.0403842048 0.0250140107 4.34088238e-08 8.63459484e-09 1
LGIC_C 52 0.665929875 -0.209782542 0.0250140173 -4.34088182e-08 2.48392526e-08 1
LGIC_C 53 0.345727039 -0.112990899 0.025014001 -4.34088182e-08 2.48392526e-08 1
LGIC_C 54 -0.0558552947 -0.229513213 0.0250139938 -4.89847109e-08 5.78784581e-08 1
LGIC_C 55 0.451692501 0.512507228 0.0250140139 1.3130701e-08 4.82586573e-08 -1
LGIC_C 56 -0.13622139 -0.257592758 0.0250139946 -5.56021111e-08 -1.45571543e-08 -1
LGIC_C 57 -0.0798549927 0.393096595 0.0250140053 -3.14742797e-08 4.96100914e-08 -1
LGIC_C 58 0.47998647 -0.103892082 0.0250140066 -4.34088182e-08 2.48392526e-08 1
LGIC_C 59 -0.383620297 -0.200154722 0.025014 1.45571809e-08 5.5602105e-08 1
LGIC_C 60 0.140437692 0.509660232 0.025014013 -3.14742949e-08 -4.96100822e-08 1
LGIC_C 61 -0.377948817 0.346286218 0.0250140089 4.20574045e-08 -2.81018523e-08 1
LGIC_C 62 -0.0154137395 0.403742038 0.0250140038 -3.14742797e-08 4.96100914e-08 -1
LGIC_C 63 0.254689668 -0.0157615805 0.025013996 -4.96100859e-08 9.86807898e-09 1
LGIC_C 64 -0.237385694 0.00425165877 0.0250139968 5.7878425e-08 4.89846948e-08 1
LGIC_C 65 0.0133984864 0.363238522 0.0250140012 -6.33660387e-09 4.96100877e-08 -1
LGIC_C 66 -0.265530765 -0.325029696 0.0250140017 2.45891453e-08 3.68002268e-08 1
LGIC_C 67 -0.442153533 0.409343884 0.025014017 6.28881943e-09 -7.55636452e-08 1
LGIC_C 68 -0.676437291 -0.123967424 0.0250140093 -4.34088282e-08 2.70157287e-08 -1
LGIC_C 69 -0.678797884 -0.329853061 0.0250140163 3.68002489e-08 2.45891179e-08 1
LGIC_C 70 -0.0319465994 0.374293803 0.0250139998 8.63455111e-09 -4.34088279e-08 1
LGIC_C 72 0.140323898 0.396034357 0.0250140017 -8.63455884e-09 -4.34088253e-08 1
LGIC_C 73 -0.00317016986 0.00103362147 0.0250139834 4.34088279e-08 -2.48392273e-08 1
LGIC_C 74 0.513896819 0.490094486 0.0250140145 -4.82586616e-08 -1.31306776e-08 1
LGIC_C 75 0.554170541 -0.589554874 0.0250140186 -2.45891087e-08 3.68002429e-08 1
LGIC_C 76 -0.720721689 0.0264621299 0.0250140182 4.96100851e-08 2.90231542e-08 1
LGIC_C 77 0.355760013 -0.254772011 0.0250140042 -3.05989503e-08 3.95603122e-08 1
LGIC_C 79 -0.595320135 -0.274759783 0.0250140038 1.15916899e-08 4.97976879e-08 1
LGIC_C 80 0.725108807 0.0187726018 0.0250140149 -4.34088272e-08 -8.63453573e-09 1
LGIC_C 81 0.0572228785 0.667150603 0.025014016 -6.33660387e-09 4.96100877e-08 -1
LGIC_C 82 0.460496681 -0.263037454 0.0250140077 -3.05989503e-08 3.95603122e-08 1
LGIC_C 83 -0.361579268 0.255532992 0.0250140041 -4.82586679e-08 1.31306769e-08 -1
LGIC_C 84 0.226490754 0.507449283 0.025014011 -2.81018716e-08 -4.20573923e-08 1
LGIC_C 85 -0.050619753 0.0545507109 0.025013987 1.28239438e-08 -5.73353116e-08 1
LGIC_C 87 -0.324947499 -0.222048338 0.0250140003 1.45571809e-08 5.5602105e-08 1
LGIC_C 88 -0.566120444 -0.49222718 0.0250140143 1.15916899e-08 4.97976879e-08 1
LGIC_C 89 0.235080371 -0.489845475 0.02501401 -1.31306721e-08 4.82586744e-08 1
LGIC_C 90 -0.367636142 -0.340256305 0.0250140075 1.45571809e-08 5.5602105e-08 1
LGIC_C 91 0.179805627 0.822946815 0.0172008991 0.194186548 0.976240951 0.0961519121
LGIC_C 92 0.250596511 -0.739000802 0.0250140183 6.33663526e-09 4.9610097e-08 1
LGIC_C 93 -0.0267492291 0.569177145 0.0250140113 -6.33661298e-09 -4.96100859e-08 1
LGIC_C 94 0.155500836 -0.0336125076 0.025013992 -4.96100802e-08 3.14742968e-08 1
LGIC_C 95 -0.309591627 -0.4686861 0.0250140073 -5.56021111e-08 -1.45571543e-08 -1
LGIC_C 96 0.284272444 -0.0573934523 0.0250139979 -4.96100859e-08 9.86807898e-09 1
LGIC_C 97 -0.388011166 0.0425874168 0.0250140013 4.96100851e-08 2.90231542e-08 1
LGIC_C 98 -0.326946579 -0.594720885 0.0250140144 3.95603082e-08 3.05989652e-08 1
LGIC_C 99 0.205808784 -0.0508062318 0.025013995 -4.96100802e-08 3.14742968e-08 1
LGIC_C 100 -0.365924829 -0.427922255 0.025014008 2.45891453e-08 3.68002268e-08 1
LGIC_C 101 -0.396217407 0.0060902188 0.025014003 4.96100897e-08 -9.86805572e-09 1
LGIC_C 102 -0.446673914 0.452719058 0.025014015 1.28239438e-08 -5.73353116e-08 1
LGIC_C 103 -0.437139203 -0.0052095182 0.0250140021 -4.34088282e-08 2.70157287e-08 -1
LGIC_C 104 0.612303485 -0.215723074 0.0250140157 -4.96100859e-08 9.86807898e-09 1
LGIC_C 105 -0.315801659 0.147525854 0.0250139985 3.68002297e-08 -2.45891157e-08 1
LGIC_C 106 -0.299971977 0.74645529 0.0250140183 8.63455111e-09 -4.34088279e-08 1
LGIC_C 107 -0.659733267 -0.272675097 0.0250140143 4.34088238e-08 8.63459484e-09 1
LGIC_C 108 -0.0372930888 -0.505238687 0.0250140061 2.48392553e-08 4.34088306e-08 1
LGIC_C 110 -0.246446498 -0.729037411 0.025014017 8.63456455e-09 4.34088336e-08 1
LGIC_C 111 -0.511220518 -0.122547995 0.0250140051 -4.96100919e-08 2.90231703e-08 -1
LGIC_C 112 0.67934694 -0.0570551184 0.0250140187 -4.96100802e-08 3.14742968e-08 1
LGIC_C 113 -0.0457658411 -0.713269963 0.0250140153 2.48392553e-08 4.34088306e-08 1
LGIC_C 114 -0.337686599 0.396706009 0.0250140103 1.28239438e-08 -5.73353116e-08 1
LGIC_C 115 0.474105915 -0.390287783 0.0250140132 -3.05989503e-08 3.95603122e-08 1
LGIC_C 116 0.114217806 -0.459321134 0.0250140087 1.00935263e-08 5.7878447e-08 1
LGIC_C 117 -0.17354303 -0.0721092715 0.0250139889 -4.34088282e-08 2.70157287e-08 -1
LGIC_C 118 -0.31729609 -0.320611887 0.0250140056 -5.56021111e-08 -1.45571543e-08 -1
LGIC_C 119 0.0879671035 0.465809013 0.0250140072 -9.86806672e-09 -4.96100854e-08 1
LGIC_C 120 0.00694903133 0.499247633 0.0250140081 -9.86806672e-09 -4.96100854e-08 1
LGIC_C 121 -0.517129124 -0.430086745 0.0250140106 1.15916899e-08 4.97976879e-08 1
LGIC_C 122 0.642105441 -0.370964945 0.025014016 -3.68002179e-08 2.45891393e-08 1
LGIC_C 124 0.561735136 -0.488326487 0.0250140159 -3.68002179e-08 2.45891393e-08 1
LGIC_C 125 0.119373505 -0.163952228 0.0250139927 -1.31306721e-08 4.82586744e-08 1
LGIC_C 126 0.630259624 -0.41726711 0.025014019 -3.05989503e-08 3.95603122e-08 1
LGIC_C 127 0.204457077 -0.277311715 0.0250139993 -1.31306721e-08 4.82586744e-08 1
LGIC_C 128 0.237413619 -0.275277109 0.0250139992 -2.45891087e-08 3.68002429e-08 1
LGIC_C 129 0.440064617 -0.0902868211 0.0250140031 -4.34088226e-08 8.63456802e-09 1
LGIC_C 130 -0.545495378 0.18801323 0.0250140086 4.34088259e-08 -8.63455061e-09 1
LGIC_C 131 0.391048854 0.244842586 0.0250140053 -4.82586616e-08 -1.31306776e-08 1
LGIC_C 132 -0.18723839 0.0500727266 0.0250139916 5.7878425e-08 4.89846948e-08 1
LGIC_C 133 -0.582584752 -0.0549379354 0.025014009 4.34088238e-08 8.63459484e-09 1
LGIC_C 134 0.252686392 -0.630658349 0.0250140128 -8.63454093e-09 4.34088369e-08 1
LGIC_C 135 -0.232471676 -0.257404231 0.0250140006 2.81018674e-08 4.20574117e-08 1
LGIC_C 136 0.347700703 -0.289136669 0.0250140031 -3.68002179e-08 2.45891393e-08 1
LGIC_C 137 0.353217338 -0.363404839 0.0250140054 -1.31306721e-08 4.82586744e-08 1
LGIC_C 138 -0.698197932 -0.216456407 0.0250140088 4.96100935e-08 -4.19869172e-08 1
LGIC_C 139 0.138287198 -0.0194505925 0.0250139907 -4.96100802e-08 3.14742968e-08 1
LGIC_C 140 0.514573033 0.549408823 0.0250140161 -2.45891309e-08 -3.68002211e-08 1
LGIC_C 141 0.457577319 0.1151157 0.0250140041 -4.34088272e-08 -8.63453573e-09 1
LGIC_C 142 -0.438831125 -0.537967253 0.0250140171 3.95603082e-08 3.05989652e-08 1
LGIC_C 144 -0.450583241 -0.478147127 0.0250140153 -5.56021111e-08 -1.45571543e-08 -1
LGIC_C 145 0.226715064 0.0154613332 0.0250139944 -4.96100869e-08 6.3366408e-09 1
LGIC_C 146 0.0102200322 0.553169948 0.0250140108 -9.86806672e-09 -4.96100854e-08 1
LGIC_C 147 -0.35027936 -0.349770847 0.0250140047 1.15916899e-08 4.97976879e-08 1
LGIC_C 149 0.558076118 0.476840163 0.0250140155 -3.68002282e-08 -2.45891172e-08 1
LGIC_C 150 0.379930186 0.104044951 0.0250140014 -4.96100869e-08 6.3366408e-09 1
LGIC_C 151 -0.0545394198 -0.690618191 0.0250140137 8.63456455e-09 4.34088336e-08 1
LGIC_C 152 0.286809339 0.531350101 0.0250140127 1.3130701e-08 4.82586573e-08 -1
LGIC_C 153 0.161950999 -0.175321746 0.0250139954 -1.28239349e-08 5.73353226e-08 1
LGIC_C 154 0.137195542 0.475422724 0.0250140082 -9.86806672e-09 -4.96100854e-08 1
LGIC_C 155 -0.504332168 0.169887491 0.0250140066 4.34088259e-08 -8.63455061e-09 1
LGIC_C 156 -0.228126075 0.0404095773 0.0250139935 4.34088259e-08 -8.63455061e-09 1
LGIC_C 157 -0.459403139 0.268092625 0.0250140064 6.28881943e-09 -7.55636452e-08 1
LGIC_C 158 0.322592853 0.184818932 0.025014003 3.37890593e-08 4.80634111e-08 -1
LGIC_C 159 0.787520581 0.117725987 0.0250140184 -4.34088272e-08 -8.63453573e-09 1
LGIC_C 160 -0.315548972 -0.0985485298 0.0250139943 -4.34088282e-08 2.70157287e-08 -1
LGIC_C 161 -0.4281067 0.0994465533 0.0250140055 4.96100897e-08 -9.86805572e-09 1
LGIC_C 162 0.474360424 0.0138513463 0.0250140069 -4.96100911e-08 -9.86803575e-09 1
LGIC_C 163 0.403155513 -0.252979975 0.0250140073 -4.20573976e-08 2.81018683e-08 1
LGIC_C 164 0.294510054 -0.605294658 0.0250140163 -1.31306721e-08 4.82586744e-08 1
LGIC_C 165 -0.358377621 0.0686591363 0.025013999 4.96100851e-08 2.90231542e-08 1
LGIC_C 166 -0.10679859 -0.704465197 0.0250140165 2.48392553e-08 4.34088306e-08 1
LGIC_C 167 -0.581299964 0.580782644 0.0250140189 3.68002297e-08 -2.45891157e-08 1
LGIC_C 168 -0.483406656 -0.238171555 0.0250140013 5.39043203e-09 6.47688584e-08 1
LGIC_C 169 0.666568694 -0.520957507 0.0093499864 0.827616944 -0.552996408 0.0961517878
LGIC_C 171 -0.246141189 0.321695204 0.0250140049 1.28239438e-08 -5.73353116e-08 1
LGIC_C 172 0.274087396 0.15304313 0.0250139991 -4.20574004e-08 -2.81018564e-08 1
LGIC_C 173 0.651681048 0.28742028 0.0250140143 -3.68002282e-08 -2.45891172e-08 1
LGIC_C 174 -0.0929785374 -0.487767846 0.0250140067 2.48392553e-08 4.34088306e-08 1
LGIC_C 175 0.411245416 -0.318663435 0.0250140124 -3.37890406e-08 4.80634332e-08 1
LGIC_C 177 0.340268096 0.350105623 0.0250140075 -2.81018716e-08 -4.20573923e-08 1
LGIC_C 178 0.135804883 -0.614863765 0.0250140129 6.33663526e-09 4.9610097e-08 1
LGIC_C 180 -0.148857118 0.263171187 0.0250139985 2.8101852e-08 -4.20574041e-08 1
LGIC_C 181 -0.655095145 -0.298057234 0.0250140061 5.39043203e-09 6.47688584e-08 1
LGIC_C 183 0.656254991 0.291142906 0.0250140187 -4.82586616e-08 -1.31306776e-08 1
LGIC_C 184 0.686109081 -0.0317266207 0.0250140138 -4.34088182e-08 2.48392526e-08 1
LGIC_C 185 0.378012152 -0.157221349 0.025014001 -3.05989503e-08 3.95603122e-08 1
LGIC_C 186 -0.61621765 -0.275755909 0.0250140044 5.39043203e-09 6.47688584e-08 1
LGIC_C 188 -0.723721934 0.0949551315 0.0250140155 4.34088259e-08 -8.63455061e-09 1
LGIC_C 189 -0.541581013 0.30893779 0.0250140147 4.20574045e-08 -2.81018523e-08 1
LGIC_C 190 0.345964034 -0.715138189 0.0250140181 -2.45891087e-08 3.68002429e-08 1
LGIC_C 191 -0.448934769 -0.255694138 0.0250140022 5.39043203e-09 6.47688584e-08 1
LGIC_C 192 -0.281703836 0.113669378 0.0250139965 4.34088259e-08 -8.63455061e-09 1
LGIC_C 193 0.280319993 0.0951646351 0.0250139981 -4.96100911e-08 -9.86803575e-09 1
LGIC_C 194 -0.696997977 0.345484652 0.0250140174 3.68002297e-08 -2.45891157e-08 1
LGIC_C 195 0.360432275 0.402847875 0.0250140103 -2.81018716e-08 -4.20573923e-08 1
LGIC_C 196 0.720351162 0.405489136 0.0250140197 -3.68002282e-08 -2.45891172e-08 1
LGIC_C 197 -0.252596606 -0.562034295 0.0250140101 2.45891453e-08 3.68002268e-08 1
LGIC_C 198 0.503990844 -0.0511279833 0.0250140056 -4.34088226e-08 8.63456802e-09 1
LGIC_C 199 0.65903004 0.262830427 0.0250140143 -4.96100869e-08 6.3366408e-09 1
LGIC_C 200 0.710744683 -0.321201858 0.0250140173 -3.68002179e-08 2.45891393e-08 1
LGIC_C 201 0.237842914 0.114491247 0.0250139965 -4.20574004e-08 -2.81018564e-08 1
LGIC_C 202 -0.03302162 -0.282306603 0.0250139963 2.48392553e-08 4.34088306e-08 1
LGIC_C 203 -0.142852117 -0.0132092977 0.02501399 -4.96100919e-08 2.90231703e-08 -1
LGIC_C 204 -0.388550861 0.54465076 0.0250140171 2.8101852e-08 -4.20574041e-08 1
LGIC_C 205 -0.103527559 0.265757618 0.0250139975 9.86805557e-09 -4.96100883e-08 1
LGIC_C 206 0.656181309 -0.348021424 0.0250140159 -3.68002179e-08 2.45891393e-08 1
LGIC_C 207 -0.112918667 -0.476484736 0.0250140053 -4.89847109e-08 5.78784581e-08 1
LGIC_C 208 -0.514303858 0.406944399 0.0250140134 -4.82586679e-08 1.31306769e-08 -1
LGIC_C 209 -0.0115667719 -0.00131626113 0.0250139849 -1.38908242e-07 -2.76307273e-08 -1
LGIC_C 210 0.0605174547 0.275116749 0.0250139975 -9.86806672e-09 -4.96100854e-08 1
LGIC_C 212 -0.371444832 -0.517899671 0.0250140115 -5.56021111e-08 -1.45571543e-08 -1
LGIC_C 213 0.356644961 -0.383933094 0.0250140094 -2.81018481e-08 4.20574137e-08 1
LGIC_C 214 0.453603655 -0.0735893226 0.0250140036 -4.34088226e-08 8.63456802e-09 1
LGIC_C 215 -0.49222917 -0.018882215 0.0250140048 4.34088238e-08 8.63459484e-09 1
LGIC_C 216 0.168079678 -0.203731129 0.0250139953 -1.31306721e-08 4.82586744e-08 1
LGIC_C 217 0.481675052 -0.372867416 0.0250140174 -3.37890406e-08 4.80634332e-08 1
LGIC_C 218 -0.257261665 0.473323894 0.0250140095 1.31306824e-08 -4.82586643e-08 1
LGIC_C 219 -0.267180615 -0.422081466 0.0250140067 3.95603082e-08 3.05989652e-08 1
LGIC_C 220 -0.733691836 -0.332238205 0.0250140184 3.68002489e-08 2.45891179e-08 1
LGIC_C 221 0.648587372 -0.410597693 0.0250140172 -3.68002179e-08 2.45891393e-08 1
LGIC_C 222 -0.496977445 -0.20367284 0.0250140021 5.7878436e-08 -4.89847332e-08 1
LGIC_C 223 0.209867294 0.405431719 0.025014007 -4.80634192e-08 -3.37890445e-08 1
LGIC_C 224 -0.368236692 0.0251740419 0.0250140008 4.96100851e-08 2.90231542e-08 1
LGIC_C 225 0.215916327 -0.684005092 0.0250140148 -8.63454093e-09 4.34088369e-08 1
LGIC_C 226 0.387522832 -0.150095372 0.0250140014 -4.34088226e-08 8.63456802e-09 1
LGIC_C 227 -0.162731284 0.495354347 0.0250140062 8.63455111e-09 -4.34088279e-08 1
LGIC_C 228 0.289616659 -0.279784346 0.0250140032 -3.05989503e-08 3.95603122e-08 1
LGIC_C 229 -0.515398182 -0.0756616939 0.0250140063 4.34088238e-08 8.63459484e-09 1
LGIC_C 230 -0.677305427 -0.157104002 0.0250140084 -4.34088282e-08 2.70157287e-08 -1
LGIC_C 231 0.51960196 0.258662201 0.0250140132 3.37890593e-08 4.80634111e-08 -1
LGIC_C 232 -0.293944065 0.799664354 0.0217332184 -0.194186377 0.976241021 0.0961515493
LGIC_C 233 0.291760489 0.236725923 0.0250140004 -4.82586616e-08 -1.31306776e-08 1
LGIC_C 234 0.0289100898 -0.433921651 0.0250140023 -8.63454093e-09 4.34088369e-08 1
LGIC_C 235 0.360656797 0.444402058 0.0250140121 -2.81018716e-08 -4.20573923e-08 1
LGIC_C 236 0.307214231 -0.00429136206 0.0250139967 -4.34088182e-08 2.48392526e-08 1
LGIC_C 239 0.487644833 -0.248289453 0.0250140107 -4.20573976e-08 2.81018683e-08 1
LGIC_C 240 0.15081085 -0.186328811 0.0250139958 -1.28239349e-08 5.73353226e-08 1
LGIC_C 241 -0.131510294 0.195340759 0.0250139952 2.8101852e-08 -4.20574041e-08 1
LGIC_C 242 0.593486694 -0.339431444 0.0250140196 -3.37890406e-08 4.80634332e-08 1
LGIC_C 243 -0.680834718 0.23596999 0.0250140194 4.96100897e-08 -9.86805572e-09 1
LGIC_C 246 0.411741456 0.429515709 0.0250140092 -2.45891309e-08 -3.68002211e-08 1
LGIC_C 247 -0.497097348 0.65021755 0.0250140194 2.45891128e-08 -3.68002333e-08 1
LGIC_C 248 0.0789568127 -0.0593067347 0.0250139876 -3.68002179e-08 2.45891393e-08 1
LGIC_C 249 0.517573808 -0.074391395 0.0250140112 -4.96100802e-08 3.14742968e-08 1
LGIC_C 250 0.261440062 0.528797405 0.0250140137 -4.80634192e-08 -3.37890445e-08 1
LGIC_C 251 0.0242121266 0.600186575 0.0250140129 -6.33660387e-09 4.96100877e-08 -1
LGIC_C 252 0.174918867 0.574641078 0.0250140173 -3.14742949e-08 -4.96100822e-08 1
LGIC_C 253 0.463735426 0.306266945 0.0250140096 -4.82586616e-08 -1.31306776e-08 1
LGIC_C 255 -0.72839015 -0.0520719374 0.0250140135 -4.34088282e-08 2.70157287e-08 -1
LGIC_C 256 -0.317192734 0.542818947 0.025014011 2.45891128e-08 -3.68002333e-08 1
LGIC_C 257 0.305815334 0.317345989 0.0250140026 1.3130701e-08 4.82586573e-08 -1
LGIC_C 258 -0.29359541 0.578135424 0.0250140118 2.45891128e-08 -3.68002333e-08 1
LGIC_C 260 -0.00920069378 -0.596644813 0.0250140129 9.8680833e-09 4.96100963e-08 1
LGIC_C 261 0.0596739116 0.636007574 0.0250140114 -8.63455884e-09 -4.34088253e-08 1
LGIC_C 262 -0.35667381 0.341097623 0.0250140079 4.20574045e-08 -2.81018523e-08 1
LGIC_C 263 -0.693668563 -0.15198784 0.0250140093 -4.34088282e-08 2.70157287e-08 -1
LGIC_C 264 0.420557027 -0.351524753 0.0250140074 -3.68002179e-08 2.45891393e-08 1
LGIC_C 265 0.21078935 0.0112947604 0.0250139938 -4.96100911e-08 -9.86803575e-09 1
LGIC_C 266 -0.158793855 -0.334694643 0.0250139998 3.95603082e-08 3.05989652e-08 1
LGIC_C 267 -0.308088833 -0.26742513 0.0250140026 1.45571809e-08 5.5602105e-08 1
LGIC_C 268 -0.0388110848 -0.505193183 0.0250140072 -2.90231482e-08 4.96101036e-08 1
LGIC_C 269 -0.113687055 0.60556164 0.0250140126 -6.33661298e-09 -4.96100859e-08 1
LGIC_C 271 -0.464006854 -0.416467438 0.0250140106 3.68002489e-08 2.45891179e-08 1
LGIC_C 272 -0.357855469 0.255290766 0.0250140039 -4.82586679e-08 1.31306769e-08 -1
LGIC_C 273 0.762031943 -0.147675704 0.02501402 -4.34088182e-08 2.48392526e-08 1
LGIC_C 274 -0.360971181 0.391660587 0.0250140066 2.45891128e-08 -3.68002333e-08 1
LGIC_C 275 0.0166907427 -0.526337296 0.0250140092 6.33663526e-09 4.9610097e-08 1
LGIC_C 276 -0.123010883 -0.483144743 0.0250140036 -2.90231482e-08 4.96101036e-08 1
LGIC_C 278 0.347534324 0.28126046 0.025014003 -3.68002282e-08 -2.45891172e-08 1
LGIC_C 279 0.108519617 -0.0195022618 0.0250139881 -4.34088226e-08 8.63456802e-09 1
LGIC_C 280 -0.238685906 -0.17311688 0.0250139963 1.45571809e-08 5.5602105e-08 1
LGIC_C 281 0.408600005 0.50130359 0.0250140198 -4.80634192e-08 -3.37890445e-08 1
LGIC_C 282 -0.245754898 -0.466347038 0.0250140072 3.95603082e-08 3.05989652e-08 1
LGIC_C 283 -0.25105589 -0.472258748 0.0250140052 7.55636799e-08 6.2887973e-09 1
LGIC_C 284 0.240337202 -0.787769356 0.0250140195 -8.63454093e-09 4.34088369e-08 1
LGIC_C 286 -0.550384243 0.0461649087 0.0250140092 4.96100851e-08 2.90231542e-08 1
LGIC_C 287 -0.0735191009 -0.11266295 0.0250139892 2.45891453e-08 3.68002268e-08 1
LGIC_C 288 0.0356956693 -0.374066315 0.0250140016 6.33663526e-09 4.9610097e-08 1
LGIC_C 289 0.0388617316 -0.0339470406 0.0250139855 -3.68002179e-08 2.45891393e-08 1
LGIC_C 290 -0.372538324 -0.543682683 0.0250140166 2.81018674e-08 4.20574117e-08 1
LGIC_C 291 -0.488913621 0.418670925 0.0250140116 3.68002297e-08 -2.45891157e-08 1
LGIC_C 292 0.415799535 0.438422653 0.0250140134 -2.81018716e-08 -4.20573923e-08 1
LGIC_C 293 -0.694825839 -0.0864441019 0.0250140152 -4.96100919e-08 2.90231703e-08 -1
LGIC_C 295 -0.170969152 0.126581432 0.0250139939 6.28881943e-09 -7.55636452e-08 1
LGIC_C 296 0.495799635 0.226866972 0.0250140105 -4.20574004e-08 -2.81018564e-08 1
LGIC_C 297 0.0417228499 0.341448757 0.0250139984 -8.63455884e-09 -4.34088253e-08 1
LGIC_C 298 0.196529313 -0.544914463 0.0250140122 -9.86804037e-09 4.96101e-08 1
LGIC_C 299 -0.0644172689 -0.34046504 0.0250140008 9.8680833e-09 4.96100963e-08 1
LGIC_C 300 0.367535115 -0.0373348111 0.0250140001 -4.34088182e-08 2.48392526e-08 1
LGIC_C 301 0.121693932 0.395765894 0.0250140015 -8.63455884e-09 -4.34088253e-08 1
LGIC_C 302 0.422215278 0.367793906 0.0250140113 -4.20574004e-08 -2.81018564e-08 1
LGIC_C 303 -0.0230489222 0.368739401 0.0250140018 9.86805557e-09 -4.96100883e-08 1
LGIC_C 304 -0.150349835 0.327795728 0.0250140011 1.31306824e-08 -4.82586643e-08 1
LGIC_C 305 -0.433763214 0.21077837 0.0250140044 3.68002297e-08 -2.45891157e-08 1
LGIC_C 306 0.200607945 0.109054332 0.0250139953 3.37890593e-08 4.80634111e-08 -1
LGIC_C 307 -0.426034943 0.270794717 0.0250140074 -4.82586679e-08 1.31306769e-08 -1
LGIC_C 308 0.636138628 -0.289927333 0.0250140138 -3.68002179e-08 2.45891393e-08 1
LGIC_C 309 0.143461626 0.126677319 0.0250139916 -3.68002282e-08 -2.45891172e-08 1
LGIC_C 310 0.127630309 0.8031758 0.0250140192 -8.63455884e-09 -4.34088253e-08 1
LGIC_C 311 0.588602511 0.609133078 0.0250140201 -2.45891309e-08 -3.68002211e-08 1
LGIC_C 312 0.315676281 0.214665476 0.0250140026 -4.20574004e-08 -2.81018564e-08 1
LGIC_C 313 0.673769952 0.355869857 0.0250140168 -3.68002282e-08 -2.45891172e-08 1
LGIC_C 314 -0.237951594 0.5462348 0.0250140092 2.45891128e-08 -3.68002333e-08 1
LGIC_C 315 -0.0666114583 0.00236151847 0.0250139866 4.96100897e-08 -9.86805572e-09 1
LGIC_C 318 -0.242029933 -0.346043678 0.0250140018 -5.56021111e-08 -1.45571543e-08 -1
LGIC_C 319 -0.513264672 -0.0928912073 0.025014003 -4.34088282e-08 2.70157287e-08 -1
LGIC_C 320 0.380768365 0.616441914 0.0250140199 -2.81018716e-08 -4.20573923e-08 1
LGIC_C 322 0.547147699 0.256070299 0.025014013 -4.82586616e-08 -1.31306776e-08 1
LGIC_C 323 -0.333513204 -0.624555206 0.0250140189 2.81018674e-08 4.20574117e-08 1
LGIC_C 324 0.0457357126 0.692982172 0.0250140174 -6.33660387e-09 4.96100877e-08 -1
LGIC_C 325 0.49661614 0.61172075 0.025014018 -2.45891309e-08 -3.68002211e-08 1
LGIC_C 326 0.201403395 0.686058342 0.025014016 -6.33660387e-09 4.96100877e-08 -1
LGIC_C 327 -0.304040906 -0.0588973613 0.0250139966 -4.96100919e-08 2.90231703e-08 -1
LGIC_C 328 -0.441610448 0.0319989039 0.0250140032 4.34088279e-08 -2.48392273e-08 1
LGIC_C 329 0.612502095 -0.17130701 0.0250140153 -4.96100859e-08 9.86807898e-09 1
LGIC_C 330 0.372409006 -0.0304035884 0.0250140027 -4.96100802e-08 3.14742968e-08 1
LGIC_C 331 0.203380852 -0.0961351132 0.0250139933 -3.05989503e-08 3.95603122e-08 1
LGIC_C 332 -0.000366477453 -0.398324052 0.025014003 9.8680833e-09 4.96100963e-08 1
LGIC_C 333 0.515390969 0.165102359 0.025014007 -4.34088272e-08 -8.63453573e-09 1
LGIC_C 334 0.24262109 0.762343551 0.0250140184 -8.63455884e-09 -4.34088253e-08 1
LGIC_C 335 0.222673047 0.54569263 0.0250140089 -6.33660387e-09 4.96100877e-08 -1
LGIC_C 336 -0.715489974 0.0142522177 0.0250140147 4.34088279e-08 -2.48392273e-08 1
LGIC_C 337 -0.022810834 -0.00536850202 0.0250139843 4.34088238e-08 8.63459484e-09 1
LGIC_C 338 -0.257841553 0.340637805 0.0250140021 2.45891128e-08 -3.68002333e-08 1
LGIC_C 339 0.119956029 -0.174328991 0.0250139932 -1.31306721e-08 4.82586744e-08 1
LGIC_C 340 -0.310354543 0.564799377 0.0250140157 2.8101852e-08 -4.20574041e-08 1
LGIC_C 341 0.0131540571 -0.675224244 0.0250140127 -8.63454093e-09 4.34088369e-08 1
LGIC_C 342 -0.819862577 -0.0611539013 0.0250140172 -4.34088282e-08 2.70157287e-08 -1
LGIC_C 343 0.216861564 0.472323557 0.0250140089 1.3130701e-08 4.82586573e-08 -1
LGIC_C 344 -0.115740582 0.0271849689 0.0250139886 5.7878425e-08 4.89846948e-08 1
LGIC_C 346 0.33387688 0.327778048 0.0250140036 -3.68002282e-08 -2.45891172e-08 1
LGIC_C 347 0.480970968 -0.140942476 0.0250140085 -4.96100859e-08 9.86807898e-09 1
LGIC_C 349 -0.206639409 -0.533577653 0.0250140037 -2.90231482e-08 4.96101036e-08 1
LGIC_C 350 -0.261678423 0.402103693 0.0250140045 2.45891128e-08 -3.68002333e-08 1
LGIC_C 352 -0.154273566 -0.218616521 0.025013996 3.95603082e-08 3.05989652e-08 1
LGIC_C 353 -0.341969947 0.144029478 0.0250140017 4.20574045e-08 -2.81018523e-08 1
LGIC_C 354 0.188488715 0.212678612 0.0250139975 -2.81018716e-08 -4.20573923e-08 1
LGIC_C 355 0.0993390538 -0.493887901 0.0250140108 1.00935263e-08 5.7878447e-08 1
LGIC_C 356 0.100818058 0.714538466 0.0250140151 -8.63455884e-09 -4.34088253e-08 1
LGIC_C 357 0.716019627 0.183006842 0.0250140176 -4.96100869e-08 6.3366408e-09 1
LGIC_C 358 0.0869411026 -0.0819678096 0.0250139902 -4.90669481e-08 3.27855328e-08 1
LGIC_C 359 -0.241359746 0.241183364 0.025014003 6.28881943e-09 -7.55636452e-08 1
LGIC_C 360 -0.464301306 0.435873441 0.0250140111 3.68002297e-08 -2.45891157e-08 1
LGIC_C 361 0.600383433 -0.145950133 0.0250140145 -4.96100859e-08 9.86807898e-09 1
LGIC_C 362 -0.451489314 -0.0942511614 0.0250140029 -4.96100919e-08 2.90231703e-08 -1
LGIC_C 363 -0.316938021 0.432790518 0.0250140083 1.31306824e-08 -4.82586643e-08 1
LGIC_C 365 0.585180993 -0.364723444 0.0250140181 -4.20573976e-08 2.81018683e-08 1
LGIC_C 366 -0.330148117 -0.75127355 0.0250140193 3.95603082e-08 3.05989652e-08 1
LGIC_C 367 0.372415399 -0.0930658799 0.0250140017 -4.34088182e-08 2.48392526e-08 1
LGIC_C 368 -0.120350213 -0.349656583 0.0250140014 2.48392553e-08 4.34088306e-08 1
LGIC_C 369 -0.135484439 -0.652362041 0.0250140117 -2.90231482e-08 4.96101036e-08 1
LGIC_C 370 -0.341719117 -0.620746757 0.0250140145 2.45891453e-08 3.68002268e-08 1
LGIC_C 371 0.230650301 0.0595273403 0.0250139938 -4.34088272e-08 -8.63453573e-09 1
LGIC_C 372 -0.0276187279 0.43553208 0.0250140024 8.63455111e-09 -4.34088279e-08 1
LGIC_C 373 -0.674682963 0.444788929 0.025014019 3.68002297e-08 -2.45891157e-08 1
LGIC_C 374 0.0186547571 -0.192457542 0.0250139927 6.33663526e-09 4.9610097e-08 1
LGIC_C 375 0.14002608 -0.633795876 0.0250140185 1.00935263e-08 5.7878447e-08 1
LGIC_C 376 0.422095205 0.401227671 0.0250140123 -4.20574004e-08 -2.81018564e-08 1
LGIC_C 377 0.30943049 0.142177666 0.0250139981 -3.68002282e-08 -2.45891172e-08 1
LGIC_C 378 -0.582247281 0.0649335373 0.0250140103 4.96100851e-08 2.90231542e-08 1
LGIC_C 379 -0.0256501264 -0.436626114 0.0250140052 9.8680833e-09 4.96100963e-08 1
LGIC_C 380 0.136797733 0.579172063 0.0250140133 -9.86806672e-09 -4.96100854e-08 1
LGIC_C 381 0.0234308646 0.656628132 0.0250140157 -6.33660387e-09 4.96100877e-08 -1
LGIC_C 382 0.577069058 -0.270619642 0.0250140157 -3.37890406e-08 4.80634332e-08 1
LGIC_C 384 -0.450593422 -0.40374209 0.0250140166 6.28883752e-09 7.55636663e-08 1
LGIC_C 386 0.485782957 -0.46445638 0.0250140125 -3.68002179e-08 2.45891393e-08 1
LGIC_C 387 0.543996871 -0.2289965 0.0250140126 -3.37890406e-08 4.80634332e-08 1
LGIC_C 388 -0.0190477282 0.414625438 0.0250140044 -3.14742797e-08 4.96100914e-08 -1
LGIC_C 390 0.555331885 -0.0319194193 0.0250140081 -4.34088182e-08 2.48392526e-08 1
LGIC_C 392 -0.236768843 -0.580824943 0.0250140052 -2.90231482e-08 4.96101036e-08 1
LGIC_C 393 -0.0470319733 -0.288454237 0.0250139962 8.63456455e-09 4.34088336e-08 1
LGIC_C 395 0.362462421 0.393443079 0.025014007 1.3130701e-08 4.82586573e-08 -1
LGIC_C 396 0.23915017 0.389429727 0.0250140052 1.3130701e-08 4.82586573e-08 -1
LGIC_C 397 -0.675491335 0.272004501 0.0250140149 4.34088259e-08 -8.63455061e-09 1
LGIC_C 398 -0.53983373 0.247034301 0.0250140134 3.37890593e-08 -4.80634052e-08 1
LGIC_C 399 0.594359628 -0.162614195 0.0250140178 -4.96100802e-08 3.14742968e-08 1
NT 7181 0.0920187257 -4.94246989 -2.7079254 0 0 0
NT 7817 0.539370987 2.26291006 -2.15306029 0 0 0
LGIC_O 4402 -0.0345878633 0.265675272 0.025013999 1.15127271e-08 -5.78784352e-08 1
LGIC_O 4401 -0.1840676 0.0972239463 0.0250139942 3.37890593e-08 -4.80634052e-08 1
LGIC_O 4400 -0.175025146 0.0137516014 0.0250139927 5.7878425e-08 4.89846948e-08 1
LGIC_O 8441 0.636913646 -0.12672076 0.0250140188 -4.96100802e-08 3.14742968e-08 1
LGIC_O 8440 0.314831804 -0.521242477 0.0250140191 -3.27854948e-08 4.90669785e-08 1
LGIC_O 8439 0.567487089 -0.204519113 0.0250140184 -5.78784275e-08 1.15127558e-08 1
LGIC_O 8438 -0.495463838 -0.478991786 0.0250140171 1.45571809e-08 5.5602105e-08 1
LGIC_O 8437 -0.0865332912 0.0753896135 0.0250139898 3.37890593e-08 -4.80634052e-08 1
LGIC_O 8436 0.281965125 0.349247805 0.0250140096 -3.27855134e-08 -4.90669575e-08 1
LGIC_O 8435 -0.281577291 0.489075666 0.0250140165 3.27854968e-08 -4.90669676e-08 1
LGIC_O 8434 -0.605092982 -0.110313414 0.0250140129 5.7878436e-08 -4.89847332e-08 1
LGIC_O 8433 0.701586212 -0.0117142491 0.0250140184 -4.96100802e-08 3.14742968e-08 1
LGIC_O 8432 0.426050556 0.664856809 0.0250140182 -2.45891309e-08 -3.68002211e-08 1
LGIC_O 8431 -0.53569519 -0.176489801 0.025014008 4.34088238e-08 8.63459484e-09 1
LGIC_O 8430 -0.206044735 -0.180448528 0.0250139982 6.28883752e-09 7.55636663e-08 1
LGIC_O 8429 0.342033035 -0.34268384 0.0250140113 -3.27854948e-08 4.90669785e-08 1
LGIC_O 8428 0.576112066 -0.314703408 0.0250140178 -3.37890406e-08 4.80634332e-08 1
LGIC_O 8427 0.236726308 -0.318077646 0.0250140066 -3.27854948e-08 4.90669785e-08 1
LGIC_O 8426 -0.0976488914 -0.110862836 0.0250139913 7.55636799e-08 6.2887973e-09 1
LGIC_O 8425 0.534646383 -0.195059479 0.0250140164 -5.78784275e-08 1.15127558e-08 1
LGIC_O 8424 0.219544679 -0.315091025 0.0250140059 -3.27854948e-08 4.90669785e-08 1
LGIC_O 8423 -0.608846757 -0.593779315 0.0250140203 3.68002489e-08 2.45891179e-08 1
LGIC_O 8422 0.564815598 -0.372450199 0.0250140202 -3.37890406e-08 4.80634332e-08 1
LGIC_O 8421 0.550750457 0.0902902064 0.0250140162 -5.78784335e-08 -1.15127284e-08 1
LGIC_O 8420 0.175418091 0.0610257495 0.0250139941 -5.78784335e-08 -1.15127284e-08 1
LGIC_O 8419 0.142777714 0.100831833 0.0250139936 -4.90669739e-08 -3.27854893e-08 1
LGIC_O 4418 0.0575220985 -0.190210297 0.0250139949 -1.15127059e-08 5.78784511e-08 1
LGIC_O 4417 -0.118754336 -0.170834128 0.0250139938 2.81018674e-08 4.20574117e-08 1
LGIC_O 4416 0.593239316 0.0786534269 0.0250140185 -5.78784335e-08 -1.15127284e-08 1
LGIC_O 4415 0.0853954366 -0.420999761 0.0250140086 -1.15127059e-08 5.78784511e-08 1
LGIC_O 4414 -0.374457097 -0.228026162 0.0250140026 3.68002489e-08 2.45891179e-08 1
LGIC_O 4413 0.577482781 -0.285169834 0.0250140164 -3.37890406e-08 4.80634332e-08 1
LGIC_O 4412 -0.484325859 0.306166979 0.0250140144 3.37890593e-08 -4.80634052e-08 1
LGIC_O 4411 0.44777829 -0.0963194904 0.0250140103 -5.78784275e-08 1.15127558e-08 1
LGIC_O 4410 0.28281874 -0.503567977 0.0250140172 -3.27854948e-08 4.90669785e-08 1
LGIC_O 4409 -0.116204576 -0.152585731 0.025013993 7.55636799e-08 6.2887973e-09 1
LGIC_O 4408 -0.333519821 0.289166147 0.0250140084 3.37890593e-08 -4.80634052e-08 1
LGIC_O 4407 -0.148720782 -0.636306108 0.0250140163 9.8680833e-09 4.96100963e-08 1
LGIC_O 4406 0.336173082 -0.328141715 0.0250140105 -4.90669481e-08 3.27855328e-08 1
LGIC_O 4405 -0.249510429 -0.168914007 0.0250139976 6.28883752e-09 7.55636663e-08 1
LGIC_O 4404 0.0811982327 0.141649416 0.0250139929 -3.27855134e-08 -4.90669575e-08 1
LGIC_O 4403 0.0533120499 -0.19689515 0.0250139952 -1.15127059e-08 5.78784511e-08 1
