LGIC_C 0 0.468239306 0.215673758 0.025014009 -4.20574004e-08 -2.81018564e-08 1
LGIC_C 1 -0.296389177 0.043962771 0.0250139965 4.34088259e-08 -8.63455061e-09 1
LGIC_C 2 -0.546961685 0.17685633 0.0250140121 4.96100897e-08 -9.86805572e-09 1
LGIC_C 3 0.261143451 -0.695847155 0.0250140203 -9.86804037e-09 4.96101e-08 1
LGIC_C 4 -0.461036447 -0.194926611 0.0250140009 6.28883752e-09 7.55636663e-08 1
LGIC_C 5 0.0830223271 -0.531902415 0.0250140132 1.00935263e-08 5.7878447e-08 1
LGIC_C 6 -0.332763733 0.530863542 0.025014018 1.28239438e-08 -5.73353116e-08 1
LGIC_C 7 -0.717266031 0.445414834 -0.00186184197 -0.827617296 0.552995934 0.0961514895
LGIC_C 8 -0.121764474 0.312100924 0.0250139979 8.63455111e-09 -4.34088279e-08 1
LGIC_C 9 -0.469683322 -0.255032336 0.0250140055 6.28883752e-09 7.55636663e-08 1
LGIC_C 10 -0.356288113 -0.5955409 0.0250140156 3.95603082e-08 3.05989652e-08 1
LGIC_C 11 0.203050681 0.564878409 0.02501401 -6.33660387e-09 4.96100877e-08 -1
LGIC_C 12 0.407602724 0.237604456 0.025014011 -4.90669739e-08 -3.27854893e-08 1
LGIC_C 13 0.729319946 -0.0810119865 0.0250140202 -4.96100859e-08 9.86807898e-09 1
LGIC_C 14 0.688321691 0.253136257 0.0250140158 -4.96100869e-08 6.3366408e-09 1
LGIC_C 15 -0.49112697 -0.396238642 0.0250140115 5.39043203e-09 6.47688584e-08 1
LGIC_C 16 0.620379674 -0.136681798 0.0250140154 -4.96100859e-08 9.86807898e-09 1
LGIC_C 17 -0.516098619 0.380473221 0.0250140132 -4.82586679e-08 1.31306769e-08 -1
LGIC_C 18 0.310328266 -0.451878748 0.025014011 -2.81018481e-08 4.20574137e-08 1
LGIC_C 21 -0.0139291087 -0.191465887 0.0250139923 -2.90231482e-08 4.96101036e-08 1
LGIC_C 22 0.165487542 0.574116547 0.0250140134 -9.86806672e-09 -4.96100854e-08 1
LGIC_C 23 -0.521332522 0.43896822 0.0250140132 3.68002297e-08 -2.45891157e-08 1
LGIC_C 24 0.14809269 0.425698977 0.0250140058 -9.86806672e-09 -4.96100854e-08 1
LGIC_C 25 0.333544772 -0.0441384833 0.0250139981 -4.34088226e-08 8.63456802e-09 1
LGIC_C 27 -0.276658115 0.523403132 0.025014018 3.27854968e-08 -4.90669676e-08 1
LGIC_C 28 0.656578639 0.0764964756 0.0250140124 -4.34088272e-08 -8.63453573e-09 1
LGIC_C 30 0.66026933 0.158269414 0.025014015 -4.96100869e-08 6.3366408e-09 1
LGIC_C 31 -0.382142202 -0.422058457 0.0250140113 3.95603082e-08 3.05989652e-08 1
LGIC_C 32 0.0455222575 0.108022037 0.0250139891 1.3130701e-08 4.82586573e-08 -1
LGIC_C 33 -0.025475916 0.653350555 0.0250140118 8.63455111e-09 -4.34088279e-08 1
LGIC_C 35 -0.170076302 -0.502261525 0.0250140032 -2.90231482e-08 4.96101036e-08 1
LGIC_C 36 0.434435294 -0.615633014 0.0250140166 -2.45891087e-08 3.68002429e-08 1
LGIC_C 37 0.0823776752 0.814432115 0.0250140193 -8.63455884e-09 -4.34088253e-08 1
LGIC_C 38 0.78775922 -0.326711544 0.0250140203 -3.05989503e-08 3.95603122e-08 1
LGIC_C 39 0.65804101 0.262518685 0.0250140141 -4.34088272e-08 -8.63453573e-09 1
LGIC_C 40 -0.693341641 0.0165544403 0.0250140138 4.34088279e-08 -2.48392273e-08 1
LGIC_C 41 -0.52638684 0.599391419 0.0250140183 2.45891128e-08 -3.68002333e-08 1
LGIC_C 42 -0.290783918 -0.678211466 0.0250140154 2.45891453e-08 3.68002268e-08 1
LGIC_C 43 -0.607413328 -0.483186686 0.0250140143 1.15916899e-08 4.97976879e-08 1
LGIC_C 44 0.336942403 0.517788841 0.0250140127 1.3130701e-08 4.82586573e-08 -1
LGIC_C 45 -0.0211071186 -0.23018287 0.0250139938 2.48392553e-08 4.34088306e-08 1
LGIC_C 46 -0.196072677 -0.155374538 0.0250139944 5.39043203e-09 6.47688584e-08 1
LGIC_C 47 0.521260861 -0.184762266 0.0250140155 -5.78784275e-08 1.15127558e-08 1
LGIC_C 48 -0.106338068 -0.383711754 0.0250140008 8.63456455e-09 4.34088336e-08 1
LGIC_C 51 -0.623436006 -0.0336083169 0.0250140106 4.34088238e-08 8.63459484e-09 1
LGIC_C 52 0.652087331 -0.178385076 0.025014016 -4.34088182e-08 2.48392526e-08 1
LGIC_C 53 0.334843702 -0.0975370329 0.0250140002 -4.34088182e-08 2.48392526e-08 1
LGIC_C 54 -0.0718100533 -0.227330986 0.0250139929 -4.89847109e-08 5.78784581e-08 1
LGIC_C 55 0.462109566 0.510220427 0.025014014 1.3130701e-08 4.82586573e-08 -1
LGIC_C 56 -0.154859463 -0.250817265 0.0250139955 -5.56021111e-08 -1.45571543e-08 -1
LGIC_C 57 -0.0878894816 0.401283627 0.0250140059 -3.14742797e-08 4.96100914e-08 -1
LGIC_C 58 0.478868244 -0.0764615138 0.0250140059 -4.34088182e-08 2.48392526e-08 1
LGIC_C 59 -0.387600879 -0.196921381 0.0250139998 1.45571809e-08 5.5602105e-08 1
LGIC_C 60 0.16672228 0.495299136 0.0250140131 -3.14742949e-08 -4.96100822e-08 1
LGIC_C 61 -0.384673461 0.336872428 0.0250140089 4.20574045e-08 -2.81018523e-08 1
LGIC_C 62 -0.0353885768 0.401211467 0.0250140043 -3.14742797e-08 4.96100914e-08 -1
LGIC_C 63 0.225233689 -0.00670702712 0.0250139945 -4.96100859e-08 9.86807898e-09 1
LGIC_C 64 -0.237876651 0.00144693609 0.025013997 5.7878425e-08 4.89846948e-08 1
LGIC_C 65 0.00582373165 0.35201004 0.0250140007 -6.33660387e-09 4.96100877e-08 -1
LGIC_C 66 -0.257384854 -0.323504314 0.0250140015 2.45891453e-08 3.68002268e-08 1
LGIC_C 67 -0.442112918 0.40701507 0.0250140168 6.28881943e-09 -7.55636452e-08 1
LGIC_C 68 -0.674098545 -0.118694536 0.0250140093 -4.34088282e-08 2.70157287e-08 -1
LGIC_C 69 -0.69421906 -0.340820355 0.0250140172 3.68002489e-08 2.45891179e-08 1
LGIC_C 70 -0.0364531543 0.382154759 0.0250140002 8.63455111e-09 -4.34088279e-08 1
LGIC_C 72 0.148959727 0.395649288 0.0250140017 -8.63455884e-09 -4.34088253e-08 1
LGIC_C 73 -0.0122965199 0.00636103173 0.025013984 4.20574045e-08 -2.81018523e-08 1
LGIC_C 74 0.519497442 0.482509057 0.0250140146 -4.82586616e-08 -1.31306776e-08 1
LGIC_C 75 0.548109024 -0.612141355 0.0250140192 -2.45891087e-08 3.68002429e-08 1
LGIC_C 76 -0.723194857 0.0254081476 0.0250140184 4.96100851e-08 2.90231542e-08 1
LGIC_C 77 0.349708851 -0.237967685 0.0250140033 -3.05989503e-08 3.95603122e-08 1
LGIC_C 79 -0.593027103 -0.270905117 0.0250140036 1.15916899e-08 4.97976879e-08 1
LGIC_C 80 0.722356341 0.0139144 0.0250140147 -4.34088272e-08 -8.63453573e-09 1
LGIC_C 81 0.0519982621 0.698347782 0.0250140176 -6.33660387e-09 4.96100877e-08 -1
LGIC_C 82 0.454951213 -0.26968357 0.0250140078 -3.05989503e-08 3.95603122e-08 1
LGIC_C 83 -0.351794146 0.245655136 0.0250140035 -4.82586679e-08 1.31306769e-08 -1
LGIC_C 84 0.223059711 0.507267852 0.0250140109 -2.81018716e-08 -4.20573923e-08 1
LGIC_C 85 -0.0622730862 0.0854968366 0.025013989 1.28239438e-08 -5.73353116e-08 1
LGIC_C 87 -0.3224403 -0.230120733 0.0250140007 1.45571809e-08 5.5602105e-08 1
LGIC_C 88 -0.562023989 -0.511592316 0.0250140152 1.15916899e-08 4.97976879e-08 1
LGIC_C 89 0.241355191 -0.501892437 0.0250140106 -1.31306721e-08 4.82586744e-08 1
LGIC_C 90 -0.358415011 -0.332266241 0.0250140069 1.45571809e-08 5.5602105e-08 1
LGIC_C 91 0.184958702 0.819582593 0.0250140204 -8.63455884e-09 -4.34088253e-08 1
LGIC_C 92 0.238840261 -0.754285717 0.0250140191 6.33663526e-09 4.9610097e-08 1
LGIC_C 93 -0.0404338989 0.578070747 0.0250140117 -6.33661298e-09 -4.96100859e-08 1
LGIC_C 94 0.147006683 -0.0356786624 0.0250139916 -4.96100802e-08 3.14742968e-08 1
LGIC_C 95 -0.334708337 -0.477338126 0.0250140088 -5.56021111e-08 -1.45571543e-08 -1
LGIC_C 96 0.294275362 -0.055509231 0.0250139984 -4.96100859e-08 9.86807898e-09 1
LGIC_C 97 -0.421681351 0.0277519799 0.0250140034 4.96100851e-08 2.90231542e-08 1
LGIC_C 98 -0.338068372 -0.57766379 0.0250140143 3.95603082e-08 3.05989652e-08 1
LGIC_C 99 0.198090478 -0.0691272599 0.0250139952 -4.96100802e-08 3.14742968e-08 1
LGIC_C 100 -0.362092883 -0.444054943 0.0250140085 2.45891453e-08 3.68002268e-08 1
LGIC_C 101 -0.385918218 0.00429958592 0.0250140025 4.96100897e-08 -9.86805572e-09 1
LGIC_C 102 -0.448830339 0.459878771 0.0250140154 1.28239438e-08 -5.73353116e-08 1
LGIC_C 103 -0.429572927 -0.00147870943 0.0250140019 -4.34088282e-08 2.70157287e-08 -1
LGIC_C 104 0.611427758 -0.209361416 0.0250140156 -4.96100859e-08 9.86807898e-09 1
LGIC_C 105 -0.318389766 0.154625298 0.0250139988 3.68002297e-08 -2.45891157e-08 1
LGIC_C 106 -0.304678093 0.750951549 0.0250140185 8.63455111e-09 -4.34088279e-08 1
LGIC_C 107 -0.654166868 -0.261303457 0.0250140139 4.34088238e-08 8.63459484e-09 1
LGIC_C 108 -0.0453619448 -0.493493279 0.0250140058 2.48392553e-08 4.34088306e-08 1
LGIC_C 110 -0.217712581 -0.723901966 0.0250140165 8.63456455e-09 4.34088336e-08 1
LGIC_C 111 -0.50706268 -0.121339915 0.0250140049 -4.96100919e-08 2.90231703e-08 -1
LGIC_C 112 0.696384186 -0.047331352 0.0250140193 -4.96100802e-08 3.14742968e-08 1
LGIC_C 113 -0.0461282874 -0.713958389 0.0250140154 2.48392553e-08 4.34088306e-08 1
LGIC_C 114 -0.356394881 0.395588685 0.0250140105 1.28239438e-08 -5.73353116e-08 1
LGIC_C 115 0.483186653 -0.397402765 0.0250140137 -3.05989503e-08 3.95603122e-08 1
LGIC_C 116 0.107229985 -0.457396278 0.0250140086 1.00935263e-08 5.7878447e-08 1
LGIC_C 117 -0.167364958 -0.0452810897 0.0250139893 -4.34088282e-08 2.70157287e-08 -1
LGIC_C 118 -0.304775313 -0.314966495 0.0250140048 -5.56021111e-08 -1.45571543e-08 -1
LGIC_C 119 0.104805646 0.451847977 0.0250140067 -9.86806672e-09 -4.96100854e-08 1
LGIC_C 120 0.000950497008 0.510043195 0.0250140086 -9.86806672e-09 -4.96100854e-08 1
LGIC_C 121 -0.511830459 -0.433419188 0.0250140108 1.15916899e-08 4.97976879e-08 1
LGIC_C 122 0.618622218 -0.379592443 0.0250140153 -3.68002179e-08 2.45891393e-08 1
LGIC_C 124 0.553508504 -0.488604013 0.0250140156 -3.68002179e-08 2.45891393e-08 1
LGIC_C 125 0.125995078 -0.157376801 0.0250139925 -1.31306721e-08 4.82586744e-08 1
LGIC_C 126 0.619867343 -0.409622174 0.0250140184 -3.05989503e-08 3.95603122e-08 1
LGIC_C 127 0.214505875 -0.288256664 0.025014 -1.31306721e-08 4.82586744e-08 1
LGIC_C 128 0.243265214 -0.279274901 0.0250139995 -2.45891087e-08 3.68002429e-08 1
LGIC_C 129 0.43388976 -0.0831128842 0.0250140028 -4.34088226e-08 8.63456802e-09 1
LGIC_C 130 -0.564270491 0.194646152 0.0250140094 4.34088259e-08 -8.63455061e-09 1
LGIC_C 131 0.386120985 0.209882074 0.0250140046 -4.82586616e-08 -1.31306776e-08 1
LGIC_C 132 -0.189232289 0.0475348877 0.0250139919 5.7878425e-08 4.89846948e-08 1
LGIC_C 133 -0.584856588 -0.0428668535 0.025014009 4.34088238e-08 8.63459484e-09 1
LGIC_C 134 0.270961352 -0.637318878 0.0250140133 -2.45891087e-08 3.68002429e-08 1
LGIC_C 135 -0.227612452 -0.263138333 0.0250140007 2.81018674e-08 4.20574117e-08 1
LGIC_C 136 0.368011905 -0.29335456 0.025014004 -3.68002179e-08 2.45891393e-08 1
LGIC_C 137 0.362959435 -0.379291337 0.0250140063 -1.31306721e-08 4.82586744e-08 1
LGIC_C 138 -0.702841747 -0.207423848 0.0250140094 4.96100935e-08 -4.19869172e-08 1
LGIC_C 139 0.134046049 -0.00775533573 0.0250139901 -4.96100802e-08 3.14742968e-08 1
LGIC_C 140 0.500327723 0.527725666 0.025014015 -2.45891309e-08 -3.68002211e-08 1
LGIC_C 141 0.456434391 0.114828145 0.025014004 -4.34088272e-08 -8.63453573e-09 1
LGIC_C 142 -0.44562355 -0.537333372 0.0250140173 3.95603082e-08 3.05989652e-08 1
LGIC_C 144 -0.460768924 -0.480045609 0.0250140159 -5.56021111e-08 -1.45571543e-08 -1
LGIC_C 145 0.208806618 0.00121774926 0.0250139936 -4.96100869e-08 6.3366408e-09 1
LGIC_C 146 0.0199340318 0.537198827 0.0250140098 -6.33660387e-09 4.96100877e-08 -1
LGIC_C 147 -0.349765861 -0.344517953 0.0250140044 1.15916899e-08 4.97976879e-08 1
LGIC_C 149 0.555385867 0.487398106 0.0250140157 -3.68002282e-08 -2.45891172e-08 1
LGIC_C 150 0.388739603 0.11918349 0.0250140018 -4.96100869e-08 6.3366408e-09 1
LGIC_C 151 -0.0739195607 -0.660927981 0.0250140126 8.63456455e-09 4.34088336e-08 1
LGIC_C 152 0.278095936 0.538808639 0.0250140129 1.3130701e-08 4.82586573e-08 -1
LGIC_C 153 0.181631395 -0.210430259 0.0250139976 -1.28239349e-08 5.73353226e-08 1
LGIC_C 154 0.146886291 0.45950282 0.0250140075 -9.86806672e-09 -4.96100854e-08 1
LGIC_C 155 -0.500911346 0.14183746 0.0250140062 4.34088259e-08 -8.63455061e-09 1
LGIC_C 156 -0.238659131 0.0377342875 0.025013994 4.34088259e-08 -8.63455061e-09 1
LGIC_C 157 -0.462279583 0.253537208 0.0250140053 6.28881943e-09 -7.55636452e-08 1
LGIC_C 158 0.328512129 0.179605232 0.025014003 3.37890593e-08 4.80634111e-08 -1
LGIC_C 159 0.764352908 0.10566247 0.0250140173 -4.34088272e-08 -8.63453573e-09 1
LGIC_C 160 -0.323772153 -0.102034196 0.0250139946 -4.34088282e-08 2.70157287e-08 -1
LGIC_C 161 -0.421944687 0.103314124 0.0250140052 4.96100897e-08 -9.86805572e-09 1
LGIC_C 162 0.478694326 0.0117379743 0.0250140071 -4.96100911e-08 -9.86803575e-09 1
LGIC_C 163 0.411082075 -0.255223478 0.0250140077 -4.20573976e-08 2.81018683e-08 1
LGIC_C 164 0.291274032 -0.590326232 0.0250140155 -1.31306721e-08 4.82586744e-08 1
LGIC_C 165 -0.337232349 0.0375959155 0.0250139989 4.96100851e-08 2.90231542e-08 1
LGIC_C 166 -0.11905233 -0.705658409 0.0250140168 2.48392553e-08 4.34088306e-08 1
LGIC_C 167 -0.576769439 0.561727621 0.0250140185 -4.82586679e-08 1.31306769e-08 -1
LGIC_C 168 -0.482890093 -0.230516211 0.0250140008 5.39043203e-09 6.47688584e-08 1
LGIC_C 169 0.659157658 -0.531333155 0.013466425 0.827616944 -0.552996408 0.0961517878
LGIC_C 171 -0.220704512 0.331790416 0.0250140051 1.28239438e-08 -5.73353116e-08 1
LGIC_C 172 0.278386026 0.158446519 0.0250139994 -4.20574004e-08 -2.81018564e-08 1
LGIC_C 173 0.647243734 0.285834557 0.0250140141 -3.68002282e-08 -2.45891172e-08 1
LGIC_C 174 -0.079997002 -0.507225773 0.0250140072 2.48392553e-08 4.34088306e-08 1
LGIC_C 175 0.405836299 -0.306594834 0.0250140117 -3.37890406e-08 4.80634332e-08 1
LGIC_C 177 0.357377964 0.359943597 0.0250140084 -2.81018716e-08 -4.20573923e-08 1
LGIC_C 178 0.135415389 -0.633639836 0.0250140138 6.33663526e-09 4.9610097e-08 1
LGIC_C 180 -0.15293108 0.27567558 0.0250139992 2.8101852e-08 -4.20574041e-08 1
LGIC_C 181 -0.648242706 -0.308892453 0.0250140067 5.39043203e-09 6.47688584e-08 1
LGIC_C 183 0.635665575 0.309391284 0.025014018 -4.82586616e-08 -1.31306776e-08 1
LGIC_C 184 0.701919302 -0.0472987211 0.0250140149 -4.34088182e-08 2.48392526e-08 1
LGIC_C 185 0.378321861 -0.162483831 0.0250140012 -3.05989503e-08 3.95603122e-08 1
LGIC_C 186 -0.623937611 -0.283515289 0.025014005 5.39043203e-09 6.47688584e-08 1
LGIC_C 188 -0.719819542 0.0933500293 0.0250140153 4.34088259e-08 -8.63455061e-09 1
LGIC_C 189 -0.542510085 0.303518055 0.0250140146 4.20574045e-08 -2.81018523e-08 1
LGIC_C 190 0.359635912 -0.710463238 0.0250140182 -2.45891087e-08 3.68002429e-08 1
LGIC_C 191 -0.436265836 -0.240495705 0.0250140012 5.39043203e-09 6.47688584e-08 1
LGIC_C 192 -0.278676062 0.103532106 0.0250139963 4.34088259e-08 -8.63455061e-09 1
LGIC_C 193 0.278057569 0.0995562577 0.025013998 -4.96100911e-08 -9.86803575e-09 1
LGIC_C 194 -0.688073435 0.338597003 0.0250140169 3.68002297e-08 -2.45891157e-08 1
LGIC_C 195 0.380680884 0.418895309 0.0250140116 -2.81018716e-08 -4.20573923e-08 1
LGIC_C 196 0.721091726 0.41836039 0.0250140201 -3.68002282e-08 -2.45891172e-08 1
LGIC_C 197 -0.260784279 -0.56577018 0.0250140105 2.45891453e-08 3.68002268e-08 1
LGIC_C 198 0.522078204 -0.0545481256 0.0250140064 -4.34088226e-08 8.63456802e-09 1
LGIC_C 199 0.641271976 0.248430918 0.0250140135 -4.96100869e-08 6.3366408e-09 1
LGIC_C 200 0.69803022 -0.319352444 0.0250140168 -3.68002179e-08 2.45891393e-08 1
LGIC_C 201 0.246014447 0.135714436 0.0250139974 -4.20574004e-08 -2.81018564e-08 1
LGIC_C 202 -0.0261253954 -0.277693331 0.0250139959 2.48392553e-08 4.34088306e-08 1
LGIC_C 203 -0.140587424 -0.0170300761 0.0250139898 -4.96100919e-08 2.90231703e-08 -1
LGIC_C 204 -0.375969667 0.547783996 0.0250140169 2.8101852e-08 -4.20574041e-08 1
LGIC_C 205 -0.0995101891 0.263213939 0.0250139973 9.86805557e-09 -4.96100883e-08 1
LGIC_C 206 0.666280882 -0.359183371 0.0250140166 -3.68002179e-08 2.45891393e-08 1
LGIC_C 207 -0.109839869 -0.488921831 0.0250140061 -4.89847109e-08 5.78784581e-08 1
LGIC_C 208 -0.523617905 0.408149367 0.0250140139 -4.82586679e-08 1.31306769e-08 -1
LGIC_C 209 -0.0136555827 0.00347935284 0.0250139853 -1.38908237e-07 2.76305608e-08 -1
LGIC_C 210 0.0725509972 0.280497948 0.0250139979 -9.86806672e-09 -4.96100854e-08 1
LGIC_C 212 -0.364558295 -0.514390628 0.025014011 -5.56021111e-08 -1.45571543e-08 -1
LGIC_C 213 0.33990638 -0.351881693 0.0250140076 -2.81018481e-08 4.20574137e-08 1
LGIC_C 214 0.43302246 -0.0631737879 0.0250140026 -4.34088226e-08 8.63456802e-09 1
LGIC_C 215 -0.471758285 -0.0188273343 0.0250140039 4.34088238e-08 8.63459484e-09 1
LGIC_C 216 0.1662113 -0.203385457 0.0250139952 -1.31306721e-08 4.82586744e-08 1
LGIC_C 217 0.481308524 -0.37988124 0.0250140177 -3.37890406e-08 4.80634332e-08 1
LGIC_C 218 -0.273274059 0.4728278 0.0250140097 1.31306824e-08 -4.82586643e-08 1
LGIC_C 219 -0.276094857 -0.439883969 0.0250140076 3.95603082e-08 3.05989652e-08 1
LGIC_C 220 -0.732710673 -0.32731518 0.0250140183 3.68002489e-08 2.45891179e-08 1
LGIC_C 221 0.649952243 -0.386175129 0.0250140166 -3.68002179e-08 2.45891393e-08 1
LGIC_C 222 -0.497469716 -0.200918315 0.0250140021 -4.96100919e-08 2.90231703e-08 -1
LGIC_C 223 0.203647953 0.398097327 0.0250140065 -4.80634192e-08 -3.37890445e-08 1
LGIC_C 224 -0.372798432 0.0424270849 0.0250140005 4.96100851e-08 2.90231542e-08 1
LGIC_C 225 0.22049465 -0.68193483 0.0250140147 -8.63454093e-09 4.34088369e-08 1
LGIC_C 226 0.37593644 -0.150696862 0.0250140009 -4.34088226e-08 8.63456802e-09 1
LGIC_C 227 -0.177989593 0.496503318 0.0250140064 8.63455111e-09 -4.34088279e-08 1
LGIC_C 228 0.294073652 -0.279643895 0.0250140033 -3.05989503e-08 3.95603122e-08 1
LGIC_C 229 -0.510682026 -0.0792122071 0.0250140061 4.34088238e-08 8.63459484e-09 1
LGIC_C 230 -0.673159398 -0.173179667 0.0250140078 -4.34088282e-08 2.70157287e-08 -1
LGIC_C 231 0.528113984 0.23565173 0.0250140124 3.37890593e-08 4.80634111e-08 -1
LGIC_C 232 -0.284586556 0.791217589 0.0250140201 8.63455111e-09 -4.34088279e-08 1
LGIC_C 233 0.288117218 0.241885839 0.0250140003 -4.82586616e-08 -1.31306776e-08 1
LGIC_C 234 0.0251431445 -0.425715951 0.0250140019 -8.63454093e-09 4.34088369e-08 1
LGIC_C 235 0.352446747 0.445973983 0.0250140119 -2.81018716e-08 -4.20573923e-08 1
LGIC_C 236 0.323507758 -0.0184669793 0.0250139977 -4.34088182e-08 2.48392526e-08 1
LGIC_C 239 0.487382798 -0.241547323 0.0250140105 -4.20573976e-08 2.81018683e-08 1
LGIC_C 240 0.152990503 -0.204836885 0.0250139969 -1.28239349e-08 5.73353226e-08 1
LGIC_C 241 -0.111139117 0.192254844 0.0250139945 2.8101852e-08 -4.20574041e-08 1
LGIC_C 242 0.602160874 -0.328142444 0.0250140193 -3.37890406e-08 4.80634332e-08 1
LGIC_C 243 -0.684419548 0.23743766 0.0250140196 4.96100897e-08 -9.86805572e-09 1
LGIC_C 246 0.423348436 0.440941126 0.0250140099 -2.45891309e-08 -3.68002211e-08 1
LGIC_C 247 -0.478610151 0.659951454 0.0250140193 2.45891128e-08 -3.68002333e-08 1
LGIC_C 248 0.0765443524 -0.0572819622 0.0250139875 -3.68002179e-08 2.45891393e-08 1
LGIC_C 249 0.524477693 -0.0798080845 0.0250140118 -4.96100802e-08 3.14742968e-08 1
LGIC_C 250 0.249901705 0.51601283 0.0250140127 -4.80634192e-08 -3.37890445e-08 1
LGIC_C 251 0.012401943 0.607635339 0.0250140133 -6.33660387e-09 4.96100877e-08 -1
LGIC_C 252 0.178315525 0.581716363 0.0250140177 -3.14742949e-08 -4.96100822e-08 1
LGIC_C 253 0.463048002 0.311456359 0.0250140097 -4.82586616e-08 -1.31306776e-08 1
LGIC_C 255 -0.724715745 -0.0485275611 0.0250140134 -4.34088282e-08 2.70157287e-08 -1
LGIC_C 256 -0.317472413 0.526559835 0.0250140105 2.45891128e-08 -3.68002333e-08 1
LGIC_C 257 0.283545247 0.326195105 0.0250140027 1.3130701e-08 4.82586573e-08 -1
LGIC_C 258 -0.290154906 0.577351927 0.0250140117 2.45891128e-08 -3.68002333e-08 1
LGIC_C 260 -0.0259057884 -0.599497719 0.0250140132 9.8680833e-09 4.96100963e-08 1
LGIC_C 261 0.0691060373 0.652391427 0.0250140122 -8.63455884e-09 -4.34088253e-08 1
LGIC_C 262 -0.348971584 0.335174042 0.0250140074 4.20574045e-08 -2.81018523e-08 1
LGIC_C 263 -0.696047503 -0.152695675 0.0250140094 -4.34088282e-08 2.70157287e-08 -1
LGIC_C 264 0.421646945 -0.351576684 0.0250140074 -3.68002179e-08 2.45891393e-08 1
LGIC_C 265 0.198536446 0.0195144624 0.0250139933 -4.96100911e-08 -9.86803575e-09 1
LGIC_C 266 -0.174783282 -0.327541675 0.0250140002 3.95603082e-08 3.05989652e-08 1
LGIC_C 267 -0.305349295 -0.26722311 0.0250140025 1.45571809e-08 5.5602105e-08 1
LGIC_C 268 -0.0536996698 -0.509918688 0.025014007 -2.90231482e-08 4.96101036e-08 1
LGIC_C 269 -0.127472855 0.612891309 0.0250140129 -6.33661298e-09 -4.96100859e-08 1
LGIC_C 271 -0.460636174 -0.430164228 0.0250140108 3.68002489e-08 2.45891179e-08 1
LGIC_C 272 -0.366553731 0.292567178 0.0250140048 -4.82586679e-08 1.31306769e-08 -1
LGIC_C 273 0.757561764 -0.140992345 0.0250140196 -4.34088182e-08 2.48392526e-08 1
LGIC_C 274 -0.379431454 0.387558363 0.0250140069 2.45891128e-08 -3.68002333e-08 1
LGIC_C 275 0.00448572093 -0.515383105 0.0250140088 6.33663526e-09 4.9610097e-08 1
LGIC_C 276 -0.110796764 -0.497327108 0.0250140047 -2.90231482e-08 4.96101036e-08 1
LGIC_C 278 0.342964191 0.292337989 0.0250140031 -3.68002282e-08 -2.45891172e-08 1
LGIC_C 279 0.106689518 -0.01130117 0.025013988 -4.34088226e-08 8.63456802e-09 1
LGIC_C 280 -0.280639483 -0.178599598 0.0250139973 1.45571809e-08 5.5602105e-08 1
LGIC_C 281 0.397040342 0.510022216 0.0250140196 -4.80634192e-08 -3.37890445e-08 1
LGIC_C 282 -0.26159601 -0.443492833 0.0250140072 3.95603082e-08 3.05989652e-08 1
LGIC_C 283 -0.245642151 -0.478453308 0.0250140048 7.55636799e-08 6.2887973e-09 1
LGIC_C 284 0.236944186 -0.794377249 0.0250140198 -8.63454093e-09 4.34088369e-08 1
LGIC_C 286 -0.54225494 0.041641534 0.0250140089 4.96100851e-08 2.90231542e-08 1
LGIC_C 287 -0.0665735411 -0.119970093 0.0250139893 2.45891453e-08 3.68002268e-08 1
LGIC_C 288 0.0511936386 -0.38850725 0.0250140022 6.33663526e-09 4.9610097e-08 1
LGIC_C 289 0.0371399933 -0.027812999 0.0250139853 -3.68002179e-08 2.45891393e-08 1
LGIC_C 290 -0.365147398 -0.5543093 0.0250140168 2.81018674e-08 4.20574117e-08 1
LGIC_C 291 -0.504248581 0.428399517 0.0250140124 3.68002297e-08 -2.45891157e-08 1
LGIC_C 292 0.419548175 0.459007824 0.0250140143 -2.81018716e-08 -4.20573923e-08 1
LGIC_C 293 -0.678668637 -0.0897234384 0.0250140143 -4.96100919e-08 2.90231703e-08 -1
LGIC_C 295 -0.189326801 0.143599024 0.0250139953 6.28881943e-09 -7.55636452e-08 1
LGIC_C 296 0.50214587 0.217081836 0.0250140105 -4.20574004e-08 -2.81018564e-08 1
LGIC_C 297 0.0376365786 0.32624528 0.0250139977 -8.63455884e-09 -4.34088253e-08 1
LGIC_C 298 0.17982904 -0.525416626 0.0250140111 -9.86804037e-09 4.96101e-08 1
LGIC_C 299 -0.070571404 -0.34319221 0.025014001 9.8680833e-09 4.96100963e-08 1
LGIC_C 300 0.380402629 -0.0228357886 0.0250140003 -4.34088182e-08 2.48392526e-08 1
LGIC_C 301 0.0990220315 0.399160255 0.0250140014 -8.63455884e-09 -4.34088253e-08 1
LGIC_C 302 0.429718349 0.35530965 0.0250140113 -4.20574004e-08 -2.81018564e-08 1
LGIC_C 303 -0.0212065412 0.36839075 0.0250140018 9.86805557e-09 -4.96100883e-08 1
LGIC_C 304 -0.171950692 0.325493347 0.0250140012 1.31306824e-08 -4.82586643e-08 1
LGIC_C 305 -0.444572817 0.220247907 0.025014005 3.68002297e-08 -2.45891157e-08 1
LGIC_C 306 0.198811711 0.108904561 0.0250139952 3.37890593e-08 4.80634111e-08 -1
LGIC_C 307 -0.412070111 0.271873451 0.0250140067 -4.82586679e-08 1.31306769e-08 -1
LGIC_C 308 0.629593999 -0.288084916 0.0250140135 -3.68002179e-08 2.45891393e-08 1
LGIC_C 309 0.140841276 0.123220162 0.0250139915 -3.68002282e-08 -2.45891172e-08 1
LGIC_C 310 0.121384471 0.81060733 0.0250140195 -8.63455884e-09 -4.34088253e-08 1
LGIC_C 311 0.578092651 0.598144556 0.0250140195 -2.45891309e-08 -3.68002211e-08 1
LGIC_C 312 0.310645552 0.205504121 0.0250140021 -4.20574004e-08 -2.81018564e-08 1
LGIC_C 313 0.66325246 0.351247819 0.0250140163 -3.68002282e-08 -2.45891172e-08 1
LGIC_C 314 -0.260284035 0.55048685 0.0250140099 2.45891128e-08 -3.68002333e-08 1
LGIC_C 315 -0.0586983062 0.00306925016 0.0250139862 4.96100897e-08 -9.86805572e-09 1
LGIC_C 318 -0.255620406 -0.36378202 0.0250140028 -5.56021111e-08 -1.45571543e-08 -1
LGIC_C 319 -0.484039903 -0.0775180537 0.0250140022 -4.34088282e-08 2.70157287e-08 -1
LGIC_C 320 0.395253554 0.618982899 0.0250140204 -2.81018716e-08 -4.20573923e-08 1
LGIC_C 322 0.526941161 0.254297418 0.025014012 -4.82586616e-08 -1.31306776e-08 1
LGIC_C 323 -0.336852843 -0.635354546 0.0250140194 2.81018674e-08 4.20574117e-08 1
LGIC_C 324 0.0544644139 0.692574109 0.0250140173 -6.33660387e-09 4.96100877e-08 -1
LGIC_C 325 0.498540604 0.609900836 0.025014018 -2.45891309e-08 -3.68002211e-08 1
LGIC_C 326 0.197164725 0.68257344 0.0250140159 -6.33660387e-09 4.96100877e-08 -1
LGIC_C 327 -0.326446424 -0.0545101325 0.0250139979 -4.96100919e-08 2.90231703e-08 -1
LGIC_C 328 -0.435595042 0.0297941356 0.0250140029 4.34088279e-08 -2.48392273e-08 1
LGIC_C 329 0.611960779 -0.178835749 0.0250140154 -4.96100859e-08 9.86807898e-09 1
LGIC_C 330 0.37925563 -0.0186901359 0.0250140026 -4.96100802e-08 3.14742968e-08 1
LGIC_C 331 0.206772163 -0.101090703 0.0250139936 -3.05989503e-08 3.95603122e-08 1
LGIC_C 332 -0.0109939994 -0.403204346 0.0250140033 9.8680833e-09 4.96100963e-08 1
LGIC_C 333 0.521460064 0.150392389 0.0250140072 -4.34088272e-08 -8.63453573e-09 1
LGIC_C 334 0.238915389 0.766930413 0.0250140186 -8.63455884e-09 -4.34088253e-08 1
LGIC_C 335 0.217930562 0.540119115 0.0250140087 -6.33660387e-09 4.96100877e-08 -1
LGIC_C 336 -0.735274759 0.0102352822 0.0250140154 4.34088279e-08 -2.48392273e-08 1
LGIC_C 337 -0.0193544716 -0.00336815177 0.025013984 -4.34088282e-08 2.70157287e-08 -1
LGIC_C 338 -0.239902489 0.328880865 0.0250140013 2.45891128e-08 -3.68002333e-08 1
LGIC_C 339 0.124536147 -0.166237764 0.0250139929 -1.31306721e-08 4.82586744e-08 1
LGIC_C 340 -0.322738507 0.562577609 0.025014016 2.8101852e-08 -4.20574041e-08 1
LGIC_C 341 0.0156971966 -0.681227225 0.0250140129 -8.63454093e-09 4.34088369e-08 1
LGIC_C 342 -0.812878146 -0.0750265675 0.0250140165 -4.34088282e-08 2.70157287e-08 -1
LGIC_C 343 0.211908073 0.477264371 0.0250140091 1.3130701e-08 4.82586573e-08 -1
LGIC_C 344 -0.12248137 0.0310034569 0.0250139888 5.7878425e-08 4.89846948e-08 1
LGIC_C 346 0.346807425 0.307285748 0.0250140036 -3.68002282e-08 -2.45891172e-08 1
LGIC_C 347 0.474867642 -0.152515844 0.0250140083 -4.96100859e-08 9.86807898e-09 1
LGIC_C 349 -0.205891742 -0.522076952 0.0250140031 -2.90231482e-08 4.96101036e-08 1
LGIC_C 350 -0.269220555 0.380839478 0.0250140039 2.45891128e-08 -3.68002333e-08 1
LGIC_C 352 -0.171017272 -0.233285079 0.0250139972 3.95603082e-08 3.05989652e-08 1
LGIC_C 353 -0.347469109 0.149515457 0.0250140021 4.20574045e-08 -2.81018523e-08 1
LGIC_C 354 0.17611721 0.196550036 0.0250139965 -2.81018716e-08 -4.20573923e-08 1
LGIC_C 355 0.0862758082 -0.480570781 0.0250140102 1.00935263e-08 5.7878447e-08 1
LGIC_C 356 0.116688988 0.704821403 0.0250140149 -8.63455884e-09 -4.34088253e-08 1
LGIC_C 357 0.736018648 0.171959378 0.0250140187 -4.96100869e-08 6.3366408e-09 1
LGIC_C 358 0.0923993107 -0.0908330799 0.0250139907 -4.90669481e-08 3.27855328e-08 1
LGIC_C 359 -0.244261985 0.237192984 0.0250140027 6.28881943e-09 -7.55636452e-08 1
LGIC_C 360 -0.476455609 0.423073074 0.0250140112 3.68002297e-08 -2.45891157e-08 1
LGIC_C 361 0.597648695 -0.13738707 0.0250140142 -4.96100859e-08 9.86807898e-09 1
LGIC_C 362 -0.453959235 -0.115841837 0.0250140024 -4.96100919e-08 2.90231703e-08 -1
LGIC_C 363 -0.297298951 0.427917487 0.0250140078 1.31306824e-08 -4.82586643e-08 1
LGIC_C 365 0.601671965 -0.364904999 0.0250140188 -4.20573976e-08 2.81018683e-08 1
LGIC_C 366 -0.331258958 -0.772155459 0.02501402 3.95603082e-08 3.05989652e-08 1
LGIC_C 367 0.365515037 -0.0995156522 0.0250140016 -4.34088182e-08 2.48392526e-08 1
LGIC_C 368 -0.122322181 -0.33671037 0.0250140009 2.48392553e-08 4.34088306e-08 1
LGIC_C 369 -0.143545213 -0.655904819 0.0250140116 -2.90231482e-08 4.96101036e-08 1
LGIC_C 370 -0.34513351 -0.611488977 0.0250140142 2.45891453e-08 3.68002268e-08 1
LGIC_C 371 0.223482995 0.0661459153 0.0250139935 -4.34088272e-08 -8.63453573e-09 1
LGIC_C 372 -0.0262628382 0.413176741 0.0250140014 8.63455111e-09 -4.34088279e-08 1
LGIC_C 373 -0.666466609 0.448675661 0.0250140188 3.68002297e-08 -2.45891157e-08 1
LGIC_C 374 0.0156571218 -0.201383054 0.0250139931 6.33663526e-09 4.9610097e-08 1
LGIC_C 375 0.128850596 -0.638868293 0.0250140189 1.00935263e-08 5.7878447e-08 1
LGIC_C 376 0.416648574 0.387345447 0.0250140117 -4.20574004e-08 -2.81018564e-08 1
LGIC_C 377 0.287015625 0.127198305 0.0250139969 -3.68002282e-08 -2.45891172e-08 1
LGIC_C 378 -0.588469383 0.0676486919 0.0250140105 4.96100851e-08 2.90231542e-08 1
LGIC_C 379 -0.0349973875 -0.445518343 0.0250140057 9.8680833e-09 4.96100963e-08 1
LGIC_C 380 0.140879811 0.582561844 0.0250140136 -9.86806672e-09 -4.96100854e-08 1
LGIC_C 381 0.0415282358 0.646129972 0.0250140151 -6.33660387e-09 4.96100877e-08 -1
LGIC_C 382 0.574713003 -0.259788294 0.0250140151 -3.37890406e-08 4.80634332e-08 1
LGIC_C 384 -0.454725872 -0.402275931 0.0250140165 6.28883752e-09 7.55636663e-08 1
LGIC_C 386 0.470974471 -0.482801789 0.0250140126 -2.45891087e-08 3.68002429e-08 1
LGIC_C 387 0.54576183 -0.265046143 0.0250140144 -3.37890406e-08 4.80634332e-08 1
LGIC_C 388 -0.0251644867 0.407304679 0.0250140043 -3.14742797e-08 4.96100914e-08 -1
LGIC_C 390 0.568044922 -0.0155970614 0.0250140083 -4.34088182e-08 2.48392526e-08 1
LGIC_C 392 -0.22848466 -0.572870628 0.025014005 -2.90231482e-08 4.96101036e-08 1
LGIC_C 393 -0.0480809981 -0.297550111 0.0250139966 8.63456455e-09 4.34088336e-08 1
LGIC_C 395 0.367356284 0.401304005 0.0250140075 1.3130701e-08 4.82586573e-08 -1
LGIC_C 396 0.256385808 0.40199978 0.025014006 1.3130701e-08 4.82586573e-08 -1
LGIC_C 397 -0.686553981 0.28279276 0.0250140155 4.34088259e-08 -8.63455061e-09 1
LGIC_C 398 -0.543262235 0.247640052 0.0250140135 3.37890593e-08 -4.80634052e-08 1
LGIC_C 399 0.594936756 -0.172670637 0.0250140182 -4.96100802e-08 3.14742968e-08 1
NT 7181 -1.09014999 -4.44130835 -1.87307038 0 0 0
NT 7817 0.0794688674 1.60908223 -1.05038638 0 0 0
LGIC_O 4402 -0.0345878633 0.265675272 0.025013999 1.15127271e-08 -5.78784352e-08 1
LGIC_O 4401 -0.1840676 0.0972239463 0.0250139942 3.37890593e-08 -4.80634052e-08 1
LGIC_O 4400 -0.175025146 0.0137516014 0.0250139927 5.7878425e-08 4.89846948e-08 1
LGIC_O 8441 0.636913646 -0.12672076 0.0250140188 -4.96100802e-08 3.14742968e-08 1
LGIC_O 8440 0.314831804 -0.521242477 0.0250140191 -3.27854948e-08 4.90669785e-08 1
LGIC_O 8439 0.567487089 -0.204519113 0.0250140184 -5.78784275e-08 1.15127558e-08 1
LGIC_O 8438 -0.495463838 -0.478991786 0.0250140171 1.45571809e-08 5.5602105e-08 1
LGIC_O 8437 -0.0865332912 0.0753896135 0.0250139898 3.37890593e-08 -4.80634052e-08 1
LGIC_O 8436 0.281965125 0.349247805 0.0250140096 -3.27855134e-08 -4.90669575e-08 1
LGIC_O 8435 -0.281577291 0.489075666 0.0250140165 3.27854968e-08 -4.90669676e-08 1
LGIC_O 8434 -0.605092982 -0.110313414 0.0250140129 5.7878436e-08 -4.89847332e-08 1
LGIC_O 8433 0.701586212 -0.0117142491 0.0250140184 -4.96100802e-08 3.14742968e-08 1
LGIC_O 8432 0.426050556 0.664856809 0.0250140182 -2.45891309e-08 -3.68002211e-08 1
LGIC_O 8431 -0.53569519 -0.176489801 0.025014008 4.34088238e-08 8.63459484e-09 1
LGIC_O 8430 -0.206044735 -0.180448528 0.0250139982 6.28883752e-09 7.55636663e-08 1
LGIC_O 8429 0.342033035 -0.34268384 0.0250140113 -3.27854948e-08 4.90669785e-08 1
LGIC_O 8428 0.576112066 -0.314703408 0.0250140178 -3.37890406e-08 4.80634332e-08 1
LGIC_O 8427 0.236726308 -0.318077646 0.0250140066 -3.27854948e-08 4.90669785e-08 1
LGIC_O 8426 -0.0976488914 -0.110862836 0.0250139913 7.55636799e-08 6.2887973e-09 1
LGIC_O 8425 0.534646383 -0.195059479 0.0250140164 -5.78784275e-08 1.15127558e-08 1
LGIC_O 8424 0.219544679 -0.315091025 0.0250140059 -3.27854948e-08 4.90669785e-08 1
LGIC_O 8423 -0.608846757 -0.593779315 0.0250140203 3.68002489e-08 2.45891179e-08 1
LGIC_O 8422 0.564815598 -0.372450199 0.0250140202 -3.37890406e-08 4.80634332e-08 1
LGIC_O 8421 0.550750457 0.0902902064 0.0250140162 -5.78784335e-08 -1.15127284e-08 1
LGIC_O 8420 0.175418091 0.0610257495 0.0250139941 -5.78784335e-08 -1.15127284e-08 1
LGIC_O 8419 0.142777714 0.100831833 0.0250139936 -4.90669739e-08 -3.27854893e-08 1
LGIC_O 4418 0.0575220985 -0.190210297 0.0250139949 -1.15127059e-08 5.78784511e-08 1
LGIC_O 4417 -0.118754336 -0.170834128 0.0250139938 2.81018674e-08 4.20574117e-08 1
LGIC_O 4416 0.593239316 0.0786534269 0.0250140185 -5.78784335e-08 -1.15127284e-08 1
LGIC_O 4415 0.0853954366 -0.420999761 0.0250140086 -1.15127059e-08 5.78784511e-08 1
LGIC_O 4414 -0.374457097 -0.228026162 0.0250140026 3.68002489e-08 2.45891179e-08 1
LGIC_O 4413 0.577482781 -0.285169834 0.0250140164 -3.37890406e-08 4.80634332e-08 1
LGIC_O 4412 -0.484325859 0.306166979 0.0250140144 3.37890593e-08 -4.80634052e-08 1
LGIC_O 4411 0.44777829 -0.0963194904 0.0250140103 -5.78784275e-08 1.15127558e-08 1
LGIC_O 4410 0.28281874 -0.503567977 0.0250140172 -3.27854948e-08 4.90669785e-08 1
LGIC_O 4409 -0.116204576 -0.152585731 0.025013993 7.55636799e-08 6.2887973e-09 1
LGIC_O 4408 -0.333519821 0.289166147 0.0250140084 3.37890593e-08 -4.80634052e-08 1
LGIC_O 4407 -0.148720782 -0.636306108 0.0250140163 9.8680833e-09 4.96100963e-08 1
LGIC_O 4406 0.336173082 -0.328141715 0.0250140105 -4.90669481e-08 3.27855328e-08 1
LGIC_O 4405 -0.249510429 -0.168914007 0.0250139976 6.28883752e-09 7.55636663e-08 1
LGIC_O 4404 0.0811982327 0.141649416 0.0250139929 -3.27855134e-08 -4.90669575e-08 1
LGIC_O 4403 0.0533120499 -0.19689515 0.0250139952 -1.15127059e-08 5.78784511e-08 1
