LGIC_C 0 0.460376928 0.200484817 0.0250140082 -4.20574004e-08 -2.81018564e-08 1
LGIC_C 1 -0.265593614 0.0496530592 0.0250139952 4.34088259e-08 -8.63455061e-09 1
LGIC_C 2 -0.531931184 0.159386683 0.0250140112 4.96100897e-08 -9.86805572e-09 1
LGIC_C 3 0.267312507 -0.68809152 0.02501402 -9.86804037e-09 4.96101e-08 1
LGIC_C 4 -0.459464307 -0.19322505 0.0250140007 6.28883752e-09 7.55636663e-08 1
LGIC_C 5 0.108995547 -0.576858423 0.0250140155 1.00935263e-08 5.7878447e-08 1
LGIC_C 6 -0.330850044 0.541894516 0.0250140186 1.28239438e-08 -5.73353116e-08 1
LGIC_C 7 -0.718631865 0.441947401 0.00632408128 -0.827617296 0.552995934 0.0961514895
LGIC_C 8 -0.113397834 0.32796419 0.0250139985 8.63455111e-09 -4.34088279e-08 1
LGIC_C 9 -0.473843697 -0.25274771 0.0250140053 6.28883752e-09 7.55636663e-08 1
LGIC_C 10 -0.356467023 -0.590476205 0.0250140154 3.95603082e-08 3.05989652e-08 1
LGIC_C 11 0.168872861 0.559573208 0.02501401 -6.33660387e-09 4.96100877e-08 -1
LGIC_C 12 0.411527463 0.223441655 0.0250140108 -4.90669739e-08 -3.27854893e-08 1
LGIC_C 13 0.717819221 -0.105194676 0.0250140199 -4.96100859e-08 9.86807898e-09 1
LGIC_C 14 0.671529928 0.242622844 0.025014015 -4.96100869e-08 6.3366408e-09 1
LGIC_C 15 -0.456178821 -0.374398388 0.0250140099 5.39043203e-09 6.47688584e-08 1
LGIC_C 16 0.620648373 -0.109737481 0.0250140151 -4.96100859e-08 9.86807898e-09 1
LGIC_C 17 -0.51940128 0.37950269 0.0250140133 -4.82586679e-08 1.31306769e-08 -1
LGIC_C 18 0.30676212 -0.464920689 0.0250140114 -2.81018481e-08 4.20574137e-08 1
LGIC_C 21 -0.0113717165 -0.177262582 0.0250139917 -2.90231482e-08 4.96101036e-08 1
LGIC_C 22 0.190769553 0.602049076 0.025014015 -9.86806672e-09 -4.96100854e-08 1
LGIC_C 23 -0.517432055 0.438819154 0.0250140131 3.68002297e-08 -2.45891157e-08 1
LGIC_C 24 0.132291443 0.408927853 0.0250140049 -9.86806672e-09 -4.96100854e-08 1
LGIC_C 25 0.343712814 -0.0418182891 0.0250139985 -4.34088226e-08 8.63456802e-09 1
LGIC_C 27 -0.303307346 0.540991432 0.0250140198 3.27854968e-08 -4.90669676e-08 1
LGIC_C 28 0.650988397 0.0912593603 0.0250140123 -4.34088272e-08 -8.63453573e-09 1
LGIC_C 30 0.661116042 0.164326761 0.025014015 -4.96100869e-08 6.3366408e-09 1
LGIC_C 31 -0.415897274 -0.42076158 0.0250140126 3.95603082e-08 3.05989652e-08 1
LGIC_C 32 0.044949498 0.092088533 0.0250139884 -2.81018716e-08 -4.20573923e-08 1
LGIC_C 33 -0.0108519373 0.632978742 0.0250140108 8.63455111e-09 -4.34088279e-08 1
LGIC_C 35 -0.153935857 -0.508462727 0.025014004 -2.90231482e-08 4.96101036e-08 1
LGIC_C 36 0.445675303 -0.608889072 0.0250140166 -2.45891087e-08 3.68002429e-08 1
LGIC_C 37 0.0959099749 0.79854879 0.0250140188 -8.63455884e-09 -4.34088253e-08 1
LGIC_C 38 0.768228897 -0.325331411 0.0250140196 -3.05989503e-08 3.95603122e-08 1
LGIC_C 39 0.677415457 0.255266878 0.0250140148 -4.34088272e-08 -8.63453573e-09 1
LGIC_C 40 -0.685094408 0.011252263 0.0250140133 4.34088279e-08 -2.48392273e-08 1
LGIC_C 41 -0.505111778 0.604344081 0.0250140179 2.45891128e-08 -3.68002333e-08 1
LGIC_C 42 -0.27363885 -0.683272293 0.0250140153 8.63456455e-09 4.34088336e-08 1
LGIC_C 43 -0.632258892 -0.478266611 0.0250140144 1.15916899e-08 4.97976879e-08 1
LGIC_C 44 0.34540787 0.513658801 0.0250140126 1.3130701e-08 4.82586573e-08 -1
LGIC_C 45 -0.0127395094 -0.198695268 0.0250139922 2.48392553e-08 4.34088306e-08 1
LGIC_C 46 -0.208823511 -0.173842134 0.0250139956 5.39043203e-09 6.47688584e-08 1
LGIC_C 47 0.540414443 -0.195381114 0.0250140168 -5.78784275e-08 1.15127558e-08 1
LGIC_C 48 -0.102707093 -0.38258924 0.0250140007 8.63456455e-09 4.34088336e-08 1
LGIC_C 51 -0.624415227 -0.0293399044 0.0250140106 4.34088238e-08 8.63459484e-09 1
LGIC_C 52 0.672515695 -0.200875371 0.0250140174 -4.34088182e-08 2.48392526e-08 1
LGIC_C 53 0.348714172 -0.107642952 0.025014001 -4.34088182e-08 2.48392526e-08 1
LGIC_C 54 -0.0503189285 -0.222518511 0.0250139936 -4.89847109e-08 5.78784581e-08 1
LGIC_C 55 0.443468732 0.519797976 0.0250140142 1.3130701e-08 4.82586573e-08 -1
LGIC_C 56 -0.143403281 -0.250758076 0.0250139949 -5.56021111e-08 -1.45571543e-08 -1
LGIC_C 57 -0.0787937606 0.385888255 0.0250140049 -3.14742797e-08 4.96100914e-08 -1
LGIC_C 58 0.481803791 -0.105150316 0.0250140068 -4.34088182e-08 2.48392526e-08 1
LGIC_C 59 -0.374025014 -0.197694939 0.0250139997 1.45571809e-08 5.5602105e-08 1
LGIC_C 60 0.135678067 0.505145172 0.0250140126 -3.14742949e-08 -4.96100822e-08 1
LGIC_C 61 -0.392981425 0.344178666 0.0250140095 4.20574045e-08 -2.81018523e-08 1
LGIC_C 62 -0.0172119593 0.403389808 0.0250140038 -3.14742797e-08 4.96100914e-08 -1
LGIC_C 63 0.265660334 -0.00750923891 0.0250139965 -4.96100859e-08 9.86807898e-09 1
LGIC_C 64 -0.245000231 0.00528745352 0.0250139972 5.7878425e-08 4.89846948e-08 1
LGIC_C 65 0.0264468014 0.361975247 0.0250140011 -6.33660387e-09 4.96100877e-08 -1
LGIC_C 66 -0.253411986 -0.320996081 0.0250140013 2.45891453e-08 3.68002268e-08 1
LGIC_C 67 -0.458472945 0.411170509 0.0250140172 6.28881943e-09 -7.55636452e-08 1
LGIC_C 68 -0.683665974 -0.116457108 0.0250140098 -4.34088282e-08 2.70157287e-08 -1
LGIC_C 69 -0.668944412 -0.330163473 0.025014016 3.68002489e-08 2.45891179e-08 1
LGIC_C 70 -0.0445682181 0.371110316 0.0250139998 8.63455111e-09 -4.34088279e-08 1
LGIC_C 72 0.139998602 0.415045892 0.0250140025 -8.63455884e-09 -4.34088253e-08 1
LGIC_C 73 -0.00945994371 0.00268875882 0.0250139837 4.34088279e-08 -2.48392273e-08 1
LGIC_C 74 0.513236092 0.496968618 0.0250140145 -4.82586616e-08 -1.31306776e-08 1
LGIC_C 75 0.537898476 -0.593169821 0.0250140183 -2.45891087e-08 3.68002429e-08 1
LGIC_C 76 -0.709798691 0.0330754842 0.0250140175 4.96100851e-08 2.90231542e-08 1
LGIC_C 77 0.365707213 -0.250008668 0.0250140043 -3.05989503e-08 3.95603122e-08 1
LGIC_C 79 -0.596748078 -0.268869803 0.0250140035 1.15916899e-08 4.97976879e-08 1
LGIC_C 80 0.736026954 0.0217330805 0.0250140154 -4.34088272e-08 -8.63453573e-09 1
LGIC_C 81 0.0568597689 0.664167552 0.0250140159 -6.33660387e-09 4.96100877e-08 -1
LGIC_C 82 0.454161215 -0.256189757 0.0250140073 -3.05989503e-08 3.95603122e-08 1
LGIC_C 83 -0.351868101 0.255941776 0.0250140036 -4.82586679e-08 1.31306769e-08 -1
LGIC_C 84 0.215302339 0.502529317 0.0250140104 -2.81018716e-08 -4.20573923e-08 1
LGIC_C 85 -0.0506981482 0.0550124479 0.0250139871 1.28239438e-08 -5.73353116e-08 1
LGIC_C 87 -0.32502449 -0.215235593 0.0250139999 1.45571809e-08 5.5602105e-08 1
LGIC_C 88 -0.559511491 -0.496612569 0.0250140145 1.15916899e-08 4.97976879e-08 1
LGIC_C 89 0.236357449 -0.483503074 0.0250140097 -1.31306721e-08 4.82586744e-08 1
LGIC_C 90 -0.358929542 -0.346796488 0.0250140077 1.45571809e-08 5.5602105e-08 1
LGIC_C 91 0.175635387 0.823470897 0.0203019794 0.194186548 0.976240951 0.0961519121
LGIC_C 92 0.245480801 -0.741310195 0.0250140185 6.33663526e-09 4.9610097e-08 1
LGIC_C 93 -0.0236191742 0.574484987 0.0250140116 -6.33661298e-09 -4.96100859e-08 1
LGIC_C 94 0.155778331 -0.038915365 0.0250139922 -4.96100802e-08 3.14742968e-08 1
LGIC_C 95 -0.315810688 -0.464654941 0.0250140076 -5.56021111e-08 -1.45571543e-08 -1
LGIC_C 96 0.271467981 -0.0585345404 0.0250139973 -4.96100859e-08 9.86807898e-09 1
LGIC_C 97 -0.397692904 0.0544120047 0.0250140014 4.96100851e-08 2.90231542e-08 1
LGIC_C 98 -0.320583737 -0.601865243 0.0250140144 3.95603082e-08 3.05989652e-08 1
LGIC_C 99 0.214009196 -0.0430468291 0.0250139952 -4.96100802e-08 3.14742968e-08 1
LGIC_C 100 -0.363263068 -0.43037909 0.025014008 2.45891453e-08 3.68002268e-08 1
LGIC_C 101 -0.389108327 0.00704192694 0.0250140026 4.96100897e-08 -9.86805572e-09 1
LGIC_C 102 -0.44491317 0.449486495 0.0250140147 1.28239438e-08 -5.73353116e-08 1
LGIC_C 103 -0.428957203 -0.0218449189 0.0250140013 -4.34088282e-08 2.70157287e-08 -1
LGIC_C 104 0.617860247 -0.218832359 0.025014016 -4.96100859e-08 9.86807898e-09 1
LGIC_C 105 -0.311080699 0.138891811 0.0250139981 3.68002297e-08 -2.45891157e-08 1
LGIC_C 106 -0.281249834 0.746729349 0.0250140181 8.63455111e-09 -4.34088279e-08 1
LGIC_C 107 -0.640744818 -0.26644427 0.0250140039 5.39043203e-09 6.47688584e-08 1
LGIC_C 108 -0.0359415802 -0.500156126 0.0250140058 2.48392553e-08 4.34088306e-08 1
LGIC_C 110 -0.230570705 -0.741328214 0.0250140174 8.63456455e-09 4.34088336e-08 1
LGIC_C 111 -0.513022214 -0.126427592 0.0250140051 -4.96100919e-08 2.90231703e-08 -1
LGIC_C 112 0.686359742 -0.0522416878 0.0250140189 -4.96100802e-08 3.14742968e-08 1
LGIC_C 113 -0.0525522883 -0.710032355 0.0250140154 2.48392553e-08 4.34088306e-08 1
LGIC_C 114 -0.333897556 0.395540799 0.0250140102 1.28239438e-08 -5.73353116e-08 1
LGIC_C 115 0.466486511 -0.400168702 0.0250140133 -3.05989503e-08 3.95603122e-08 1
LGIC_C 116 0.122715193 -0.460602886 0.0250140087 1.00935263e-08 5.7878447e-08 1
LGIC_C 117 -0.179049734 -0.0731998324 0.0250139891 4.96100935e-08 -4.19869172e-08 1
LGIC_C 118 -0.31013476 -0.327120785 0.0250140053 -5.56021111e-08 -1.45571543e-08 -1
LGIC_C 119 0.077281389 0.462661986 0.025014007 -9.86806672e-09 -4.96100854e-08 1
LGIC_C 120 0.00450039416 0.500828007 0.0250140081 -6.33660387e-09 4.96100877e-08 -1
LGIC_C 121 -0.511674904 -0.429698745 0.0250140106 1.15916899e-08 4.97976879e-08 1
LGIC_C 122 0.627816331 -0.377454611 0.0250140156 -3.68002179e-08 2.45891393e-08 1
LGIC_C 124 0.560687978 -0.496618372 0.0250140161 -3.68002179e-08 2.45891393e-08 1
LGIC_C 125 0.118870579 -0.161757958 0.0250139926 -1.31306721e-08 4.82586744e-08 1
LGIC_C 126 0.63360045 -0.421327941 0.0250140193 -3.05989503e-08 3.95603122e-08 1
LGIC_C 127 0.217005045 -0.28474158 0.0250139998 -1.31306721e-08 4.82586744e-08 1
LGIC_C 128 0.242116008 -0.267448536 0.025013999 -2.45891087e-08 3.68002429e-08 1
LGIC_C 129 0.4307248 -0.0891228974 0.0250140027 -4.34088226e-08 8.63456802e-09 1
LGIC_C 130 -0.547113837 0.194533176 0.0250140087 4.34088259e-08 -8.63455061e-09 1
LGIC_C 131 0.402797149 0.234532935 0.0250140058 -4.82586616e-08 -1.31306776e-08 1
LGIC_C 132 -0.181343392 0.0485888709 0.0250139914 5.7878425e-08 4.89846948e-08 1
LGIC_C 133 -0.583440741 -0.0499386646 0.025014009 4.34088238e-08 8.63459484e-09 1
LGIC_C 134 0.249237388 -0.625066869 0.0250140125 -8.63454093e-09 4.34088369e-08 1
LGIC_C 135 -0.238093461 -0.255698127 0.0250140007 2.81018674e-08 4.20574117e-08 1
LGIC_C 136 0.35181622 -0.291091674 0.0250140033 -3.68002179e-08 2.45891393e-08 1
LGIC_C 137 0.347138849 -0.371744758 0.0250140057 -1.31306721e-08 4.82586744e-08 1
LGIC_C 138 -0.697574789 -0.220639366 0.0250140086 4.96100935e-08 -4.19869172e-08 1
LGIC_C 139 0.143794394 -0.0217260032 0.025013991 -4.96100802e-08 3.14742968e-08 1
LGIC_C 140 0.515077727 0.547922626 0.0250140161 -2.45891309e-08 -3.68002211e-08 1
LGIC_C 141 0.458624106 0.11170592 0.0250140041 -4.34088272e-08 -8.63453573e-09 1
LGIC_C 142 -0.437598417 -0.557932269 0.0250140176 3.95603082e-08 3.05989652e-08 1
LGIC_C 144 -0.446031738 -0.479566324 0.025014015 -5.56021111e-08 -1.45571543e-08 -1
LGIC_C 145 0.216620999 0.0142582618 0.0250139939 -4.96100869e-08 6.3366408e-09 1
LGIC_C 146 0.0123467186 0.560296229 0.0250140112 -9.86806672e-09 -4.96100854e-08 1
LGIC_C 147 -0.341337541 -0.350582494 0.0250140045 2.45891453e-08 3.68002268e-08 1
LGIC_C 149 0.556144348 0.470080394 0.0250140153 -3.68002282e-08 -2.45891172e-08 1
LGIC_C 150 0.37311064 0.111237362 0.025014001 -4.96100869e-08 6.3366408e-09 1
LGIC_C 151 -0.0739208512 -0.679388919 0.0250140134 8.63456455e-09 4.34088336e-08 1
LGIC_C 152 0.27718639 0.538111452 0.0250140129 1.3130701e-08 4.82586573e-08 -1
LGIC_C 153 0.175772276 -0.181002644 0.0250139959 -1.28239349e-08 5.73353226e-08 1
LGIC_C 154 0.141610279 0.473849282 0.0250140082 -9.86806672e-09 -4.96100854e-08 1
LGIC_C 155 -0.51237606 0.171054877 0.025014007 4.34088259e-08 -8.63455061e-09 1
LGIC_C 156 -0.226428453 0.0419466576 0.0250139935 4.34088259e-08 -8.63455061e-09 1
LGIC_C 157 -0.463913158 0.270897998 0.0250140067 6.28881943e-09 -7.55636452e-08 1
LGIC_C 158 0.313444296 0.184186592 0.0250140027 3.37890593e-08 4.80634111e-08 -1
LGIC_C 159 0.781135984 0.107651548 0.0250140181 -4.34088272e-08 -8.63453573e-09 1
LGIC_C 160 -0.310151701 -0.0810152879 0.0250139945 -4.34088282e-08 2.70157287e-08 -1
LGIC_C 161 -0.419330444 0.0877334662 0.0250140049 4.96100897e-08 -9.86805572e-09 1
LGIC_C 162 0.468501145 0.0177978762 0.0250140067 -4.96100911e-08 -9.86803575e-09 1
LGIC_C 163 0.382377457 -0.245074671 0.0250140062 -4.20573976e-08 2.81018683e-08 1
LGIC_C 164 0.289293826 -0.599673064 0.025014016 -1.31306721e-08 4.82586744e-08 1
LGIC_C 165 -0.367401086 0.0671385386 0.0250139995 4.96100851e-08 2.90231542e-08 1
LGIC_C 166 -0.114128188 -0.704674167 0.0250140167 2.48392553e-08 4.34088306e-08 1
LGIC_C 167 -0.587470467 0.57957759 0.0250140192 -4.82586679e-08 1.31306769e-08 -1
LGIC_C 168 -0.487522288 -0.230825443 0.0250140008 5.39043203e-09 6.47688584e-08 1
LGIC_C 169 0.663326917 -0.525475466 0.0112691792 0.827616944 -0.552996408 0.0961517878
LGIC_C 171 -0.242652961 0.328155339 0.0250140052 1.28239438e-08 -5.73353116e-08 1
LGIC_C 172 0.284247193 0.138990955 0.0250139991 -4.20574004e-08 -2.81018564e-08 1
LGIC_C 173 0.658481343 0.288091999 0.0250140146 -3.68002282e-08 -2.45891172e-08 1
LGIC_C 174 -0.075842085 -0.481925889 0.025014006 2.48392553e-08 4.34088306e-08 1
LGIC_C 175 0.418134523 -0.324991388 0.025014013 -3.37890406e-08 4.80634332e-08 1
LGIC_C 177 0.334851983 0.357787429 0.0250140077 -2.81018716e-08 -4.20573923e-08 1
LGIC_C 178 0.132757841 -0.60754025 0.0250140125 6.33663526e-09 4.9610097e-08 1
LGIC_C 180 -0.15332218 0.263070133 0.0250139986 2.8101852e-08 -4.20574041e-08 1
LGIC_C 181 -0.655764889 -0.293584822 0.0250140058 5.39043203e-09 6.47688584e-08 1
LGIC_C 183 0.65635771 0.276244456 0.0250140185 -4.82586616e-08 -1.31306776e-08 1
LGIC_C 184 0.684259596 -0.0396610817 0.0250140139 -4.34088182e-08 2.48392526e-08 1
LGIC_C 185 0.371590621 -0.168277117 0.0250140013 -3.05989503e-08 3.95603122e-08 1
LGIC_C 186 -0.627000806 -0.277546269 0.0250140046 5.39043203e-09 6.47688584e-08 1
LGIC_C 188 -0.730221328 0.0991342148 0.0250140158 4.34088259e-08 -8.63455061e-09 1
LGIC_C 189 -0.538454082 0.305616249 0.0250140145 4.20574045e-08 -2.81018523e-08 1
LGIC_C 190 0.347500732 -0.712880732 0.025014018 -2.45891087e-08 3.68002429e-08 1
LGIC_C 191 -0.449530503 -0.246781343 0.0250140016 5.39043203e-09 6.47688584e-08 1
LGIC_C 192 -0.280905426 0.115446088 0.0250139965 4.34088259e-08 -8.63455061e-09 1
LGIC_C 193 0.265810136 0.103595645 0.0250139974 -4.96100911e-08 -9.86803575e-09 1
LGIC_C 194 -0.713920973 0.360830354 0.0250140184 3.68002297e-08 -2.45891157e-08 1
LGIC_C 195 0.363860564 0.397488591 0.0250140102 -2.81018716e-08 -4.20573923e-08 1
LGIC_C 196 0.719073864 0.399469649 0.0250140195 -3.68002282e-08 -2.45891172e-08 1
LGIC_C 197 -0.250063762 -0.554982097 0.0250140098 2.45891453e-08 3.68002268e-08 1
LGIC_C 198 0.49514317 -0.0564062392 0.0250140052 -4.34088226e-08 8.63456802e-09 1
LGIC_C 199 0.655926732 0.262549766 0.0250140141 -4.96100869e-08 6.3366408e-09 1
LGIC_C 200 0.714494085 -0.320042159 0.0250140174 -3.68002179e-08 2.45891393e-08 1
LGIC_C 201 0.244229689 0.112610135 0.0250139967 -4.20574004e-08 -2.81018564e-08 1
LGIC_C 202 -0.0268764158 -0.277188435 0.0250139959 2.48392553e-08 4.34088306e-08 1
LGIC_C 203 -0.138939168 -0.00324460047 0.0250139901 -4.96100919e-08 2.90231703e-08 -1
LGIC_C 204 -0.392787592 0.547317975 0.0250140173 2.8101852e-08 -4.20574041e-08 1
LGIC_C 205 -0.102867797 0.266544702 0.0250139975 9.86805557e-09 -4.96100883e-08 1
LGIC_C 206 0.664331859 -0.336061256 0.0250140159 -3.68002179e-08 2.45891393e-08 1
LGIC_C 207 -0.114754259 -0.470559136 0.0250140048 -4.89847109e-08 5.78784581e-08 1
LGIC_C 208 -0.504904624 0.416075845 0.0250140131 -4.82586679e-08 1.31306769e-08 -1
LGIC_C 209 -0.00976281691 0.0115071206 0.0250139854 -7.86851998e-08 1.17760691e-07 -1
LGIC_C 210 0.0725283066 0.273113366 0.0250139975 -9.86806672e-09 -4.96100854e-08 1
LGIC_C 212 -0.369471447 -0.53340251 0.0250140116 -5.56021111e-08 -1.45571543e-08 -1
LGIC_C 213 0.345677325 -0.393962013 0.0250140095 -2.81018481e-08 4.20574137e-08 1
LGIC_C 214 0.464467924 -0.0672163587 0.025014004 -4.34088226e-08 8.63456802e-09 1
LGIC_C 215 -0.500228048 -0.0265805318 0.0250140052 4.34088238e-08 8.63459484e-09 1
LGIC_C 216 0.163416753 -0.203115769 0.0250139952 -1.31306721e-08 4.82586744e-08 1
LGIC_C 217 0.482343737 -0.359086985 0.0250140168 -3.37890406e-08 4.80634332e-08 1
LGIC_C 218 -0.255945038 0.467751446 0.0250140092 1.31306824e-08 -4.82586643e-08 1
LGIC_C 219 -0.261173278 -0.423651778 0.0250140065 3.95603082e-08 3.05989652e-08 1
LGIC_C 220 -0.747392825 -0.32100693 0.0250140187 3.68002489e-08 2.45891179e-08 1
LGIC_C 221 0.640585715 -0.420981756 0.0250140172 -3.68002179e-08 2.45891393e-08 1
LGIC_C 222 -0.506509096 -0.207531359 0.0250140024 5.7878436e-08 -4.89847332e-08 1
LGIC_C 223 0.203138711 0.407375347 0.0250140068 -4.80634192e-08 -3.37890445e-08 1
LGIC_C 224 -0.364514909 0.0291460312 0.0250140005 4.96100851e-08 2.90231542e-08 1
LGIC_C 225 0.22266207 -0.682484229 0.0250140148 -8.63454093e-09 4.34088369e-08 1
LGIC_C 226 0.382713938 -0.141236639 0.0250140011 -4.34088226e-08 8.63456802e-09 1
LGIC_C 227 -0.170832114 0.500214579 0.0250140065 8.63455111e-09 -4.34088279e-08 1
LGIC_C 228 0.291144196 -0.279038248 0.0250140032 -3.05989503e-08 3.95603122e-08 1
LGIC_C 229 -0.522286576 -0.0671585924 0.0250140065 4.34088238e-08 8.63459484e-09 1
LGIC_C 230 -0.694117348 -0.163786564 0.025014009 -4.34088282e-08 2.70157287e-08 -1
LGIC_C 231 0.527601511 0.260011498 0.0250140136 3.37890593e-08 4.80634111e-08 -1
LGIC_C 232 -0.285408794 0.801128166 0.0241086441 -0.194186377 0.976241021 0.0961515493
LGIC_C 233 0.277354601 0.248259756 0.0250139999 -4.82586616e-08 -1.31306776e-08 1
LGIC_C 234 0.0279956564 -0.445339611 0.0250140028 -8.63454093e-09 4.34088369e-08 1
LGIC_C 235 0.364206306 0.444892523 0.0250140122 -2.81018716e-08 -4.20573923e-08 1
LGIC_C 236 0.303022071 -0.0152568112 0.0250139968 -4.34088182e-08 2.48392526e-08 1
LGIC_C 239 0.48626482 -0.239623483 0.0250140104 -4.20573976e-08 2.81018683e-08 1
LGIC_C 240 0.13895817 -0.195566584 0.0250139962 -1.28239349e-08 5.73353226e-08 1
LGIC_C 241 -0.137098402 0.184434545 0.0250139949 2.8101852e-08 -4.20574041e-08 1
LGIC_C 242 0.586801247 -0.336689565 0.0250140192 -3.37890406e-08 4.80634332e-08 1
LGIC_C 243 -0.67755587 0.247703325 0.0250140193 4.96100897e-08 -9.86805572e-09 1
LGIC_C 246 0.412698321 0.41302845 0.0250140086 -2.45891309e-08 -3.68002211e-08 1
LGIC_C 247 -0.497284178 0.641147918 0.0250140191 2.45891128e-08 -3.68002333e-08 1
LGIC_C 248 0.0965465496 -0.0597063685 0.0250139883 -3.68002179e-08 2.45891393e-08 1
LGIC_C 249 0.521996473 -0.0797293978 0.0250140116 -4.96100802e-08 3.14742968e-08 1
LGIC_C 250 0.267410486 0.527847989 0.0250140139 -4.80634192e-08 -3.37890445e-08 1
LGIC_C 251 0.0325425778 0.58504857 0.0250140121 -6.33660387e-09 4.96100877e-08 -1
LGIC_C 252 0.169607105 0.563072451 0.0250140165 -3.14742949e-08 -4.96100822e-08 1
LGIC_C 253 0.471230765 0.292254215 0.0250140098 -4.82586616e-08 -1.31306776e-08 1
LGIC_C 255 -0.725553438 -0.0572335296 0.0250140132 -4.34088282e-08 2.70157287e-08 -1
LGIC_C 256 -0.309589727 0.5510828 0.0250140112 2.45891128e-08 -3.68002333e-08 1
LGIC_C 257 0.308140265 0.310721177 0.0250140023 1.3130701e-08 4.82586573e-08 -1
LGIC_C 258 -0.28728208 0.574300387 0.0250140115 2.45891128e-08 -3.68002333e-08 1
LGIC_C 260 -0.00334330932 -0.596090013 0.0250140128 9.8680833e-09 4.96100963e-08 1
LGIC_C 261 0.0767118712 0.644780584 0.0250140119 -8.63455884e-09 -4.34088253e-08 1
LGIC_C 262 -0.364021061 0.353353537 0.0250140085 4.20574045e-08 -2.81018523e-08 1
LGIC_C 263 -0.68947754 -0.161348462 0.0250140088 -4.34088282e-08 2.70157287e-08 -1
LGIC_C 264 0.42174342 -0.349120263 0.0250140073 -3.68002179e-08 2.45891393e-08 1
LGIC_C 265 0.209893534 0.0190620242 0.0250139938 -4.96100911e-08 -9.86803575e-09 1
LGIC_C 266 -0.168517871 -0.345086828 0.0250140005 3.95603082e-08 3.05989652e-08 1
LGIC_C 267 -0.310720031 -0.279777232 0.0250140033 1.45571809e-08 5.5602105e-08 1
LGIC_C 268 -0.0333875241 -0.516022577 0.0250140079 -2.90231482e-08 4.96101036e-08 1
LGIC_C 269 -0.106068653 0.607801927 0.0250140127 -6.33661298e-09 -4.96100859e-08 1
LGIC_C 271 -0.462877049 -0.416046806 0.0250140105 3.68002489e-08 2.45891179e-08 1
LGIC_C 272 -0.363444901 0.254750485 0.0250140042 -4.82586679e-08 1.31306769e-08 -1
LGIC_C 273 0.755905346 -0.138910695 0.0250140195 -4.34088182e-08 2.48392526e-08 1
LGIC_C 274 -0.357413496 0.389723758 0.0250140064 2.45891128e-08 -3.68002333e-08 1
LGIC_C 275 0.00823833796 -0.527106349 0.0250140093 6.33663526e-09 4.9610097e-08 1
LGIC_C 276 -0.129769414 -0.483585322 0.0250140034 -2.90231482e-08 4.96101036e-08 1
LGIC_C 278 0.339665826 0.285476222 0.0250140028 -3.68002282e-08 -2.45891172e-08 1
LGIC_C 279 0.114130705 -0.0251786275 0.0250139884 -4.34088226e-08 8.63456802e-09 1
LGIC_C 280 -0.241422898 -0.185151759 0.025013997 1.45571809e-08 5.5602105e-08 1
LGIC_C 281 0.414164076 0.507855781 0.0250140203 -4.80634192e-08 -3.37890445e-08 1
LGIC_C 282 -0.243641484 -0.454392395 0.0250140068 3.95603082e-08 3.05989652e-08 1
LGIC_C 283 -0.25163268 -0.473511667 0.0250140053 7.55636799e-08 6.2887973e-09 1
LGIC_C 284 0.251251528 -0.782342831 0.0250140194 -8.63454093e-09 4.34088369e-08 1
LGIC_C 286 -0.557579152 0.0346889759 0.0250140099 4.96100851e-08 2.90231542e-08 1
LGIC_C 287 -0.075485603 -0.120569523 0.0250139895 2.45891453e-08 3.68002268e-08 1
LGIC_C 288 0.031518678 -0.379395293 0.0250140019 6.33663526e-09 4.9610097e-08 1
LGIC_C 289 0.0403849266 -0.0362709844 0.0250139856 -3.68002179e-08 2.45891393e-08 1
LGIC_C 290 -0.381588863 -0.543808148 0.0250140168 2.81018674e-08 4.20574117e-08 1
LGIC_C 291 -0.478225836 0.42237492 0.0250140113 3.68002297e-08 -2.45891157e-08 1
LGIC_C 292 0.419514409 0.42943096 0.0250140131 -2.81018716e-08 -4.20573923e-08 1
LGIC_C 293 -0.687268125 -0.0906488154 0.0250140147 -4.96100919e-08 2.90231703e-08 -1
LGIC_C 295 -0.172087621 0.124076504 0.0250139937 6.28881943e-09 -7.55636452e-08 1
LGIC_C 296 0.496305125 0.212846046 0.0250140101 -4.20574004e-08 -2.81018564e-08 1
LGIC_C 297 0.0368086601 0.343659859 0.0250139985 -8.63455884e-09 -4.34088253e-08 1
LGIC_C 298 0.189683431 -0.546327225 0.0250140122 -9.86804037e-09 4.96101e-08 1
LGIC_C 299 -0.0523156164 -0.349606973 0.0250140011 9.8680833e-09 4.96100963e-08 1
LGIC_C 300 0.370451482 -0.0277007046 0.025014 -4.34088182e-08 2.48392526e-08 1
LGIC_C 301 0.120616863 0.40836712 0.025014002 -8.63455884e-09 -4.34088253e-08 1
LGIC_C 302 0.422328754 0.376355768 0.0250140116 -4.20574004e-08 -2.81018564e-08 1
LGIC_C 303 -0.00863321878 0.385096197 0.0250140025 9.86805557e-09 -4.96100883e-08 1
LGIC_C 304 -0.139774282 0.32325239 0.0250140007 1.31306824e-08 -4.82586643e-08 1
LGIC_C 305 -0.426984945 0.211999993 0.0250140042 3.68002297e-08 -2.45891157e-08 1
LGIC_C 306 0.209697508 0.102564787 0.0250139953 3.37890593e-08 4.80634111e-08 -1
LGIC_C 307 -0.412250726 0.260087969 0.0250140066 -4.82586679e-08 1.31306769e-08 -1
LGIC_C 308 0.655515058 -0.295061201 0.0250140146 -3.68002179e-08 2.45891393e-08 1
LGIC_C 309 0.148242627 0.139749364 0.0250139921 -3.68002282e-08 -2.45891172e-08 1
LGIC_C 310 0.120156221 0.799305878 0.025014019 -8.63455884e-09 -4.34088253e-08 1
LGIC_C 311 0.596076126 0.605346654 0.0250140202 -2.45891309e-08 -3.68002211e-08 1
LGIC_C 312 0.312700193 0.219707373 0.0250140026 -4.20574004e-08 -2.81018564e-08 1
LGIC_C 313 0.664525412 0.350051628 0.0250140163 -3.68002282e-08 -2.45891172e-08 1
LGIC_C 314 -0.229545258 0.551370815 0.0250140092 2.45891128e-08 -3.68002333e-08 1
LGIC_C 315 -0.0722389284 0.00412567282 0.0250139869 4.96100897e-08 -9.86805572e-09 1
LGIC_C 318 -0.240267233 -0.341511494 0.0250140016 -5.56021111e-08 -1.45571543e-08 -1
LGIC_C 319 -0.500075287 -0.0818374249 0.0250140028 -4.34088282e-08 2.70157287e-08 -1
LGIC_C 320 0.391148987 0.621628295 0.0250140204 -2.81018716e-08 -4.20573923e-08 1
LGIC_C 322 0.553586438 0.257955601 0.0250140133 -4.82586616e-08 -1.31306776e-08 1
LGIC_C 323 -0.327250633 -0.621344201 0.0250140186 2.81018674e-08 4.20574117e-08 1
LGIC_C 324 0.0513414392 0.690920538 0.0250140172 -6.33660387e-09 4.96100877e-08 -1
LGIC_C 325 0.486035008 0.608397604 0.0250140176 -2.45891309e-08 -3.68002211e-08 1
LGIC_C 326 0.204212507 0.683223397 0.0250140159 -6.33660387e-09 4.96100877e-08 -1
LGIC_C 327 -0.304670045 -0.0520548282 0.0250139969 -4.96100919e-08 2.90231703e-08 -1
LGIC_C 328 -0.443286674 0.0455068991 0.0250140036 4.34088279e-08 -2.48392273e-08 1
LGIC_C 329 0.615259196 -0.180925165 0.0250140155 -4.96100859e-08 9.86807898e-09 1
LGIC_C 330 0.373528089 -0.0291031631 0.0250140027 -4.96100802e-08 3.14742968e-08 1
LGIC_C 331 0.200790164 -0.105777704 0.0250139936 -3.05989503e-08 3.95603122e-08 1
LGIC_C 332 -0.0141820334 -0.402491851 0.0250140033 9.8680833e-09 4.96100963e-08 1
LGIC_C 333 0.506264721 0.16128054 0.0250140066 -4.34088272e-08 -8.63453573e-09 1
LGIC_C 334 0.241030848 0.755923409 0.0250140182 -8.63455884e-09 -4.34088253e-08 1
LGIC_C 335 0.221582196 0.536887966 0.0250140085 -8.63455884e-09 -4.34088253e-08 1
LGIC_C 336 -0.722112906 0.0186728616 0.0250140151 4.34088279e-08 -2.48392273e-08 1
LGIC_C 337 -0.0169838527 -0.00399783113 0.0250139839 -4.34088282e-08 2.70157287e-08 -1
LGIC_C 338 -0.2548719 0.351685919 0.0250140025 2.45891128e-08 -3.68002333e-08 1
LGIC_C 339 0.115221479 -0.158590133 0.0250139924 -1.31306721e-08 4.82586744e-08 1
LGIC_C 340 -0.313522781 0.557142082 0.0250140155 2.8101852e-08 -4.20574041e-08 1
LGIC_C 341 0.0213659281 -0.682705697 0.0250140131 -8.63454093e-09 4.34088369e-08 1
LGIC_C 342 -0.818548806 -0.0654561265 0.025014017 -4.34088282e-08 2.70157287e-08 -1
LGIC_C 343 0.234728243 0.481663676 0.0250140096 1.3130701e-08 4.82586573e-08 -1
LGIC_C 344 -0.122218096 0.031065507 0.0250139888 5.7878425e-08 4.89846948e-08 1
LGIC_C 346 0.343589868 0.337382929 0.0250140042 -3.68002282e-08 -2.45891172e-08 1
LGIC_C 347 0.492679622 -0.131248558 0.025014009 -4.96100859e-08 9.86807898e-09 1
LGIC_C 349 -0.207873605 -0.533832575 0.0250140037 -2.90231482e-08 4.96101036e-08 1
LGIC_C 350 -0.275900278 0.399269224 0.0250140047 2.45891128e-08 -3.68002333e-08 1
LGIC_C 352 -0.15967961 -0.230864725 0.0250139966 3.95603082e-08 3.05989652e-08 1
LGIC_C 353 -0.33767054 0.147618017 0.0250140016 4.20574045e-08 -2.81018523e-08 1
LGIC_C 354 0.198972956 0.199789621 0.0250139972 -2.81018716e-08 -4.20573923e-08 1
LGIC_C 355 0.0909298772 -0.493046165 0.0250140109 1.00935263e-08 5.7878447e-08 1
LGIC_C 356 0.110914505 0.70464168 0.0250140148 -8.63455884e-09 -4.34088253e-08 1
LGIC_C 357 0.728107063 0.180089799 0.0250140182 -4.96100869e-08 6.3366408e-09 1
LGIC_C 358 0.0954568717 -0.0911561391 0.0250139909 -4.90669481e-08 3.27855328e-08 1
LGIC_C 359 -0.25194214 0.23328809 0.0250140025 6.28881943e-09 -7.55636452e-08 1
LGIC_C 360 -0.455060721 0.45506176 0.0250140112 -4.82586679e-08 1.31306769e-08 -1
LGIC_C 361 0.609179934 -0.14927371 0.0250140149 -4.96100859e-08 9.86807898e-09 1
LGIC_C 362 -0.452547329 -0.0919725377 0.0250140031 -4.96100919e-08 2.90231703e-08 -1
LGIC_C 363 -0.317132961 0.428435686 0.0250140081 1.31306824e-08 -4.82586643e-08 1
LGIC_C 365 0.583842634 -0.359298348 0.0250140179 -4.20573976e-08 2.81018683e-08 1
LGIC_C 366 -0.337083752 -0.746967029 0.0250140194 3.95603082e-08 3.05989652e-08 1
LGIC_C 367 0.36810805 -0.0984942274 0.0250140017 -4.34088182e-08 2.48392526e-08 1
LGIC_C 368 -0.134776777 -0.35976282 0.0250140022 2.48392553e-08 4.34088306e-08 1
LGIC_C 369 -0.138372484 -0.662103544 0.0250140121 -2.90231482e-08 4.96101036e-08 1
LGIC_C 370 -0.336383754 -0.626447744 0.0250140146 2.45891453e-08 3.68002268e-08 1
LGIC_C 371 0.242234813 0.057749147 0.0250139943 -4.34088272e-08 -8.63453573e-09 1
LGIC_C 372 -0.026349834 0.421320315 0.0250140018 8.63455111e-09 -4.34088279e-08 1
LGIC_C 373 -0.675732153 0.430368236 0.0250140187 3.68002297e-08 -2.45891157e-08 1
LGIC_C 374 0.0133226622 -0.185392877 0.0250139923 6.33663526e-09 4.9610097e-08 1
LGIC_C 375 0.139407915 -0.636443534 0.0250140187 1.00935263e-08 5.7878447e-08 1
LGIC_C 376 0.416518885 0.405965716 0.0250140122 -4.20574004e-08 -2.81018564e-08 1
LGIC_C 377 0.32245408 0.146515847 0.0250139987 -3.68002282e-08 -2.45891172e-08 1
LGIC_C 378 -0.604685328 0.0717798561 0.0250140112 4.96100851e-08 2.90231542e-08 1
LGIC_C 379 -0.0369700014 -0.448595185 0.0250140059 9.8680833e-09 4.96100963e-08 1
LGIC_C 380 0.146623803 0.587951969 0.0250140139 -9.86806672e-09 -4.96100854e-08 1
LGIC_C 381 0.0357717289 0.65342313 0.0250140155 -6.33660387e-09 4.96100877e-08 -1
LGIC_C 382 0.573060442 -0.278546721 0.025014016 -3.37890406e-08 4.80634332e-08 1
LGIC_C 384 -0.447505352 -0.40109024 0.0250140164 6.28883752e-09 7.55636663e-08 1
LGIC_C 386 0.48251666 -0.472825235 0.0250140126 -3.68002179e-08 2.45891393e-08 1
LGIC_C 387 0.541961525 -0.239500299 0.025014013 -3.37890406e-08 4.80634332e-08 1
LGIC_C 388 -0.00341858809 0.417210626 0.0250140041 -3.14742797e-08 4.96100914e-08 -1
LGIC_C 390 0.550690335 -0.0413139806 0.0250140082 -4.34088182e-08 2.48392526e-08 1
LGIC_C 392 -0.238605032 -0.578643948 0.025014005 -2.90231482e-08 4.96101036e-08 1
LGIC_C 393 -0.0460560838 -0.282143561 0.0250139959 8.63456455e-09 4.34088336e-08 1
LGIC_C 395 0.357535552 0.387220413 0.0250140066 1.3130701e-08 4.82586573e-08 -1
LGIC_C 396 0.260599745 0.396922638 0.0250140058 1.3130701e-08 4.82586573e-08 -1
LGIC_C 397 -0.671531834 0.27649323 0.0250140148 4.34088259e-08 -8.63455061e-09 1
LGIC_C 398 -0.542353476 0.25572604 0.0250140139 3.37890593e-08 -4.80634052e-08 1
LGIC_C 399 0.594292515 -0.178062475 0.0250140183 -4.96100802e-08 3.14742968e-08 1
NT 7181 0.902266671 -4.60365038 -2.62005027 0 0 0
NT 7817 -0.128338473 2.87237356 -1.83841408 0 0 0
LGIC_O 4402 -0.0345878633 0.265675272 0.025013999 1.15127271e-08 -5.78784352e-08 1
LGIC_O 4401 -0.1840676 0.0972239463 0.0250139942 3.37890593e-08 -4.80634052e-08 1
LGIC_O 4400 -0.175025146 0.0137516014 0.0250139927 5.7878425e-08 4.89846948e-08 1
LGIC_O 8441 0.636913646 -0.12672076 0.0250140188 -4.96100802e-08 3.14742968e-08 1
LGIC_O 8440 0.314831804 -0.521242477 0.0250140191 -3.27854948e-08 4.90669785e-08 1
LGIC_O 8439 0.567487089 -0.204519113 0.0250140184 -5.78784275e-08 1.15127558e-08 1
LGIC_O 8438 -0.495463838 -0.478991786 0.0250140171 1.45571809e-08 5.5602105e-08 1
LGIC_O 8437 -0.0865332912 0.0753896135 0.0250139898 3.37890593e-08 -4.80634052e-08 1
LGIC_O 8436 0.281965125 0.349247805 0.0250140096 -3.27855134e-08 -4.90669575e-08 1
LGIC_O 8435 -0.281577291 0.489075666 0.0250140165 3.27854968e-08 -4.90669676e-08 1
LGIC_O 8434 -0.605092982 -0.110313414 0.0250140129 5.7878436e-08 -4.89847332e-08 1
LGIC_O 8433 0.701586212 -0.0117142491 0.0250140184 -4.96100802e-08 3.14742968e-08 1
LGIC_O 8432 0.426050556 0.664856809 0.0250140182 -2.45891309e-08 -3.68002211e-08 1
LGIC_O 8431 -0.53569519 -0.176489801 0.025014008 4.34088238e-08 8.63459484e-09 1
LGIC_O 8430 -0.206044735 -0.180448528 0.0250139982 6.28883752e-09 7.55636663e-08 1
LGIC_O 8429 0.342033035 -0.34268384 0.0250140113 -3.27854948e-08 4.90669785e-08 1
LGIC_O 8428 0.576112066 -0.314703408 0.0250140178 -3.37890406e-08 4.80634332e-08 1
LGIC_O 8427 0.236726308 -0.318077646 0.0250140066 -3.27854948e-08 4.90669785e-08 1
LGIC_O 8426 -0.0976488914 -0.110862836 0.0250139913 7.55636799e-08 6.2887973e-09 1
LGIC_O 8425 0.534646383 -0.195059479 0.0250140164 -5.78784275e-08 1.15127558e-08 1
LGIC_O 8424 0.219544679 -0.315091025 0.0250140059 -3.27854948e-08 4.90669785e-08 1
LGIC_O 8423 -0.608846757 -0.593779315 0.0250140203 3.68002489e-08 2.45891179e-08 1
LGIC_O 8422 0.564815598 -0.372450199 0.0250140202 -3.37890406e-08 4.80634332e-08 1
LGIC_O 8421 0.550750457 0.0902902064 0.0250140162 -5.78784335e-08 -1.15127284e-08 1
LGIC_O 8420 0.175418091 0.0610257495 0.0250139941 -5.78784335e-08 -1.15127284e-08 1
LGIC_O 8419 0.142777714 0.100831833 0.0250139936 -4.90669739e-08 -3.27854893e-08 1
LGIC_O 4418 0.0575220985 -0.190210297 0.0250139949 -1.15127059e-08 5.78784511e-08 1
LGIC_O 4417 -0.118754336 -0.170834128 0.0250139938 2.81018674e-08 4.20574117e-08 1
LGIC_O 4416 0.593239316 0.0786534269 0.0250140185 -5.78784335e-08 -1.15127284e-08 1
LGIC_O 4415 0.0853954366 -0.420999761 0.0250140086 -1.15127059e-08 5.78784511e-08 1
LGIC_O 4414 -0.374457097 -0.228026162 0.0250140026 3.68002489e-08 2.45891179e-08 1
LGIC_O 4413 0.577482781 -0.285169834 0.0250140164 -3.37890406e-08 4.80634332e-08 1
LGIC_O 4412 -0.484325859 0.306166979 0.0250140144 3.37890593e-08 -4.80634052e-08 1
LGIC_O 4411 0.44777829 -0.0963194904 0.0250140103 -5.78784275e-08 1.15127558e-08 1
LGIC_O 4410 0.28281874 -0.503567977 0.0250140172 -3.27854948e-08 4.90669785e-08 1
LGIC_O 4409 -0.116204576 -0.152585731 0.025013993 7.55636799e-08 6.2887973e-09 1
LGIC_O 4408 -0.333519821 0.289166147 0.0250140084 3.37890593e-08 -4.80634052e-08 1
LGIC_O 4407 -0.148720782 -0.636306108 0.0250140163 9.8680833e-09 4.96100963e-08 1
LGIC_O 4406 0.336173082 -0.328141715 0.0250140105 -4.90669481e-08 3.27855328e-08 1
LGIC_O 4405 -0.249510429 -0.168914007 0.0250139976 6.28883752e-09 7.55636663e-08 1
LGIC_O 4404 0.0811982327 0.141649416 0.0250139929 -3.27855134e-08 -4.90669575e-08 1
LGIC_O 4403 0.0533120499 -0.19689515 0.0250139952 -1.15127059e-08 5.78784511e-08 1
