LGIC_C 0 0.444007941 0.191913705 0.0250140073 -4.20574004e-08 -2.81018564e-08 1
LGIC_C 1 -0.262331795 0.0613221563 0.0250139952 4.34088259e-08 -8.63455061e-09 1
LGIC_C 2 -0.550183183 0.126385969 0.0250140118 4.96100897e-08 -9.86805572e-09 1
LGIC_C 3 0.271218571 -0.679931964 0.0250140196 -9.86804037e-09 4.96101e-08 1
LGIC_C 4 -0.473579414 -0.229086 0.0250140035 6.28883752e-09 7.55636663e-08 1
LGIC_C 5 0.0959441355 -0.59835134 0.0250140169 1.00935263e-08 5.7878447e-08 1
LGIC_C 6 -0.334522438 0.522364551 0.0250140175 1.28239438e-08 -5.73353116e-08 1
LGIC_C 7 -0.711071663 0.452350074 0.0115691128 -0.827617296 0.552995934 0.0961514895
LGIC_C 8 -0.141188279 0.29653573 0.0250139977 2.45891128e-08 -3.68002333e-08 1
LGIC_C 9 -0.409545609 -0.286191418 0.0250140074 6.28883752e-09 7.55636663e-08 1
LGIC_C 10 -0.355600788 -0.599241295 0.0250140157 3.95603082e-08 3.05989652e-08 1
LGIC_C 11 0.165470447 0.538891315 0.025014009 -6.33660387e-09 4.96100877e-08 -1
LGIC_C 12 0.401841193 0.217457164 0.0250140101 -4.90669739e-08 -3.27854893e-08 1
LGIC_C 13 0.724031565 -0.112103267 0.0250140203 -4.96100859e-08 9.86807898e-09 1
LGIC_C 14 0.682879589 0.241290745 0.0250140156 -4.96100869e-08 6.3366408e-09 1
LGIC_C 15 -0.474111064 -0.348391551 0.0250140084 5.39043203e-09 6.47688584e-08 1
LGIC_C 16 0.632823966 -0.0864697655 0.0250140155 -4.96100859e-08 9.86807898e-09 1
LGIC_C 17 -0.560136903 0.367629136 0.0250140151 -4.82586679e-08 1.31306769e-08 -1
LGIC_C 18 0.337399072 -0.468981099 0.0250140124 -2.81018481e-08 4.20574137e-08 1
LGIC_C 21 -0.0104630541 -0.225152319 0.0250139941 -2.90231482e-08 4.96101036e-08 1
LGIC_C 22 0.206447555 0.581321438 0.0250140141 -9.86806672e-09 -4.96100854e-08 1
LGIC_C 23 -0.51605082 0.438566362 0.025014013 3.68002297e-08 -2.45891157e-08 1
LGIC_C 24 0.131847567 0.433951667 0.0250140061 -9.86806672e-09 -4.96100854e-08 1
LGIC_C 25 0.337063385 -0.0469932647 0.0250139983 -4.34088226e-08 8.63456802e-09 1
LGIC_C 27 -0.27825736 0.56031434 0.0250140199 3.27854968e-08 -4.90669676e-08 1
LGIC_C 28 0.662230135 0.123058175 0.025014013 -4.34088272e-08 -8.63453573e-09 1
LGIC_C 30 0.694122404 0.153030404 0.0250140167 -4.96100869e-08 6.3366408e-09 1
LGIC_C 31 -0.427658678 -0.437715997 0.0250140134 -5.56021111e-08 -1.45571543e-08 -1
LGIC_C 32 0.066221036 0.100730631 0.025013989 1.3130701e-08 4.82586573e-08 -1
LGIC_C 33 -0.016766663 0.627110056 0.0250140106 8.63455111e-09 -4.34088279e-08 1
LGIC_C 35 -0.163397875 -0.487511045 0.0250140027 -2.90231482e-08 4.96101036e-08 1
LGIC_C 36 0.450949257 -0.598867269 0.0250140164 -2.45891087e-08 3.68002429e-08 1
LGIC_C 37 0.0979869661 0.767816699 0.0250140174 -8.63455884e-09 -4.34088253e-08 1
LGIC_C 38 0.765904813 -0.340640207 0.0250140201 -3.05989503e-08 3.95603122e-08 1
LGIC_C 39 0.697639815 0.249090778 0.0250140157 -4.34088272e-08 -8.63453573e-09 1
LGIC_C 40 -0.693857496 0.00727390581 0.0250140136 4.34088279e-08 -2.48392273e-08 1
LGIC_C 41 -0.504161523 0.630706805 0.0250140189 2.45891128e-08 -3.68002333e-08 1
LGIC_C 42 -0.286272231 -0.709949155 0.0250140165 8.63456455e-09 4.34088336e-08 1
LGIC_C 43 -0.596333321 -0.461591868 0.0250140131 1.15916899e-08 4.97976879e-08 1
LGIC_C 44 0.292936587 0.509613444 0.0250140117 1.3130701e-08 4.82586573e-08 -1
LGIC_C 45 0.00295926959 -0.17566667 0.0250139919 6.33663526e-09 4.9610097e-08 1
LGIC_C 46 -0.220625779 -0.196307439 0.0250139971 5.39043203e-09 6.47688584e-08 1
LGIC_C 47 0.529943268 -0.172410673 0.0250140159 -5.78784275e-08 1.15127558e-08 1
LGIC_C 48 -0.102482387 -0.406656705 0.0250140018 8.63456455e-09 4.34088336e-08 1
LGIC_C 51 -0.610881067 -0.015823046 0.0250140099 4.34088238e-08 8.63459484e-09 1
LGIC_C 52 0.667798078 -0.190409741 0.0250140169 -4.34088182e-08 2.48392526e-08 1
LGIC_C 53 0.372753724 -0.105274663 0.025014002 -4.34088182e-08 2.48392526e-08 1
LGIC_C 54 -0.0415254786 -0.215570017 0.0250139937 -4.89847109e-08 5.78784581e-08 1
LGIC_C 55 0.436735337 0.511288488 0.0250140137 1.3130701e-08 4.82586573e-08 -1
LGIC_C 56 -0.14099924 -0.235762669 0.0250139945 -5.56021111e-08 -1.45571543e-08 -1
LGIC_C 57 -0.0944666609 0.392000257 0.0250140057 -3.14742797e-08 4.96100914e-08 -1
LGIC_C 58 0.49243581 -0.113380312 0.0250140074 -4.34088182e-08 2.48392526e-08 1
LGIC_C 59 -0.36443166 -0.180560196 0.0250139986 1.45571809e-08 5.5602105e-08 1
LGIC_C 60 0.135622506 0.514490155 0.025014013 -3.14742949e-08 -4.96100822e-08 1
LGIC_C 61 -0.411189469 0.316423409 0.0250140095 4.20574045e-08 -2.81018523e-08 1
LGIC_C 62 -0.0401175482 0.37707252 0.0250140032 -3.14742797e-08 4.96100914e-08 -1
LGIC_C 63 0.257266074 -0.010320452 0.0250139961 -4.96100859e-08 9.86807898e-09 1
LGIC_C 64 -0.233965222 0.0148221937 0.0250139961 5.7878425e-08 4.89846948e-08 1
LGIC_C 65 0.0203661086 0.326884195 0.0250139994 -6.33660387e-09 4.96100877e-08 -1
LGIC_C 66 -0.2214307 -0.335603547 0.025014001 2.45891453e-08 3.68002268e-08 1
LGIC_C 67 -0.446775761 0.422268673 0.025014018 6.28881943e-09 -7.55636452e-08 1
LGIC_C 68 -0.701064086 -0.126403638 0.0250140103 -4.34088282e-08 2.70157287e-08 -1
LGIC_C 69 -0.641962276 -0.322799941 0.0250140148 3.68002489e-08 2.45891179e-08 1
LGIC_C 70 -0.0549928813 0.373885555 0.025014 8.63455111e-09 -4.34088279e-08 1
LGIC_C 72 0.149681391 0.41612421 0.0250140026 -8.63455884e-09 -4.34088253e-08 1
LGIC_C 73 -0.00804097499 0.00866697376 0.0250139838 1.31306824e-08 -4.82586643e-08 1
LGIC_C 74 0.544610522 0.501043642 0.0250140161 -4.82586616e-08 -1.31306776e-08 1
LGIC_C 75 0.517523389 -0.591137251 0.0250140177 -2.45891087e-08 3.68002429e-08 1
LGIC_C 76 -0.721203507 0.0334165813 0.0250140181 4.96100851e-08 2.90231542e-08 1
LGIC_C 77 0.354647709 -0.274163525 0.0250140049 -3.05989503e-08 3.95603122e-08 1
LGIC_C 79 -0.62385178 -0.291689761 0.025014005 1.15916899e-08 4.97976879e-08 1
LGIC_C 80 0.740712274 0.0187479647 0.0250140156 -4.34088272e-08 -8.63453573e-09 1
LGIC_C 81 0.073426649 0.658471395 0.0250140155 -6.33660387e-09 4.96100877e-08 -1
LGIC_C 82 0.425917378 -0.272223632 0.025014007 -3.05989503e-08 3.95603122e-08 1
LGIC_C 83 -0.359652716 0.23981306 0.0250140038 -4.82586679e-08 1.31306769e-08 -1
LGIC_C 84 0.232330443 0.501502751 0.0250140109 -2.81018716e-08 -4.20573923e-08 1
LGIC_C 85 -0.0470642589 0.066350784 0.0250139877 1.28239438e-08 -5.73353116e-08 1
LGIC_C 87 -0.32831348 -0.231164723 0.0250140009 1.45571809e-08 5.5602105e-08 1
LGIC_C 88 -0.535674052 -0.476662252 0.0250140132 1.15916899e-08 4.97976879e-08 1
LGIC_C 89 0.235278222 -0.470951676 0.025014009 -1.31306721e-08 4.82586744e-08 1
LGIC_C 90 -0.370589616 -0.351502692 0.0250140082 1.45571809e-08 5.5602105e-08 1
LGIC_C 91 0.17815449 0.824684336 0.00289426123 0.194186548 0.976240951 0.0961519121
LGIC_C 92 0.189645988 -0.748579719 0.0250140192 6.33663526e-09 4.9610097e-08 1
LGIC_C 93 -0.027959421 0.567227891 0.0250140112 -6.33661298e-09 -4.96100859e-08 1
LGIC_C 94 0.160950701 -0.0124029164 0.0250139916 -4.96100802e-08 3.14742968e-08 1
LGIC_C 95 -0.31824606 -0.455903234 0.0250140076 -5.56021111e-08 -1.45571543e-08 -1
LGIC_C 96 0.268358196 -0.101738828 0.0250139975 -4.96100859e-08 9.86807898e-09 1
LGIC_C 97 -0.403950979 0.059710162 0.0250140016 4.96100851e-08 2.90231542e-08 1
LGIC_C 98 -0.314085974 -0.618698657 0.0250140146 3.95603082e-08 3.05989652e-08 1
LGIC_C 99 0.209228371 -0.0659684732 0.0250139957 -4.96100802e-08 3.14742968e-08 1
LGIC_C 100 -0.398478248 -0.43058794 0.0250140089 2.45891453e-08 3.68002268e-08 1
LGIC_C 101 -0.348535748 0.0410244642 0.025014001 4.96100897e-08 -9.86805572e-09 1
LGIC_C 102 -0.41703024 0.422600032 0.0250140128 1.28239438e-08 -5.73353116e-08 1
LGIC_C 103 -0.451969477 -0.0166179538 0.0250140024 -4.34088282e-08 2.70157287e-08 -1
LGIC_C 104 0.591816341 -0.225063166 0.0250140148 -4.96100859e-08 9.86807898e-09 1
LGIC_C 105 -0.290431108 0.131696365 0.0250139972 3.68002297e-08 -2.45891157e-08 1
LGIC_C 106 -0.27616088 0.751277519 0.0250140183 8.63455111e-09 -4.34088279e-08 1
LGIC_C 107 -0.667451563 -0.253012034 0.0250140144 4.34088238e-08 8.63459484e-09 1
LGIC_C 108 -0.0485813273 -0.477634141 0.0250140052 2.48392553e-08 4.34088306e-08 1
LGIC_C 110 -0.265156195 -0.721328794 0.0250140168 8.63456455e-09 4.34088336e-08 1
LGIC_C 111 -0.497084371 -0.0812290419 0.0250140056 -4.96100919e-08 2.90231703e-08 -1
LGIC_C 112 0.674480608 -0.0916476762 0.0250140196 -4.96100802e-08 3.14742968e-08 1
LGIC_C 113 -0.0487198928 -0.714446982 0.0250140155 2.48392553e-08 4.34088306e-08 1
LGIC_C 114 -0.355233613 0.396402535 0.0250140106 1.28239438e-08 -5.73353116e-08 1
LGIC_C 115 0.454349521 -0.402925286 0.0250140131 -3.05989503e-08 3.95603122e-08 1
LGIC_C 116 0.11733629 -0.477968301 0.0250140097 1.00935263e-08 5.7878447e-08 1
LGIC_C 117 -0.194544973 -0.0794691647 0.0250139896 -4.34088282e-08 2.70157287e-08 -1
LGIC_C 118 -0.314371113 -0.34432951 0.0250140058 -5.56021111e-08 -1.45571543e-08 -1
LGIC_C 119 0.0808013434 0.464252548 0.0250140071 -9.86806672e-09 -4.96100854e-08 1
LGIC_C 120 0.0264442095 0.511061445 0.0250140085 -6.33660387e-09 4.96100877e-08 -1
LGIC_C 121 -0.502265949 -0.437978872 0.0250140109 1.15916899e-08 4.97976879e-08 1
LGIC_C 122 0.625183367 -0.382525219 0.0250140156 -3.68002179e-08 2.45891393e-08 1
LGIC_C 124 0.578119896 -0.466100947 0.025014016 -3.68002179e-08 2.45891393e-08 1
LGIC_C 125 0.110584147 -0.169142955 0.0250139928 -1.31306721e-08 4.82586744e-08 1
LGIC_C 126 0.607395077 -0.400647128 0.0250140177 -3.05989503e-08 3.95603122e-08 1
LGIC_C 127 0.21722412 -0.258917739 0.0250139986 -1.31306721e-08 4.82586744e-08 1
LGIC_C 128 0.23920463 -0.295026292 0.025014 -2.45891087e-08 3.68002429e-08 1
LGIC_C 129 0.444779208 -0.0859883304 0.0250140033 -4.34088226e-08 8.63456802e-09 1
LGIC_C 130 -0.52835343 0.208107297 0.025014008 4.34088259e-08 -8.63455061e-09 1
LGIC_C 131 0.418200192 0.196451924 0.025014006 -4.82586616e-08 -1.31306776e-08 1
LGIC_C 132 -0.16155529 0.0615411449 0.0250139896 5.7878425e-08 4.89846948e-08 1
LGIC_C 133 -0.590454046 -0.0395618074 0.0250140092 4.34088238e-08 8.63459484e-09 1
LGIC_C 134 0.220351237 -0.632739858 0.0250140126 -8.63454093e-09 4.34088369e-08 1
LGIC_C 135 -0.241638235 -0.239293913 0.0250140028 6.28883752e-09 7.55636663e-08 1
LGIC_C 136 0.417502617 -0.331930036 0.0250140068 -3.68002179e-08 2.45891393e-08 1
LGIC_C 137 0.364484841 -0.393530247 0.025014007 -1.31306721e-08 4.82586744e-08 1
LGIC_C 138 -0.687764461 -0.260038909 0.0250140065 4.96100935e-08 -4.19869172e-08 1
LGIC_C 139 0.142079956 -0.0179036338 0.0250139908 -4.96100802e-08 3.14742968e-08 1
LGIC_C 140 0.537319204 0.561312563 0.0250140171 -2.45891309e-08 -3.68002211e-08 1
LGIC_C 141 0.438349317 0.112256729 0.0250140032 -4.34088272e-08 -8.63453573e-09 1
LGIC_C 142 -0.42155912 -0.575260952 0.0250140175 3.95603082e-08 3.05989652e-08 1
LGIC_C 144 -0.458017872 -0.494513359 0.0250140159 -5.56021111e-08 -1.45571543e-08 -1
LGIC_C 145 0.204952715 0.0158165337 0.0250139933 -4.96100869e-08 6.3366408e-09 1
LGIC_C 146 0.0318092604 0.560195931 0.0250140114 -9.86806672e-09 -4.96100854e-08 1
LGIC_C 147 -0.35542627 -0.342259457 0.0250140044 1.15916899e-08 4.97976879e-08 1
LGIC_C 149 0.535779897 0.457067667 0.0250140142 -3.68002282e-08 -2.45891172e-08 1
LGIC_C 150 0.364240141 0.136806476 0.0250140004 -4.96100869e-08 6.3366408e-09 1
LGIC_C 151 -0.0973353882 -0.702848163 0.0250140146 8.63456455e-09 4.34088336e-08 1
LGIC_C 152 0.296494443 0.537013664 0.0250140131 1.3130701e-08 4.82586573e-08 -1
LGIC_C 153 0.159586901 -0.205830127 0.0250139971 -1.28239349e-08 5.73353226e-08 1
LGIC_C 154 0.135160021 0.461482911 0.0250140075 -9.86806672e-09 -4.96100854e-08 1
LGIC_C 155 -0.512474468 0.158790436 0.0250140069 4.34088259e-08 -8.63455061e-09 1
LGIC_C 156 -0.244267107 0.0594827841 0.0250139944 4.34088259e-08 -8.63455061e-09 1
LGIC_C 157 -0.473810553 0.229840902 0.0250140036 6.28881943e-09 -7.55636452e-08 1
LGIC_C 158 0.307931339 0.171805786 0.0250140019 3.37890593e-08 4.80634111e-08 -1
LGIC_C 159 0.789142575 0.0945088633 0.0250140183 -4.34088272e-08 -8.63453573e-09 1
LGIC_C 160 -0.349092115 -0.101766306 0.0250139957 -4.34088282e-08 2.70157287e-08 -1
LGIC_C 161 -0.409008913 0.046282092 0.025014004 4.96100897e-08 -9.86805572e-09 1
LGIC_C 162 0.430500386 0.0441828204 0.025014005 -4.96100911e-08 -9.86803575e-09 1
LGIC_C 163 0.346147817 -0.234383811 0.0250140044 -4.20573976e-08 2.81018683e-08 1
LGIC_C 164 0.296352276 -0.606602888 0.0250140164 -1.31306721e-08 4.82586744e-08 1
LGIC_C 165 -0.383037346 0.0276792565 0.0250140015 4.96100851e-08 2.90231542e-08 1
LGIC_C 166 -0.116620382 -0.686752434 0.025014016 2.48392553e-08 4.34088306e-08 1
LGIC_C 167 -0.565399308 0.561954523 0.0250140179 3.68002297e-08 -2.45891157e-08 1
LGIC_C 168 -0.47142196 -0.240799405 0.0250140014 5.39043203e-09 6.47688584e-08 1
LGIC_C 169 0.665936047 -0.526367208 -0.0163173087 0.827616944 -0.552996408 0.0961517878
LGIC_C 171 -0.242380217 0.334837348 0.0250140056 1.28239438e-08 -5.73353116e-08 1
LGIC_C 172 0.281616036 0.129903905 0.0250139987 -4.20574004e-08 -2.81018564e-08 1
LGIC_C 173 0.662868443 0.297838155 0.025014015 -3.68002282e-08 -2.45891172e-08 1
LGIC_C 174 -0.0706200832 -0.501385785 0.0250140068 2.48392553e-08 4.34088306e-08 1
LGIC_C 175 0.431339111 -0.310304981 0.0250140127 -3.37890406e-08 4.80634332e-08 1
LGIC_C 177 0.305682152 0.359841873 0.025014007 -2.81018716e-08 -4.20573923e-08 1
LGIC_C 178 0.132825512 -0.597249077 0.025014012 6.33663526e-09 4.9610097e-08 1
LGIC_C 180 -0.118628393 0.261880659 0.0250139976 2.8101852e-08 -4.20574041e-08 1
LGIC_C 181 -0.660668583 -0.306545136 0.0250140066 5.39043203e-09 6.47688584e-08 1
LGIC_C 183 0.65915916 0.280092098 0.0250140187 -4.82586616e-08 -1.31306776e-08 1
LGIC_C 184 0.689253763 -0.0469066877 0.0250140143 -4.34088182e-08 2.48392526e-08 1
LGIC_C 185 0.378782361 -0.216715326 0.0250140034 -3.05989503e-08 3.95603122e-08 1
LGIC_C 186 -0.63215776 -0.287583253 0.0250140053 5.39043203e-09 6.47688584e-08 1
LGIC_C 188 -0.746174672 0.0710013942 0.0250140163 4.34088259e-08 -8.63455061e-09 1
LGIC_C 189 -0.547073355 0.287589345 0.0250140144 4.20574045e-08 -2.81018523e-08 1
LGIC_C 190 0.351653329 -0.682931252 0.025014017 -2.45891087e-08 3.68002429e-08 1
LGIC_C 191 -0.46336934 -0.255777258 0.0250140023 5.39043203e-09 6.47688584e-08 1
LGIC_C 192 -0.259599325 0.100373627 0.0250139954 4.34088259e-08 -8.63455061e-09 1
LGIC_C 193 0.213117003 0.0798609648 0.0250139946 -4.96100911e-08 -9.86803575e-09 1
LGIC_C 194 -0.714793322 0.356760115 0.0250140183 3.68002297e-08 -2.45891157e-08 1
LGIC_C 195 0.371701589 0.394070036 0.0250140103 -2.81018716e-08 -4.20573923e-08 1
LGIC_C 196 0.744672063 0.366489494 0.0250140197 -3.68002282e-08 -2.45891172e-08 1
LGIC_C 197 -0.238171792 -0.551343861 0.0250140094 2.45891453e-08 3.68002268e-08 1
LGIC_C 198 0.487320879 -0.0683994598 0.025014005 -4.34088226e-08 8.63456802e-09 1
LGIC_C 199 0.647883598 0.231177722 0.0250140139 -4.96100869e-08 6.3366408e-09 1
LGIC_C 200 0.70446912 -0.325203784 0.0250140172 -3.68002179e-08 2.45891393e-08 1
LGIC_C 201 0.218194193 0.106382362 0.0250139954 -4.20574004e-08 -2.81018564e-08 1
LGIC_C 202 -0.0099986734 -0.319340918 0.0250139974 2.48392553e-08 4.34088306e-08 1
LGIC_C 203 -0.164841397 -0.0147012533 0.025013991 -4.96100919e-08 2.90231703e-08 -1
LGIC_C 204 -0.385262714 0.562876413 0.0250140178 2.8101852e-08 -4.20574041e-08 1
LGIC_C 205 -0.0683364372 0.258604838 0.0250139968 9.86805557e-09 -4.96100883e-08 1
LGIC_C 206 0.694977327 -0.338053226 0.0250140171 -3.68002179e-08 2.45891393e-08 1
LGIC_C 207 -0.134477938 -0.463152515 0.0250140034 -4.89847109e-08 5.78784581e-08 1
LGIC_C 208 -0.478579492 0.41900121 0.0250140119 -4.82586679e-08 1.31306769e-08 -1
LGIC_C 209 -0.0243569345 -0.0137845572 0.0250139872 -1.17760821e-07 -7.86851768e-08 -1
LGIC_C 210 0.110243297 0.290908777 0.0250139988 -9.86806672e-09 -4.96100854e-08 1
LGIC_C 212 -0.384987989 -0.551421425 0.0250140127 -5.56021111e-08 -1.45571543e-08 -1
LGIC_C 213 0.352041683 -0.39459069 0.0250140097 -2.81018481e-08 4.20574137e-08 1
LGIC_C 214 0.462396446 -0.0705668594 0.0250140039 -4.34088226e-08 8.63456802e-09 1
LGIC_C 215 -0.517387993 -0.0211626494 0.0250140059 4.34088238e-08 8.63459484e-09 1
LGIC_C 216 0.151192773 -0.217387928 0.0250139957 -1.31306721e-08 4.82586744e-08 1
LGIC_C 217 0.450178018 -0.363904329 0.0250140159 -3.37890406e-08 4.80634332e-08 1
LGIC_C 218 -0.278854445 0.477286918 0.02501401 1.31306824e-08 -4.82586643e-08 1
LGIC_C 219 -0.26150814 -0.425656435 0.0250140066 3.95603082e-08 3.05989652e-08 1
LGIC_C 220 -0.733463235 -0.306743546 0.0250140178 3.68002489e-08 2.45891179e-08 1
LGIC_C 221 0.642202505 -0.444608003 0.0250140178 -3.68002179e-08 2.45891393e-08 1
LGIC_C 222 -0.516892079 -0.202908854 0.0250140033 5.7878436e-08 -4.89847332e-08 1
LGIC_C 223 0.216094181 0.383872433 0.0250140066 -4.80634192e-08 -3.37890445e-08 1
LGIC_C 224 -0.381458246 0.0507000531 0.0250140007 4.96100851e-08 2.90231542e-08 1
LGIC_C 225 0.229088183 -0.673091717 0.0250140144 -8.63454093e-09 4.34088369e-08 1
LGIC_C 226 0.383639 -0.157994781 0.0250140013 -4.34088226e-08 8.63456802e-09 1
LGIC_C 227 -0.161010327 0.488687411 0.0250140059 8.63455111e-09 -4.34088279e-08 1
LGIC_C 228 0.266723323 -0.312111291 0.0250140018 -1.31306721e-08 4.82586744e-08 1
LGIC_C 229 -0.528741213 -0.0645285233 0.0250140068 4.34088238e-08 8.63459484e-09 1
LGIC_C 230 -0.67601244 -0.178074385 0.0250140078 -4.34088282e-08 2.70157287e-08 -1
LGIC_C 231 0.555134197 0.243944926 0.0250140134 -4.20574004e-08 -2.81018564e-08 1
LGIC_C 232 -0.307518456 0.799138233 -0.000339614661 -0.194186261 0.976241022 0.0961517721
LGIC_C 233 0.308477926 0.245296892 0.0250140013 -4.82586616e-08 -1.31306776e-08 1
LGIC_C 234 0.0247228936 -0.440899854 0.0250140026 -8.63454093e-09 4.34088369e-08 1
LGIC_C 235 0.371412163 0.449479459 0.0250140126 -2.81018716e-08 -4.20573923e-08 1
LGIC_C 236 0.300616137 -0.00637032093 0.0250139964 -4.34088182e-08 2.48392526e-08 1
LGIC_C 239 0.491484814 -0.21230125 0.0250140099 -4.20573976e-08 2.81018683e-08 1
LGIC_C 240 0.120799911 -0.228157881 0.0250139979 -1.28239349e-08 5.73353226e-08 1
LGIC_C 241 -0.149144817 0.196155791 0.0250139957 2.8101852e-08 -4.20574041e-08 1
LGIC_C 242 0.58264813 -0.319335404 0.0250140183 -3.37890406e-08 4.80634332e-08 1
LGIC_C 243 -0.674784697 0.248483056 0.0250140192 4.96100897e-08 -9.86805572e-09 1
LGIC_C 246 0.379262837 0.402210711 0.0250140077 1.3130701e-08 4.82586573e-08 -1
LGIC_C 247 -0.471675734 0.645224665 0.0250140186 2.45891128e-08 -3.68002333e-08 1
LGIC_C 248 0.1130119 -0.0578414285 0.0250139888 -3.68002179e-08 2.45891393e-08 1
LGIC_C 249 0.522651782 -0.065609681 0.0250140112 -4.96100802e-08 3.14742968e-08 1
LGIC_C 250 0.254588275 0.537188769 0.0250140136 -4.80634192e-08 -3.37890445e-08 1
LGIC_C 251 0.0239271022 0.562121211 0.025014011 -6.33660387e-09 4.96100877e-08 -1
LGIC_C 252 0.17700578 0.556760528 0.0250140164 -3.14742949e-08 -4.96100822e-08 1
LGIC_C 253 0.503709899 0.270312838 0.0250140111 -4.82586616e-08 -1.31306776e-08 1
LGIC_C 255 -0.696463552 -0.083262033 0.0250140113 -4.34088282e-08 2.70157287e-08 -1
LGIC_C 256 -0.318561992 0.566203489 0.0250140119 2.45891128e-08 -3.68002333e-08 1
LGIC_C 257 0.300045636 0.324365331 0.0250140026 -2.45891309e-08 -3.68002211e-08 1
LGIC_C 258 -0.309415395 0.560535065 0.0250140115 2.45891128e-08 -3.68002333e-08 1
LGIC_C 260 -0.0309116379 -0.595405396 0.0250140131 9.8680833e-09 4.96100963e-08 1
LGIC_C 261 0.070606186 0.638580295 0.0250140116 -8.63455884e-09 -4.34088253e-08 1
LGIC_C 262 -0.326740531 0.378441121 0.0250140058 1.31306824e-08 -4.82586643e-08 1
LGIC_C 263 -0.674687115 -0.175248292 0.0250140078 -4.34088282e-08 2.70157287e-08 -1
LGIC_C 264 0.419155666 -0.355202985 0.0250140074 -3.68002179e-08 2.45891393e-08 1
LGIC_C 265 0.208008972 -0.0194981828 0.0250139955 -5.78784275e-08 1.15127558e-08 1
LGIC_C 266 -0.148090683 -0.345478803 0.0250139997 3.95603082e-08 3.05989652e-08 1
LGIC_C 267 -0.297803889 -0.250071695 0.0250140015 1.45571809e-08 5.5602105e-08 1
LGIC_C 268 -0.0457163564 -0.529025398 0.0250140081 -2.90231482e-08 4.96101036e-08 1
LGIC_C 269 -0.0948940293 0.586702801 0.0250140118 -6.33661298e-09 -4.96100859e-08 1
LGIC_C 271 -0.462859016 -0.417058305 0.0250140105 3.68002489e-08 2.45891179e-08 1
LGIC_C 272 -0.360780237 0.23460228 0.0250140038 -4.82586679e-08 1.31306769e-08 -1
LGIC_C 273 0.753050011 -0.169043171 0.0250140201 -4.34088182e-08 2.48392526e-08 1
LGIC_C 274 -0.323955319 0.411147245 0.0250140064 2.45891128e-08 -3.68002333e-08 1
LGIC_C 275 0.00207264304 -0.489542597 0.0250140075 6.33663526e-09 4.9610097e-08 1
LGIC_C 276 -0.100670889 -0.464447068 0.0250140033 -2.90231482e-08 4.96101036e-08 1
LGIC_C 278 0.349272449 0.311399078 0.0250140038 -3.68002282e-08 -2.45891172e-08 1
LGIC_C 279 0.131384147 -0.0170113239 0.0250139891 -4.34088226e-08 8.63456802e-09 1
LGIC_C 280 -0.248736046 -0.16584272 0.0250139961 1.45571809e-08 5.5602105e-08 1
LGIC_C 281 0.428496528 0.484549785 0.0250140202 -4.80634192e-08 -3.37890445e-08 1
LGIC_C 282 -0.245113267 -0.44197476 0.0250140065 3.95603082e-08 3.05989652e-08 1
LGIC_C 283 -0.264902999 -0.501668902 0.0250140064 7.55636799e-08 6.2887973e-09 1
LGIC_C 284 0.24510444 -0.76196568 0.0250140184 -8.63454093e-09 4.34088369e-08 1
LGIC_C 286 -0.580852722 0.00735343515 0.0250140119 4.96100851e-08 2.90231542e-08 1
LGIC_C 287 -0.0730967057 -0.117655419 0.0250139894 2.45891453e-08 3.68002268e-08 1
LGIC_C 288 0.0455304921 -0.414647999 0.0250140035 6.33663526e-09 4.9610097e-08 1
LGIC_C 289 0.03575307 0.00384139074 0.0250139848 -4.34088272e-08 -8.63453573e-09 1
LGIC_C 290 -0.369031724 -0.546958684 0.0250140166 2.81018674e-08 4.20574117e-08 1
LGIC_C 291 -0.505779777 0.41503712 0.0250140121 3.68002297e-08 -2.45891157e-08 1
LGIC_C 292 0.382187646 0.391191591 0.0250140104 -2.81018716e-08 -4.20573923e-08 1
LGIC_C 293 -0.696658116 -0.0673097554 0.0250140159 -4.96100919e-08 2.90231703e-08 -1
LGIC_C 295 -0.172751211 0.131965039 0.0250139943 6.28881943e-09 -7.55636452e-08 1
LGIC_C 296 0.49353319 0.226755705 0.0250140104 -4.20574004e-08 -2.81018564e-08 1
LGIC_C 297 0.0589486009 0.339796937 0.0250139985 -8.63455884e-09 -4.34088253e-08 1
LGIC_C 298 0.198486375 -0.528199482 0.0250140114 -9.86804037e-09 4.96101e-08 1
LGIC_C 299 -0.0342327372 -0.326278825 0.0250139998 9.8680833e-09 4.96100963e-08 1
LGIC_C 300 0.36793457 -0.0244729293 0.0250139998 -4.34088182e-08 2.48392526e-08 1
LGIC_C 301 0.139413954 0.400228743 0.0250140018 -8.63455884e-09 -4.34088253e-08 1
LGIC_C 302 0.39522464 0.35048733 0.0250140097 -4.20574004e-08 -2.81018564e-08 1
LGIC_C 303 -0.0109073058 0.369357083 0.0250140017 9.86805557e-09 -4.96100883e-08 1
LGIC_C 304 -0.14322452 0.329049547 0.025014001 1.31306824e-08 -4.82586643e-08 1
LGIC_C 305 -0.448447639 0.247788405 0.0250140059 3.68002297e-08 -2.45891157e-08 1
LGIC_C 306 0.224080647 0.0945564247 0.0250139953 -4.20574004e-08 -2.81018564e-08 1
LGIC_C 307 -0.423639007 0.26378586 0.0250140072 -4.82586679e-08 1.31306769e-08 -1
LGIC_C 308 0.644244353 -0.301229643 0.0250140143 -3.68002179e-08 2.45891393e-08 1
LGIC_C 309 0.142119201 0.135392936 0.0250139918 -3.68002282e-08 -2.45891172e-08 1
LGIC_C 310 0.148591758 0.808600568 0.0250140196 -8.63455884e-09 -4.34088253e-08 1
LGIC_C 311 0.601169561 0.610903665 0.0217471046 0.552996265 0.827617084 0.0961514014
LGIC_C 312 0.288822735 0.210729254 0.0250140013 -4.20574004e-08 -2.81018564e-08 1
LGIC_C 313 0.685451679 0.328386903 0.0250140165 -3.68002282e-08 -2.45891172e-08 1
LGIC_C 314 -0.216771444 0.53327039 0.0250140083 8.63455111e-09 -4.34088279e-08 1
LGIC_C 315 -0.0546644553 0.0189918324 0.0250139862 4.96100897e-08 -9.86805572e-09 1
LGIC_C 318 -0.20723687 -0.389614772 0.0250140005 -5.56021111e-08 -1.45571543e-08 -1
LGIC_C 319 -0.509245911 -0.0905697299 0.0250140029 -4.34088282e-08 2.70157287e-08 -1
LGIC_C 320 0.383299862 0.601540405 0.0250140193 -2.81018716e-08 -4.20573923e-08 1
LGIC_C 322 0.585724485 0.229895252 0.0250140198 -5.78784335e-08 -1.15127284e-08 1
LGIC_C 323 -0.335843181 -0.573259648 0.0250140168 2.81018674e-08 4.20574117e-08 1
LGIC_C 324 0.0624159141 0.694798197 0.0250140173 -6.33660387e-09 4.96100877e-08 -1
LGIC_C 325 0.466593413 0.615767254 0.0250140174 -2.45891309e-08 -3.68002211e-08 1
LGIC_C 326 0.222302735 0.67671204 0.0250140154 -6.33660387e-09 4.96100877e-08 -1
LGIC_C 327 -0.328464852 -0.0449050846 0.0250139983 -4.96100919e-08 2.90231703e-08 -1
LGIC_C 328 -0.45182213 0.0822351967 0.0250140049 4.34088279e-08 -2.48392273e-08 1
LGIC_C 329 0.613385528 -0.176150349 0.0250140154 -4.96100859e-08 9.86807898e-09 1
LGIC_C 330 0.33874704 -0.0101768838 0.0250140003 -4.96100802e-08 3.14742968e-08 1
LGIC_C 331 0.195635498 -0.11801702 0.0250139939 -3.05989503e-08 3.95603122e-08 1
LGIC_C 332 -0.00310548049 -0.398874835 0.0250140031 9.8680833e-09 4.96100963e-08 1
LGIC_C 333 0.533518357 0.18319973 0.025014008 -4.34088272e-08 -8.63453573e-09 1
LGIC_C 334 0.211814791 0.73972203 0.0250140172 -8.63455884e-09 -4.34088253e-08 1
LGIC_C 335 0.203507917 0.511121216 0.0250140072 -8.63455884e-09 -4.34088253e-08 1
LGIC_C 336 -0.686822738 0.00328972021 0.0250140132 4.34088279e-08 -2.48392273e-08 1
LGIC_C 337 -0.0164843836 -0.0156479533 0.0250139843 5.39043203e-09 6.47688584e-08 1
LGIC_C 338 -0.217679597 0.347695283 0.0250140014 2.45891128e-08 -3.68002333e-08 1
LGIC_C 339 0.126562902 -0.184029751 0.0250139938 -1.31306721e-08 4.82586744e-08 1
LGIC_C 340 -0.281826698 0.565590775 0.025014015 2.8101852e-08 -4.20574041e-08 1
LGIC_C 341 0.0132789796 -0.721333286 0.0250140147 -8.63454093e-09 4.34088369e-08 1
LGIC_C 342 -0.795809837 -0.0854499 0.0250140155 -4.34088282e-08 2.70157287e-08 -1
LGIC_C 343 0.2210557 0.489567455 0.0250140098 1.3130701e-08 4.82586573e-08 -1
LGIC_C 344 -0.128958946 0.0105810344 0.0250139902 5.7878425e-08 4.89846948e-08 1
LGIC_C 346 0.353857817 0.324078976 0.0250140042 -3.68002282e-08 -2.45891172e-08 1
LGIC_C 347 0.458903882 -0.132997305 0.0250140073 -4.96100859e-08 9.86807898e-09 1
LGIC_C 349 -0.215257258 -0.533607733 0.0250140034 -2.90231482e-08 4.96101036e-08 1
LGIC_C 350 -0.284589826 0.382307855 0.0250140043 2.45891128e-08 -3.68002333e-08 1
LGIC_C 352 -0.178257228 -0.28123777 0.0250139989 3.95603082e-08 3.05989652e-08 1
LGIC_C 353 -0.310959995 0.135471391 0.0250140002 4.20574045e-08 -2.81018523e-08 1
LGIC_C 354 0.18647964 0.210880238 0.0250139974 -2.81018716e-08 -4.20573923e-08 1
LGIC_C 355 0.0635708343 -0.52211677 0.0250140128 1.00935263e-08 5.7878447e-08 1
LGIC_C 356 0.107963337 0.684594961 0.0250140139 -8.63455884e-09 -4.34088253e-08 1
LGIC_C 357 0.73031602 0.181789367 0.0250140183 -4.96100869e-08 6.3366408e-09 1
LGIC_C 358 0.0959454093 -0.0536316351 0.0250139897 -4.90669481e-08 3.27855328e-08 1
LGIC_C 359 -0.274669398 0.221286396 0.0250140017 6.28881943e-09 -7.55636452e-08 1
LGIC_C 360 -0.501673818 0.453241373 0.0250140134 -4.82586679e-08 1.31306769e-08 -1
LGIC_C 361 0.60955903 -0.132478958 0.0250140148 -4.96100859e-08 9.86807898e-09 1
LGIC_C 362 -0.438583229 -0.089387543 0.0250140024 -4.96100919e-08 2.90231703e-08 -1
LGIC_C 363 -0.305602229 0.407357853 0.0250140069 1.31306824e-08 -4.82586643e-08 1
LGIC_C 365 0.582796766 -0.394736202 0.0250140188 -4.20573976e-08 2.81018683e-08 1
LGIC_C 366 -0.319663382 -0.717166766 0.0250140178 3.95603082e-08 3.05989652e-08 1
LGIC_C 367 0.401132448 -0.0915845772 0.0250140029 -4.34088182e-08 2.48392526e-08 1
LGIC_C 368 -0.153827844 -0.365065997 0.0250140005 3.95603082e-08 3.05989652e-08 1
LGIC_C 369 -0.129198354 -0.661999384 0.0250140123 -2.90231482e-08 4.96101036e-08 1
LGIC_C 370 -0.287201365 -0.627277442 0.0250140134 2.45891453e-08 3.68002268e-08 1
LGIC_C 371 0.253792454 0.0113518069 0.0250139944 -4.34088272e-08 -8.63453573e-09 1
LGIC_C 372 -0.0177886097 0.401998674 0.0250140009 8.63455111e-09 -4.34088279e-08 1
LGIC_C 373 -0.686399395 0.448361101 0.0250140196 3.68002297e-08 -2.45891157e-08 1
LGIC_C 374 0.0335290677 -0.149629144 0.0250139904 6.33663526e-09 4.9610097e-08 1
LGIC_C 375 0.162763906 -0.64960432 0.0250140192 1.00935263e-08 5.7878447e-08 1
LGIC_C 376 0.407219034 0.372384508 0.0250140108 -4.20574004e-08 -2.81018564e-08 1
LGIC_C 377 0.307692994 0.150525655 0.0250139983 -3.68002282e-08 -2.45891172e-08 1
LGIC_C 378 -0.583562865 0.0509101329 0.0250140107 4.96100851e-08 2.90231542e-08 1
LGIC_C 379 -0.0333294088 -0.485242404 0.0250140076 9.8680833e-09 4.96100963e-08 1
LGIC_C 380 0.130198765 0.583904777 0.0250140135 -9.86806672e-09 -4.96100854e-08 1
LGIC_C 381 0.00733680982 0.645225984 0.0250140153 -9.86806672e-09 -4.96100854e-08 1
LGIC_C 382 0.536260303 -0.280752917 0.0250140148 -3.37890406e-08 4.80634332e-08 1
LGIC_C 384 -0.45749559 -0.440503937 0.0250140194 6.28883752e-09 7.55636663e-08 1
LGIC_C 386 0.477383165 -0.451286959 0.0250140119 -3.68002179e-08 2.45891393e-08 1
LGIC_C 387 0.539838708 -0.227980735 0.0250140124 -3.37890406e-08 4.80634332e-08 1
LGIC_C 388 -0.0172612652 0.431989475 0.0250140052 -3.14742797e-08 4.96100914e-08 -1
LGIC_C 390 0.523780401 -0.0857771846 0.0250140081 -4.34088182e-08 2.48392526e-08 1
LGIC_C 392 -0.21050103 -0.550744027 0.0250140044 -2.90231482e-08 4.96101036e-08 1
LGIC_C 393 -0.0448807977 -0.267947587 0.0250139953 8.63456455e-09 4.34088336e-08 1
LGIC_C 395 0.33207153 0.374675252 0.0250140057 1.3130701e-08 4.82586573e-08 -1
LGIC_C 396 0.262035014 0.390318772 0.0250140055 1.3130701e-08 4.82586573e-08 -1
LGIC_C 397 -0.65540628 0.267938005 0.025014014 4.34088259e-08 -8.63455061e-09 1
LGIC_C 398 -0.562140542 0.242195823 0.0250140139 3.37890593e-08 -4.80634052e-08 1
LGIC_C 399 0.597669911 -0.149233669 0.0250140176 -4.96100802e-08 3.14742968e-08 1
NT 7181 1.22232664 -4.57733661 -2.59980805 0 0 0
NT 7817 1.1358577 4.99532677 -1.40244608 0 0 0
LGIC_O 4402 -0.0345878633 0.265675272 0.025013999 1.15127271e-08 -5.78784352e-08 1
LGIC_O 4401 -0.1840676 0.0972239463 0.0250139942 3.37890593e-08 -4.80634052e-08 1
LGIC_O 4400 -0.175025146 0.0137516014 0.0250139927 5.7878425e-08 4.89846948e-08 1
LGIC_O 8441 0.636913646 -0.12672076 0.0250140188 -4.96100802e-08 3.14742968e-08 1
LGIC_O 8440 0.314831804 -0.521242477 0.0250140191 -3.27854948e-08 4.90669785e-08 1
LGIC_O 8439 0.567487089 -0.204519113 0.0250140184 -5.78784275e-08 1.15127558e-08 1
LGIC_O 8438 -0.495463838 -0.478991786 0.0250140171 1.45571809e-08 5.5602105e-08 1
LGIC_O 8437 -0.0865332912 0.0753896135 0.0250139898 3.37890593e-08 -4.80634052e-08 1
LGIC_O 8436 0.281965125 0.349247805 0.0250140096 -3.27855134e-08 -4.90669575e-08 1
LGIC_O 8435 -0.281577291 0.489075666 0.0250140165 3.27854968e-08 -4.90669676e-08 1
LGIC_O 8434 -0.605092982 -0.110313414 0.0250140129 5.7878436e-08 -4.89847332e-08 1
LGIC_O 8433 0.701586212 -0.0117142491 0.0250140184 -4.96100802e-08 3.14742968e-08 1
LGIC_O 8432 0.426050556 0.664856809 0.0250140182 -2.45891309e-08 -3.68002211e-08 1
LGIC_O 8431 -0.53569519 -0.176489801 0.025014008 4.34088238e-08 8.63459484e-09 1
LGIC_O 8430 -0.206044735 -0.180448528 0.0250139982 6.28883752e-09 7.55636663e-08 1
LGIC_O 8429 0.342033035 -0.34268384 0.0250140113 -3.27854948e-08 4.90669785e-08 1
LGIC_O 8428 0.576112066 -0.314703408 0.0250140178 -3.37890406e-08 4.80634332e-08 1
LGIC_O 8427 0.236726308 -0.318077646 0.0250140066 -3.27854948e-08 4.90669785e-08 1
LGIC_O 8426 -0.0976488914 -0.110862836 0.0250139913 7.55636799e-08 6.2887973e-09 1
LGIC_O 8425 0.534646383 -0.195059479 0.0250140164 -5.78784275e-08 1.15127558e-08 1
LGIC_O 8424 0.219544679 -0.315091025 0.0250140059 -3.27854948e-08 4.90669785e-08 1
LGIC_O 8423 -0.608846757 -0.593779315 0.0250140203 3.68002489e-08 2.45891179e-08 1
LGIC_O 8422 0.564815598 -0.372450199 0.0250140202 -3.37890406e-08 4.80634332e-08 1
LGIC_O 8421 0.550750457 0.0902902064 0.0250140162 -5.78784335e-08 -1.15127284e-08 1
LGIC_O 8420 0.175418091 0.0610257495 0.0250139941 -5.78784335e-08 -1.15127284e-08 1
LGIC_O 8419 0.142777714 0.100831833 0.0250139936 -4.90669739e-08 -3.27854893e-08 1
LGIC_O 4418 0.0575220985 -0.190210297 0.0250139949 -1.15127059e-08 5.78784511e-08 1
LGIC_O 4417 -0.118754336 -0.170834128 0.0250139938 2.81018674e-08 4.20574117e-08 1
LGIC_O 4416 0.593239316 0.0786534269 0.0250140185 -5.78784335e-08 -1.15127284e-08 1
LGIC_O 4415 0.0853954366 -0.420999761 0.0250140086 -1.15127059e-08 5.78784511e-08 1
LGIC_O 4414 -0.374457097 -0.228026162 0.0250140026 3.68002489e-08 2.45891179e-08 1
LGIC_O 4413 0.577482781 -0.285169834 0.0250140164 -3.37890406e-08 4.80634332e-08 1
LGIC_O 4412 -0.484325859 0.306166979 0.0250140144 3.37890593e-08 -4.80634052e-08 1
LGIC_O 4411 0.44777829 -0.0963194904 0.0250140103 -5.78784275e-08 1.15127558e-08 1
LGIC_O 4410 0.28281874 -0.503567977 0.0250140172 -3.27854948e-08 4.90669785e-08 1
LGIC_O 4409 -0.116204576 -0.152585731 0.025013993 7.55636799e-08 6.2887973e-09 1
LGIC_O 4408 -0.333519821 0.289166147 0.0250140084 3.37890593e-08 -4.80634052e-08 1
LGIC_O 4407 -0.148720782 -0.636306108 0.0250140163 9.8680833e-09 4.96100963e-08 1
LGIC_O 4406 0.336173082 -0.328141715 0.0250140105 -4.90669481e-08 3.27855328e-08 1
LGIC_O 4405 -0.249510429 -0.168914007 0.0250139976 6.28883752e-09 7.55636663e-08 1
LGIC_O 4404 0.0811982327 0.141649416 0.0250139929 -3.27855134e-08 -4.90669575e-08 1
LGIC_O 4403 0.0533120499 -0.19689515 0.0250139952 -1.15127059e-08 5.78784511e-08 1
