LGIC_C 0 0.510943285 0.220870964 0.0250140111 3.37890593e-08 4.80634111e-08 -1
LGIC_C 1 -0.317608155 0.0472422279 0.0250139975 4.34088259e-08 -8.63455061e-09 1
LGIC_C 2 -0.556049004 0.153452216 0.0250140124 4.96100897e-08 -9.86805572e-09 1
LGIC_C 3 0.246620842 -0.65234209 0.025014018 -9.86804037e-09 4.96101e-08 1
LGIC_C 4 -0.444426186 -0.22371357 0.0250140029 6.28883752e-09 7.55636663e-08 1
LGIC_C 5 0.0663562013 -0.531742268 0.0250140133 1.00935263e-08 5.7878447e-08 1
LGIC_C 6 -0.360533383 0.514204569 0.0250140174 1.28239438e-08 -5.73353116e-08 1
LGIC_C 7 -0.724358113 0.433800164 0.00389298694 -0.827617296 0.552995934 0.0961514895
LGIC_C 8 -0.124502008 0.340918538 0.0250139991 8.63455111e-09 -4.34088279e-08 1
LGIC_C 9 -0.476008099 -0.265851775 0.0250140063 6.28883752e-09 7.55636663e-08 1
LGIC_C 10 -0.391978038 -0.608277506 0.0250140174 3.95603082e-08 3.05989652e-08 1
LGIC_C 11 0.187427887 0.553310303 0.0250140095 -6.33660387e-09 4.96100877e-08 -1
LGIC_C 12 0.407306884 0.199482304 0.0250140098 -4.90669739e-08 -3.27854893e-08 1
LGIC_C 13 0.736186562 -0.070947801 0.0250140205 -4.96100859e-08 9.86807898e-09 1
LGIC_C 14 0.678160895 0.269180485 0.0250140152 -4.96100869e-08 6.3366408e-09 1
LGIC_C 15 -0.472775514 -0.352121727 0.0250140086 5.39043203e-09 6.47688584e-08 1
LGIC_C 16 0.617261458 -0.15038202 0.0250140153 -4.96100859e-08 9.86807898e-09 1
LGIC_C 17 -0.550567858 0.377800329 0.0250140148 -4.82586679e-08 1.31306769e-08 -1
LGIC_C 18 0.282021837 -0.471376277 0.025014011 -2.81018481e-08 4.20574137e-08 1
LGIC_C 21 -0.0023256635 -0.182824404 0.0250139922 -2.90231482e-08 4.96101036e-08 1
LGIC_C 22 0.142553168 0.607596042 0.0250140148 -9.86806672e-09 -4.96100854e-08 1
LGIC_C 23 -0.482534096 0.430379378 0.0250140116 3.68002297e-08 -2.45891157e-08 1
LGIC_C 24 0.15191392 0.415537699 0.0250140054 -9.86806672e-09 -4.96100854e-08 1
LGIC_C 25 0.332669955 -0.0328678331 0.025013998 -4.34088226e-08 8.63456802e-09 1
LGIC_C 27 -0.262590639 0.541704989 0.0250140185 3.27854968e-08 -4.90669676e-08 1
LGIC_C 28 0.669888239 0.0841432959 0.025014013 -4.34088272e-08 -8.63453573e-09 1
LGIC_C 30 0.633204811 0.177820074 0.0250140135 -4.96100869e-08 6.3366408e-09 1
LGIC_C 31 -0.392834586 -0.42219949 0.0250140117 3.95603082e-08 3.05989652e-08 1
LGIC_C 32 0.0553559748 0.118006993 0.0250139898 -2.81018716e-08 -4.20573923e-08 1
LGIC_C 33 -0.0382696158 0.635701894 0.0250140112 8.63455111e-09 -4.34088279e-08 1
LGIC_C 35 -0.17550431 -0.486088016 0.0250140022 -2.90231482e-08 4.96101036e-08 1
LGIC_C 36 0.492944299 -0.605482341 0.0250140176 -2.45891087e-08 3.68002429e-08 1
LGIC_C 37 0.0892366562 0.830497113 0.0250140201 -8.63455884e-09 -4.34088253e-08 1
LGIC_C 38 0.764188408 -0.338403392 0.02501402 -3.05989503e-08 3.95603122e-08 1
LGIC_C 39 0.688716299 0.307081709 0.0250140161 -3.68002282e-08 -2.45891172e-08 1
LGIC_C 40 -0.720422732 0.00372977278 0.0250140146 4.34088279e-08 -2.48392273e-08 1
LGIC_C 41 -0.52257338 0.603454347 0.0250140183 2.45891128e-08 -3.68002333e-08 1
LGIC_C 42 -0.271556798 -0.664679035 0.0250140144 8.63456455e-09 4.34088336e-08 1
LGIC_C 43 -0.575022596 -0.493046372 0.0250140145 1.15916899e-08 4.97976879e-08 1
LGIC_C 44 0.348672485 0.538616218 0.0250140138 1.3130701e-08 4.82586573e-08 -1
LGIC_C 45 -0.0110878587 -0.254296367 0.0250139946 2.48392553e-08 4.34088306e-08 1
LGIC_C 46 -0.209534307 -0.188582662 0.0250139966 5.39043203e-09 6.47688584e-08 1
LGIC_C 47 0.487156361 -0.171692964 0.0250140134 -5.78784275e-08 1.15127558e-08 1
LGIC_C 48 -0.115013347 -0.409053012 0.025014002 8.63456455e-09 4.34088336e-08 1
LGIC_C 51 -0.587603125 -0.00426091216 0.0250140088 4.34088238e-08 8.63459484e-09 1
LGIC_C 52 0.685545824 -0.166540801 0.0250140171 -4.34088182e-08 2.48392526e-08 1
LGIC_C 53 0.310842517 -0.0893836988 0.0250139989 -4.34088182e-08 2.48392526e-08 1
LGIC_C 54 -0.0582782491 -0.228308028 0.0250139936 -4.89847109e-08 5.78784581e-08 1
LGIC_C 55 0.462248909 0.46380603 0.0250140117 -2.45891309e-08 -3.68002211e-08 1
LGIC_C 56 -0.148163414 -0.227286908 0.0250139948 -5.56021111e-08 -1.45571543e-08 -1
LGIC_C 57 -0.099257869 0.416204207 0.025014007 -3.14742797e-08 4.96100914e-08 -1
LGIC_C 58 0.468297336 -0.076077253 0.0250140054 -4.34088182e-08 2.48392526e-08 1
LGIC_C 59 -0.381034466 -0.21772568 0.0250140009 1.45571809e-08 5.5602105e-08 1
LGIC_C 60 0.10448485 0.534352411 0.0250140131 -3.14742949e-08 -4.96100822e-08 1
LGIC_C 61 -0.386297458 0.341885961 0.0250140091 4.20574045e-08 -2.81018523e-08 1
LGIC_C 62 -0.0170773166 0.423650146 0.0250140048 -3.14742797e-08 4.96100914e-08 -1
LGIC_C 63 0.229871783 -0.00198275366 0.0250139947 -4.96100859e-08 9.86807898e-09 1
LGIC_C 64 -0.227434269 0.0101662381 0.0250139959 5.7878425e-08 4.89846948e-08 1
LGIC_C 65 0.00109797807 0.332411163 0.0250139998 -6.33660387e-09 4.96100877e-08 -1
LGIC_C 66 -0.250136818 -0.343755073 0.025014002 2.45891453e-08 3.68002268e-08 1
LGIC_C 67 -0.465458628 0.405902542 0.0250140169 6.28881943e-09 -7.55636452e-08 1
LGIC_C 68 -0.681312722 -0.124898737 0.0250140095 -4.34088282e-08 2.70157287e-08 -1
LGIC_C 69 -0.694702017 -0.353920082 0.0250140175 3.68002489e-08 2.45891179e-08 1
LGIC_C 70 -0.0565805867 0.359768286 0.0250139994 8.63455111e-09 -4.34088279e-08 1
LGIC_C 72 0.147465279 0.401013865 0.0250140022 -6.33660387e-09 4.96100877e-08 -1
LGIC_C 73 -0.00424260085 0.000447527493 0.0250139835 4.34088279e-08 -2.48392273e-08 1
LGIC_C 74 0.540290554 0.500876005 0.0250140159 -4.82586616e-08 -1.31306776e-08 1
LGIC_C 75 0.562005764 -0.592314565 0.0250140188 -2.45891087e-08 3.68002429e-08 1
LGIC_C 76 -0.670402611 0.0348013875 0.0250140155 4.96100851e-08 2.90231542e-08 1
LGIC_C 77 0.339494693 -0.187585012 0.025014001 -3.05989503e-08 3.95603122e-08 1
LGIC_C 79 -0.582530018 -0.271021715 0.0250140035 1.15916899e-08 4.97976879e-08 1
LGIC_C 80 0.734897444 0.001194803 0.0250140151 -4.34088272e-08 -8.63453573e-09 1
LGIC_C 81 0.0456326558 0.687850417 0.0250140171 -6.33660387e-09 4.96100877e-08 -1
LGIC_C 82 0.45894039 -0.306760746 0.0250140094 -3.05989503e-08 3.95603122e-08 1
LGIC_C 83 -0.346857445 0.232704943 0.0250140031 -4.82586679e-08 1.31306769e-08 -1
LGIC_C 84 0.22918502 0.522350429 0.0250140117 -2.81018716e-08 -4.20573923e-08 1
LGIC_C 85 -0.0666546538 0.0781051332 0.0250139886 1.28239438e-08 -5.73353116e-08 1
LGIC_C 87 -0.313746782 -0.251383321 0.0250140018 1.45571809e-08 5.5602105e-08 1
LGIC_C 88 -0.591872378 -0.505896674 0.0250140153 1.15916899e-08 4.97976879e-08 1
LGIC_C 89 0.248294197 -0.504581005 0.0250140108 -1.31306721e-08 4.82586744e-08 1
LGIC_C 90 -0.353656915 -0.310443421 0.0250140056 1.45571809e-08 5.5602105e-08 1
LGIC_C 91 0.188281758 0.776617021 0.0250140186 -8.63455884e-09 -4.34088253e-08 1
LGIC_C 92 0.273165581 -0.739997828 0.0250140182 6.33663526e-09 4.9610097e-08 1
LGIC_C 93 -0.0666477979 0.593019171 0.0250140123 -6.33661298e-09 -4.96100859e-08 1
LGIC_C 94 0.147819111 -0.037507031 0.0250139917 -4.96100802e-08 3.14742968e-08 1
LGIC_C 95 -0.335795726 -0.456166329 0.0250140086 -5.56021111e-08 -1.45571543e-08 -1
LGIC_C 96 0.344147559 -0.0241642039 0.0250140005 -4.96100859e-08 9.86807898e-09 1
LGIC_C 97 -0.411314453 0.0328442182 0.0250140027 4.96100851e-08 2.90231542e-08 1
LGIC_C 98 -0.34312213 -0.608540777 0.0250140154 3.95603082e-08 3.05989652e-08 1
LGIC_C 99 0.229762345 -0.0819433394 0.0250139972 -4.96100802e-08 3.14742968e-08 1
LGIC_C 100 -0.352943082 -0.490284231 0.02501401 2.45891453e-08 3.68002268e-08 1
LGIC_C 101 -0.378307526 0.0142190681 0.0250140022 4.96100897e-08 -9.86805572e-09 1
LGIC_C 102 -0.420366181 0.453983489 0.0250140147 1.28239438e-08 -5.73353116e-08 1
LGIC_C 103 -0.452012609 -0.0138101737 0.0250140025 -4.34088282e-08 2.70157287e-08 -1
LGIC_C 104 0.606803189 -0.238147087 0.0250140157 -4.96100859e-08 9.86807898e-09 1
LGIC_C 105 -0.316353051 0.124964835 0.0250140001 4.34088279e-08 -2.48392273e-08 1
LGIC_C 106 -0.305208445 0.790294419 0.0250140202 8.63455111e-09 -4.34088279e-08 1
LGIC_C 107 -0.68555007 -0.258552069 0.0250140153 4.34088238e-08 8.63459484e-09 1
LGIC_C 108 -0.0627259663 -0.508406879 0.0250140069 2.48392553e-08 4.34088306e-08 1
LGIC_C 110 -0.224487281 -0.723659095 0.0250140166 8.63456455e-09 4.34088336e-08 1
LGIC_C 111 -0.4913032 -0.13533485 0.0250140037 -4.96100919e-08 2.90231703e-08 -1
LGIC_C 112 0.700084208 -0.0325429913 0.025014019 -4.96100802e-08 3.14742968e-08 1
LGIC_C 113 -0.0580979614 -0.700108086 0.0250140151 2.48392553e-08 4.34088306e-08 1
LGIC_C 114 -0.346265244 0.396679913 0.0250140105 1.28239438e-08 -5.73353116e-08 1
LGIC_C 115 0.509465023 -0.390599085 0.0250140143 -3.05989503e-08 3.95603122e-08 1
LGIC_C 116 0.12324879 -0.439246475 0.0250140074 1.00935263e-08 5.7878447e-08 1
LGIC_C 117 -0.165352574 -0.0511339159 0.0250139893 4.96100935e-08 -4.19869172e-08 1
LGIC_C 118 -0.290358611 -0.320336667 0.0250140041 -5.56021111e-08 -1.45571543e-08 -1
LGIC_C 119 0.0832173426 0.451536428 0.0250140065 -9.86806672e-09 -4.96100854e-08 1
LGIC_C 120 0.00317475254 0.51119451 0.0250140086 -6.33660387e-09 4.96100877e-08 -1
LGIC_C 121 -0.459939965 -0.416455667 0.0250140093 1.15916899e-08 4.97976879e-08 1
LGIC_C 122 0.610591276 -0.366967852 0.0250140147 -3.68002179e-08 2.45891393e-08 1
LGIC_C 124 0.541599282 -0.468976794 0.0250140147 -3.68002179e-08 2.45891393e-08 1
LGIC_C 125 0.141312696 -0.177542993 0.0250139937 -1.31306721e-08 4.82586744e-08 1
LGIC_C 126 0.616630395 -0.394140196 0.0250140177 -3.05989503e-08 3.95603122e-08 1
LGIC_C 127 0.210932391 -0.310006616 0.025014001 -1.31306721e-08 4.82586744e-08 1
LGIC_C 128 0.236332217 -0.296480668 0.025014 -2.45891087e-08 3.68002429e-08 1
LGIC_C 129 0.466786896 -0.0621323855 0.025014004 -4.34088226e-08 8.63456802e-09 1
LGIC_C 130 -0.618603833 0.178644455 0.0250140117 4.34088259e-08 -8.63455061e-09 1
LGIC_C 131 0.381168192 0.250792629 0.0250140049 -4.82586616e-08 -1.31306776e-08 1
LGIC_C 132 -0.201257374 0.0735286322 0.0250139913 5.7878425e-08 4.89846948e-08 1
LGIC_C 133 -0.598872837 -0.0538315967 0.0250140097 4.34088238e-08 8.63459484e-09 1
LGIC_C 134 0.286873167 -0.622870872 0.0250140132 -2.45891087e-08 3.68002429e-08 1
LGIC_C 135 -0.245913205 -0.268925339 0.0250140015 2.81018674e-08 4.20574117e-08 1
LGIC_C 136 0.366637653 -0.300841528 0.0250140041 -3.68002179e-08 2.45891393e-08 1
LGIC_C 137 0.381162572 -0.383559158 0.0250140067 -1.31306721e-08 4.82586744e-08 1
LGIC_C 138 -0.691533871 -0.212957893 0.0250140086 4.96100935e-08 -4.19869172e-08 1
LGIC_C 139 0.120325641 -0.00864247859 0.0250139895 -4.96100802e-08 3.14742968e-08 1
LGIC_C 140 0.495862274 0.533454354 0.0250140151 -2.45891309e-08 -3.68002211e-08 1
LGIC_C 141 0.445660361 0.122977277 0.0250140036 -4.34088272e-08 -8.63453573e-09 1
LGIC_C 142 -0.48325499 -0.558150095 0.0250140194 3.95603082e-08 3.05989652e-08 1
LGIC_C 144 -0.439069561 -0.477435539 0.0250140146 -5.56021111e-08 -1.45571543e-08 -1
LGIC_C 145 0.221193103 0.00619647318 0.0250139942 -4.96100869e-08 6.3366408e-09 1
LGIC_C 146 0.0287805381 0.592381737 0.0250140125 -6.33660387e-09 4.96100877e-08 -1
LGIC_C 147 -0.33853703 -0.346055382 0.0250140043 2.45891453e-08 3.68002268e-08 1
LGIC_C 149 0.54875983 0.490609737 0.0250140155 -3.68002282e-08 -2.45891172e-08 1
LGIC_C 150 0.405295041 0.144918541 0.0250140024 -4.96100869e-08 6.3366408e-09 1
LGIC_C 151 -0.071648057 -0.680734891 0.0250140134 8.63456455e-09 4.34088336e-08 1
LGIC_C 152 0.262342321 0.564896689 0.025014014 1.3130701e-08 4.82586573e-08 -1
LGIC_C 153 0.169622935 -0.217702081 0.0250139979 -1.28239349e-08 5.73353226e-08 1
LGIC_C 154 0.135409178 0.479589438 0.0250140084 -9.86806672e-09 -4.96100854e-08 1
LGIC_C 155 -0.56665444 0.121899524 0.0250140089 4.34088259e-08 -8.63455061e-09 1
LGIC_C 156 -0.236758424 0.0100256111 0.0250139936 4.34088259e-08 -8.63455061e-09 1
LGIC_C 157 -0.451209106 0.272020872 0.0250140067 6.28881943e-09 -7.55636452e-08 1
LGIC_C 158 0.343359435 0.180112043 0.0250140035 3.37890593e-08 4.80634111e-08 -1
LGIC_C 159 0.770463616 0.131487984 0.0250140178 -4.34088272e-08 -8.63453573e-09 1
LGIC_C 160 -0.293857984 -0.0797385937 0.0250139939 -4.34088282e-08 2.70157287e-08 -1
LGIC_C 161 -0.443302935 0.077484641 0.025014006 4.96100897e-08 -9.86805572e-09 1
LGIC_C 162 0.494842329 0.00335577418 0.0250140078 -4.96100911e-08 -9.86803575e-09 1
LGIC_C 163 0.392479943 -0.239975554 0.0250140065 -4.20573976e-08 2.81018683e-08 1
LGIC_C 164 0.238855215 -0.560634931 0.0250140134 -1.31306721e-08 4.82586744e-08 1
LGIC_C 165 -0.327385262 0.0205809917 0.0250139989 4.96100851e-08 2.90231542e-08 1
LGIC_C 166 -0.113997769 -0.710297118 0.0250140169 2.48392553e-08 4.34088306e-08 1
LGIC_C 167 -0.574777147 0.550446543 0.025014018 3.68002297e-08 -2.45891157e-08 1
LGIC_C 168 -0.529428187 -0.224171757 0.0250140006 5.39043203e-09 6.47688584e-08 1
LGIC_C 169 0.667004795 -0.502639417 0.0250140201 -3.68002179e-08 2.45891393e-08 1
LGIC_C 171 -0.207070031 0.341040218 0.0250140055 1.28239438e-08 -5.73353116e-08 1
LGIC_C 172 0.31571358 0.132690867 0.0250140003 -4.20574004e-08 -2.81018564e-08 1
LGIC_C 173 0.645560801 0.279552858 0.0250140139 -3.68002282e-08 -2.45891172e-08 1
LGIC_C 174 -0.101505809 -0.518053154 0.0250140083 2.48392553e-08 4.34088306e-08 1
LGIC_C 175 0.409924427 -0.290592437 0.025014011 -3.37890406e-08 4.80634332e-08 1
LGIC_C 177 0.320966001 0.324250895 0.0250140059 -2.81018716e-08 -4.20573923e-08 1
LGIC_C 178 0.101581502 -0.616274512 0.0250140132 6.33663526e-09 4.9610097e-08 1
LGIC_C 180 -0.136387865 0.287630271 0.0250139992 2.8101852e-08 -4.20574041e-08 1
LGIC_C 181 -0.680126749 -0.3034842 0.0250140066 5.39043203e-09 6.47688584e-08 1
LGIC_C 183 0.677875272 0.321376685 0.0250140202 -4.82586616e-08 -1.31306776e-08 1
LGIC_C 184 0.702808899 -0.0362986364 0.0250140146 -4.34088182e-08 2.48392526e-08 1
LGIC_C 185 0.382286026 -0.141173897 0.0250140033 -4.34088182e-08 2.48392526e-08 1
LGIC_C 186 -0.606018761 -0.302962786 0.0250140061 5.39043203e-09 6.47688584e-08 1
LGIC_C 188 -0.738756659 0.091793839 0.0250140161 4.34088259e-08 -8.63455061e-09 1
LGIC_C 189 -0.563214905 0.284021204 0.0250140149 4.20574045e-08 -2.81018523e-08 1
LGIC_C 190 0.346222611 -0.693642941 0.0250140173 -2.45891087e-08 3.68002429e-08 1
LGIC_C 191 -0.392238362 -0.246247218 0.0250140013 5.39043203e-09 6.47688584e-08 1
LGIC_C 192 -0.292841242 0.109216373 0.0250139969 4.34088259e-08 -8.63455061e-09 1
LGIC_C 193 0.287944706 0.0779607052 0.0250139983 -4.96100911e-08 -9.86803575e-09 1
LGIC_C 194 -0.707895138 0.351440914 0.025014018 3.68002297e-08 -2.45891157e-08 1
LGIC_C 195 0.36475876 0.409027146 0.0250140107 -2.81018716e-08 -4.20573923e-08 1
LGIC_C 196 0.707953942 0.387774578 0.0250140188 -3.68002282e-08 -2.45891172e-08 1
LGIC_C 197 -0.276860143 -0.50910653 0.0250140088 2.45891453e-08 3.68002268e-08 1
LGIC_C 198 0.547190116 -0.0305860027 0.0250140072 -4.34088226e-08 8.63456802e-09 1
LGIC_C 199 0.629193347 0.23532766 0.025014013 -4.96100869e-08 6.3366408e-09 1
LGIC_C 200 0.750786717 -0.328581059 0.0250140189 -3.68002179e-08 2.45891393e-08 1
LGIC_C 201 0.246439832 0.130367811 0.0250139973 -4.20574004e-08 -2.81018564e-08 1
LGIC_C 202 -0.0248646299 -0.273975268 0.0250139958 2.48392553e-08 4.34088306e-08 1
LGIC_C 203 -0.189101737 -0.0393303928 0.0250139915 -4.96100919e-08 2.90231703e-08 -1
LGIC_C 204 -0.390541254 0.534350295 0.0250140167 2.8101852e-08 -4.20574041e-08 1
LGIC_C 205 -0.0819659606 0.249778237 0.0250139965 9.86805557e-09 -4.96100883e-08 1
LGIC_C 206 0.631641489 -0.348615793 0.025014015 -3.68002179e-08 2.45891393e-08 1
LGIC_C 207 -0.124374203 -0.443735563 0.0250140028 -4.89847109e-08 5.78784581e-08 1
LGIC_C 208 -0.519357841 0.358635044 0.025014013 -4.82586679e-08 1.31306769e-08 -1
LGIC_C 209 -0.01075616 0.00488357968 0.025013985 -1.17760707e-07 7.86851935e-08 -1
LGIC_C 210 0.0681683636 0.278316609 0.0250139977 -9.86806672e-09 -4.96100854e-08 1
LGIC_C 212 -0.351062503 -0.54297674 0.0250140107 -5.56021111e-08 -1.45571543e-08 -1
LGIC_C 213 0.329478261 -0.339696243 0.0250140068 -2.81018481e-08 4.20574137e-08 1
LGIC_C 214 0.455152157 -0.0756513287 0.0250140036 -4.34088226e-08 8.63456802e-09 1
LGIC_C 215 -0.46712303 -0.0196212146 0.0250140037 4.34088238e-08 8.63459484e-09 1
LGIC_C 216 0.214367132 -0.206475674 0.025013998 -3.05989503e-08 3.95603122e-08 1
LGIC_C 217 0.509229198 -0.396532915 0.0250140195 -3.37890406e-08 4.80634332e-08 1
LGIC_C 218 -0.288815863 0.466291943 0.0250140096 1.31306824e-08 -4.82586643e-08 1
LGIC_C 219 -0.249980691 -0.458624893 0.0250140072 3.95603082e-08 3.05989652e-08 1
LGIC_C 220 -0.71955538 -0.341900492 0.0250140181 3.68002489e-08 2.45891179e-08 1
LGIC_C 221 0.674397496 -0.387654037 0.0250140176 -3.68002179e-08 2.45891393e-08 1
LGIC_C 222 -0.52013838 -0.155857356 0.0250140046 -4.96100919e-08 2.90231703e-08 -1
LGIC_C 223 0.226728335 0.420507269 0.0250140084 -4.80634192e-08 -3.37890445e-08 1
LGIC_C 224 -0.387034624 0.0488372875 0.025014001 4.96100851e-08 2.90231542e-08 1
LGIC_C 225 0.212760842 -0.660328914 0.0250140137 -8.63454093e-09 4.34088369e-08 1
LGIC_C 226 0.396291856 -0.180688809 0.0250140023 -3.68002179e-08 2.45891393e-08 1
LGIC_C 227 -0.163528875 0.500876876 0.0250140064 8.63455111e-09 -4.34088279e-08 1
LGIC_C 228 0.267318239 -0.32284069 0.0250140023 -1.31306721e-08 4.82586744e-08 1
LGIC_C 229 -0.477911205 -0.0796250179 0.0250140047 4.34088238e-08 8.63459484e-09 1
LGIC_C 230 -0.668774553 -0.19964132 0.0250140069 -4.34088282e-08 2.70157287e-08 -1
LGIC_C 231 0.538044813 0.251422964 0.0250140135 3.37890593e-08 4.80634111e-08 -1
LGIC_C 232 -0.270616255 0.796503056 0.0250140202 8.63455111e-09 -4.34088279e-08 1
LGIC_C 233 0.286523103 0.239926668 0.0250140002 -4.82586616e-08 -1.31306776e-08 1
LGIC_C 234 -0.00954515864 -0.435501806 0.0250140022 8.63456455e-09 4.34088336e-08 1
LGIC_C 235 0.343855553 0.452026978 0.0250140119 -2.81018716e-08 -4.20573923e-08 1
LGIC_C 236 0.284517082 -0.0169149922 0.025013996 -4.34088182e-08 2.48392526e-08 1
LGIC_C 239 0.465583769 -0.271940363 0.0250140105 -4.20573976e-08 2.81018683e-08 1
LGIC_C 240 0.14336014 -0.189977103 0.025013996 -1.28239349e-08 5.73353226e-08 1
LGIC_C 241 -0.124707682 0.207764097 0.0250139955 2.8101852e-08 -4.20574041e-08 1
LGIC_C 242 0.603382493 -0.319836785 0.025014019 -3.37890406e-08 4.80634332e-08 1
LGIC_C 243 -0.67006019 0.242808367 0.0250140189 4.96100897e-08 -9.86805572e-09 1
LGIC_C 246 0.418032589 0.45716639 0.0250140104 -2.45891309e-08 -3.68002211e-08 1
LGIC_C 247 -0.510986612 0.656963772 0.02501402 2.45891128e-08 -3.68002333e-08 1
LGIC_C 248 0.0886223997 -0.0841981983 0.0250139886 -3.68002179e-08 2.45891393e-08 1
LGIC_C 249 0.541631565 -0.0676402011 0.0250140122 -4.96100802e-08 3.14742968e-08 1
LGIC_C 250 0.245568604 0.519494336 0.0250140126 -4.80634192e-08 -3.37890445e-08 1
LGIC_C 251 0.0396942441 0.642812032 0.0250140149 -6.33660387e-09 4.96100877e-08 -1
LGIC_C 252 0.181656677 0.584528077 0.025014018 -3.14742949e-08 -4.96100822e-08 1
LGIC_C 253 0.479648246 0.300775703 0.0250140103 -4.82586616e-08 -1.31306776e-08 1
LGIC_C 255 -0.770478186 -0.0770004913 0.0250140146 -4.34088282e-08 2.70157287e-08 -1
LGIC_C 256 -0.320110842 0.526566752 0.0250140105 2.45891128e-08 -3.68002333e-08 1
LGIC_C 257 0.278556323 0.341659602 0.0250140034 1.3130701e-08 4.82586573e-08 -1
LGIC_C 258 -0.301307267 0.580413667 0.025014012 2.45891128e-08 -3.68002333e-08 1
LGIC_C 260 -0.0477789535 -0.625073237 0.0250140147 9.8680833e-09 4.96100963e-08 1
LGIC_C 261 0.0731942771 0.612604674 0.0250140105 -8.63455884e-09 -4.34088253e-08 1
LGIC_C 262 -0.350043039 0.353103805 0.0250140049 1.31306824e-08 -4.82586643e-08 1
LGIC_C 263 -0.683831559 -0.203901208 0.0250140074 -4.34088282e-08 2.70157287e-08 -1
LGIC_C 264 0.453231389 -0.346281256 0.0250140084 -3.68002179e-08 2.45891393e-08 1
LGIC_C 265 0.214465614 0.0362266888 0.0250139942 -4.96100911e-08 -9.86803575e-09 1
LGIC_C 266 -0.18298641 -0.324077698 0.0250140004 3.95603082e-08 3.05989652e-08 1
LGIC_C 267 -0.313111986 -0.288789961 0.0250140039 1.45571809e-08 5.5602105e-08 1
LGIC_C 268 -0.0635321518 -0.506217991 0.0250140065 -2.90231482e-08 4.96101036e-08 1
LGIC_C 269 -0.103047279 0.652897475 0.025014015 -6.33661298e-09 -4.96100859e-08 1
LGIC_C 271 -0.473339402 -0.434408452 0.0250140114 3.68002489e-08 2.45891179e-08 1
LGIC_C 272 -0.369253092 0.294078844 0.025014005 -4.82586679e-08 1.31306769e-08 -1
LGIC_C 273 0.748102523 -0.171483243 0.02501402 -4.34088182e-08 2.48392526e-08 1
LGIC_C 274 -0.362514372 0.375183866 0.025014006 2.45891128e-08 -3.68002333e-08 1
LGIC_C 275 0.0142969834 -0.52635953 0.0250140093 6.33663526e-09 4.9610097e-08 1
LGIC_C 276 -0.120651724 -0.528147098 0.0250140059 -2.90231482e-08 4.96101036e-08 1
LGIC_C 278 0.308804269 0.270517686 0.0250140013 -3.68002282e-08 -2.45891172e-08 1
LGIC_C 279 0.0789883289 -0.0418803813 0.0250139872 -3.68002179e-08 2.45891393e-08 1
LGIC_C 280 -0.275053101 -0.142773914 0.0250139952 1.45571809e-08 5.5602105e-08 1
LGIC_C 281 0.365153533 0.551799363 0.0250140194 -4.80634192e-08 -3.37890445e-08 1
LGIC_C 282 -0.240435251 -0.446481674 0.0250140064 3.95603082e-08 3.05989652e-08 1
LGIC_C 283 -0.227824193 -0.47664785 0.0250140035 7.55636799e-08 6.2887973e-09 1
LGIC_C 284 0.211292226 -0.759247542 0.025014018 -8.63454093e-09 4.34088369e-08 1
LGIC_C 286 -0.556884665 0.0348314045 0.0250140099 4.96100851e-08 2.90231542e-08 1
LGIC_C 287 -0.0857987561 -0.173665086 0.0250139917 2.45891453e-08 3.68002268e-08 1
LGIC_C 288 0.0705312972 -0.333227156 0.0250139993 6.33663526e-09 4.9610097e-08 1
LGIC_C 289 0.0401073171 -0.0343823459 0.0250139856 -3.68002179e-08 2.45891393e-08 1
LGIC_C 290 -0.342570014 -0.532030964 0.0250140152 2.81018674e-08 4.20574117e-08 1
LGIC_C 291 -0.526224774 0.441410398 0.0250140135 3.68002297e-08 -2.45891157e-08 1
LGIC_C 292 0.442331427 0.469077897 0.0250140154 -2.81018716e-08 -4.20573923e-08 1
LGIC_C 293 -0.676861848 -0.0699433451 0.0250140148 -4.96100919e-08 2.90231703e-08 -1
LGIC_C 295 -0.167401445 0.143208337 0.0250139951 6.28881943e-09 -7.55636452e-08 1
LGIC_C 296 0.495443919 0.268503316 0.0250140116 -4.20574004e-08 -2.81018564e-08 1
LGIC_C 297 0.0418442613 0.351489799 0.0250139989 -8.63455884e-09 -4.34088253e-08 1
LGIC_C 298 0.140560567 -0.495581928 0.0250140092 -9.86804037e-09 4.96101e-08 1
LGIC_C 299 -0.0959146608 -0.303705738 0.0250139993 9.8680833e-09 4.96100963e-08 1
LGIC_C 300 0.412072276 -0.0442297636 0.0250140022 -4.34088182e-08 2.48392526e-08 1
LGIC_C 301 0.09824536 0.390679559 0.0250140011 -8.63455884e-09 -4.34088253e-08 1
LGIC_C 302 0.45888114 0.34245907 0.0250140122 -4.20574004e-08 -2.81018564e-08 1
LGIC_C 303 -0.0514735526 0.342906806 0.0250140008 9.86805557e-09 -4.96100883e-08 1
LGIC_C 304 -0.162396482 0.338999219 0.0250140018 1.31306824e-08 -4.82586643e-08 1
LGIC_C 305 -0.469431038 0.246599666 0.0250140066 3.68002297e-08 -2.45891157e-08 1
LGIC_C 306 0.189599039 0.122682049 0.0250139956 3.37890593e-08 4.80634111e-08 -1
LGIC_C 307 -0.410773544 0.256496486 0.0250140065 -4.82586679e-08 1.31306769e-08 -1
LGIC_C 308 0.616158825 -0.273876184 0.0250140126 -3.68002179e-08 2.45891393e-08 1
LGIC_C 309 0.151048628 0.131760834 0.025013992 -3.68002282e-08 -2.45891172e-08 1
LGIC_C 310 0.127180077 0.787340392 0.0250140185 -8.63455884e-09 -4.34088253e-08 1
LGIC_C 311 0.556283151 0.621780226 0.0250140198 -2.45891309e-08 -3.68002211e-08 1
LGIC_C 312 0.304342064 0.196270151 0.0250140016 -4.20574004e-08 -2.81018564e-08 1
LGIC_C 313 0.662015185 0.348579877 0.0250140162 -3.68002282e-08 -2.45891172e-08 1
LGIC_C 314 -0.289376074 0.523047639 0.0250140096 2.45891128e-08 -3.68002333e-08 1
LGIC_C 315 -0.064518634 0.00510766182 0.0250139865 4.96100897e-08 -9.86805572e-09 1
LGIC_C 318 -0.214721894 -0.368045145 0.0250140006 -5.56021111e-08 -1.45571543e-08 -1
LGIC_C 319 -0.481179813 -0.0589425075 0.0250140026 -4.34088282e-08 2.70157287e-08 -1
LGIC_C 320 0.421805027 0.591431894 0.02501402 -2.81018716e-08 -4.20573923e-08 1
LGIC_C 322 0.540449633 0.237946113 0.0250140124 -4.82586616e-08 -1.31306776e-08 1
LGIC_C 323 -0.332069772 -0.661385511 0.0250140204 2.81018674e-08 4.20574117e-08 1
LGIC_C 324 0.0169180878 0.691271049 0.0250140175 -6.33660387e-09 4.96100877e-08 -1
LGIC_C 325 0.468708497 0.595226981 0.0250140167 -2.45891309e-08 -3.68002211e-08 1
LGIC_C 326 0.16747074 0.699606096 0.0250140169 -6.33660387e-09 4.96100877e-08 -1
LGIC_C 327 -0.320397883 -0.0469073922 0.0250139978 -4.96100919e-08 2.90231703e-08 -1
LGIC_C 328 -0.423527666 0.0108653945 0.0250140019 4.34088279e-08 -2.48392273e-08 1
LGIC_C 329 0.584648793 -0.222950037 0.0250140144 -4.96100859e-08 9.86807898e-09 1
LGIC_C 330 0.343556217 -0.0126335627 0.0250140007 -4.96100802e-08 3.14742968e-08 1
LGIC_C 331 0.226937599 -0.107909604 0.0250139944 -3.05989503e-08 3.95603122e-08 1
LGIC_C 332 -0.0252752095 -0.377011708 0.0250140022 9.8680833e-09 4.96100963e-08 1
LGIC_C 333 0.51225849 0.160935106 0.0250140069 -4.34088272e-08 -8.63453573e-09 1
LGIC_C 334 0.246659756 0.797592295 0.02501402 -8.63455884e-09 -4.34088253e-08 1
LGIC_C 335 0.193709429 0.545960705 0.0250140091 -6.33660387e-09 4.96100877e-08 -1
LGIC_C 336 -0.737343707 0.00492016984 0.0250140154 4.34088279e-08 -2.48392273e-08 1
LGIC_C 337 -0.00291753637 -0.00274034661 0.0250139834 5.39043203e-09 6.47688584e-08 1
LGIC_C 338 -0.207266906 0.33455695 0.0250140007 2.45891128e-08 -3.68002333e-08 1
LGIC_C 339 0.125122562 -0.197577028 0.0250139944 -1.31306721e-08 4.82586744e-08 1
LGIC_C 340 -0.323257103 0.589551824 0.0250140172 2.8101852e-08 -4.20574041e-08 1
LGIC_C 341 -0.0106642882 -0.716747029 0.0250140144 8.63456455e-09 4.34088336e-08 1
LGIC_C 342 -0.827317019 -0.0410085691 0.0250140181 -4.34088282e-08 2.70157287e-08 -1
LGIC_C 343 0.245870586 0.485590424 0.0250140099 1.3130701e-08 4.82586573e-08 -1
LGIC_C 344 -0.115017189 0.0297720105 0.0250139885 5.7878425e-08 4.89846948e-08 1
LGIC_C 346 0.354137347 0.314596444 0.025014004 -3.68002282e-08 -2.45891172e-08 1
LGIC_C 347 0.485566181 -0.131220064 0.0250140086 -4.96100859e-08 9.86807898e-09 1
LGIC_C 349 -0.201239531 -0.52008286 0.0250140032 -2.90231482e-08 4.96101036e-08 1
LGIC_C 350 -0.292247568 0.356934704 0.0250140036 2.45891128e-08 -3.68002333e-08 1
LGIC_C 352 -0.192261461 -0.277873848 0.0250139994 3.95603082e-08 3.05989652e-08 1
LGIC_C 353 -0.317318333 0.162689428 0.0250140012 4.20574045e-08 -2.81018523e-08 1
LGIC_C 354 0.149379162 0.196235808 0.0250139957 -2.81018716e-08 -4.20573923e-08 1
LGIC_C 355 0.0963514431 -0.53819713 0.0250140134 1.00935263e-08 5.7878447e-08 1
LGIC_C 356 0.110368766 0.687505628 0.0250140141 -8.63455884e-09 -4.34088253e-08 1
LGIC_C 357 0.758119937 0.154917955 0.0250140199 -4.96100869e-08 6.3366408e-09 1
LGIC_C 358 0.0651224987 -0.0493620952 0.025013988 -4.90669481e-08 3.27855328e-08 1
LGIC_C 359 -0.236616723 0.226837837 0.0250140019 6.28881943e-09 -7.55636452e-08 1
LGIC_C 360 -0.486556307 0.451112987 0.0250140123 3.68002297e-08 -2.45891157e-08 1
LGIC_C 361 0.57849892 -0.153926435 0.0250140134 -4.96100859e-08 9.86807898e-09 1
LGIC_C 362 -0.408708375 -0.117243929 0.0250140001 -4.96100919e-08 2.90231703e-08 -1
LGIC_C 363 -0.301642503 0.431269109 0.025014008 1.31306824e-08 -4.82586643e-08 1
LGIC_C 365 0.614192919 -0.361214993 0.0250140192 -4.20573976e-08 2.81018683e-08 1
LGIC_C 366 -0.327177304 -0.742171839 0.0250140189 3.95603082e-08 3.05989652e-08 1
LGIC_C 367 0.350566629 -0.0883003434 0.0250140006 -4.34088182e-08 2.48392526e-08 1
LGIC_C 368 -0.123752712 -0.31444295 0.025014 2.48392553e-08 4.34088306e-08 1
LGIC_C 369 -0.135938281 -0.62291516 0.0250140102 -2.90231482e-08 4.96101036e-08 1
LGIC_C 370 -0.371518669 -0.5980008 0.0250140144 2.45891453e-08 3.68002268e-08 1
LGIC_C 371 0.226241061 0.0554964578 0.0250139935 -4.34088272e-08 -8.63453573e-09 1
LGIC_C 372 -0.0657442008 0.423807928 0.0250140022 8.63455111e-09 -4.34088279e-08 1
LGIC_C 373 -0.642287629 0.453683063 0.0250140181 3.68002297e-08 -2.45891157e-08 1
LGIC_C 374 0.0108746249 -0.195904826 0.0250139929 6.33663526e-09 4.9610097e-08 1
LGIC_C 375 0.138608892 -0.642596323 0.025014019 1.00935263e-08 5.7878447e-08 1
LGIC_C 376 0.420923148 0.365742032 0.0250140112 -4.20574004e-08 -2.81018564e-08 1
LGIC_C 377 0.306445081 0.156962429 0.0250139984 -3.68002282e-08 -2.45891172e-08 1
LGIC_C 378 -0.619151312 0.0886201991 0.0250140114 4.96100851e-08 2.90231542e-08 1
LGIC_C 379 -0.0282364586 -0.454541628 0.0250140061 9.8680833e-09 4.96100963e-08 1
LGIC_C 380 0.116924528 0.597999851 0.0250140141 -9.86806672e-09 -4.96100854e-08 1
LGIC_C 381 0.0370059465 0.655414795 0.0250140155 -6.33660387e-09 4.96100877e-08 -1
LGIC_C 382 0.594690833 -0.247046756 0.0250140152 -3.37890406e-08 4.80634332e-08 1
LGIC_C 384 -0.427892412 -0.414841455 0.0250140173 6.28883752e-09 7.55636663e-08 1
LGIC_C 386 0.490085486 -0.468642486 0.0250140128 -3.68002179e-08 2.45891393e-08 1
LGIC_C 387 0.575500726 -0.252202287 0.0250140148 -3.37890406e-08 4.80634332e-08 1
LGIC_C 388 -0.028162361 0.398907438 0.0250140033 9.86805557e-09 -4.96100883e-08 1
LGIC_C 390 0.57038896 -0.0105561839 0.0250140082 -4.34088182e-08 2.48392526e-08 1
LGIC_C 392 -0.216210232 -0.579812704 0.0250140057 -2.90231482e-08 4.96101036e-08 1
LGIC_C 393 -0.025628544 -0.321024093 0.0250139974 8.63456455e-09 4.34088336e-08 1
LGIC_C 395 0.363816476 0.437759559 0.0250140092 1.3130701e-08 4.82586573e-08 -1
LGIC_C 396 0.28555159 0.413278131 0.025014007 1.3130701e-08 4.82586573e-08 -1
LGIC_C 397 -0.687342711 0.265792968 0.0250140154 4.34088259e-08 -8.63455061e-09 1
LGIC_C 398 -0.576720251 0.238935198 0.0250140142 3.37890593e-08 -4.80634052e-08 1
LGIC_C 399 0.617082705 -0.170462052 0.0250140192 -4.96100802e-08 3.14742968e-08 1
NT 4655 -0.0766636442 -0.545481202 0.0408807866 0 0 0
NT 5995 -0.148154969 -0.196521417 0.0415399149 0 0 0
NT 6319 0.24578313 0.218065448 0.0358072962 0 0 0
NT 6370 -0.692417253 -0.450626746 0.0359950887 0 0 0
NT 6509 0.679003952 -0.185653415 0.0362274088 0 0 0
NT 7181 -3.48314154 -0.676500127 -0.600685279 0 0 0
NT 7817 -0.414416063 1.6798775 -0.286033072 0 0 0
LGIC_O 4402 -0.0345878633 0.265675272 0.025013999 1.15127271e-08 -5.78784352e-08 1
LGIC_O 4401 -0.1840676 0.0972239463 0.0250139942 3.37890593e-08 -4.80634052e-08 1
LGIC_O 4400 -0.175025146 0.0137516014 0.0250139927 5.7878425e-08 4.89846948e-08 1
LGIC_O 8441 0.636913646 -0.12672076 0.0250140188 -4.96100802e-08 3.14742968e-08 1
LGIC_O 8440 0.314831804 -0.521242477 0.0250140191 -3.27854948e-08 4.90669785e-08 1
LGIC_O 8439 0.567487089 -0.204519113 0.0250140184 -5.78784275e-08 1.15127558e-08 1
LGIC_O 8438 -0.495463838 -0.478991786 0.0250140171 1.45571809e-08 5.5602105e-08 1
LGIC_O 8437 -0.0865332912 0.0753896135 0.0250139898 3.37890593e-08 -4.80634052e-08 1
LGIC_O 8436 0.281965125 0.349247805 0.0250140096 -3.27855134e-08 -4.90669575e-08 1
LGIC_O 8435 -0.281577291 0.489075666 0.0250140165 3.27854968e-08 -4.90669676e-08 1
LGIC_O 8434 -0.605092982 -0.110313414 0.0250140129 5.7878436e-08 -4.89847332e-08 1
LGIC_O 8433 0.701586212 -0.0117142491 0.0250140184 -4.96100802e-08 3.14742968e-08 1
LGIC_O 8432 0.426050556 0.664856809 0.0250140182 -2.45891309e-08 -3.68002211e-08 1
LGIC_O 8431 -0.53569519 -0.176489801 0.025014008 4.34088238e-08 8.63459484e-09 1
LGIC_O 8430 -0.206044735 -0.180448528 0.0250139982 6.28883752e-09 7.55636663e-08 1
LGIC_O 8429 0.342033035 -0.34268384 0.0250140113 -3.27854948e-08 4.90669785e-08 1
LGIC_O 8428 0.576112066 -0.314703408 0.0250140178 -3.37890406e-08 4.80634332e-08 1
LGIC_O 8427 0.236726308 -0.318077646 0.0250140066 -3.27854948e-08 4.90669785e-08 1
LGIC_O 8426 -0.0976488914 -0.110862836 0.0250139913 7.55636799e-08 6.2887973e-09 1
LGIC_O 8425 0.534646383 -0.195059479 0.0250140164 -5.78784275e-08 1.15127558e-08 1
LGIC_O 8424 0.219544679 -0.315091025 0.0250140059 -3.27854948e-08 4.90669785e-08 1
LGIC_O 8423 -0.608846757 -0.593779315 0.0250140203 3.68002489e-08 2.45891179e-08 1
LGIC_O 8422 0.564815598 -0.372450199 0.0250140202 -3.37890406e-08 4.80634332e-08 1
LGIC_O 8421 0.550750457 0.0902902064 0.0250140162 -5.78784335e-08 -1.15127284e-08 1
LGIC_O 8420 0.175418091 0.0610257495 0.0250139941 -5.78784335e-08 -1.15127284e-08 1
LGIC_O 8419 0.142777714 0.100831833 0.0250139936 -4.90669739e-08 -3.27854893e-08 1
LGIC_O 4418 0.0575220985 -0.190210297 0.0250139949 -1.15127059e-08 5.78784511e-08 1
LGIC_O 4417 -0.118754336 -0.170834128 0.0250139938 2.81018674e-08 4.20574117e-08 1
LGIC_O 4416 0.593239316 0.0786534269 0.0250140185 -5.78784335e-08 -1.15127284e-08 1
LGIC_O 4415 0.0853954366 -0.420999761 0.0250140086 -1.15127059e-08 5.78784511e-08 1
LGIC_O 4414 -0.374457097 -0.228026162 0.0250140026 3.68002489e-08 2.45891179e-08 1
LGIC_O 4413 0.577482781 -0.285169834 0.0250140164 -3.37890406e-08 4.80634332e-08 1
LGIC_O 4412 -0.484325859 0.306166979 0.0250140144 3.37890593e-08 -4.80634052e-08 1
LGIC_O 4411 0.44777829 -0.0963194904 0.0250140103 -5.78784275e-08 1.15127558e-08 1
LGIC_O 4410 0.28281874 -0.503567977 0.0250140172 -3.27854948e-08 4.90669785e-08 1
LGIC_O 4409 -0.116204576 -0.152585731 0.025013993 7.55636799e-08 6.2887973e-09 1
LGIC_O 4408 -0.333519821 0.289166147 0.0250140084 3.37890593e-08 -4.80634052e-08 1
LGIC_O 4407 -0.148720782 -0.636306108 0.0250140163 9.8680833e-09 4.96100963e-08 1
LGIC_O 4406 0.336173082 -0.328141715 0.0250140105 -4.90669481e-08 3.27855328e-08 1
LGIC_O 4405 -0.249510429 -0.168914007 0.0250139976 6.28883752e-09 7.55636663e-08 1
LGIC_O 4404 0.0811982327 0.141649416 0.0250139929 -3.27855134e-08 -4.90669575e-08 1
LGIC_O 4403 0.0533120499 -0.19689515 0.0250139952 -1.15127059e-08 5.78784511e-08 1
