LGIC_C 0 0.450371592 0.211153471 0.0250140081 -4.20574004e-08 -2.81018564e-08 1
LGIC_C 1 -0.242849968 0.0649320886 0.0250139944 4.34088259e-08 -8.63455061e-09 1
LGIC_C 2 -0.55623247 0.109989239 0.0250140119 4.96100897e-08 -9.86805572e-09 1
LGIC_C 3 0.268163741 -0.697401055 0.0250140205 -9.86804037e-09 4.96101e-08 1
LGIC_C 4 -0.466531855 -0.224011219 0.0250140031 6.28883752e-09 7.55636663e-08 1
LGIC_C 5 0.0984411735 -0.584026322 0.025014016 1.00935263e-08 5.7878447e-08 1
LGIC_C 6 -0.301895484 0.481756358 0.0250140148 1.28239438e-08 -5.73353116e-08 1
LGIC_C 7 -0.714710945 0.447123772 0.0103022655 -0.827617296 0.552995934 0.0961514895
LGIC_C 8 -0.136367676 0.2886307 0.0250139972 2.45891128e-08 -3.68002333e-08 1
LGIC_C 9 -0.411748687 -0.283134609 0.0250140072 6.28883752e-09 7.55636663e-08 1
LGIC_C 10 -0.349201174 -0.61128083 0.0250140158 3.95603082e-08 3.05989652e-08 1
LGIC_C 11 0.140659038 0.547761023 0.0250140096 -6.33660387e-09 4.96100877e-08 -1
LGIC_C 12 0.396657991 0.227234905 0.0250140102 -4.90669739e-08 -3.27854893e-08 1
LGIC_C 13 0.723614888 -0.110175198 0.0250140202 -4.96100859e-08 9.86807898e-09 1
LGIC_C 14 0.694986302 0.229057874 0.0250140163 -4.96100869e-08 6.3366408e-09 1
LGIC_C 15 -0.477940255 -0.356127463 0.0250140089 5.39043203e-09 6.47688584e-08 1
LGIC_C 16 0.644941994 -0.0958338451 0.0250140162 -4.96100859e-08 9.86807898e-09 1
LGIC_C 17 -0.572227591 0.383432131 0.0250140159 -4.82586679e-08 1.31306769e-08 -1
LGIC_C 18 0.321986718 -0.489194338 0.0250140128 -2.81018481e-08 4.20574137e-08 1
LGIC_C 21 -0.0377120433 -0.233491153 0.0250139937 -2.90231482e-08 4.96101036e-08 1
LGIC_C 22 0.224036953 0.624109962 0.0250140164 -9.86806672e-09 -4.96100854e-08 1
LGIC_C 23 -0.51390051 0.443678217 0.0250140131 3.68002297e-08 -2.45891157e-08 1
LGIC_C 24 0.142242665 0.430769724 0.025014006 -9.86806672e-09 -4.96100854e-08 1
LGIC_C 25 0.357128938 -0.0542114411 0.0250139992 -4.34088226e-08 8.63456802e-09 1
LGIC_C 27 -0.27981453 0.54320148 0.0250140191 3.27854968e-08 -4.90669676e-08 1
LGIC_C 28 0.687096568 0.146010934 0.0250140143 -4.34088272e-08 -8.63453573e-09 1
LGIC_C 30 0.696179689 0.134143077 0.0250140169 -4.96100869e-08 6.3366408e-09 1
LGIC_C 31 -0.412169393 -0.422361491 0.0250140125 3.95603082e-08 3.05989652e-08 1
LGIC_C 32 0.0611121888 0.112637289 0.0250139895 1.3130701e-08 4.82586573e-08 -1
LGIC_C 33 -0.0130580047 0.631460733 0.0250140108 8.63455111e-09 -4.34088279e-08 1
LGIC_C 35 -0.147637165 -0.472911381 0.0250140024 -2.90231482e-08 4.96101036e-08 1
LGIC_C 36 0.470601208 -0.591017229 0.0250140166 -2.45891087e-08 3.68002429e-08 1
LGIC_C 37 0.0997536539 0.762790168 0.0250140172 -8.63455884e-09 -4.34088253e-08 1
LGIC_C 38 0.769703119 -0.336048622 0.0250140201 -3.05989503e-08 3.95603122e-08 1
LGIC_C 39 0.703668221 0.246491074 0.0250140159 -4.34088272e-08 -8.63453573e-09 1
LGIC_C 40 -0.672321837 0.0163948259 0.0250140129 4.34088279e-08 -2.48392273e-08 1
LGIC_C 41 -0.551128213 0.625467076 0.0250140198 2.45891128e-08 -3.68002333e-08 1
LGIC_C 42 -0.268491778 -0.69981072 0.0250140159 8.63456455e-09 4.34088336e-08 1
LGIC_C 43 -0.57544157 -0.463608046 0.025014013 1.15916899e-08 4.97976879e-08 1
LGIC_C 44 0.292839111 0.516205264 0.025014012 1.3130701e-08 4.82586573e-08 -1
LGIC_C 45 0.00725782691 -0.171388892 0.0250139917 6.33663526e-09 4.9610097e-08 1
LGIC_C 46 -0.24188507 -0.206937642 0.0250139979 5.39043203e-09 6.47688584e-08 1
LGIC_C 47 0.549100209 -0.1865346 0.0250140172 -5.78784275e-08 1.15127558e-08 1
LGIC_C 48 -0.0992752966 -0.418424017 0.0250140023 8.63456455e-09 4.34088336e-08 1
LGIC_C 51 -0.575582838 -0.0154407676 0.0250140078 -4.34088282e-08 2.70157287e-08 -1
LGIC_C 52 0.658234911 -0.187355304 0.0250140165 -4.34088182e-08 2.48392526e-08 1
LGIC_C 53 0.405160086 -0.105920928 0.0250140034 -4.34088182e-08 2.48392526e-08 1
LGIC_C 54 -0.0201422465 -0.213405988 0.0250139946 -4.89847109e-08 5.78784581e-08 1
LGIC_C 55 0.42168919 0.520171642 0.0250140139 1.3130701e-08 4.82586573e-08 -1
LGIC_C 56 -0.1711662 -0.243026405 0.0250139963 -5.56021111e-08 -1.45571543e-08 -1
LGIC_C 57 -0.0877190137 0.424146224 0.0250140071 -3.14742797e-08 4.96100914e-08 -1
LGIC_C 58 0.483508663 -0.117633844 0.0250140071 -4.34088182e-08 2.48392526e-08 1
LGIC_C 59 -0.366718809 -0.181666637 0.0250139987 1.45571809e-08 5.5602105e-08 1
LGIC_C 60 0.124258897 0.53083355 0.0250140135 -3.14742949e-08 -4.96100822e-08 1
LGIC_C 61 -0.42697811 0.327872216 0.0250140104 4.20574045e-08 -2.81018523e-08 1
LGIC_C 62 -0.0371355909 0.379704229 0.0250140033 -3.14742797e-08 4.96100914e-08 -1
LGIC_C 63 0.268098446 -0.0191465608 0.0250139967 -4.96100859e-08 9.86807898e-09 1
LGIC_C 64 -0.241691579 0.0340296936 0.0250139956 5.7878425e-08 4.89846948e-08 1
LGIC_C 65 0.0105194989 0.371261755 0.0250140016 -6.33660387e-09 4.96100877e-08 -1
LGIC_C 66 -0.21514286 -0.367064917 0.025014002 2.45891453e-08 3.68002268e-08 1
LGIC_C 67 -0.450321316 0.423238123 0.0250140181 6.28881943e-09 -7.55636452e-08 1
LGIC_C 68 -0.689002767 -0.136089717 0.0250140095 -4.34088282e-08 2.70157287e-08 -1
LGIC_C 69 -0.640576349 -0.283613181 0.0250140138 3.68002489e-08 2.45891179e-08 1
LGIC_C 70 -0.0482732092 0.37969327 0.0250140002 8.63455111e-09 -4.34088279e-08 1
LGIC_C 72 0.103363142 0.4052151 0.0250140017 -8.63455884e-09 -4.34088253e-08 1
LGIC_C 73 -0.0523975809 0.0243197253 0.0250139862 4.20574045e-08 -2.81018523e-08 1
LGIC_C 74 0.550492764 0.472509476 0.025014016 -4.82586616e-08 -1.31306776e-08 1
LGIC_C 75 0.4976564 -0.57293733 0.0250140166 -2.45891087e-08 3.68002429e-08 1
LGIC_C 76 -0.717606193 0.047621874 0.0250140175 4.96100851e-08 2.90231542e-08 1
LGIC_C 77 0.35504088 -0.253626085 0.0250140041 -3.05989503e-08 3.95603122e-08 1
LGIC_C 79 -0.615295932 -0.279398097 0.0250140043 1.15916899e-08 4.97976879e-08 1
LGIC_C 80 0.735393932 0.0233701077 0.0250140154 -4.34088272e-08 -8.63453573e-09 1
LGIC_C 81 0.0812362619 0.632239986 0.0250140141 -6.33660387e-09 4.96100877e-08 -1
LGIC_C 82 0.458903917 -0.300894348 0.0250140092 -3.05989503e-08 3.95603122e-08 1
LGIC_C 83 -0.364977113 0.227056323 0.0250140039 -4.82586679e-08 1.31306769e-08 -1
LGIC_C 84 0.220581225 0.522588478 0.0250140114 1.3130701e-08 4.82586573e-08 -1
LGIC_C 85 -0.0310518414 0.0484648522 0.0250139864 1.28239438e-08 -5.73353116e-08 1
LGIC_C 87 -0.315710976 -0.217202463 0.0250139999 1.45571809e-08 5.5602105e-08 1
LGIC_C 88 -0.517145597 -0.446595667 0.0250140115 1.15916899e-08 4.97976879e-08 1
LGIC_C 89 0.216836307 -0.515981143 0.025014011 -1.31306721e-08 4.82586744e-08 1
LGIC_C 90 -0.371605176 -0.334193185 0.0250140072 1.45571809e-08 5.5602105e-08 1
LGIC_C 91 0.171661544 0.829140081 -0.0292323735 0.194186548 0.976240951 0.0961519121
LGIC_C 92 0.199664945 -0.754257196 0.0250140194 6.33663526e-09 4.9610097e-08 1
LGIC_C 93 -0.0149572253 0.548539095 0.0250140104 -6.33661298e-09 -4.96100859e-08 1
LGIC_C 94 0.185265292 -0.0171890991 0.025013993 -4.96100802e-08 3.14742968e-08 1
LGIC_C 95 -0.314030966 -0.447821395 0.0250140072 -5.56021111e-08 -1.45571543e-08 -1
LGIC_C 96 0.277342674 -0.0716285697 0.0250139977 -4.96100859e-08 9.86807898e-09 1
LGIC_C 97 -0.401580394 0.0519387976 0.0250140017 4.96100851e-08 2.90231542e-08 1
LGIC_C 98 -0.304824475 -0.601908007 0.0250140137 3.95603082e-08 3.05989652e-08 1
LGIC_C 99 0.217575277 -0.0386956527 0.0250139952 -4.96100802e-08 3.14742968e-08 1
LGIC_C 100 -0.406919183 -0.450617907 0.0250140098 2.45891453e-08 3.68002268e-08 1
LGIC_C 101 -0.349780393 0.0378734849 0.025014001 4.96100897e-08 -9.86805572e-09 1
LGIC_C 102 -0.395839863 0.434732154 0.0250140133 1.28239438e-08 -5.73353116e-08 1
LGIC_C 103 -0.455956269 -0.0147827993 0.0250140027 -4.34088282e-08 2.70157287e-08 -1
LGIC_C 104 0.564234758 -0.19315161 0.0250140131 -4.96100859e-08 9.86807898e-09 1
LGIC_C 105 -0.281547403 0.109210437 0.0250139982 4.34088279e-08 -2.48392273e-08 1
LGIC_C 106 -0.245392921 0.762476197 0.0250140185 8.63455111e-09 -4.34088279e-08 1
LGIC_C 107 -0.668883751 -0.237778421 0.0250140144 4.34088238e-08 8.63459484e-09 1
LGIC_C 108 -0.0424243869 -0.49846397 0.0250140059 2.48392553e-08 4.34088306e-08 1
LGIC_C 110 -0.28145666 -0.763158225 0.0250140188 8.63456455e-09 4.34088336e-08 1
LGIC_C 111 -0.495255099 -0.104154082 0.0250140048 -4.96100919e-08 2.90231703e-08 -1
LGIC_C 112 0.662626121 -0.0664050682 0.0250140182 -4.96100802e-08 3.14742968e-08 1
LGIC_C 113 -0.0632838164 -0.68933726 0.0250140147 2.48392553e-08 4.34088306e-08 1
LGIC_C 114 -0.361549171 0.391874629 0.0250140104 1.28239438e-08 -5.73353116e-08 1
LGIC_C 115 0.455606961 -0.388654938 0.0250140125 -3.05989503e-08 3.95603122e-08 1
LGIC_C 116 0.117204869 -0.481926936 0.0250140099 1.00935263e-08 5.7878447e-08 1
LGIC_C 117 -0.196374261 -0.0601933855 0.0250139905 4.96100935e-08 -4.19869172e-08 1
LGIC_C 118 -0.338812953 -0.341145671 0.0250140071 -5.56021111e-08 -1.45571543e-08 -1
LGIC_C 119 0.114223239 0.473962253 0.0250140079 -9.86806672e-09 -4.96100854e-08 1
LGIC_C 120 0.0298726042 0.504921501 0.0250140081 -6.33660387e-09 4.96100877e-08 -1
LGIC_C 121 -0.504220073 -0.449556547 0.0250140115 1.15916899e-08 4.97976879e-08 1
LGIC_C 122 0.63624825 -0.408588791 0.0250140167 -3.68002179e-08 2.45891393e-08 1
LGIC_C 124 0.588437622 -0.501193683 0.0250140172 -3.68002179e-08 2.45891393e-08 1
LGIC_C 125 0.107763979 -0.173188052 0.025013993 -1.31306721e-08 4.82586744e-08 1
LGIC_C 126 0.610664727 -0.377888981 0.0250140169 -3.05989503e-08 3.95603122e-08 1
LGIC_C 127 0.194064496 -0.24639708 0.0250139977 -1.31306721e-08 4.82586744e-08 1
LGIC_C 128 0.225678243 -0.268526785 0.0250139987 -2.45891087e-08 3.68002429e-08 1
LGIC_C 129 0.463459587 -0.0638957624 0.0250140039 -4.34088226e-08 8.63456802e-09 1
LGIC_C 130 -0.516184232 0.209891818 0.0250140075 4.34088259e-08 -8.63455061e-09 1
LGIC_C 131 0.403584287 0.160987041 0.0250140084 -5.78784335e-08 -1.15127284e-08 1
LGIC_C 132 -0.152330905 0.0481439925 0.0250139897 5.7878425e-08 4.89846948e-08 1
LGIC_C 133 -0.583239591 -0.066819141 0.0250140092 4.34088238e-08 8.63459484e-09 1
LGIC_C 134 0.215312361 -0.622656296 0.0250140121 -8.63454093e-09 4.34088369e-08 1
LGIC_C 135 -0.242705351 -0.24108775 0.025014003 6.28883752e-09 7.55636663e-08 1
LGIC_C 136 0.424367437 -0.355667589 0.0250140076 -3.68002179e-08 2.45891393e-08 1
LGIC_C 137 0.368877686 -0.40670125 0.0250140077 -1.31306721e-08 4.82586744e-08 1
LGIC_C 138 -0.685330028 -0.231478457 0.0250140076 4.96100935e-08 -4.19869172e-08 1
LGIC_C 139 0.163027303 -0.0122197318 0.0250139917 -4.96100802e-08 3.14742968e-08 1
LGIC_C 140 0.53697561 0.566398931 0.0250140173 -2.45891309e-08 -3.68002211e-08 1
LGIC_C 141 0.445481527 0.106225775 0.0250140035 -4.34088272e-08 -8.63453573e-09 1
LGIC_C 142 -0.426434209 -0.582433592 0.0250140179 3.95603082e-08 3.05989652e-08 1
LGIC_C 144 -0.471308063 -0.47762906 0.0250140164 -5.56021111e-08 -1.45571543e-08 -1
LGIC_C 145 0.227884293 -0.000307313034 0.0250139945 -4.96100869e-08 6.3366408e-09 1
LGIC_C 146 0.076916792 0.551242628 0.0250140114 -9.86806672e-09 -4.96100854e-08 1
LGIC_C 147 -0.361134956 -0.346249107 0.0250140047 1.15916899e-08 4.97976879e-08 1
LGIC_C 149 0.501874634 0.471781412 0.0250140133 -3.68002282e-08 -2.45891172e-08 1
LGIC_C 150 0.384524066 0.152809205 0.0250140013 -4.96100869e-08 6.3366408e-09 1
LGIC_C 151 -0.118046042 -0.713486932 0.0250140152 8.63456455e-09 4.34088336e-08 1
LGIC_C 152 0.289796954 0.516693456 0.025014012 1.3130701e-08 4.82586573e-08 -1
LGIC_C 153 0.14452618 -0.197938773 0.0250139964 -1.28239349e-08 5.73353226e-08 1
LGIC_C 154 0.126221954 0.429922091 0.0250140058 -9.86806672e-09 -4.96100854e-08 1
LGIC_C 155 -0.500437589 0.119025035 0.025014006 4.34088259e-08 -8.63455061e-09 1
LGIC_C 156 -0.251523118 0.0329046166 0.0250139945 4.34088259e-08 -8.63455061e-09 1
LGIC_C 157 -0.438679806 0.239017921 0.0250140041 6.28881943e-09 -7.55636452e-08 1
LGIC_C 158 0.358315231 0.151757375 0.0250140026 -4.20574004e-08 -2.81018564e-08 1
LGIC_C 159 0.787422775 0.108445898 0.0250140184 -4.34088272e-08 -8.63453573e-09 1
LGIC_C 160 -0.323146964 -0.108356336 0.0250139944 -4.34088282e-08 2.70157287e-08 -1
LGIC_C 161 -0.370212715 0.00491389982 0.0250140017 4.96100897e-08 -9.86805572e-09 1
LGIC_C 162 0.451169026 0.0779395216 0.0250140064 -4.96100911e-08 -9.86803575e-09 1
LGIC_C 163 0.308487898 -0.218572772 0.0250140023 -4.20573976e-08 2.81018683e-08 1
LGIC_C 164 0.283043115 -0.592977866 0.0250140156 -1.31306721e-08 4.82586744e-08 1
LGIC_C 165 -0.354583019 0.00581119391 0.0250140007 4.96100851e-08 2.90231542e-08 1
LGIC_C 166 -0.126023901 -0.684031108 0.0250140161 2.48392553e-08 4.34088306e-08 1
LGIC_C 167 -0.558168077 0.540429819 0.0250140171 3.68002297e-08 -2.45891157e-08 1
LGIC_C 168 -0.472773248 -0.263566365 0.0250140029 5.39043203e-09 6.47688584e-08 1
LGIC_C 169 0.673052399 -0.520872205 -0.0459672656 0.827616944 -0.552996408 0.0961517878
LGIC_C 171 -0.219190601 0.359409473 0.0250140067 1.28239438e-08 -5.73353116e-08 1
LGIC_C 172 0.260231785 0.121501691 0.0250139976 -4.20574004e-08 -2.81018564e-08 1
LGIC_C 173 0.688911952 0.340709565 0.025014017 -3.68002282e-08 -2.45891172e-08 1
LGIC_C 174 -0.101826968 -0.511204996 0.025014008 2.48392553e-08 4.34088306e-08 1
LGIC_C 175 0.415607298 -0.339343158 0.0250140136 -3.37890406e-08 4.80634332e-08 1
LGIC_C 177 0.307006702 0.340901956 0.0250140062 -2.81018716e-08 -4.20573923e-08 1
LGIC_C 178 0.112643878 -0.602234772 0.0250140124 6.33663526e-09 4.9610097e-08 1
LGIC_C 180 -0.117719939 0.234257171 0.0250139964 2.8101852e-08 -4.20574041e-08 1
LGIC_C 181 -0.655501507 -0.3168095 0.0250140073 5.39043203e-09 6.47688584e-08 1
LGIC_C 183 0.663506847 0.303956442 0.0250140192 -4.82586616e-08 -1.31306776e-08 1
LGIC_C 184 0.688614348 -0.0647990425 0.0250140147 -4.34088182e-08 2.48392526e-08 1
LGIC_C 185 0.375207523 -0.228201095 0.0250140037 -3.05989503e-08 3.95603122e-08 1
LGIC_C 186 -0.608105008 -0.291007992 0.0250140054 5.39043203e-09 6.47688584e-08 1
LGIC_C 188 -0.773248887 0.0813981033 0.0250140175 4.34088259e-08 -8.63455061e-09 1
LGIC_C 189 -0.557130915 0.298850457 0.0250140151 4.20574045e-08 -2.81018523e-08 1
LGIC_C 190 0.332536556 -0.675922514 0.0250140163 -2.45891087e-08 3.68002429e-08 1
LGIC_C 191 -0.450584979 -0.280025528 0.0250140038 5.39043203e-09 6.47688584e-08 1
LGIC_C 192 -0.268207141 0.100961893 0.0250139958 4.34088259e-08 -8.63455061e-09 1
LGIC_C 193 0.221878894 0.0589099599 0.0250139948 -4.96100911e-08 -9.86803575e-09 1
LGIC_C 194 -0.757559619 0.350227395 0.0250140198 3.68002297e-08 -2.45891157e-08 1
LGIC_C 195 0.401215967 0.402061364 0.0250140114 -2.81018716e-08 -4.20573923e-08 1
LGIC_C 196 0.699828772 0.35605625 0.0250140178 -3.68002282e-08 -2.45891172e-08 1
LGIC_C 197 -0.236874311 -0.561692054 0.0250140097 2.45891453e-08 3.68002268e-08 1
LGIC_C 198 0.501233072 -0.0571871707 0.0250140055 -4.34088226e-08 8.63456802e-09 1
LGIC_C 199 0.662395636 0.239630498 0.0250140146 -4.96100869e-08 6.3366408e-09 1
LGIC_C 200 0.713138422 -0.320760173 0.0250140174 -3.68002179e-08 2.45891393e-08 1
LGIC_C 201 0.232956576 0.146277296 0.0250139972 -4.20574004e-08 -2.81018564e-08 1
LGIC_C 202 0.000690852159 -0.359438245 0.0250140011 6.33663526e-09 4.9610097e-08 1
LGIC_C 203 -0.146775493 -0.00118226558 0.0250139905 4.96100935e-08 -4.19869172e-08 1
LGIC_C 204 -0.410972024 0.576839619 0.0250140191 2.8101852e-08 -4.20574041e-08 1
LGIC_C 205 -0.0903473724 0.263755752 0.0250139972 9.86805557e-09 -4.96100883e-08 1
LGIC_C 206 0.671610712 -0.368464167 0.025014017 -3.68002179e-08 2.45891393e-08 1
LGIC_C 207 -0.135379288 -0.492861568 0.0250140051 -4.89847109e-08 5.78784581e-08 1
LGIC_C 208 -0.460166745 0.410071352 0.0250140109 -4.82586679e-08 1.31306769e-08 -1
LGIC_C 209 -0.0310460622 -0.00648675285 0.0250139878 -1.38908242e-07 -2.76307273e-08 -1
LGIC_C 210 0.122386342 0.27987231 0.025014001 -3.27855134e-08 -4.90669575e-08 1
LGIC_C 212 -0.386316368 -0.560491844 0.0250140129 -5.56021111e-08 -1.45571543e-08 -1
LGIC_C 213 0.335203858 -0.392103733 0.0250140091 -2.81018481e-08 4.20574137e-08 1
LGIC_C 214 0.448511597 -0.109063237 0.0250140036 -4.34088226e-08 8.63456802e-09 1
LGIC_C 215 -0.515943441 -0.0292587701 0.0250140059 4.34088238e-08 8.63459484e-09 1
LGIC_C 216 0.143684511 -0.212968309 0.0250139954 -1.31306721e-08 4.82586744e-08 1
LGIC_C 217 0.440196966 -0.354404526 0.0250140151 -3.37890406e-08 4.80634332e-08 1
LGIC_C 218 -0.271142976 0.488324215 0.0250140104 1.31306824e-08 -4.82586643e-08 1
LGIC_C 219 -0.26724992 -0.441136368 0.0250140073 3.95603082e-08 3.05989652e-08 1
LGIC_C 220 -0.731137983 -0.308670324 0.0250140178 3.68002489e-08 2.45891179e-08 1
LGIC_C 221 0.65770897 -0.43346816 0.0250140181 -3.68002179e-08 2.45891393e-08 1
LGIC_C 222 -0.518951268 -0.198862617 0.0250140032 -4.96100919e-08 2.90231703e-08 -1
LGIC_C 223 0.225482981 0.387123951 0.0250140072 -4.80634192e-08 -3.37890445e-08 1
LGIC_C 224 -0.372446823 0.0349787529 0.0250140007 4.96100851e-08 2.90231542e-08 1
LGIC_C 225 0.199351432 -0.677309183 0.0250140144 -8.63454093e-09 4.34088369e-08 1
LGIC_C 226 0.369372733 -0.165351731 0.0250140009 -3.68002179e-08 2.45891393e-08 1
LGIC_C 227 -0.166707643 0.487736868 0.0250140059 8.63455111e-09 -4.34088279e-08 1
LGIC_C 228 0.260409388 -0.296939291 0.025014001 -1.31306721e-08 4.82586744e-08 1
LGIC_C 229 -0.559103404 -0.0641133052 0.0250140081 4.34088238e-08 8.63459484e-09 1
LGIC_C 230 -0.679409276 -0.163573609 0.0250140083 -4.34088282e-08 2.70157287e-08 -1
LGIC_C 231 0.543516749 0.266925463 0.0250140136 -4.20574004e-08 -2.81018564e-08 1
LGIC_C 232 -0.355589991 0.77752721 -0.0038826944 -0.552995842 0.827617335 0.0961516821
LGIC_C 233 0.308180113 0.243868418 0.0250140013 -4.82586616e-08 -1.31306776e-08 1
LGIC_C 234 0.0130377918 -0.439071641 0.0250140024 -8.63454093e-09 4.34088369e-08 1
LGIC_C 235 0.370704078 0.458204492 0.0250140129 -2.81018716e-08 -4.20573923e-08 1
LGIC_C 236 0.270590089 -0.00297148926 0.025013995 -4.34088182e-08 2.48392526e-08 1
LGIC_C 239 0.501221485 -0.229665818 0.0250140108 -4.20573976e-08 2.81018683e-08 1
LGIC_C 240 0.152124639 -0.24679453 0.0250139993 -1.28239349e-08 5.73353226e-08 1
LGIC_C 241 -0.187557768 0.196008412 0.0250139968 2.8101852e-08 -4.20574041e-08 1
LGIC_C 242 0.593587535 -0.307693879 0.0250140181 -3.37890406e-08 4.80634332e-08 1
LGIC_C 243 -0.653287335 0.267117272 0.0250140183 4.96100897e-08 -9.86805572e-09 1
LGIC_C 246 0.373467059 0.401750176 0.0250140072 -2.45891309e-08 -3.68002211e-08 1
LGIC_C 247 -0.479661664 0.635463685 0.0250140184 2.45891128e-08 -3.68002333e-08 1
LGIC_C 248 0.097148026 -0.0537273426 0.0250139881 -3.68002179e-08 2.45891393e-08 1
LGIC_C 249 0.517004001 -0.056444173 0.0250140106 -4.96100802e-08 3.14742968e-08 1
LGIC_C 250 0.252962571 0.532785284 0.0250140134 -4.80634192e-08 -3.37890445e-08 1
LGIC_C 251 0.00869948599 0.569559261 0.0250140115 -6.33660387e-09 4.96100877e-08 -1
LGIC_C 252 0.194978504 0.51137319 0.0250140148 -3.14742949e-08 -4.96100822e-08 1
LGIC_C 253 0.533167131 0.285089444 0.0250140127 -4.82586616e-08 -1.31306776e-08 1
LGIC_C 255 -0.699993299 -0.112485116 0.0250140106 -4.34088282e-08 2.70157287e-08 -1
LGIC_C 256 -0.301811087 0.577711323 0.025014012 2.45891128e-08 -3.68002333e-08 1
LGIC_C 257 0.283035903 0.306866812 0.0250140015 -2.45891309e-08 -3.68002211e-08 1
LGIC_C 258 -0.306599537 0.605302262 0.0250140131 2.45891128e-08 -3.68002333e-08 1
LGIC_C 260 -0.0360836917 -0.603619941 0.0250140135 9.8680833e-09 4.96100963e-08 1
LGIC_C 261 0.082086343 0.639091371 0.0250140117 -8.63455884e-09 -4.34088253e-08 1
LGIC_C 262 -0.339968086 0.375473161 0.0250140059 1.31306824e-08 -4.82586643e-08 1
LGIC_C 263 -0.663207337 -0.153327514 0.0250140079 -4.34088282e-08 2.70157287e-08 -1
LGIC_C 264 0.396040767 -0.382948617 0.0250140072 -3.68002179e-08 2.45891393e-08 1
LGIC_C 265 0.20104267 -0.0127836215 0.025013995 -5.78784275e-08 1.15127558e-08 1
LGIC_C 266 -0.175183469 -0.35717727 0.0250140011 3.95603082e-08 3.05989652e-08 1
LGIC_C 267 -0.307799335 -0.251595117 0.0250140017 1.45571809e-08 5.5602105e-08 1
LGIC_C 268 -0.0420145045 -0.516712907 0.0250140076 -2.90231482e-08 4.96101036e-08 1
LGIC_C 269 -0.0862142233 0.593819162 0.0250140122 -6.33661298e-09 -4.96100859e-08 1
LGIC_C 271 -0.507086703 -0.406241578 0.0250140119 3.68002489e-08 2.45891179e-08 1
LGIC_C 272 -0.330132116 0.267143286 0.0250140027 -4.82586679e-08 1.31306769e-08 -1
LGIC_C 273 0.716614182 -0.188557219 0.025014019 -4.34088182e-08 2.48392526e-08 1
LGIC_C 274 -0.309966188 0.428663851 0.0250140067 2.45891128e-08 -3.68002333e-08 1
LGIC_C 275 0.00863546057 -0.50116988 0.025014008 6.33663526e-09 4.9610097e-08 1
LGIC_C 276 -0.128005147 -0.432575964 0.025014001 -2.90231482e-08 4.96101036e-08 1
LGIC_C 278 0.36981464 0.326756544 0.0250140049 -3.68002282e-08 -2.45891172e-08 1
LGIC_C 279 0.143553268 -0.0273563624 0.0250139897 -4.34088226e-08 8.63456802e-09 1
LGIC_C 280 -0.235335996 -0.158162444 0.0250139955 1.45571809e-08 5.5602105e-08 1
LGIC_C 281 0.423534184 0.456105282 0.025014019 -4.80634192e-08 -3.37890445e-08 1
LGIC_C 282 -0.266867094 -0.450995036 0.0250140076 3.95603082e-08 3.05989652e-08 1
LGIC_C 283 -0.243051236 -0.47423178 0.0250140046 7.55636799e-08 6.2887973e-09 1
LGIC_C 284 0.232572648 -0.775185143 0.0250140189 -8.63454093e-09 4.34088369e-08 1
LGIC_C 286 -0.595711053 0.0258219344 0.0250140121 4.96100851e-08 2.90231542e-08 1
LGIC_C 287 -0.0676045509 -0.123895452 0.0250139895 2.45891453e-08 3.68002268e-08 1
LGIC_C 288 0.0448428262 -0.428682578 0.0250140042 6.33663526e-09 4.9610097e-08 1
LGIC_C 289 0.0287341553 0.00673565465 0.0250139845 -4.34088272e-08 -8.63453573e-09 1
LGIC_C 290 -0.382693723 -0.546969562 0.025014017 2.81018674e-08 4.20574117e-08 1
LGIC_C 291 -0.51206647 0.42540705 0.0250140126 3.68002297e-08 -2.45891157e-08 1
LGIC_C 292 0.371664667 0.39731663 0.0250140104 -2.81018716e-08 -4.20573923e-08 1
LGIC_C 293 -0.66866273 -0.0806626532 0.0250140141 -4.96100919e-08 2.90231703e-08 -1
LGIC_C 295 -0.198010539 0.132281709 0.0250139945 6.28881943e-09 -7.55636452e-08 1
LGIC_C 296 0.490995968 0.226865173 0.0250140103 -4.20574004e-08 -2.81018564e-08 1
LGIC_C 297 0.0381865086 0.335762773 0.0250139982 -8.63455884e-09 -4.34088253e-08 1
LGIC_C 298 0.214100229 -0.56798233 0.0250140135 -9.86804037e-09 4.96101e-08 1
LGIC_C 299 -0.0310038372 -0.363613183 0.0250140016 9.8680833e-09 4.96100963e-08 1
LGIC_C 300 0.367120633 -0.043925648 0.0250140003 -4.34088182e-08 2.48392526e-08 1
LGIC_C 301 0.158134328 0.40914519 0.0250140026 -6.33660387e-09 4.96100877e-08 -1
LGIC_C 302 0.404949707 0.359133217 0.0250140104 -4.20574004e-08 -2.81018564e-08 1
LGIC_C 303 -0.0316284567 0.353388941 0.0250140011 9.86805557e-09 -4.96100883e-08 1
LGIC_C 304 -0.153647458 0.32014586 0.0250140007 1.31306824e-08 -4.82586643e-08 1
LGIC_C 305 -0.450850704 0.267273083 0.0250140064 3.68002297e-08 -2.45891157e-08 1
LGIC_C 306 0.226442892 0.0968655028 0.0250139956 3.37890593e-08 4.80634111e-08 -1
LGIC_C 307 -0.445598251 0.279700765 0.0250140084 -4.82586679e-08 1.31306769e-08 -1
LGIC_C 308 0.673521549 -0.309973342 0.0250140156 -3.68002179e-08 2.45891393e-08 1
LGIC_C 309 0.14307895 0.121977489 0.0250139915 -3.68002282e-08 -2.45891172e-08 1
LGIC_C 310 0.154298385 0.827358609 0.0239214115 0.194186548 0.976240951 0.0961519121
LGIC_C 311 0.594043946 0.601782366 0.02501402 -2.45891309e-08 -3.68002211e-08 1
LGIC_C 312 0.271648705 0.225105343 0.025014001 -4.20574004e-08 -2.81018564e-08 1
LGIC_C 313 0.71205294 0.32586091 0.0250140175 -3.68002282e-08 -2.45891172e-08 1
LGIC_C 314 -0.213937511 0.537226829 0.0250140084 8.63455111e-09 -4.34088279e-08 1
LGIC_C 315 -0.0576144009 0.0224587801 0.0250139863 4.96100897e-08 -9.86805572e-09 1
LGIC_C 318 -0.198917331 -0.373968524 0.0250139998 -5.56021111e-08 -1.45571543e-08 -1
LGIC_C 319 -0.465311739 -0.0763878066 0.0250140014 -4.34088282e-08 2.70157287e-08 -1
LGIC_C 320 0.35727716 0.603765704 0.0250140187 -2.81018716e-08 -4.20573923e-08 1
LGIC_C 322 0.586140995 0.245441442 0.0250140147 -4.82586616e-08 -1.31306776e-08 1
LGIC_C 323 -0.324535138 -0.609076542 0.025014018 2.81018674e-08 4.20574117e-08 1
LGIC_C 324 0.0320989189 0.705735392 0.0250140181 -6.33660387e-09 4.96100877e-08 -1
LGIC_C 325 0.525086635 0.608189686 0.0250140185 -2.45891309e-08 -3.68002211e-08 1
LGIC_C 326 0.226386489 0.666617152 0.0250140149 -6.33660387e-09 4.96100877e-08 -1
LGIC_C 327 -0.336585461 -0.0462890504 0.0250139986 -4.96100919e-08 2.90231703e-08 -1
LGIC_C 328 -0.457405455 0.0784724595 0.0250140051 4.34088279e-08 -2.48392273e-08 1
LGIC_C 329 0.63163086 -0.187197994 0.0250140164 -4.96100859e-08 9.86807898e-09 1
LGIC_C 330 0.360886555 -0.0373400682 0.0250140023 -4.96100802e-08 3.14742968e-08 1
LGIC_C 331 0.223687315 -0.110647545 0.0250139944 -3.05989503e-08 3.95603122e-08 1
LGIC_C 332 -0.019881858 -0.411152854 0.0250140038 9.8680833e-09 4.96100963e-08 1
LGIC_C 333 0.533128784 0.177103909 0.0250140079 -4.34088272e-08 -8.63453573e-09 1
LGIC_C 334 0.217070515 0.744320816 0.0250140174 -8.63455884e-09 -4.34088253e-08 1
LGIC_C 335 0.213746496 0.530838936 0.0250140082 -6.33660387e-09 4.96100877e-08 -1
LGIC_C 336 -0.661613254 0.0108114402 0.0250140123 4.34088279e-08 -2.48392273e-08 1
LGIC_C 337 -0.0378433269 -0.0269384526 0.0250139852 5.39043203e-09 6.47688584e-08 1
LGIC_C 338 -0.232195827 0.349111399 0.0250140018 2.45891128e-08 -3.68002333e-08 1
LGIC_C 339 0.133540027 -0.206700984 0.025013995 -1.31306721e-08 4.82586744e-08 1
LGIC_C 340 -0.265658901 0.556222156 0.0250140141 2.8101852e-08 -4.20574041e-08 1
LGIC_C 341 -0.00726467462 -0.738648243 0.0250140154 8.63456455e-09 4.34088336e-08 1
LGIC_C 342 -0.782783809 -0.089477246 0.0250140148 -4.34088282e-08 2.70157287e-08 -1
LGIC_C 343 0.209106989 0.479322211 0.0250140091 1.3130701e-08 4.82586573e-08 -1
LGIC_C 344 -0.120526146 0.00665188912 0.0250139899 5.7878425e-08 4.89846948e-08 1
LGIC_C 346 0.334650318 0.325705302 0.0250140036 -3.68002282e-08 -2.45891172e-08 1
LGIC_C 347 0.505359421 -0.153977233 0.0250140098 -4.96100859e-08 9.86807898e-09 1
LGIC_C 349 -0.213651841 -0.519196177 0.0250140028 -2.90231482e-08 4.96101036e-08 1
LGIC_C 350 -0.293096838 0.424888352 0.0250140061 2.45891128e-08 -3.68002333e-08 1
LGIC_C 352 -0.175990602 -0.282606883 0.0250139989 3.95603082e-08 3.05989652e-08 1
LGIC_C 353 -0.325975208 0.149678965 0.0250140012 4.20574045e-08 -2.81018523e-08 1
LGIC_C 354 0.179083995 0.239856891 0.0250139984 -2.81018716e-08 -4.20573923e-08 1
LGIC_C 355 0.0760777928 -0.536217919 0.0250140135 1.00935263e-08 5.7878447e-08 1
LGIC_C 356 0.0877532877 0.667078132 0.025014013 -8.63455884e-09 -4.34088253e-08 1
LGIC_C 357 0.696232668 0.180279361 0.0250140166 -4.96100869e-08 6.3366408e-09 1
LGIC_C 358 0.114156118 -0.0695396589 0.0250139911 -4.90669481e-08 3.27855328e-08 1
LGIC_C 359 -0.289471048 0.23489164 0.0250140028 6.28881943e-09 -7.55636452e-08 1
LGIC_C 360 -0.495297881 0.420479234 0.0250140127 -4.82586679e-08 1.31306769e-08 -1
LGIC_C 361 0.582880511 -0.149586064 0.0250140136 -4.96100859e-08 9.86807898e-09 1
LGIC_C 362 -0.457186437 -0.0868156654 0.0250140034 -4.96100919e-08 2.90231703e-08 -1
LGIC_C 363 -0.315003543 0.415301829 0.0250140074 1.31306824e-08 -4.82586643e-08 1
LGIC_C 365 0.579752224 -0.418714028 0.0250140194 -4.20573976e-08 2.81018683e-08 1
LGIC_C 366 -0.33139769 -0.712872166 0.0250140182 3.95603082e-08 3.05989652e-08 1
LGIC_C 367 0.420948081 -0.108050306 0.0250140042 -4.34088182e-08 2.48392526e-08 1
LGIC_C 368 -0.170153478 -0.378293253 0.0250140016 3.95603082e-08 3.05989652e-08 1
LGIC_C 369 -0.140409754 -0.646553291 0.0250140112 -2.90231482e-08 4.96101036e-08 1
LGIC_C 370 -0.273542908 -0.609042437 0.0250140124 2.45891453e-08 3.68002268e-08 1
LGIC_C 371 0.240189628 -0.00239313476 0.0250139937 -4.34088226e-08 8.63456802e-09 1
LGIC_C 372 -0.00920030698 0.426964601 0.0250140019 8.63455111e-09 -4.34088279e-08 1
LGIC_C 373 -0.685199859 0.452799041 0.0250140196 3.68002297e-08 -2.45891157e-08 1
LGIC_C 374 0.0322031695 -0.141264268 0.02501399 6.33663526e-09 4.9610097e-08 1
LGIC_C 375 0.14769464 -0.669068434 0.0250140205 1.00935263e-08 5.7878447e-08 1
LGIC_C 376 0.385138725 0.375158472 0.02501401 -4.20574004e-08 -2.81018564e-08 1
LGIC_C 377 0.285732115 0.150348154 0.0250139975 -3.68002282e-08 -2.45891172e-08 1
LGIC_C 378 -0.572902968 0.034741008 0.0250140107 4.96100851e-08 2.90231542e-08 1
LGIC_C 379 -0.0667797469 -0.456208849 0.0250140065 9.8680833e-09 4.96100963e-08 1
LGIC_C 380 0.135224451 0.595260051 0.0250140141 -9.86806672e-09 -4.96100854e-08 1
LGIC_C 381 0.00117155644 0.671101111 0.0250140166 -9.86806672e-09 -4.96100854e-08 1
LGIC_C 382 0.53846655 -0.296463746 0.0250140157 -3.37890406e-08 4.80634332e-08 1
LGIC_C 384 -0.471915966 -0.411289403 0.0250140173 6.28883752e-09 7.55636663e-08 1
LGIC_C 386 0.481134215 -0.425327349 0.0250140114 -3.68002179e-08 2.45891393e-08 1
LGIC_C 387 0.534896871 -0.246888087 0.0250140132 -3.37890406e-08 4.80634332e-08 1
LGIC_C 388 -0.0111808467 0.417597749 0.0250140041 9.86805557e-09 -4.96100883e-08 1
LGIC_C 390 0.537817352 -0.0996449346 0.025014009 -4.34088182e-08 2.48392526e-08 1
LGIC_C 392 -0.197655637 -0.552392473 0.0250140049 -2.90231482e-08 4.96101036e-08 1
LGIC_C 393 -0.0327673553 -0.261442886 0.0250139949 8.63456455e-09 4.34088336e-08 1
LGIC_C 395 0.335153318 0.389863824 0.0250140065 1.3130701e-08 4.82586573e-08 -1
LGIC_C 396 0.25097312 0.393189997 0.0250140055 1.3130701e-08 4.82586573e-08 -1
LGIC_C 397 -0.646103053 0.238286695 0.0250140134 4.34088259e-08 -8.63455061e-09 1
LGIC_C 398 -0.568264175 0.257478083 0.0250140149 3.37890593e-08 -4.80634052e-08 1
LGIC_C 399 0.586181173 -0.153850568 0.0250140171 -4.96100802e-08 3.14742968e-08 1
NT 7181 -1.74179453 -7.70796683 -0.688351821 0 0 0
NT 7817 -0.691229823 3.2925438 0.701224278 0 0 0
LGIC_O 4402 -0.0345878633 0.265675272 0.025013999 1.15127271e-08 -5.78784352e-08 1
LGIC_O 4401 -0.1840676 0.0972239463 0.0250139942 3.37890593e-08 -4.80634052e-08 1
LGIC_O 4400 -0.175025146 0.0137516014 0.0250139927 5.7878425e-08 4.89846948e-08 1
LGIC_O 8441 0.636913646 -0.12672076 0.0250140188 -4.96100802e-08 3.14742968e-08 1
LGIC_O 8440 0.314831804 -0.521242477 0.0250140191 -3.27854948e-08 4.90669785e-08 1
LGIC_O 8439 0.567487089 -0.204519113 0.0250140184 -5.78784275e-08 1.15127558e-08 1
LGIC_O 8438 -0.495463838 -0.478991786 0.0250140171 1.45571809e-08 5.5602105e-08 1
LGIC_O 8437 -0.0865332912 0.0753896135 0.0250139898 3.37890593e-08 -4.80634052e-08 1
LGIC_O 8436 0.281965125 0.349247805 0.0250140096 -3.27855134e-08 -4.90669575e-08 1
LGIC_O 8435 -0.281577291 0.489075666 0.0250140165 3.27854968e-08 -4.90669676e-08 1
LGIC_O 8434 -0.605092982 -0.110313414 0.0250140129 5.7878436e-08 -4.89847332e-08 1
LGIC_O 8433 0.701586212 -0.0117142491 0.0250140184 -4.96100802e-08 3.14742968e-08 1
LGIC_O 8432 0.426050556 0.664856809 0.0250140182 -2.45891309e-08 -3.68002211e-08 1
LGIC_O 8431 -0.53569519 -0.176489801 0.025014008 4.34088238e-08 8.63459484e-09 1
LGIC_O 8430 -0.206044735 -0.180448528 0.0250139982 6.28883752e-09 7.55636663e-08 1
LGIC_O 8429 0.342033035 -0.34268384 0.0250140113 -3.27854948e-08 4.90669785e-08 1
LGIC_O 8428 0.576112066 -0.314703408 0.0250140178 -3.37890406e-08 4.80634332e-08 1
LGIC_O 8427 0.236726308 -0.318077646 0.0250140066 -3.27854948e-08 4.90669785e-08 1
LGIC_O 8426 -0.0976488914 -0.110862836 0.0250139913 7.55636799e-08 6.2887973e-09 1
LGIC_O 8425 0.534646383 -0.195059479 0.0250140164 -5.78784275e-08 1.15127558e-08 1
LGIC_O 8424 0.219544679 -0.315091025 0.0250140059 -3.27854948e-08 4.90669785e-08 1
LGIC_O 8423 -0.608846757 -0.593779315 0.0250140203 3.68002489e-08 2.45891179e-08 1
LGIC_O 8422 0.564815598 -0.372450199 0.0250140202 -3.37890406e-08 4.80634332e-08 1
LGIC_O 8421 0.550750457 0.0902902064 0.0250140162 -5.78784335e-08 -1.15127284e-08 1
LGIC_O 8420 0.175418091 0.0610257495 0.0250139941 -5.78784335e-08 -1.15127284e-08 1
LGIC_O 8419 0.142777714 0.100831833 0.0250139936 -4.90669739e-08 -3.27854893e-08 1
LGIC_O 4418 0.0575220985 -0.190210297 0.0250139949 -1.15127059e-08 5.78784511e-08 1
LGIC_O 4417 -0.118754336 -0.170834128 0.0250139938 2.81018674e-08 4.20574117e-08 1
LGIC_O 4416 0.593239316 0.0786534269 0.0250140185 -5.78784335e-08 -1.15127284e-08 1
LGIC_O 4415 0.0853954366 -0.420999761 0.0250140086 -1.15127059e-08 5.78784511e-08 1
LGIC_O 4414 -0.374457097 -0.228026162 0.0250140026 3.68002489e-08 2.45891179e-08 1
LGIC_O 4413 0.577482781 -0.285169834 0.0250140164 -3.37890406e-08 4.80634332e-08 1
LGIC_O 4412 -0.484325859 0.306166979 0.0250140144 3.37890593e-08 -4.80634052e-08 1
LGIC_O 4411 0.44777829 -0.0963194904 0.0250140103 -5.78784275e-08 1.15127558e-08 1
LGIC_O 4410 0.28281874 -0.503567977 0.0250140172 -3.27854948e-08 4.90669785e-08 1
LGIC_O 4409 -0.116204576 -0.152585731 0.025013993 7.55636799e-08 6.2887973e-09 1
LGIC_O 4408 -0.333519821 0.289166147 0.0250140084 3.37890593e-08 -4.80634052e-08 1
LGIC_O 4407 -0.148720782 -0.636306108 0.0250140163 9.8680833e-09 4.96100963e-08 1
LGIC_O 4406 0.336173082 -0.328141715 0.0250140105 -4.90669481e-08 3.27855328e-08 1
LGIC_O 4405 -0.249510429 -0.168914007 0.0250139976 6.28883752e-09 7.55636663e-08 1
LGIC_O 4404 0.0811982327 0.141649416 0.0250139929 -3.27855134e-08 -4.90669575e-08 1
LGIC_O 4403 0.0533120499 -0.19689515 0.0250139952 -1.15127059e-08 5.78784511e-08 1
