LGIC_C 0 0.520475258 0.232261081 0.025014012 3.37890593e-08 4.80634111e-08 -1
LGIC_C 1 -0.332451769 0.0452593071 0.0250139981 4.34088259e-08 -8.63455061e-09 1
LGIC_C 2 -0.57092412 0.144512105 0.025014013 4.96100897e-08 -9.86805572e-09 1
LGIC_C 3 0.233977318 -0.648352258 0.0250140177 -9.86804037e-09 4.96101e-08 1
LGIC_C 4 -0.438257151 -0.224937129 0.025014003 6.28883752e-09 7.55636663e-08 1
LGIC_C 5 0.0630684569 -0.542355224 0.025014014 1.00935263e-08 5.7878447e-08 1
LGIC_C 6 -0.357565124 0.494869975 0.0250140162 1.28239438e-08 -5.73353116e-08 1
LGIC_C 7 -0.719600017 0.4316487 0.0250140204 3.68002297e-08 -2.45891157e-08 1
LGIC_C 8 -0.131282764 0.310072572 0.0250139979 2.45891128e-08 -3.68002333e-08 1
LGIC_C 9 -0.458692639 -0.26744669 0.0250140063 6.28883752e-09 7.55636663e-08 1
LGIC_C 10 -0.400417353 -0.606821733 0.0250140177 3.95603082e-08 3.05989652e-08 1
LGIC_C 11 0.184105351 0.562016017 0.02501401 -6.33660387e-09 4.96100877e-08 -1
LGIC_C 12 0.398438383 0.185264414 0.0250140089 -4.90669739e-08 -3.27854893e-08 1
LGIC_C 13 0.730472981 -0.0714069436 0.0250140202 -4.96100859e-08 9.86807898e-09 1
LGIC_C 14 0.67136187 0.266984853 0.0250140148 -4.96100869e-08 6.3366408e-09 1
LGIC_C 15 -0.479807786 -0.368319134 0.0250140097 5.39043203e-09 6.47688584e-08 1
LGIC_C 16 0.616031436 -0.152699285 0.0250140153 -4.96100859e-08 9.86807898e-09 1
LGIC_C 17 -0.540812652 0.368455855 0.0250140142 -4.82586679e-08 1.31306769e-08 -1
LGIC_C 18 0.293196711 -0.482105738 0.0250140117 -2.81018481e-08 4.20574137e-08 1
LGIC_C 21 -0.00156859192 -0.187155785 0.0250139925 -2.90231482e-08 4.96101036e-08 1
LGIC_C 22 0.125800826 0.593873867 0.025014014 -9.86806672e-09 -4.96100854e-08 1
LGIC_C 23 -0.490962389 0.416537296 0.0250140116 3.68002297e-08 -2.45891157e-08 1
LGIC_C 24 0.150733814 0.418045611 0.0250140055 -9.86806672e-09 -4.96100854e-08 1
LGIC_C 25 0.339329644 -0.0328814356 0.0250139982 -4.34088226e-08 8.63456802e-09 1
LGIC_C 27 -0.249541716 0.54351682 0.0250140181 3.27854968e-08 -4.90669676e-08 1
LGIC_C 28 0.653277654 0.0925486229 0.0250140124 -4.34088272e-08 -8.63453573e-09 1
LGIC_C 30 0.632340852 0.189373841 0.0250140134 -4.96100869e-08 6.3366408e-09 1
LGIC_C 31 -0.40025142 -0.420355629 0.0250140119 3.95603082e-08 3.05989652e-08 1
LGIC_C 32 0.0744681889 0.112294883 0.0250139901 -2.81018716e-08 -4.20573923e-08 1
LGIC_C 33 -0.0246189519 0.638561968 0.0250140112 8.63455111e-09 -4.34088279e-08 1
LGIC_C 35 -0.181981409 -0.486019772 0.0250140021 -2.90231482e-08 4.96101036e-08 1
LGIC_C 36 0.500335326 -0.611880019 0.0250140181 -2.45891087e-08 3.68002429e-08 1
LGIC_C 37 0.0989796048 0.825155782 0.0250140199 -8.63455884e-09 -4.34088253e-08 1
LGIC_C 38 0.747842816 -0.333658987 0.0250140193 -3.05989503e-08 3.95603122e-08 1
LGIC_C 39 0.693276699 0.309800782 0.0250140164 -3.68002282e-08 -2.45891172e-08 1
LGIC_C 40 -0.704448349 0.0106316258 0.0250140141 4.34088279e-08 -2.48392273e-08 1
LGIC_C 41 -0.508527116 0.590268711 0.0250140175 2.45891128e-08 -3.68002333e-08 1
LGIC_C 42 -0.262666152 -0.663047094 0.0250140143 8.63456455e-09 4.34088336e-08 1
LGIC_C 43 -0.567815566 -0.486367695 0.025014014 1.15916899e-08 4.97976879e-08 1
LGIC_C 44 0.353084835 0.551230595 0.0250140145 1.3130701e-08 4.82586573e-08 -1
LGIC_C 45 -0.0234018125 -0.263165271 0.0250139952 2.48392553e-08 4.34088306e-08 1
LGIC_C 46 -0.207722545 -0.194211333 0.0250139969 5.39043203e-09 6.47688584e-08 1
LGIC_C 47 0.473890666 -0.179852179 0.0250140127 -5.78784275e-08 1.15127558e-08 1
LGIC_C 48 -0.106730228 -0.403250099 0.0250140017 8.63456455e-09 4.34088336e-08 1
LGIC_C 51 -0.565836255 -0.00293264543 0.0250140078 -4.34088282e-08 2.70157287e-08 -1
LGIC_C 52 0.685354419 -0.153584895 0.0250140168 -4.34088182e-08 2.48392526e-08 1
LGIC_C 53 0.31020263 -0.0740183259 0.0250139985 -4.34088182e-08 2.48392526e-08 1
LGIC_C 54 -0.0636625319 -0.207047494 0.0250139921 -4.89847109e-08 5.78784581e-08 1
LGIC_C 55 0.445186525 0.477749257 0.0250140118 -2.45891309e-08 -3.68002211e-08 1
LGIC_C 56 -0.129652199 -0.218158275 0.0250139936 -5.56021111e-08 -1.45571543e-08 -1
LGIC_C 57 -0.0975230629 0.431584874 0.0250140078 -3.14742797e-08 4.96100914e-08 -1
LGIC_C 58 0.473085501 -0.0815964201 0.0250140058 -4.34088182e-08 2.48392526e-08 1
LGIC_C 59 -0.391337479 -0.216202505 0.025014001 1.45571809e-08 5.5602105e-08 1
LGIC_C 60 0.0917095671 0.536234448 0.0250140127 -3.14742949e-08 -4.96100822e-08 1
LGIC_C 61 -0.383603412 0.339755783 0.025014009 4.20574045e-08 -2.81018523e-08 1
LGIC_C 62 -0.0112175015 0.430798815 0.025014005 -3.14742797e-08 4.96100914e-08 -1
LGIC_C 63 0.21350865 -0.00597504389 0.0250139939 -4.96100859e-08 9.86807898e-09 1
LGIC_C 64 -0.23801133 0.0260899879 0.0250139958 5.7878425e-08 4.89846948e-08 1
LGIC_C 65 0.0149150768 0.33766131 0.0250140002 -9.86806672e-09 -4.96100854e-08 1
LGIC_C 66 -0.229378033 -0.339038386 0.0250140014 2.45891453e-08 3.68002268e-08 1
LGIC_C 67 -0.472781453 0.421032572 0.0250140181 6.28881943e-09 -7.55636452e-08 1
LGIC_C 68 -0.686616844 -0.122507126 0.0250140098 -4.34088282e-08 2.70157287e-08 -1
LGIC_C 69 -0.696985891 -0.345131075 0.0250140174 3.68002489e-08 2.45891179e-08 1
LGIC_C 70 -0.0679963936 0.376584045 0.0250140002 8.63455111e-09 -4.34088279e-08 1
LGIC_C 72 0.15062997 0.385438101 0.0250140014 -6.33660387e-09 4.96100877e-08 -1
LGIC_C 73 -0.00483376468 0.00164826917 0.0250139835 4.34088279e-08 -2.48392273e-08 1
LGIC_C 74 0.541512889 0.496089499 0.0250140159 -4.82586616e-08 -1.31306776e-08 1
LGIC_C 75 0.547937237 -0.575019842 0.0250140179 -2.45891087e-08 3.68002429e-08 1
LGIC_C 76 -0.666754976 0.0473100013 0.025014015 4.96100851e-08 2.90231542e-08 1
LGIC_C 77 0.323192797 -0.188824757 0.0250140006 -3.05989503e-08 3.95603122e-08 1
LGIC_C 79 -0.567726689 -0.248477105 0.0250140022 1.15916899e-08 4.97976879e-08 1
LGIC_C 80 0.743250845 0.00590557658 0.0250140156 -4.34088272e-08 -8.63453573e-09 1
LGIC_C 81 0.0484606994 0.691734112 0.0250140173 -6.33660387e-09 4.96100877e-08 -1
LGIC_C 82 0.476186162 -0.309835827 0.0250140101 -3.05989503e-08 3.95603122e-08 1
LGIC_C 83 -0.358792931 0.242735689 0.0250140038 -4.82586679e-08 1.31306769e-08 -1
LGIC_C 84 0.233887751 0.520621745 0.0250140117 -2.81018716e-08 -4.20573923e-08 1
LGIC_C 85 -0.0782511921 0.0889316089 0.0250139894 1.28239438e-08 -5.73353116e-08 1
LGIC_C 87 -0.304760302 -0.251870762 0.0250140017 1.45571809e-08 5.5602105e-08 1
LGIC_C 88 -0.604675176 -0.522383516 0.0250140163 1.15916899e-08 4.97976879e-08 1
LGIC_C 89 0.254957653 -0.510834174 0.0250140112 -1.31306721e-08 4.82586744e-08 1
LGIC_C 90 -0.375897921 -0.309714645 0.0250140059 1.45571809e-08 5.5602105e-08 1
LGIC_C 91 0.187447626 0.773920033 0.0250140185 -8.63455884e-09 -4.34088253e-08 1
LGIC_C 92 0.271432494 -0.748107861 0.0250140186 6.33663526e-09 4.9610097e-08 1
LGIC_C 93 -0.0489558046 0.595034453 0.0250140125 -6.33661298e-09 -4.96100859e-08 1
LGIC_C 94 0.160369693 -0.0448535884 0.0250139926 -4.96100802e-08 3.14742968e-08 1
LGIC_C 95 -0.335644972 -0.458853926 0.0250140086 -5.56021111e-08 -1.45571543e-08 -1
LGIC_C 96 0.34612662 -0.0149845021 0.0250140005 -4.96100859e-08 9.86807898e-09 1
LGIC_C 97 -0.409972391 0.0382295162 0.0250140025 4.96100851e-08 2.90231542e-08 1
LGIC_C 98 -0.347218602 -0.592081497 0.0250140151 3.95603082e-08 3.05989652e-08 1
LGIC_C 99 0.222795109 -0.0803260848 0.0250139968 -4.96100802e-08 3.14742968e-08 1
LGIC_C 100 -0.342831009 -0.513974303 0.0250140106 2.45891453e-08 3.68002268e-08 1
LGIC_C 101 -0.376027595 0.0302705499 0.0250140022 4.96100897e-08 -9.86805572e-09 1
LGIC_C 102 -0.405407199 0.462195015 0.025014015 1.28239438e-08 -5.73353116e-08 1
LGIC_C 103 -0.450511403 -0.0182234136 0.0250140023 -4.34088282e-08 2.70157287e-08 -1
LGIC_C 104 0.606879723 -0.228073575 0.0250140156 -4.96100859e-08 9.86807898e-09 1
LGIC_C 105 -0.313922624 0.118217091 0.0250139998 4.34088279e-08 -2.48392273e-08 1
LGIC_C 106 -0.311177992 0.779608758 0.0250140198 8.63455111e-09 -4.34088279e-08 1
LGIC_C 107 -0.690272428 -0.259749749 0.0250140155 4.34088238e-08 8.63459484e-09 1
LGIC_C 108 -0.0438268485 -0.516899064 0.0250140068 2.48392553e-08 4.34088306e-08 1
LGIC_C 110 -0.205174847 -0.721588924 0.0250140163 8.63456455e-09 4.34088336e-08 1
LGIC_C 111 -0.488015722 -0.120269573 0.025014004 -4.96100919e-08 2.90231703e-08 -1
LGIC_C 112 0.722425454 -0.0354076657 0.0250140202 -4.96100802e-08 3.14742968e-08 1
LGIC_C 113 -0.0489646803 -0.68271726 0.0250140141 2.48392553e-08 4.34088306e-08 1
LGIC_C 114 -0.334175482 0.394213523 0.0250140102 1.28239438e-08 -5.73353116e-08 1
LGIC_C 115 0.510270325 -0.391732712 0.0250140143 -3.05989503e-08 3.95603122e-08 1
LGIC_C 116 0.135346161 -0.436624333 0.0250140071 1.00935263e-08 5.7878447e-08 1
LGIC_C 117 -0.189263871 -0.0493284483 0.0250139906 4.96100935e-08 -4.19869172e-08 1
LGIC_C 118 -0.297715095 -0.316051725 0.0250140044 -5.56021111e-08 -1.45571543e-08 -1
LGIC_C 119 0.0883631281 0.453487638 0.0250140066 -9.86806672e-09 -4.96100854e-08 1
LGIC_C 120 0.00640874343 0.506952406 0.0250140084 -6.33660387e-09 4.96100877e-08 -1
LGIC_C 121 -0.43847133 -0.42595924 0.0250140095 1.15916899e-08 4.97976879e-08 1
LGIC_C 122 0.619977496 -0.348104439 0.0250140146 -3.68002179e-08 2.45891393e-08 1
LGIC_C 124 0.542187041 -0.464621756 0.0250140146 -3.68002179e-08 2.45891393e-08 1
LGIC_C 125 0.143447089 -0.157392608 0.0250139927 -1.31306721e-08 4.82586744e-08 1
LGIC_C 126 0.606174659 -0.385846403 0.025014017 -3.05989503e-08 3.95603122e-08 1
LGIC_C 127 0.200358651 -0.302148902 0.0250140004 -1.31306721e-08 4.82586744e-08 1
LGIC_C 128 0.236186369 -0.287764097 0.0250139996 -2.45891087e-08 3.68002429e-08 1
LGIC_C 129 0.483174716 -0.0696528343 0.0250140048 -4.34088226e-08 8.63456802e-09 1
LGIC_C 130 -0.62963661 0.16139404 0.025014012 4.34088259e-08 -8.63455061e-09 1
LGIC_C 131 0.388540931 0.251970137 0.0250140053 -4.82586616e-08 -1.31306776e-08 1
LGIC_C 132 -0.205398261 0.0795334766 0.0250139912 5.7878425e-08 4.89846948e-08 1
LGIC_C 133 -0.605247981 -0.0464744986 0.0250140099 4.34088238e-08 8.63459484e-09 1
LGIC_C 134 0.284280523 -0.631707942 0.0250140135 -2.45891087e-08 3.68002429e-08 1
LGIC_C 135 -0.253235174 -0.263414214 0.0250140014 2.81018674e-08 4.20574117e-08 1
LGIC_C 136 0.379833689 -0.281580742 0.0250140041 -3.68002179e-08 2.45891393e-08 1
LGIC_C 137 0.363411409 -0.372852763 0.025014006 -1.31306721e-08 4.82586744e-08 1
LGIC_C 138 -0.69160274 -0.212249673 0.0250140087 4.96100935e-08 -4.19869172e-08 1
LGIC_C 139 0.105675001 -0.00718850342 0.0250139887 -4.96100802e-08 3.14742968e-08 1
LGIC_C 140 0.482270799 0.550215547 0.0250140154 -2.45891309e-08 -3.68002211e-08 1
LGIC_C 141 0.446489815 0.122635694 0.0250140037 -4.34088272e-08 -8.63453573e-09 1
LGIC_C 142 -0.483384928 -0.548297445 0.0250140192 3.95603082e-08 3.05989652e-08 1
LGIC_C 144 -0.442909416 -0.486375353 0.025014015 -5.56021111e-08 -1.45571543e-08 -1
LGIC_C 145 0.203393821 -0.00609219904 0.0250139922 -4.34088182e-08 2.48392526e-08 1
LGIC_C 146 0.0257177039 0.590907902 0.0250140124 -6.33660387e-09 4.96100877e-08 -1
LGIC_C 147 -0.334707384 -0.340303448 0.025014004 2.45891453e-08 3.68002268e-08 1
LGIC_C 149 0.553094622 0.501160611 0.0250140159 -3.68002282e-08 -2.45891172e-08 1
LGIC_C 150 0.411023177 0.147434767 0.0250140027 -4.96100869e-08 6.3366408e-09 1
LGIC_C 151 -0.0781174305 -0.674409039 0.0250140132 8.63456455e-09 4.34088336e-08 1
LGIC_C 152 0.258001593 0.5682742 0.0250140141 1.3130701e-08 4.82586573e-08 -1
LGIC_C 153 0.165952768 -0.220853675 0.025013998 -1.28239349e-08 5.73353226e-08 1
LGIC_C 154 0.153070798 0.50324867 0.0250140097 -9.86806672e-09 -4.96100854e-08 1
LGIC_C 155 -0.574439097 0.123503826 0.0250140093 4.34088259e-08 -8.63455061e-09 1
LGIC_C 156 -0.247044009 0.0362955783 0.0250139943 4.34088259e-08 -8.63455061e-09 1
LGIC_C 157 -0.4479782 0.276038429 0.025014007 6.28881943e-09 -7.55636452e-08 1
LGIC_C 158 0.343092474 0.176069518 0.0250140033 3.37890593e-08 4.80634111e-08 -1
LGIC_C 159 0.774264513 0.130581967 0.025014018 -4.34088272e-08 -8.63453573e-09 1
LGIC_C 160 -0.300147138 -0.0955480429 0.0250139937 -4.34088282e-08 2.70157287e-08 -1
LGIC_C 161 -0.421097621 0.0712275532 0.0250140049 4.96100897e-08 -9.86805572e-09 1
LGIC_C 162 0.484086096 0.00884049641 0.0250140073 -4.96100911e-08 -9.86803575e-09 1
LGIC_C 163 0.380073441 -0.25211892 0.0250140063 -4.20573976e-08 2.81018683e-08 1
LGIC_C 164 0.224964311 -0.569104836 0.02501401 6.33663526e-09 4.9610097e-08 1
LGIC_C 165 -0.330335104 0.0250315307 0.0250139989 4.96100851e-08 2.90231542e-08 1
LGIC_C 166 -0.107030921 -0.696739434 0.0250140161 2.48392553e-08 4.34088306e-08 1
LGIC_C 167 -0.587513786 0.551946939 0.0250140185 3.68002297e-08 -2.45891157e-08 1
LGIC_C 168 -0.546558159 -0.22233232 0.0250140089 4.34088238e-08 8.63459484e-09 1
LGIC_C 169 0.665551774 -0.50025153 0.02501402 -3.68002179e-08 2.45891393e-08 1
LGIC_C 171 -0.215112943 0.328189248 0.0250140048 1.28239438e-08 -5.73353116e-08 1
LGIC_C 172 0.324745898 0.161522044 0.025014002 3.37890593e-08 4.80634111e-08 -1
LGIC_C 173 0.657586606 0.294082783 0.0250140147 -3.68002282e-08 -2.45891172e-08 1
LGIC_C 174 -0.101901093 -0.504616126 0.0250140077 2.48392553e-08 4.34088306e-08 1
LGIC_C 175 0.392205235 -0.308279318 0.0250140113 -3.37890406e-08 4.80634332e-08 1
LGIC_C 177 0.318979875 0.322840066 0.0250140058 -2.81018716e-08 -4.20573923e-08 1
LGIC_C 178 0.0920629272 -0.631435595 0.025014014 6.33663526e-09 4.9610097e-08 1
LGIC_C 180 -0.13896841 0.285730348 0.0250139992 2.8101852e-08 -4.20574041e-08 1
LGIC_C 181 -0.674342559 -0.310445764 0.025014007 5.39043203e-09 6.47688584e-08 1
LGIC_C 183 0.668945098 0.322702458 0.0250140198 -4.82586616e-08 -1.31306776e-08 1
LGIC_C 184 0.712461295 -0.0404144592 0.0250140152 -4.34088182e-08 2.48392526e-08 1
LGIC_C 185 0.380263573 -0.119806881 0.0250140027 -4.34088182e-08 2.48392526e-08 1
LGIC_C 186 -0.620190323 -0.299900567 0.025014006 5.39043203e-09 6.47688584e-08 1
LGIC_C 188 -0.74640727 0.0910442648 0.0250140165 4.34088259e-08 -8.63455061e-09 1
LGIC_C 189 -0.556622703 0.28255615 0.0250140146 4.20574045e-08 -2.81018523e-08 1
LGIC_C 190 0.348182084 -0.71667832 0.0250140182 -2.45891087e-08 3.68002429e-08 1
LGIC_C 191 -0.402497261 -0.249886932 0.0250140016 5.39043203e-09 6.47688584e-08 1
LGIC_C 192 -0.295102364 0.115579034 0.0250139971 4.34088259e-08 -8.63455061e-09 1
LGIC_C 193 0.293745436 0.0726085343 0.0250139985 -4.96100911e-08 -9.86803575e-09 1
LGIC_C 194 -0.696917672 0.364441006 0.0250140179 3.68002297e-08 -2.45891157e-08 1
LGIC_C 195 0.367028081 0.410998685 0.0250140109 -2.81018716e-08 -4.20573923e-08 1
LGIC_C 196 0.69291982 0.384627659 0.0250140182 -3.68002282e-08 -2.45891172e-08 1
LGIC_C 197 -0.276413909 -0.507486277 0.0250140087 2.45891453e-08 3.68002268e-08 1
LGIC_C 198 0.547544308 -0.0268263865 0.0250140072 -4.34088226e-08 8.63456802e-09 1
LGIC_C 199 0.640831064 0.240595933 0.0250140135 -4.96100869e-08 6.3366408e-09 1
LGIC_C 200 0.737557425 -0.320459368 0.0250140183 -3.68002179e-08 2.45891393e-08 1
LGIC_C 201 0.238972365 0.14920149 0.0250139975 -4.20574004e-08 -2.81018564e-08 1
LGIC_C 202 -0.0270572607 -0.269542388 0.0250139956 2.48392553e-08 4.34088306e-08 1
LGIC_C 203 -0.179790822 -0.0257267582 0.0250139914 -4.96100919e-08 2.90231703e-08 -1
LGIC_C 204 -0.38643072 0.550392806 0.0250140173 2.8101852e-08 -4.20574041e-08 1
LGIC_C 205 -0.0925483432 0.23984705 0.0250139961 9.86805557e-09 -4.96100883e-08 1
LGIC_C 206 0.637057968 -0.360678279 0.0250140155 -3.68002179e-08 2.45891393e-08 1
LGIC_C 207 -0.125752656 -0.43939614 0.0250140025 -4.89847109e-08 5.78784581e-08 1
LGIC_C 208 -0.517378398 0.357088513 0.0250140129 -4.82586679e-08 1.31306769e-08 -1
LGIC_C 209 -0.0105289081 0.00145077769 0.0250139848 -1.38908237e-07 2.76305608e-08 -1
LGIC_C 210 0.0621278697 0.279363376 0.0250139977 -9.86806672e-09 -4.96100854e-08 1
LGIC_C 212 -0.341852031 -0.549632151 0.0250140103 -5.56021111e-08 -1.45571543e-08 -1
LGIC_C 213 0.336296029 -0.354948898 0.0250140076 -2.81018481e-08 4.20574137e-08 1
LGIC_C 214 0.461245334 -0.0547066815 0.0250140037 -4.34088226e-08 8.63456802e-09 1
LGIC_C 215 -0.456757352 -0.0287119477 0.0250140033 4.34088238e-08 8.63459484e-09 1
LGIC_C 216 0.217175066 -0.181149804 0.025013997 -3.05989503e-08 3.95603122e-08 1
LGIC_C 217 0.501685272 -0.421962839 0.0250140205 -3.37890406e-08 4.80634332e-08 1
LGIC_C 218 -0.289262753 0.457461142 0.0250140091 1.31306824e-08 -4.82586643e-08 1
LGIC_C 219 -0.232116033 -0.444882727 0.025014006 3.95603082e-08 3.05989652e-08 1
LGIC_C 220 -0.726145439 -0.326516488 0.025014018 3.68002489e-08 2.45891179e-08 1
LGIC_C 221 0.678552649 -0.395993498 0.0250140179 -3.68002179e-08 2.45891393e-08 1
LGIC_C 222 -0.528162379 -0.162859815 0.0250140048 -4.96100919e-08 2.90231703e-08 -1
LGIC_C 223 0.231783176 0.408648159 0.0250140082 -4.80634192e-08 -3.37890445e-08 1
LGIC_C 224 -0.390626445 0.0635732279 0.0250140008 4.96100851e-08 2.90231542e-08 1
LGIC_C 225 0.215768651 -0.636133302 0.0250140127 -8.63454093e-09 4.34088369e-08 1
LGIC_C 226 0.398293469 -0.195267559 0.0250140027 -3.68002179e-08 2.45891393e-08 1
LGIC_C 227 -0.161215309 0.510503619 0.0250140068 8.63455111e-09 -4.34088279e-08 1
LGIC_C 228 0.266008425 -0.320232061 0.0250140022 -1.31306721e-08 4.82586744e-08 1
LGIC_C 229 -0.481155401 -0.100992255 0.025014005 4.34088238e-08 8.63459484e-09 1
LGIC_C 230 -0.681669657 -0.200511208 0.0250140074 -4.34088282e-08 2.70157287e-08 -1
LGIC_C 231 0.534467967 0.27398964 0.0250140145 3.37890593e-08 4.80634111e-08 -1
LGIC_C 232 -0.254135411 0.793817057 0.0250140199 8.63455111e-09 -4.34088279e-08 1
LGIC_C 233 0.296350022 0.249534868 0.0250140008 -4.82586616e-08 -1.31306776e-08 1
LGIC_C 234 -0.0402683547 -0.426111691 0.0250140021 8.63456455e-09 4.34088336e-08 1
LGIC_C 235 0.334146618 0.443681728 0.0250140113 -2.81018716e-08 -4.20573923e-08 1
LGIC_C 236 0.266849417 -0.0206919166 0.0250139953 -4.34088182e-08 2.48392526e-08 1
LGIC_C 239 0.473880199 -0.297392517 0.0250140115 -4.20573976e-08 2.81018683e-08 1
LGIC_C 240 0.147563584 -0.175627359 0.0250139952 -1.28239349e-08 5.73353226e-08 1
LGIC_C 241 -0.105972151 0.204869902 0.0250139949 2.8101852e-08 -4.20574041e-08 1
LGIC_C 242 0.604558968 -0.313118806 0.0250140187 -3.37890406e-08 4.80634332e-08 1
LGIC_C 243 -0.666992928 0.236225628 0.0250140187 4.96100897e-08 -9.86805572e-09 1
LGIC_C 246 0.412241143 0.462013225 0.0250140104 -2.45891309e-08 -3.68002211e-08 1
LGIC_C 247 -0.515163696 0.644221907 0.0250140196 2.45891128e-08 -3.68002333e-08 1
LGIC_C 248 0.0861534197 -0.0771882493 0.0250139883 -3.68002179e-08 2.45891393e-08 1
LGIC_C 249 0.514005314 -0.0368988617 0.0250140099 -4.96100802e-08 3.14742968e-08 1
LGIC_C 250 0.248237956 0.520528271 0.0250140128 -4.80634192e-08 -3.37890445e-08 1
LGIC_C 251 0.0403854889 0.646405917 0.0250140151 -6.33660387e-09 4.96100877e-08 -1
LGIC_C 252 0.157155927 0.56980978 0.0250140165 -3.14742949e-08 -4.96100822e-08 1
LGIC_C 253 0.501998431 0.296573623 0.0250140114 -4.82586616e-08 -1.31306776e-08 1
LGIC_C 255 -0.757397725 -0.0642074367 0.0250140144 -4.34088282e-08 2.70157287e-08 -1
LGIC_C 256 -0.318555945 0.526935094 0.0250140105 2.45891128e-08 -3.68002333e-08 1
LGIC_C 257 0.294466584 0.340624678 0.0250140036 1.3130701e-08 4.82586573e-08 -1
LGIC_C 258 -0.300393473 0.576627949 0.0250140119 2.45891128e-08 -3.68002333e-08 1
LGIC_C 260 -0.0325150331 -0.624309978 0.0250140145 9.8680833e-09 4.96100963e-08 1
LGIC_C 261 0.0692038673 0.593195737 0.0250140096 -8.63455884e-09 -4.34088253e-08 1
LGIC_C 262 -0.351408878 0.370208098 0.0250140057 1.31306824e-08 -4.82586643e-08 1
LGIC_C 263 -0.6853596 -0.218773181 0.0250140071 -4.34088282e-08 2.70157287e-08 -1
LGIC_C 264 0.460511561 -0.338385091 0.0250140085 -3.68002179e-08 2.45891393e-08 1
LGIC_C 265 0.220832331 0.0300561376 0.0250139945 -4.96100911e-08 -9.86803575e-09 1
LGIC_C 266 -0.172657948 -0.32013674 0.0250139999 3.95603082e-08 3.05989652e-08 1
LGIC_C 267 -0.325039937 -0.304368314 0.0250140049 1.45571809e-08 5.5602105e-08 1
LGIC_C 268 -0.056861432 -0.51740455 0.0250140072 -2.90231482e-08 4.96101036e-08 1
LGIC_C 269 -0.104205218 0.671636613 0.0250140159 -6.33661298e-09 -4.96100859e-08 1
LGIC_C 271 -0.487461862 -0.436778903 0.0250140119 3.68002489e-08 2.45891179e-08 1
LGIC_C 272 -0.370658494 0.283319939 0.0250140049 -4.82586679e-08 1.31306769e-08 -1
LGIC_C 273 0.746195488 -0.158384876 0.0250140196 -4.34088182e-08 2.48392526e-08 1
LGIC_C 274 -0.355595666 0.373153959 0.0250140057 2.45891128e-08 -3.68002333e-08 1
LGIC_C 275 0.0108788938 -0.53281223 0.0250140096 6.33663526e-09 4.9610097e-08 1
LGIC_C 276 -0.119654893 -0.526849362 0.0250140059 -2.90231482e-08 4.96101036e-08 1
LGIC_C 278 0.317192264 0.270869376 0.0250140016 -3.68002282e-08 -2.45891172e-08 1
LGIC_C 279 0.0654933374 -0.0404102111 0.0250139866 -3.68002179e-08 2.45891393e-08 1
LGIC_C 280 -0.268269185 -0.145654324 0.0250139952 1.45571809e-08 5.5602105e-08 1
LGIC_C 281 0.376026594 0.547992666 0.0250140198 -4.80634192e-08 -3.37890445e-08 1
LGIC_C 282 -0.237799202 -0.44191529 0.0250140062 3.95603082e-08 3.05989652e-08 1
LGIC_C 283 -0.240818408 -0.496678727 0.0250140046 7.55636799e-08 6.2887973e-09 1
LGIC_C 284 0.223468074 -0.740621878 0.0250140173 -8.63454093e-09 4.34088369e-08 1
LGIC_C 286 -0.556813185 0.00908617593 0.0250140106 4.96100851e-08 2.90231542e-08 1
LGIC_C 287 -0.100892161 -0.167553272 0.0250139919 2.45891453e-08 3.68002268e-08 1
LGIC_C 288 0.0660617747 -0.330334302 0.0250139992 6.33663526e-09 4.9610097e-08 1
LGIC_C 289 0.0324348509 0.00178019147 0.0250139847 -4.34088272e-08 -8.63453573e-09 1
LGIC_C 290 -0.35287267 -0.539965698 0.0250140159 2.81018674e-08 4.20574117e-08 1
LGIC_C 291 -0.517096384 0.454059238 0.0250140135 3.68002297e-08 -2.45891157e-08 1
LGIC_C 292 0.462299003 0.47206405 0.0250140161 -2.81018716e-08 -4.20573923e-08 1
LGIC_C 293 -0.675909757 -0.0586682191 0.0250140151 -4.96100919e-08 2.90231703e-08 -1
LGIC_C 295 -0.143039877 0.140882096 0.0250139948 6.28881943e-09 -7.55636452e-08 1
LGIC_C 296 0.493283103 0.278040071 0.0250140118 -4.20574004e-08 -2.81018564e-08 1
LGIC_C 297 0.0385506171 0.36811832 0.0250139996 -8.63455884e-09 -4.34088253e-08 1
LGIC_C 298 0.126579438 -0.500145499 0.0250140093 -9.86804037e-09 4.96101e-08 1
LGIC_C 299 -0.101138405 -0.287870927 0.0250139985 9.8680833e-09 4.96100963e-08 1
LGIC_C 300 0.418690566 -0.0583787104 0.0250140029 -4.34088182e-08 2.48392526e-08 1
LGIC_C 301 0.111568098 0.377159129 0.0250140006 -8.63455884e-09 -4.34088253e-08 1
LGIC_C 302 0.435883471 0.329557465 0.0250140108 -4.20574004e-08 -2.81018564e-08 1
LGIC_C 303 -0.0630798861 0.3471768 0.0250140011 9.86805557e-09 -4.96100883e-08 1
LGIC_C 304 -0.159940046 0.350834225 0.0250140023 1.31306824e-08 -4.82586643e-08 1
LGIC_C 305 -0.464132516 0.241072932 0.0250140063 3.68002297e-08 -2.45891157e-08 1
LGIC_C 306 0.192355266 0.121599087 0.0250139956 3.37890593e-08 4.80634111e-08 -1
LGIC_C 307 -0.426745693 0.242867677 0.0250140071 -4.82586679e-08 1.31306769e-08 -1
LGIC_C 308 0.619812865 -0.296117864 0.0250140133 -3.68002179e-08 2.45891393e-08 1
LGIC_C 309 0.138893307 0.128510373 0.0250139915 -3.68002282e-08 -2.45891172e-08 1
LGIC_C 310 0.134844574 0.766468378 0.0250140177 -8.63455884e-09 -4.34088253e-08 1
LGIC_C 311 0.557418739 0.615645946 0.0250140196 -2.45891309e-08 -3.68002211e-08 1
LGIC_C 312 0.309923077 0.199452761 0.0250140019 -4.20574004e-08 -2.81018564e-08 1
LGIC_C 313 0.667661186 0.345398813 0.0250140163 -3.68002282e-08 -2.45891172e-08 1
LGIC_C 314 -0.289174404 0.50537332 0.025014009 2.45891128e-08 -3.68002333e-08 1
LGIC_C 315 -0.0864459967 0.00658325704 0.0250139876 4.96100897e-08 -9.86805572e-09 1
LGIC_C 318 -0.22284698 -0.371343942 0.0250140011 -5.56021111e-08 -1.45571543e-08 -1
LGIC_C 319 -0.468073085 -0.0678983704 0.0250140018 -4.34088282e-08 2.70157287e-08 -1
LGIC_C 320 0.426564996 0.599291389 0.0250140204 -2.81018716e-08 -4.20573923e-08 1
LGIC_C 322 0.529132804 0.234334645 0.0250140118 -4.82586616e-08 -1.31306776e-08 1
LGIC_C 323 -0.32613713 -0.652839786 0.0250140199 2.81018674e-08 4.20574117e-08 1
LGIC_C 324 0.00883289152 0.687952899 0.0250140173 -6.33660387e-09 4.96100877e-08 -1
LGIC_C 325 0.468191897 0.602949013 0.025014017 -2.45891309e-08 -3.68002211e-08 1
LGIC_C 326 0.176207716 0.685842146 0.0250140162 -6.33660387e-09 4.96100877e-08 -1
LGIC_C 327 -0.306376436 -0.0286904565 0.0250139976 -4.96100919e-08 2.90231703e-08 -1
LGIC_C 328 -0.403804694 0.00525296148 0.0250140009 4.34088279e-08 -2.48392273e-08 1
LGIC_C 329 0.620593238 -0.231609971 0.0250140163 -4.96100859e-08 9.86807898e-09 1
LGIC_C 330 0.361467223 -0.0246421121 0.0250140019 -4.96100802e-08 3.14742968e-08 1
LGIC_C 331 0.229826246 -0.102248135 0.0250139943 -3.05989503e-08 3.95603122e-08 1
LGIC_C 332 -0.016607377 -0.373928604 0.025014002 9.8680833e-09 4.96100963e-08 1
LGIC_C 333 0.502924092 0.157700763 0.0250140064 -4.34088272e-08 -8.63453573e-09 1
LGIC_C 334 0.22847594 0.79908739 0.0250140199 -8.63455884e-09 -4.34088253e-08 1
LGIC_C 335 0.188264137 0.552545451 0.0250140095 -6.33660387e-09 4.96100877e-08 -1
LGIC_C 336 -0.737328604 0.0186455653 0.0250140157 4.34088279e-08 -2.48392273e-08 1
LGIC_C 337 -0.00783920647 -0.00205143765 0.0250139836 -4.96100919e-08 2.90231703e-08 -1
LGIC_C 338 -0.202869408 0.332995287 0.0250140005 2.45891128e-08 -3.68002333e-08 1
LGIC_C 339 0.135388911 -0.188076162 0.0250139941 -1.31306721e-08 4.82586744e-08 1
LGIC_C 340 -0.303850276 0.588586556 0.0250140166 2.8101852e-08 -4.20574041e-08 1
LGIC_C 341 -0.0246146242 -0.713057891 0.0250140144 8.63456455e-09 4.34088336e-08 1
LGIC_C 342 -0.83302085 -0.0229031782 0.0250140188 -4.34088282e-08 2.70157287e-08 -1
LGIC_C 343 0.270133671 0.486249525 0.0250140103 1.3130701e-08 4.82586573e-08 -1
LGIC_C 344 -0.1095198 0.0239375788 0.0250139884 5.7878425e-08 4.89846948e-08 1
LGIC_C 346 0.346388541 0.308671719 0.0250140036 -3.68002282e-08 -2.45891172e-08 1
LGIC_C 347 0.486122031 -0.133844306 0.0250140087 -4.96100859e-08 9.86807898e-09 1
LGIC_C 349 -0.217729454 -0.529425679 0.0250140032 -2.90231482e-08 4.96101036e-08 1
LGIC_C 350 -0.294297159 0.361586577 0.0250140038 2.45891128e-08 -3.68002333e-08 1
LGIC_C 352 -0.209665949 -0.277650597 0.025014 3.95603082e-08 3.05989652e-08 1
LGIC_C 353 -0.317004987 0.172560155 0.0250140015 4.20574045e-08 -2.81018523e-08 1
LGIC_C 354 0.15379878 0.226120763 0.0250139971 -2.81018716e-08 -4.20573923e-08 1
LGIC_C 355 0.0996597269 -0.528145443 0.0250140128 1.00935263e-08 5.7878447e-08 1
LGIC_C 356 0.122254758 0.690599846 0.0250140143 -8.63455884e-09 -4.34088253e-08 1
LGIC_C 357 0.757676845 0.14218065 0.0250140199 -4.96100869e-08 6.3366408e-09 1
LGIC_C 358 0.0642175605 -0.0390824343 0.0250139877 -4.90669481e-08 3.27855328e-08 1
LGIC_C 359 -0.244865215 0.230149369 0.0250140022 6.28881943e-09 -7.55636452e-08 1
LGIC_C 360 -0.479465032 0.436203109 0.0250140116 3.68002297e-08 -2.45891157e-08 1
LGIC_C 361 0.588567347 -0.135225701 0.0250140138 -4.96100859e-08 9.86807898e-09 1
LGIC_C 362 -0.414622451 -0.11780735 0.0250140004 -4.96100919e-08 2.90231703e-08 -1
LGIC_C 363 -0.307374652 0.438162071 0.0250140085 1.31306824e-08 -4.82586643e-08 1
LGIC_C 365 0.614052121 -0.348493365 0.0250140188 -4.20573976e-08 2.81018683e-08 1
LGIC_C 366 -0.335809604 -0.724175694 0.0250140187 3.95603082e-08 3.05989652e-08 1
LGIC_C 367 0.361803113 -0.105913706 0.0250140016 -4.34088182e-08 2.48392526e-08 1
LGIC_C 368 -0.127860002 -0.328584024 0.0250140007 2.48392553e-08 4.34088306e-08 1
LGIC_C 369 -0.126187807 -0.600513253 0.0250140094 -2.90231482e-08 4.96101036e-08 1
LGIC_C 370 -0.38448239 -0.586246982 0.0250140143 2.45891453e-08 3.68002268e-08 1
LGIC_C 371 0.233357368 0.0548455087 0.0250139938 -4.34088272e-08 -8.63453573e-09 1
LGIC_C 372 -0.071466898 0.431836143 0.0250140026 8.63455111e-09 -4.34088279e-08 1
LGIC_C 373 -0.631637016 0.463169021 0.0250140179 3.68002297e-08 -2.45891157e-08 1
LGIC_C 374 0.0317840665 -0.215966313 0.0250139937 6.33663526e-09 4.9610097e-08 1
LGIC_C 375 0.150755289 -0.633701356 0.0250140184 1.00935263e-08 5.7878447e-08 1
LGIC_C 376 0.401919985 0.359628801 0.0250140103 -4.20574004e-08 -2.81018564e-08 1
LGIC_C 377 0.320664132 0.164674242 0.0250139991 -3.68002282e-08 -2.45891172e-08 1
LGIC_C 378 -0.606789232 0.0989578 0.0250140105 4.96100851e-08 2.90231542e-08 1
LGIC_C 379 -0.0293608148 -0.457486308 0.0250140062 9.8680833e-09 4.96100963e-08 1
LGIC_C 380 0.108649618 0.59531169 0.0250140139 -9.86806672e-09 -4.96100854e-08 1
LGIC_C 381 0.0382755812 0.672869828 0.0250140164 -6.33660387e-09 4.96100877e-08 -1
LGIC_C 382 0.58489688 -0.249176102 0.025014015 -3.37890406e-08 4.80634332e-08 1
LGIC_C 384 -0.448278152 -0.415079579 0.0250140174 6.28883752e-09 7.55636663e-08 1
LGIC_C 386 0.500912274 -0.466399603 0.0250140131 -3.68002179e-08 2.45891393e-08 1
LGIC_C 387 0.580731992 -0.257228417 0.0250140152 -3.37890406e-08 4.80634332e-08 1
LGIC_C 388 -0.0258511297 0.425949804 0.0250140047 9.86805557e-09 -4.96100883e-08 1
LGIC_C 390 0.567071696 0.00524323934 0.0250140113 -4.96100869e-08 6.3366408e-09 1
LGIC_C 392 -0.209654605 -0.580741971 0.025014006 -2.90231482e-08 4.96101036e-08 1
LGIC_C 393 -0.0228261222 -0.324170263 0.0250139975 8.63456455e-09 4.34088336e-08 1
LGIC_C 395 0.354783741 0.437575953 0.025014009 1.3130701e-08 4.82586573e-08 -1
LGIC_C 396 0.291026952 0.40800163 0.0250140068 1.3130701e-08 4.82586573e-08 -1
LGIC_C 397 -0.683421915 0.249052699 0.0250140151 4.34088259e-08 -8.63455061e-09 1
LGIC_C 398 -0.585216948 0.246701562 0.0250140149 3.37890593e-08 -4.80634052e-08 1
LGIC_C 399 0.601624824 -0.150414181 0.0250140178 -4.96100802e-08 3.14742968e-08 1
NT 3420 -0.316181333 -0.239261161 0.0447812084 0 0 0
NT 3607 -0.100654782 -0.0938845123 0.0273063471 0 0 0
NT 4655 0.0495728313 0.486716422 0.0328283164 0 0 0
NT 4695 0.456929752 0.24630492 0.0354106838 0 0 0
NT 4719 -0.295795206 0.372694717 0.034747542 0 0 0
NT 5053 0.175360619 -0.390102382 0.0304581289 0 0 0
NT 5078 -0.190583179 -0.442224461 0.0346598123 0 0 0
NT 5176 -0.229495333 -0.416744754 0.0349065696 0 0 0
NT 5268 -0.380740662 0.221953145 0.04505304 0 0 0
NT 5330 -0.205716398 -0.254244458 0.0296739461 0 0 0
NT 5348 0.46892567 -0.370206654 0.0391078799 0 0 0
NT 5429 -0.0190127566 -0.0192582379 0.0373126398 0 0 0
NT 5508 -0.563050932 0.122572942 0.0421555622 0 0 0
NT 5563 -0.103913091 -0.081316874 0.0292338279 0 0 0
NT 5659 -0.170580118 -0.0598791082 0.0391706972 0 0 0
NT 5876 -0.494337921 -0.703956823 0.0097195125 0 0 0
NT 5907 -0.714400529 0.306678035 0.0372193523 0 0 0
NT 5973 0.0255324469 0.250938352 0.026187951 0 0 0
NT 5995 0.303955979 0.0601704039 0.0397619146 0 0 0
NT 6061 -0.550963745 0.545476302 0.0401628938 0 0 0
NT 6161 0.174202401 -0.327291151 0.0374232653 0 0 0
NT 6319 0.112808013 -0.39187746 0.0313530725 0 0 0
NT 6370 0.1700087 0.263443839 0.0297156863 0 0 0
NT 6509 -0.081332984 -0.507281395 0.0449964481 0 0 0
NT 6981 0.562067339 -0.180985096 0.0319059261 0 0 0
NT 7076 0.321666318 0.125340055 0.0351253083 0 0 0
NT 7121 0.494289478 -0.276880781 0.0313909457 0 0 0
NT 7152 -0.0846687957 -0.638437898 0.0404691773 0 0 0
NT 7181 -2.86513489 0.488568866 -0.266307403 0 0 0
NT 7437 -0.346269907 -0.712988592 0.0463707157 0 0 0
NT 7579 -0.102169104 0.288487194 0.0451458701 0 0 0
NT 7686 -0.0853150134 -0.297183981 0.0398750364 0 0 0
NT 7695 -0.371884838 -0.254329706 0.0381098517 0 0 0
NT 7793 -0.12434085 0.327573532 0.0386772759 0 0 0
NT 7817 0.429078153 2.25485284 0.140808814 0 0 0
NT 7822 0.338499761 0.605033907 0.0315165357 0 0 0
NT 7827 0.421516556 -0.231655935 0.0456783044 0 0 0
NT 7855 0.602309953 -0.30601248 0.0334831586 0 0 0
NT 7994 0.211700708 -0.13484165 0.026278325 0 0 0
NT 8066 0.553179856 -0.108813941 0.0399959883 0 0 0
NT 8093 -0.497766676 -0.350046297 0.0436156764 0 0 0
NT 8219 -0.341253959 0.195954592 0.0388238713 0 0 0
LGIC_O 4402 -0.0345878633 0.265675272 0.025013999 1.15127271e-08 -5.78784352e-08 1
LGIC_O 4401 -0.1840676 0.0972239463 0.0250139942 3.37890593e-08 -4.80634052e-08 1
LGIC_O 4400 -0.175025146 0.0137516014 0.0250139927 5.7878425e-08 4.89846948e-08 1
LGIC_O 8441 0.636913646 -0.12672076 0.0250140188 -4.96100802e-08 3.14742968e-08 1
LGIC_O 8440 0.314831804 -0.521242477 0.0250140191 -3.27854948e-08 4.90669785e-08 1
LGIC_O 8439 0.567487089 -0.204519113 0.0250140184 -5.78784275e-08 1.15127558e-08 1
LGIC_O 8438 -0.495463838 -0.478991786 0.0250140171 1.45571809e-08 5.5602105e-08 1
LGIC_O 8437 -0.0865332912 0.0753896135 0.0250139898 3.37890593e-08 -4.80634052e-08 1
LGIC_O 8436 0.281965125 0.349247805 0.0250140096 -3.27855134e-08 -4.90669575e-08 1
LGIC_O 8435 -0.281577291 0.489075666 0.0250140165 3.27854968e-08 -4.90669676e-08 1
LGIC_O 8434 -0.605092982 -0.110313414 0.0250140129 5.7878436e-08 -4.89847332e-08 1
LGIC_O 8433 0.701586212 -0.0117142491 0.0250140184 -4.96100802e-08 3.14742968e-08 1
LGIC_O 8432 0.426050556 0.664856809 0.0250140182 -2.45891309e-08 -3.68002211e-08 1
LGIC_O 8431 -0.53569519 -0.176489801 0.025014008 4.34088238e-08 8.63459484e-09 1
LGIC_O 8430 -0.206044735 -0.180448528 0.0250139982 6.28883752e-09 7.55636663e-08 1
LGIC_O 8429 0.342033035 -0.34268384 0.0250140113 -3.27854948e-08 4.90669785e-08 1
LGIC_O 8428 0.576112066 -0.314703408 0.0250140178 -3.37890406e-08 4.80634332e-08 1
LGIC_O 8427 0.236726308 -0.318077646 0.0250140066 -3.27854948e-08 4.90669785e-08 1
LGIC_O 8426 -0.0976488914 -0.110862836 0.0250139913 7.55636799e-08 6.2887973e-09 1
LGIC_O 8425 0.534646383 -0.195059479 0.0250140164 -5.78784275e-08 1.15127558e-08 1
LGIC_O 8424 0.219544679 -0.315091025 0.0250140059 -3.27854948e-08 4.90669785e-08 1
LGIC_O 8423 -0.608846757 -0.593779315 0.0250140203 3.68002489e-08 2.45891179e-08 1
LGIC_O 8422 0.564815598 -0.372450199 0.0250140202 -3.37890406e-08 4.80634332e-08 1
LGIC_O 8421 0.550750457 0.0902902064 0.0250140162 -5.78784335e-08 -1.15127284e-08 1
LGIC_O 8420 0.175418091 0.0610257495 0.0250139941 -5.78784335e-08 -1.15127284e-08 1
LGIC_O 8419 0.142777714 0.100831833 0.0250139936 -4.90669739e-08 -3.27854893e-08 1
LGIC_O 4418 0.0575220985 -0.190210297 0.0250139949 -1.15127059e-08 5.78784511e-08 1
LGIC_O 4417 -0.118754336 -0.170834128 0.0250139938 2.81018674e-08 4.20574117e-08 1
LGIC_O 4416 0.593239316 0.0786534269 0.0250140185 -5.78784335e-08 -1.15127284e-08 1
LGIC_O 4415 0.0853954366 -0.420999761 0.0250140086 -1.15127059e-08 5.78784511e-08 1
LGIC_O 4414 -0.374457097 -0.228026162 0.0250140026 3.68002489e-08 2.45891179e-08 1
LGIC_O 4413 0.577482781 -0.285169834 0.0250140164 -3.37890406e-08 4.80634332e-08 1
LGIC_O 4412 -0.484325859 0.306166979 0.0250140144 3.37890593e-08 -4.80634052e-08 1
LGIC_O 4411 0.44777829 -0.0963194904 0.0250140103 -5.78784275e-08 1.15127558e-08 1
LGIC_O 4410 0.28281874 -0.503567977 0.0250140172 -3.27854948e-08 4.90669785e-08 1
LGIC_O 4409 -0.116204576 -0.152585731 0.025013993 7.55636799e-08 6.2887973e-09 1
LGIC_O 4408 -0.333519821 0.289166147 0.0250140084 3.37890593e-08 -4.80634052e-08 1
LGIC_O 4407 -0.148720782 -0.636306108 0.0250140163 9.8680833e-09 4.96100963e-08 1
LGIC_O 4406 0.336173082 -0.328141715 0.0250140105 -4.90669481e-08 3.27855328e-08 1
LGIC_O 4405 -0.249510429 -0.168914007 0.0250139976 6.28883752e-09 7.55636663e-08 1
LGIC_O 4404 0.0811982327 0.141649416 0.0250139929 -3.27855134e-08 -4.90669575e-08 1
LGIC_O 4403 0.0533120499 -0.19689515 0.0250139952 -1.15127059e-08 5.78784511e-08 1
