LGIC_C 0 0.453256728 0.192384611 0.0250140077 -4.20574004e-08 -2.81018564e-08 1
LGIC_C 1 -0.254495506 0.0600075191 0.0250139948 4.34088259e-08 -8.63455061e-09 1
LGIC_C 2 -0.539190831 0.154865749 0.0250140115 4.96100897e-08 -9.86805572e-09 1
LGIC_C 3 0.269129031 -0.687138331 0.02501402 -9.86804037e-09 4.96101e-08 1
LGIC_C 4 -0.476300369 -0.198366224 0.0250140012 6.28883752e-09 7.55636663e-08 1
LGIC_C 5 0.112770472 -0.569662622 0.0250140151 1.00935263e-08 5.7878447e-08 1
LGIC_C 6 -0.327930696 0.536470532 0.0250140182 1.28239438e-08 -5.73353116e-08 1
LGIC_C 7 -0.72151845 0.439271104 -0.00312981769 -0.827617296 0.552995934 0.0961514895
LGIC_C 8 -0.113972011 0.314476439 0.0250139979 8.63455111e-09 -4.34088279e-08 1
LGIC_C 9 -0.453466572 -0.241374015 0.0250140043 6.28883752e-09 7.55636663e-08 1
LGIC_C 10 -0.353219225 -0.591625236 0.0250140153 3.95603082e-08 3.05989652e-08 1
LGIC_C 11 0.167245445 0.553942595 0.0250140097 -6.33660387e-09 4.96100877e-08 -1
LGIC_C 12 0.41275251 0.228685765 0.025014011 -4.90669739e-08 -3.27854893e-08 1
LGIC_C 13 0.721302656 -0.0932103578 0.0250140199 -4.96100859e-08 9.86807898e-09 1
LGIC_C 14 0.669015799 0.254288328 0.0250140148 -4.96100869e-08 6.3366408e-09 1
LGIC_C 15 -0.461495369 -0.360979578 0.0250140091 5.39043203e-09 6.47688584e-08 1
LGIC_C 16 0.62849259 -0.107338109 0.0250140155 -4.96100859e-08 9.86807898e-09 1
LGIC_C 17 -0.524458942 0.369073339 0.0250140134 -4.82586679e-08 1.31306769e-08 -1
LGIC_C 18 0.314715969 -0.468293013 0.0250140118 -2.81018481e-08 4.20574137e-08 1
LGIC_C 21 -0.0150988552 -0.194007015 0.0250139924 -2.90231482e-08 4.96101036e-08 1
LGIC_C 22 0.203508502 0.597723465 0.0250140149 -9.86806672e-09 -4.96100854e-08 1
LGIC_C 23 -0.513060238 0.441378986 0.025014013 3.68002297e-08 -2.45891157e-08 1
LGIC_C 24 0.138266817 0.410587192 0.025014005 -9.86806672e-09 -4.96100854e-08 1
LGIC_C 25 0.338613388 -0.0404289504 0.0250139983 -4.34088226e-08 8.63456802e-09 1
LGIC_C 27 -0.302149191 0.527797508 0.0250140191 3.27854968e-08 -4.90669676e-08 1
LGIC_C 28 0.653646672 0.0930064002 0.0250140124 -4.34088272e-08 -8.63453573e-09 1
LGIC_C 30 0.668470123 0.157389797 0.0250140154 -4.96100869e-08 6.3366408e-09 1
LGIC_C 31 -0.426827243 -0.428895134 0.0250140133 3.95603082e-08 3.05989652e-08 1
LGIC_C 32 0.0464294136 0.0880629903 0.0250139881 1.3130701e-08 4.82586573e-08 -1
LGIC_C 33 -0.00886680262 0.635987981 0.025014011 8.63455111e-09 -4.34088279e-08 1
LGIC_C 35 -0.14899758 -0.514038953 0.0250140044 -2.90231482e-08 4.96101036e-08 1
LGIC_C 36 0.457572218 -0.606301343 0.0250140168 -2.45891087e-08 3.68002429e-08 1
LGIC_C 37 0.0911932356 0.795577136 0.0250140186 -8.63455884e-09 -4.34088253e-08 1
LGIC_C 38 0.7620121 -0.340610958 0.02501402 -3.05989503e-08 3.95603122e-08 1
LGIC_C 39 0.677759833 0.249670531 0.0250140148 -4.34088272e-08 -8.63453573e-09 1
LGIC_C 40 -0.688425048 0.0249462625 0.0250140138 4.34088279e-08 -2.48392273e-08 1
LGIC_C 41 -0.510620836 0.597966953 0.0250140178 2.45891128e-08 -3.68002333e-08 1
LGIC_C 42 -0.269230726 -0.695788455 0.0250140158 8.63456455e-09 4.34088336e-08 1
LGIC_C 43 -0.615269699 -0.475232485 0.025014014 1.15916899e-08 4.97976879e-08 1
LGIC_C 44 0.337924293 0.527541685 0.0250140132 1.3130701e-08 4.82586573e-08 -1
LGIC_C 45 -0.00702069083 -0.194920249 0.0250139919 2.48392553e-08 4.34088306e-08 1
LGIC_C 46 -0.198532454 -0.171154943 0.0250139954 5.39043203e-09 6.47688584e-08 1
LGIC_C 47 0.531024957 -0.184249337 0.0250140161 -5.78784275e-08 1.15127558e-08 1
LGIC_C 48 -0.103056725 -0.363842263 0.0250139999 8.63456455e-09 4.34088336e-08 1
LGIC_C 51 -0.617054302 -0.0337843008 0.0250140103 4.34088238e-08 8.63459484e-09 1
LGIC_C 52 0.676619987 -0.204708719 0.0250140177 -4.34088182e-08 2.48392526e-08 1
LGIC_C 53 0.356303641 -0.106030218 0.0250140013 -4.34088182e-08 2.48392526e-08 1
LGIC_C 54 -0.0495270847 -0.218775415 0.0250139935 -4.89847109e-08 5.78784581e-08 1
LGIC_C 55 0.43000695 0.509274184 0.0250140135 1.3130701e-08 4.82586573e-08 -1
LGIC_C 56 -0.137842715 -0.248120743 0.0250139945 -5.56021111e-08 -1.45571543e-08 -1
LGIC_C 57 -0.0894533063 0.384833563 0.0250140052 -3.14742797e-08 4.96100914e-08 -1
LGIC_C 58 0.47766707 -0.106481402 0.0250140066 -4.34088182e-08 2.48392526e-08 1
LGIC_C 59 -0.38133923 -0.183285523 0.025013999 1.45571809e-08 5.5602105e-08 1
LGIC_C 60 0.142129956 0.511913223 0.0250140131 -3.14742949e-08 -4.96100822e-08 1
LGIC_C 61 -0.399886542 0.346247369 0.0250140098 4.20574045e-08 -2.81018523e-08 1
LGIC_C 62 -0.0218631139 0.399388503 0.0250140038 -3.14742797e-08 4.96100914e-08 -1
LGIC_C 63 0.252812096 -0.0197861386 0.025013996 -4.96100859e-08 9.86807898e-09 1
LGIC_C 64 -0.234843046 0.0157399442 0.0250139961 5.7878425e-08 4.89846948e-08 1
LGIC_C 65 0.0217194327 0.346525578 0.0250140003 -6.33660387e-09 4.96100877e-08 -1
LGIC_C 66 -0.244506586 -0.316920337 0.0250140009 2.45891453e-08 3.68002268e-08 1
LGIC_C 67 -0.450839396 0.418621923 0.0250140177 6.28881943e-09 -7.55636452e-08 1
LGIC_C 68 -0.681895791 -0.109149032 0.0250140099 -4.34088282e-08 2.70157287e-08 -1
LGIC_C 69 -0.663998603 -0.335397964 0.0250140159 3.68002489e-08 2.45891179e-08 1
LGIC_C 70 -0.0293731934 0.37388295 0.0250139997 8.63455111e-09 -4.34088279e-08 1
LGIC_C 72 0.139183584 0.410308649 0.0250140023 -8.63455884e-09 -4.34088253e-08 1
LGIC_C 73 -0.00364717067 0.00266309959 0.0250139835 3.68002297e-08 -2.45891157e-08 1
LGIC_C 74 0.504952361 0.499793338 0.0250140142 -4.82586616e-08 -1.31306776e-08 1
LGIC_C 75 0.530904259 -0.582726375 0.0250140177 -2.45891087e-08 3.68002429e-08 1
LGIC_C 76 -0.697828663 0.0429209623 0.0250140166 4.96100851e-08 2.90231542e-08 1
LGIC_C 77 0.365332112 -0.252180629 0.0250140044 -3.05989503e-08 3.95603122e-08 1
LGIC_C 79 -0.594114054 -0.274629191 0.0250140038 1.15916899e-08 4.97976879e-08 1
LGIC_C 80 0.736875249 0.0152016749 0.0250140154 -4.34088272e-08 -8.63453573e-09 1
LGIC_C 81 0.0491773283 0.666636855 0.025014016 -6.33660387e-09 4.96100877e-08 -1
LGIC_C 82 0.452624581 -0.24447836 0.0250140067 -3.05989503e-08 3.95603122e-08 1
LGIC_C 83 -0.353689529 0.258668298 0.0250140037 -4.82586679e-08 1.31306769e-08 -1
LGIC_C 84 0.217197902 0.506103687 0.0250140106 -2.81018716e-08 -4.20573923e-08 1
LGIC_C 85 -0.0522848206 0.0610811645 0.0250139874 1.28239438e-08 -5.73353116e-08 1
LGIC_C 87 -0.331685941 -0.221810984 0.0250140004 1.45571809e-08 5.5602105e-08 1
LGIC_C 88 -0.550285843 -0.487511863 0.0250140139 1.15916899e-08 4.97976879e-08 1
LGIC_C 89 0.234551297 -0.484528856 0.0250140097 -1.31306721e-08 4.82586744e-08 1
LGIC_C 90 -0.355366426 -0.348639702 0.0250140078 1.45571809e-08 5.5602105e-08 1
LGIC_C 91 0.173932919 0.819124547 0.0250140203 -8.63455884e-09 -4.34088253e-08 1
LGIC_C 92 0.246104238 -0.742333919 0.0250140185 6.33663526e-09 4.9610097e-08 1
LGIC_C 93 -0.0111205757 0.570174438 0.0250140115 -6.33661298e-09 -4.96100859e-08 1
LGIC_C 94 0.155146974 -0.0284998975 0.0250139918 -4.96100802e-08 3.14742968e-08 1
LGIC_C 95 -0.310840096 -0.443624191 0.025014007 -5.56021111e-08 -1.45571543e-08 -1
LGIC_C 96 0.274906949 -0.0637559509 0.0250139975 -4.96100859e-08 9.86807898e-09 1
LGIC_C 97 -0.397230575 0.0568723765 0.0250140013 4.96100851e-08 2.90231542e-08 1
LGIC_C 98 -0.322682981 -0.615543902 0.0250140149 3.95603082e-08 3.05989652e-08 1
LGIC_C 99 0.208865402 -0.0451931067 0.025013995 -4.96100802e-08 3.14742968e-08 1
LGIC_C 100 -0.380105869 -0.429724924 0.0250140084 2.45891453e-08 3.68002268e-08 1
LGIC_C 101 -0.374922955 0.00852867337 0.025014002 4.96100897e-08 -9.86805572e-09 1
LGIC_C 102 -0.424917861 0.441948476 0.0250140141 1.28239438e-08 -5.73353116e-08 1
LGIC_C 103 -0.423413315 -0.0273847916 0.0250140009 -4.34088282e-08 2.70157287e-08 -1
LGIC_C 104 0.621983606 -0.212095432 0.0250140162 -4.96100859e-08 9.86807898e-09 1
LGIC_C 105 -0.313739284 0.144019221 0.0250139984 3.68002297e-08 -2.45891157e-08 1
LGIC_C 106 -0.27740254 0.737750619 0.0250140177 8.63455111e-09 -4.34088279e-08 1
LGIC_C 107 -0.648767803 -0.262415861 0.0250140137 4.34088238e-08 8.63459484e-09 1
LGIC_C 108 -0.0388252015 -0.510348372 0.0250140064 2.48392553e-08 4.34088306e-08 1
LGIC_C 110 -0.232955624 -0.731071994 0.025014017 8.63456455e-09 4.34088336e-08 1
LGIC_C 111 -0.507936734 -0.119506574 0.025014005 -4.96100919e-08 2.90231703e-08 -1
LGIC_C 112 0.683268622 -0.0542430226 0.0250140188 -4.96100802e-08 3.14742968e-08 1
LGIC_C 113 -0.0594375173 -0.712487128 0.0250140156 2.48392553e-08 4.34088306e-08 1
LGIC_C 114 -0.342891256 0.391884099 0.0250140101 1.28239438e-08 -5.73353116e-08 1
LGIC_C 115 0.457471562 -0.395563681 0.0250140129 -3.05989503e-08 3.95603122e-08 1
LGIC_C 116 0.121475852 -0.461136359 0.0250140087 1.00935263e-08 5.7878447e-08 1
LGIC_C 117 -0.181476405 -0.0747996577 0.0250139891 4.96100935e-08 -4.19869172e-08 1
LGIC_C 118 -0.298290856 -0.325166792 0.0250140046 -5.56021111e-08 -1.45571543e-08 -1
LGIC_C 119 0.0880336346 0.46654623 0.0250140073 -9.86806672e-09 -4.96100854e-08 1
LGIC_C 120 0.0091835695 0.50002804 0.025014008 -6.33660387e-09 4.96100877e-08 -1
LGIC_C 121 -0.52059777 -0.424103973 0.0250140104 1.15916899e-08 4.97976879e-08 1
LGIC_C 122 0.621476098 -0.382876644 0.0250140155 -3.68002179e-08 2.45891393e-08 1
LGIC_C 124 0.566008374 -0.480525996 0.0250140159 -3.68002179e-08 2.45891393e-08 1
LGIC_C 125 0.111186421 -0.160727499 0.0250139924 -1.31306721e-08 4.82586744e-08 1
LGIC_C 126 0.627026756 -0.41859312 0.025014019 -3.05989503e-08 3.95603122e-08 1
LGIC_C 127 0.2153973 -0.278658243 0.0250139995 -1.31306721e-08 4.82586744e-08 1
LGIC_C 128 0.238851918 -0.275905256 0.0250139993 -2.45891087e-08 3.68002429e-08 1
LGIC_C 129 0.422785215 -0.0858261794 0.0250140023 -4.34088226e-08 8.63456802e-09 1
LGIC_C 130 -0.54790017 0.193474837 0.0250140087 4.34088259e-08 -8.63455061e-09 1
LGIC_C 131 0.407195827 0.238646326 0.025014006 -4.82586616e-08 -1.31306776e-08 1
LGIC_C 132 -0.185408574 0.0593193839 0.0250139911 5.7878425e-08 4.89846948e-08 1
LGIC_C 133 -0.568405301 -0.0453867834 0.0250140083 4.34088238e-08 8.63459484e-09 1
LGIC_C 134 0.253242604 -0.61307104 0.025014012 -8.63454093e-09 4.34088369e-08 1
LGIC_C 135 -0.249125474 -0.244340033 0.0250140033 6.28883752e-09 7.55636663e-08 1
LGIC_C 136 0.365769132 -0.319521055 0.0250140045 -3.68002179e-08 2.45891393e-08 1
LGIC_C 137 0.363358376 -0.378731125 0.0250140063 -1.31306721e-08 4.82586744e-08 1
LGIC_C 138 -0.691791643 -0.241084507 0.0250140075 4.96100935e-08 -4.19869172e-08 1
LGIC_C 139 0.137216977 -0.0203991566 0.0250139907 -4.96100802e-08 3.14742968e-08 1
LGIC_C 140 0.519080601 0.546672869 0.0250140161 -2.45891309e-08 -3.68002211e-08 1
LGIC_C 141 0.45167766 0.121521187 0.0250140039 -4.34088272e-08 -8.63453573e-09 1
LGIC_C 142 -0.432263263 -0.564832885 0.0250140176 3.95603082e-08 3.05989652e-08 1
LGIC_C 144 -0.438653928 -0.478590512 0.0250140146 -5.56021111e-08 -1.45571543e-08 -1
LGIC_C 145 0.207528437 0.00701195572 0.0250139935 -4.96100869e-08 6.3366408e-09 1
LGIC_C 146 0.0179173069 0.555867865 0.025014011 -9.86806672e-09 -4.96100854e-08 1
LGIC_C 147 -0.351939361 -0.364509634 0.0250140053 2.45891453e-08 3.68002268e-08 1
LGIC_C 149 0.551994341 0.474578345 0.0250140152 -3.68002282e-08 -2.45891172e-08 1
LGIC_C 150 0.376743294 0.115091987 0.0250140012 -4.96100869e-08 6.3366408e-09 1
LGIC_C 151 -0.086338814 -0.674280659 0.0250140133 8.63456455e-09 4.34088336e-08 1
LGIC_C 152 0.290121499 0.5292929 0.0250140126 1.3130701e-08 4.82586573e-08 -1
LGIC_C 153 0.182995167 -0.186677536 0.0250139963 -1.28239349e-08 5.73353226e-08 1
LGIC_C 154 0.141788179 0.481204067 0.0250140085 -9.86806672e-09 -4.96100854e-08 1
LGIC_C 155 -0.518156245 0.163341312 0.0250140072 4.34088259e-08 -8.63455061e-09 1
LGIC_C 156 -0.24552931 0.0446122234 0.0250139943 4.34088259e-08 -8.63455061e-09 1
LGIC_C 157 -0.471601803 0.260765738 0.0250140059 6.28881943e-09 -7.55636452e-08 1
LGIC_C 158 0.324452052 0.174433222 0.0250140026 3.37890593e-08 4.80634111e-08 -1
LGIC_C 159 0.767093749 0.098995652 0.0250140174 -4.34088272e-08 -8.63453573e-09 1
LGIC_C 160 -0.315189561 -0.0873146696 0.0250139946 -4.34088282e-08 2.70157287e-08 -1
LGIC_C 161 -0.412436225 0.0863699225 0.0250140046 4.96100897e-08 -9.86805572e-09 1
LGIC_C 162 0.462455247 0.0304183211 0.0250140065 -4.96100911e-08 -9.86803575e-09 1
LGIC_C 163 0.366618036 -0.240205277 0.0250140054 -4.20573976e-08 2.81018683e-08 1
LGIC_C 164 0.292947748 -0.598282208 0.0250140159 -1.31306721e-08 4.82586744e-08 1
LGIC_C 165 -0.356758453 0.0698616369 0.0250139989 4.96100851e-08 2.90231542e-08 1
LGIC_C 166 -0.115021425 -0.689645386 0.025014016 2.48392553e-08 4.34088306e-08 1
LGIC_C 167 -0.58030347 0.570123639 0.0250140188 -4.82586679e-08 1.31306769e-08 -1
LGIC_C 168 -0.494233869 -0.232125077 0.0250140009 5.39043203e-09 6.47688584e-08 1
LGIC_C 169 0.667650574 -0.521118222 -0.000886510396 0.827616944 -0.552996408 0.0961517878
LGIC_C 171 -0.236394451 0.333235256 0.0250140054 1.28239438e-08 -5.73353116e-08 1
LGIC_C 172 0.284294281 0.131372832 0.0250139989 -4.20574004e-08 -2.81018564e-08 1
LGIC_C 173 0.661130633 0.290920158 0.0250140147 -3.68002282e-08 -2.45891172e-08 1
LGIC_C 174 -0.0820151616 -0.496361355 0.0250140068 2.48392553e-08 4.34088306e-08 1
LGIC_C 175 0.403643725 -0.319022719 0.0250140122 -3.37890406e-08 4.80634332e-08 1
LGIC_C 177 0.328921877 0.365918664 0.0250140079 -2.81018716e-08 -4.20573923e-08 1
LGIC_C 178 0.126986277 -0.608335159 0.0250140126 6.33663526e-09 4.9610097e-08 1
LGIC_C 180 -0.144037359 0.26502068 0.0250139985 2.8101852e-08 -4.20574041e-08 1
LGIC_C 181 -0.645771034 -0.297402943 0.025014006 5.39043203e-09 6.47688584e-08 1
LGIC_C 183 0.668102998 0.27748169 0.0250140191 -4.82586616e-08 -1.31306776e-08 1
LGIC_C 184 0.691616111 -0.0535615743 0.0250140146 -4.34088182e-08 2.48392526e-08 1
LGIC_C 185 0.364862127 -0.176809823 0.0250140014 -3.05989503e-08 3.95603122e-08 1
LGIC_C 186 -0.626549333 -0.270549114 0.0250140041 5.39043203e-09 6.47688584e-08 1
LGIC_C 188 -0.731325108 0.0962473669 0.0250140158 4.34088259e-08 -8.63455061e-09 1
LGIC_C 189 -0.530464428 0.299412489 0.025014014 4.20574045e-08 -2.81018523e-08 1
LGIC_C 190 0.338110815 -0.713373242 0.0250140178 -2.45891087e-08 3.68002429e-08 1
LGIC_C 191 -0.455744974 -0.257121238 0.0250140023 5.39043203e-09 6.47688584e-08 1
LGIC_C 192 -0.271442422 0.111078291 0.025013996 4.34088259e-08 -8.63455061e-09 1
LGIC_C 193 0.259166126 0.0988657038 0.0250139971 -4.96100911e-08 -9.86803575e-09 1
LGIC_C 194 -0.712299783 0.350243505 0.0250140181 3.68002297e-08 -2.45891157e-08 1
LGIC_C 195 0.370600773 0.400153581 0.0250140105 -2.81018716e-08 -4.20573923e-08 1
LGIC_C 196 0.720748353 0.39489267 0.0250140195 -3.68002282e-08 -2.45891172e-08 1
LGIC_C 197 -0.253622189 -0.549629768 0.0250140097 2.45891453e-08 3.68002268e-08 1
LGIC_C 198 0.482196912 -0.0598071195 0.0250140047 -4.34088226e-08 8.63456802e-09 1
LGIC_C 199 0.662511418 0.258363868 0.0250140145 -4.96100869e-08 6.3366408e-09 1
LGIC_C 200 0.726766069 -0.321330811 0.0250140179 -3.68002179e-08 2.45891393e-08 1
LGIC_C 201 0.23484154 0.108018518 0.0250139962 -4.20574004e-08 -2.81018564e-08 1
LGIC_C 202 -0.0319464711 -0.297107797 0.0250139969 2.48392553e-08 4.34088306e-08 1
LGIC_C 203 -0.14452198 -0.00702967032 0.0250139902 4.96100935e-08 -4.19869172e-08 1
LGIC_C 204 -0.392390603 0.560833274 0.0250140179 2.8101852e-08 -4.20574041e-08 1
LGIC_C 205 -0.0989620217 0.264699408 0.0250139974 9.86805557e-09 -4.96100883e-08 1
LGIC_C 206 0.673075459 -0.336955062 0.0250140163 -3.68002179e-08 2.45891393e-08 1
LGIC_C 207 -0.122753569 -0.468827286 0.0250140043 -4.89847109e-08 5.78784581e-08 1
LGIC_C 208 -0.499771559 0.420303265 0.0250140129 -4.82586679e-08 1.31306769e-08 -1
LGIC_C 209 0.00225199153 0.00503615195 0.025013984 2.76305616e-08 1.38908221e-07 -1
LGIC_C 210 0.0862486982 0.281254055 0.0250139981 -9.86806672e-09 -4.96100854e-08 1
LGIC_C 212 -0.373342433 -0.546253248 0.025014012 -5.56021111e-08 -1.45571543e-08 -1
LGIC_C 213 0.336302426 -0.391462668 0.0250140091 -2.81018481e-08 4.20574137e-08 1
LGIC_C 214 0.456822245 -0.0646476571 0.0250140036 -4.34088226e-08 8.63456802e-09 1
LGIC_C 215 -0.50139033 -0.026519012 0.0250140053 4.34088238e-08 8.63459484e-09 1
LGIC_C 216 0.166732672 -0.199463137 0.025013995 -1.31306721e-08 4.82586744e-08 1
LGIC_C 217 0.479318254 -0.360108551 0.0250140167 -3.37890406e-08 4.80634332e-08 1
LGIC_C 218 -0.260217546 0.474222856 0.0250140096 1.31306824e-08 -4.82586643e-08 1
LGIC_C 219 -0.263245105 -0.421411197 0.0250140066 3.95603082e-08 3.05989652e-08 1
LGIC_C 220 -0.733040963 -0.315662665 0.025014018 3.68002489e-08 2.45891179e-08 1
LGIC_C 221 0.640929881 -0.41778235 0.0250140171 -3.68002179e-08 2.45891393e-08 1
LGIC_C 222 -0.505192904 -0.208333703 0.0250140023 -4.96100919e-08 2.90231703e-08 -1
LGIC_C 223 0.210658751 0.398229004 0.0250140068 -4.80634192e-08 -3.37890445e-08 1
LGIC_C 224 -0.372591138 0.0461623888 0.0250140004 4.96100851e-08 2.90231542e-08 1
LGIC_C 225 0.229758404 -0.687041265 0.025014015 -8.63454093e-09 4.34088369e-08 1
LGIC_C 226 0.377776639 -0.138636531 0.0250140008 -4.34088226e-08 8.63456802e-09 1
LGIC_C 227 -0.176265726 0.49484885 0.0250140063 8.63455111e-09 -4.34088279e-08 1
LGIC_C 228 0.283607488 -0.294017586 0.0250140011 -1.31306721e-08 4.82586744e-08 1
LGIC_C 229 -0.504414153 -0.0695545246 0.0250140058 4.34088238e-08 8.63459484e-09 1
LGIC_C 230 -0.697632207 -0.172658999 0.0250140089 -4.34088282e-08 2.70157287e-08 -1
LGIC_C 231 0.541640996 0.258795804 0.025014014 3.37890593e-08 4.80634111e-08 -1
LGIC_C 232 -0.284376515 0.801674753 0.0206438347 -0.194186377 0.976241021 0.0961515493
LGIC_C 233 0.280936483 0.246153325 0.025014 -4.82586616e-08 -1.31306776e-08 1
LGIC_C 234 0.0267135051 -0.439966447 0.0250140026 -8.63454093e-09 4.34088369e-08 1
LGIC_C 235 0.365293305 0.444133638 0.0250140122 -2.81018716e-08 -4.20573923e-08 1
LGIC_C 236 0.314391418 -0.0210628834 0.0250139974 -4.34088182e-08 2.48392526e-08 1
LGIC_C 239 0.495911445 -0.234727678 0.0250140107 -4.20573976e-08 2.81018683e-08 1
LGIC_C 240 0.138325207 -0.199907701 0.0250139965 -1.28239349e-08 5.73353226e-08 1
LGIC_C 241 -0.135729467 0.182862193 0.0250139948 2.8101852e-08 -4.20574041e-08 1
LGIC_C 242 0.594814783 -0.342982433 0.0250140198 -3.37890406e-08 4.80634332e-08 1
LGIC_C 243 -0.689008223 0.243320089 0.0250140199 4.96100897e-08 -9.86805572e-09 1
LGIC_C 246 0.399723024 0.419052385 0.0250140087 1.3130701e-08 4.82586573e-08 -1
LGIC_C 247 -0.48536037 0.641730244 0.0250140188 2.45891128e-08 -3.68002333e-08 1
LGIC_C 248 0.0912754358 -0.0666716341 0.0250139882 -3.68002179e-08 2.45891393e-08 1
LGIC_C 249 0.515339076 -0.0785884949 0.0250140113 -4.96100802e-08 3.14742968e-08 1
LGIC_C 250 0.261759438 0.541364473 0.0250140141 -4.80634192e-08 -3.37890445e-08 1
LGIC_C 251 0.036602637 0.589302076 0.0250140123 -6.33660387e-09 4.96100877e-08 -1
LGIC_C 252 0.167938848 0.560662221 0.0250140164 -3.14742949e-08 -4.96100822e-08 1
LGIC_C 253 0.476568844 0.297099061 0.0250140101 -4.82586616e-08 -1.31306776e-08 1
LGIC_C 255 -0.726843207 -0.0698116162 0.0250140129 -4.34088282e-08 2.70157287e-08 -1
LGIC_C 256 -0.315601283 0.551106648 0.0250140113 2.45891128e-08 -3.68002333e-08 1
LGIC_C 257 0.311991908 0.311568229 0.0250140024 1.3130701e-08 4.82586573e-08 -1
LGIC_C 258 -0.29240994 0.577587546 0.0250140117 2.45891128e-08 -3.68002333e-08 1
LGIC_C 260 -0.0131864168 -0.593460389 0.0250140128 9.8680833e-09 4.96100963e-08 1
LGIC_C 261 0.0834784409 0.639696343 0.0250140117 -8.63455884e-09 -4.34088253e-08 1
LGIC_C 262 -0.354374395 0.35322387 0.0250140081 4.20574045e-08 -2.81018523e-08 1
LGIC_C 263 -0.680890443 -0.177772425 0.025014008 -4.34088282e-08 2.70157287e-08 -1
LGIC_C 264 0.433786206 -0.347635999 0.0250140077 -3.68002179e-08 2.45891393e-08 1
LGIC_C 265 0.202805949 0.00156172407 0.0250139933 -4.96100911e-08 -9.86803575e-09 1
LGIC_C 266 -0.1684142 -0.348605133 0.0250140006 3.95603082e-08 3.05989652e-08 1
LGIC_C 267 -0.31730298 -0.273044622 0.025014003 1.45571809e-08 5.5602105e-08 1
LGIC_C 268 -0.0262808101 -0.515049521 0.025014008 -2.90231482e-08 4.96101036e-08 1
LGIC_C 269 -0.0917184594 0.597918284 0.0250140123 -6.33661298e-09 -4.96100859e-08 1
LGIC_C 271 -0.463662444 -0.423394113 0.0250140107 3.68002489e-08 2.45891179e-08 1
LGIC_C 272 -0.373613119 0.243283862 0.0250140045 -4.82586679e-08 1.31306769e-08 -1
LGIC_C 273 0.751355251 -0.148773719 0.0250140195 -4.34088182e-08 2.48392526e-08 1
LGIC_C 274 -0.353504652 0.386809593 0.0250140062 2.45891128e-08 -3.68002333e-08 1
LGIC_C 275 0.00958778438 -0.527089182 0.0250140093 6.33663526e-09 4.9610097e-08 1
LGIC_C 276 -0.119373757 -0.476597739 0.0250140034 -2.90231482e-08 4.96101036e-08 1
LGIC_C 278 0.336500244 0.291822945 0.0250140028 -3.68002282e-08 -2.45891172e-08 1
LGIC_C 279 0.117020012 -0.0190609106 0.0250139885 -4.34088226e-08 8.63456802e-09 1
LGIC_C 280 -0.253274969 -0.175905312 0.0250139967 1.45571809e-08 5.5602105e-08 1
LGIC_C 281 0.410621857 0.498754833 0.0250140198 -4.80634192e-08 -3.37890445e-08 1
LGIC_C 282 -0.234683133 -0.438630047 0.025014006 3.95603082e-08 3.05989652e-08 1
LGIC_C 283 -0.253164488 -0.477486004 0.0250140054 7.55636799e-08 6.2887973e-09 1
LGIC_C 284 0.236209606 -0.76682823 0.0250140186 -8.63454093e-09 4.34088369e-08 1
LGIC_C 286 -0.557031554 0.0252666503 0.0250140102 4.96100851e-08 2.90231542e-08 1
LGIC_C 287 -0.0694657322 -0.123083219 0.0250139895 2.45891453e-08 3.68002268e-08 1
LGIC_C 288 0.028435908 -0.386736185 0.0250140022 6.33663526e-09 4.9610097e-08 1
LGIC_C 289 0.0410404629 -0.0252254874 0.0250139854 -3.68002179e-08 2.45891393e-08 1
LGIC_C 290 -0.379764228 -0.543816928 0.0250140168 2.81018674e-08 4.20574117e-08 1
LGIC_C 291 -0.477850784 0.426927341 0.0250140114 3.68002297e-08 -2.45891157e-08 1
LGIC_C 292 0.423867224 0.428027115 0.0250140132 -2.81018716e-08 -4.20573923e-08 1
LGIC_C 293 -0.694334819 -0.0851524825 0.0250140152 -4.96100919e-08 2.90231703e-08 -1
LGIC_C 295 -0.186694662 0.127753407 0.0250139941 6.28881943e-09 -7.55636452e-08 1
LGIC_C 296 0.499520635 0.215373229 0.0250140103 -4.20574004e-08 -2.81018564e-08 1
LGIC_C 297 0.0329280341 0.346633747 0.0250139986 -8.63455884e-09 -4.34088253e-08 1
LGIC_C 298 0.191223022 -0.541424389 0.025014012 -9.86804037e-09 4.96101e-08 1
LGIC_C 299 -0.0525251371 -0.339897425 0.0250140006 9.8680833e-09 4.96100963e-08 1
LGIC_C 300 0.36388687 -0.0298631271 0.0250139998 -4.34088182e-08 2.48392526e-08 1
LGIC_C 301 0.128873183 0.407705283 0.0250140021 -8.63455884e-09 -4.34088253e-08 1
LGIC_C 302 0.424439238 0.375726664 0.0250140117 -4.20574004e-08 -2.81018564e-08 1
LGIC_C 303 -0.00768763931 0.383397852 0.0250140024 9.86805557e-09 -4.96100883e-08 1
LGIC_C 304 -0.142272517 0.332053183 0.0250140012 1.31306824e-08 -4.82586643e-08 1
LGIC_C 305 -0.43544205 0.229913352 0.0250140049 3.68002297e-08 -2.45891157e-08 1
LGIC_C 306 0.210064682 0.0923675768 0.0250139948 3.37890593e-08 4.80634111e-08 -1
LGIC_C 307 -0.411089189 0.260196123 0.0250140065 -4.82586679e-08 1.31306769e-08 -1
LGIC_C 308 0.649587366 -0.301792992 0.0250140146 -3.68002179e-08 2.45891393e-08 1
LGIC_C 309 0.14367215 0.134222965 0.0250139918 -3.68002282e-08 -2.45891172e-08 1
LGIC_C 310 0.120834948 0.805784577 0.0250140193 -8.63455884e-09 -4.34088253e-08 1
LGIC_C 311 0.601349979 0.610811616 0.0215017652 0.552996265 0.827617084 0.0961514014
LGIC_C 312 0.320010125 0.222733193 0.025014003 -4.20574004e-08 -2.81018564e-08 1
LGIC_C 313 0.663582536 0.349168357 0.0250140163 -3.68002282e-08 -2.45891172e-08 1
LGIC_C 314 -0.21509307 0.55684823 0.0250140093 8.63455111e-09 -4.34088279e-08 1
LGIC_C 315 -0.0653012624 0.0181442739 0.0250139867 4.96100897e-08 -9.86805572e-09 1
LGIC_C 318 -0.23963881 -0.359913735 0.0250140018 -5.56021111e-08 -1.45571543e-08 -1
LGIC_C 319 -0.484918425 -0.0891748601 0.0250140019 -4.34088282e-08 2.70157287e-08 -1
LGIC_C 320 0.383929416 0.611008684 0.0250140197 -2.81018716e-08 -4.20573923e-08 1
LGIC_C 322 0.568109909 0.251407197 0.025014014 -4.82586616e-08 -1.31306776e-08 1
LGIC_C 323 -0.328163201 -0.621019416 0.0250140186 2.81018674e-08 4.20574117e-08 1
LGIC_C 324 0.0407005814 0.686221664 0.0250140171 -6.33660387e-09 4.96100877e-08 -1
LGIC_C 325 0.480929791 0.611879308 0.0250140176 -2.45891309e-08 -3.68002211e-08 1
LGIC_C 326 0.21227279 0.682975617 0.0250140158 -6.33660387e-09 4.96100877e-08 -1
LGIC_C 327 -0.311518622 -0.0451766417 0.0250139974 -4.96100919e-08 2.90231703e-08 -1
LGIC_C 328 -0.448976975 0.0605207221 0.0250140043 4.34088279e-08 -2.48392273e-08 1
LGIC_C 329 0.604472147 -0.175552532 0.025014015 -4.96100859e-08 9.86807898e-09 1
LGIC_C 330 0.368869009 -0.0105973483 0.0250140019 -4.96100802e-08 3.14742968e-08 1
LGIC_C 331 0.195996379 -0.102307126 0.0250139933 -3.05989503e-08 3.95603122e-08 1
LGIC_C 332 -0.0057960648 -0.407510582 0.0250140035 9.8680833e-09 4.96100963e-08 1
LGIC_C 333 0.501673031 0.175500891 0.0250140065 -4.34088272e-08 -8.63453573e-09 1
LGIC_C 334 0.233627198 0.751788905 0.0250140179 -8.63455884e-09 -4.34088253e-08 1
LGIC_C 335 0.22353697 0.539709901 0.0250140086 -8.63455884e-09 -4.34088253e-08 1
LGIC_C 336 -0.712417356 0.0169836283 0.0250140146 4.34088279e-08 -2.48392273e-08 1
LGIC_C 337 -0.0251224352 -0.000837835954 0.0250139845 4.96100935e-08 -4.19869172e-08 1
LGIC_C 338 -0.259870587 0.343009015 0.0250140023 2.45891128e-08 -3.68002333e-08 1
LGIC_C 339 0.113655664 -0.154528941 0.0250139922 -1.31306721e-08 4.82586744e-08 1
LGIC_C 340 -0.29239076 0.554357641 0.0250140148 2.8101852e-08 -4.20574041e-08 1
LGIC_C 341 0.0177039896 -0.681928439 0.025014013 -8.63454093e-09 4.34088369e-08 1
LGIC_C 342 -0.811220178 -0.0675182369 0.0250140167 -4.34088282e-08 2.70157287e-08 -1
LGIC_C 343 0.23460843 0.478925408 0.0250140095 1.3130701e-08 4.82586573e-08 -1
LGIC_C 344 -0.114890338 0.0219510859 0.0250139888 5.7878425e-08 4.89846948e-08 1
LGIC_C 346 0.351153723 0.331128122 0.0250140043 -3.68002282e-08 -2.45891172e-08 1
LGIC_C 347 0.474053527 -0.120677312 0.0250140079 -4.96100859e-08 9.86807898e-09 1
LGIC_C 349 -0.206597168 -0.525885939 0.0250140033 -2.90231482e-08 4.96101036e-08 1
LGIC_C 350 -0.28272155 0.395106896 0.0250140048 2.45891128e-08 -3.68002333e-08 1
LGIC_C 352 -0.163425128 -0.233392808 0.0250139969 3.95603082e-08 3.05989652e-08 1
LGIC_C 353 -0.320445637 0.153129877 0.0250140011 4.20574045e-08 -2.81018523e-08 1
LGIC_C 354 0.198050284 0.209541664 0.0250139976 -2.81018716e-08 -4.20573923e-08 1
LGIC_C 355 0.0797388216 -0.487674084 0.0250140107 1.00935263e-08 5.7878447e-08 1
LGIC_C 356 0.111942296 0.70968271 0.025014015 -8.63455884e-09 -4.34088253e-08 1
LGIC_C 357 0.72477534 0.190460742 0.025014018 -4.96100869e-08 6.3366408e-09 1
LGIC_C 358 0.0908966225 -0.0848495849 0.0250139905 -4.90669481e-08 3.27855328e-08 1
LGIC_C 359 -0.265576253 0.230476926 0.0250140024 6.28881943e-09 -7.55636452e-08 1
LGIC_C 360 -0.469370102 0.456894021 0.0250140119 -4.82586679e-08 1.31306769e-08 -1
LGIC_C 361 0.601737491 -0.143736203 0.0250140145 -4.96100859e-08 9.86807898e-09 1
LGIC_C 362 -0.444372595 -0.0914385921 0.0250140027 -4.96100919e-08 2.90231703e-08 -1
LGIC_C 363 -0.312379465 0.446051618 0.0250140089 1.31306824e-08 -4.82586643e-08 1
LGIC_C 365 0.588901815 -0.376918165 0.0250140186 -4.20573976e-08 2.81018683e-08 1
LGIC_C 366 -0.336538903 -0.729183922 0.0250140189 3.95603082e-08 3.05989652e-08 1
LGIC_C 367 0.375073156 -0.075813715 0.0250140014 -4.34088182e-08 2.48392526e-08 1
LGIC_C 368 -0.141720843 -0.37027552 0.0250140028 2.48392553e-08 4.34088306e-08 1
LGIC_C 369 -0.135745251 -0.654539999 0.0250140118 -2.90231482e-08 4.96101036e-08 1
LGIC_C 370 -0.326281148 -0.624912256 0.0250140143 2.45891453e-08 3.68002268e-08 1
LGIC_C 371 0.261176147 0.0505630372 0.025013995 -4.34088272e-08 -8.63453573e-09 1
LGIC_C 372 -0.0148022833 0.415202438 0.0250140014 8.63455111e-09 -4.34088279e-08 1
LGIC_C 373 -0.676051873 0.437487337 0.0250140189 3.68002297e-08 -2.45891157e-08 1
LGIC_C 374 0.0280013261 -0.179276836 0.025013992 6.33663526e-09 4.9610097e-08 1
LGIC_C 375 0.141589908 -0.636480424 0.0250140186 1.00935263e-08 5.7878447e-08 1
LGIC_C 376 0.408317281 0.394349103 0.0250140115 -4.20574004e-08 -2.81018564e-08 1
LGIC_C 377 0.322105404 0.151903938 0.0250139988 -3.68002282e-08 -2.45891172e-08 1
LGIC_C 378 -0.610742077 0.0782312635 0.0250140113 4.96100851e-08 2.90231542e-08 1
LGIC_C 379 -0.0411285092 -0.44891823 0.0250140059 9.8680833e-09 4.96100963e-08 1
LGIC_C 380 0.150890281 0.574231105 0.0250140132 -9.86806672e-09 -4.96100854e-08 1
LGIC_C 381 0.0289492378 0.655794851 0.0250140156 -6.33660387e-09 4.96100877e-08 -1
LGIC_C 382 0.564336623 -0.280007656 0.0250140157 -3.37890406e-08 4.80634332e-08 1
LGIC_C 384 -0.448553181 -0.396344208 0.025014016 6.28883752e-09 7.55636663e-08 1
LGIC_C 386 0.490300723 -0.481892485 0.0250140131 -3.68002179e-08 2.45891393e-08 1
LGIC_C 387 0.543994634 -0.240716901 0.0250140132 -3.37890406e-08 4.80634332e-08 1
LGIC_C 388 -0.00359130507 0.409473216 0.0250140037 -3.14742797e-08 4.96100914e-08 -1
LGIC_C 390 0.532444085 -0.0547019474 0.0250140077 -4.34088182e-08 2.48392526e-08 1
LGIC_C 392 -0.233816684 -0.584315357 0.0250140054 -2.90231482e-08 4.96101036e-08 1
LGIC_C 393 -0.041141174 -0.271460759 0.0250139954 8.63456455e-09 4.34088336e-08 1
LGIC_C 395 0.353565396 0.383032772 0.0250140064 1.3130701e-08 4.82586573e-08 -1
LGIC_C 396 0.262637412 0.402157464 0.0250140061 1.3130701e-08 4.82586573e-08 -1
LGIC_C 397 -0.667354541 0.270343436 0.0250140146 4.34088259e-08 -8.63455061e-09 1
LGIC_C 398 -0.555166778 0.253128474 0.0250140142 3.37890593e-08 -4.80634052e-08 1
LGIC_C 399 0.599284798 -0.167211081 0.0250140182 -4.96100802e-08 3.14742968e-08 1
NT 7181 1.09738235 -3.72524009 -3.3860939 0 0 0
NT 7817 -1.12066285 3.62408297 -1.92059784 0 0 0
LGIC_O 4402 -0.0345878633 0.265675272 0.025013999 1.15127271e-08 -5.78784352e-08 1
LGIC_O 4401 -0.1840676 0.0972239463 0.0250139942 3.37890593e-08 -4.80634052e-08 1
LGIC_O 4400 -0.175025146 0.0137516014 0.0250139927 5.7878425e-08 4.89846948e-08 1
LGIC_O 8441 0.636913646 -0.12672076 0.0250140188 -4.96100802e-08 3.14742968e-08 1
LGIC_O 8440 0.314831804 -0.521242477 0.0250140191 -3.27854948e-08 4.90669785e-08 1
LGIC_O 8439 0.567487089 -0.204519113 0.0250140184 -5.78784275e-08 1.15127558e-08 1
LGIC_O 8438 -0.495463838 -0.478991786 0.0250140171 1.45571809e-08 5.5602105e-08 1
LGIC_O 8437 -0.0865332912 0.0753896135 0.0250139898 3.37890593e-08 -4.80634052e-08 1
LGIC_O 8436 0.281965125 0.349247805 0.0250140096 -3.27855134e-08 -4.90669575e-08 1
LGIC_O 8435 -0.281577291 0.489075666 0.0250140165 3.27854968e-08 -4.90669676e-08 1
LGIC_O 8434 -0.605092982 -0.110313414 0.0250140129 5.7878436e-08 -4.89847332e-08 1
LGIC_O 8433 0.701586212 -0.0117142491 0.0250140184 -4.96100802e-08 3.14742968e-08 1
LGIC_O 8432 0.426050556 0.664856809 0.0250140182 -2.45891309e-08 -3.68002211e-08 1
LGIC_O 8431 -0.53569519 -0.176489801 0.025014008 4.34088238e-08 8.63459484e-09 1
LGIC_O 8430 -0.206044735 -0.180448528 0.0250139982 6.28883752e-09 7.55636663e-08 1
LGIC_O 8429 0.342033035 -0.34268384 0.0250140113 -3.27854948e-08 4.90669785e-08 1
LGIC_O 8428 0.576112066 -0.314703408 0.0250140178 -3.37890406e-08 4.80634332e-08 1
LGIC_O 8427 0.236726308 -0.318077646 0.0250140066 -3.27854948e-08 4.90669785e-08 1
LGIC_O 8426 -0.0976488914 -0.110862836 0.0250139913 7.55636799e-08 6.2887973e-09 1
LGIC_O 8425 0.534646383 -0.195059479 0.0250140164 -5.78784275e-08 1.15127558e-08 1
LGIC_O 8424 0.219544679 -0.315091025 0.0250140059 -3.27854948e-08 4.90669785e-08 1
LGIC_O 8423 -0.608846757 -0.593779315 0.0250140203 3.68002489e-08 2.45891179e-08 1
LGIC_O 8422 0.564815598 -0.372450199 0.0250140202 -3.37890406e-08 4.80634332e-08 1
LGIC_O 8421 0.550750457 0.0902902064 0.0250140162 -5.78784335e-08 -1.15127284e-08 1
LGIC_O 8420 0.175418091 0.0610257495 0.0250139941 -5.78784335e-08 -1.15127284e-08 1
LGIC_O 8419 0.142777714 0.100831833 0.0250139936 -4.90669739e-08 -3.27854893e-08 1
LGIC_O 4418 0.0575220985 -0.190210297 0.0250139949 -1.15127059e-08 5.78784511e-08 1
LGIC_O 4417 -0.118754336 -0.170834128 0.0250139938 2.81018674e-08 4.20574117e-08 1
LGIC_O 4416 0.593239316 0.0786534269 0.0250140185 -5.78784335e-08 -1.15127284e-08 1
LGIC_O 4415 0.0853954366 -0.420999761 0.0250140086 -1.15127059e-08 5.78784511e-08 1
LGIC_O 4414 -0.374457097 -0.228026162 0.0250140026 3.68002489e-08 2.45891179e-08 1
LGIC_O 4413 0.577482781 -0.285169834 0.0250140164 -3.37890406e-08 4.80634332e-08 1
LGIC_O 4412 -0.484325859 0.306166979 0.0250140144 3.37890593e-08 -4.80634052e-08 1
LGIC_O 4411 0.44777829 -0.0963194904 0.0250140103 -5.78784275e-08 1.15127558e-08 1
LGIC_O 4410 0.28281874 -0.503567977 0.0250140172 -3.27854948e-08 4.90669785e-08 1
LGIC_O 4409 -0.116204576 -0.152585731 0.025013993 7.55636799e-08 6.2887973e-09 1
LGIC_O 4408 -0.333519821 0.289166147 0.0250140084 3.37890593e-08 -4.80634052e-08 1
LGIC_O 4407 -0.148720782 -0.636306108 0.0250140163 9.8680833e-09 4.96100963e-08 1
LGIC_O 4406 0.336173082 -0.328141715 0.0250140105 -4.90669481e-08 3.27855328e-08 1
LGIC_O 4405 -0.249510429 -0.168914007 0.0250139976 6.28883752e-09 7.55636663e-08 1
LGIC_O 4404 0.0811982327 0.141649416 0.0250139929 -3.27855134e-08 -4.90669575e-08 1
LGIC_O 4403 0.0533120499 -0.19689515 0.0250139952 -1.15127059e-08 5.78784511e-08 1
