LGIC_C 0 0.513413368 0.229944251 0.0250140117 3.37890593e-08 4.80634111e-08 -1
LGIC_C 1 -0.329861373 0.0451046591 0.025013998 4.34088259e-08 -8.63455061e-09 1
LGIC_C 2 -0.575764054 0.144138658 0.0250140133 4.96100897e-08 -9.86805572e-09 1
LGIC_C 3 0.239317412 -0.644523034 0.0250140176 -9.86804037e-09 4.96101e-08 1
LGIC_C 4 -0.439606122 -0.219439689 0.0250140026 6.28883752e-09 7.55636663e-08 1
LGIC_C 5 0.0623435568 -0.533031355 0.0250140135 1.00935263e-08 5.7878447e-08 1
LGIC_C 6 -0.354531725 0.50252597 0.0250140166 1.28239438e-08 -5.73353116e-08 1
LGIC_C 7 -0.722772631 0.432530818 0.0248403032 -0.827617296 0.552995934 0.0961514895
LGIC_C 8 -0.130905931 0.309980718 0.0250139979 2.45891128e-08 -3.68002333e-08 1
LGIC_C 9 -0.46068323 -0.271492558 0.0250140066 6.28883752e-09 7.55636663e-08 1
LGIC_C 10 -0.408819205 -0.607331618 0.025014018 3.95603082e-08 3.05989652e-08 1
LGIC_C 11 0.183175551 0.565132167 0.0250140101 -6.33660387e-09 4.96100877e-08 -1
LGIC_C 12 0.403499665 0.184173836 0.0250140091 -4.90669739e-08 -3.27854893e-08 1
LGIC_C 13 0.731781561 -0.0737190658 0.0250140203 -4.96100859e-08 9.86807898e-09 1
LGIC_C 14 0.671501959 0.266031635 0.0250140149 -4.96100869e-08 6.3366408e-09 1
LGIC_C 15 -0.48155384 -0.364298878 0.0250140094 5.39043203e-09 6.47688584e-08 1
LGIC_C 16 0.616905514 -0.15162757 0.0250140153 -4.96100859e-08 9.86807898e-09 1
LGIC_C 17 -0.542265567 0.370146081 0.0250140143 -4.82586679e-08 1.31306769e-08 -1
LGIC_C 18 0.296912983 -0.488144422 0.0250140121 -2.81018481e-08 4.20574137e-08 1
LGIC_C 21 -0.00411128085 -0.182008457 0.0250139921 -2.90231482e-08 4.96101036e-08 1
LGIC_C 22 0.126301054 0.592144497 0.0250140139 -9.86806672e-09 -4.96100854e-08 1
LGIC_C 23 -0.480563837 0.412015767 0.0250140111 3.68002297e-08 -2.45891157e-08 1
LGIC_C 24 0.149157847 0.41386571 0.0250140053 -9.86806672e-09 -4.96100854e-08 1
LGIC_C 25 0.341880699 -0.0270257325 0.0250139983 -4.34088226e-08 8.63456802e-09 1
LGIC_C 27 -0.244676959 0.5412486 0.0250140179 3.27854968e-08 -4.90669676e-08 1
LGIC_C 28 0.656714349 0.0896225218 0.0250140125 -4.34088272e-08 -8.63453573e-09 1
LGIC_C 30 0.632326193 0.188416194 0.0250140134 -4.96100869e-08 6.3366408e-09 1
LGIC_C 31 -0.41428512 -0.416634239 0.0250140124 3.95603082e-08 3.05989652e-08 1
LGIC_C 32 0.0762812312 0.109843723 0.02501399 -2.81018716e-08 -4.20573923e-08 1
LGIC_C 33 -0.0188854819 0.637131771 0.0250140111 8.63455111e-09 -4.34088279e-08 1
LGIC_C 35 -0.181954439 -0.4834808 0.0250140019 -2.90231482e-08 4.96101036e-08 1
LGIC_C 36 0.499298043 -0.618494766 0.0250140183 -2.45891087e-08 3.68002429e-08 1
LGIC_C 37 0.0924881311 0.818494147 0.0250140196 -8.63455884e-09 -4.34088253e-08 1
LGIC_C 38 0.746148481 -0.336741005 0.0250140194 -3.05989503e-08 3.95603122e-08 1
LGIC_C 39 0.700385834 0.308622336 0.0250140166 -3.68002282e-08 -2.45891172e-08 1
LGIC_C 40 -0.697897326 0.01345752 0.0250140139 4.34088279e-08 -2.48392273e-08 1
LGIC_C 41 -0.505928106 0.589489257 0.0250140174 2.45891128e-08 -3.68002333e-08 1
LGIC_C 42 -0.270382761 -0.653852454 0.025014014 2.45891453e-08 3.68002268e-08 1
LGIC_C 43 -0.563818956 -0.48571893 0.025014014 1.15916899e-08 4.97976879e-08 1
LGIC_C 44 0.356967082 0.558676488 0.0250140149 1.3130701e-08 4.82586573e-08 -1
LGIC_C 45 -0.0279942068 -0.262078929 0.0250139953 2.48392553e-08 4.34088306e-08 1
LGIC_C 46 -0.20498585 -0.189230793 0.0250139966 5.39043203e-09 6.47688584e-08 1
LGIC_C 47 0.47726236 -0.173086298 0.0250140128 -5.78784275e-08 1.15127558e-08 1
LGIC_C 48 -0.102964452 -0.398498254 0.0250140014 8.63456455e-09 4.34088336e-08 1
LGIC_C 51 -0.567986513 -0.00330586613 0.0250140078 -4.34088282e-08 2.70157287e-08 -1
LGIC_C 52 0.675575018 -0.155087973 0.0250140164 -4.34088182e-08 2.48392526e-08 1
LGIC_C 53 0.306846021 -0.0703791287 0.0250139983 -4.34088182e-08 2.48392526e-08 1
LGIC_C 54 -0.0595725163 -0.20593884 0.0250139922 -4.89847109e-08 5.78784581e-08 1
LGIC_C 55 0.444596757 0.47101074 0.0250140115 -2.45891309e-08 -3.68002211e-08 1
LGIC_C 56 -0.126981721 -0.216247026 0.0250139935 -5.56021111e-08 -1.45571543e-08 -1
LGIC_C 57 -0.095704418 0.438001433 0.025014008 -3.14742797e-08 4.96100914e-08 -1
LGIC_C 58 0.466599703 -0.0795769055 0.0250140055 -4.34088182e-08 2.48392526e-08 1
LGIC_C 59 -0.398119803 -0.213832884 0.0250140009 1.45571809e-08 5.5602105e-08 1
LGIC_C 60 0.0955252435 0.536139212 0.0250140129 -3.14742949e-08 -4.96100822e-08 1
LGIC_C 61 -0.385118585 0.343891065 0.0250140091 4.20574045e-08 -2.81018523e-08 1
LGIC_C 62 -0.0169651147 0.422923902 0.0250140048 -3.14742797e-08 4.96100914e-08 -1
LGIC_C 63 0.212451511 -0.00572740371 0.0250139938 -4.96100859e-08 9.86807898e-09 1
LGIC_C 64 -0.242506092 0.0311109816 0.0250139958 5.7878425e-08 4.89846948e-08 1
LGIC_C 65 0.0145842302 0.338591459 0.0250140002 -9.86806672e-09 -4.96100854e-08 1
LGIC_C 66 -0.227578201 -0.341392026 0.0250140014 2.45891453e-08 3.68002268e-08 1
LGIC_C 67 -0.469228657 0.421207648 0.0250140181 6.28881943e-09 -7.55636452e-08 1
LGIC_C 68 -0.68763951 -0.113811595 0.02501401 -4.34088282e-08 2.70157287e-08 -1
LGIC_C 69 -0.697400676 -0.348870689 0.0250140175 3.68002489e-08 2.45891179e-08 1
LGIC_C 70 -0.0581909196 0.38143536 0.0250140003 8.63455111e-09 -4.34088279e-08 1
LGIC_C 72 0.15398977 0.377663728 0.025014001 -6.33660387e-09 4.96100877e-08 -1
LGIC_C 73 -0.00348391879 0.000457136122 0.0250139834 4.34088279e-08 -2.48392273e-08 1
LGIC_C 74 0.542938202 0.501960595 0.025014016 -4.82586616e-08 -1.31306776e-08 1
LGIC_C 75 0.546939275 -0.57921753 0.025014018 -2.45891087e-08 3.68002429e-08 1
LGIC_C 76 -0.6722114 0.0521861505 0.0250140151 4.96100851e-08 2.90231542e-08 1
LGIC_C 77 0.322364553 -0.190932261 0.0250140006 -3.05989503e-08 3.95603122e-08 1
LGIC_C 79 -0.565628469 -0.245416581 0.025014002 1.15916899e-08 4.97976879e-08 1
LGIC_C 80 0.74322786 0.00210072688 0.0250140155 -4.34088272e-08 -8.63453573e-09 1
LGIC_C 81 0.0491003486 0.687057316 0.025014017 -6.33660387e-09 4.96100877e-08 -1
LGIC_C 82 0.4753422 -0.307846904 0.02501401 -3.05989503e-08 3.95603122e-08 1
LGIC_C 83 -0.358708211 0.237747143 0.0250140037 -4.82586679e-08 1.31306769e-08 -1
LGIC_C 84 0.236201753 0.516274001 0.0250140116 -2.81018716e-08 -4.20573923e-08 1
LGIC_C 85 -0.0797677047 0.0847088721 0.0250139892 1.28239438e-08 -5.73353116e-08 1
LGIC_C 87 -0.309257798 -0.256842908 0.025014002 1.45571809e-08 5.5602105e-08 1
LGIC_C 88 -0.599917592 -0.529769481 0.0250140166 1.15916899e-08 4.97976879e-08 1
LGIC_C 89 0.253820387 -0.509968976 0.0250140112 -1.31306721e-08 4.82586744e-08 1
LGIC_C 90 -0.372605215 -0.305323096 0.0250140056 1.45571809e-08 5.5602105e-08 1
LGIC_C 91 0.193758471 0.767035847 0.0250140182 -8.63455884e-09 -4.34088253e-08 1
LGIC_C 92 0.263043647 -0.741398499 0.0250140184 6.33663526e-09 4.9610097e-08 1
LGIC_C 93 -0.0440518135 0.594114377 0.0250140125 -6.33661298e-09 -4.96100859e-08 1
LGIC_C 94 0.164750994 -0.041034346 0.0250139927 -4.96100802e-08 3.14742968e-08 1
LGIC_C 95 -0.330782681 -0.467111491 0.0250140085 -5.56021111e-08 -1.45571543e-08 -1
LGIC_C 96 0.346204518 -0.00798814 0.0250140005 -4.96100859e-08 9.86807898e-09 1
LGIC_C 97 -0.402974361 0.0393973574 0.0250140021 4.96100851e-08 2.90231542e-08 1
LGIC_C 98 -0.35659519 -0.590436457 0.0250140154 3.95603082e-08 3.05989652e-08 1
LGIC_C 99 0.227810726 -0.0837200578 0.0250139972 -4.96100802e-08 3.14742968e-08 1
LGIC_C 100 -0.339875866 -0.511823166 0.0250140104 2.45891453e-08 3.68002268e-08 1
LGIC_C 101 -0.376438794 0.0298205149 0.0250140022 4.96100897e-08 -9.86805572e-09 1
LGIC_C 102 -0.404213578 0.458863276 0.0250140148 1.28239438e-08 -5.73353116e-08 1
LGIC_C 103 -0.444967185 -0.0198495613 0.0250140021 -4.34088282e-08 2.70157287e-08 -1
LGIC_C 104 0.611687264 -0.230185521 0.0250140158 -4.96100859e-08 9.86807898e-09 1
LGIC_C 105 -0.304116633 0.117624938 0.0250139994 4.34088279e-08 -2.48392273e-08 1
LGIC_C 106 -0.305065969 0.775667653 0.0250140196 8.63455111e-09 -4.34088279e-08 1
LGIC_C 107 -0.688597993 -0.264832929 0.0250140154 4.34088238e-08 8.63459484e-09 1
LGIC_C 108 -0.0446127113 -0.517232767 0.0250140068 2.48392553e-08 4.34088306e-08 1
LGIC_C 110 -0.212332502 -0.713076912 0.025014016 8.63456455e-09 4.34088336e-08 1
LGIC_C 111 -0.495339721 -0.113163774 0.0250140046 -4.96100919e-08 2.90231703e-08 -1
LGIC_C 112 0.718919267 -0.031708794 0.0250140199 -4.96100802e-08 3.14742968e-08 1
LGIC_C 113 -0.0479026921 -0.678321306 0.0250140139 2.48392553e-08 4.34088306e-08 1
LGIC_C 114 -0.333629108 0.395690631 0.0250140102 1.28239438e-08 -5.73353116e-08 1
LGIC_C 115 0.508596078 -0.380402032 0.0250140138 -3.05989503e-08 3.95603122e-08 1
LGIC_C 116 0.136930439 -0.443990426 0.0250140076 1.00935263e-08 5.7878447e-08 1
LGIC_C 117 -0.188982627 -0.0422663966 0.0250139909 4.96100935e-08 -4.19869172e-08 1
LGIC_C 118 -0.294899683 -0.310091577 0.0250140042 -5.56021111e-08 -1.45571543e-08 -1
LGIC_C 119 0.0898556702 0.449436087 0.0250140064 -9.86806672e-09 -4.96100854e-08 1
LGIC_C 120 0.00131233882 0.508007123 0.0250140085 -9.86806672e-09 -4.96100854e-08 1
LGIC_C 121 -0.437538993 -0.428371319 0.0250140096 1.15916899e-08 4.97976879e-08 1
LGIC_C 122 0.62120642 -0.348057042 0.0250140146 -3.68002179e-08 2.45891393e-08 1
LGIC_C 124 0.543576931 -0.455796973 0.0250140144 -3.68002179e-08 2.45891393e-08 1
LGIC_C 125 0.147661477 -0.165040952 0.0250139931 -1.31306721e-08 4.82586744e-08 1
LGIC_C 126 0.610314027 -0.388574597 0.0250140173 -3.05989503e-08 3.95603122e-08 1
LGIC_C 127 0.201846734 -0.310384349 0.0250140009 -1.31306721e-08 4.82586744e-08 1
LGIC_C 128 0.241251322 -0.287770211 0.0250139998 -2.45891087e-08 3.68002429e-08 1
LGIC_C 129 0.48512139 -0.0778015361 0.025014005 -4.34088226e-08 8.63456802e-09 1
LGIC_C 130 -0.627769557 0.168706688 0.025014012 4.34088259e-08 -8.63455061e-09 1
LGIC_C 131 0.389563206 0.245151053 0.0250140053 -4.82586616e-08 -1.31306776e-08 1
LGIC_C 132 -0.206345558 0.0794608249 0.0250139913 5.7878425e-08 4.89846948e-08 1
LGIC_C 133 -0.608112702 -0.0438068415 0.02501401 4.34088238e-08 8.63459484e-09 1
LGIC_C 134 0.28188 -0.630091253 0.0250140133 -2.45891087e-08 3.68002429e-08 1
LGIC_C 135 -0.252460885 -0.266307034 0.0250140015 2.81018674e-08 4.20574117e-08 1
LGIC_C 136 0.373236351 -0.284492561 0.025014004 -3.68002179e-08 2.45891393e-08 1
LGIC_C 137 0.366764377 -0.366828225 0.0250140057 -1.31306721e-08 4.82586744e-08 1
LGIC_C 138 -0.692167555 -0.216012677 0.0250140085 4.96100935e-08 -4.19869172e-08 1
LGIC_C 139 0.111704342 -0.0147953787 0.0250139892 -4.96100802e-08 3.14742968e-08 1
LGIC_C 140 0.479716872 0.54869298 0.0250140152 -2.45891309e-08 -3.68002211e-08 1
LGIC_C 141 0.453451149 0.113396893 0.0250140039 -4.34088272e-08 -8.63453573e-09 1
LGIC_C 142 -0.489085432 -0.547837012 0.0250140194 3.95603082e-08 3.05989652e-08 1
LGIC_C 144 -0.441571233 -0.490376433 0.025014015 -5.56021111e-08 -1.45571543e-08 -1
LGIC_C 145 0.196544716 0.00174705874 0.025013993 -4.96100869e-08 6.3366408e-09 1
LGIC_C 146 0.0259494993 0.589248862 0.0250140123 -6.33660387e-09 4.96100877e-08 -1
LGIC_C 147 -0.33707404 -0.340567726 0.0250140041 2.45891453e-08 3.68002268e-08 1
LGIC_C 149 0.551768212 0.500482004 0.0250140159 -3.68002282e-08 -2.45891172e-08 1
LGIC_C 150 0.411502898 0.150301142 0.0250140027 -4.96100869e-08 6.3366408e-09 1
LGIC_C 151 -0.0780429294 -0.676983694 0.0250140133 8.63456455e-09 4.34088336e-08 1
LGIC_C 152 0.258186448 0.572377172 0.0250140143 1.3130701e-08 4.82586573e-08 -1
LGIC_C 153 0.174029636 -0.228918643 0.0250139986 -1.28239349e-08 5.73353226e-08 1
LGIC_C 154 0.150239938 0.502355243 0.0250140097 -9.86806672e-09 -4.96100854e-08 1
LGIC_C 155 -0.579659509 0.119152423 0.0250140095 4.34088259e-08 -8.63455061e-09 1
LGIC_C 156 -0.247929092 0.037999525 0.0250139944 4.34088259e-08 -8.63455061e-09 1
LGIC_C 157 -0.442870515 0.275070404 0.0250140068 6.28881943e-09 -7.55636452e-08 1
LGIC_C 158 0.33399116 0.174740387 0.0250140029 3.37890593e-08 4.80634111e-08 -1
LGIC_C 159 0.78237492 0.125885363 0.0250140183 -4.34088272e-08 -8.63453573e-09 1
LGIC_C 160 -0.298809157 -0.09539545 0.0250139937 -4.34088282e-08 2.70157287e-08 -1
LGIC_C 161 -0.431019962 0.0734204614 0.0250140054 4.96100897e-08 -9.86805572e-09 1
LGIC_C 162 0.479748476 0.0100997025 0.0250140071 -4.96100911e-08 -9.86803575e-09 1
LGIC_C 163 0.379358267 -0.2536015 0.0250140063 -4.20573976e-08 2.81018683e-08 1
LGIC_C 164 0.223424554 -0.574156435 0.0250140103 6.33663526e-09 4.9610097e-08 1
LGIC_C 165 -0.333643546 0.0281566492 0.025013999 4.96100851e-08 2.90231542e-08 1
LGIC_C 166 -0.10868635 -0.699672366 0.0250140163 2.48392553e-08 4.34088306e-08 1
LGIC_C 167 -0.593025938 0.545884759 0.0250140185 3.68002297e-08 -2.45891157e-08 1
LGIC_C 168 -0.550243689 -0.226192434 0.0250140091 4.34088238e-08 8.63459484e-09 1
LGIC_C 169 0.666932167 -0.500452471 0.0250140201 -3.68002179e-08 2.45891393e-08 1
LGIC_C 171 -0.219987283 0.321683835 0.0250140045 1.28239438e-08 -5.73353116e-08 1
LGIC_C 172 0.330558672 0.165265701 0.0250140024 3.37890593e-08 4.80634111e-08 -1
LGIC_C 173 0.661882681 0.296704544 0.0250140149 -3.68002282e-08 -2.45891172e-08 1
LGIC_C 174 -0.102445115 -0.511867587 0.025014008 2.48392553e-08 4.34088306e-08 1
LGIC_C 175 0.394961606 -0.303342288 0.0250140111 -3.37890406e-08 4.80634332e-08 1
LGIC_C 177 0.31348266 0.324272199 0.0250140057 -2.81018716e-08 -4.20573923e-08 1
LGIC_C 178 0.0879070356 -0.63245788 0.0250140141 6.33663526e-09 4.9610097e-08 1
LGIC_C 180 -0.135455528 0.284597302 0.025013999 2.8101852e-08 -4.20574041e-08 1
LGIC_C 181 -0.672938275 -0.305437758 0.0250140066 5.39043203e-09 6.47688584e-08 1
LGIC_C 183 0.663110595 0.316346489 0.0250140194 -4.82586616e-08 -1.31306776e-08 1
LGIC_C 184 0.7149476 -0.04395557 0.0250140154 -4.34088182e-08 2.48392526e-08 1
LGIC_C 185 0.383105999 -0.119015049 0.0250140028 -4.34088182e-08 2.48392526e-08 1
LGIC_C 186 -0.619982577 -0.30611444 0.0250140064 5.39043203e-09 6.47688584e-08 1
LGIC_C 188 -0.755459697 0.0948523494 0.0250140169 4.34088259e-08 -8.63455061e-09 1
LGIC_C 189 -0.557453232 0.278281942 0.0250140145 4.20574045e-08 -2.81018523e-08 1
LGIC_C 190 0.34250402 -0.711691963 0.0250140178 -2.45891087e-08 3.68002429e-08 1
LGIC_C 191 -0.401838784 -0.254368653 0.0250140019 5.39043203e-09 6.47688584e-08 1
LGIC_C 192 -0.298308994 0.121736601 0.0250139973 4.34088259e-08 -8.63455061e-09 1
LGIC_C 193 0.28997745 0.0798228312 0.0250139984 -4.96100911e-08 -9.86803575e-09 1
LGIC_C 194 -0.700847565 0.361313947 0.0250140179 3.68002297e-08 -2.45891157e-08 1
LGIC_C 195 0.364577012 0.414207704 0.0250140109 -2.81018716e-08 -4.20573923e-08 1
LGIC_C 196 0.695368841 0.385191459 0.0250140183 -3.68002282e-08 -2.45891172e-08 1
LGIC_C 197 -0.269042786 -0.511965504 0.0250140087 2.45891453e-08 3.68002268e-08 1
LGIC_C 198 0.550037441 -0.023571376 0.0250140073 -4.34088226e-08 8.63456802e-09 1
LGIC_C 199 0.639516695 0.247009105 0.0250140134 -4.96100869e-08 6.3366408e-09 1
LGIC_C 200 0.743418963 -0.320888774 0.0250140185 -3.68002179e-08 2.45891393e-08 1
LGIC_C 201 0.239892987 0.146235825 0.0250139974 -4.20574004e-08 -2.81018564e-08 1
LGIC_C 202 -0.0237811589 -0.272722773 0.0250139957 2.48392553e-08 4.34088306e-08 1
LGIC_C 203 -0.179164924 -0.0217451019 0.0250139915 -4.96100919e-08 2.90231703e-08 -1
LGIC_C 204 -0.384287617 0.545412069 0.025014017 2.8101852e-08 -4.20574041e-08 1
LGIC_C 205 -0.0923480205 0.246383481 0.0250139964 9.86805557e-09 -4.96100883e-08 1
LGIC_C 206 0.645339178 -0.360098576 0.0250140158 -3.68002179e-08 2.45891393e-08 1
LGIC_C 207 -0.126239486 -0.442509277 0.0250140026 -4.89847109e-08 5.78784581e-08 1
LGIC_C 208 -0.512851285 0.354310149 0.0250140127 -4.82586679e-08 1.31306769e-08 -1
LGIC_C 209 -0.00442525641 0.00360334608 0.0250139841 -1.17760707e-07 7.86851935e-08 -1
LGIC_C 210 0.0712050426 0.279646493 0.0250139978 -9.86806672e-09 -4.96100854e-08 1
LGIC_C 212 -0.345945222 -0.546736749 0.0250140105 -5.56021111e-08 -1.45571543e-08 -1
LGIC_C 213 0.343262103 -0.362052283 0.0250140081 -2.81018481e-08 4.20574137e-08 1
LGIC_C 214 0.461556663 -0.0514458366 0.0250140037 -4.34088226e-08 8.63456802e-09 1
LGIC_C 215 -0.453305825 -0.0192582895 0.0250140031 4.34088238e-08 8.63459484e-09 1
LGIC_C 216 0.223662821 -0.181902815 0.0250139973 -3.05989503e-08 3.95603122e-08 1
LGIC_C 217 0.496992219 -0.416848556 0.0250140201 -3.37890406e-08 4.80634332e-08 1
LGIC_C 218 -0.282446591 0.449760215 0.0250140087 1.31306824e-08 -4.82586643e-08 1
LGIC_C 219 -0.228817751 -0.440747776 0.0250140058 3.95603082e-08 3.05989652e-08 1
LGIC_C 220 -0.725243796 -0.331500515 0.0250140181 3.68002489e-08 2.45891179e-08 1
LGIC_C 221 0.680501457 -0.402177456 0.0250140182 -3.68002179e-08 2.45891393e-08 1
LGIC_C 222 -0.525470792 -0.163953114 0.0250140046 -4.96100919e-08 2.90231703e-08 -1
LGIC_C 223 0.234344463 0.418506683 0.0250140086 -4.80634192e-08 -3.37890445e-08 1
LGIC_C 224 -0.388977781 0.0603863422 0.0250140008 4.96100851e-08 2.90231542e-08 1
LGIC_C 225 0.220441607 -0.641640901 0.025014013 -8.63454093e-09 4.34088369e-08 1
LGIC_C 226 0.391127929 -0.198232536 0.0250140025 -3.68002179e-08 2.45891393e-08 1
LGIC_C 227 -0.163477674 0.504575848 0.0250140066 8.63455111e-09 -4.34088279e-08 1
LGIC_C 228 0.262811658 -0.311504597 0.0250140017 -1.31306721e-08 4.82586744e-08 1
LGIC_C 229 -0.486922565 -0.101356818 0.0250140053 4.34088238e-08 8.63459484e-09 1
LGIC_C 230 -0.674021601 -0.206816559 0.0250140069 -4.34088282e-08 2.70157287e-08 -1
LGIC_C 231 0.526982816 0.282555576 0.0250140146 3.37890593e-08 4.80634111e-08 -1
LGIC_C 232 -0.25495371 0.799656594 0.0250140202 8.63455111e-09 -4.34088279e-08 1
LGIC_C 233 0.293366673 0.243446008 0.0250140006 -4.82586616e-08 -1.31306776e-08 1
LGIC_C 234 -0.0454663308 -0.429955413 0.0250140023 8.63456455e-09 4.34088336e-08 1
LGIC_C 235 0.331592723 0.448678166 0.0250140114 -2.81018716e-08 -4.20573923e-08 1
LGIC_C 236 0.276192314 -0.0188157981 0.0250139957 -4.34088182e-08 2.48392526e-08 1
LGIC_C 239 0.470906727 -0.298236104 0.0250140114 -4.20573976e-08 2.81018683e-08 1
LGIC_C 240 0.142411168 -0.17341016 0.025013995 -1.28239349e-08 5.73353226e-08 1
LGIC_C 241 -0.11056944 0.205911294 0.025013995 2.8101852e-08 -4.20574041e-08 1
LGIC_C 242 0.602612948 -0.319643048 0.0250140189 -3.37890406e-08 4.80634332e-08 1
LGIC_C 243 -0.66355861 0.239899812 0.0250140186 4.96100897e-08 -9.86805572e-09 1
LGIC_C 246 0.404994443 0.457556204 0.02501401 -2.45891309e-08 -3.68002211e-08 1
LGIC_C 247 -0.516692865 0.639502229 0.0250140195 2.45891128e-08 -3.68002333e-08 1
LGIC_C 248 0.08677229 -0.0807594008 0.0250139884 -3.68002179e-08 2.45891393e-08 1
LGIC_C 249 0.510251504 -0.0308010875 0.0250140095 -4.96100802e-08 3.14742968e-08 1
LGIC_C 250 0.249363335 0.528261863 0.0250140131 -4.80634192e-08 -3.37890445e-08 1
LGIC_C 251 0.0403717169 0.648320212 0.0250140152 -6.33660387e-09 4.96100877e-08 -1
LGIC_C 252 0.156812722 0.577569505 0.0250140168 -3.14742949e-08 -4.96100822e-08 1
LGIC_C 253 0.496972248 0.29839306 0.0250140111 -4.82586616e-08 -1.31306776e-08 1
LGIC_C 255 -0.754177469 -0.0632528507 0.0250140143 -4.34088282e-08 2.70157287e-08 -1
LGIC_C 256 -0.322405937 0.519279176 0.0250140103 2.45891128e-08 -3.68002333e-08 1
LGIC_C 257 0.293876333 0.33701246 0.0250140034 1.3130701e-08 4.82586573e-08 -1
LGIC_C 258 -0.292535263 0.578669926 0.0250140118 2.45891128e-08 -3.68002333e-08 1
LGIC_C 260 -0.0306741911 -0.628609146 0.0250140147 9.8680833e-09 4.96100963e-08 1
LGIC_C 261 0.0650684493 0.598054668 0.0250140098 -8.63455884e-09 -4.34088253e-08 1
LGIC_C 262 -0.344972422 0.369212419 0.0250140056 1.31306824e-08 -4.82586643e-08 1
LGIC_C 263 -0.674395335 -0.21290699 0.0250140068 -4.34088282e-08 2.70157287e-08 -1
LGIC_C 264 0.452958686 -0.336692077 0.0250140082 -3.68002179e-08 2.45891393e-08 1
LGIC_C 265 0.220296554 0.0325323299 0.0250139945 -4.96100911e-08 -9.86803575e-09 1
LGIC_C 266 -0.169438573 -0.312676312 0.0250139995 3.95603082e-08 3.05989652e-08 1
LGIC_C 267 -0.323493046 -0.304897233 0.0250140049 1.45571809e-08 5.5602105e-08 1
LGIC_C 268 -0.0631068569 -0.534222937 0.0250140079 -2.90231482e-08 4.96101036e-08 1
LGIC_C 269 -0.101923611 0.670853069 0.0250140159 -6.33661298e-09 -4.96100859e-08 1
LGIC_C 271 -0.488448341 -0.438641338 0.025014012 3.68002489e-08 2.45891179e-08 1
LGIC_C 272 -0.366059461 0.282495937 0.0250140046 -4.82586679e-08 1.31306769e-08 -1
LGIC_C 273 0.744205839 -0.1545264 0.0250140194 -4.34088182e-08 2.48392526e-08 1
LGIC_C 274 -0.362499739 0.372728906 0.0250140059 2.45891128e-08 -3.68002333e-08 1
LGIC_C 275 0.014510217 -0.537835193 0.0250140098 6.33663526e-09 4.9610097e-08 1
LGIC_C 276 -0.119407778 -0.528229231 0.025014006 -2.90231482e-08 4.96101036e-08 1
LGIC_C 278 0.318854571 0.265362722 0.0250140015 -3.68002282e-08 -2.45891172e-08 1
LGIC_C 279 0.0619757846 -0.0370518832 0.0250139864 -3.68002179e-08 2.45891393e-08 1
LGIC_C 280 -0.262352258 -0.141510678 0.0250139949 1.45571809e-08 5.5602105e-08 1
LGIC_C 281 0.368287034 0.556756911 0.0250140198 -4.80634192e-08 -3.37890445e-08 1
LGIC_C 282 -0.241611802 -0.447909493 0.0250140065 3.95603082e-08 3.05989652e-08 1
LGIC_C 283 -0.242610578 -0.494437629 0.0250140047 7.55636799e-08 6.2887973e-09 1
LGIC_C 284 0.225037438 -0.737141947 0.0250140172 -8.63454093e-09 4.34088369e-08 1
LGIC_C 286 -0.555152248 0.00693855787 0.0250140106 4.96100851e-08 2.90231542e-08 1
LGIC_C 287 -0.0982756634 -0.165901497 0.0250139918 2.45891453e-08 3.68002268e-08 1
LGIC_C 288 0.0642166242 -0.33196154 0.0250139993 6.33663526e-09 4.9610097e-08 1
LGIC_C 289 0.0330305161 0.00771133144 0.0250139847 -4.34088272e-08 -8.63453573e-09 1
LGIC_C 290 -0.36088283 -0.536416106 0.0250140159 2.81018674e-08 4.20574117e-08 1
LGIC_C 291 -0.511177297 0.458772456 0.0250140134 3.68002297e-08 -2.45891157e-08 1
LGIC_C 292 0.459032724 0.479833411 0.0250140163 -2.81018716e-08 -4.20573923e-08 1
LGIC_C 293 -0.681916345 -0.0499888082 0.0250140157 -4.96100919e-08 2.90231703e-08 -1
LGIC_C 295 -0.145185748 0.139408559 0.0250139947 6.28881943e-09 -7.55636452e-08 1
LGIC_C 296 0.482264661 0.277332789 0.0250140113 -4.20574004e-08 -2.81018564e-08 1
LGIC_C 297 0.0355316942 0.367978693 0.0250139995 -8.63455884e-09 -4.34088253e-08 1
LGIC_C 298 0.130489283 -0.498583148 0.0250140093 -9.86804037e-09 4.96101e-08 1
LGIC_C 299 -0.105785782 -0.280447748 0.0250139982 9.8680833e-09 4.96100963e-08 1
LGIC_C 300 0.419097367 -0.059079928 0.0250140029 -4.34088182e-08 2.48392526e-08 1
LGIC_C 301 0.10950066 0.374283586 0.0250140005 -8.63455884e-09 -4.34088253e-08 1
LGIC_C 302 0.444055146 0.332948272 0.0250140113 -4.20574004e-08 -2.81018564e-08 1
LGIC_C 303 -0.0606285625 0.349005041 0.0250140012 9.86805557e-09 -4.96100883e-08 1
LGIC_C 304 -0.149693066 0.356120801 0.0250140024 1.31306824e-08 -4.82586643e-08 1
LGIC_C 305 -0.4656059 0.234232963 0.0250140062 3.68002297e-08 -2.45891157e-08 1
LGIC_C 306 0.193170471 0.123008699 0.0250139957 3.37890593e-08 4.80634111e-08 -1
LGIC_C 307 -0.422427113 0.2447885 0.0250140069 -4.82586679e-08 1.31306769e-08 -1
LGIC_C 308 0.613411773 -0.297186817 0.0250140131 -3.68002179e-08 2.45891393e-08 1
LGIC_C 309 0.132891367 0.132027014 0.0250139914 -3.68002282e-08 -2.45891172e-08 1
LGIC_C 310 0.127021841 0.766318713 0.0250140176 -8.63455884e-09 -4.34088253e-08 1
LGIC_C 311 0.561692915 0.618702555 0.0250140198 -2.45891309e-08 -3.68002211e-08 1
LGIC_C 312 0.313212025 0.199576555 0.025014002 -4.20574004e-08 -2.81018564e-08 1
LGIC_C 313 0.666538979 0.350308925 0.0250140164 -3.68002282e-08 -2.45891172e-08 1
LGIC_C 314 -0.284807513 0.50290341 0.0250140088 2.45891128e-08 -3.68002333e-08 1
LGIC_C 315 -0.0930955107 0.000883613555 0.0250139879 4.96100897e-08 -9.86805572e-09 1
LGIC_C 318 -0.216774837 -0.369121657 0.0250140007 -5.56021111e-08 -1.45571543e-08 -1
LGIC_C 319 -0.470393553 -0.060449719 0.0250140021 -4.34088282e-08 2.70157287e-08 -1
LGIC_C 320 0.428507984 0.596243429 0.0250140204 -2.81018716e-08 -4.20573923e-08 1
LGIC_C 322 0.522197745 0.234460909 0.0250140115 -4.82586616e-08 -1.31306776e-08 1
LGIC_C 323 -0.326057479 -0.653649387 0.0250140199 2.81018674e-08 4.20574117e-08 1
LGIC_C 324 0.0146901926 0.692009147 0.0250140175 -6.33660387e-09 4.96100877e-08 -1
LGIC_C 325 0.470588757 0.606633417 0.0250140171 -2.45891309e-08 -3.68002211e-08 1
LGIC_C 326 0.178234434 0.680688862 0.0250140159 -6.33660387e-09 4.96100877e-08 -1
LGIC_C 327 -0.30679416 -0.0284212279 0.0250139977 -4.96100919e-08 2.90231703e-08 -1
LGIC_C 328 -0.408464743 0.00458520142 0.0250140011 4.34088279e-08 -2.48392273e-08 1
LGIC_C 329 0.616235307 -0.235366317 0.0250140161 -4.96100859e-08 9.86807898e-09 1
LGIC_C 330 0.36293355 -0.0249709502 0.025014002 -4.96100802e-08 3.14742968e-08 1
LGIC_C 331 0.231625498 -0.102270089 0.0250139944 -3.05989503e-08 3.95603122e-08 1
LGIC_C 332 -0.0186222015 -0.370350242 0.0250140018 9.8680833e-09 4.96100963e-08 1
LGIC_C 333 0.495549063 0.156516991 0.0250140061 -4.34088272e-08 -8.63453573e-09 1
LGIC_C 334 0.23606489 0.799093708 0.02501402 -8.63455884e-09 -4.34088253e-08 1
LGIC_C 335 0.189368483 0.557862507 0.0250140097 -6.33660387e-09 4.96100877e-08 -1
LGIC_C 336 -0.742566776 0.0207669638 0.025014016 4.34088279e-08 -2.48392273e-08 1
LGIC_C 337 -0.00964936059 -0.00114526807 0.0250139837 4.34088238e-08 8.63459484e-09 1
LGIC_C 338 -0.20301966 0.337814607 0.0250140007 2.45891128e-08 -3.68002333e-08 1
LGIC_C 339 0.137165238 -0.191335433 0.0250139943 -1.31306721e-08 4.82586744e-08 1
LGIC_C 340 -0.303061957 0.588599634 0.0250140165 2.8101852e-08 -4.20574041e-08 1
LGIC_C 341 -0.0236422027 -0.709306609 0.0250140142 8.63456455e-09 4.34088336e-08 1
LGIC_C 342 -0.838670658 -0.0318766261 0.0250140188 -4.34088282e-08 2.70157287e-08 -1
LGIC_C 343 0.266803554 0.481319305 0.02501401 1.3130701e-08 4.82586573e-08 -1
LGIC_C 344 -0.110363377 0.0260852378 0.0250139884 5.7878425e-08 4.89846948e-08 1
LGIC_C 346 0.354367874 0.315716031 0.025014004 -3.68002282e-08 -2.45891172e-08 1
LGIC_C 347 0.481569193 -0.127764686 0.0250140084 -4.96100859e-08 9.86807898e-09 1
LGIC_C 349 -0.207126417 -0.530933203 0.0250140036 -2.90231482e-08 4.96101036e-08 1
LGIC_C 350 -0.289182297 0.367640101 0.0250140039 2.45891128e-08 -3.68002333e-08 1
LGIC_C 352 -0.215965658 -0.282273388 0.0250140004 3.95603082e-08 3.05989652e-08 1
LGIC_C 353 -0.322165737 0.174001916 0.0250140017 4.20574045e-08 -2.81018523e-08 1
LGIC_C 354 0.155489238 0.224843524 0.0250139971 -2.81018716e-08 -4.20573923e-08 1
LGIC_C 355 0.0914973314 -0.532843165 0.0250140132 1.00935263e-08 5.7878447e-08 1
LGIC_C 356 0.115238262 0.687047716 0.0250140141 -8.63455884e-09 -4.34088253e-08 1
LGIC_C 357 0.755240904 0.139928135 0.0250140198 -4.96100869e-08 6.3366408e-09 1
LGIC_C 358 0.066540974 -0.0332227758 0.0250139876 -4.90669481e-08 3.27855328e-08 1
LGIC_C 359 -0.244792243 0.226563475 0.0250140019 6.28881943e-09 -7.55636452e-08 1
LGIC_C 360 -0.475769885 0.431421378 0.0250140114 3.68002297e-08 -2.45891157e-08 1
LGIC_C 361 0.597757093 -0.136030602 0.0250140142 -4.96100859e-08 9.86807898e-09 1
LGIC_C 362 -0.41780599 -0.116310987 0.0250140006 -4.96100919e-08 2.90231703e-08 -1
LGIC_C 363 -0.308124604 0.435912205 0.0250140084 1.31306824e-08 -4.82586643e-08 1
LGIC_C 365 0.615050208 -0.346402329 0.0250140188 -4.20573976e-08 2.81018683e-08 1
LGIC_C 366 -0.334406907 -0.723954008 0.0250140186 3.95603082e-08 3.05989652e-08 1
LGIC_C 367 0.370978456 -0.110139618 0.0250140021 -4.34088182e-08 2.48392526e-08 1
LGIC_C 368 -0.127651804 -0.327187284 0.0250140006 2.48392553e-08 4.34088306e-08 1
LGIC_C 369 -0.121760615 -0.596284046 0.0250140093 -2.90231482e-08 4.96101036e-08 1
LGIC_C 370 -0.38748224 -0.578942086 0.0250140141 2.45891453e-08 3.68002268e-08 1
LGIC_C 371 0.236363181 0.0530177213 0.025013994 -4.34088272e-08 -8.63453573e-09 1
LGIC_C 372 -0.0684271982 0.433527502 0.0250140027 8.63455111e-09 -4.34088279e-08 1
LGIC_C 373 -0.631291055 0.465170726 0.0250140179 3.68002297e-08 -2.45891157e-08 1
LGIC_C 374 0.0304301349 -0.214179599 0.0250139937 6.33663526e-09 4.9610097e-08 1
LGIC_C 375 0.149357171 -0.636408779 0.0250140186 1.00935263e-08 5.7878447e-08 1
LGIC_C 376 0.398338175 0.361328071 0.0250140102 -4.20574004e-08 -2.81018564e-08 1
LGIC_C 377 0.324259685 0.164569419 0.0250139992 -3.68002282e-08 -2.45891172e-08 1
LGIC_C 378 -0.610518254 0.0983768689 0.0250140107 4.96100851e-08 2.90231542e-08 1
LGIC_C 379 -0.0300430067 -0.458045163 0.0250140063 9.8680833e-09 4.96100963e-08 1
LGIC_C 380 0.100755591 0.593528264 0.0250140137 -9.86806672e-09 -4.96100854e-08 1
LGIC_C 381 0.0410411825 0.680588644 0.0250140168 -6.33660387e-09 4.96100877e-08 -1
LGIC_C 382 0.582745152 -0.254120365 0.0250140151 -3.37890406e-08 4.80634332e-08 1
LGIC_C 384 -0.448693031 -0.416611387 0.0250140175 6.28883752e-09 7.55636663e-08 1
LGIC_C 386 0.505363793 -0.466347905 0.0250140133 -3.68002179e-08 2.45891393e-08 1
LGIC_C 387 0.582736388 -0.262930775 0.0250140156 -3.37890406e-08 4.80634332e-08 1
LGIC_C 388 -0.0279498186 0.424137675 0.0250140046 9.86805557e-09 -4.96100883e-08 1
LGIC_C 390 0.56173455 0.00808083906 0.025014011 -4.96100869e-08 6.3366408e-09 1
LGIC_C 392 -0.204041495 -0.582282617 0.0250140062 -2.90231482e-08 4.96101036e-08 1
LGIC_C 393 -0.0212489736 -0.324833886 0.0250139975 8.63456455e-09 4.34088336e-08 1
LGIC_C 395 0.35313731 0.450200179 0.0250140096 1.3130701e-08 4.82586573e-08 -1
LGIC_C 396 0.293113161 0.405860365 0.0250140067 1.3130701e-08 4.82586573e-08 -1
LGIC_C 397 -0.673492737 0.241998472 0.0250140146 4.34088259e-08 -8.63455061e-09 1
LGIC_C 398 -0.584375589 0.251142163 0.0250140151 3.37890593e-08 -4.80634052e-08 1
LGIC_C 399 0.60378173 -0.148784268 0.0250140179 -4.96100802e-08 3.14742968e-08 1
NT 572 0.29124715 -0.268565014 0.0386311271 0 0 0
NT 924 0.195216514 0.655025937 0.0372457349 0 0 0
NT 2014 0.134375651 -0.134829842 0.0410939144 0 0 0
NT 3100 0.790602738 -0.548332419 -0.158376902 0 0 0
NT 3420 0.258534541 -0.190960884 0.0311866908 0 0 0
NT 3607 -0.0594274056 -0.296871999 0.0408686526 0 0 0
NT 4655 -0.154268801 0.136328652 0.0256370839 0 0 0
NT 4695 0.588421047 0.244616739 0.0431379458 0 0 0
NT 4719 -0.226418638 0.446875676 0.0380404647 0 0 0
NT 5053 0.127344193 -0.617074896 0.0280080612 0 0 0
NT 5078 0.170411388 -0.132193127 0.0379048354 0 0 0
NT 5176 -0.19932777 -0.279127507 0.0250542724 0 0 0
NT 5268 -0.4641636 0.400515834 0.0258717681 0 0 0
NT 5330 -0.0992404098 -0.0461190373 0.0299454326 0 0 0
NT 5348 0.338534632 0.103639886 0.0355288658 0 0 0
NT 5358 0.422442848 -0.107412345 0.0456047773 0 0 0
NT 5375 -0.565711297 -0.0230648015 0.0406237052 0 0 0
NT 5429 -0.256684938 -0.288911155 0.0274953312 0 0 0
NT 5508 -0.26925201 0.0298287534 0.0274429724 0 0 0
NT 5563 0.352929317 0.534018398 0.0445500438 0 0 0
NT 5619 -0.707554638 0.176468245 0.0415297797 0 0 0
NT 5659 -0.272569209 0.282404609 0.0346966333 0 0 0
NT 5876 -0.307183433 -0.522260494 0.0289251453 0 0 0
NT 5907 0.371698145 0.495548405 0.0431792993 0 0 0
NT 5961 0.469431085 -0.717329928 -0.00346667234 0 0 0
NT 5973 0.0279058403 0.267231424 0.0458319506 0 0 0
NT 5995 -0.0649094906 0.399485297 0.0459490039 0 0 0
NT 6061 -0.298399873 0.140041274 0.0410773991 0 0 0
NT 6076 -0.724204863 0.11037389 0.0382406172 0 0 0
NT 6119 0.082914729 -0.180512092 0.0294404584 0 0 0
NT 6161 0.195829961 -0.574372893 0.0347627793 0 0 0
NT 6185 0.35435306 0.559257504 0.0405319523 0 0 0
NT 6206 -0.851495995 0.119199653 -0.0471885628 0 0 0
NT 6319 0.103611284 -0.629000787 0.0358335489 0 0 0
NT 6370 0.377649905 -0.330170787 0.0432897945 0 0 0
NT 6509 0.395346824 -0.320862596 0.0250307941 0 0 0
NT 6699 -0.210116104 0.738646509 0.0292289952 0 0 0
NT 6840 0.701792076 0.180789026 -1.18007754 0 0 0
NT 6981 0.391942266 -0.227506806 0.029342925 0 0 0
NT 7076 0.389094602 0.260084865 0.0269531644 0 0 0
NT 7121 0.275136701 -0.185203648 0.0463511394 0 0 0
NT 7152 -0.160298988 -0.401037822 0.0318178044 0 0 0
NT 7181 -2.81645259 0.404579825 -0.216638737 0 0 0
NT 7281 -0.883057362 0.455431025 0.126815954 0 0 0
NT 7437 -0.0606960622 -0.358672956 0.0318932726 0 0 0
NT 7497 0.340187622 -0.432683889 0.0426817713 0 0 0
NT 7579 0.196609017 -0.271080936 0.0323565964 0 0 0
NT 7686 -0.0131034772 -0.0497844653 0.0264440286 0 0 0
NT 7695 0.0558539738 -0.0577729709 0.0311119522 0 0 0
NT 7732 -0.261782274 -0.214133273 0.0318252285 0 0 0
NT 7793 0.210172831 -0.124097342 0.0459926644 0 0 0
NT 7817 0.2251158 1.78168086 -0.025544876 0 0 0
NT 7822 0.199161581 0.550799352 0.0275868204 0 0 0
NT 7827 0.0970683703 -0.0472792402 0.045187125 0 0 0
NT 7836 0.973118491 0.150755766 -0.472523514 0 0 0
NT 7855 0.0537341118 -0.51839997 0.0352861268 0 0 0
NT 7925 -0.403585398 -0.242188009 0.0406175476 0 0 0
NT 7994 -0.243982342 -0.137725131 0.045359364 0 0 0
NT 8020 0.0604601559 -0.52542386 0.044791186 0 0 0
NT 8066 0.492159559 -0.00387694795 0.029383435 0 0 0
NT 8093 -0.244753851 0.0974499263 0.0314786465 0 0 0
NT 8219 -0.0742410159 0.0422555787 0.0312677826 0 0 0
NT 8288 -0.707984745 0.373898724 0.0315043042 0 0 0
LGIC_O 4402 -0.0345878633 0.265675272 0.025013999 1.15127271e-08 -5.78784352e-08 1
LGIC_O 4401 -0.1840676 0.0972239463 0.0250139942 3.37890593e-08 -4.80634052e-08 1
LGIC_O 4400 -0.175025146 0.0137516014 0.0250139927 5.7878425e-08 4.89846948e-08 1
LGIC_O 8441 0.636913646 -0.12672076 0.0250140188 -4.96100802e-08 3.14742968e-08 1
LGIC_O 8440 0.314831804 -0.521242477 0.0250140191 -3.27854948e-08 4.90669785e-08 1
LGIC_O 8439 0.567487089 -0.204519113 0.0250140184 -5.78784275e-08 1.15127558e-08 1
LGIC_O 8438 -0.495463838 -0.478991786 0.0250140171 1.45571809e-08 5.5602105e-08 1
LGIC_O 8437 -0.0865332912 0.0753896135 0.0250139898 3.37890593e-08 -4.80634052e-08 1
LGIC_O 8436 0.281965125 0.349247805 0.0250140096 -3.27855134e-08 -4.90669575e-08 1
LGIC_O 8435 -0.281577291 0.489075666 0.0250140165 3.27854968e-08 -4.90669676e-08 1
LGIC_O 8434 -0.605092982 -0.110313414 0.0250140129 5.7878436e-08 -4.89847332e-08 1
LGIC_O 8433 0.701586212 -0.0117142491 0.0250140184 -4.96100802e-08 3.14742968e-08 1
LGIC_O 8432 0.426050556 0.664856809 0.0250140182 -2.45891309e-08 -3.68002211e-08 1
LGIC_O 8431 -0.53569519 -0.176489801 0.025014008 4.34088238e-08 8.63459484e-09 1
LGIC_O 8430 -0.206044735 -0.180448528 0.0250139982 6.28883752e-09 7.55636663e-08 1
LGIC_O 8429 0.342033035 -0.34268384 0.0250140113 -3.27854948e-08 4.90669785e-08 1
LGIC_O 8428 0.576112066 -0.314703408 0.0250140178 -3.37890406e-08 4.80634332e-08 1
LGIC_O 8427 0.236726308 -0.318077646 0.0250140066 -3.27854948e-08 4.90669785e-08 1
LGIC_O 8426 -0.0976488914 -0.110862836 0.0250139913 7.55636799e-08 6.2887973e-09 1
LGIC_O 8425 0.534646383 -0.195059479 0.0250140164 -5.78784275e-08 1.15127558e-08 1
LGIC_O 8424 0.219544679 -0.315091025 0.0250140059 -3.27854948e-08 4.90669785e-08 1
LGIC_O 8423 -0.608846757 -0.593779315 0.0250140203 3.68002489e-08 2.45891179e-08 1
LGIC_O 8422 0.564815598 -0.372450199 0.0250140202 -3.37890406e-08 4.80634332e-08 1
LGIC_O 8421 0.550750457 0.0902902064 0.0250140162 -5.78784335e-08 -1.15127284e-08 1
LGIC_O 8420 0.175418091 0.0610257495 0.0250139941 -5.78784335e-08 -1.15127284e-08 1
LGIC_O 8419 0.142777714 0.100831833 0.0250139936 -4.90669739e-08 -3.27854893e-08 1
LGIC_O 4418 0.0575220985 -0.190210297 0.0250139949 -1.15127059e-08 5.78784511e-08 1
LGIC_O 4417 -0.118754336 -0.170834128 0.0250139938 2.81018674e-08 4.20574117e-08 1
LGIC_O 4416 0.593239316 0.0786534269 0.0250140185 -5.78784335e-08 -1.15127284e-08 1
LGIC_O 4415 0.0853954366 -0.420999761 0.0250140086 -1.15127059e-08 5.78784511e-08 1
LGIC_O 4414 -0.374457097 -0.228026162 0.0250140026 3.68002489e-08 2.45891179e-08 1
LGIC_O 4413 0.577482781 -0.285169834 0.0250140164 -3.37890406e-08 4.80634332e-08 1
LGIC_O 4412 -0.484325859 0.306166979 0.0250140144 3.37890593e-08 -4.80634052e-08 1
LGIC_O 4411 0.44777829 -0.0963194904 0.0250140103 -5.78784275e-08 1.15127558e-08 1
LGIC_O 4410 0.28281874 -0.503567977 0.0250140172 -3.27854948e-08 4.90669785e-08 1
LGIC_O 4409 -0.116204576 -0.152585731 0.025013993 7.55636799e-08 6.2887973e-09 1
LGIC_O 4408 -0.333519821 0.289166147 0.0250140084 3.37890593e-08 -4.80634052e-08 1
LGIC_O 4407 -0.148720782 -0.636306108 0.0250140163 9.8680833e-09 4.96100963e-08 1
LGIC_O 4406 0.336173082 -0.328141715 0.0250140105 -4.90669481e-08 3.27855328e-08 1
LGIC_O 4405 -0.249510429 -0.168914007 0.0250139976 6.28883752e-09 7.55636663e-08 1
LGIC_O 4404 0.0811982327 0.141649416 0.0250139929 -3.27855134e-08 -4.90669575e-08 1
LGIC_O 4403 0.0533120499 -0.19689515 0.0250139952 -1.15127059e-08 5.78784511e-08 1
