LGIC_C 0 0.460247526 0.202788933 0.0250140083 -4.20574004e-08 -2.81018564e-08 1
LGIC_C 1 -0.261444408 0.0477756061 0.025013995 4.34088259e-08 -8.63455061e-09 1
LGIC_C 2 -0.534869111 0.155684122 0.0250140113 4.96100897e-08 -9.86805572e-09 1
LGIC_C 3 0.267024498 -0.68902023 0.02501402 -9.86804037e-09 4.96101e-08 1
LGIC_C 4 -0.461619967 -0.192795383 0.0250140007 6.28883752e-09 7.55636663e-08 1
LGIC_C 5 0.101803772 -0.578026499 0.0250140157 1.00935263e-08 5.7878447e-08 1
LGIC_C 6 -0.337645363 0.546451896 0.0250140189 1.28239438e-08 -5.73353116e-08 1
LGIC_C 7 -0.717896072 0.443040678 0.00636960015 -0.827617296 0.552995934 0.0961514895
LGIC_C 8 -0.110888001 0.32295522 0.0250139982 8.63455111e-09 -4.34088279e-08 1
LGIC_C 9 -0.465991432 -0.248836635 0.025014005 6.28883752e-09 7.55636663e-08 1
LGIC_C 10 -0.353558977 -0.59295592 0.0250140154 3.95603082e-08 3.05989652e-08 1
LGIC_C 11 0.169172068 0.552940688 0.0250140096 -6.33660387e-09 4.96100877e-08 -1
LGIC_C 12 0.410985663 0.222021767 0.0250140107 -4.90669739e-08 -3.27854893e-08 1
LGIC_C 13 0.709327965 -0.103512757 0.0250140194 -4.96100859e-08 9.86807898e-09 1
LGIC_C 14 0.667454401 0.245371816 0.0250140148 -4.96100869e-08 6.3366408e-09 1
LGIC_C 15 -0.455561432 -0.37579929 0.02501401 5.39043203e-09 6.47688584e-08 1
LGIC_C 16 0.630477305 -0.104771904 0.0250140155 -4.96100859e-08 9.86807898e-09 1
LGIC_C 17 -0.520760618 0.375119257 0.0250140133 -4.82586679e-08 1.31306769e-08 -1
LGIC_C 18 0.313227888 -0.464956954 0.0250140116 -2.81018481e-08 4.20574137e-08 1
LGIC_C 21 -0.0135877498 -0.184595297 0.025013992 -2.90231482e-08 4.96101036e-08 1
LGIC_C 22 0.19382227 0.59927755 0.0250140149 -9.86806672e-09 -4.96100854e-08 1
LGIC_C 23 -0.519802477 0.441326549 0.0250140133 3.68002297e-08 -2.45891157e-08 1
LGIC_C 24 0.137760458 0.406787263 0.0250140048 -9.86806672e-09 -4.96100854e-08 1
LGIC_C 25 0.345326701 -0.0360392693 0.0250139985 -4.34088226e-08 8.63456802e-09 1
LGIC_C 27 -0.302056914 0.539122148 0.0250140196 3.27854968e-08 -4.90669676e-08 1
LGIC_C 28 0.656834974 0.0913966248 0.0250140125 -4.34088272e-08 -8.63453573e-09 1
LGIC_C 30 0.665514652 0.160415151 0.0250140152 -4.96100869e-08 6.3366408e-09 1
LGIC_C 31 -0.424554258 -0.427080029 0.0250140131 3.95603082e-08 3.05989652e-08 1
LGIC_C 32 0.0402561286 0.0927950721 0.0250139883 -2.81018716e-08 -4.20573923e-08 1
LGIC_C 33 -0.0072852128 0.63769166 0.025014011 8.63455111e-09 -4.34088279e-08 1
LGIC_C 35 -0.157178358 -0.506062991 0.0250140038 -2.90231482e-08 4.96101036e-08 1
LGIC_C 36 0.448871952 -0.604516512 0.0250140165 -2.45891087e-08 3.68002429e-08 1
LGIC_C 37 0.0972086248 0.802759901 0.0250140189 -8.63455884e-09 -4.34088253e-08 1
LGIC_C 38 0.764521717 -0.327998193 0.0250140196 -3.05989503e-08 3.95603122e-08 1
LGIC_C 39 0.671919488 0.25580377 0.0250140146 -4.34088272e-08 -8.63453573e-09 1
LGIC_C 40 -0.681513585 0.0266098316 0.0250140135 4.34088279e-08 -2.48392273e-08 1
LGIC_C 41 -0.503198424 0.60239903 0.0250140178 2.45891128e-08 -3.68002333e-08 1
LGIC_C 42 -0.268910339 -0.684126009 0.0250140153 8.63456455e-09 4.34088336e-08 1
LGIC_C 43 -0.624241442 -0.479949639 0.0250140144 1.15916899e-08 4.97976879e-08 1
LGIC_C 44 0.344058345 0.517258839 0.0250140127 1.3130701e-08 4.82586573e-08 -1
LGIC_C 45 -0.00769868601 -0.194725683 0.0250139919 2.48392553e-08 4.34088306e-08 1
LGIC_C 46 -0.20521986 -0.17099775 0.0250139954 5.39043203e-09 6.47688584e-08 1
LGIC_C 47 0.535493599 -0.188967118 0.0250140164 -5.78784275e-08 1.15127558e-08 1
LGIC_C 48 -0.111427875 -0.374966772 0.0250140005 8.63456455e-09 4.34088336e-08 1
LGIC_C 51 -0.622246003 -0.0321208798 0.0250140105 4.34088238e-08 8.63459484e-09 1
LGIC_C 52 0.678793155 -0.204457805 0.0250140178 -4.34088182e-08 2.48392526e-08 1
LGIC_C 53 0.352738894 -0.104308359 0.0250140011 -4.34088182e-08 2.48392526e-08 1
LGIC_C 54 -0.0471634142 -0.223650583 0.0250139938 -4.89847109e-08 5.78784581e-08 1
LGIC_C 55 0.439306869 0.51152834 0.0250140137 1.3130701e-08 4.82586573e-08 -1
LGIC_C 56 -0.136611949 -0.248834593 0.0250139945 -5.56021111e-08 -1.45571543e-08 -1
LGIC_C 57 -0.0806234382 0.385488352 0.0250140049 -3.14742797e-08 4.96100914e-08 -1
LGIC_C 58 0.479435599 -0.101468458 0.0250140066 -4.34088182e-08 2.48392526e-08 1
LGIC_C 59 -0.367499706 -0.196188361 0.0250139995 1.45571809e-08 5.5602105e-08 1
LGIC_C 60 0.134150323 0.507615058 0.0250140127 -3.14742949e-08 -4.96100822e-08 1
LGIC_C 61 -0.39405263 0.341142031 0.0250140094 4.20574045e-08 -2.81018523e-08 1
LGIC_C 62 -0.0228545007 0.400452374 0.0250140039 -3.14742797e-08 4.96100914e-08 -1
LGIC_C 63 0.265169515 -0.00996462152 0.0250139965 -4.96100859e-08 9.86807898e-09 1
LGIC_C 64 -0.243983652 0.0108098033 0.0250139968 5.7878425e-08 4.89846948e-08 1
LGIC_C 65 0.0215612925 0.356506703 0.0250140008 -6.33660387e-09 4.96100877e-08 -1
LGIC_C 66 -0.254221986 -0.314379036 0.0250140011 2.45891453e-08 3.68002268e-08 1
LGIC_C 67 -0.457831445 0.413275877 0.0250140174 6.28881943e-09 -7.55636452e-08 1
LGIC_C 68 -0.682935694 -0.114730846 0.0250140098 -4.34088282e-08 2.70157287e-08 -1
LGIC_C 69 -0.663126445 -0.327580328 0.0250140157 3.68002489e-08 2.45891179e-08 1
LGIC_C 70 -0.0475540688 0.369213181 0.0250139997 8.63455111e-09 -4.34088279e-08 1
LGIC_C 72 0.139823321 0.414676515 0.0250140025 -8.63455884e-09 -4.34088253e-08 1
LGIC_C 73 -0.00951592208 0.00581217484 0.0250139838 3.68002297e-08 -2.45891157e-08 1
LGIC_C 74 0.510488411 0.495717795 0.0250140144 -4.82586616e-08 -1.31306776e-08 1
LGIC_C 75 0.533926001 -0.592418669 0.0250140182 -2.45891087e-08 3.68002429e-08 1
LGIC_C 76 -0.706248453 0.0400092144 0.0250140171 4.96100851e-08 2.90231542e-08 1
LGIC_C 77 0.363253498 -0.252751253 0.0250140043 -3.05989503e-08 3.95603122e-08 1
LGIC_C 79 -0.592961506 -0.265405186 0.0250140033 1.15916899e-08 4.97976879e-08 1
LGIC_C 80 0.733475163 0.0157376396 0.0250140152 -4.34088272e-08 -8.63453573e-09 1
LGIC_C 81 0.0502808181 0.670585485 0.0250140162 -6.33660387e-09 4.96100877e-08 -1
LGIC_C 82 0.453306083 -0.249422751 0.025014007 -3.05989503e-08 3.95603122e-08 1
LGIC_C 83 -0.345830104 0.253011428 0.0250140033 -4.82586679e-08 1.31306769e-08 -1
LGIC_C 84 0.214678316 0.501605764 0.0250140104 -2.81018716e-08 -4.20573923e-08 1
LGIC_C 85 -0.0552935871 0.056307965 0.0250139872 1.28239438e-08 -5.73353116e-08 1
LGIC_C 87 -0.336659981 -0.222010454 0.0250140005 1.45571809e-08 5.5602105e-08 1
LGIC_C 88 -0.554384605 -0.49503064 0.0250140143 1.15916899e-08 4.97976879e-08 1
LGIC_C 89 0.242029325 -0.481591334 0.0250140096 -1.31306721e-08 4.82586744e-08 1
LGIC_C 90 -0.359767462 -0.341263109 0.0250140074 1.45571809e-08 5.5602105e-08 1
LGIC_C 91 0.168736755 0.823192889 0.0250140205 -8.63455884e-09 -4.34088253e-08 1
LGIC_C 92 0.242451365 -0.740385747 0.0250140184 6.33663526e-09 4.9610097e-08 1
LGIC_C 93 -0.0216102564 0.576992363 0.0250140118 -6.33661298e-09 -4.96100859e-08 1
LGIC_C 94 0.156109711 -0.0396720679 0.0250139922 -4.96100802e-08 3.14742968e-08 1
LGIC_C 95 -0.313436954 -0.459853961 0.0250140074 -5.56021111e-08 -1.45571543e-08 -1
LGIC_C 96 0.271328421 -0.0636619573 0.0250139973 -4.96100859e-08 9.86807898e-09 1
LGIC_C 97 -0.396423825 0.0571575037 0.0250140013 4.96100851e-08 2.90231542e-08 1
LGIC_C 98 -0.315128478 -0.603437478 0.0250140142 3.95603082e-08 3.05989652e-08 1
LGIC_C 99 0.211336209 -0.0434816942 0.0250139951 -4.96100802e-08 3.14742968e-08 1
LGIC_C 100 -0.375580216 -0.423953607 0.0250140081 2.45891453e-08 3.68002268e-08 1
LGIC_C 101 -0.382962919 0.0112862613 0.0250140024 4.96100897e-08 -9.86805572e-09 1
LGIC_C 102 -0.439543308 0.442736706 0.0250140143 1.28239438e-08 -5.73353116e-08 1
LGIC_C 103 -0.434467986 -0.0249767465 0.0250140015 -4.34088282e-08 2.70157287e-08 -1
LGIC_C 104 0.617911308 -0.223586036 0.0250140161 -4.96100859e-08 9.86807898e-09 1
LGIC_C 105 -0.314887514 0.148735745 0.0250139985 3.68002297e-08 -2.45891157e-08 1
LGIC_C 106 -0.278946232 0.743636553 0.025014018 8.63455111e-09 -4.34088279e-08 1
LGIC_C 107 -0.645849821 -0.265644784 0.0250140136 4.34088238e-08 8.63459484e-09 1
LGIC_C 108 -0.0362160296 -0.504018648 0.025014006 2.48392553e-08 4.34088306e-08 1
LGIC_C 110 -0.224400032 -0.745458708 0.0250140175 8.63456455e-09 4.34088336e-08 1
LGIC_C 111 -0.511485667 -0.123862256 0.0250140051 -4.96100919e-08 2.90231703e-08 -1
LGIC_C 112 0.681012031 -0.0506145556 0.0250140186 -4.96100802e-08 3.14742968e-08 1
LGIC_C 113 -0.0532362344 -0.709601453 0.0250140154 2.48392553e-08 4.34088306e-08 1
LGIC_C 114 -0.337016935 0.394250241 0.0250140102 1.28239438e-08 -5.73353116e-08 1
LGIC_C 115 0.454450893 -0.404117535 0.0250140131 -3.05989503e-08 3.95603122e-08 1
LGIC_C 116 0.123303086 -0.460525545 0.0250140086 1.00935263e-08 5.7878447e-08 1
LGIC_C 117 -0.181358706 -0.0735009839 0.0250139892 -4.34088282e-08 2.70157287e-08 -1
LGIC_C 118 -0.305711543 -0.326473853 0.025014005 -5.56021111e-08 -1.45571543e-08 -1
LGIC_C 119 0.075994788 0.4545654 0.0250140066 -9.86806672e-09 -4.96100854e-08 1
LGIC_C 120 0.00309494774 0.501722786 0.0250140081 -6.33660387e-09 4.96100877e-08 -1
LGIC_C 121 -0.51217762 -0.426888599 0.0250140104 1.15916899e-08 4.97976879e-08 1
LGIC_C 122 0.622405243 -0.377286834 0.0250140154 -3.68002179e-08 2.45891393e-08 1
LGIC_C 124 0.562557357 -0.489913795 0.025014016 -3.68002179e-08 2.45891393e-08 1
LGIC_C 125 0.112819323 -0.163753678 0.0250139926 -1.31306721e-08 4.82586744e-08 1
LGIC_C 126 0.631866433 -0.416292905 0.025014019 -3.05989503e-08 3.95603122e-08 1
LGIC_C 127 0.218705976 -0.280546596 0.0250139996 -1.31306721e-08 4.82586744e-08 1
LGIC_C 128 0.242235397 -0.278367839 0.0250139994 -2.45891087e-08 3.68002429e-08 1
LGIC_C 129 0.430925671 -0.0888733611 0.0250140027 -4.34088226e-08 8.63456802e-09 1
LGIC_C 130 -0.544207104 0.194354916 0.0250140086 4.34088259e-08 -8.63455061e-09 1
LGIC_C 131 0.405275279 0.235236667 0.0250140059 -4.82586616e-08 -1.31306776e-08 1
LGIC_C 132 -0.178533359 0.0559452264 0.0250139908 5.7878425e-08 4.89846948e-08 1
LGIC_C 133 -0.577740537 -0.0425499174 0.0250140087 4.34088238e-08 8.63459484e-09 1
LGIC_C 134 0.251666071 -0.616949933 0.0250140122 -8.63454093e-09 4.34088369e-08 1
LGIC_C 135 -0.240961016 -0.253713729 0.0250140007 2.81018674e-08 4.20574117e-08 1
LGIC_C 136 0.357057572 -0.307009481 0.0250140039 -3.68002179e-08 2.45891393e-08 1
LGIC_C 137 0.352514691 -0.375316868 0.025014006 -1.31306721e-08 4.82586744e-08 1
LGIC_C 138 -0.69697369 -0.233100983 0.0250140081 4.96100935e-08 -4.19869172e-08 1
LGIC_C 139 0.147249623 -0.0242305969 0.0250139913 -4.96100802e-08 3.14742968e-08 1
LGIC_C 140 0.520977101 0.543781086 0.0250140161 -2.45891309e-08 -3.68002211e-08 1
LGIC_C 141 0.453380075 0.110643866 0.0250140039 -4.34088272e-08 -8.63453573e-09 1
LGIC_C 142 -0.434261459 -0.558711748 0.0250140175 3.95603082e-08 3.05989652e-08 1
LGIC_C 144 -0.446533249 -0.480333437 0.0250140151 -5.56021111e-08 -1.45571543e-08 -1
LGIC_C 145 0.215118761 0.0092973995 0.0250139938 -4.96100869e-08 6.3366408e-09 1
LGIC_C 146 0.0234059926 0.557954271 0.0250140112 -9.86806672e-09 -4.96100854e-08 1
LGIC_C 147 -0.342204545 -0.359360753 0.0250140049 2.45891453e-08 3.68002268e-08 1
LGIC_C 149 0.548140109 0.464016953 0.0250140148 -3.68002282e-08 -2.45891172e-08 1
LGIC_C 150 0.370404679 0.114970228 0.0250140009 -4.96100869e-08 6.3366408e-09 1
LGIC_C 151 -0.0800587496 -0.676206387 0.0250140133 8.63456455e-09 4.34088336e-08 1
LGIC_C 152 0.281210154 0.535716663 0.0250140128 1.3130701e-08 4.82586573e-08 -1
LGIC_C 153 0.178530642 -0.181844023 0.0250139959 -1.28239349e-08 5.73353226e-08 1
LGIC_C 154 0.1390152 0.479446517 0.0250140084 -9.86806672e-09 -4.96100854e-08 1
LGIC_C 155 -0.513739867 0.170153957 0.025014007 4.34088259e-08 -8.63455061e-09 1
LGIC_C 156 -0.233036948 0.0396705001 0.0250139937 4.34088259e-08 -8.63455061e-09 1
LGIC_C 157 -0.462594207 0.27452263 0.0250140069 6.28881943e-09 -7.55636452e-08 1
LGIC_C 158 0.318905688 0.177737348 0.0250140026 3.37890593e-08 4.80634111e-08 -1
LGIC_C 159 0.774344453 0.104702349 0.0250140178 -4.34088272e-08 -8.63453573e-09 1
LGIC_C 160 -0.312361626 -0.0828929967 0.0250139946 -4.34088282e-08 2.70157287e-08 -1
LGIC_C 161 -0.418968125 0.0861778117 0.0250140049 4.96100897e-08 -9.86805572e-09 1
LGIC_C 162 0.46694075 0.0263053404 0.0250140067 -4.96100911e-08 -9.86803575e-09 1
LGIC_C 163 0.375570375 -0.247759574 0.025014006 -4.20573976e-08 2.81018683e-08 1
LGIC_C 164 0.291130124 -0.601567162 0.0250140161 -1.31306721e-08 4.82586744e-08 1
LGIC_C 165 -0.362148698 0.0635513231 0.0250139994 4.96100851e-08 2.90231542e-08 1
LGIC_C 166 -0.114316429 -0.698285552 0.0250140164 2.48392553e-08 4.34088306e-08 1
LGIC_C 167 -0.588229811 0.576456968 0.0250140192 -4.82586679e-08 1.31306769e-08 -1
LGIC_C 168 -0.489974845 -0.23126903 0.0250140009 5.39043203e-09 6.47688584e-08 1
LGIC_C 169 0.66769596 -0.520208087 0.00395728511 0.827616944 -0.552996408 0.0961517878
LGIC_C 171 -0.240221721 0.334087398 0.0250140055 1.28239438e-08 -5.73353116e-08 1
LGIC_C 172 0.289166587 0.138559563 0.0250139993 -4.20574004e-08 -2.81018564e-08 1
LGIC_C 173 0.662914107 0.283462416 0.0250140146 -3.68002282e-08 -2.45891172e-08 1
LGIC_C 174 -0.0774380727 -0.487586615 0.0250140063 2.48392553e-08 4.34088306e-08 1
LGIC_C 175 0.417620882 -0.320473303 0.0250140127 -3.37890406e-08 4.80634332e-08 1
LGIC_C 177 0.332618786 0.363890756 0.0250140079 -2.81018716e-08 -4.20573923e-08 1
LGIC_C 178 0.133577086 -0.607810614 0.0250140125 6.33663526e-09 4.9610097e-08 1
LGIC_C 180 -0.152080159 0.262756251 0.0250139986 2.8101852e-08 -4.20574041e-08 1
LGIC_C 181 -0.651234223 -0.298100932 0.025014006 5.39043203e-09 6.47688584e-08 1
LGIC_C 183 0.659488852 0.276883341 0.0250140187 -4.82586616e-08 -1.31306776e-08 1
LGIC_C 184 0.686154445 -0.0379154965 0.025014014 -4.34088182e-08 2.48392526e-08 1
LGIC_C 185 0.366191821 -0.17055931 0.0250140012 -3.05989503e-08 3.95603122e-08 1
LGIC_C 186 -0.623426578 -0.277063754 0.0250140045 5.39043203e-09 6.47688584e-08 1
LGIC_C 188 -0.730863778 0.0992556669 0.0250140158 4.34088259e-08 -8.63455061e-09 1
LGIC_C 189 -0.534956054 0.306450199 0.0250140144 4.20574045e-08 -2.81018523e-08 1
LGIC_C 190 0.339604069 -0.708559391 0.0250140177 -2.45891087e-08 3.68002429e-08 1
LGIC_C 191 -0.453274109 -0.247900775 0.0250140017 5.39043203e-09 6.47688584e-08 1
LGIC_C 192 -0.278752879 0.110505437 0.0250139963 4.34088259e-08 -8.63455061e-09 1
LGIC_C 193 0.257659655 0.104357972 0.025013997 -4.96100911e-08 -9.86803575e-09 1
LGIC_C 194 -0.712977113 0.357244224 0.0250140183 3.68002297e-08 -2.45891157e-08 1
LGIC_C 195 0.361104725 0.395797375 0.02501401 -2.81018716e-08 -4.20573923e-08 1
LGIC_C 196 0.72203384 0.398941137 0.0250140196 -3.68002282e-08 -2.45891172e-08 1
LGIC_C 197 -0.252594857 -0.548199011 0.0250140096 2.45891453e-08 3.68002268e-08 1
LGIC_C 198 0.487593774 -0.0611183376 0.0250140049 -4.34088226e-08 8.63456802e-09 1
LGIC_C 199 0.652426494 0.260728015 0.0250140139 -4.96100869e-08 6.3366408e-09 1
LGIC_C 200 0.717612725 -0.322502307 0.0250140176 -3.68002179e-08 2.45891393e-08 1
LGIC_C 201 0.242636503 0.113942996 0.0250139967 -4.20574004e-08 -2.81018564e-08 1
LGIC_C 202 -0.0263055304 -0.279984048 0.0250139961 2.48392553e-08 4.34088306e-08 1
LGIC_C 203 -0.136436759 -0.00311649933 0.02501399 -4.96100919e-08 2.90231703e-08 -1
LGIC_C 204 -0.39629021 0.557376075 0.0250140179 2.8101852e-08 -4.20574041e-08 1
LGIC_C 205 -0.097702478 0.270908034 0.0250139977 9.86805557e-09 -4.96100883e-08 1
LGIC_C 206 0.662435756 -0.332308831 0.0250140158 -3.68002179e-08 2.45891393e-08 1
LGIC_C 207 -0.118095579 -0.473454864 0.0250140048 -4.89847109e-08 5.78784581e-08 1
LGIC_C 208 -0.504040604 0.418889188 0.0250140131 -4.82586679e-08 1.31306769e-08 -1
LGIC_C 209 -0.00667642759 0.0133546847 0.0250139854 -7.86851998e-08 1.17760691e-07 -1
LGIC_C 210 0.083458777 0.278752757 0.0250139979 -9.86806672e-09 -4.96100854e-08 1
LGIC_C 212 -0.374067057 -0.533684438 0.0250140118 -5.56021111e-08 -1.45571543e-08 -1
LGIC_C 213 0.343666075 -0.393805104 0.0250140094 -2.81018481e-08 4.20574137e-08 1
LGIC_C 214 0.462608482 -0.0635885114 0.0250140039 -4.34088226e-08 8.63456802e-09 1
LGIC_C 215 -0.496304655 -0.0273847472 0.025014005 4.34088238e-08 8.63459484e-09 1
LGIC_C 216 0.165990506 -0.201568592 0.0250139951 -1.31306721e-08 4.82586744e-08 1
LGIC_C 217 0.476145132 -0.359780992 0.0250140166 -3.37890406e-08 4.80634332e-08 1
LGIC_C 218 -0.258264931 0.473433885 0.0250140095 1.31306824e-08 -4.82586643e-08 1
LGIC_C 219 -0.256769175 -0.419494119 0.0250140062 3.95603082e-08 3.05989652e-08 1
LGIC_C 220 -0.745579507 -0.32314319 0.0250140186 3.68002489e-08 2.45891179e-08 1
LGIC_C 221 0.635191064 -0.420253793 0.0250140169 -3.68002179e-08 2.45891393e-08 1
LGIC_C 222 -0.504824036 -0.205866537 0.0250140024 5.7878436e-08 -4.89847332e-08 1
LGIC_C 223 0.211368342 0.402813619 0.025014007 -4.80634192e-08 -3.37890445e-08 1
LGIC_C 224 -0.366817597 0.0348514053 0.0250140004 4.96100851e-08 2.90231542e-08 1
LGIC_C 225 0.225076939 -0.685397576 0.0250140149 -8.63454093e-09 4.34088369e-08 1
LGIC_C 226 0.380926677 -0.134692994 0.0250140009 -4.34088226e-08 8.63456802e-09 1
LGIC_C 227 -0.177754457 0.502070247 0.0250140066 8.63455111e-09 -4.34088279e-08 1
LGIC_C 228 0.285726113 -0.287895158 0.0250140009 -1.31306721e-08 4.82586744e-08 1
LGIC_C 229 -0.513389254 -0.0675565951 0.0250140061 4.34088238e-08 8.63459484e-09 1
LGIC_C 230 -0.693619475 -0.163224825 0.025014009 -4.34088282e-08 2.70157287e-08 -1
LGIC_C 231 0.525759068 0.257705278 0.0250140134 3.37890593e-08 4.80634111e-08 -1
LGIC_C 232 -0.289417098 0.800249472 0.0249350315 -0.194186377 0.976241021 0.0961515493
LGIC_C 233 0.287801449 0.250076497 0.0250140004 -4.82586616e-08 -1.31306776e-08 1
LGIC_C 234 0.0343741135 -0.443718479 0.0250140028 -8.63454093e-09 4.34088369e-08 1
LGIC_C 235 0.361661219 0.446840233 0.0250140122 -2.81018716e-08 -4.20573923e-08 1
LGIC_C 236 0.30648488 -0.0171054647 0.025013997 -4.34088182e-08 2.48392526e-08 1
LGIC_C 239 0.487683588 -0.23620862 0.0250140104 -4.20573976e-08 2.81018683e-08 1
LGIC_C 240 0.139708485 -0.200776251 0.0250139965 -1.28239349e-08 5.73353226e-08 1
LGIC_C 241 -0.135285991 0.180628375 0.0250139947 2.8101852e-08 -4.20574041e-08 1
LGIC_C 242 0.588030857 -0.337740864 0.0250140193 -3.37890406e-08 4.80634332e-08 1
LGIC_C 243 -0.687866574 0.25185836 0.0250140199 4.96100897e-08 -9.86805572e-09 1
LGIC_C 246 0.407031135 0.419959433 0.0250140089 1.3130701e-08 4.82586573e-08 -1
LGIC_C 247 -0.496255206 0.637234514 0.0250140189 2.45891128e-08 -3.68002333e-08 1
LGIC_C 248 0.090848454 -0.0621166091 0.0250139881 -3.68002179e-08 2.45891393e-08 1
LGIC_C 249 0.518400185 -0.0776645928 0.0250140114 -4.96100802e-08 3.14742968e-08 1
LGIC_C 250 0.266283118 0.522798429 0.0250140137 -4.80634192e-08 -3.37890445e-08 1
LGIC_C 251 0.0289685233 0.582725965 0.025014012 -6.33660387e-09 4.96100877e-08 -1
LGIC_C 252 0.167815803 0.559521797 0.0250140163 -3.14742949e-08 -4.96100822e-08 1
LGIC_C 253 0.474627157 0.29617281 0.02501401 -4.82586616e-08 -1.31306776e-08 1
LGIC_C 255 -0.728843713 -0.0617830975 0.0250140132 -4.34088282e-08 2.70157287e-08 -1
LGIC_C 256 -0.311388926 0.549516834 0.0250140111 2.45891128e-08 -3.68002333e-08 1
LGIC_C 257 0.305779952 0.316934716 0.0250140026 1.3130701e-08 4.82586573e-08 -1
LGIC_C 258 -0.288610133 0.572790598 0.0250140114 2.45891128e-08 -3.68002333e-08 1
LGIC_C 260 -0.00421841638 -0.598308347 0.025014013 9.8680833e-09 4.96100963e-08 1
LGIC_C 261 0.0809169279 0.649089965 0.0250140121 -8.63455884e-09 -4.34088253e-08 1
LGIC_C 262 -0.357770996 0.353937293 0.0250140083 4.20574045e-08 -2.81018523e-08 1
LGIC_C 263 -0.681972168 -0.161011482 0.0250140085 -4.34088282e-08 2.70157287e-08 -1
LGIC_C 264 0.426325604 -0.346804146 0.0250140074 -3.68002179e-08 2.45891393e-08 1
LGIC_C 265 0.212295422 0.0109045632 0.0250139939 -4.96100911e-08 -9.86803575e-09 1
LGIC_C 266 -0.169575617 -0.348342951 0.0250140006 3.95603082e-08 3.05989652e-08 1
LGIC_C 267 -0.315840811 -0.281091187 0.0250140035 1.45571809e-08 5.5602105e-08 1
LGIC_C 268 -0.0329099327 -0.513328983 0.0250140077 -2.90231482e-08 4.96101036e-08 1
LGIC_C 269 -0.102196541 0.608240189 0.0250140128 -6.33661298e-09 -4.96100859e-08 1
LGIC_C 271 -0.466769022 -0.421852003 0.0250140108 3.68002489e-08 2.45891179e-08 1
LGIC_C 272 -0.359122007 0.250119682 0.0250140039 -4.82586679e-08 1.31306769e-08 -1
LGIC_C 273 0.755137676 -0.140855979 0.0250140195 -4.34088182e-08 2.48392526e-08 1
LGIC_C 274 -0.355586161 0.390976998 0.0250140064 2.45891128e-08 -3.68002333e-08 1
LGIC_C 275 0.0043638184 -0.524053479 0.0250140092 6.33663526e-09 4.9610097e-08 1
LGIC_C 276 -0.126904701 -0.482604221 0.0250140035 -2.90231482e-08 4.96101036e-08 1
LGIC_C 278 0.336551984 0.288905866 0.0250140027 -3.68002282e-08 -2.45891172e-08 1
LGIC_C 279 0.113591167 -0.0245378152 0.0250139884 -4.34088226e-08 8.63456802e-09 1
LGIC_C 280 -0.245258774 -0.175962068 0.0250139966 1.45571809e-08 5.5602105e-08 1
LGIC_C 281 0.413174971 0.504107772 0.0250140201 -4.80634192e-08 -3.37890445e-08 1
LGIC_C 282 -0.246242641 -0.448158654 0.0250140067 3.95603082e-08 3.05989652e-08 1
LGIC_C 283 -0.246682452 -0.474913776 0.0250140049 7.55636799e-08 6.2887973e-09 1
LGIC_C 284 0.245767168 -0.777181539 0.0250140191 -8.63454093e-09 4.34088369e-08 1
LGIC_C 286 -0.559590696 0.0382225532 0.0250140099 4.96100851e-08 2.90231542e-08 1
LGIC_C 287 -0.0767270043 -0.124838238 0.0250139897 2.45891453e-08 3.68002268e-08 1
LGIC_C 288 0.0378846332 -0.382251633 0.025014002 6.33663526e-09 4.9610097e-08 1
LGIC_C 289 0.0453199483 -0.0373278417 0.0250139858 -3.68002179e-08 2.45891393e-08 1
LGIC_C 290 -0.38043701 -0.543027133 0.0250140168 2.81018674e-08 4.20574117e-08 1
LGIC_C 291 -0.476370296 0.427518736 0.0250140113 3.68002297e-08 -2.45891157e-08 1
LGIC_C 292 0.419862766 0.425228328 0.0250140129 -2.81018716e-08 -4.20573923e-08 1
LGIC_C 293 -0.684991989 -0.09177425 0.0250140146 -4.96100919e-08 2.90231703e-08 -1
LGIC_C 295 -0.176870196 0.125638124 0.0250139939 6.28881943e-09 -7.55636452e-08 1
LGIC_C 296 0.498455757 0.215292537 0.0250140103 -4.20574004e-08 -2.81018564e-08 1
LGIC_C 297 0.0430341051 0.340220675 0.0250139984 -8.63455884e-09 -4.34088253e-08 1
LGIC_C 298 0.188421012 -0.55178241 0.0250140125 -9.86804037e-09 4.96101e-08 1
LGIC_C 299 -0.0491224108 -0.344092458 0.0250140008 9.8680833e-09 4.96100963e-08 1
LGIC_C 300 0.366956671 -0.0259331871 0.0250139998 -4.34088182e-08 2.48392526e-08 1
LGIC_C 301 0.12772601 0.409259994 0.0250140021 -8.63455884e-09 -4.34088253e-08 1
LGIC_C 302 0.423504694 0.37309879 0.0250140115 -4.20574004e-08 -2.81018564e-08 1
LGIC_C 303 -0.0133112182 0.382674187 0.0250140024 9.86805557e-09 -4.96100883e-08 1
LGIC_C 304 -0.134335277 0.324736414 0.0250140007 1.31306824e-08 -4.82586643e-08 1
LGIC_C 305 -0.433824014 0.221611238 0.0250140047 3.68002297e-08 -2.45891157e-08 1
LGIC_C 306 0.212475266 0.0984791595 0.0250139952 3.37890593e-08 4.80634111e-08 -1
LGIC_C 307 -0.410703714 0.254532463 0.0250140064 -4.82586679e-08 1.31306769e-08 -1
LGIC_C 308 0.655060241 -0.293257697 0.0250140145 -3.68002179e-08 2.45891393e-08 1
LGIC_C 309 0.145390566 0.142550243 0.0250139921 -3.68002282e-08 -2.45891172e-08 1
LGIC_C 310 0.117041762 0.799003599 0.025014019 -8.63455884e-09 -4.34088253e-08 1
LGIC_C 311 0.596672434 0.611505355 0.0250140204 -2.45891309e-08 -3.68002211e-08 1
LGIC_C 312 0.313993629 0.219861017 0.0250140026 -4.20574004e-08 -2.81018564e-08 1
LGIC_C 313 0.667865749 0.343986751 0.0250140163 -3.68002282e-08 -2.45891172e-08 1
LGIC_C 314 -0.220186418 0.55571016 0.0250140093 8.63455111e-09 -4.34088279e-08 1
LGIC_C 315 -0.0727505438 0.00722112746 0.0250139869 4.96100897e-08 -9.86805572e-09 1
LGIC_C 318 -0.235586477 -0.345903425 0.0250140014 -5.56021111e-08 -1.45571543e-08 -1
LGIC_C 319 -0.498155781 -0.0800307771 0.0250140027 -4.34088282e-08 2.70157287e-08 -1
LGIC_C 320 0.385373973 0.61688629 0.02501402 -2.81018716e-08 -4.20573923e-08 1
LGIC_C 322 0.560431123 0.247009522 0.0250140135 -4.82586616e-08 -1.31306776e-08 1
LGIC_C 323 -0.322258263 -0.622351117 0.0250140185 2.81018674e-08 4.20574117e-08 1
LGIC_C 324 0.0476737524 0.690025012 0.0250140172 -6.33660387e-09 4.96100877e-08 -1
LGIC_C 325 0.487307847 0.606285708 0.0250140175 -2.45891309e-08 -3.68002211e-08 1
LGIC_C 326 0.201993819 0.681089105 0.0250140158 -6.33660387e-09 4.96100877e-08 -1
LGIC_C 327 -0.305744576 -0.0573246471 0.0250139968 -4.96100919e-08 2.90231703e-08 -1
LGIC_C 328 -0.455599311 0.052928686 0.0250140044 4.34088279e-08 -2.48392273e-08 1
LGIC_C 329 0.607576443 -0.175933071 0.0250140151 -4.96100859e-08 9.86807898e-09 1
LGIC_C 330 0.375072888 -0.0210161893 0.0250140025 -4.96100802e-08 3.14742968e-08 1
LGIC_C 331 0.197839833 -0.104025419 0.0250139934 -3.05989503e-08 3.95603122e-08 1
LGIC_C 332 -0.00910981867 -0.403749084 0.0250140034 9.8680833e-09 4.96100963e-08 1
LGIC_C 333 0.505510958 0.171079268 0.0250140067 -4.34088272e-08 -8.63453573e-09 1
LGIC_C 334 0.23510077 0.754013618 0.025014018 -8.63455884e-09 -4.34088253e-08 1
LGIC_C 335 0.217287823 0.541192606 0.0250140086 -8.63455884e-09 -4.34088253e-08 1
LGIC_C 336 -0.716625386 0.0160985023 0.0250140148 4.34088279e-08 -2.48392273e-08 1
LGIC_C 337 -0.0112906814 -0.000926212459 0.0250139838 4.96100935e-08 -4.19869172e-08 1
LGIC_C 338 -0.255762323 0.351681183 0.0250140025 2.45891128e-08 -3.68002333e-08 1
LGIC_C 339 0.116840982 -0.159611204 0.0250139925 -1.31306721e-08 4.82586744e-08 1
LGIC_C 340 -0.301524112 0.554481659 0.0250140151 2.8101852e-08 -4.20574041e-08 1
LGIC_C 341 0.0127163206 -0.6822498 0.025014013 -8.63454093e-09 4.34088369e-08 1
LGIC_C 342 -0.810835993 -0.0658987265 0.0250140167 -4.34088282e-08 2.70157287e-08 -1
LGIC_C 343 0.243751451 0.485429639 0.0250140099 1.3130701e-08 4.82586573e-08 -1
LGIC_C 344 -0.124918156 0.0239222968 0.0250139893 5.7878425e-08 4.89846948e-08 1
LGIC_C 346 0.346725017 0.335750874 0.0250140043 -3.68002282e-08 -2.45891172e-08 1
LGIC_C 347 0.489212841 -0.121128834 0.0250140087 -4.96100859e-08 9.86807898e-09 1
LGIC_C 349 -0.20734095 -0.527337723 0.0250140034 -2.90231482e-08 4.96101036e-08 1
LGIC_C 350 -0.274546755 0.39794627 0.0250140047 2.45891128e-08 -3.68002333e-08 1
LGIC_C 352 -0.15832161 -0.232020475 0.0250139966 3.95603082e-08 3.05989652e-08 1
LGIC_C 353 -0.335161195 0.151738011 0.0250140016 4.20574045e-08 -2.81018523e-08 1
LGIC_C 354 0.198659903 0.20235806 0.0250139973 -2.81018716e-08 -4.20573923e-08 1
LGIC_C 355 0.0883523998 -0.497276508 0.0250140111 1.00935263e-08 5.7878447e-08 1
LGIC_C 356 0.114932445 0.704359705 0.0250140148 -8.63455884e-09 -4.34088253e-08 1
LGIC_C 357 0.724601095 0.186106368 0.025014018 -4.96100869e-08 6.3366408e-09 1
LGIC_C 358 0.092165111 -0.0897770122 0.0250139907 -4.90669481e-08 3.27855328e-08 1
LGIC_C 359 -0.259900176 0.226124013 0.025014002 6.28881943e-09 -7.55636452e-08 1
LGIC_C 360 -0.461611421 0.460654076 0.0250140116 -4.82586679e-08 1.31306769e-08 -1
LGIC_C 361 0.610464476 -0.144670677 0.0250140149 -4.96100859e-08 9.86807898e-09 1
LGIC_C 362 -0.453459612 -0.0897498275 0.0250140032 -4.96100919e-08 2.90231703e-08 -1
LGIC_C 363 -0.316433779 0.437515293 0.0250140085 1.31306824e-08 -4.82586643e-08 1
LGIC_C 365 0.583482888 -0.367735565 0.0250140181 -4.20573976e-08 2.81018683e-08 1
LGIC_C 366 -0.331303815 -0.73731596 0.0250140189 3.95603082e-08 3.05989652e-08 1
LGIC_C 367 0.375777192 -0.0878217887 0.0250140017 -4.34088182e-08 2.48392526e-08 1
LGIC_C 368 -0.13264977 -0.366403445 0.0250140024 2.48392553e-08 4.34088306e-08 1
LGIC_C 369 -0.139558735 -0.65554502 0.0250140117 -2.90231482e-08 4.96101036e-08 1
LGIC_C 370 -0.332725316 -0.625401065 0.0250140144 2.45891453e-08 3.68002268e-08 1
LGIC_C 371 0.249480206 0.0630555795 0.0250139946 -4.34088272e-08 -8.63453573e-09 1
LGIC_C 372 -0.0261443759 0.419437042 0.0250140017 8.63455111e-09 -4.34088279e-08 1
LGIC_C 373 -0.681711367 0.434352027 0.025014019 3.68002297e-08 -2.45891157e-08 1
LGIC_C 374 0.0118836495 -0.188093086 0.0250139925 6.33663526e-09 4.9610097e-08 1
LGIC_C 375 0.133161442 -0.636221543 0.0250140187 1.00935263e-08 5.7878447e-08 1
LGIC_C 376 0.412649624 0.396058778 0.0250140117 -4.20574004e-08 -2.81018564e-08 1
LGIC_C 377 0.327697746 0.14578364 0.0250139989 -3.68002282e-08 -2.45891172e-08 1
LGIC_C 378 -0.610620128 0.0712476644 0.0250140115 4.96100851e-08 2.90231542e-08 1
LGIC_C 379 -0.0379235216 -0.45033354 0.025014006 9.8680833e-09 4.96100963e-08 1
LGIC_C 380 0.145520688 0.580950758 0.0250140135 -9.86806672e-09 -4.96100854e-08 1
LGIC_C 381 0.0288600644 0.662680852 0.025014016 -6.33660387e-09 4.96100877e-08 -1
LGIC_C 382 0.572855911 -0.275976026 0.0250140158 -3.37890406e-08 4.80634332e-08 1
LGIC_C 384 -0.445042657 -0.402439047 0.0250140164 6.28883752e-09 7.55636663e-08 1
LGIC_C 386 0.490796907 -0.469555406 0.0250140128 -3.68002179e-08 2.45891393e-08 1
LGIC_C 387 0.543064758 -0.236624631 0.0250140129 -3.37890406e-08 4.80634332e-08 1
LGIC_C 388 -0.0029233527 0.41529035 0.025014004 -3.14742797e-08 4.96100914e-08 -1
LGIC_C 390 0.545312339 -0.0449282052 0.025014008 -4.34088182e-08 2.48392526e-08 1
LGIC_C 392 -0.232939091 -0.584255215 0.0250140054 -2.90231482e-08 4.96101036e-08 1
LGIC_C 393 -0.0465828353 -0.279587012 0.0250139958 8.63456455e-09 4.34088336e-08 1
LGIC_C 395 0.357139494 0.388222509 0.0250140067 1.3130701e-08 4.82586573e-08 -1
LGIC_C 396 0.259855006 0.402267824 0.0250140061 1.3130701e-08 4.82586573e-08 -1
LGIC_C 397 -0.670655071 0.270755766 0.0250140147 4.34088259e-08 -8.63455061e-09 1
LGIC_C 398 -0.551229358 0.256974439 0.0250140143 3.37890593e-08 -4.80634052e-08 1
LGIC_C 399 0.597429221 -0.175738353 0.0250140184 -4.96100802e-08 3.14742968e-08 1
NT 7181 1.01072393 -4.3854581 -3.01728283 0 0 0
NT 7817 -1.01005143 3.12463064 -2.10871794 0 0 0
LGIC_O 4402 -0.0345878633 0.265675272 0.025013999 1.15127271e-08 -5.78784352e-08 1
LGIC_O 4401 -0.1840676 0.0972239463 0.0250139942 3.37890593e-08 -4.80634052e-08 1
LGIC_O 4400 -0.175025146 0.0137516014 0.0250139927 5.7878425e-08 4.89846948e-08 1
LGIC_O 8441 0.636913646 -0.12672076 0.0250140188 -4.96100802e-08 3.14742968e-08 1
LGIC_O 8440 0.314831804 -0.521242477 0.0250140191 -3.27854948e-08 4.90669785e-08 1
LGIC_O 8439 0.567487089 -0.204519113 0.0250140184 -5.78784275e-08 1.15127558e-08 1
LGIC_O 8438 -0.495463838 -0.478991786 0.0250140171 1.45571809e-08 5.5602105e-08 1
LGIC_O 8437 -0.0865332912 0.0753896135 0.0250139898 3.37890593e-08 -4.80634052e-08 1
LGIC_O 8436 0.281965125 0.349247805 0.0250140096 -3.27855134e-08 -4.90669575e-08 1
LGIC_O 8435 -0.281577291 0.489075666 0.0250140165 3.27854968e-08 -4.90669676e-08 1
LGIC_O 8434 -0.605092982 -0.110313414 0.0250140129 5.7878436e-08 -4.89847332e-08 1
LGIC_O 8433 0.701586212 -0.0117142491 0.0250140184 -4.96100802e-08 3.14742968e-08 1
LGIC_O 8432 0.426050556 0.664856809 0.0250140182 -2.45891309e-08 -3.68002211e-08 1
LGIC_O 8431 -0.53569519 -0.176489801 0.025014008 4.34088238e-08 8.63459484e-09 1
LGIC_O 8430 -0.206044735 -0.180448528 0.0250139982 6.28883752e-09 7.55636663e-08 1
LGIC_O 8429 0.342033035 -0.34268384 0.0250140113 -3.27854948e-08 4.90669785e-08 1
LGIC_O 8428 0.576112066 -0.314703408 0.0250140178 -3.37890406e-08 4.80634332e-08 1
LGIC_O 8427 0.236726308 -0.318077646 0.0250140066 -3.27854948e-08 4.90669785e-08 1
LGIC_O 8426 -0.0976488914 -0.110862836 0.0250139913 7.55636799e-08 6.2887973e-09 1
LGIC_O 8425 0.534646383 -0.195059479 0.0250140164 -5.78784275e-08 1.15127558e-08 1
LGIC_O 8424 0.219544679 -0.315091025 0.0250140059 -3.27854948e-08 4.90669785e-08 1
LGIC_O 8423 -0.608846757 -0.593779315 0.0250140203 3.68002489e-08 2.45891179e-08 1
LGIC_O 8422 0.564815598 -0.372450199 0.0250140202 -3.37890406e-08 4.80634332e-08 1
LGIC_O 8421 0.550750457 0.0902902064 0.0250140162 -5.78784335e-08 -1.15127284e-08 1
LGIC_O 8420 0.175418091 0.0610257495 0.0250139941 -5.78784335e-08 -1.15127284e-08 1
LGIC_O 8419 0.142777714 0.100831833 0.0250139936 -4.90669739e-08 -3.27854893e-08 1
LGIC_O 4418 0.0575220985 -0.190210297 0.0250139949 -1.15127059e-08 5.78784511e-08 1
LGIC_O 4417 -0.118754336 -0.170834128 0.0250139938 2.81018674e-08 4.20574117e-08 1
LGIC_O 4416 0.593239316 0.0786534269 0.0250140185 -5.78784335e-08 -1.15127284e-08 1
LGIC_O 4415 0.0853954366 -0.420999761 0.0250140086 -1.15127059e-08 5.78784511e-08 1
LGIC_O 4414 -0.374457097 -0.228026162 0.0250140026 3.68002489e-08 2.45891179e-08 1
LGIC_O 4413 0.577482781 -0.285169834 0.0250140164 -3.37890406e-08 4.80634332e-08 1
LGIC_O 4412 -0.484325859 0.306166979 0.0250140144 3.37890593e-08 -4.80634052e-08 1
LGIC_O 4411 0.44777829 -0.0963194904 0.0250140103 -5.78784275e-08 1.15127558e-08 1
LGIC_O 4410 0.28281874 -0.503567977 0.0250140172 -3.27854948e-08 4.90669785e-08 1
LGIC_O 4409 -0.116204576 -0.152585731 0.025013993 7.55636799e-08 6.2887973e-09 1
LGIC_O 4408 -0.333519821 0.289166147 0.0250140084 3.37890593e-08 -4.80634052e-08 1
LGIC_O 4407 -0.148720782 -0.636306108 0.0250140163 9.8680833e-09 4.96100963e-08 1
LGIC_O 4406 0.336173082 -0.328141715 0.0250140105 -4.90669481e-08 3.27855328e-08 1
LGIC_O 4405 -0.249510429 -0.168914007 0.0250139976 6.28883752e-09 7.55636663e-08 1
LGIC_O 4404 0.0811982327 0.141649416 0.0250139929 -3.27855134e-08 -4.90669575e-08 1
LGIC_O 4403 0.0533120499 -0.19689515 0.0250139952 -1.15127059e-08 5.78784511e-08 1
