LGIC_C 0 0.43430841 0.208307561 0.0250140074 -4.20574004e-08 -2.81018564e-08 1
LGIC_C 1 -0.258380798 0.0779097533 0.0250139952 4.34088259e-08 -8.63455061e-09 1
LGIC_C 2 -0.548000672 0.112314489 0.0250140116 4.96100897e-08 -9.86805572e-09 1
LGIC_C 3 0.253499745 -0.694122326 0.0250140202 -9.86804037e-09 4.96101e-08 1
LGIC_C 4 -0.46977821 -0.223498311 0.0250140031 6.28883752e-09 7.55636663e-08 1
LGIC_C 5 0.10089767 -0.600591762 0.025014017 1.00935263e-08 5.7878447e-08 1
LGIC_C 6 -0.315964457 0.491022331 0.0250140155 1.28239438e-08 -5.73353116e-08 1
LGIC_C 7 -0.716457211 0.446504111 -0.00116474077 -0.827617296 0.552995934 0.0961514895
LGIC_C 8 -0.145243969 0.298421327 0.0250139978 2.45891128e-08 -3.68002333e-08 1
LGIC_C 9 -0.41545173 -0.29605574 0.0250140082 6.28883752e-09 7.55636663e-08 1
LGIC_C 10 -0.351209277 -0.620218456 0.0250140161 3.95603082e-08 3.05989652e-08 1
LGIC_C 11 0.135407505 0.545602464 0.0250140095 -6.33660387e-09 4.96100877e-08 -1
LGIC_C 12 0.405216607 0.224378821 0.0250140105 -4.90669739e-08 -3.27854893e-08 1
LGIC_C 13 0.727721641 -0.0993661586 0.0250140203 -4.96100859e-08 9.86807898e-09 1
LGIC_C 14 0.691618459 0.227629393 0.0250140161 -4.96100869e-08 6.3366408e-09 1
LGIC_C 15 -0.474906949 -0.354072751 0.0250140087 5.39043203e-09 6.47688584e-08 1
LGIC_C 16 0.643054818 -0.090037699 0.025014016 -4.96100859e-08 9.86807898e-09 1
LGIC_C 17 -0.580784503 0.389820148 0.0250140164 -4.82586679e-08 1.31306769e-08 -1
LGIC_C 18 0.323124619 -0.492258319 0.025014013 -2.81018481e-08 4.20574137e-08 1
LGIC_C 21 -0.0436897855 -0.22798314 0.0250139933 -2.90231482e-08 4.96101036e-08 1
LGIC_C 22 0.223604362 0.609758132 0.0250140157 -9.86806672e-09 -4.96100854e-08 1
LGIC_C 23 -0.528973625 0.452996417 0.0250140139 3.68002297e-08 -2.45891157e-08 1
LGIC_C 24 0.121254096 0.423905743 0.0250140055 -9.86806672e-09 -4.96100854e-08 1
LGIC_C 25 0.346721123 -0.0458029977 0.0250139987 -4.34088226e-08 8.63456802e-09 1
LGIC_C 27 -0.266660695 0.558089337 0.0250140194 3.27854968e-08 -4.90669676e-08 1
LGIC_C 28 0.679248307 0.139341616 0.0250140139 -4.34088272e-08 -8.63453573e-09 1
LGIC_C 30 0.698471816 0.120080011 0.0250140171 -4.96100869e-08 6.3366408e-09 1
LGIC_C 31 -0.425464006 -0.433292549 0.0250140132 -5.56021111e-08 -1.45571543e-08 -1
LGIC_C 32 0.061705943 0.106928013 0.0250139892 1.3130701e-08 4.82586573e-08 -1
LGIC_C 33 -0.0212439349 0.627814572 0.0250140107 8.63455111e-09 -4.34088279e-08 1
LGIC_C 35 -0.144425823 -0.466165003 0.0250140022 -2.90231482e-08 4.96101036e-08 1
LGIC_C 36 0.457545289 -0.591222042 0.0250140162 -2.45891087e-08 3.68002429e-08 1
LGIC_C 37 0.105558089 0.786169228 0.0250140183 -8.63455884e-09 -4.34088253e-08 1
LGIC_C 38 0.772854179 -0.330175168 0.0250140199 -3.05989503e-08 3.95603122e-08 1
LGIC_C 39 0.695543468 0.238992462 0.0250140155 -4.34088272e-08 -8.63453573e-09 1
LGIC_C 40 -0.672490465 0.00521213376 0.0250140126 4.34088279e-08 -2.48392273e-08 1
LGIC_C 41 -0.541325311 0.624196392 0.0250140196 2.45891128e-08 -3.68002333e-08 1
LGIC_C 42 -0.289700664 -0.707851383 0.0250140165 8.63456455e-09 4.34088336e-08 1
LGIC_C 43 -0.572031096 -0.455609045 0.0250140126 1.15916899e-08 4.97976879e-08 1
LGIC_C 44 0.302636335 0.499923559 0.0250140114 1.3130701e-08 4.82586573e-08 -1
LGIC_C 45 0.00409788055 -0.175273147 0.0250139919 6.33663526e-09 4.9610097e-08 1
LGIC_C 46 -0.220523106 -0.215472648 0.0250139984 5.39043203e-09 6.47688584e-08 1
LGIC_C 47 0.527374727 -0.170588516 0.0250140157 -5.78784275e-08 1.15127558e-08 1
LGIC_C 48 -0.113651062 -0.407040558 0.0250140019 8.63456455e-09 4.34088336e-08 1
LGIC_C 51 -0.57679643 -0.0124217974 0.025014008 -4.34088282e-08 2.70157287e-08 -1
LGIC_C 52 0.65958973 -0.19007399 0.0250140166 -4.34088182e-08 2.48392526e-08 1
LGIC_C 53 0.399848352 -0.100524126 0.0250140031 -4.34088182e-08 2.48392526e-08 1
LGIC_C 54 -0.026001511 -0.218824838 0.0250139946 -4.89847109e-08 5.78784581e-08 1
LGIC_C 55 0.428979053 0.521871082 0.0250140141 1.3130701e-08 4.82586573e-08 -1
LGIC_C 56 -0.174419093 -0.251758232 0.0250139966 -5.56021111e-08 -1.45571543e-08 -1
LGIC_C 57 -0.0965055661 0.427786187 0.0250140075 -3.14742797e-08 4.96100914e-08 -1
LGIC_C 58 0.481251901 -0.116536141 0.025014007 -4.34088182e-08 2.48392526e-08 1
LGIC_C 59 -0.379025725 -0.1932615 0.0250139995 1.45571809e-08 5.5602105e-08 1
LGIC_C 60 0.126795076 0.540135644 0.025014014 -3.14742949e-08 -4.96100822e-08 1
LGIC_C 61 -0.426976991 0.31697469 0.0250140101 4.20574045e-08 -2.81018523e-08 1
LGIC_C 62 -0.046248201 0.397258341 0.0250140044 -3.14742797e-08 4.96100914e-08 -1
LGIC_C 63 0.270662367 -0.0263549331 0.0250139969 -4.96100859e-08 9.86807898e-09 1
LGIC_C 64 -0.244884348 0.0270452887 0.0250139961 5.7878425e-08 4.89846948e-08 1
LGIC_C 65 0.00952744259 0.370230898 0.0250140016 -6.33660387e-09 4.96100877e-08 -1
LGIC_C 66 -0.216319596 -0.353392318 0.0250140016 2.45891453e-08 3.68002268e-08 1
LGIC_C 67 -0.455081685 0.418616286 0.0250140178 6.28881943e-09 -7.55636452e-08 1
LGIC_C 68 -0.693862246 -0.136844167 0.0250140097 -4.34088282e-08 2.70157287e-08 -1
LGIC_C 69 -0.633349465 -0.289549344 0.0250140137 3.68002489e-08 2.45891179e-08 1
LGIC_C 70 -0.0410702491 0.370931775 0.0250139997 8.63455111e-09 -4.34088279e-08 1
LGIC_C 72 0.112299208 0.409212742 0.025014002 -8.63455884e-09 -4.34088253e-08 1
LGIC_C 73 -0.0342994888 0.0170445497 0.0250139852 4.20574045e-08 -2.81018523e-08 1
LGIC_C 74 0.537139202 0.478263656 0.0250140154 -4.82586616e-08 -1.31306776e-08 1
LGIC_C 75 0.502666402 -0.584320442 0.0250140171 -2.45891087e-08 3.68002429e-08 1
LGIC_C 76 -0.715688285 0.0431526548 0.0250140175 4.96100851e-08 2.90231542e-08 1
LGIC_C 77 0.34570891 -0.268969671 0.0250140044 -3.05989503e-08 3.95603122e-08 1
LGIC_C 79 -0.626578406 -0.279309446 0.0250140044 1.15916899e-08 4.97976879e-08 1
LGIC_C 80 0.732432816 0.011021082 0.0250140151 -4.34088272e-08 -8.63453573e-09 1
LGIC_C 81 0.0569517268 0.629587733 0.0250140141 -6.33660387e-09 4.96100877e-08 -1
LGIC_C 82 0.455448436 -0.304640511 0.0250140092 -3.05989503e-08 3.95603122e-08 1
LGIC_C 83 -0.366597082 0.21182084 0.0250140037 -4.82586679e-08 1.31306769e-08 -1
LGIC_C 84 0.219061758 0.5111054 0.0250140108 1.3130701e-08 4.82586573e-08 -1
LGIC_C 85 -0.0382743519 0.059095725 0.0250139872 1.28239438e-08 -5.73353116e-08 1
LGIC_C 87 -0.322834865 -0.240291605 0.0250140013 1.45571809e-08 5.5602105e-08 1
LGIC_C 88 -0.513840616 -0.450856996 0.0250140116 1.15916899e-08 4.97976879e-08 1
LGIC_C 89 0.215580305 -0.511698692 0.0250140108 -1.31306721e-08 4.82586744e-08 1
LGIC_C 90 -0.371581317 -0.340928069 0.0250140076 1.45571809e-08 5.5602105e-08 1
LGIC_C 91 0.167151302 0.829960218 -0.0284505211 0.194186548 0.976240951 0.0961519121
LGIC_C 92 0.198472021 -0.750389865 0.0250140192 6.33663526e-09 4.9610097e-08 1
LGIC_C 93 -0.00936879311 0.54591543 0.0250140103 -6.33661298e-09 -4.96100859e-08 1
LGIC_C 94 0.174027856 -0.0162804438 0.0250139924 -4.96100802e-08 3.14742968e-08 1
LGIC_C 95 -0.303109294 -0.465208635 0.0250140069 -5.56021111e-08 -1.45571543e-08 -1
LGIC_C 96 0.273936553 -0.0770939473 0.0250139976 -4.96100859e-08 9.86807898e-09 1
LGIC_C 97 -0.404272478 0.0656436779 0.0250140014 4.96100851e-08 2.90231542e-08 1
LGIC_C 98 -0.302779908 -0.619370835 0.0250140142 3.95603082e-08 3.05989652e-08 1
LGIC_C 99 0.224154171 -0.0588519225 0.0250139962 -4.96100802e-08 3.14742968e-08 1
LGIC_C 100 -0.405536717 -0.443788825 0.0250140095 2.45891453e-08 3.68002268e-08 1
LGIC_C 101 -0.355969398 0.034324795 0.0250140013 4.96100897e-08 -9.86805572e-09 1
LGIC_C 102 -0.422506825 0.433722271 0.0250140136 1.28239438e-08 -5.73353116e-08 1
LGIC_C 103 -0.448861289 -0.00432337569 0.0250140026 -4.34088282e-08 2.70157287e-08 -1
LGIC_C 104 0.57204592 -0.208628754 0.0250140137 -4.96100859e-08 9.86807898e-09 1
LGIC_C 105 -0.272428174 0.116035025 0.0250139961 3.68002297e-08 -2.45891157e-08 1
LGIC_C 106 -0.247750595 0.756229564 0.0250140182 8.63455111e-09 -4.34088279e-08 1
LGIC_C 107 -0.659806243 -0.245032263 0.025014014 4.34088238e-08 8.63459484e-09 1
LGIC_C 108 -0.0428189452 -0.494336102 0.0250140058 2.48392553e-08 4.34088306e-08 1
LGIC_C 110 -0.288216574 -0.741968764 0.0250140179 8.63456455e-09 4.34088336e-08 1
LGIC_C 111 -0.490543969 -0.0976844114 0.0250140048 -4.96100919e-08 2.90231703e-08 -1
LGIC_C 112 0.669734202 -0.0660747171 0.0250140185 -4.96100802e-08 3.14742968e-08 1
LGIC_C 113 -0.0538932695 -0.700373204 0.025014015 2.48392553e-08 4.34088306e-08 1
LGIC_C 114 -0.359679278 0.394112539 0.0250140105 1.28239438e-08 -5.73353116e-08 1
LGIC_C 115 0.442256074 -0.397383076 0.0250140125 -3.05989503e-08 3.95603122e-08 1
LGIC_C 116 0.119428004 -0.478790227 0.0250140097 1.00935263e-08 5.7878447e-08 1
LGIC_C 117 -0.192205192 -0.0776972008 0.0250139896 4.96100935e-08 -4.19869172e-08 1
LGIC_C 118 -0.334393034 -0.355019378 0.025014007 -5.56021111e-08 -1.45571543e-08 -1
LGIC_C 119 0.0947791361 0.487637851 0.0250140084 -9.86806672e-09 -4.96100854e-08 1
LGIC_C 120 0.0235560166 0.501827562 0.025014008 -6.33660387e-09 4.96100877e-08 -1
LGIC_C 121 -0.488702936 -0.463762028 0.025014012 1.15916899e-08 4.97976879e-08 1
LGIC_C 122 0.62244345 -0.398178929 0.0250140159 -3.68002179e-08 2.45891393e-08 1
LGIC_C 124 0.583107718 -0.476554356 0.0250140164 -3.68002179e-08 2.45891393e-08 1
LGIC_C 125 0.117194414 -0.179827199 0.0250139934 -1.31306721e-08 4.82586744e-08 1
LGIC_C 126 0.61466577 -0.390774874 0.0250140175 -3.05989503e-08 3.95603122e-08 1
LGIC_C 127 0.200102214 -0.254506031 0.0250139981 -1.31306721e-08 4.82586744e-08 1
LGIC_C 128 0.228066626 -0.271545104 0.0250139988 -2.45891087e-08 3.68002429e-08 1
LGIC_C 129 0.454300818 -0.0652409971 0.0250140035 -4.34088226e-08 8.63456802e-09 1
LGIC_C 130 -0.525999201 0.214562467 0.025014008 4.34088259e-08 -8.63455061e-09 1
LGIC_C 131 0.405732392 0.178630896 0.0250140052 -4.82586616e-08 -1.31306776e-08 1
LGIC_C 132 -0.155592697 0.0455233819 0.02501399 5.7878425e-08 4.89846948e-08 1
LGIC_C 133 -0.579613392 -0.0621461521 0.025014009 4.34088238e-08 8.63459484e-09 1
LGIC_C 134 0.223543316 -0.633650275 0.0250140127 -8.63454093e-09 4.34088369e-08 1
LGIC_C 135 -0.245666536 -0.243992414 0.0250140032 6.28883752e-09 7.55636663e-08 1
LGIC_C 136 0.411429018 -0.333086669 0.0250140066 -3.68002179e-08 2.45891393e-08 1
LGIC_C 137 0.358798473 -0.407265154 0.0250140076 -1.31306721e-08 4.82586744e-08 1
LGIC_C 138 -0.675760732 -0.243207183 0.0250140066 4.96100935e-08 -4.19869172e-08 1
LGIC_C 139 0.161035649 -0.00520032231 0.0250139914 -4.96100802e-08 3.14742968e-08 1
LGIC_C 140 0.531353456 0.571637709 0.0250140174 -2.45891309e-08 -3.68002211e-08 1
LGIC_C 141 0.442896977 0.100757292 0.0250140033 -4.34088272e-08 -8.63453573e-09 1
LGIC_C 142 -0.428851383 -0.56813454 0.0250140176 3.95603082e-08 3.05989652e-08 1
LGIC_C 144 -0.469532988 -0.481224655 0.0250140164 -5.56021111e-08 -1.45571543e-08 -1
LGIC_C 145 0.220432682 -0.000721789204 0.0250139928 -4.34088182e-08 2.48392526e-08 1
LGIC_C 146 0.0788650504 0.55016919 0.0250140113 -9.86806672e-09 -4.96100854e-08 1
LGIC_C 147 -0.368383356 -0.332798954 0.0250140041 1.15916899e-08 4.97976879e-08 1
LGIC_C 149 0.50266319 0.473884067 0.0250140134 -3.68002282e-08 -2.45891172e-08 1
LGIC_C 150 0.372473803 0.146990414 0.0250140008 -4.96100869e-08 6.3366408e-09 1
LGIC_C 151 -0.104332561 -0.703491404 0.0250140147 8.63456455e-09 4.34088336e-08 1
LGIC_C 152 0.285356504 0.519203712 0.0250140121 1.3130701e-08 4.82586573e-08 -1
LGIC_C 153 0.155514443 -0.202852768 0.0250139969 -1.28239349e-08 5.73353226e-08 1
LGIC_C 154 0.134521611 0.42290394 0.0250140056 -9.86806672e-09 -4.96100854e-08 1
LGIC_C 155 -0.505181036 0.120855838 0.0250140062 4.34088259e-08 -8.63455061e-09 1
LGIC_C 156 -0.265899309 0.0505532249 0.0250139952 4.34088259e-08 -8.63455061e-09 1
LGIC_C 157 -0.446483039 0.242266132 0.0250140044 6.28881943e-09 -7.55636452e-08 1
LGIC_C 158 0.354502979 0.148177343 0.0250140023 -4.20574004e-08 -2.81018564e-08 1
LGIC_C 159 0.784865982 0.104662312 0.0250140182 -4.34088272e-08 -8.63453573e-09 1
LGIC_C 160 -0.335406174 -0.107501591 0.0250139949 -4.34088282e-08 2.70157287e-08 -1
LGIC_C 161 -0.372803344 0.0163830341 0.0250140019 4.96100897e-08 -9.86805572e-09 1
LGIC_C 162 0.438863378 0.085427136 0.0250140059 -4.96100911e-08 -9.86803575e-09 1
LGIC_C 163 0.326746136 -0.219503636 0.0250140031 -4.20573976e-08 2.81018683e-08 1
LGIC_C 164 0.294788965 -0.564889445 0.0250140144 -1.31306721e-08 4.82586744e-08 1
LGIC_C 165 -0.351837577 0.00389371119 0.0250140006 4.96100851e-08 2.90231542e-08 1
LGIC_C 166 -0.125922094 -0.695139684 0.0250140165 2.48392553e-08 4.34088306e-08 1
LGIC_C 167 -0.564243934 0.549676381 0.0250140175 3.68002297e-08 -2.45891157e-08 1
LGIC_C 168 -0.479905383 -0.255213547 0.0250140023 5.39043203e-09 6.47688584e-08 1
LGIC_C 169 0.677269124 -0.512128115 -0.0319725529 0.827616944 -0.552996408 0.0961517878
LGIC_C 171 -0.234836178 0.353981393 0.0250140066 1.28239438e-08 -5.73353116e-08 1
LGIC_C 172 0.267034831 0.114094594 0.0250139977 -4.20574004e-08 -2.81018564e-08 1
LGIC_C 173 0.692559625 0.334409542 0.025014017 -3.68002282e-08 -2.45891172e-08 1
LGIC_C 174 -0.0903128073 -0.5149138 0.0250140078 2.48392553e-08 4.34088306e-08 1
LGIC_C 175 0.431094241 -0.335459412 0.0250140139 -3.37890406e-08 4.80634332e-08 1
LGIC_C 177 0.311187194 0.345692082 0.0250140065 -2.81018716e-08 -4.20573923e-08 1
LGIC_C 178 0.111139757 -0.604767507 0.0250140125 6.33663526e-09 4.9610097e-08 1
LGIC_C 180 -0.11580425 0.228958422 0.0250139962 2.8101852e-08 -4.20574041e-08 1
LGIC_C 181 -0.660984685 -0.334438256 0.0250140085 5.39043203e-09 6.47688584e-08 1
LGIC_C 183 0.68060321 0.283895226 0.0250140198 -4.82586616e-08 -1.31306776e-08 1
LGIC_C 184 0.699373119 -0.0540002637 0.0250140149 -4.34088182e-08 2.48392526e-08 1
LGIC_C 185 0.378959432 -0.225697841 0.0250140038 -3.05989503e-08 3.95603122e-08 1
LGIC_C 186 -0.606596527 -0.292512557 0.0250140054 5.39043203e-09 6.47688584e-08 1
LGIC_C 188 -0.777798239 0.0822034848 0.0250140177 4.34088259e-08 -8.63455061e-09 1
LGIC_C 189 -0.543961461 0.305481158 0.0250140147 4.20574045e-08 -2.81018523e-08 1
LGIC_C 190 0.353590618 -0.681088234 0.025014017 -2.45891087e-08 3.68002429e-08 1
LGIC_C 191 -0.456907574 -0.277964751 0.0250140037 5.39043203e-09 6.47688584e-08 1
LGIC_C 192 -0.263605003 0.085363653 0.0250139954 4.34088259e-08 -8.63455061e-09 1
LGIC_C 193 0.217928942 0.0593103331 0.0250139946 -4.96100911e-08 -9.86803575e-09 1
LGIC_C 194 -0.750661094 0.343917144 0.0250140194 3.68002297e-08 -2.45891157e-08 1
LGIC_C 195 0.385950269 0.404634802 0.0250140111 -2.81018716e-08 -4.20573923e-08 1
LGIC_C 196 0.714961385 0.369106453 0.0250140186 -3.68002282e-08 -2.45891172e-08 1
LGIC_C 197 -0.234003503 -0.548665042 0.0250140092 2.45891453e-08 3.68002268e-08 1
LGIC_C 198 0.507430072 -0.0582524024 0.0250140058 -4.34088226e-08 8.63456802e-09 1
LGIC_C 199 0.652027883 0.229043788 0.0250140141 -4.96100869e-08 6.3366408e-09 1
LGIC_C 200 0.72382595 -0.315884097 0.0250140176 -3.68002179e-08 2.45891393e-08 1
LGIC_C 201 0.235828157 0.136731304 0.025013997 -4.20574004e-08 -2.81018564e-08 1
LGIC_C 202 -0.00896591022 -0.342810949 0.0250139983 2.48392553e-08 4.34088306e-08 1
LGIC_C 203 -0.166719093 -0.000733848578 0.0250139915 -4.96100919e-08 2.90231703e-08 -1
LGIC_C 204 -0.398984681 0.57315067 0.0250140186 2.8101852e-08 -4.20574041e-08 1
LGIC_C 205 -0.0704351534 0.265811058 0.0250139972 9.86805557e-09 -4.96100883e-08 1
LGIC_C 206 0.688742429 -0.367813263 0.0250140176 -3.68002179e-08 2.45891393e-08 1
LGIC_C 207 -0.130340785 -0.485183627 0.0250140049 -4.89847109e-08 5.78784581e-08 1
LGIC_C 208 -0.465403697 0.43256158 0.0250140114 -4.82586679e-08 1.31306769e-08 -1
LGIC_C 209 -0.0285554004 -0.0106915807 0.0250139875 -1.38908242e-07 -2.76307273e-08 -1
LGIC_C 210 0.115820066 0.29022474 0.0250139988 -9.86806672e-09 -4.96100854e-08 1
LGIC_C 212 -0.382164079 -0.549887653 0.0250140125 -5.56021111e-08 -1.45571543e-08 -1
LGIC_C 213 0.349253512 -0.385001305 0.0250140092 -2.81018481e-08 4.20574137e-08 1
LGIC_C 214 0.447942052 -0.109103282 0.0250140036 -4.34088226e-08 8.63456802e-09 1
LGIC_C 215 -0.522348756 -0.037620076 0.0250140063 4.34088238e-08 8.63459484e-09 1
LGIC_C 216 0.14894498 -0.218934483 0.0250139958 -1.31306721e-08 4.82586744e-08 1
LGIC_C 217 0.438275683 -0.359697053 0.0250140153 -3.37890406e-08 4.80634332e-08 1
LGIC_C 218 -0.278565065 0.495321251 0.0250140108 1.31306824e-08 -4.82586643e-08 1
LGIC_C 219 -0.267317706 -0.430017984 0.025014007 3.95603082e-08 3.05989652e-08 1
LGIC_C 220 -0.722430665 -0.307684352 0.0250140174 3.68002489e-08 2.45891179e-08 1
LGIC_C 221 0.669350651 -0.433489819 0.0250140185 -3.68002179e-08 2.45891393e-08 1
LGIC_C 222 -0.515929692 -0.207164538 0.0250140029 -4.96100919e-08 2.90231703e-08 -1
LGIC_C 223 0.214851573 0.3890006 0.0250140067 -4.80634192e-08 -3.37890445e-08 1
LGIC_C 224 -0.381906495 0.0469524371 0.0250140008 4.96100851e-08 2.90231542e-08 1
LGIC_C 225 0.209125323 -0.676258573 0.0250140144 -8.63454093e-09 4.34088369e-08 1
LGIC_C 226 0.372776682 -0.153434115 0.0250140007 -4.34088226e-08 8.63456802e-09 1
LGIC_C 227 -0.175991253 0.48210322 0.0250140057 8.63455111e-09 -4.34088279e-08 1
LGIC_C 228 0.258370714 -0.321824841 0.0250140022 -1.31306721e-08 4.82586744e-08 1
LGIC_C 229 -0.560794894 -0.0597114196 0.0250140081 4.34088238e-08 8.63459484e-09 1
LGIC_C 230 -0.679464819 -0.177117733 0.025014008 -4.34088282e-08 2.70157287e-08 -1
LGIC_C 231 0.544752179 0.256104309 0.0250140134 -4.20574004e-08 -2.81018564e-08 1
LGIC_C 232 -0.33293099 0.793250057 -0.00889733967 -0.552995842 0.827617335 0.0961516821
LGIC_C 233 0.320105763 0.245607937 0.0250140019 -4.82586616e-08 -1.31306776e-08 1
LGIC_C 234 0.0120355162 -0.428326262 0.0250140019 -8.63454093e-09 4.34088369e-08 1
LGIC_C 235 0.370664723 0.456694328 0.0250140129 -2.81018716e-08 -4.20573923e-08 1
LGIC_C 236 0.270680519 0.0052789317 0.0250139966 -4.96100869e-08 6.3366408e-09 1
LGIC_C 239 0.489605319 -0.22359712 0.0250140101 -4.20573976e-08 2.81018683e-08 1
LGIC_C 240 0.154923904 -0.255389869 0.0250139999 -1.28239349e-08 5.73353226e-08 1
LGIC_C 241 -0.175903537 0.197525427 0.0250139965 2.8101852e-08 -4.20574041e-08 1
LGIC_C 242 0.58805839 -0.312270218 0.0250140181 -3.37890406e-08 4.80634332e-08 1
LGIC_C 243 -0.646883383 0.266740636 0.025014018 4.96100897e-08 -9.86805572e-09 1
LGIC_C 246 0.381607227 0.394562364 0.0250140072 -2.45891309e-08 -3.68002211e-08 1
LGIC_C 247 -0.475137633 0.632066206 0.0250140182 2.45891128e-08 -3.68002333e-08 1
LGIC_C 248 0.0917450451 -0.0628543148 0.0250139882 -3.68002179e-08 2.45891393e-08 1
LGIC_C 249 0.524129199 -0.0541015922 0.0250140109 -4.96100802e-08 3.14742968e-08 1
LGIC_C 250 0.246384042 0.542892585 0.0250140134 -4.80634192e-08 -3.37890445e-08 1
LGIC_C 251 0.00863021695 0.581568149 0.0250140121 -6.33660387e-09 4.96100877e-08 -1
LGIC_C 252 0.197879711 0.513223639 0.0250140149 -3.14742949e-08 -4.96100822e-08 1
LGIC_C 253 0.528494148 0.294250573 0.0250140126 -4.82586616e-08 -1.31306776e-08 1
LGIC_C 255 -0.693137451 -0.109549781 0.0250140104 -4.34088282e-08 2.70157287e-08 -1
LGIC_C 256 -0.300244284 0.584545162 0.0250140122 2.45891128e-08 -3.68002333e-08 1
LGIC_C 257 0.293681807 0.320280758 0.0250140023 -2.45891309e-08 -3.68002211e-08 1
LGIC_C 258 -0.296868699 0.599774237 0.0250140126 2.45891128e-08 -3.68002333e-08 1
LGIC_C 260 -0.0417604353 -0.587715133 0.0250140128 9.8680833e-09 4.96100963e-08 1
LGIC_C 261 0.0902677606 0.636912622 0.0250140117 -8.63455884e-09 -4.34088253e-08 1
LGIC_C 262 -0.35522772 0.381881317 0.0250140064 1.31306824e-08 -4.82586643e-08 1
LGIC_C 263 -0.655239857 -0.133504849 0.0250140081 -4.34088282e-08 2.70157287e-08 -1
LGIC_C 264 0.413823052 -0.37530424 0.0250140077 -3.68002179e-08 2.45891393e-08 1
LGIC_C 265 0.196460701 -0.0259723107 0.0250139949 -5.78784275e-08 1.15127558e-08 1
LGIC_C 266 -0.158623645 -0.340849842 0.025014 3.95603082e-08 3.05989652e-08 1
LGIC_C 267 -0.319258585 -0.247035527 0.0250140016 1.45571809e-08 5.5602105e-08 1
LGIC_C 268 -0.0369037408 -0.5131533 0.0250140076 -2.90231482e-08 4.96101036e-08 1
LGIC_C 269 -0.0676300732 0.59998574 0.0250140126 -6.33661298e-09 -4.96100859e-08 1
LGIC_C 271 -0.486033683 -0.410326518 0.0250140112 3.68002489e-08 2.45891179e-08 1
LGIC_C 272 -0.332205083 0.250901479 0.0250140026 -4.82586679e-08 1.31306769e-08 -1
LGIC_C 273 0.715076249 -0.199248014 0.0250140192 -4.34088182e-08 2.48392526e-08 1
LGIC_C 274 -0.328397014 0.431418438 0.0250140072 2.45891128e-08 -3.68002333e-08 1
LGIC_C 275 0.00829782827 -0.492054256 0.0250140076 6.33663526e-09 4.9610097e-08 1
LGIC_C 276 -0.116093515 -0.438942492 0.0250140016 -2.90231482e-08 4.96101036e-08 1
LGIC_C 278 0.362474807 0.316645489 0.0250140044 -3.68002282e-08 -2.45891172e-08 1
LGIC_C 279 0.141709799 -0.02064626 0.0250139896 -4.34088226e-08 8.63456802e-09 1
LGIC_C 280 -0.241610205 -0.168224884 0.0250139961 1.45571809e-08 5.5602105e-08 1
LGIC_C 281 0.426984258 0.47758421 0.0250140199 -4.80634192e-08 -3.37890445e-08 1
LGIC_C 282 -0.265723509 -0.44046763 0.0250140072 3.95603082e-08 3.05989652e-08 1
LGIC_C 283 -0.248163444 -0.48276394 0.0250140051 7.55636799e-08 6.2887973e-09 1
LGIC_C 284 0.227485358 -0.774207302 0.0250140188 -8.63454093e-09 4.34088369e-08 1
LGIC_C 286 -0.600667543 0.0100307155 0.0250140128 4.96100851e-08 2.90231542e-08 1
LGIC_C 287 -0.0684376946 -0.118548891 0.0250139893 2.45891453e-08 3.68002268e-08 1
LGIC_C 288 0.0376934258 -0.439767268 0.0250140048 6.33663526e-09 4.9610097e-08 1
LGIC_C 289 0.0362362549 0.00319316878 0.0250139848 -4.34088272e-08 -8.63453573e-09 1
LGIC_C 290 -0.373715951 -0.542174352 0.0250140166 2.81018674e-08 4.20574117e-08 1
LGIC_C 291 -0.517870302 0.433077908 0.025014013 3.68002297e-08 -2.45891157e-08 1
LGIC_C 292 0.364485815 0.38416916 0.0250140097 -2.81018716e-08 -4.20573923e-08 1
LGIC_C 293 -0.689663934 -0.0736853214 0.0250140154 -4.96100919e-08 2.90231703e-08 -1
LGIC_C 295 -0.188337014 0.110113924 0.0250139928 6.28881943e-09 -7.55636452e-08 1
LGIC_C 296 0.501795554 0.234845604 0.0250140109 -4.20574004e-08 -2.81018564e-08 1
LGIC_C 297 0.030294355 0.34456603 0.0250139985 -8.63455884e-09 -4.34088253e-08 1
LGIC_C 298 0.213108138 -0.559410497 0.0250140131 -9.86804037e-09 4.96101e-08 1
LGIC_C 299 -0.0286991234 -0.359706205 0.0250140014 9.8680833e-09 4.96100963e-08 1
LGIC_C 300 0.360491843 -0.0357103227 0.0250139998 -4.34088182e-08 2.48392526e-08 1
LGIC_C 301 0.155484921 0.408033388 0.0250140025 -6.33660387e-09 4.96100877e-08 -1
LGIC_C 302 0.403404331 0.351772539 0.0250140101 -4.20574004e-08 -2.81018564e-08 1
LGIC_C 303 -0.0233422446 0.352698579 0.025014001 9.86805557e-09 -4.96100883e-08 1
LGIC_C 304 -0.147833745 0.313387591 0.0250140003 1.31306824e-08 -4.82586643e-08 1
LGIC_C 305 -0.417899714 0.266976746 0.0250140052 3.68002297e-08 -2.45891157e-08 1
LGIC_C 306 0.212929994 0.110324409 0.0250139958 3.37890593e-08 4.80634111e-08 -1
LGIC_C 307 -0.443206373 0.293528447 0.0250140085 -4.82586679e-08 1.31306769e-08 -1
LGIC_C 308 0.661751761 -0.30139011 0.025014015 -3.68002179e-08 2.45891393e-08 1
LGIC_C 309 0.132683494 0.131949224 0.0250139914 -3.68002282e-08 -2.45891172e-08 1
LGIC_C 310 0.146209853 0.829405072 0.0194788794 0.194186548 0.976240951 0.0961519121
LGIC_C 311 0.597216351 0.599344438 0.02501402 -2.45891309e-08 -3.68002211e-08 1
LGIC_C 312 0.280900902 0.23516815 0.0250140017 -4.20574004e-08 -2.81018564e-08 1
LGIC_C 313 0.701927152 0.326541638 0.0250140171 -3.68002282e-08 -2.45891172e-08 1
LGIC_C 314 -0.21853769 0.535839777 0.0250140084 8.63455111e-09 -4.34088279e-08 1
LGIC_C 315 -0.0633105188 0.0209822484 0.0250139866 4.96100897e-08 -9.86805572e-09 1
LGIC_C 318 -0.194326265 -0.376887349 0.0250139996 -5.56021111e-08 -1.45571543e-08 -1
LGIC_C 319 -0.480182288 -0.0746917056 0.0250140021 -4.34088282e-08 2.70157287e-08 -1
LGIC_C 320 0.359130455 0.617672699 0.0250140193 -2.81018716e-08 -4.20573923e-08 1
LGIC_C 322 0.6034847 0.251301603 0.0250140157 -4.82586616e-08 -1.31306776e-08 1
LGIC_C 323 -0.328923082 -0.597287339 0.0250140176 2.81018674e-08 4.20574117e-08 1
LGIC_C 324 0.0526499116 0.700455497 0.0250140177 -6.33660387e-09 4.96100877e-08 -1
LGIC_C 325 0.510505402 0.600231244 0.0250140179 -2.45891309e-08 -3.68002211e-08 1
LGIC_C 326 0.225748537 0.667333171 0.0250140149 -6.33660387e-09 4.96100877e-08 -1
LGIC_C 327 -0.330210087 -0.0577838148 0.025013998 -4.96100919e-08 2.90231703e-08 -1
LGIC_C 328 -0.46074622 0.0856611427 0.0250140054 4.34088279e-08 -2.48392273e-08 1
LGIC_C 329 0.626954724 -0.181457054 0.0250140161 -4.96100859e-08 9.86807898e-09 1
LGIC_C 330 0.355338105 -0.0500031123 0.0250140024 -4.96100802e-08 3.14742968e-08 1
LGIC_C 331 0.208102931 -0.104262572 0.0250139937 -3.05989503e-08 3.95603122e-08 1
LGIC_C 332 -0.0209553918 -0.40391869 0.0250140035 9.8680833e-09 4.96100963e-08 1
LGIC_C 333 0.550961488 0.177882233 0.0250140087 -4.34088272e-08 -8.63453573e-09 1
LGIC_C 334 0.226842376 0.746974537 0.0250140176 -8.63455884e-09 -4.34088253e-08 1
LGIC_C 335 0.196463477 0.529106912 0.0250140079 -8.63455884e-09 -4.34088253e-08 1
LGIC_C 336 -0.658268734 0.00657976776 0.025014012 4.34088279e-08 -2.48392273e-08 1
LGIC_C 337 -0.0361294004 -0.0254531395 0.0250139851 5.39043203e-09 6.47688584e-08 1
LGIC_C 338 -0.228264884 0.351983791 0.0250140018 2.45891128e-08 -3.68002333e-08 1
LGIC_C 339 0.125511742 -0.19409835 0.0250139942 -1.31306721e-08 4.82586744e-08 1
LGIC_C 340 -0.277708949 0.565922303 0.0250140149 2.8101852e-08 -4.20574041e-08 1
LGIC_C 341 -0.000307055423 -0.751789976 0.0250140159 8.63456455e-09 4.34088336e-08 1
LGIC_C 342 -0.797324946 -0.0899276786 0.0250140155 -4.34088282e-08 2.70157287e-08 -1
LGIC_C 343 0.22859467 0.465757961 0.0250140087 1.3130701e-08 4.82586573e-08 -1
LGIC_C 344 -0.117971456 0.00149363922 0.02501399 5.7878425e-08 4.89846948e-08 1
LGIC_C 346 0.339868997 0.324515139 0.0250140037 -3.68002282e-08 -2.45891172e-08 1
LGIC_C 347 0.494308698 -0.144798352 0.0250140092 -4.96100859e-08 9.86807898e-09 1
LGIC_C 349 -0.202945235 -0.509726441 0.0250140026 -2.90231482e-08 4.96101036e-08 1
LGIC_C 350 -0.298079492 0.428588352 0.0250140064 2.45891128e-08 -3.68002333e-08 1
LGIC_C 352 -0.169361633 -0.269750531 0.0250139982 3.95603082e-08 3.05989652e-08 1
LGIC_C 353 -0.327417892 0.154273241 0.0250140014 4.20574045e-08 -2.81018523e-08 1
LGIC_C 354 0.170550116 0.228066919 0.0250139976 -2.81018716e-08 -4.20573923e-08 1
LGIC_C 355 0.0712483443 -0.540934781 0.0250140138 1.00935263e-08 5.7878447e-08 1
LGIC_C 356 0.0862202194 0.662585634 0.0250140128 -8.63455884e-09 -4.34088253e-08 1
LGIC_C 357 0.68701188 0.17516013 0.0250140162 -4.96100869e-08 6.3366408e-09 1
LGIC_C 358 0.103699091 -0.0729657506 0.0250139907 -4.90669481e-08 3.27855328e-08 1
LGIC_C 359 -0.289348012 0.224874281 0.0250140021 6.28881943e-09 -7.55636452e-08 1
LGIC_C 360 -0.477795196 0.431716261 0.025014012 -4.82586679e-08 1.31306769e-08 -1
LGIC_C 361 0.594632164 -0.136075345 0.0250140141 -4.96100859e-08 9.86807898e-09 1
LGIC_C 362 -0.459143061 -0.100157518 0.0250140031 -4.96100919e-08 2.90231703e-08 -1
LGIC_C 363 -0.319051196 0.406141004 0.0250140071 1.31306824e-08 -4.82586643e-08 1
LGIC_C 365 0.580290937 -0.406509295 0.0250140191 -4.20573976e-08 2.81018683e-08 1
LGIC_C 366 -0.334211641 -0.712023015 0.0250140183 3.95603082e-08 3.05989652e-08 1
LGIC_C 367 0.419000024 -0.104668936 0.025014004 -4.34088182e-08 2.48392526e-08 1
LGIC_C 368 -0.1577746 -0.378234183 0.0250140011 3.95603082e-08 3.05989652e-08 1
LGIC_C 369 -0.135632349 -0.664809854 0.0250140123 -2.90231482e-08 4.96101036e-08 1
LGIC_C 370 -0.275847685 -0.634492436 0.0250140134 2.45891453e-08 3.68002268e-08 1
LGIC_C 371 0.247943768 0.00800571262 0.0250139941 -4.34088272e-08 -8.63453573e-09 1
LGIC_C 372 -0.00747730812 0.426626897 0.0250140018 8.63455111e-09 -4.34088279e-08 1
LGIC_C 373 -0.691386997 0.462785746 0.0250140201 3.68002297e-08 -2.45891157e-08 1
LGIC_C 374 0.0296228326 -0.15177072 0.0250139906 6.33663526e-09 4.9610097e-08 1
LGIC_C 375 0.171070561 -0.665896228 0.02501402 1.00935263e-08 5.7878447e-08 1
LGIC_C 376 0.387872555 0.379303193 0.0250140102 -4.20574004e-08 -2.81018564e-08 1
LGIC_C 377 0.282717495 0.133467791 0.0250139969 -3.68002282e-08 -2.45891172e-08 1
LGIC_C 378 -0.567322508 0.0427917412 0.0250140102 4.96100851e-08 2.90231542e-08 1
LGIC_C 379 -0.056219619 -0.468068072 0.025014007 9.8680833e-09 4.96100963e-08 1
LGIC_C 380 0.148320172 0.609555621 0.025014015 -9.86806672e-09 -4.96100854e-08 1
LGIC_C 381 0.0162634527 0.668797527 0.0250140166 -9.86806672e-09 -4.96100854e-08 1
LGIC_C 382 0.530840111 -0.278482954 0.0250140145 -3.37890406e-08 4.80634332e-08 1
LGIC_C 384 -0.459792565 -0.419737692 0.0250140178 6.28883752e-09 7.55636663e-08 1
LGIC_C 386 0.462447193 -0.428165286 0.0250140108 -3.68002179e-08 2.45891393e-08 1
LGIC_C 387 0.549336814 -0.228991576 0.0250140128 -3.37890406e-08 4.80634332e-08 1
LGIC_C 388 -0.0172660355 0.414387105 0.025014004 9.86805557e-09 -4.96100883e-08 1
LGIC_C 390 0.539646094 -0.0936062433 0.025014009 -4.34088182e-08 2.48392526e-08 1
LGIC_C 392 -0.204705166 -0.55127322 0.0250140046 -2.90231482e-08 4.96101036e-08 1
LGIC_C 393 -0.0369709218 -0.255968519 0.0250139947 8.63456455e-09 4.34088336e-08 1
LGIC_C 395 0.336173554 0.378143575 0.0250140059 1.3130701e-08 4.82586573e-08 -1
LGIC_C 396 0.236786565 0.401056299 0.0250140057 1.3130701e-08 4.82586573e-08 -1
LGIC_C 397 -0.648691198 0.248941794 0.0250140136 4.34088259e-08 -8.63455061e-09 1
LGIC_C 398 -0.576109671 0.255345291 0.025014015 3.37890593e-08 -4.80634052e-08 1
LGIC_C 399 0.59008341 -0.156896933 0.0250140174 -4.96100802e-08 3.14742968e-08 1
NT 7181 -0.490849426 -6.4863428 -0.867252716 0 0 0
NT 7817 -0.916228396 2.47478737 0.362804301 0 0 0
LGIC_O 4402 -0.0345878633 0.265675272 0.025013999 1.15127271e-08 -5.78784352e-08 1
LGIC_O 4401 -0.1840676 0.0972239463 0.0250139942 3.37890593e-08 -4.80634052e-08 1
LGIC_O 4400 -0.175025146 0.0137516014 0.0250139927 5.7878425e-08 4.89846948e-08 1
LGIC_O 8441 0.636913646 -0.12672076 0.0250140188 -4.96100802e-08 3.14742968e-08 1
LGIC_O 8440 0.314831804 -0.521242477 0.0250140191 -3.27854948e-08 4.90669785e-08 1
LGIC_O 8439 0.567487089 -0.204519113 0.0250140184 -5.78784275e-08 1.15127558e-08 1
LGIC_O 8438 -0.495463838 -0.478991786 0.0250140171 1.45571809e-08 5.5602105e-08 1
LGIC_O 8437 -0.0865332912 0.0753896135 0.0250139898 3.37890593e-08 -4.80634052e-08 1
LGIC_O 8436 0.281965125 0.349247805 0.0250140096 -3.27855134e-08 -4.90669575e-08 1
LGIC_O 8435 -0.281577291 0.489075666 0.0250140165 3.27854968e-08 -4.90669676e-08 1
LGIC_O 8434 -0.605092982 -0.110313414 0.0250140129 5.7878436e-08 -4.89847332e-08 1
LGIC_O 8433 0.701586212 -0.0117142491 0.0250140184 -4.96100802e-08 3.14742968e-08 1
LGIC_O 8432 0.426050556 0.664856809 0.0250140182 -2.45891309e-08 -3.68002211e-08 1
LGIC_O 8431 -0.53569519 -0.176489801 0.025014008 4.34088238e-08 8.63459484e-09 1
LGIC_O 8430 -0.206044735 -0.180448528 0.0250139982 6.28883752e-09 7.55636663e-08 1
LGIC_O 8429 0.342033035 -0.34268384 0.0250140113 -3.27854948e-08 4.90669785e-08 1
LGIC_O 8428 0.576112066 -0.314703408 0.0250140178 -3.37890406e-08 4.80634332e-08 1
LGIC_O 8427 0.236726308 -0.318077646 0.0250140066 -3.27854948e-08 4.90669785e-08 1
LGIC_O 8426 -0.0976488914 -0.110862836 0.0250139913 7.55636799e-08 6.2887973e-09 1
LGIC_O 8425 0.534646383 -0.195059479 0.0250140164 -5.78784275e-08 1.15127558e-08 1
LGIC_O 8424 0.219544679 -0.315091025 0.0250140059 -3.27854948e-08 4.90669785e-08 1
LGIC_O 8423 -0.608846757 -0.593779315 0.0250140203 3.68002489e-08 2.45891179e-08 1
LGIC_O 8422 0.564815598 -0.372450199 0.0250140202 -3.37890406e-08 4.80634332e-08 1
LGIC_O 8421 0.550750457 0.0902902064 0.0250140162 -5.78784335e-08 -1.15127284e-08 1
LGIC_O 8420 0.175418091 0.0610257495 0.0250139941 -5.78784335e-08 -1.15127284e-08 1
LGIC_O 8419 0.142777714 0.100831833 0.0250139936 -4.90669739e-08 -3.27854893e-08 1
LGIC_O 4418 0.0575220985 -0.190210297 0.0250139949 -1.15127059e-08 5.78784511e-08 1
LGIC_O 4417 -0.118754336 -0.170834128 0.0250139938 2.81018674e-08 4.20574117e-08 1
LGIC_O 4416 0.593239316 0.0786534269 0.0250140185 -5.78784335e-08 -1.15127284e-08 1
LGIC_O 4415 0.0853954366 -0.420999761 0.0250140086 -1.15127059e-08 5.78784511e-08 1
LGIC_O 4414 -0.374457097 -0.228026162 0.0250140026 3.68002489e-08 2.45891179e-08 1
LGIC_O 4413 0.577482781 -0.285169834 0.0250140164 -3.37890406e-08 4.80634332e-08 1
LGIC_O 4412 -0.484325859 0.306166979 0.0250140144 3.37890593e-08 -4.80634052e-08 1
LGIC_O 4411 0.44777829 -0.0963194904 0.0250140103 -5.78784275e-08 1.15127558e-08 1
LGIC_O 4410 0.28281874 -0.503567977 0.0250140172 -3.27854948e-08 4.90669785e-08 1
LGIC_O 4409 -0.116204576 -0.152585731 0.025013993 7.55636799e-08 6.2887973e-09 1
LGIC_O 4408 -0.333519821 0.289166147 0.0250140084 3.37890593e-08 -4.80634052e-08 1
LGIC_O 4407 -0.148720782 -0.636306108 0.0250140163 9.8680833e-09 4.96100963e-08 1
LGIC_O 4406 0.336173082 -0.328141715 0.0250140105 -4.90669481e-08 3.27855328e-08 1
LGIC_O 4405 -0.249510429 -0.168914007 0.0250139976 6.28883752e-09 7.55636663e-08 1
LGIC_O 4404 0.0811982327 0.141649416 0.0250139929 -3.27855134e-08 -4.90669575e-08 1
LGIC_O 4403 0.0533120499 -0.19689515 0.0250139952 -1.15127059e-08 5.78784511e-08 1
