LGIC_C 0 0.508272141 0.223729935 0.0250140112 3.37890593e-08 4.80634111e-08 -1
LGIC_C 1 -0.340723973 0.0491491564 0.0250139985 4.34088259e-08 -8.63455061e-09 1
LGIC_C 2 -0.586598307 0.127934921 0.0250140136 4.96100897e-08 -9.86805572e-09 1
LGIC_C 3 0.247698156 -0.657187659 0.0250140183 -9.86804037e-09 4.96101e-08 1
LGIC_C 4 -0.433583105 -0.234785546 0.0250140037 6.28883752e-09 7.55636663e-08 1
LGIC_C 5 0.0532903887 -0.524662708 0.0250140131 1.00935263e-08 5.7878447e-08 1
LGIC_C 6 -0.359456815 0.496286934 0.0250140163 1.28239438e-08 -5.73353116e-08 1
LGIC_C 7 -0.709541881 0.443687639 0.0250140203 3.68002297e-08 -2.45891157e-08 1
LGIC_C 8 -0.150663271 0.297260696 0.0250139979 2.45891128e-08 -3.68002333e-08 1
LGIC_C 9 -0.450250574 -0.279379631 0.0250140072 6.28883752e-09 7.55636663e-08 1
LGIC_C 10 -0.390918263 -0.613668329 0.0250140175 3.95603082e-08 3.05989652e-08 1
LGIC_C 11 0.164139246 0.572437433 0.0250140106 -6.33660387e-09 4.96100877e-08 -1
LGIC_C 12 0.386561482 0.181238038 0.0250140082 -4.90669739e-08 -3.27854893e-08 1
LGIC_C 13 0.733731873 -0.0811514927 0.0250140204 -4.96100859e-08 9.86807898e-09 1
LGIC_C 14 0.668074597 0.256335528 0.0250140148 -4.96100869e-08 6.3366408e-09 1
LGIC_C 15 -0.484664837 -0.364311377 0.0250140094 5.39043203e-09 6.47688584e-08 1
LGIC_C 16 0.611802716 -0.149641981 0.0250140151 -4.96100859e-08 9.86807898e-09 1
LGIC_C 17 -0.54833112 0.374023795 0.0250140146 -4.82586679e-08 1.31306769e-08 -1
LGIC_C 18 0.302294429 -0.494438388 0.0250140125 -2.81018481e-08 4.20574137e-08 1
LGIC_C 21 -0.00125407015 -0.16205363 0.0250139912 -2.90231482e-08 4.96101036e-08 1
LGIC_C 22 0.120659839 0.603579166 0.0250140144 -9.86806672e-09 -4.96100854e-08 1
LGIC_C 23 -0.469348009 0.389343566 0.0250140101 3.68002297e-08 -2.45891157e-08 1
LGIC_C 24 0.142605231 0.427409545 0.0250140059 -9.86806672e-09 -4.96100854e-08 1
LGIC_C 25 0.34827123 -0.0303310264 0.0250139986 -4.34088226e-08 8.63456802e-09 1
LGIC_C 27 -0.248549277 0.533925164 0.0250140176 3.27854968e-08 -4.90669676e-08 1
LGIC_C 28 0.665245891 0.0918858955 0.0250140129 -4.34088272e-08 -8.63453573e-09 1
LGIC_C 30 0.642645881 0.181406047 0.025014014 -4.96100869e-08 6.3366408e-09 1
LGIC_C 31 -0.410757953 -0.435404522 0.0250140128 3.95603082e-08 3.05989652e-08 1
LGIC_C 32 0.0846433892 0.102724057 0.02501399 -2.81018716e-08 -4.20573923e-08 1
LGIC_C 33 -0.0124345409 0.6412589 0.0250140112 8.63455111e-09 -4.34088279e-08 1
LGIC_C 35 -0.190773817 -0.483190891 0.0250140017 -2.90231482e-08 4.96101036e-08 1
LGIC_C 36 0.511657407 -0.639158993 0.0250140193 -2.45891087e-08 3.68002429e-08 1
LGIC_C 37 0.111985322 0.825490026 0.0250140201 -8.63455884e-09 -4.34088253e-08 1
LGIC_C 38 0.752231598 -0.330720538 0.0250140193 -3.05989503e-08 3.95603122e-08 1
LGIC_C 39 0.701613766 0.30815628 0.0250140166 -3.68002282e-08 -2.45891172e-08 1
LGIC_C 40 -0.720487589 0.00771642642 0.0250140147 4.34088279e-08 -2.48392273e-08 1
LGIC_C 41 -0.500577646 0.584045307 0.0250140171 2.45891128e-08 -3.68002333e-08 1
LGIC_C 42 -0.258101932 -0.660798916 0.0250140142 8.63456455e-09 4.34088336e-08 1
LGIC_C 43 -0.567546529 -0.486935704 0.0250140141 1.15916899e-08 4.97976879e-08 1
LGIC_C 44 0.355853126 0.544277269 0.0250140142 1.3130701e-08 4.82586573e-08 -1
LGIC_C 45 -0.0293804403 -0.257695834 0.0250139952 2.48392553e-08 4.34088306e-08 1
LGIC_C 46 -0.209683116 -0.180769278 0.0250139961 5.39043203e-09 6.47688584e-08 1
LGIC_C 47 0.476510056 -0.178114249 0.0250140129 -5.78784275e-08 1.15127558e-08 1
LGIC_C 48 -0.10452281 -0.414001089 0.0250140021 8.63456455e-09 4.34088336e-08 1
LGIC_C 51 -0.566947968 -0.0078453747 0.0250140077 -4.34088282e-08 2.70157287e-08 -1
LGIC_C 52 0.653318075 -0.14541231 0.0250140152 -4.34088182e-08 2.48392526e-08 1
LGIC_C 53 0.320508625 -0.0759942356 0.025013999 -4.34088182e-08 2.48392526e-08 1
LGIC_C 54 -0.0376551172 -0.208471328 0.0250139934 -4.89847109e-08 5.78784581e-08 1
LGIC_C 55 0.43145239 0.480318224 0.0250140115 -2.45891309e-08 -3.68002211e-08 1
LGIC_C 56 -0.136746742 -0.202760303 0.0250139938 -5.56021111e-08 -1.45571543e-08 -1
LGIC_C 57 -0.0996982644 0.432099447 0.0250140078 -3.14742797e-08 4.96100914e-08 -1
LGIC_C 58 0.483409734 -0.0882643671 0.0250140064 -4.34088182e-08 2.48392526e-08 1
LGIC_C 59 -0.403611871 -0.22284031 0.0250140015 1.45571809e-08 5.5602105e-08 1
LGIC_C 60 0.102636368 0.54059957 0.0250140133 -3.14742949e-08 -4.96100822e-08 1
LGIC_C 61 -0.384713662 0.324131398 0.0250140086 4.20574045e-08 -2.81018523e-08 1
LGIC_C 62 -0.0288129405 0.432711057 0.0250140056 -3.14742797e-08 4.96100914e-08 -1
LGIC_C 63 0.206543341 -0.0156731218 0.0250139936 -4.96100859e-08 9.86807898e-09 1
LGIC_C 64 -0.247200149 0.0151012925 0.0250139968 5.7878425e-08 4.89846948e-08 1
LGIC_C 65 0.0120621324 0.340322689 0.0250140003 -9.86806672e-09 -4.96100854e-08 1
LGIC_C 66 -0.235570037 -0.339967633 0.0250140015 2.45891453e-08 3.68002268e-08 1
LGIC_C 67 -0.460497246 0.413816881 0.0250140174 6.28881943e-09 -7.55636452e-08 1
LGIC_C 68 -0.705038797 -0.106645982 0.025014011 -4.34088282e-08 2.70157287e-08 -1
LGIC_C 69 -0.69065739 -0.358668291 0.0250140175 3.68002489e-08 2.45891179e-08 1
LGIC_C 70 -0.062872366 0.383230838 0.0250140004 8.63455111e-09 -4.34088279e-08 1
LGIC_C 72 0.148598772 0.383007142 0.0250140012 -8.63455884e-09 -4.34088253e-08 1
LGIC_C 73 -0.00839254674 0.00287278267 0.0250139837 4.34088279e-08 -2.48392273e-08 1
LGIC_C 74 0.522656117 0.486303319 0.0250140148 -4.82586616e-08 -1.31306776e-08 1
LGIC_C 75 0.532364542 -0.568863839 0.0250140173 -2.45891087e-08 3.68002429e-08 1
LGIC_C 76 -0.672349726 0.0457934616 0.0250140153 4.96100851e-08 2.90231542e-08 1
LGIC_C 77 0.31460599 -0.214166763 0.0250140013 -3.05989503e-08 3.95603122e-08 1
LGIC_C 79 -0.58419067 -0.2452164 0.0250140022 1.15916899e-08 4.97976879e-08 1
LGIC_C 80 0.749801465 -0.0257921999 0.025014016 -4.34088226e-08 8.63456802e-09 1
LGIC_C 81 0.059159134 0.68123757 0.0250140167 -6.33660387e-09 4.96100877e-08 -1
LGIC_C 82 0.47963428 -0.322127067 0.0250140106 -3.05989503e-08 3.95603122e-08 1
LGIC_C 83 -0.359470542 0.237788525 0.0250140037 -4.82586679e-08 1.31306769e-08 -1
LGIC_C 84 0.226686814 0.503577916 0.0250140108 -2.81018716e-08 -4.20573923e-08 1
LGIC_C 85 -0.0854734408 0.0898191101 0.0250139895 1.28239438e-08 -5.73353116e-08 1
LGIC_C 87 -0.300448024 -0.251083674 0.0250140016 1.45571809e-08 5.5602105e-08 1
LGIC_C 88 -0.599221786 -0.524859737 0.0250140163 1.15916899e-08 4.97976879e-08 1
LGIC_C 89 0.24777224 -0.500579647 0.0250140106 -1.31306721e-08 4.82586744e-08 1
LGIC_C 90 -0.366648492 -0.32220973 0.0250140065 1.45571809e-08 5.5602105e-08 1
LGIC_C 91 0.1914354 0.779032493 0.0250140187 -8.63455884e-09 -4.34088253e-08 1
LGIC_C 92 0.256941726 -0.745824694 0.0250140186 6.33663526e-09 4.9610097e-08 1
LGIC_C 93 -0.0539784385 0.594740939 0.0250140124 -6.33661298e-09 -4.96100859e-08 1
LGIC_C 94 0.147883034 -0.0489745735 0.0250139921 -4.96100802e-08 3.14742968e-08 1
LGIC_C 95 -0.320076189 -0.445278851 0.0250140075 -5.56021111e-08 -1.45571543e-08 -1
LGIC_C 96 0.333122384 -0.016912058 0.0250139999 -4.96100859e-08 9.86807898e-09 1
LGIC_C 97 -0.407325044 0.0328257797 0.0250140025 4.96100851e-08 2.90231542e-08 1
LGIC_C 98 -0.352845671 -0.585997527 0.0250140151 3.95603082e-08 3.05989652e-08 1
LGIC_C 99 0.208652629 -0.0853265466 0.0250139963 -4.96100802e-08 3.14742968e-08 1
LGIC_C 100 -0.354221086 -0.520910335 0.0250140111 2.45891453e-08 3.68002268e-08 1
LGIC_C 101 -0.373954272 0.0166955942 0.025014002 4.96100897e-08 -9.86805572e-09 1
LGIC_C 102 -0.405137352 0.456706493 0.0250140147 1.28239438e-08 -5.73353116e-08 1
LGIC_C 103 -0.453354871 -0.0217748714 0.0250140024 -4.34088282e-08 2.70157287e-08 -1
LGIC_C 104 0.615723275 -0.218685241 0.0250140159 -4.96100859e-08 9.86807898e-09 1
LGIC_C 105 -0.309253721 0.115004921 0.0250139996 4.34088279e-08 -2.48392273e-08 1
LGIC_C 106 -0.316613095 0.794997709 0.0233322974 -0.194186377 0.976241021 0.0961515493
LGIC_C 107 -0.71333522 -0.2702287 0.0250140166 4.34088238e-08 8.63459484e-09 1
LGIC_C 108 -0.0575664005 -0.511802618 0.0250140069 2.48392553e-08 4.34088306e-08 1
LGIC_C 110 -0.210186316 -0.722557358 0.0250140164 8.63456455e-09 4.34088336e-08 1
LGIC_C 111 -0.507511791 -0.109510374 0.0250140053 -4.96100919e-08 2.90231703e-08 -1
LGIC_C 112 0.717988378 -0.0192807739 0.0250140194 -4.96100802e-08 3.14742968e-08 1
LGIC_C 113 -0.0502350202 -0.703197802 0.025014015 2.48392553e-08 4.34088306e-08 1
LGIC_C 114 -0.331201691 0.385864007 0.0250140096 1.28239438e-08 -5.73353116e-08 1
LGIC_C 115 0.509677387 -0.363408948 0.0250140132 -3.05989503e-08 3.95603122e-08 1
LGIC_C 116 0.133070155 -0.426955101 0.0250140066 1.00935263e-08 5.7878447e-08 1
LGIC_C 117 -0.186083321 -0.0395527209 0.0250139909 4.96100935e-08 -4.19869172e-08 1
LGIC_C 118 -0.30336819 -0.30539758 0.0250140046 3.95603082e-08 3.05989652e-08 1
LGIC_C 119 0.0796008413 0.426043958 0.0250140052 -9.86806672e-09 -4.96100854e-08 1
LGIC_C 120 0.00711529245 0.509708629 0.0250140085 -6.33660387e-09 4.96100877e-08 -1
LGIC_C 121 -0.432655368 -0.424218035 0.0250140094 1.15916899e-08 4.97976879e-08 1
LGIC_C 122 0.640187086 -0.336276881 0.0250140151 -3.68002179e-08 2.45891393e-08 1
LGIC_C 124 0.533806574 -0.447159941 0.0250140139 -3.68002179e-08 2.45891393e-08 1
LGIC_C 125 0.147649984 -0.146788817 0.0250139936 -3.05989503e-08 3.95603122e-08 1
LGIC_C 126 0.618932977 -0.354478702 0.0250140162 -3.05989503e-08 3.95603122e-08 1
LGIC_C 127 0.208844514 -0.332655413 0.025014002 -1.31306721e-08 4.82586744e-08 1
LGIC_C 128 0.218987607 -0.299423219 0.0250139996 -2.45891087e-08 3.68002429e-08 1
LGIC_C 129 0.500625304 -0.0762628881 0.0250140056 -4.34088226e-08 8.63456802e-09 1
LGIC_C 130 -0.629843369 0.174676517 0.0250140121 4.34088259e-08 -8.63455061e-09 1
LGIC_C 131 0.384870899 0.249198305 0.0250140051 -4.82586616e-08 -1.31306776e-08 1
LGIC_C 132 -0.192792585 0.0649605112 0.0250139912 5.7878425e-08 4.89846948e-08 1
LGIC_C 133 -0.592527088 -0.028008551 0.0250140092 4.34088238e-08 8.63459484e-09 1
LGIC_C 134 0.288107082 -0.628050496 0.0250140134 -2.45891087e-08 3.68002429e-08 1
LGIC_C 135 -0.265295049 -0.277849697 0.0250140024 2.81018674e-08 4.20574117e-08 1
LGIC_C 136 0.358580732 -0.264190083 0.0250140029 -3.68002179e-08 2.45891393e-08 1
LGIC_C 137 0.369722074 -0.361484418 0.0250140088 -3.05989503e-08 3.95603122e-08 1
LGIC_C 138 -0.705462371 -0.224334929 0.0250140089 4.96100935e-08 -4.19869172e-08 1
LGIC_C 139 0.121794063 -0.0140526116 0.0250139897 -4.96100802e-08 3.14742968e-08 1
LGIC_C 140 0.455508056 0.540819471 0.0250140144 -2.45891309e-08 -3.68002211e-08 1
LGIC_C 141 0.453035274 0.140699489 0.0250140041 -4.34088272e-08 -8.63453573e-09 1
LGIC_C 142 -0.483506087 -0.536227249 0.0250140188 3.95603082e-08 3.05989652e-08 1
LGIC_C 144 -0.446049537 -0.485987913 0.0250140151 -5.56021111e-08 -1.45571543e-08 -1
LGIC_C 145 0.206875916 -0.00351780183 0.0250139923 -4.34088182e-08 2.48392526e-08 1
LGIC_C 146 0.0192327333 0.60868468 0.0250140133 -6.33660387e-09 4.96100877e-08 -1
LGIC_C 147 -0.325079252 -0.332066316 0.0250140035 2.45891453e-08 3.68002268e-08 1
LGIC_C 149 0.539043452 0.511783063 0.0250140157 -3.68002282e-08 -2.45891172e-08 1
LGIC_C 150 0.433122118 0.176917918 0.0250140036 -4.96100869e-08 6.3366408e-09 1
LGIC_C 151 -0.0660936593 -0.674751197 0.0250140131 8.63456455e-09 4.34088336e-08 1
LGIC_C 152 0.249250757 0.596932594 0.0250140153 1.3130701e-08 4.82586573e-08 -1
LGIC_C 153 0.17541821 -0.233674409 0.0250139989 -1.28239349e-08 5.73353226e-08 1
LGIC_C 154 0.135100724 0.514052781 0.0250140101 -9.86806672e-09 -4.96100854e-08 1
LGIC_C 155 -0.604767342 0.120738921 0.0250140106 4.34088259e-08 -8.63455061e-09 1
LGIC_C 156 -0.251483648 0.0263842345 0.0250139944 4.34088259e-08 -8.63455061e-09 1
LGIC_C 157 -0.439332109 0.249952316 0.0250140049 6.28881943e-09 -7.55636452e-08 1
LGIC_C 158 0.339569644 0.184326991 0.0250140036 3.37890593e-08 4.80634111e-08 -1
LGIC_C 159 0.78498649 0.119645428 0.0250140183 -4.34088272e-08 -8.63453573e-09 1
LGIC_C 160 -0.290614626 -0.086369407 0.0250139936 -4.34088282e-08 2.70157287e-08 -1
LGIC_C 161 -0.435930559 0.0685247161 0.0250140056 4.96100897e-08 -9.86805572e-09 1
LGIC_C 162 0.475780092 0.0110586105 0.0250140069 -4.96100911e-08 -9.86803575e-09 1
LGIC_C 163 0.380123889 -0.257370286 0.0250140064 -4.20573976e-08 2.81018683e-08 1
LGIC_C 164 0.246352358 -0.572573658 0.0250140141 -1.31306721e-08 4.82586744e-08 1
LGIC_C 165 -0.325593274 0.0462383554 0.0250139981 4.96100851e-08 2.90231542e-08 1
LGIC_C 166 -0.116342376 -0.691959785 0.0250140162 2.48392553e-08 4.34088306e-08 1
LGIC_C 167 -0.593061702 0.541305747 0.0250140184 3.68002297e-08 -2.45891157e-08 1
LGIC_C 168 -0.557392183 -0.247240607 0.0250140022 5.39043203e-09 6.47688584e-08 1
LGIC_C 169 0.651322813 -0.500816324 0.0250140195 -3.68002179e-08 2.45891393e-08 1
LGIC_C 171 -0.22021445 0.317813814 0.0250140043 1.28239438e-08 -5.73353116e-08 1
LGIC_C 172 0.338626223 0.155719929 0.0250140022 3.37890593e-08 4.80634111e-08 -1
LGIC_C 173 0.674930934 0.291647918 0.0250140153 -3.68002282e-08 -2.45891172e-08 1
LGIC_C 174 -0.100210792 -0.526184686 0.0250140086 2.48392553e-08 4.34088306e-08 1
LGIC_C 175 0.397380773 -0.314122774 0.0250140117 -3.37890406e-08 4.80634332e-08 1
LGIC_C 177 0.30952344 0.341580945 0.0250140063 -2.81018716e-08 -4.20573923e-08 1
LGIC_C 178 0.0764393434 -0.625157307 0.0250140138 6.33663526e-09 4.9610097e-08 1
LGIC_C 180 -0.152536969 0.27172696 0.025013999 2.8101852e-08 -4.20574041e-08 1
LGIC_C 181 -0.662381195 -0.313288874 0.0250140071 5.39043203e-09 6.47688584e-08 1
LGIC_C 183 0.659476738 0.344698253 0.0250140196 -4.82586616e-08 -1.31306776e-08 1
LGIC_C 184 0.725052934 -0.0452336198 0.0250140158 -4.34088182e-08 2.48392526e-08 1
LGIC_C 185 0.387776167 -0.128108966 0.0250140032 -4.34088182e-08 2.48392526e-08 1
LGIC_C 186 -0.596648488 -0.314536883 0.0250140068 5.39043203e-09 6.47688584e-08 1
LGIC_C 188 -0.752510663 0.0891440676 0.0250140167 4.34088259e-08 -8.63455061e-09 1
LGIC_C 189 -0.557184968 0.269647931 0.0250140143 4.20574045e-08 -2.81018523e-08 1
LGIC_C 190 0.343101251 -0.716658907 0.025014018 -2.45891087e-08 3.68002429e-08 1
LGIC_C 191 -0.405684625 -0.241160619 0.025014001 5.39043203e-09 6.47688584e-08 1
LGIC_C 192 -0.299695452 0.116496766 0.0250139973 4.34088259e-08 -8.63455061e-09 1
LGIC_C 193 0.292908012 0.0803675245 0.0250139986 -4.96100911e-08 -9.86803575e-09 1
LGIC_C 194 -0.686508536 0.362020414 0.0250140174 3.68002297e-08 -2.45891157e-08 1
LGIC_C 195 0.365484741 0.403314726 0.0250140105 -2.81018716e-08 -4.20573923e-08 1
LGIC_C 196 0.687956254 0.390864851 0.0250140182 -3.68002282e-08 -2.45891172e-08 1
LGIC_C 197 -0.261345213 -0.513097999 0.0250140086 2.45891453e-08 3.68002268e-08 1
LGIC_C 198 0.543466343 -0.0124736104 0.0250140069 -4.34088226e-08 8.63456802e-09 1
LGIC_C 199 0.631623316 0.237179649 0.0250140131 -4.96100869e-08 6.3366408e-09 1
LGIC_C 200 0.752828457 -0.326299571 0.025014019 -3.68002179e-08 2.45891393e-08 1
LGIC_C 201 0.2542468 0.12983595 0.0250139976 -4.20574004e-08 -2.81018564e-08 1
LGIC_C 202 -0.0115335243 -0.274634533 0.0250139955 2.48392553e-08 4.34088306e-08 1
LGIC_C 203 -0.180043657 -0.00933284345 0.0250139919 -4.96100919e-08 2.90231703e-08 -1
LGIC_C 204 -0.372177856 0.550246498 0.0250140169 2.8101852e-08 -4.20574041e-08 1
LGIC_C 205 -0.0941994588 0.236624357 0.0250139959 9.86805557e-09 -4.96100883e-08 1
LGIC_C 206 0.663530102 -0.360868877 0.0250140165 -3.68002179e-08 2.45891393e-08 1
LGIC_C 207 -0.116837099 -0.442599987 0.0250140031 -4.89847109e-08 5.78784581e-08 1
LGIC_C 208 -0.511257353 0.374875778 0.0250140129 -4.82586679e-08 1.31306769e-08 -1
LGIC_C 209 -0.00815562617 -0.0146583202 0.0250139856 -7.86852791e-08 -1.17760747e-07 -1
LGIC_C 210 0.0742059772 0.269790018 0.0250139974 -9.86806672e-09 -4.96100854e-08 1
LGIC_C 212 -0.362020165 -0.523219013 0.025014011 -5.56021111e-08 -1.45571543e-08 -1
LGIC_C 213 0.353903544 -0.373460567 0.0250140089 -2.81018481e-08 4.20574137e-08 1
LGIC_C 214 0.465890191 -0.0539675781 0.0250140039 -4.34088226e-08 8.63456802e-09 1
LGIC_C 215 -0.455006881 -0.0109981279 0.0250140031 4.34088238e-08 8.63459484e-09 1
LGIC_C 216 0.21954093 -0.170047453 0.0250139967 -3.05989503e-08 3.95603122e-08 1
LGIC_C 217 0.495073221 -0.412653198 0.0250140198 -3.37890406e-08 4.80634332e-08 1
LGIC_C 218 -0.279612315 0.430782543 0.0250140077 1.31306824e-08 -4.82586643e-08 1
LGIC_C 219 -0.223483215 -0.44887526 0.0250140058 3.95603082e-08 3.05989652e-08 1
LGIC_C 220 -0.730617165 -0.321144541 0.025014018 3.68002489e-08 2.45891179e-08 1
LGIC_C 221 0.696932382 -0.418454086 0.0250140192 -3.68002179e-08 2.45891393e-08 1
LGIC_C 222 -0.528981398 -0.136723498 0.0250140055 -4.96100919e-08 2.90231703e-08 -1
LGIC_C 223 0.224943348 0.431987126 0.0250140087 -4.80634192e-08 -3.37890445e-08 1
LGIC_C 224 -0.390965203 0.0523103749 0.0250140011 4.96100851e-08 2.90231542e-08 1
LGIC_C 225 0.213301357 -0.646155021 0.0250140131 -8.63454093e-09 4.34088369e-08 1
LGIC_C 226 0.398659694 -0.227385037 0.0250140035 -3.68002179e-08 2.45891393e-08 1
LGIC_C 227 -0.169599954 0.50656853 0.0250140067 8.63455111e-09 -4.34088279e-08 1
LGIC_C 228 0.248803355 -0.297774125 0.0250140009 -1.31306721e-08 4.82586744e-08 1
LGIC_C 229 -0.503460064 -0.0999454044 0.025014006 4.34088238e-08 8.63459484e-09 1
LGIC_C 230 -0.683157392 -0.196385911 0.0250140076 -4.34088282e-08 2.70157287e-08 -1
LGIC_C 231 0.529092121 0.275931789 0.0250140144 3.37890593e-08 4.80634111e-08 -1
LGIC_C 232 -0.268859959 0.803404472 0.0250140205 8.63455111e-09 -4.34088279e-08 1
LGIC_C 233 0.294863871 0.232352594 0.0250140005 -4.82586616e-08 -1.31306776e-08 1
LGIC_C 234 -0.0566906543 -0.43316952 0.0250140025 8.63456455e-09 4.34088336e-08 1
LGIC_C 235 0.327164221 0.462671126 0.0250140119 -2.81018716e-08 -4.20573923e-08 1
LGIC_C 236 0.26520906 -0.0258638739 0.0250139954 -4.34088182e-08 2.48392526e-08 1
LGIC_C 239 0.470880821 -0.311888904 0.0250140118 -4.20573976e-08 2.81018683e-08 1
LGIC_C 240 0.148360437 -0.17281007 0.025013995 -1.28239349e-08 5.73353226e-08 1
LGIC_C 241 -0.0990567456 0.207329209 0.0250139948 2.8101852e-08 -4.20574041e-08 1
LGIC_C 242 0.609017313 -0.324749769 0.0250140194 -3.37890406e-08 4.80634332e-08 1
LGIC_C 243 -0.67022745 0.235007453 0.0250140188 4.96100897e-08 -9.86805572e-09 1
LGIC_C 246 0.38731058 0.446142929 0.0250140092 -2.45891309e-08 -3.68002211e-08 1
LGIC_C 247 -0.506735943 0.624024255 0.0250140187 2.45891128e-08 -3.68002333e-08 1
LGIC_C 248 0.087271609 -0.0926364457 0.0250139888 -2.45891087e-08 3.68002429e-08 1
LGIC_C 249 0.508971484 -0.0376847943 0.0250140097 -4.96100802e-08 3.14742968e-08 1
LGIC_C 250 0.243303465 0.536286961 0.0250140131 -4.80634192e-08 -3.37890445e-08 1
LGIC_C 251 0.0414147998 0.649521071 0.0250140152 -6.33660387e-09 4.96100877e-08 -1
LGIC_C 252 0.142114676 0.577666545 0.0250140164 -3.14742949e-08 -4.96100822e-08 1
LGIC_C 253 0.499798595 0.311461391 0.0250140114 -4.82586616e-08 -1.31306776e-08 1
LGIC_C 255 -0.756325043 -0.0656781813 0.0250140143 -4.34088282e-08 2.70157287e-08 -1
LGIC_C 256 -0.323791424 0.517084207 0.0250140103 2.45891128e-08 -3.68002333e-08 1
LGIC_C 257 0.29342899 0.324524179 0.0250140028 1.3130701e-08 4.82586573e-08 -1
LGIC_C 258 -0.308989952 0.58088568 0.0250140122 2.45891128e-08 -3.68002333e-08 1
LGIC_C 260 -0.0305599752 -0.632685734 0.0250140149 9.8680833e-09 4.96100963e-08 1
LGIC_C 261 0.0543153121 0.59702151 0.0250140096 -8.63455884e-09 -4.34088253e-08 1
LGIC_C 262 -0.340495018 0.359116585 0.0250140051 1.31306824e-08 -4.82586643e-08 1
LGIC_C 263 -0.676943631 -0.201128291 0.0250140072 -4.34088282e-08 2.70157287e-08 -1
LGIC_C 264 0.455991571 -0.32684504 0.025014008 -3.68002179e-08 2.45891393e-08 1
LGIC_C 265 0.215399676 0.0434200356 0.0250139944 -4.96100911e-08 -9.86803575e-09 1
LGIC_C 266 -0.151899114 -0.313152288 0.0250139988 3.95603082e-08 3.05989652e-08 1
LGIC_C 267 -0.313684211 -0.284712081 0.0250140036 1.45571809e-08 5.5602105e-08 1
LGIC_C 268 -0.0808443874 -0.529912665 0.0250140072 -2.90231482e-08 4.96101036e-08 1
LGIC_C 269 -0.0995780559 0.686729619 0.0250140167 -6.33661298e-09 -4.96100859e-08 1
LGIC_C 271 -0.501453361 -0.439071717 0.0250140125 3.68002489e-08 2.45891179e-08 1
LGIC_C 272 -0.373974308 0.283024851 0.025014005 -4.82586679e-08 1.31306769e-08 -1
LGIC_C 273 0.752349646 -0.164925372 0.02501402 -4.34088182e-08 2.48392526e-08 1
LGIC_C 274 -0.368046813 0.375914479 0.0250140062 2.45891128e-08 -3.68002333e-08 1
LGIC_C 275 0.0143723602 -0.558049032 0.0250140108 6.33663526e-09 4.9610097e-08 1
LGIC_C 276 -0.126919945 -0.539296376 0.0250140063 -2.90231482e-08 4.96101036e-08 1
LGIC_C 278 0.319987267 0.261090077 0.0250140014 -3.68002282e-08 -2.45891172e-08 1
LGIC_C 279 0.0706143814 -0.0543405838 0.0250139872 -3.68002179e-08 2.45891393e-08 1
LGIC_C 280 -0.268900087 -0.128992971 0.0250139943 1.45571809e-08 5.5602105e-08 1
LGIC_C 281 0.35827894 0.553004493 0.0250140191 -4.80634192e-08 -3.37890445e-08 1
LGIC_C 282 -0.251062819 -0.450660726 0.025014007 3.95603082e-08 3.05989652e-08 1
LGIC_C 283 -0.243634948 -0.471906396 0.0250140047 7.55636799e-08 6.2887973e-09 1
LGIC_C 284 0.229846182 -0.735017104 0.0250140171 -8.63454093e-09 4.34088369e-08 1
LGIC_C 286 -0.541704041 0.00349105374 0.02501401 4.96100851e-08 2.90231542e-08 1
LGIC_C 287 -0.0884223795 -0.171487293 0.0250139917 2.45891453e-08 3.68002268e-08 1
LGIC_C 288 0.0589168639 -0.323209732 0.0250139989 6.33663526e-09 4.9610097e-08 1
LGIC_C 289 0.032841289 0.0243031218 0.0250139851 -3.68002282e-08 -2.45891172e-08 1
LGIC_C 290 -0.373515487 -0.532395149 0.0250140161 2.81018674e-08 4.20574117e-08 1
LGIC_C 291 -0.518875408 0.467480284 0.0250140139 3.68002297e-08 -2.45891157e-08 1
LGIC_C 292 0.462107197 0.475161235 0.0250140162 -2.81018716e-08 -4.20573923e-08 1
LGIC_C 293 -0.677610573 -0.0547800357 0.0250140153 -4.96100919e-08 2.90231703e-08 -1
LGIC_C 295 -0.143109185 0.140194207 0.0250139948 6.28881943e-09 -7.55636452e-08 1
LGIC_C 296 0.467497179 0.272124056 0.0250140106 -4.20574004e-08 -2.81018564e-08 1
LGIC_C 297 0.0282617455 0.373714601 0.0250139997 -8.63455884e-09 -4.34088253e-08 1
LGIC_C 298 0.114565608 -0.503932435 0.0250140094 -9.86804037e-09 4.96101e-08 1
LGIC_C 299 -0.107075689 -0.283779606 0.0250139984 9.8680833e-09 4.96100963e-08 1
LGIC_C 300 0.428355772 -0.0601399197 0.0250140033 -4.34088182e-08 2.48392526e-08 1
LGIC_C 301 0.114604993 0.372095293 0.0250140004 -8.63455884e-09 -4.34088253e-08 1
LGIC_C 302 0.432829538 0.33892759 0.025014011 -4.20574004e-08 -2.81018564e-08 1
LGIC_C 303 -0.0543152391 0.363575731 0.0250140018 9.86805557e-09 -4.96100883e-08 1
LGIC_C 304 -0.13118621 0.369039143 0.0250140007 -6.33661298e-09 -4.96100859e-08 1
LGIC_C 305 -0.464368814 0.22264041 0.0250140058 3.68002297e-08 -2.45891157e-08 1
LGIC_C 306 0.190259112 0.123902431 0.0250139956 3.37890593e-08 4.80634111e-08 -1
LGIC_C 307 -0.399855637 0.236709213 0.0250140057 -4.82586679e-08 1.31306769e-08 -1
LGIC_C 308 0.616295207 -0.283913434 0.0250140129 -3.68002179e-08 2.45891393e-08 1
LGIC_C 309 0.12599479 0.12419558 0.0250139909 -3.68002282e-08 -2.45891172e-08 1
LGIC_C 310 0.111327342 0.781344815 0.0250140181 -8.63455884e-09 -4.34088253e-08 1
LGIC_C 311 0.575511909 0.59440945 0.0250140193 -2.45891309e-08 -3.68002211e-08 1
LGIC_C 312 0.306608527 0.213488646 0.0250140021 -4.20574004e-08 -2.81018564e-08 1
LGIC_C 313 0.663350391 0.344456057 0.0250140161 -3.68002282e-08 -2.45891172e-08 1
LGIC_C 314 -0.281132837 0.512447672 0.025014009 2.45891128e-08 -3.68002333e-08 1
LGIC_C 315 -0.0820436652 0.000704023178 0.0250139873 4.96100897e-08 -9.86805572e-09 1
LGIC_C 318 -0.202703039 -0.369473131 0.0250139999 -5.56021111e-08 -1.45571543e-08 -1
LGIC_C 319 -0.481690483 -0.062802144 0.0250140025 -4.34088282e-08 2.70157287e-08 -1
LGIC_C 320 0.425484827 0.582583731 0.0250140197 -2.81018716e-08 -4.20573923e-08 1
LGIC_C 322 0.520146735 0.234672921 0.0250140114 -4.82586616e-08 -1.31306776e-08 1
LGIC_C 323 -0.334397182 -0.642430249 0.0250140197 2.81018674e-08 4.20574117e-08 1
LGIC_C 324 0.0179653776 0.691149275 0.0250140174 -6.33660387e-09 4.96100877e-08 -1
LGIC_C 325 0.47387442 0.593504314 0.0250140167 -2.45891309e-08 -3.68002211e-08 1
LGIC_C 326 0.184427832 0.674645196 0.0250140156 -6.33660387e-09 4.96100877e-08 -1
LGIC_C 327 -0.288376383 -0.0299405108 0.0250139967 -4.96100919e-08 2.90231703e-08 -1
LGIC_C 328 -0.41585171 0.00553978601 0.0250140015 4.34088279e-08 -2.48392273e-08 1
LGIC_C 329 0.606813682 -0.24032888 0.0250140157 -4.96100859e-08 9.86807898e-09 1
LGIC_C 330 0.370838608 -0.0317476797 0.0250140026 -4.96100802e-08 3.14742968e-08 1
LGIC_C 331 0.232027892 -0.108212776 0.0250139946 -3.05989503e-08 3.95603122e-08 1
LGIC_C 332 -0.0049674353 -0.370498733 0.0250140017 9.8680833e-09 4.96100963e-08 1
LGIC_C 333 0.487677113 0.162939927 0.0250140058 -4.34088272e-08 -8.63453573e-09 1
LGIC_C 334 0.236457526 0.789968638 0.0250140196 -8.63455884e-09 -4.34088253e-08 1
LGIC_C 335 0.184356088 0.555395778 0.0250140097 -6.33660387e-09 4.96100877e-08 -1
LGIC_C 336 -0.738243227 0.0301602341 0.0250140161 4.34088279e-08 -2.48392273e-08 1
LGIC_C 337 -0.0130293392 -0.00853027965 0.0250139839 5.39043203e-09 6.47688584e-08 1
LGIC_C 338 -0.204162023 0.314693254 0.0250139999 2.45891128e-08 -3.68002333e-08 1
LGIC_C 339 0.123470998 -0.190183721 0.025013994 -1.31306721e-08 4.82586744e-08 1
LGIC_C 340 -0.306322357 0.594842462 0.0250140169 2.8101852e-08 -4.20574041e-08 1
LGIC_C 341 -0.0395911216 -0.709433674 0.0250140144 8.63456455e-09 4.34088336e-08 1
LGIC_C 342 -0.830528647 -0.0301733036 0.0250140185 -4.34088282e-08 2.70157287e-08 -1
LGIC_C 343 0.266836595 0.463313838 0.0250140091 1.3130701e-08 4.82586573e-08 -1
LGIC_C 344 -0.120886969 0.0493522193 0.0250139878 5.7878425e-08 4.89846948e-08 1
LGIC_C 346 0.356246635 0.318648966 0.0250140042 -3.68002282e-08 -2.45891172e-08 1
LGIC_C 347 0.477468215 -0.143763349 0.0250140083 -4.96100859e-08 9.86807898e-09 1
LGIC_C 349 -0.210636166 -0.52785993 0.0250140033 -2.90231482e-08 4.96101036e-08 1
LGIC_C 350 -0.280142554 0.371723358 0.0250140038 2.45891128e-08 -3.68002333e-08 1
LGIC_C 352 -0.200573913 -0.279407491 0.0250139997 3.95603082e-08 3.05989652e-08 1
LGIC_C 353 -0.331694218 0.168806265 0.025014002 4.20574045e-08 -2.81018523e-08 1
LGIC_C 354 0.146144224 0.205033665 0.025013996 -2.81018716e-08 -4.20573923e-08 1
LGIC_C 355 0.0836079721 -0.53901242 0.0250140136 1.00935263e-08 5.7878447e-08 1
LGIC_C 356 0.108526008 0.685738878 0.025014014 -8.63455884e-09 -4.34088253e-08 1
LGIC_C 357 0.75430191 0.15953586 0.0250140196 -4.96100869e-08 6.3366408e-09 1
LGIC_C 358 0.0552718913 -0.0305007877 0.0250139869 -4.90669481e-08 3.27855328e-08 1
LGIC_C 359 -0.244086995 0.226899069 0.025014002 6.28881943e-09 -7.55636452e-08 1
LGIC_C 360 -0.476391268 0.428277119 0.0250140113 3.68002297e-08 -2.45891157e-08 1
LGIC_C 361 0.597824614 -0.144022899 0.0250140143 -4.96100859e-08 9.86807898e-09 1
LGIC_C 362 -0.42812309 -0.120623804 0.025014001 -4.96100919e-08 2.90231703e-08 -1
LGIC_C 363 -0.312348291 0.443532424 0.0250140088 1.31306824e-08 -4.82586643e-08 1
LGIC_C 365 0.59916253 -0.332627093 0.0250140178 -4.20573976e-08 2.81018683e-08 1
LGIC_C 366 -0.356722158 -0.734576937 0.0250140198 3.95603082e-08 3.05989652e-08 1
LGIC_C 367 0.384000879 -0.101606936 0.0250140024 -4.34088182e-08 2.48392526e-08 1
LGIC_C 368 -0.118764157 -0.324531444 0.0250140003 2.48392553e-08 4.34088306e-08 1
LGIC_C 369 -0.11510829 -0.597634257 0.0250140095 -2.90231482e-08 4.96101036e-08 1
LGIC_C 370 -0.384606952 -0.568811339 0.0250140136 2.45891453e-08 3.68002268e-08 1
LGIC_C 371 0.235541015 0.0558977704 0.0250139939 -4.34088272e-08 -8.63453573e-09 1
LGIC_C 372 -0.0708826247 0.445008776 0.0250140032 8.63455111e-09 -4.34088279e-08 1
LGIC_C 373 -0.617399498 0.468796508 0.0250140175 3.68002297e-08 -2.45891157e-08 1
LGIC_C 374 0.0398874698 -0.187988764 0.0250139923 6.33663526e-09 4.9610097e-08 1
LGIC_C 375 0.153619563 -0.633563245 0.0250140184 1.00935263e-08 5.7878447e-08 1
LGIC_C 376 0.409241967 0.362832565 0.0250140107 -4.20574004e-08 -2.81018564e-08 1
LGIC_C 377 0.320765271 0.162682245 0.025013999 -3.68002282e-08 -2.45891172e-08 1
LGIC_C 378 -0.624062226 0.0877515934 0.0250140117 4.96100851e-08 2.90231542e-08 1
LGIC_C 379 -0.0216316401 -0.479661261 0.0250140072 9.8680833e-09 4.96100963e-08 1
LGIC_C 380 0.0826643004 0.610255908 0.0250140144 -9.86806672e-09 -4.96100854e-08 1
LGIC_C 381 0.0267853625 0.675297189 0.0250140166 -6.33660387e-09 4.96100877e-08 -1
LGIC_C 382 0.584200146 -0.249412642 0.025014015 -3.37890406e-08 4.80634332e-08 1
LGIC_C 384 -0.445199272 -0.409016967 0.0250140169 6.28883752e-09 7.55636663e-08 1
LGIC_C 386 0.500643727 -0.458113006 0.0250140129 -3.68002179e-08 2.45891393e-08 1
LGIC_C 387 0.580199847 -0.251706646 0.0250140149 -3.37890406e-08 4.80634332e-08 1
LGIC_C 388 -0.0050154164 0.442344404 0.0250140054 -3.14742797e-08 4.96100914e-08 -1
LGIC_C 390 0.569534498 0.02511975 0.0250140113 -4.96100869e-08 6.3366408e-09 1
LGIC_C 392 -0.195625918 -0.582412387 0.0250140064 -2.90231482e-08 4.96101036e-08 1
LGIC_C 393 -0.0143328915 -0.313612128 0.025013997 8.63456455e-09 4.34088336e-08 1
LGIC_C 395 0.354363652 0.462571186 0.0250140102 1.3130701e-08 4.82586573e-08 -1
LGIC_C 396 0.30720563 0.424745153 0.0250140078 1.3130701e-08 4.82586573e-08 -1
LGIC_C 397 -0.678282602 0.241140777 0.0250140148 4.34088259e-08 -8.63455061e-09 1
LGIC_C 398 -0.572484092 0.255926604 0.0250140149 3.37890593e-08 -4.80634052e-08 1
LGIC_C 399 0.601783651 -0.150833208 0.0250140178 -4.96100802e-08 3.14742968e-08 1
NT 412 -0.557196374 -0.000640393523 0.0344559838 0 0 0
NT 513 -0.397911419 -0.161547475 0.038976116 0 0 0
NT 547 -0.78366134 -0.206239332 0.0353949364 0 0 0
NT 555 -0.850545879 -0.0356702933 -1.16069267 0 0 0
NT 572 -0.334546617 -0.283231429 0.0431419707 0 0 0
NT 607 -0.185145588 -0.860888066 -0.0770342459 0 0 0
NT 648 0.245179816 0.432934057 0.0452821555 0 0 0
NT 650 0.627140716 0.269369661 0.0416300123 0 0 0
NT 657 -0.383324998 0.545673837 0.0382657421 0 0 0
NT 679 0.63020851 -0.270645466 0.0253258861 0 0 0
NT 686 -0.36847688 -0.168070888 0.0337146443 0 0 0
NT 841 -0.485559105 0.397701213 0.0370967086 0 0 0
NT 924 0.204113897 -0.0441615751 0.0276555137 0 0 0
NT 1104 -0.626048733 0.670761569 0.0161889277 0 0 0
NT 1120 -0.354945359 0.265774149 0.0384545579 0 0 0
NT 1132 0.0122603314 -0.0895186213 0.044094968 0 0 0
NT 1268 0.0547516099 0.525723655 0.0425399291 0 0 0
NT 1323 -0.0358627095 0.37173141 0.0336592491 0 0 0
NT 1344 0.165272896 -0.100287742 0.0416478057 0 0 0
NT 1366 0.216244089 0.355178521 0.0465253277 0 0 0
NT 1443 -0.283570748 0.117073273 0.0320081143 0 0 0
NT 1732 -0.981517356 -0.128774915 -0.0901864542 0 0 0
NT 1774 -0.044480414 -0.016237253 0.0261315349 0 0 0
NT 1945 -0.0390398602 -0.628167361 0.0303918748 0 0 0
NT 1961 -0.713044194 0.483233941 0.0267565062 0 0 0
NT 2014 -0.0602611323 0.0857229594 0.0402251027 0 0 0
NT 2048 -0.26496878 -0.239942197 0.0317989222 0 0 0
NT 2049 -0.589952168 -0.370751292 0.0308384291 0 0 0
NT 2150 -0.262707959 0.496256904 0.0399736183 0 0 0
NT 2159 -0.716866584 -0.269392263 0.0428327366 0 0 0
NT 2217 0.0376195988 0.7626368 0.0372231829 0 0 0
NT 2305 0.106446416 0.616042045 0.0279125338 0 0 0
NT 2385 -0.490004372 0.13598007 0.0425505951 0 0 0
NT 2406 -0.468354887 0.549233791 0.0396862788 0 0 0
NT 2460 0.0473631716 -0.752856027 0.026595732 0 0 0
NT 2477 0.29003058 -0.442128049 0.0464550505 0 0 0
NT 2740 -0.696851843 0.248267335 0.0378570984 0 0 0
NT 2788 -0.370299336 -0.398889767 0.045878089 0 0 0
NT 2959 -0.440429675 -0.420932678 0.0412138284 0 0 0
NT 3100 0.240830909 0.254497418 0.0312056373 0 0 0
NT 3226 -0.565456854 -0.267193258 0.0353440128 0 0 0
NT 3260 0.486367354 -0.292199028 0.0391009415 0 0 0
NT 3347 0.0797440612 -0.00654034747 0.0329379706 0 0 0
NT 3420 -0.237916856 0.450525353 0.0354037776 0 0 0
NT 3513 0.0832789726 0.0704102956 0.040346503 0 0 0
NT 3528 -0.293290296 0.272627305 0.0345903357 0 0 0
NT 3606 -0.473388385 0.57127649 0.0294035477 0 0 0
NT 3607 0.384691441 -0.134100653 0.0420601405 0 0 0
NT 3628 -0.192263114 0.0412884249 0.0276217643 0 0 0
NT 3703 0.0624266604 0.202942469 0.0451534781 0 0 0
NT 3727 0.361269656 -0.0394949794 0.0339001278 0 0 0
NT 3755 -0.3975427 0.414665037 0.0432161271 0 0 0
NT 3851 -0.40443199 0.0588817957 0.0340887098 0 0 0
NT 3862 0.00125331366 0.271279879 0.0367559397 0 0 0
NT 3980 -0.127417703 -0.27531011 0.0290474787 0 0 0
NT 4012 0.655647439 -0.236811432 0.0366835429 0 0 0
NT 4078 0.0303628708 0.386289712 0.0317029665 0 0 0
NT 4180 0.177882941 0.376035388 0.0336171281 0 0 0
NT 4233 -0.90058773 -0.00766649555 0.000561952831 0 0 0
NT 4268 0.271465699 -0.264606186 0.0328439083 0 0 0
NT 4346 -0.486901939 -0.307120414 0.0455611898 0 0 0
NT 4425 0.195513492 0.501373743 0.0308676691 0 0 0
NT 4428 -0.212132694 -0.254491243 0.0347898905 0 0 0
NT 4431 -0.295047172 -0.667549973 0.045142312 0 0 0
NT 4440 0.578693674 -0.00249309631 0.0318045134 0 0 0
NT 4445 0.433778074 0.0425250513 0.0413158057 0 0 0
NT 4449 -0.5480795 0.0717925699 0.0259678473 0 0 0
NT 4451 -0.584509884 -0.487767701 0.0315159902 0 0 0
NT 4457 0.363952312 -0.200805597 0.0410761761 0 0 0
NT 4458 0.120636214 0.105686344 0.0322886033 0 0 0
NT 4460 0.0186838518 0.0370606487 0.0284238133 0 0 0
NT 4476 -0.29516894 0.061766212 0.0266040279 0 0 0
NT 4479 0.732334489 0.0522387194 0.0372371342 0 0 0
NT 4492 -0.257587872 -0.00712486787 0.0413632802 0 0 0
NT 4494 0.5323866 -0.378692144 0.0260303281 0 0 0
NT 4510 0.232492072 0.135589238 0.0316280861 0 0 0
NT 4528 0.209767866 -0.0520413034 0.0398582052 0 0 0
NT 4535 0.452809473 -0.461019856 0.0303319224 0 0 0
NT 4539 0.66226858 0.404311691 0.0352473063 0 0 0
NT 4579 0.0399740915 -0.477987234 0.04351183 0 0 0
NT 4585 0.905888566 0.283141697 0.0903638557 0 0 0
NT 4596 -0.511351463 -0.036038257 0.0351337151 0 0 0
NT 4600 0.303263126 0.59879394 0.0278723983 0 0 0
NT 4601 0.414440077 -0.407156001 0.0303057335 0 0 0
NT 4636 0.271503681 -0.134658431 0.0463770363 0 0 0
NT 4651 -0.314991191 -0.519633161 0.0441255273 0 0 0
NT 4655 0.477045032 -0.0138330461 0.0426514512 0 0 0
NT 4683 0.531406368 0.73975063 -0.0791203824 0 0 0
NT 4695 0.0503805915 -0.0466465766 0.0351631143 0 0 0
NT 4697 -0.550960802 -0.481274934 0.0403772794 0 0 0
NT 4699 0.634277873 -0.0846614648 0.0302511123 0 0 0
NT 4701 -0.206874547 0.000650788544 0.0461890656 0 0 0
NT 4703 0.135784328 -0.226010234 0.0316544293 0 0 0
NT 4712 -0.0693342139 -0.294859019 0.0420422377 0 0 0
NT 4718 -0.342139931 -0.416800315 0.0287120213 0 0 0
NT 4719 -0.0764855658 -0.223425122 0.0415234479 0 0 0
NT 4726 -0.285159184 -0.20989104 0.0403543775 0 0 0
NT 4735 0.349674184 0.78417371 0.057089631 0 0 0
NT 4741 -0.638162849 0.0836917227 0.0413037503 0 0 0
NT 4749 -0.734985132 0.240096532 0.0348049385 0 0 0
NT 4767 0.455712481 -0.156173666 0.0423571242 0 0 0
NT 4780 0.0965372023 0.276960055 0.0294097499 0 0 0
NT 4781 -0.73098623 0.593552879 -0.28926754 0 0 0
NT 4787 -0.464885634 -0.187721081 0.0284155538 0 0 0
NT 4797 0.261936624 0.010088293 0.033265582 0 0 0
NT 4803 -0.963725437 -0.115406186 0.334321902 0 0 0
NT 4806 -0.45169378 -0.286850713 0.0421593174 0 0 0
NT 4812 -0.156937823 0.041910129 0.0305196426 0 0 0
NT 4822 0.00378603761 0.287826077 0.0401587241 0 0 0
NT 4827 0.582887994 0.492342676 -0.786186785 0 0 0
NT 4828 0.509286251 -0.0116485324 0.0364442195 0 0 0
NT 4832 -0.144828731 -0.167473071 0.0264419655 0 0 0
NT 4865 0.106187216 0.0673378631 0.0367497903 0 0 0
NT 4868 -0.362622817 -0.0436123439 0.0307924216 0 0 0
NT 4878 -0.143192211 -0.188295699 0.0329749311 0 0 0
NT 4882 -0.0382017096 0.770908877 0.0327914523 0 0 0
NT 4897 0.177188105 0.38831415 0.0380034802 0 0 0
NT 4900 0.0221904545 -0.423655005 0.0455053982 0 0 0
NT 4904 -0.130734921 0.457482363 0.0398466503 0 0 0
NT 4905 -0.302826369 -0.332278174 0.0383570116 0 0 0
NT 4910 -0.634543029 -0.259062459 0.025495466 0 0 0
NT 4916 -0.108907805 0.494695424 0.0323126616 0 0 0
NT 4917 0.61137489 0.745916203 0.106478878 0 0 0
NT 4921 0.738523498 -0.0294027551 0.0255689451 0 0 0
NT 4937 -0.215469934 0.560369364 0.0295735254 0 0 0
NT 4942 -0.125491831 0.304258289 0.0405309235 0 0 0
NT 4951 0.0617969504 0.115155541 0.04251262 0 0 0
NT 4952 -0.224386731 -0.184876922 0.0271895751 0 0 0
NT 4960 -0.253390145 0.04935816 0.0391798476 0 0 0
NT 4964 -0.196420939 0.279267707 0.0332544278 0 0 0
NT 4971 0.206995483 -0.953869748 0.00843779756 0 0 0
NT 4979 -0.55585064 -0.530989475 0.0455073044 0 0 0
NT 4995 -0.418409198 -0.334176782 0.0329180364 0 0 0
NT 4996 -0.0483311442 0.364084898 0.0305907849 0 0 0
NT 5000 0.159179803 0.274952433 0.0359835129 0 0 0
NT 5003 -0.0147544573 -0.161109044 0.0446031155 0 0 0
NT 5006 -0.105522299 -0.597120854 0.0345036168 0 0 0
NT 5018 -0.155160787 -0.0404760934 0.0251335198 0 0 0
NT 5031 -0.956225526 -0.0996889685 0.104288917 0 0 0
NT 5039 -0.180387824 0.498533345 0.0400205105 0 0 0
NT 5041 0.36512985 0.268152722 0.0370502689 0 0 0
NT 5053 0.301899264 -0.543178056 0.0348948281 0 0 0
NT 5058 0.121566645 -0.0967458258 0.0324399002 0 0 0
NT 5063 0.558762778 0.158371981 0.025432773 0 0 0
NT 5064 0.00932543885 -0.239933493 0.0320298083 0 0 0
NT 5069 0.00316393285 0.528745685 0.0336900516 0 0 0
NT 5078 0.332159559 -0.144230435 0.0368200954 0 0 0
NT 5080 -0.0537760544 -0.375942613 0.043858277 0 0 0
NT 5083 0.0470929705 0.107967949 0.0320314466 0 0 0
NT 5091 -0.141587745 -0.395025143 0.0279704576 0 0 0
NT 5104 0.00339227625 -0.332445983 0.0311487302 0 0 0
NT 5114 -0.322116934 0.212403895 0.0317005035 0 0 0
NT 5115 0.458277867 0.0283988923 0.0466043703 0 0 0
NT 5116 -0.27384081 0.10681421 0.0381680642 0 0 0
NT 5137 -0.297439242 -0.28705778 0.0353957151 0 0 0
NT 5163 -0.153407127 0.548728069 0.0396979324 0 0 0
NT 5172 0.518178794 -0.271543661 0.0351055447 0 0 0
NT 5176 0.258319518 -0.110177666 0.0415028962 0 0 0
NT 5181 0.332552975 -0.458249863 0.0344894623 0 0 0
NT 5183 -0.0948396855 -0.392742707 0.0345474275 0 0 0
NT 5190 -0.0870312812 0.278011398 0.0453851494 0 0 0
NT 5195 0.556138378 -0.732023233 0.0912743835 0 0 0
NT 5202 0.367767222 0.199922717 0.0442804184 0 0 0
NT 5203 0.217761146 0.0486941261 0.0266093402 0 0 0
NT 5209 -0.445280114 -0.138644451 0.0296898001 0 0 0
NT 5224 -0.388950778 0.134017666 0.0328712565 0 0 0
NT 5229 0.124333635 -0.459479225 0.039244005 0 0 0
NT 5247 0.438425563 -0.0347852136 0.0312908139 0 0 0
NT 5251 -0.477713988 -0.319628789 0.0374561615 0 0 0
NT 5263 0.315890595 0.18034942 0.0319273834 0 0 0
NT 5265 -0.337326769 0.0267140499 0.0339247109 0 0 0
NT 5267 0.507734445 -0.567519727 0.025718388 0 0 0
NT 5268 -0.147162612 0.0312161688 0.0414229272 0 0 0
NT 5271 -0.088223021 -0.576947363 0.0359359024 0 0 0
NT 5274 0.435343829 -0.0329918901 0.0437699319 0 0 0
NT 5286 0.779617812 0.094366814 0.0286868434 0 0 0
NT 5301 -0.428466066 -0.22308377 0.0354383782 0 0 0
NT 5305 -0.0771667317 -0.0531778845 0.0302358325 0 0 0
NT 5307 -0.0278829395 0.0533299238 0.0291382323 0 0 0
NT 5313 0.0296363148 0.482970198 0.0369297872 0 0 0
NT 5317 0.107083419 0.154629853 0.0300765648 0 0 0
NT 5330 0.428154955 0.125242062 0.0256590953 0 0 0
NT 5336 -0.652949111 0.735887071 0.181438807 0 0 0
NT 5341 0.339811986 0.884193037 -0.156139421 0 0 0
NT 5343 -0.171963039 -0.318054471 0.041267327 0 0 0
NT 5344 0.240124525 -0.0320969031 0.0324052552 0 0 0
NT 5346 0.234172825 0.000543788753 0.0252109075 0 0 0
NT 5348 0.233242923 -0.124757377 0.0338312584 0 0 0
NT 5356 0.104467614 -0.171461073 0.0302044967 0 0 0
NT 5358 -0.0386402465 -0.120104622 0.0282072431 0 0 0
NT 5362 -0.520388229 0.0828046405 0.0356441234 0 0 0
NT 5364 -0.293504692 0.753810894 0.0447188103 0 0 0
NT 5368 -0.0279386521 -0.269255212 0.0405520931 0 0 0
NT 5375 -0.0336435679 0.134619263 0.0344622902 0 0 0
NT 5388 -0.516899688 -0.731223075 0.078416699 0 0 0
NT 5389 -0.679359214 0.337078567 0.0378591391 0 0 0
NT 5392 0.0617980857 0.00604025518 0.0264539948 0 0 0
NT 5402 -0.00694504275 0.0215210173 0.0313819229 0 0 0
NT 5408 0.320219995 0.0305477339 0.0258929679 0 0 0
NT 5426 0.701228179 -0.240261014 0.0369892899 0 0 0
NT 5429 -0.554638638 0.34593163 0.0365967265 0 0 0
NT 5432 0.490973284 -0.066103061 0.0292049623 0 0 0
NT 5442 -0.364191746 -0.134286695 0.0393681287 0 0 0
NT 5444 -0.0150966588 -0.0812930811 0.0255768475 0 0 0
NT 5450 -0.115308963 0.467510031 0.0335428799 0 0 0
NT 5452 0.365103138 0.673415457 0.0426125807 0 0 0
NT 5454 -0.271846758 0.165811087 0.0420516813 0 0 0
NT 5455 -0.0242692594 0.757409963 0.0340317493 0 0 0
NT 5470 0.0329418397 0.347452779 0.0423466909 0 0 0
NT 5475 -0.330829516 -0.30820415 0.0438153462 0 0 0
NT 5481 0.375891391 0.669814091 0.033769007 0 0 0
NT 5496 -0.0157164919 -0.200405273 0.0297750635 0 0 0
NT 5499 0.387364066 0.887934655 -0.0613910989 0 0 0
NT 5508 -0.00981100509 -0.110072273 0.028582602 0 0 0
NT 5524 0.573537009 0.669825209 -0.0237304401 0 0 0
NT 5531 0.460179544 0.31187246 0.0324059217 0 0 0
NT 5534 0.764624458 0.125756328 0.0434036427 0 0 0
NT 5536 0.0948421331 0.167444581 0.0377185588 0 0 0
NT 5548 -0.568789653 -0.167680252 0.0415176184 0 0 0
NT 5551 -0.446944673 0.159118726 0.033115574 0 0 0
NT 5563 -0.527287897 -0.177277553 0.0308811816 0 0 0
NT 5565 -0.33318022 0.0196792818 0.0356821274 0 0 0
NT 5571 -0.341847935 -0.929143519 0.10040682 0 0 0
NT 5576 -0.648311013 -0.544573617 0.0417368573 0 0 0
NT 5579 -0.104032788 0.180554582 0.0381194535 0 0 0
NT 5590 0.247337536 0.226135963 0.0360182988 0 0 0
NT 5593 0.610187569 0.0438258265 0.0365348713 0 0 0
NT 5597 -0.412720487 -0.444123627 0.0423877078 0 0 0
NT 5600 0.134195305 0.0357875723 0.0250880464 0 0 0
NT 5601 -0.520317893 0.415805505 0.043902887 0 0 0
NT 5602 -0.272771868 -0.498024671 0.0397887933 0 0 0
NT 5619 -0.412947002 0.315157654 0.0337324243 0 0 0
NT 5622 -0.0409796369 0.216248664 0.0426582446 0 0 0
NT 5623 -0.169702454 0.294397067 0.0425548397 0 0 0
NT 5625 0.23868821 0.10204824 0.0272306265 0 0 0
NT 5641 -0.420469578 -0.159661155 0.0327973008 0 0 0
NT 5656 0.341842088 0.294096678 0.0330648593 0 0 0
NT 5659 0.345197722 0.00808379118 0.0374211665 0 0 0
NT 5662 -0.395377515 0.0669913339 0.036813023 0 0 0
NT 5664 0.139379915 -0.161658965 0.0305089224 0 0 0
NT 5667 -0.0666801051 0.0570354244 0.0319405303 0 0 0
NT 5688 -0.90643746 -0.00205773425 -0.0116183906 0 0 0
NT 5693 0.14146115 -0.0190360729 0.0435490719 0 0 0
NT 5696 -0.0955866448 -0.388066657 0.0435984839 0 0 0
NT 5724 0.437895479 -0.1097365 0.0397733975 0 0 0
NT 5735 0.631419037 -0.31357522 0.0345023236 0 0 0
NT 5746 -0.162903443 0.276734416 0.029301185 0 0 0
NT 5782 -0.264769087 -0.564457717 0.0450838181 0 0 0
NT 5789 0.0876347161 0.335436075 0.0371276214 0 0 0
NT 5791 0.221100666 -0.13847026 0.0383624405 0 0 0
NT 5825 -0.795187161 -0.310683561 0.0321839712 0 0 0
NT 5826 0.252710161 0.100075583 0.036669218 0 0 0
NT 5832 0.207916651 0.276845196 0.0370419899 0 0 0
NT 5837 0.24933959 -0.001439307 0.035296309 0 0 0
NT 5839 0.0786857478 0.617139711 0.0317732188 0 0 0
NT 5840 0.0842978075 0.203599644 0.0258609159 0 0 0
NT 5845 0.194774392 -0.377888611 0.0434180387 0 0 0
NT 5847 -0.480411952 0.127935569 0.0381962084 0 0 0
NT 5864 -0.376704152 -0.142692194 0.0463777281 0 0 0
NT 5869 -0.270030427 -0.435996678 0.0350603517 0 0 0
NT 5870 -0.443010392 0.160866386 0.0310703287 0 0 0
NT 5872 0.353805627 -0.043715473 0.0465876855 0 0 0
NT 5876 -0.281318217 -0.641675961 0.0429358653 0 0 0
NT 5877 0.460359491 0.0727537205 0.0266316207 0 0 0
NT 5907 0.106781309 0.513913591 0.045104614 0 0 0
NT 5927 0.447787701 0.34081148 0.0458232255 0 0 0
NT 5928 0.147156235 0.422301352 0.033716425 0 0 0
NT 5934 0.00231427289 0.997204109 -0.0312729239 0 0 0
NT 5940 -0.216852056 0.241940075 0.0276443589 0 0 0
NT 5944 0.693712724 0.677873997 0.0592251965 0 0 0
NT 5948 -0.366265403 0.121677409 0.0334243705 0 0 0
NT 5959 -0.312280891 -0.233126952 0.0405731416 0 0 0
NT 5961 -0.431862834 0.0965835031 0.0448788516 0 0 0
NT 5962 0.62072341 0.749548238 0.0632238859 0 0 0
NT 5965 -0.632853761 -0.0597664515 0.02656426 0 0 0
NT 5967 0.687412374 0.262242537 0.0364977806 0 0 0
NT 5973 0.294588611 -0.183404788 0.0461413151 0 0 0
NT 5985 0.878066998 -0.282625897 -0.000597069386 0 0 0
NT 5995 -0.155710674 0.345022344 0.0293620477 0 0 0
NT 5999 0.292899342 0.119137847 0.0453518535 0 0 0
NT 6007 -0.815322002 0.463170727 0.0177004731 0 0 0
NT 6020 -0.737760476 -0.17571249 0.0384480464 0 0 0
NT 6028 0.774803367 -0.247702483 0.0300410788 0 0 0
NT 6029 -0.072419981 -0.522346439 0.0390903949 0 0 0
NT 6035 -0.293458958 -0.510593263 0.0310565097 0 0 0
NT 6052 -0.00470474331 -0.681479506 0.0411880451 0 0 0
NT 6056 0.298856512 0.26166869 0.0369778956 0 0 0
NT 6060 -0.596442992 -0.28722366 0.0451707855 0 0 0
NT 6061 -0.628535309 0.198976264 0.0456819893 0 0 0
NT 6064 0.194801973 -0.472435291 0.0410589866 0 0 0
NT 6075 0.0366249853 -0.28073128 0.0287818941 0 0 0
NT 6076 -0.292831618 -0.123278789 0.0336163064 0 0 0
NT 6091 0.491072389 0.377343053 0.0410027368 0 0 0
NT 6094 0.47076962 -0.0762250908 0.0418393925 0 0 0
NT 6100 0.323471415 -0.364534021 0.0458207808 0 0 0
NT 6102 -0.0754855238 0.183903186 0.0443897127 0 0 0
NT 6105 0.392447665 0.195077363 0.0280549802 0 0 0
NT 6108 -0.277176657 0.317223915 0.0323375476 0 0 0
NT 6119 0.0710773367 0.349242653 0.0400574652 0 0 0
NT 6134 -0.087451137 0.116943745 0.0461052338 0 0 0
NT 6137 -0.897452911 -0.24306096 -0.118633051 0 0 0
NT 6149 -0.387610325 0.162071669 0.0421156775 0 0 0
NT 6152 -0.0435676231 -0.0573691904 0.0449556531 0 0 0
NT 6156 0.163201299 -0.694051476 0.0329733388 0 0 0
NT 6161 0.0994262426 0.283411049 0.0287025143 0 0 0
NT 6164 0.00383453384 0.623365044 0.0438855331 0 0 0
NT 6175 -0.0832525773 -0.454369832 0.0431906583 0 0 0
NT 6185 -0.268386225 -0.150720208 0.0462111938 0 0 0
NT 6190 -0.22235114 0.680195621 0.02896376 0 0 0
NT 6201 0.0876271205 -0.13807175 0.0425328771 0 0 0
NT 6206 -0.334850218 -0.242533429 0.0451894883 0 0 0
NT 6217 -0.0452782995 0.234467073 0.0383426008 0 0 0
NT 6226 -0.17313382 -0.138797257 0.0433390025 0 0 0
NT 6231 0.541972306 -0.29391187 0.0440134459 0 0 0
NT 6235 -0.199732042 0.139092157 0.044218464 0 0 0
NT 6241 0.673079698 -0.686803519 -0.0146621438 0 0 0
NT 6249 0.0204446918 -0.281076377 0.0268170281 0 0 0
NT 6250 0.157781914 0.0783264769 0.0372961374 0 0 0
NT 6253 -0.275065039 0.186108814 0.032186873 0 0 0
NT 6260 -0.773527238 -0.326809725 0.0377727189 0 0 0
NT 6267 0.919069522 -0.233720685 -0.843692659 0 0 0
NT 6285 -0.0600545477 0.330557378 0.0357685485 0 0 0
NT 6289 0.0883187974 -0.0758907588 0.0317452805 0 0 0
NT 6306 0.00238524942 0.0483603406 0.0316302159 0 0 0
NT 6316 0.467215393 0.0501314373 0.0328868764 0 0 0
NT 6319 0.173058154 0.339124698 0.0340645453 0 0 0
NT 6333 -0.0734723297 -0.420234263 0.0344280664 0 0 0
NT 6338 0.0148937405 0.715168252 0.0266015926 0 0 0
NT 6348 0.204640668 -0.0222452023 0.0286659391 0 0 0
NT 6369 -0.173474301 -0.708646451 0.0368070584 0 0 0
NT 6370 0.133119637 -0.103486232 0.0352920921 0 0 0
NT 6391 0.0724755938 -0.00859725947 0.0378954673 0 0 0
NT 6397 0.627901133 0.206298952 0.0278290569 0 0 0
NT 6414 0.399983691 -0.0844365047 0.0311327488 0 0 0
NT 6417 0.119379921 0.335276582 0.0347922021 0 0 0
NT 6418 -0.274358903 0.141122494 0.0461091136 0 0 0
NT 6445 -0.50890107 0.607930114 0.0455503752 0 0 0
NT 6450 -0.11340883 -0.342959854 0.0365411063 0 0 0
NT 6463 0.123541004 0.349537993 0.0396818059 0 0 0
NT 6468 0.0375344128 -0.6856212 0.0465706724 0 0 0
NT 6482 -0.0942030029 0.777974489 0.0355864154 0 0 0
NT 6491 0.0275384756 -0.561715969 0.0288561468 0 0 0
NT 6494 0.526769102 -0.565124692 0.0338781814 0 0 0
NT 6509 0.195336278 0.567028521 0.0357483609 0 0 0
NT 6511 0.000190847524 0.274765197 0.0387474954 0 0 0
NT 6512 -0.206277697 0.0217664158 0.0460344939 0 0 0
NT 6514 0.730017721 -0.656127036 -0.0869290869 0 0 0
NT 6522 0.181554489 0.260712765 0.0370713081 0 0 0
NT 6528 -0.460562847 -0.165114173 0.0294037878 0 0 0
NT 6536 -0.308221105 0.1824636 0.0431028007 0 0 0
NT 6537 0.592959648 0.202373685 0.0344747482 0 0 0
NT 6539 -0.0312010076 0.11555101 0.026522918 0 0 0
NT 6543 0.344125628 -0.564905137 0.0295266031 0 0 0
NT 6546 -0.017450018 0.0114030972 0.0305974548 0 0 0
NT 6552 -0.217280171 0.335838231 0.0310692902 0 0 0
NT 6553 -0.408233335 -0.410514042 0.03506124 0 0 0
NT 6557 0.0833182253 -0.03579899 0.0358675931 0 0 0
NT 6580 0.336095623 0.350725455 0.0411068337 0 0 0
NT 6583 -0.0385177102 0.610215171 0.0454075541 0 0 0
NT 6584 0.265337703 0.947153642 -0.177914163 0 0 0
NT 6597 -0.0230647163 0.392648348 0.0442542503 0 0 0
NT 6600 0.239577108 0.536949148 0.0307353125 0 0 0
NT 6603 -0.691017677 0.357215406 0.0379139908 0 0 0
NT 6614 -0.128491687 0.240122836 0.0442197005 0 0 0
NT 6624 0.431001433 -0.888271137 0.239965865 0 0 0
NT 6632 -0.493239759 -0.175096127 0.0402441248 0 0 0
NT 6644 0.676860578 -0.5933767 0.0344977408 0 0 0
NT 6650 -0.151654554 0.763546728 0.0422940638 0 0 0
NT 6660 0.34027805 -0.109764654 0.0453053122 0 0 0
NT 6670 0.33191551 0.22367301 0.0312613291 0 0 0
NT 6694 0.141358258 -0.089833196 0.0298743963 0 0 0
NT 6699 -0.358172177 0.0354275213 0.037726764 0 0 0
NT 6710 0.650775231 -0.175074431 0.045317797 0 0 0
NT 6714 0.399413307 0.267381066 0.0400073102 0 0 0
NT 6747 -0.451446962 0.212773329 0.0342761387 0 0 0
NT 6751 -0.295667903 0.260303658 0.0394494417 0 0 0
NT 6759 -0.46221041 0.283403155 0.0443529033 0 0 0
NT 6762 -0.0100030313 0.424493693 0.0400246771 0 0 0
NT 6788 0.213025325 -0.0607251402 0.0365431153 0 0 0
NT 6789 -0.345069607 -0.344242767 0.0376619485 0 0 0
NT 6801 0.322458529 0.570431264 0.0357113135 0 0 0
NT 6802 0.364597382 0.855887928 -0.012111867 0 0 0
NT 6812 -0.436323615 0.72567594 0.0492661968 0 0 0
NT 6820 -0.486517785 -0.0525728139 0.0330748262 0 0 0
NT 6824 0.927010954 0.0678821406 0.0713444718 0 0 0
NT 6826 -0.645207727 -0.164148007 0.0459353953 0 0 0
NT 6827 0.871085488 0.463390683 0.286668538 0 0 0
NT 6832 -0.796665972 -0.29547388 0.0425044887 0 0 0
NT 6838 0.269484238 0.14764765 0.0374813504 0 0 0
NT 6840 0.619591557 -0.550475617 -1.26550518 0 0 0
NT 6843 -0.0444864143 -0.451349715 0.0433283543 0 0 0
NT 6853 -0.0161226856 0.528813369 0.0431197291 0 0 0
NT 6878 0.279987257 0.350268518 0.0327116466 0 0 0
NT 6882 0.0984460071 -0.528211823 0.0274979136 0 0 0
NT 6885 0.40926977 0.327088087 0.0334735983 0 0 0
NT 6903 0.407018368 0.448039523 0.0375192355 0 0 0
NT 6905 0.146086131 0.558466247 0.0338872262 0 0 0
NT 6911 -0.191454951 0.0297532169 0.0448395928 0 0 0
NT 6918 -0.0308807344 -0.514199753 0.027001663 0 0 0
NT 6923 -0.509466437 0.428818263 0.0300126894 0 0 0
NT 6929 0.174138278 0.00337233031 0.0331116063 0 0 0
NT 6931 -0.41708164 0.347285146 0.0390050645 0 0 0
NT 6933 -0.161734672 -0.143733822 0.0376056599 0 0 0
NT 6956 -0.0609999361 -0.148881063 0.0403656378 0 0 0
NT 6959 -0.219913946 0.12500952 0.0393920932 0 0 0
NT 6964 -0.0455580033 -0.813700071 0.0331209529 0 0 0
NT 6965 -0.443255693 0.366712981 0.0445442998 0 0 0
NT 6967 0.14744494 -0.405814057 0.0342319218 0 0 0
NT 6970 0.937003657 0.102182581 0.116745116 0 0 0
NT 6978 -0.527133234 -0.254563075 0.0446132528 0 0 0
NT 6981 -0.00937982547 0.264273491 0.0293200346 0 0 0
NT 6993 0.115126739 0.478706712 0.039983613 0 0 0
NT 6998 -0.025023713 -0.138787317 0.0349847956 0 0 0
NT 6999 -0.0624552951 -0.0559180136 0.0263393477 0 0 0
NT 7001 -0.23663489 0.377892894 0.0420854915 0 0 0
NT 7013 -0.476647204 -0.38882602 0.036002291 0 0 0
NT 7027 0.122109568 0.143715552 0.0420811662 0 0 0
NT 7032 -0.319098371 0.39007988 0.045733161 0 0 0
NT 7037 -0.040673455 -0.226811869 0.0295982558 0 0 0
NT 7050 0.102316378 -0.0786414736 0.0264029388 0 0 0
NT 7057 -0.15196101 0.765640239 0.0368162512 0 0 0
NT 7058 0.33409358 -0.408870786 0.0250911648 0 0 0
NT 7063 0.244079324 0.306785946 0.0285801982 0 0 0
NT 7065 0.0150721462 0.550813444 0.0269762896 0 0 0
NT 7066 0.493225887 -0.41165954 0.0405007448 0 0 0
NT 7076 0.460423692 0.527652037 0.0348333268 0 0 0
NT 7082 -0.048930956 -0.540123751 0.0331874724 0 0 0
NT 7085 -0.300806106 -0.389086587 0.0278219984 0 0 0
NT 7096 -0.73762245 -0.639070098 0.143058375 0 0 0
NT 7112 0.331013068 -0.260934808 0.036825378 0 0 0
NT 7119 -0.530267208 0.352109934 0.0275265157 0 0 0
NT 7121 0.00872716294 0.34788219 0.0334806523 0 0 0
NT 7126 0.409663829 0.0685545868 0.0432266117 0 0 0
NT 7130 -0.617301335 0.30820482 0.0336117678 0 0 0
NT 7146 -0.498438937 0.369279397 0.0460195381 0 0 0
NT 7150 0.0903997765 0.326295435 0.0307288947 0 0 0
NT 7152 0.214247001 -0.172580812 0.0458326327 0 0 0
NT 7154 0.61143018 -0.0367674354 0.036109134 0 0 0
NT 7155 -0.123559302 0.973249004 0.0343371688 0 0 0
NT 7161 -0.783044753 0.242251861 0.0451645635 0 0 0
NT 7167 0.0878273938 0.0761769423 0.0339220029 0 0 0
NT 7169 0.0368175529 -0.407295825 0.0278494953 0 0 0
NT 7170 0.0924155144 -0.0403925512 0.0430181162 0 0 0
NT 7178 -0.0826738589 0.64219257 0.0339739983 0 0 0
NT 7181 -1.17937671 0.566786055 1.18912175 0 0 0
NT 7183 0.599446338 -0.177350739 0.0307146334 0 0 0
NT 7186 0.193020059 0.215259516 0.0369811788 0 0 0
NT 7206 -0.410476051 0.540479379 0.0365686798 0 0 0
NT 7213 0.194769461 0.903382413 0.126769216 0 0 0
NT 7233 0.552288762 -0.155127753 0.0333144224 0 0 0
NT 7242 -0.234228142 0.0121935971 0.0391069319 0 0 0
NT 7244 -0.238818644 0.44275854 0.0385039173 0 0 0
NT 7246 -0.318911557 -0.169365872 0.0435548401 0 0 0
NT 7250 -0.121834038 0.169138341 0.0299300479 0 0 0
NT 7253 0.467455152 -0.218826562 0.0407450414 0 0 0
NT 7254 0.147316632 0.0744221958 0.0294603282 0 0 0
NT 7262 -0.45905487 0.612200637 0.0333827674 0 0 0
NT 7278 0.249681869 0.421094953 0.0254408249 0 0 0
NT 7281 -0.304895157 0.502130607 0.0287051076 0 0 0
NT 7283 -0.558213847 0.380326676 0.0264198297 0 0 0
NT 7294 0.272585851 0.235965117 0.0354551202 0 0 0
NT 7301 -0.226691525 -0.0897191896 0.0304084959 0 0 0
NT 7316 0.0907692561 0.0904527312 0.0258600986 0 0 0
NT 7321 -0.0221331627 -0.227880011 0.041630346 0 0 0
NT 7329 0.0143189087 0.325441877 0.0371093119 0 0 0
NT 7338 0.419145102 -0.0505781208 0.0362015057 0 0 0
NT 7345 0.615857793 0.565016021 0.0405388464 0 0 0
NT 7350 -0.103752838 -0.228966301 0.0311085022 0 0 0
NT 7381 -0.207679939 -0.497660682 0.0459345361 0 0 0
NT 7394 0.10665439 -0.661100919 0.0344822755 0 0 0
NT 7401 -0.324285661 0.652247648 0.0296866143 0 0 0
NT 7403 -0.237438281 0.112190726 0.0325821107 0 0 0
NT 7422 -0.702474266 0.312312923 0.0289815923 0 0 0
NT 7426 0.446845229 0.084763115 0.0259206586 0 0 0
NT 7435 -0.115731411 0.587816888 0.0266661923 0 0 0
NT 7437 -0.434172271 0.219709384 0.0396785598 0 0 0
NT 7462 0.414132568 0.278127981 0.0293862132 0 0 0
NT 7475 -0.1252401 -0.232879702 0.0428385065 0 0 0
NT 7489 0.427870585 -0.173970266 0.0280427089 0 0 0
NT 7491 -0.196850817 0.263859111 0.0275097567 0 0 0
NT 7497 -0.426419762 0.175360137 0.0356973239 0 0 0
NT 7508 -0.219924792 -0.430131406 0.0454094565 0 0 0
NT 7511 -0.0231697333 0.607208158 0.0263332277 0 0 0
NT 7519 0.453025152 0.205338408 0.0299297298 0 0 0
NT 7531 -0.414117481 0.151470147 0.0397771606 0 0 0
NT 7541 -0.0702070428 -0.230824075 0.0331500748 0 0 0
NT 7543 -0.170074519 -0.289619686 0.0351338085 0 0 0
NT 7572 -0.28285416 -0.337478421 0.0433393008 0 0 0
NT 7573 0.136849619 -0.251358044 0.0353922576 0 0 0
NT 7577 0.317553327 -0.120396672 0.0338138379 0 0 0
NT 7579 -0.246093634 0.351496891 0.0262072142 0 0 0
NT 7589 -0.159913075 -0.449122247 0.0304131718 0 0 0
NT 7669 0.0696691665 0.0869659194 0.0257574 0 0 0
NT 7670 -0.25627325 0.045432271 0.0405575508 0 0 0
NT 7671 0.0379388298 0.101836596 0.035430889 0 0 0
NT 7674 0.165450525 0.276856463 0.0435826813 0 0 0
NT 7675 0.460328698 0.163892563 0.0423274522 0 0 0
NT 7686 0.116116337 0.449017386 0.0464609255 0 0 0
NT 7695 -0.631568618 0.208248915 0.0277097091 0 0 0
NT 7698 -0.533817378 0.386083878 0.0332617904 0 0 0
NT 7708 -0.220468054 0.0226551748 0.0339977622 0 0 0
NT 7716 0.210578439 -0.0371910946 0.0399254649 0 0 0
NT 7728 0.317690946 -0.390591786 0.0315729185 0 0 0
NT 7732 0.0280412633 0.0353525971 0.0363269586 0 0 0
NT 7741 0.732232073 0.102249895 0.0256668194 0 0 0
NT 7745 -0.0632598113 -0.0891458401 0.030800184 0 0 0
NT 7748 -0.142430022 0.26297239 0.0318882043 0 0 0
NT 7751 -0.311232831 0.0131384609 0.0461385003 0 0 0
NT 7755 0.486636913 -0.259909495 0.0306587037 0 0 0
NT 7756 0.803635005 0.162581121 0.0464209371 0 0 0
NT 7757 -0.126325526 -0.242621158 0.0341418638 0 0 0
NT 7758 -0.573087787 -0.344174872 0.0362237469 0 0 0
NT 7771 -0.64751457 0.264079313 0.0387172033 0 0 0
NT 7776 0.0252218328 0.361949775 0.0392164265 0 0 0
NT 7782 0.268205812 0.0941051468 0.0322921934 0 0 0
NT 7793 -0.146254921 -0.256686664 0.0336379309 0 0 0
NT 7802 -0.235631031 0.570910351 0.0278205669 0 0 0
NT 7806 0.31360796 -0.152137704 0.0429712307 0 0 0
NT 7808 -0.433691764 -0.350998586 0.0350939474 0 0 0
NT 7812 -0.85709924 0.173362753 -0.0642104852 0 0 0
NT 7813 0.503824874 0.163646622 0.0337148623 0 0 0
NT 7815 -0.313473017 -0.833886644 0.0901236003 0 0 0
NT 7817 -0.26711105 0.887827195 0.24627329 0 0 0
NT 7822 -0.296441778 0.0915256018 0.0323908961 0 0 0
NT 7827 0.375719697 -0.128133773 0.0412535677 0 0 0
NT 7831 0.876378106 -0.375582693 0.205883489 0 0 0
NT 7832 0.0476949754 -0.1508885 0.0464857178 0 0 0
NT 7836 -0.308333354 0.436788084 0.036701854 0 0 0
NT 7841 -0.147705641 0.674888209 0.0272108766 0 0 0
NT 7849 -0.0400301433 -0.719637052 0.0373062279 0 0 0
NT 7852 -0.334668651 0.338313719 0.0348220552 0 0 0
NT 7855 0.251525938 -0.0905327184 0.0335628295 0 0 0
NT 7885 -0.705173882 -0.13879787 0.0258982121 0 0 0
NT 7909 -0.582772356 0.374993102 0.0292331747 0 0 0
NT 7925 0.28308378 0.0192497996 0.0262871011 0 0 0
NT 7928 0.49287522 -0.304207409 0.0289816027 0 0 0
NT 7951 -0.555762666 0.195370014 0.0293663398 0 0 0
NT 7962 0.231242161 -0.184851349 0.0419100155 0 0 0
NT 7964 0.311627185 -0.251306358 0.0306591463 0 0 0
NT 7968 -0.653597256 -0.674862533 -0.137456181 0 0 0
NT 7983 -0.0165279566 0.202185401 0.0391862251 0 0 0
NT 7984 -0.172008899 -0.159511702 0.0252378995 0 0 0
NT 7992 -0.146907169 0.664551195 0.0313909189 0 0 0
NT 7993 -0.466069208 0.561744782 0.0363292349 0 0 0
NT 7994 0.304773139 0.446281514 0.0370018489 0 0 0
NT 8009 -0.221860481 -0.361961219 0.0404544073 0 0 0
NT 8011 -0.291191518 -0.421374981 0.0315040976 0 0 0
NT 8020 -0.364064475 -0.20409816 0.0336736172 0 0 0
NT 8024 0.868195021 0.296401759 -0.0344323985 0 0 0
NT 8039 0.120889301 0.693241209 0.0285062941 0 0 0
NT 8048 0.215667358 -0.00486274704 0.0323339508 0 0 0
NT 8050 -0.231541692 -0.43623214 0.0317812234 0 0 0
NT 8054 -0.38339758 -0.145706515 0.0355378303 0 0 0
NT 8066 -0.44589069 -0.34825133 0.0434958745 0 0 0
NT 8077 -0.678612649 0.0224660144 0.0408405517 0 0 0
NT 8093 -0.236894866 -0.126089383 0.037760371 0 0 0
NT 8094 0.0102000946 -0.452131613 0.0253304656 0 0 0
NT 8097 -0.47524026 -0.27119999 0.0330589572 0 0 0
NT 8102 0.256306832 -0.519999935 0.0354185322 0 0 0
NT 8115 -0.143661266 0.759703934 0.0387334347 0 0 0
NT 8118 0.251534843 -0.477175401 0.0277603697 0 0 0
NT 8121 0.278076677 0.687857314 0.0289792773 0 0 0
NT 8122 0.169853037 -0.805821684 0.0358904183 0 0 0
NT 8127 -0.0336467511 0.308215634 0.045010482 0 0 0
NT 8136 0.0426080521 0.208535094 0.0299401538 0 0 0
NT 8140 0.0654259226 0.396768629 0.0446331165 0 0 0
NT 8147 0.261768941 0.288193328 0.0350273444 0 0 0
NT 8155 0.162662536 -0.0902267292 0.0454527617 0 0 0
NT 8200 0.225343214 -0.434328259 0.0254917536 0 0 0
NT 8212 0.323379003 -0.491455535 0.0444535245 0 0 0
NT 8214 0.166921694 0.140590534 0.0410499182 0 0 0
NT 8216 0.713546932 -0.2009341 0.783970851 0 0 0
NT 8219 -0.356234782 -0.202170295 0.0355590874 0 0 0
NT 8226 0.245247867 -0.0329834047 0.029857976 0 0 0
NT 8232 -0.419441996 -0.221951375 0.0464325412 0 0 0
NT 8251 0.310595186 -0.392669484 0.0463346408 0 0 0
NT 8254 -0.475322485 -0.0325200537 0.0330245276 0 0 0
NT 8256 0.0438249722 0.414325444 0.0364689653 0 0 0
NT 8260 0.092837874 -0.489341406 0.026603759 0 0 0
NT 8268 -0.0156697523 -0.501677205 0.0256594456 0 0 0
NT 8271 0.410565318 0.213683886 0.0290121047 0 0 0
NT 8280 0.450898686 0.360866284 0.0363898541 0 0 0
NT 8287 -0.187150599 0.506046095 0.0410948772 0 0 0
NT 8288 -0.192935669 -0.350723847 0.0275459425 0 0 0
NT 8293 -0.0348101708 0.575231705 0.041668453 0 0 0
NT 8296 0.0913937856 0.137597788 0.0387731012 0 0 0
NT 8313 -0.446696951 -0.338000404 0.0380847844 0 0 0
NT 8320 0.905734694 -0.194740581 0.258676658 0 0 0
NT 8326 -0.230658566 0.68128498 0.0364098838 0 0 0
NT 8346 -0.0502336767 0.0828281715 0.0460228264 0 0 0
NT 8361 0.142123902 -0.2532665 0.0408673335 0 0 0
NT 8374 -0.142149147 -0.462827641 0.0287865333 0 0 0
NT 8378 -0.170396427 0.0928000312 0.0364323397 0 0 0
NT 8383 -0.556084353 -0.110038031 0.0429112896 0 0 0
NT 8407 -0.860334308 -0.146423374 -0.100684634 0 0 0
NT 8408 0.628450103 0.271591741 0.0373034019 0 0 0
NT 8412 -0.0525494125 0.643792057 0.043629946 0 0 0
NT 8418 -0.585890258 0.158489758 0.0416376149 0 0 0
LGIC_O 4402 -0.0345878633 0.265675272 0.025013999 1.15127271e-08 -5.78784352e-08 1
LGIC_O 4401 -0.1840676 0.0972239463 0.0250139942 3.37890593e-08 -4.80634052e-08 1
LGIC_O 4400 -0.175025146 0.0137516014 0.0250139927 5.7878425e-08 4.89846948e-08 1
LGIC_O 8441 0.636913646 -0.12672076 0.0250140188 -4.96100802e-08 3.14742968e-08 1
LGIC_O 8440 0.314831804 -0.521242477 0.0250140191 -3.27854948e-08 4.90669785e-08 1
LGIC_O 8439 0.567487089 -0.204519113 0.0250140184 -5.78784275e-08 1.15127558e-08 1
LGIC_O 8438 -0.495463838 -0.478991786 0.0250140171 1.45571809e-08 5.5602105e-08 1
LGIC_O 8437 -0.0865332912 0.0753896135 0.0250139898 3.37890593e-08 -4.80634052e-08 1
LGIC_O 8436 0.281965125 0.349247805 0.0250140096 -3.27855134e-08 -4.90669575e-08 1
LGIC_O 8435 -0.281577291 0.489075666 0.0250140165 3.27854968e-08 -4.90669676e-08 1
LGIC_O 8434 -0.605092982 -0.110313414 0.0250140129 5.7878436e-08 -4.89847332e-08 1
LGIC_O 8433 0.701586212 -0.0117142491 0.0250140184 -4.96100802e-08 3.14742968e-08 1
LGIC_O 8432 0.426050556 0.664856809 0.0250140182 -2.45891309e-08 -3.68002211e-08 1
LGIC_O 8431 -0.53569519 -0.176489801 0.025014008 4.34088238e-08 8.63459484e-09 1
LGIC_O 8430 -0.206044735 -0.180448528 0.0250139982 6.28883752e-09 7.55636663e-08 1
LGIC_O 8429 0.342033035 -0.34268384 0.0250140113 -3.27854948e-08 4.90669785e-08 1
LGIC_O 8428 0.576112066 -0.314703408 0.0250140178 -3.37890406e-08 4.80634332e-08 1
LGIC_O 8427 0.236726308 -0.318077646 0.0250140066 -3.27854948e-08 4.90669785e-08 1
LGIC_O 8426 -0.0976488914 -0.110862836 0.0250139913 7.55636799e-08 6.2887973e-09 1
LGIC_O 8425 0.534646383 -0.195059479 0.0250140164 -5.78784275e-08 1.15127558e-08 1
LGIC_O 8424 0.219544679 -0.315091025 0.0250140059 -3.27854948e-08 4.90669785e-08 1
LGIC_O 8423 -0.608846757 -0.593779315 0.0250140203 3.68002489e-08 2.45891179e-08 1
LGIC_O 8422 0.564815598 -0.372450199 0.0250140202 -3.37890406e-08 4.80634332e-08 1
LGIC_O 8421 0.550750457 0.0902902064 0.0250140162 -5.78784335e-08 -1.15127284e-08 1
LGIC_O 8420 0.175418091 0.0610257495 0.0250139941 -5.78784335e-08 -1.15127284e-08 1
LGIC_O 8419 0.142777714 0.100831833 0.0250139936 -4.90669739e-08 -3.27854893e-08 1
LGIC_O 4418 0.0575220985 -0.190210297 0.0250139949 -1.15127059e-08 5.78784511e-08 1
LGIC_O 4417 -0.118754336 -0.170834128 0.0250139938 2.81018674e-08 4.20574117e-08 1
LGIC_O 4416 0.593239316 0.0786534269 0.0250140185 -5.78784335e-08 -1.15127284e-08 1
LGIC_O 4415 0.0853954366 -0.420999761 0.0250140086 -1.15127059e-08 5.78784511e-08 1
LGIC_O 4414 -0.374457097 -0.228026162 0.0250140026 3.68002489e-08 2.45891179e-08 1
LGIC_O 4413 0.577482781 -0.285169834 0.0250140164 -3.37890406e-08 4.80634332e-08 1
LGIC_O 4412 -0.484325859 0.306166979 0.0250140144 3.37890593e-08 -4.80634052e-08 1
LGIC_O 4411 0.44777829 -0.0963194904 0.0250140103 -5.78784275e-08 1.15127558e-08 1
LGIC_O 4410 0.28281874 -0.503567977 0.0250140172 -3.27854948e-08 4.90669785e-08 1
LGIC_O 4409 -0.116204576 -0.152585731 0.025013993 7.55636799e-08 6.2887973e-09 1
LGIC_O 4408 -0.333519821 0.289166147 0.0250140084 3.37890593e-08 -4.80634052e-08 1
LGIC_O 4407 -0.148720782 -0.636306108 0.0250140163 9.8680833e-09 4.96100963e-08 1
LGIC_O 4406 0.336173082 -0.328141715 0.0250140105 -4.90669481e-08 3.27855328e-08 1
LGIC_O 4405 -0.249510429 -0.168914007 0.0250139976 6.28883752e-09 7.55636663e-08 1
LGIC_O 4404 0.0811982327 0.141649416 0.0250139929 -3.27855134e-08 -4.90669575e-08 1
LGIC_O 4403 0.0533120499 -0.19689515 0.0250139952 -1.15127059e-08 5.78784511e-08 1
