LGIC_C 0 0.469049488 0.216114182 0.025014009 -4.20574004e-08 -2.81018564e-08 1
LGIC_C 1 -0.285748833 0.0409548634 0.025013996 4.34088259e-08 -8.63455061e-09 1
LGIC_C 2 -0.547133508 0.174444821 0.0250140121 4.96100897e-08 -9.86805572e-09 1
LGIC_C 3 0.265210543 -0.693221916 0.0250140202 -9.86804037e-09 4.96101e-08 1
LGIC_C 4 -0.457657929 -0.195611012 0.0250140009 6.28883752e-09 7.55636663e-08 1
LGIC_C 5 0.0709756949 -0.547046758 0.0250140142 1.00935263e-08 5.7878447e-08 1
LGIC_C 6 -0.325810811 0.536467615 0.0250140182 1.28239438e-08 -5.73353116e-08 1
LGIC_C 7 -0.7145179 0.448224351 0.00563413496 -0.827617296 0.552995934 0.0961514895
LGIC_C 8 -0.119338695 0.30991503 0.0250139977 8.63455111e-09 -4.34088279e-08 1
LGIC_C 9 -0.469926521 -0.258244595 0.0250140057 6.28883752e-09 7.55636663e-08 1
LGIC_C 10 -0.352879398 -0.597757397 0.0250140155 3.95603082e-08 3.05989652e-08 1
LGIC_C 11 0.192495093 0.564192208 0.02501401 -6.33660387e-09 4.96100877e-08 -1
LGIC_C 12 0.411741907 0.238738903 0.0250140113 -4.90669739e-08 -3.27854893e-08 1
LGIC_C 13 0.7225634 -0.0811583556 0.0250140199 -4.96100859e-08 9.86807898e-09 1
LGIC_C 14 0.696276521 0.245261306 0.0250140162 -4.96100869e-08 6.3366408e-09 1
LGIC_C 15 -0.487855431 -0.393422483 0.0250140113 5.39043203e-09 6.47688584e-08 1
LGIC_C 16 0.630830333 -0.133647552 0.0250140158 -4.96100859e-08 9.86807898e-09 1
LGIC_C 17 -0.518634709 0.378834224 0.0250140133 -4.82586679e-08 1.31306769e-08 -1
LGIC_C 18 0.304989462 -0.459443878 0.0250140111 -2.81018481e-08 4.20574137e-08 1
LGIC_C 21 -0.0123754093 -0.194040987 0.0250139925 -2.90231482e-08 4.96101036e-08 1
LGIC_C 22 0.167401297 0.579608599 0.0250140137 -9.86806672e-09 -4.96100854e-08 1
LGIC_C 23 -0.515627961 0.434531067 0.0250140129 3.68002297e-08 -2.45891157e-08 1
LGIC_C 24 0.145279357 0.427268706 0.0250140059 -9.86806672e-09 -4.96100854e-08 1
LGIC_C 25 0.334014754 -0.0483680579 0.0250139981 -4.34088226e-08 8.63456802e-09 1
LGIC_C 27 -0.277841359 0.524302232 0.0250140181 3.27854968e-08 -4.90669676e-08 1
LGIC_C 28 0.650244886 0.0826329631 0.0250140122 -4.34088272e-08 -8.63453573e-09 1
LGIC_C 30 0.657514577 0.166961875 0.0250140148 -4.96100869e-08 6.3366408e-09 1
LGIC_C 31 -0.388098289 -0.430049704 0.0250140118 3.95603082e-08 3.05989652e-08 1
LGIC_C 32 0.0452187359 0.107872437 0.0250139891 1.3130701e-08 4.82586573e-08 -1
LGIC_C 33 -0.0325839327 0.645167366 0.0250140116 8.63455111e-09 -4.34088279e-08 1
LGIC_C 35 -0.163100832 -0.509348576 0.0250140038 -2.90231482e-08 4.96101036e-08 1
LGIC_C 36 0.435194243 -0.614300821 0.0250140165 -2.45891087e-08 3.68002429e-08 1
LGIC_C 37 0.0844098669 0.816106662 0.0250140194 -8.63455884e-09 -4.34088253e-08 1
LGIC_C 38 0.791584863 -0.328146643 0.0250140204 -3.05989503e-08 3.95603122e-08 1
LGIC_C 39 0.660104363 0.263989991 0.0250140142 -4.34088272e-08 -8.63453573e-09 1
LGIC_C 40 -0.702044654 0.0138058546 0.0250140141 4.34088279e-08 -2.48392273e-08 1
LGIC_C 41 -0.520527048 0.604536878 0.0250140183 2.45891128e-08 -3.68002333e-08 1
LGIC_C 42 -0.282571867 -0.673729394 0.025014015 2.45891453e-08 3.68002268e-08 1
LGIC_C 43 -0.609362466 -0.482301059 0.0250140143 1.15916899e-08 4.97976879e-08 1
LGIC_C 44 0.332043184 0.511927211 0.0250140123 1.3130701e-08 4.82586573e-08 -1
LGIC_C 45 -0.0175779928 -0.224320468 0.0250139934 2.48392553e-08 4.34088306e-08 1
LGIC_C 46 -0.193516184 -0.163568746 0.0250139949 5.39043203e-09 6.47688584e-08 1
LGIC_C 47 0.531137151 -0.185525377 0.0250140161 -5.78784275e-08 1.15127558e-08 1
LGIC_C 48 -0.104610013 -0.380665065 0.0250140007 8.63456455e-09 4.34088336e-08 1
LGIC_C 51 -0.624435049 -0.0316017851 0.0250140106 4.34088238e-08 8.63459484e-09 1
LGIC_C 52 0.649666043 -0.180686638 0.0250140159 -4.34088182e-08 2.48392526e-08 1
LGIC_C 53 0.331607162 -0.0906432246 0.0250139999 -4.34088182e-08 2.48392526e-08 1
LGIC_C 54 -0.0727850202 -0.228581872 0.0250139929 -4.89847109e-08 5.78784581e-08 1
LGIC_C 55 0.460503403 0.51310489 0.0250140141 1.3130701e-08 4.82586573e-08 -1
LGIC_C 56 -0.145402395 -0.245179093 0.0250139949 -5.56021111e-08 -1.45571543e-08 -1
LGIC_C 57 -0.0876605079 0.405910118 0.0250140062 -3.14742797e-08 4.96100914e-08 -1
LGIC_C 58 0.477969444 -0.0811884106 0.025014006 -4.34088182e-08 2.48392526e-08 1
LGIC_C 59 -0.389565804 -0.201072962 0.0250140001 1.45571809e-08 5.5602105e-08 1
LGIC_C 60 0.166218064 0.490438101 0.0250140128 -3.14742949e-08 -4.96100822e-08 1
LGIC_C 61 -0.383193983 0.349502972 0.0250140092 4.20574045e-08 -2.81018523e-08 1
LGIC_C 62 -0.0283209843 0.398460142 0.0250140039 -3.14742797e-08 4.96100914e-08 -1
LGIC_C 63 0.232796741 -0.00209900755 0.0250139948 -4.96100859e-08 9.86807898e-09 1
LGIC_C 64 -0.239243365 0.00231601866 0.025013997 5.7878425e-08 4.89846948e-08 1
LGIC_C 65 0.0159526613 0.354983379 0.0250140008 -6.33660387e-09 4.96100877e-08 -1
LGIC_C 66 -0.251376255 -0.325494036 0.0250140014 2.45891453e-08 3.68002268e-08 1
LGIC_C 67 -0.44033823 0.401070325 0.0250140164 6.28881943e-09 -7.55636452e-08 1
LGIC_C 68 -0.675819544 -0.120877701 0.0250140093 -4.34088282e-08 2.70157287e-08 -1
LGIC_C 69 -0.692893127 -0.340308015 0.0250140171 3.68002489e-08 2.45891179e-08 1
LGIC_C 70 -0.0317913994 0.379533501 0.025014 8.63455111e-09 -4.34088279e-08 1
LGIC_C 72 0.151582518 0.389660114 0.0250140015 -8.63455884e-09 -4.34088253e-08 1
LGIC_C 73 -0.00743296018 0.00740197788 0.0250139837 -4.82586679e-08 1.31306769e-08 -1
LGIC_C 74 0.520982256 0.48001643 0.0250140147 -4.82586616e-08 -1.31306776e-08 1
LGIC_C 75 0.548950935 -0.605861744 0.025014019 -2.45891087e-08 3.68002429e-08 1
LGIC_C 76 -0.717278825 0.0210118185 0.0250140182 4.96100851e-08 2.90231542e-08 1
LGIC_C 77 0.355046954 -0.236399097 0.0250140034 -3.05989503e-08 3.95603122e-08 1
LGIC_C 79 -0.594096782 -0.274011344 0.0250140038 1.15916899e-08 4.97976879e-08 1
LGIC_C 80 0.725667494 0.0170771653 0.0250140149 -4.34088272e-08 -8.63453573e-09 1
LGIC_C 81 0.0471675233 0.692563527 0.0250140173 -6.33660387e-09 4.96100877e-08 -1
LGIC_C 82 0.464786185 -0.269892206 0.0250140081 -3.05989503e-08 3.95603122e-08 1
LGIC_C 83 -0.346406736 0.249356836 0.0250140033 -4.82586679e-08 1.31306769e-08 -1
LGIC_C 84 0.223021088 0.506716832 0.0250140108 -2.81018716e-08 -4.20573923e-08 1
LGIC_C 85 -0.0526530045 0.0779028571 0.0250139884 1.28239438e-08 -5.73353116e-08 1
LGIC_C 87 -0.325422755 -0.226108689 0.0250140005 1.45571809e-08 5.5602105e-08 1
LGIC_C 88 -0.568660094 -0.51106274 0.0250140153 1.15916899e-08 4.97976879e-08 1
LGIC_C 89 0.232291331 -0.50339149 0.0250140106 -1.31306721e-08 4.82586744e-08 1
LGIC_C 90 -0.355655598 -0.332591763 0.0250140069 1.45571809e-08 5.5602105e-08 1
LGIC_C 91 0.185556413 0.818681738 0.0250140204 -8.63455884e-09 -4.34088253e-08 1
LGIC_C 92 0.246700914 -0.74830498 0.0250140188 6.33663526e-09 4.9610097e-08 1
LGIC_C 93 -0.0299718962 0.568814271 0.0250140113 -6.33661298e-09 -4.96100859e-08 1
LGIC_C 94 0.141211699 -0.0377591737 0.0250139914 -4.96100802e-08 3.14742968e-08 1
LGIC_C 95 -0.329913305 -0.476054134 0.0250140085 -5.56021111e-08 -1.45571543e-08 -1
LGIC_C 96 0.288936391 -0.0555569058 0.0250139981 -4.96100859e-08 9.86807898e-09 1
LGIC_C 97 -0.415433519 0.0276338694 0.0250140031 4.96100851e-08 2.90231542e-08 1
LGIC_C 98 -0.34036328 -0.576840372 0.0250140144 3.95603082e-08 3.05989652e-08 1
LGIC_C 99 0.203794833 -0.0591014779 0.0250139952 -4.96100802e-08 3.14742968e-08 1
LGIC_C 100 -0.36683601 -0.440428927 0.0250140085 2.45891453e-08 3.68002268e-08 1
LGIC_C 101 -0.387318688 0.00421931353 0.0250140025 4.96100897e-08 -9.86805572e-09 1
LGIC_C 102 -0.453711951 0.467034459 0.0250140159 1.28239438e-08 -5.73353116e-08 1
LGIC_C 103 -0.425800953 -0.0113288399 0.0250140014 -4.34088282e-08 2.70157287e-08 -1
LGIC_C 104 0.606204539 -0.207092534 0.0250140153 -4.96100859e-08 9.86807898e-09 1
LGIC_C 105 -0.320171028 0.153043676 0.0250139988 3.68002297e-08 -2.45891157e-08 1
LGIC_C 106 -0.303036951 0.751227859 0.0250140185 8.63455111e-09 -4.34088279e-08 1
LGIC_C 107 -0.662586834 -0.261079798 0.0250140143 4.34088238e-08 8.63459484e-09 1
LGIC_C 108 -0.0454410942 -0.498030898 0.025014006 2.48392553e-08 4.34088306e-08 1
LGIC_C 110 -0.224731739 -0.730294147 0.0250140169 8.63456455e-09 4.34088336e-08 1
LGIC_C 111 -0.510430089 -0.117933517 0.0250140052 -4.96100919e-08 2.90231703e-08 -1
LGIC_C 112 0.694950336 -0.0486212684 0.0250140192 -4.96100802e-08 3.14742968e-08 1
LGIC_C 113 -0.0517703697 -0.708829799 0.0250140153 2.48392553e-08 4.34088306e-08 1
LGIC_C 114 -0.361350093 0.399208942 0.0250140108 1.28239438e-08 -5.73353116e-08 1
LGIC_C 115 0.48657172 -0.401597562 0.025014014 -3.05989503e-08 3.95603122e-08 1
LGIC_C 116 0.11061476 -0.458534028 0.0250140087 1.00935263e-08 5.7878447e-08 1
LGIC_C 117 -0.171007689 -0.0546961766 0.0250139892 -4.34088282e-08 2.70157287e-08 -1
LGIC_C 118 -0.309823717 -0.315134692 0.0250140051 -5.56021111e-08 -1.45571543e-08 -1
LGIC_C 119 0.103050856 0.456015342 0.0250140069 -9.86806672e-09 -4.96100854e-08 1
LGIC_C 120 0.000525926258 0.504395227 0.0250140083 -9.86806672e-09 -4.96100854e-08 1
LGIC_C 121 -0.520506439 -0.437916381 0.0250140111 1.15916899e-08 4.97976879e-08 1
LGIC_C 122 0.624448565 -0.385121445 0.0250140157 -3.68002179e-08 2.45891393e-08 1
LGIC_C 124 0.550421178 -0.490781825 0.0250140156 -3.68002179e-08 2.45891393e-08 1
LGIC_C 125 0.125861744 -0.16066661 0.0250139926 -1.31306721e-08 4.82586744e-08 1
LGIC_C 126 0.619888695 -0.407141683 0.0250140183 -3.05989503e-08 3.95603122e-08 1
LGIC_C 127 0.213125456 -0.29107631 0.0250140001 -1.31306721e-08 4.82586744e-08 1
LGIC_C 128 0.247412526 -0.276924403 0.0250139995 -2.45891087e-08 3.68002429e-08 1
LGIC_C 129 0.43510234 -0.0903863757 0.0250140029 -4.34088226e-08 8.63456802e-09 1
LGIC_C 130 -0.552888423 0.190928054 0.0250140089 4.34088259e-08 -8.63455061e-09 1
LGIC_C 131 0.382677541 0.215739995 0.0250140045 -4.82586616e-08 -1.31306776e-08 1
LGIC_C 132 -0.189100028 0.0499003046 0.0250139918 5.7878425e-08 4.89846948e-08 1
LGIC_C 133 -0.582418401 -0.0461872073 0.0250140089 4.34088238e-08 8.63459484e-09 1
LGIC_C 134 0.270609505 -0.6402177 0.0250140134 -2.45891087e-08 3.68002429e-08 1
LGIC_C 135 -0.228668357 -0.261497738 0.0250140007 2.81018674e-08 4.20574117e-08 1
LGIC_C 136 0.362161306 -0.284820693 0.0250140036 -3.68002179e-08 2.45891393e-08 1
LGIC_C 137 0.35647507 -0.377587579 0.0250140061 -1.31306721e-08 4.82586744e-08 1
LGIC_C 138 -0.70696989 -0.20362663 0.0250140098 4.96100935e-08 -4.19869172e-08 1
LGIC_C 139 0.137615908 -0.00986124146 0.0250139904 -4.96100802e-08 3.14742968e-08 1
LGIC_C 140 0.501756779 0.528098781 0.025014015 -2.45891309e-08 -3.68002211e-08 1
LGIC_C 141 0.45521248 0.111419166 0.025014004 -4.34088272e-08 -8.63453573e-09 1
LGIC_C 142 -0.438134937 -0.546532956 0.0250140173 3.95603082e-08 3.05989652e-08 1
LGIC_C 144 -0.462274333 -0.471728499 0.0250140158 -5.56021111e-08 -1.45571543e-08 -1
LGIC_C 145 0.215641379 0.0153192568 0.0250139938 -4.96100869e-08 6.3366408e-09 1
LGIC_C 146 0.0146774803 0.549696004 0.0250140104 -6.33660387e-09 4.96100877e-08 -1
LGIC_C 147 -0.343065655 -0.34818093 0.0250140045 2.45891453e-08 3.68002268e-08 1
LGIC_C 149 0.55758832 0.482161472 0.0250140156 -3.68002282e-08 -2.45891172e-08 1
LGIC_C 150 0.386017107 0.109341551 0.0250140017 -4.96100869e-08 6.3366408e-09 1
LGIC_C 151 -0.0700682724 -0.661479871 0.0250140126 8.63456455e-09 4.34088336e-08 1
LGIC_C 152 0.270368543 0.539537194 0.0250140128 1.3130701e-08 4.82586573e-08 -1
LGIC_C 153 0.180246717 -0.204507867 0.0250139973 -1.28239349e-08 5.73353226e-08 1
LGIC_C 154 0.150160634 0.461077029 0.0250140076 -9.86806672e-09 -4.96100854e-08 1
LGIC_C 155 -0.500246207 0.14951994 0.0250140063 4.34088259e-08 -8.63455061e-09 1
LGIC_C 156 -0.238338326 0.0304830881 0.0250139939 4.34088259e-08 -8.63455061e-09 1
LGIC_C 157 -0.456392962 0.25535614 0.0250140054 6.28881943e-09 -7.55636452e-08 1
LGIC_C 158 0.318675733 0.183952663 0.0250140029 3.37890593e-08 4.80634111e-08 -1
LGIC_C 159 0.762139834 0.108941689 0.0250140173 -4.34088272e-08 -8.63453573e-09 1
LGIC_C 160 -0.324777191 -0.0970181122 0.0250139947 -4.34088282e-08 2.70157287e-08 -1
LGIC_C 161 -0.422628472 0.102085387 0.0250140052 4.96100897e-08 -9.86805572e-09 1
LGIC_C 162 0.484021833 0.0118657298 0.0250140074 -4.96100911e-08 -9.86803575e-09 1
LGIC_C 163 0.419359902 -0.26403745 0.0250140083 -4.20573976e-08 2.81018683e-08 1
LGIC_C 164 0.293714902 -0.590346138 0.0250140156 -1.31306721e-08 4.82586744e-08 1
LGIC_C 165 -0.340915968 0.0449086449 0.0250139989 4.96100851e-08 2.90231542e-08 1
LGIC_C 166 -0.125663018 -0.706190234 0.025014017 2.48392553e-08 4.34088306e-08 1
LGIC_C 167 -0.582118238 0.5656566 0.0250140188 -4.82586679e-08 1.31306769e-08 -1
LGIC_C 168 -0.482147509 -0.239595071 0.0250140013 5.39043203e-09 6.47688584e-08 1
LGIC_C 169 0.653684032 -0.539162431 0.0155517059 0.827616944 -0.552996408 0.0961517878
LGIC_C 171 -0.224755064 0.329666635 0.0250140051 1.28239438e-08 -5.73353116e-08 1
LGIC_C 172 0.27886535 0.149720654 0.0250139992 -4.20574004e-08 -2.81018564e-08 1
LGIC_C 173 0.649852726 0.285755359 0.0250140142 -3.68002282e-08 -2.45891172e-08 1
LGIC_C 174 -0.078580655 -0.503735086 0.0250140071 2.48392553e-08 4.34088306e-08 1
LGIC_C 175 0.399641677 -0.309427639 0.0250140116 -3.37890406e-08 4.80634332e-08 1
LGIC_C 177 0.356271009 0.36010515 0.0250140084 -2.81018716e-08 -4.20573923e-08 1
LGIC_C 178 0.143946484 -0.624978547 0.0250140133 6.33663526e-09 4.9610097e-08 1
LGIC_C 180 -0.151854108 0.270688173 0.0250139989 2.8101852e-08 -4.20574041e-08 1
LGIC_C 181 -0.654581691 -0.308371413 0.0250140067 5.39043203e-09 6.47688584e-08 1
LGIC_C 183 0.639851096 0.309824533 0.0250140182 -4.82586616e-08 -1.31306776e-08 1
LGIC_C 184 0.693428684 -0.0440588165 0.0250140144 -4.34088182e-08 2.48392526e-08 1
LGIC_C 185 0.378801345 -0.161356867 0.0250140012 -3.05989503e-08 3.95603122e-08 1
LGIC_C 186 -0.617985466 -0.282134327 0.0250140048 5.39043203e-09 6.47688584e-08 1
LGIC_C 188 -0.72627091 0.102789783 0.0250140157 4.34088259e-08 -8.63455061e-09 1
LGIC_C 189 -0.531352657 0.31039544 0.0250140143 4.20574045e-08 -2.81018523e-08 1
LGIC_C 190 0.355569468 -0.709875207 0.0250140181 -2.45891087e-08 3.68002429e-08 1
LGIC_C 191 -0.446315474 -0.251303853 0.0250140019 5.39043203e-09 6.47688584e-08 1
LGIC_C 192 -0.283283623 0.103905908 0.0250139965 4.34088259e-08 -8.63455061e-09 1
LGIC_C 193 0.275494216 0.104896606 0.0250139979 -4.96100911e-08 -9.86803575e-09 1
LGIC_C 194 -0.689491149 0.330052377 0.0250140168 3.68002297e-08 -2.45891157e-08 1
LGIC_C 195 0.380838365 0.417120723 0.0250140115 -2.81018716e-08 -4.20573923e-08 1
LGIC_C 196 0.719712869 0.415096994 0.0250140199 -3.68002282e-08 -2.45891172e-08 1
LGIC_C 197 -0.263965007 -0.563227788 0.0250140105 2.45891453e-08 3.68002268e-08 1
LGIC_C 198 0.519080915 -0.0552794121 0.0250140062 -4.34088226e-08 8.63456802e-09 1
LGIC_C 199 0.652597672 0.247701914 0.025014014 -4.96100869e-08 6.3366408e-09 1
LGIC_C 200 0.695725765 -0.323304194 0.0250140168 -3.68002179e-08 2.45891393e-08 1
LGIC_C 201 0.242811058 0.133089555 0.0250139972 -4.20574004e-08 -2.81018564e-08 1
LGIC_C 202 -0.0232176274 -0.278020886 0.0250139959 2.48392553e-08 4.34088306e-08 1
LGIC_C 203 -0.146218785 -0.00995575399 0.0250139902 -4.96100919e-08 2.90231703e-08 -1
LGIC_C 204 -0.383134115 0.544703305 0.0250140169 2.8101852e-08 -4.20574041e-08 1
LGIC_C 205 -0.102973887 0.270625797 0.0250139977 9.86805557e-09 -4.96100883e-08 1
LGIC_C 206 0.663724006 -0.349039432 0.0250140162 -3.68002179e-08 2.45891393e-08 1
LGIC_C 207 -0.119694004 -0.487080014 0.0250140055 -4.89847109e-08 5.78784581e-08 1
LGIC_C 208 -0.51584896 0.410040686 0.0250140135 -4.82586679e-08 1.31306769e-08 -1
LGIC_C 209 0.000920452087 0.00986454223 0.0250139847 2.76305616e-08 1.38908221e-07 -1
LGIC_C 210 0.0698906974 0.282042962 0.0250139979 -9.86806672e-09 -4.96100854e-08 1
LGIC_C 212 -0.366056266 -0.508979219 0.025014011 -5.56021111e-08 -1.45571543e-08 -1
LGIC_C 213 0.337963103 -0.360517336 0.0250140079 -2.81018481e-08 4.20574137e-08 1
LGIC_C 214 0.441084725 -0.0696531825 0.025014003 -4.34088226e-08 8.63456802e-09 1
LGIC_C 215 -0.477244465 -0.0193901247 0.0250140041 4.34088238e-08 8.63459484e-09 1
LGIC_C 216 0.16046273 -0.204862078 0.0250139952 -1.31306721e-08 4.82586744e-08 1
LGIC_C 217 0.483444086 -0.380201558 0.0250140178 -3.37890406e-08 4.80634332e-08 1
LGIC_C 218 -0.2668806 0.472901861 0.0250140096 1.31306824e-08 -4.82586643e-08 1
LGIC_C 219 -0.283940661 -0.436603483 0.0250140078 3.95603082e-08 3.05989652e-08 1
LGIC_C 220 -0.743361165 -0.325973583 0.0250140186 3.68002489e-08 2.45891179e-08 1
LGIC_C 221 0.644034615 -0.391869448 0.0250140166 -3.68002179e-08 2.45891393e-08 1
LGIC_C 222 -0.496119241 -0.199670052 0.0250140021 -4.96100919e-08 2.90231703e-08 -1
LGIC_C 223 0.20092604 0.405863477 0.0250140066 -4.80634192e-08 -3.37890445e-08 1
LGIC_C 224 -0.371854178 0.0424928839 0.0250140005 4.96100851e-08 2.90231542e-08 1
LGIC_C 225 0.21640156 -0.683407969 0.0250140148 -8.63454093e-09 4.34088369e-08 1
LGIC_C 226 0.373088757 -0.156367574 0.0250140008 -3.68002179e-08 2.45891393e-08 1
LGIC_C 227 -0.181195344 0.505577269 0.0250140068 8.63455111e-09 -4.34088279e-08 1
LGIC_C 228 0.288124267 -0.277886305 0.025014003 -3.05989503e-08 3.95603122e-08 1
LGIC_C 229 -0.513810272 -0.0799580905 0.0250140063 4.34088238e-08 8.63459484e-09 1
LGIC_C 230 -0.677271037 -0.170272127 0.0250140081 -4.34088282e-08 2.70157287e-08 -1
LGIC_C 231 0.530603042 0.242776142 0.0250140129 3.37890593e-08 4.80634111e-08 -1
LGIC_C 232 -0.292897618 0.786799437 0.0250140199 8.63455111e-09 -4.34088279e-08 1
LGIC_C 233 0.292191605 0.237456761 0.0250140005 -4.82586616e-08 -1.31306776e-08 1
LGIC_C 234 0.0244475228 -0.4315217 0.0250140022 -8.63454093e-09 4.34088369e-08 1
LGIC_C 235 0.353677107 0.447075041 0.025014012 -2.81018716e-08 -4.20573923e-08 1
LGIC_C 236 0.317870004 -0.0122164744 0.0250139973 -4.34088182e-08 2.48392526e-08 1
LGIC_C 239 0.483979446 -0.242641253 0.0250140104 -4.20573976e-08 2.81018683e-08 1
LGIC_C 240 0.154736583 -0.192009071 0.0250139962 -1.28239349e-08 5.73353226e-08 1
LGIC_C 241 -0.109810982 0.194667298 0.0250139945 2.8101852e-08 -4.20574041e-08 1
LGIC_C 242 0.601563792 -0.337141581 0.0250140198 -3.37890406e-08 4.80634332e-08 1
LGIC_C 243 -0.689592196 0.232798923 0.0250140198 4.96100897e-08 -9.86805572e-09 1
LGIC_C 246 0.423219204 0.441232223 0.0250140099 -2.45891309e-08 -3.68002211e-08 1
LGIC_C 247 -0.481049205 0.649734 0.025014019 2.45891128e-08 -3.68002333e-08 1
LGIC_C 248 0.0783269556 -0.0480152227 0.0250139873 -3.68002179e-08 2.45891393e-08 1
LGIC_C 249 0.525894826 -0.0902836291 0.0250140122 -4.96100802e-08 3.14742968e-08 1
LGIC_C 250 0.253689811 0.524462575 0.0250140132 -4.80634192e-08 -3.37890445e-08 1
LGIC_C 251 0.00459039766 0.601767474 0.0250140131 -6.33660387e-09 4.96100877e-08 -1
LGIC_C 252 0.183585398 0.575697992 0.0250140176 -3.14742949e-08 -4.96100822e-08 1
LGIC_C 253 0.463941364 0.314720733 0.0250140098 -4.82586616e-08 -1.31306776e-08 1
LGIC_C 255 -0.728798467 -0.0543754034 0.0250140134 -4.34088282e-08 2.70157287e-08 -1
LGIC_C 256 -0.310794152 0.54099106 0.0250140108 2.45891128e-08 -3.68002333e-08 1
LGIC_C 257 0.292826883 0.330952692 0.0250140031 1.3130701e-08 4.82586573e-08 -1
LGIC_C 258 -0.29063444 0.570005023 0.0250140114 2.45891128e-08 -3.68002333e-08 1
LGIC_C 260 -0.0214140623 -0.595610179 0.025014013 9.8680833e-09 4.96100963e-08 1
LGIC_C 261 0.0718865049 0.654215835 0.0250140123 -8.63455884e-09 -4.34088253e-08 1
LGIC_C 262 -0.346666735 0.339276867 0.0250140074 4.20574045e-08 -2.81018523e-08 1
LGIC_C 263 -0.694037394 -0.161550056 0.025014009 -4.34088282e-08 2.70157287e-08 -1
LGIC_C 264 0.425542732 -0.33714216 0.0250140072 -3.68002179e-08 2.45891393e-08 1
LGIC_C 265 0.205192851 0.0154202806 0.0250139936 -4.96100911e-08 -9.86803575e-09 1
LGIC_C 266 -0.174085356 -0.331735663 0.0250140003 3.95603082e-08 3.05989652e-08 1
LGIC_C 267 -0.306422498 -0.269342096 0.0250140027 1.45571809e-08 5.5602105e-08 1
LGIC_C 268 -0.0518961346 -0.513068737 0.0250140072 -2.90231482e-08 4.96101036e-08 1
LGIC_C 269 -0.13097616 0.61848477 0.0250140131 -6.33661298e-09 -4.96100859e-08 1
LGIC_C 271 -0.468391199 -0.433183335 0.0250140111 3.68002489e-08 2.45891179e-08 1
LGIC_C 272 -0.356926981 0.282583089 0.0250140042 -4.82586679e-08 1.31306769e-08 -1
LGIC_C 273 0.757770109 -0.138853838 0.0250140196 -4.34088182e-08 2.48392526e-08 1
LGIC_C 274 -0.370811924 0.398181527 0.025014007 2.45891128e-08 -3.68002333e-08 1
LGIC_C 275 0.00793714887 -0.522778719 0.0250140091 6.33663526e-09 4.9610097e-08 1
LGIC_C 276 -0.113428438 -0.491474626 0.0250140043 -2.90231482e-08 4.96101036e-08 1
LGIC_C 278 0.351268526 0.288176226 0.0250140033 -3.68002282e-08 -2.45891172e-08 1
LGIC_C 279 0.112738689 -0.0164504724 0.0250139883 -4.34088226e-08 8.63456802e-09 1
LGIC_C 280 -0.273261249 -0.175963152 0.025013997 1.45571809e-08 5.5602105e-08 1
LGIC_C 281 0.403863866 0.511831365 0.0250140199 -4.80634192e-08 -3.37890445e-08 1
LGIC_C 282 -0.256997697 -0.449832183 0.0250140072 3.95603082e-08 3.05989652e-08 1
LGIC_C 283 -0.2464941 -0.478067349 0.0250140049 7.55636799e-08 6.2887973e-09 1
LGIC_C 284 0.225692682 -0.79426332 0.0250140197 -8.63454093e-09 4.34088369e-08 1
LGIC_C 286 -0.555715288 0.0369658156 0.0250140098 4.96100851e-08 2.90231542e-08 1
LGIC_C 287 -0.070424544 -0.115214438 0.0250139892 2.45891453e-08 3.68002268e-08 1
LGIC_C 288 0.0505986312 -0.385351728 0.025014002 6.33663526e-09 4.9610097e-08 1
LGIC_C 289 0.0352433368 -0.0318932421 0.0250139853 -3.68002179e-08 2.45891393e-08 1
LGIC_C 290 -0.366539121 -0.542764748 0.0250140164 2.81018674e-08 4.20574117e-08 1
LGIC_C 291 -0.494594927 0.428576297 0.025014012 3.68002297e-08 -2.45891157e-08 1
LGIC_C 292 0.412965955 0.448895037 0.0250140137 -2.81018716e-08 -4.20573923e-08 1
LGIC_C 293 -0.678594172 -0.079516086 0.0250140146 -4.96100919e-08 2.90231703e-08 -1
LGIC_C 295 -0.183008646 0.137265392 0.0250139948 6.28881943e-09 -7.55636452e-08 1
LGIC_C 296 0.50006242 0.218627602 0.0250140104 -4.20574004e-08 -2.81018564e-08 1
LGIC_C 297 0.0411987588 0.330616494 0.025013998 -8.63455884e-09 -4.34088253e-08 1
LGIC_C 298 0.179088741 -0.528338305 0.0250140112 -9.86804037e-09 4.96101e-08 1
LGIC_C 299 -0.076371241 -0.340474414 0.0250140009 9.8680833e-09 4.96100963e-08 1
LGIC_C 300 0.38444005 -0.0188228462 0.0250140004 -4.34088182e-08 2.48392526e-08 1
LGIC_C 301 0.10390172 0.406349818 0.0250140018 -8.63455884e-09 -4.34088253e-08 1
LGIC_C 302 0.425738259 0.362699195 0.0250140113 -4.20574004e-08 -2.81018564e-08 1
LGIC_C 303 -0.0153948175 0.366434235 0.0250140016 9.86805557e-09 -4.96100883e-08 1
LGIC_C 304 -0.160989475 0.325625972 0.0250140011 1.31306824e-08 -4.82586643e-08 1
LGIC_C 305 -0.44811753 0.225731345 0.0250140053 3.68002297e-08 -2.45891157e-08 1
LGIC_C 306 0.199210331 0.108929745 0.0250139952 3.37890593e-08 4.80634111e-08 -1
LGIC_C 307 -0.416141455 0.267070176 0.0250140069 -4.82586679e-08 1.31306769e-08 -1
LGIC_C 308 0.627843875 -0.288452707 0.0250140134 -3.68002179e-08 2.45891393e-08 1
LGIC_C 309 0.142432707 0.118863661 0.0250139914 -3.68002282e-08 -2.45891172e-08 1
LGIC_C 310 0.115613898 0.818279231 0.0250140198 -8.63455884e-09 -4.34088253e-08 1
LGIC_C 311 0.583405976 0.593945321 0.0250140195 -2.45891309e-08 -3.68002211e-08 1
LGIC_C 312 0.315020022 0.20689783 0.0250140023 -4.20574004e-08 -2.81018564e-08 1
LGIC_C 313 0.660265753 0.348030194 0.0250140161 -3.68002282e-08 -2.45891172e-08 1
LGIC_C 314 -0.255454434 0.545752024 0.0250140096 2.45891128e-08 -3.68002333e-08 1
LGIC_C 315 -0.0522910395 0.000824284609 0.0250139859 4.96100897e-08 -9.86805572e-09 1
LGIC_C 318 -0.250412384 -0.360476036 0.0250140024 -5.56021111e-08 -1.45571543e-08 -1
LGIC_C 319 -0.491020756 -0.0747973946 0.0250140026 -4.34088282e-08 2.70157287e-08 -1
LGIC_C 320 0.393880647 0.616323678 0.0250140202 -2.81018716e-08 -4.20573923e-08 1
LGIC_C 322 0.534997735 0.244517093 0.0250140123 -4.82586616e-08 -1.31306776e-08 1
LGIC_C 323 -0.340323438 -0.635837524 0.0250140196 2.81018674e-08 4.20574117e-08 1
LGIC_C 324 0.0587807071 0.693655619 0.0250140173 -6.33660387e-09 4.96100877e-08 -1
LGIC_C 325 0.508271605 0.609634187 0.0250140182 -2.45891309e-08 -3.68002211e-08 1
LGIC_C 326 0.203683336 0.683146882 0.0250140159 -6.33660387e-09 4.96100877e-08 -1
LGIC_C 327 -0.32681273 -0.0517815136 0.025013998 -4.96100919e-08 2.90231703e-08 -1
LGIC_C 328 -0.438366545 0.0331621923 0.0250140031 4.34088279e-08 -2.48392273e-08 1
LGIC_C 329 0.612606977 -0.180987729 0.0250140154 -4.96100859e-08 9.86807898e-09 1
LGIC_C 330 0.373985244 -0.0209220132 0.0250140024 -4.96100802e-08 3.14742968e-08 1
LGIC_C 331 0.208123292 -0.0991531752 0.0250139935 -3.05989503e-08 3.95603122e-08 1
LGIC_C 332 -0.00514732427 -0.402856342 0.0250140033 9.8680833e-09 4.96100963e-08 1
LGIC_C 333 0.517032087 0.156199695 0.025014007 -4.34088272e-08 -8.63453573e-09 1
LGIC_C 334 0.245858193 0.769076934 0.0250140188 -8.63455884e-09 -4.34088253e-08 1
LGIC_C 335 0.212297962 0.545258491 0.025014009 -6.33660387e-09 4.96100877e-08 -1
LGIC_C 336 -0.733073343 0.00466801163 0.0250140152 4.34088279e-08 -2.48392273e-08 1
LGIC_C 337 -0.0274638567 -0.00107452239 0.0250139844 -4.34088282e-08 2.70157287e-08 -1
LGIC_C 338 -0.248549251 0.330780884 0.0250140016 2.45891128e-08 -3.68002333e-08 1
LGIC_C 339 0.117137231 -0.163813615 0.0250139927 -1.31306721e-08 4.82586744e-08 1
LGIC_C 340 -0.320166043 0.554429048 0.0250140156 2.8101852e-08 -4.20574041e-08 1
LGIC_C 341 0.0156892616 -0.685178918 0.0250140131 -8.63454093e-09 4.34088369e-08 1
LGIC_C 342 -0.80688471 -0.0718320676 0.0250140164 -4.34088282e-08 2.70157287e-08 -1
LGIC_C 343 0.221593805 0.47276677 0.025014009 1.3130701e-08 4.82586573e-08 -1
LGIC_C 344 -0.126637709 0.0313707671 0.025013989 5.7878425e-08 4.89846948e-08 1
LGIC_C 346 0.340123145 0.30813099 0.0250140033 -3.68002282e-08 -2.45891172e-08 1
LGIC_C 347 0.481807026 -0.152144503 0.0250140086 -4.96100859e-08 9.86807898e-09 1
LGIC_C 349 -0.19938438 -0.531683832 0.0250140038 -2.90231482e-08 4.96101036e-08 1
LGIC_C 350 -0.267549892 0.386262354 0.0250140041 2.45891128e-08 -3.68002333e-08 1
LGIC_C 352 -0.169747075 -0.229711052 0.025013997 3.95603082e-08 3.05989652e-08 1
LGIC_C 353 -0.346460561 0.153782034 0.0250140022 4.20574045e-08 -2.81018523e-08 1
LGIC_C 354 0.183414362 0.195206929 0.0250139966 -2.81018716e-08 -4.20573923e-08 1
LGIC_C 355 0.0793266335 -0.483048811 0.0250140104 1.00935263e-08 5.7878447e-08 1
LGIC_C 356 0.115126748 0.716060932 0.0250140153 -8.63455884e-09 -4.34088253e-08 1
LGIC_C 357 0.7275902 0.178333886 0.0250140182 -4.96100869e-08 6.3366408e-09 1
LGIC_C 358 0.0960436759 -0.0919250085 0.0250139909 -4.90669481e-08 3.27855328e-08 1
LGIC_C 359 -0.243343762 0.24271148 0.0250140031 6.28881943e-09 -7.55636452e-08 1
LGIC_C 360 -0.474474323 0.421554375 0.0250140111 3.68002297e-08 -2.45891157e-08 1
LGIC_C 361 0.595773655 -0.142142518 0.0250140142 -4.96100859e-08 9.86807898e-09 1
LGIC_C 362 -0.456131058 -0.115745431 0.0250140025 -4.96100919e-08 2.90231703e-08 -1
LGIC_C 363 -0.299380586 0.431424351 0.025014008 1.31306824e-08 -4.82586643e-08 1
LGIC_C 365 0.595011638 -0.365072125 0.0250140185 -4.20573976e-08 2.81018683e-08 1
LGIC_C 366 -0.332064208 -0.775479175 0.0250140201 3.95603082e-08 3.05989652e-08 1
LGIC_C 367 0.36614802 -0.0936360681 0.0250140014 -4.34088182e-08 2.48392526e-08 1
LGIC_C 368 -0.124326764 -0.339396312 0.0250140011 2.48392553e-08 4.34088306e-08 1
LGIC_C 369 -0.143422621 -0.650146608 0.0250140113 -2.90231482e-08 4.96101036e-08 1
LGIC_C 370 -0.342021048 -0.618907511 0.0250140144 2.45891453e-08 3.68002268e-08 1
LGIC_C 371 0.228603939 0.0634235147 0.0250139937 -4.34088272e-08 -8.63453573e-09 1
LGIC_C 372 -0.033010025 0.409149779 0.0250140013 8.63455111e-09 -4.34088279e-08 1
LGIC_C 373 -0.664335444 0.447079688 0.0250140187 3.68002297e-08 -2.45891157e-08 1
LGIC_C 374 0.0140842967 -0.196452624 0.0250139929 6.33663526e-09 4.9610097e-08 1
LGIC_C 375 0.127732229 -0.631399196 0.0250140185 1.00935263e-08 5.7878447e-08 1
LGIC_C 376 0.424993107 0.384131998 0.0250140119 -4.20574004e-08 -2.81018564e-08 1
LGIC_C 377 0.286248996 0.134227932 0.0250139971 -3.68002282e-08 -2.45891172e-08 1
LGIC_C 378 -0.583950041 0.0675216762 0.0250140103 4.96100851e-08 2.90231542e-08 1
LGIC_C 379 -0.0263121577 -0.447348556 0.0250140057 9.8680833e-09 4.96100963e-08 1
LGIC_C 380 0.135782974 0.582452975 0.0250140135 -9.86806672e-09 -4.96100854e-08 1
LGIC_C 381 0.0399517233 0.651894608 0.0250140154 -6.33660387e-09 4.96100877e-08 -1
LGIC_C 382 0.57816625 -0.25345405 0.0250140149 -3.37890406e-08 4.80634332e-08 1
LGIC_C 384 -0.448943534 -0.39802827 0.0250140161 6.28883752e-09 7.55636663e-08 1
LGIC_C 386 0.476338614 -0.476069809 0.0250140125 -3.68002179e-08 2.45891393e-08 1
LGIC_C 387 0.544939821 -0.258537517 0.0250140141 -3.37890406e-08 4.80634332e-08 1
LGIC_C 388 -0.0262055816 0.413515929 0.0250140046 -3.14742797e-08 4.96100914e-08 -1
LGIC_C 390 0.558116414 -0.0255078761 0.0250140081 -4.34088182e-08 2.48392526e-08 1
LGIC_C 392 -0.225594548 -0.57176347 0.025014005 -2.90231482e-08 4.96101036e-08 1
LGIC_C 393 -0.0441123917 -0.29312023 0.0250139963 8.63456455e-09 4.34088336e-08 1
LGIC_C 395 0.362895106 0.405193374 0.0250140076 1.3130701e-08 4.82586573e-08 -1
LGIC_C 396 0.249768105 0.402958799 0.025014006 1.3130701e-08 4.82586573e-08 -1
LGIC_C 397 -0.686051198 0.277352861 0.0250140154 4.34088259e-08 -8.63455061e-09 1
LGIC_C 398 -0.543992902 0.246109595 0.0250140135 3.37890593e-08 -4.80634052e-08 1
LGIC_C 399 0.597055139 -0.161481507 0.0250140179 -4.96100802e-08 3.14742968e-08 1
NT 7181 -0.742174285 -4.10002717 -2.45368303 0 0 0
NT 7817 0.573518489 1.60205375 -1.3275838 0 0 0
LGIC_O 4402 -0.0345878633 0.265675272 0.025013999 1.15127271e-08 -5.78784352e-08 1
LGIC_O 4401 -0.1840676 0.0972239463 0.0250139942 3.37890593e-08 -4.80634052e-08 1
LGIC_O 4400 -0.175025146 0.0137516014 0.0250139927 5.7878425e-08 4.89846948e-08 1
LGIC_O 8441 0.636913646 -0.12672076 0.0250140188 -4.96100802e-08 3.14742968e-08 1
LGIC_O 8440 0.314831804 -0.521242477 0.0250140191 -3.27854948e-08 4.90669785e-08 1
LGIC_O 8439 0.567487089 -0.204519113 0.0250140184 -5.78784275e-08 1.15127558e-08 1
LGIC_O 8438 -0.495463838 -0.478991786 0.0250140171 1.45571809e-08 5.5602105e-08 1
LGIC_O 8437 -0.0865332912 0.0753896135 0.0250139898 3.37890593e-08 -4.80634052e-08 1
LGIC_O 8436 0.281965125 0.349247805 0.0250140096 -3.27855134e-08 -4.90669575e-08 1
LGIC_O 8435 -0.281577291 0.489075666 0.0250140165 3.27854968e-08 -4.90669676e-08 1
LGIC_O 8434 -0.605092982 -0.110313414 0.0250140129 5.7878436e-08 -4.89847332e-08 1
LGIC_O 8433 0.701586212 -0.0117142491 0.0250140184 -4.96100802e-08 3.14742968e-08 1
LGIC_O 8432 0.426050556 0.664856809 0.0250140182 -2.45891309e-08 -3.68002211e-08 1
LGIC_O 8431 -0.53569519 -0.176489801 0.025014008 4.34088238e-08 8.63459484e-09 1
LGIC_O 8430 -0.206044735 -0.180448528 0.0250139982 6.28883752e-09 7.55636663e-08 1
LGIC_O 8429 0.342033035 -0.34268384 0.0250140113 -3.27854948e-08 4.90669785e-08 1
LGIC_O 8428 0.576112066 -0.314703408 0.0250140178 -3.37890406e-08 4.80634332e-08 1
LGIC_O 8427 0.236726308 -0.318077646 0.0250140066 -3.27854948e-08 4.90669785e-08 1
LGIC_O 8426 -0.0976488914 -0.110862836 0.0250139913 7.55636799e-08 6.2887973e-09 1
LGIC_O 8425 0.534646383 -0.195059479 0.0250140164 -5.78784275e-08 1.15127558e-08 1
LGIC_O 8424 0.219544679 -0.315091025 0.0250140059 -3.27854948e-08 4.90669785e-08 1
LGIC_O 8423 -0.608846757 -0.593779315 0.0250140203 3.68002489e-08 2.45891179e-08 1
LGIC_O 8422 0.564815598 -0.372450199 0.0250140202 -3.37890406e-08 4.80634332e-08 1
LGIC_O 8421 0.550750457 0.0902902064 0.0250140162 -5.78784335e-08 -1.15127284e-08 1
LGIC_O 8420 0.175418091 0.0610257495 0.0250139941 -5.78784335e-08 -1.15127284e-08 1
LGIC_O 8419 0.142777714 0.100831833 0.0250139936 -4.90669739e-08 -3.27854893e-08 1
LGIC_O 4418 0.0575220985 -0.190210297 0.0250139949 -1.15127059e-08 5.78784511e-08 1
LGIC_O 4417 -0.118754336 -0.170834128 0.0250139938 2.81018674e-08 4.20574117e-08 1
LGIC_O 4416 0.593239316 0.0786534269 0.0250140185 -5.78784335e-08 -1.15127284e-08 1
LGIC_O 4415 0.0853954366 -0.420999761 0.0250140086 -1.15127059e-08 5.78784511e-08 1
LGIC_O 4414 -0.374457097 -0.228026162 0.0250140026 3.68002489e-08 2.45891179e-08 1
LGIC_O 4413 0.577482781 -0.285169834 0.0250140164 -3.37890406e-08 4.80634332e-08 1
LGIC_O 4412 -0.484325859 0.306166979 0.0250140144 3.37890593e-08 -4.80634052e-08 1
LGIC_O 4411 0.44777829 -0.0963194904 0.0250140103 -5.78784275e-08 1.15127558e-08 1
LGIC_O 4410 0.28281874 -0.503567977 0.0250140172 -3.27854948e-08 4.90669785e-08 1
LGIC_O 4409 -0.116204576 -0.152585731 0.025013993 7.55636799e-08 6.2887973e-09 1
LGIC_O 4408 -0.333519821 0.289166147 0.0250140084 3.37890593e-08 -4.80634052e-08 1
LGIC_O 4407 -0.148720782 -0.636306108 0.0250140163 9.8680833e-09 4.96100963e-08 1
LGIC_O 4406 0.336173082 -0.328141715 0.0250140105 -4.90669481e-08 3.27855328e-08 1
LGIC_O 4405 -0.249510429 -0.168914007 0.0250139976 6.28883752e-09 7.55636663e-08 1
LGIC_O 4404 0.0811982327 0.141649416 0.0250139929 -3.27855134e-08 -4.90669575e-08 1
LGIC_O 4403 0.0533120499 -0.19689515 0.0250139952 -1.15127059e-08 5.78784511e-08 1
