LGIC_C 0 0.426853567 0.184125957 0.0250140064 -4.20574004e-08 -2.81018564e-08 1
LGIC_C 1 -0.251871321 0.0708488891 0.0250139948 4.34088259e-08 -8.63455061e-09 1
LGIC_C 2 -0.552085327 0.13123508 0.025014012 4.96100897e-08 -9.86805572e-09 1
LGIC_C 3 0.259549276 -0.693317827 0.0250140202 -9.86804037e-09 4.96101e-08 1
LGIC_C 4 -0.469281566 -0.222767986 0.025014003 6.28883752e-09 7.55636663e-08 1
LGIC_C 5 0.089969011 -0.597457014 0.0250140169 1.00935263e-08 5.7878447e-08 1
LGIC_C 6 -0.31383992 0.505050618 0.0250140163 1.28239438e-08 -5.73353116e-08 1
LGIC_C 7 -0.719845097 0.43914169 0.012017743 -0.827617296 0.552995934 0.0961514895
LGIC_C 8 -0.144447201 0.304552879 0.025013998 2.45891128e-08 -3.68002333e-08 1
LGIC_C 9 -0.421601804 -0.287029069 0.0250140076 6.28883752e-09 7.55636663e-08 1
LGIC_C 10 -0.337956189 -0.617670345 0.0250140155 3.95603082e-08 3.05989652e-08 1
LGIC_C 11 0.154126232 0.55245292 0.0250140097 -6.33660387e-09 4.96100877e-08 -1
LGIC_C 12 0.395298686 0.21920002 0.0250140098 -4.90669739e-08 -3.27854893e-08 1
LGIC_C 13 0.727508052 -0.0972819639 0.0250140203 -4.96100859e-08 9.86807898e-09 1
LGIC_C 14 0.677686536 0.253289144 0.0250140152 -4.96100869e-08 6.3366408e-09 1
LGIC_C 15 -0.474264916 -0.337759182 0.0250140077 5.39043203e-09 6.47688584e-08 1
LGIC_C 16 0.636328502 -0.0924069089 0.0250140157 -4.96100859e-08 9.86807898e-09 1
LGIC_C 17 -0.561854431 0.387510912 0.0250140155 -4.82586679e-08 1.31306769e-08 -1
LGIC_C 18 0.335362241 -0.471462661 0.0250140125 -2.81018481e-08 4.20574137e-08 1
LGIC_C 21 -0.0351309567 -0.226888456 0.0250139935 -2.90231482e-08 4.96101036e-08 1
LGIC_C 22 0.215592153 0.599745426 0.0250140151 -9.86806672e-09 -4.96100854e-08 1
LGIC_C 23 -0.526528749 0.449719126 0.0250140137 3.68002297e-08 -2.45891157e-08 1
LGIC_C 24 0.117346997 0.429106977 0.0250140057 -9.86806672e-09 -4.96100854e-08 1
LGIC_C 25 0.350376994 -0.0542627857 0.0250139989 -4.34088226e-08 8.63456802e-09 1
LGIC_C 27 -0.280377576 0.563337224 0.0250140201 3.27854968e-08 -4.90669676e-08 1
LGIC_C 28 0.674053957 0.12385523 0.0250140136 -4.34088272e-08 -8.63453573e-09 1
LGIC_C 30 0.688099048 0.133214891 0.0250140165 -4.96100869e-08 6.3366408e-09 1
LGIC_C 31 -0.43589428 -0.436670612 0.0250140139 3.95603082e-08 3.05989652e-08 1
LGIC_C 32 0.0521650877 0.108573038 0.0250139892 1.3130701e-08 4.82586573e-08 -1
LGIC_C 33 -0.0176384947 0.634222449 0.0250140109 8.63455111e-09 -4.34088279e-08 1
LGIC_C 35 -0.171619767 -0.475179234 0.0250140018 -2.90231482e-08 4.96101036e-08 1
LGIC_C 36 0.454793316 -0.596440992 0.0250140164 -2.45891087e-08 3.68002429e-08 1
LGIC_C 37 0.100739276 0.792599617 0.0250140185 -8.63455884e-09 -4.34088253e-08 1
LGIC_C 38 0.769854322 -0.339104708 0.0250140202 -3.05989503e-08 3.95603122e-08 1
LGIC_C 39 0.698251493 0.255238732 0.0250140158 -4.34088272e-08 -8.63453573e-09 1
LGIC_C 40 -0.670351522 -0.000304842241 0.0250140124 4.34088279e-08 -2.48392273e-08 1
LGIC_C 41 -0.547258675 0.617137028 0.0250140194 2.45891128e-08 -3.68002333e-08 1
LGIC_C 42 -0.284469972 -0.694268628 0.0250140158 8.63456455e-09 4.34088336e-08 1
LGIC_C 43 -0.601002504 -0.46342748 0.0250140133 1.15916899e-08 4.97976879e-08 1
LGIC_C 44 0.287414801 0.497356669 0.025014011 1.3130701e-08 4.82586573e-08 -1
LGIC_C 45 -0.00205992265 -0.18046666 0.0250139911 2.48392553e-08 4.34088306e-08 1
LGIC_C 46 -0.213786617 -0.209886501 0.025013998 5.39043203e-09 6.47688584e-08 1
LGIC_C 47 0.531299339 -0.163191477 0.0250140159 -5.78784275e-08 1.15127558e-08 1
LGIC_C 48 -0.115661907 -0.402960827 0.0250140017 8.63456455e-09 4.34088336e-08 1
LGIC_C 51 -0.593259875 -0.0141029905 0.0250140091 4.34088238e-08 8.63459484e-09 1
LGIC_C 52 0.65732199 -0.19016616 0.0250140165 -4.34088182e-08 2.48392526e-08 1
LGIC_C 53 0.37844769 -0.101427996 0.0250140022 -4.34088182e-08 2.48392526e-08 1
LGIC_C 54 -0.0297339212 -0.21363947 0.0250139941 -4.89847109e-08 5.78784581e-08 1
LGIC_C 55 0.430149711 0.523851203 0.0250140142 1.3130701e-08 4.82586573e-08 -1
LGIC_C 56 -0.148089363 -0.246617323 0.0250139951 -5.56021111e-08 -1.45571543e-08 -1
LGIC_C 57 -0.0962911213 0.41125491 0.0250140067 -3.14742797e-08 4.96100914e-08 -1
LGIC_C 58 0.491671296 -0.112390083 0.0250140074 -4.34088182e-08 2.48392526e-08 1
LGIC_C 59 -0.357206672 -0.184953428 0.0250139987 1.45571809e-08 5.5602105e-08 1
LGIC_C 60 0.124777572 0.526252288 0.0250140133 -3.14742949e-08 -4.96100822e-08 1
LGIC_C 61 -0.421299748 0.312580582 0.0250140098 4.20574045e-08 -2.81018523e-08 1
LGIC_C 62 -0.0529865789 0.381767033 0.0250140039 -3.14742797e-08 4.96100914e-08 -1
LGIC_C 63 0.26678067 -0.018607727 0.0250139966 -4.96100859e-08 9.86807898e-09 1
LGIC_C 64 -0.245477184 0.0252819642 0.0250139962 5.7878425e-08 4.89846948e-08 1
LGIC_C 65 0.00586412551 0.345494929 0.0250140004 -6.33660387e-09 4.96100877e-08 -1
LGIC_C 66 -0.224390745 -0.338085536 0.0250140012 2.45891453e-08 3.68002268e-08 1
LGIC_C 67 -0.450300682 0.418871865 0.0250140178 6.28881943e-09 -7.55636452e-08 1
LGIC_C 68 -0.700557688 -0.131780043 0.0250140101 -4.34088282e-08 2.70157287e-08 -1
LGIC_C 69 -0.64948001 -0.294776433 0.0250140144 3.68002489e-08 2.45891179e-08 1
LGIC_C 70 -0.0572474125 0.371789113 0.0250139999 8.63455111e-09 -4.34088279e-08 1
LGIC_C 72 0.128548286 0.41068962 0.0250140022 -8.63455884e-09 -4.34088253e-08 1
LGIC_C 73 -0.00845959471 0.0157535055 0.0250139841 1.31306824e-08 -4.82586643e-08 1
LGIC_C 74 0.538899095 0.491282413 0.0250140157 -4.82586616e-08 -1.31306776e-08 1
LGIC_C 75 0.518623128 -0.595766894 0.0250140179 -2.45891087e-08 3.68002429e-08 1
LGIC_C 76 -0.716009897 0.0539264626 0.0250140172 4.96100851e-08 2.90231542e-08 1
LGIC_C 77 0.332327742 -0.265908083 0.0250140039 -3.05989503e-08 3.95603122e-08 1
LGIC_C 79 -0.626994897 -0.280959876 0.0250140045 1.15916899e-08 4.97976879e-08 1
LGIC_C 80 0.731332979 0.0209046786 0.0250140152 -4.34088272e-08 -8.63453573e-09 1
LGIC_C 81 0.0642959501 0.650309913 0.0250140151 -6.33660387e-09 4.96100877e-08 -1
LGIC_C 82 0.432014831 -0.277319955 0.0250140074 -3.05989503e-08 3.95603122e-08 1
LGIC_C 83 -0.362065914 0.222850845 0.0250140037 -4.82586679e-08 1.31306769e-08 -1
LGIC_C 84 0.213284844 0.507416077 0.0250140105 1.3130701e-08 4.82586573e-08 -1
LGIC_C 85 -0.0303758335 0.0528915773 0.0250139867 1.28239438e-08 -5.73353116e-08 1
LGIC_C 87 -0.339539863 -0.221325231 0.0250140005 1.45571809e-08 5.5602105e-08 1
LGIC_C 88 -0.512309187 -0.461046224 0.0250140121 1.15916899e-08 4.97976879e-08 1
LGIC_C 89 0.232702744 -0.489233574 0.0250140099 -1.31306721e-08 4.82586744e-08 1
LGIC_C 90 -0.366515331 -0.363636764 0.0250140088 1.45571809e-08 5.5602105e-08 1
LGIC_C 91 0.173194248 0.827106666 -0.0116823131 0.194186548 0.976240951 0.0961519121
LGIC_C 92 0.192278101 -0.749550408 0.0250140192 6.33663526e-09 4.9610097e-08 1
LGIC_C 93 -0.0210404967 0.561170518 0.025014011 -6.33661298e-09 -4.96100859e-08 1
LGIC_C 94 0.171655169 -0.0165232722 0.0250139923 -4.96100802e-08 3.14742968e-08 1
LGIC_C 95 -0.325678525 -0.444178978 0.0250140078 -5.56021111e-08 -1.45571543e-08 -1
LGIC_C 96 0.266625779 -0.0913832428 0.0250139974 -4.96100859e-08 9.86807898e-09 1
LGIC_C 97 -0.418720364 0.066750165 0.0250140021 4.96100851e-08 2.90231542e-08 1
LGIC_C 98 -0.309798625 -0.618849767 0.0250140144 3.95603082e-08 3.05989652e-08 1
LGIC_C 99 0.217963567 -0.0495316811 0.0250139956 -4.96100802e-08 3.14742968e-08 1
LGIC_C 100 -0.399770869 -0.453095581 0.0250140098 2.45891453e-08 3.68002268e-08 1
LGIC_C 101 -0.351222702 0.0361448014 0.0250140011 4.96100897e-08 -9.86805572e-09 1
LGIC_C 102 -0.410285897 0.436537043 0.0250140136 1.28239438e-08 -5.73353116e-08 1
LGIC_C 103 -0.434345289 -0.0199744936 0.0250140016 -4.34088282e-08 2.70157287e-08 -1
LGIC_C 104 0.590380121 -0.208146431 0.0250140146 -4.96100859e-08 9.86807898e-09 1
LGIC_C 105 -0.289285903 0.12769705 0.0250139971 3.68002297e-08 -2.45891157e-08 1
LGIC_C 106 -0.265112122 0.751826027 0.0250140182 8.63455111e-09 -4.34088279e-08 1
LGIC_C 107 -0.654065708 -0.259323035 0.0250140139 4.34088238e-08 8.63459484e-09 1
LGIC_C 108 -0.0446107987 -0.48132197 0.0250140052 2.48392553e-08 4.34088306e-08 1
LGIC_C 110 -0.280931704 -0.716414919 0.0250140168 8.63456455e-09 4.34088336e-08 1
LGIC_C 111 -0.503662963 -0.101121188 0.0250140053 -4.96100919e-08 2.90231703e-08 -1
LGIC_C 112 0.680946748 -0.100267533 0.0250140202 -4.96100802e-08 3.14742968e-08 1
LGIC_C 113 -0.0580357153 -0.705795844 0.0250140153 2.48392553e-08 4.34088306e-08 1
LGIC_C 114 -0.346559436 0.405873529 0.025014011 1.28239438e-08 -5.73353116e-08 1
LGIC_C 115 0.461243961 -0.394670826 0.025014013 -3.05989503e-08 3.95603122e-08 1
LGIC_C 116 0.110355032 -0.473212704 0.0250140095 1.00935263e-08 5.7878447e-08 1
LGIC_C 117 -0.199577047 -0.0820516578 0.0250139897 -4.34088282e-08 2.70157287e-08 -1
LGIC_C 118 -0.318787933 -0.350348998 0.0250140061 -5.56021111e-08 -1.45571543e-08 -1
LGIC_C 119 0.0998060251 0.471587761 0.0250140076 -9.86806672e-09 -4.96100854e-08 1
LGIC_C 120 0.0164307458 0.506995714 0.0250140083 -6.33660387e-09 4.96100877e-08 -1
LGIC_C 121 -0.488568621 -0.471122901 0.0250140124 1.15916899e-08 4.97976879e-08 1
LGIC_C 122 0.623624273 -0.393607352 0.0250140159 -3.68002179e-08 2.45891393e-08 1
LGIC_C 124 0.571064418 -0.469706842 0.0250140158 -3.68002179e-08 2.45891393e-08 1
LGIC_C 125 0.133357286 -0.17459959 0.0250139934 -1.31306721e-08 4.82586744e-08 1
LGIC_C 126 0.612155618 -0.400025407 0.0250140178 -3.05989503e-08 3.95603122e-08 1
LGIC_C 127 0.205300383 -0.265670331 0.0250139987 -1.31306721e-08 4.82586744e-08 1
LGIC_C 128 0.237598827 -0.296569772 0.025014 -2.45891087e-08 3.68002429e-08 1
LGIC_C 129 0.441559359 -0.0736830377 0.025014003 -4.34088226e-08 8.63456802e-09 1
LGIC_C 130 -0.537170858 0.202837213 0.0250140083 4.34088259e-08 -8.63455061e-09 1
LGIC_C 131 0.412119875 0.189066854 0.0250140056 -4.82586616e-08 -1.31306776e-08 1
LGIC_C 132 -0.156769382 0.0575013816 0.0250139895 5.7878425e-08 4.89846948e-08 1
LGIC_C 133 -0.591246991 -0.047250022 0.0250140093 4.34088238e-08 8.63459484e-09 1
LGIC_C 134 0.226849404 -0.635805276 0.0250140128 -8.63454093e-09 4.34088369e-08 1
LGIC_C 135 -0.239352344 -0.246097404 0.0250140003 2.81018674e-08 4.20574117e-08 1
LGIC_C 136 0.4127848 -0.345897398 0.0250140069 -3.68002179e-08 2.45891393e-08 1
LGIC_C 137 0.358254176 -0.394610542 0.025014007 -1.31306721e-08 4.82586744e-08 1
LGIC_C 138 -0.675296945 -0.253154292 0.0250140062 4.96100935e-08 -4.19869172e-08 1
LGIC_C 139 0.157983296 -0.00815092104 0.0250139913 -4.96100802e-08 3.14742968e-08 1
LGIC_C 140 0.529203214 0.566472834 0.0250140171 -2.45891309e-08 -3.68002211e-08 1
LGIC_C 141 0.449059369 0.104490664 0.0250140036 -4.34088272e-08 -8.63453573e-09 1
LGIC_C 142 -0.430617502 -0.568458827 0.0250140177 3.95603082e-08 3.05989652e-08 1
LGIC_C 144 -0.468428997 -0.488482891 0.0250140164 -5.56021111e-08 -1.45571543e-08 -1
LGIC_C 145 0.214576355 0.000365566302 0.0250139939 -4.96100869e-08 6.3366408e-09 1
LGIC_C 146 0.0577327496 0.538875483 0.0250140106 -9.86806672e-09 -4.96100854e-08 1
LGIC_C 147 -0.346452915 -0.337542549 0.0250140041 1.15916899e-08 4.97976879e-08 1
LGIC_C 149 0.516958613 0.459814205 0.0250140136 -3.68002282e-08 -2.45891172e-08 1
LGIC_C 150 0.367758832 0.140976589 0.0250140006 -4.96100869e-08 6.3366408e-09 1
LGIC_C 151 -0.095430829 -0.706040502 0.0250140147 8.63456455e-09 4.34088336e-08 1
LGIC_C 152 0.284737707 0.524682598 0.0250140123 1.3130701e-08 4.82586573e-08 -1
LGIC_C 153 0.16633914 -0.208244779 0.0250139973 -1.28239349e-08 5.73353226e-08 1
LGIC_C 154 0.139141188 0.435333558 0.0250140062 -9.86806672e-09 -4.96100854e-08 1
LGIC_C 155 -0.49957453 0.142205698 0.0250140062 4.34088259e-08 -8.63455061e-09 1
LGIC_C 156 -0.274495422 0.0440291904 0.0250139956 4.34088259e-08 -8.63455061e-09 1
LGIC_C 157 -0.467256307 0.23491066 0.025014004 6.28881943e-09 -7.55636452e-08 1
LGIC_C 158 0.329422872 0.165872578 0.0250140024 3.37890593e-08 4.80634111e-08 -1
LGIC_C 159 0.788107805 0.0895100764 0.0250140182 -4.34088272e-08 -8.63453573e-09 1
LGIC_C 160 -0.335994758 -0.107143123 0.025013995 -4.34088282e-08 2.70157287e-08 -1
LGIC_C 161 -0.395099682 0.0226962605 0.0250140031 4.96100897e-08 -9.86805572e-09 1
LGIC_C 162 0.429564917 0.0661006382 0.0250140052 -4.96100911e-08 -9.86803575e-09 1
LGIC_C 163 0.345309761 -0.2268771 0.0250140041 -4.20573976e-08 2.81018683e-08 1
LGIC_C 164 0.290911179 -0.588031632 0.0250140154 -1.31306721e-08 4.82586744e-08 1
LGIC_C 165 -0.362643229 0.0205287032 0.0250140007 4.96100851e-08 2.90231542e-08 1
LGIC_C 166 -0.124534028 -0.698260173 0.0250140166 2.48392553e-08 4.34088306e-08 1
LGIC_C 167 -0.566202032 0.545088476 0.0250140175 3.68002297e-08 -2.45891157e-08 1
LGIC_C 168 -0.486257589 -0.238198121 0.0250140013 5.39043203e-09 6.47688584e-08 1
LGIC_C 169 0.668744031 -0.524249363 -0.0283064216 0.827616944 -0.552996408 0.0961517878
LGIC_C 171 -0.227677746 0.3421534 0.0250140058 1.28239438e-08 -5.73353116e-08 1
LGIC_C 172 0.266998967 0.129818892 0.0250139981 -4.20574004e-08 -2.81018564e-08 1
LGIC_C 173 0.670581572 0.31160141 0.0250140156 -3.68002282e-08 -2.45891172e-08 1
LGIC_C 174 -0.0872997844 -0.509658398 0.0250140075 2.48392553e-08 4.34088306e-08 1
LGIC_C 175 0.425191561 -0.331733194 0.0250140135 -3.37890406e-08 4.80634332e-08 1
LGIC_C 177 0.302478382 0.354514341 0.0250140067 -2.81018716e-08 -4.20573923e-08 1
LGIC_C 178 0.12250478 -0.597557077 0.0250140121 6.33663526e-09 4.9610097e-08 1
LGIC_C 180 -0.126522184 0.236209435 0.0250139968 2.8101852e-08 -4.20574041e-08 1
LGIC_C 181 -0.665693789 -0.304016211 0.0250140065 5.39043203e-09 6.47688584e-08 1
LGIC_C 183 0.677419068 0.280585589 0.0250140196 -4.82586616e-08 -1.31306776e-08 1
LGIC_C 184 0.687538587 -0.049402054 0.0250140143 -4.34088182e-08 2.48392526e-08 1
LGIC_C 185 0.379267426 -0.223546817 0.0250140037 -3.05989503e-08 3.95603122e-08 1
LGIC_C 186 -0.619027585 -0.273072681 0.0250140043 5.39043203e-09 6.47688584e-08 1
LGIC_C 188 -0.766795824 0.0615599057 0.0250140171 4.34088259e-08 -8.63455061e-09 1
LGIC_C 189 -0.551566954 0.305838098 0.0250140151 4.20574045e-08 -2.81018523e-08 1
LGIC_C 190 0.351755722 -0.698585765 0.0250140176 -2.45891087e-08 3.68002429e-08 1
LGIC_C 191 -0.468208763 -0.262505671 0.0250140028 5.39043203e-09 6.47688584e-08 1
LGIC_C 192 -0.257396887 0.0949584331 0.0250139953 4.34088259e-08 -8.63455061e-09 1
LGIC_C 193 0.21385794 0.0712704554 0.0250139945 -4.96100911e-08 -9.86803575e-09 1
LGIC_C 194 -0.720393493 0.354142046 0.0250140185 3.68002297e-08 -2.45891157e-08 1
LGIC_C 195 0.37826135 0.397801895 0.0250140106 -2.81018716e-08 -4.20573923e-08 1
LGIC_C 196 0.720318177 0.367973973 0.0250140188 -3.68002282e-08 -2.45891172e-08 1
LGIC_C 197 -0.24375802 -0.549252024 0.0250140095 2.45891453e-08 3.68002268e-08 1
LGIC_C 198 0.502464 -0.0702325351 0.0250140057 -4.34088226e-08 8.63456802e-09 1
LGIC_C 199 0.667216945 0.224284337 0.0250140149 -4.96100869e-08 6.3366408e-09 1
LGIC_C 200 0.699061832 -0.314948051 0.0250140167 -3.68002179e-08 2.45891393e-08 1
LGIC_C 201 0.228705099 0.118247517 0.0250139962 -4.20574004e-08 -2.81018564e-08 1
LGIC_C 202 -0.0202572036 -0.348992703 0.0250139989 2.48392553e-08 4.34088306e-08 1
LGIC_C 203 -0.168837356 -0.000987130054 0.0250139916 4.96100935e-08 -4.19869172e-08 1
LGIC_C 204 -0.4041733 0.558049269 0.0250140181 2.8101852e-08 -4.20574041e-08 1
LGIC_C 205 -0.0563336054 0.249276289 0.0250139962 9.86805557e-09 -4.96100883e-08 1
LGIC_C 206 0.681595422 -0.354090052 0.025014017 -3.68002179e-08 2.45891393e-08 1
LGIC_C 207 -0.146035286 -0.458660101 0.0250140026 -4.89847109e-08 5.78784581e-08 1
LGIC_C 208 -0.4641102 0.426285428 0.0250140113 -4.82586679e-08 1.31306769e-08 -1
LGIC_C 209 -0.0301087002 0.00252146039 0.0250139876 -1.38908237e-07 2.76305608e-08 -1
LGIC_C 210 0.101905774 0.277422445 0.025013998 -9.86806672e-09 -4.96100854e-08 1
LGIC_C 212 -0.386364155 -0.561472387 0.0250140129 -5.56021111e-08 -1.45571543e-08 -1
LGIC_C 213 0.349985359 -0.385791598 0.0250140093 -2.81018481e-08 4.20574137e-08 1
LGIC_C 214 0.46338094 -0.0892714953 0.0250140041 -4.34088226e-08 8.63456802e-09 1
LGIC_C 215 -0.515456812 -0.0245653417 0.0250140058 4.34088238e-08 8.63459484e-09 1
LGIC_C 216 0.158651234 -0.212094926 0.0250139955 -1.31306721e-08 4.82586744e-08 1
LGIC_C 217 0.456737677 -0.364214725 0.0250140162 -3.37890406e-08 4.80634332e-08 1
LGIC_C 218 -0.286259393 0.485000261 0.0250140104 1.31306824e-08 -4.82586643e-08 1
LGIC_C 219 -0.267470644 -0.441318782 0.0250140073 3.95603082e-08 3.05989652e-08 1
LGIC_C 220 -0.72807268 -0.302206925 0.0250140175 3.68002489e-08 2.45891179e-08 1
LGIC_C 221 0.653369131 -0.430955403 0.0250140179 -3.68002179e-08 2.45891393e-08 1
LGIC_C 222 -0.524103439 -0.213507638 0.0250140032 5.7878436e-08 -4.89847332e-08 1
LGIC_C 223 0.215865325 0.383159366 0.0250140066 -4.80634192e-08 -3.37890445e-08 1
LGIC_C 224 -0.387421946 0.0459918169 0.0250140011 4.96100851e-08 2.90231542e-08 1
LGIC_C 225 0.214871731 -0.667169808 0.025014014 -8.63454093e-09 4.34088369e-08 1
LGIC_C 226 0.385824917 -0.153195029 0.0250140013 -4.34088226e-08 8.63456802e-09 1
LGIC_C 227 -0.17358436 0.485198088 0.0250140058 8.63455111e-09 -4.34088279e-08 1
LGIC_C 228 0.256018015 -0.318309596 0.025014002 -1.31306721e-08 4.82586744e-08 1
LGIC_C 229 -0.528543793 -0.0659015936 0.0250140068 4.34088238e-08 8.63459484e-09 1
LGIC_C 230 -0.671153503 -0.172588489 0.0250140077 -4.34088282e-08 2.70157287e-08 -1
LGIC_C 231 0.562436124 0.233765262 0.0250140135 -4.20574004e-08 -2.81018564e-08 1
LGIC_C 232 -0.322058594 0.797293647 -0.0109762883 -0.194186261 0.976241022 0.0961517721
LGIC_C 233 0.309745451 0.252364996 0.0250140015 -4.82586616e-08 -1.31306776e-08 1
LGIC_C 234 0.000640453912 -0.434671641 0.0250140021 -8.63454093e-09 4.34088369e-08 1
LGIC_C 235 0.370804298 0.450254871 0.0250140126 -2.81018716e-08 -4.20573923e-08 1
LGIC_C 236 0.283177623 0.00905365251 0.0250139972 -4.96100869e-08 6.3366408e-09 1
LGIC_C 239 0.488081872 -0.209651526 0.0250140096 -4.20573976e-08 2.81018683e-08 1
LGIC_C 240 0.134568597 -0.245269102 0.025013999 -1.28239349e-08 5.73353226e-08 1
LGIC_C 241 -0.16190215 0.198506407 0.0250139962 2.8101852e-08 -4.20574041e-08 1
LGIC_C 242 0.604205591 -0.316399533 0.0250140188 -3.37890406e-08 4.80634332e-08 1
LGIC_C 243 -0.656775748 0.249755783 0.0250140183 4.96100897e-08 -9.86805572e-09 1
LGIC_C 246 0.388906995 0.389856286 0.0250140072 -2.45891309e-08 -3.68002211e-08 1
LGIC_C 247 -0.467317414 0.631721769 0.025014018 2.45891128e-08 -3.68002333e-08 1
LGIC_C 248 0.107748226 -0.0731498352 0.025013989 -3.68002179e-08 2.45891393e-08 1
LGIC_C 249 0.509632411 -0.0484469404 0.02501401 -4.96100802e-08 3.14742968e-08 1
LGIC_C 250 0.243819621 0.546520852 0.0250140134 -4.80634192e-08 -3.37890445e-08 1
LGIC_C 251 0.017158833 0.572198528 0.0250140115 -6.33660387e-09 4.96100877e-08 -1
LGIC_C 252 0.173073619 0.522579137 0.0250140146 -3.14742949e-08 -4.96100822e-08 1
LGIC_C 253 0.50068239 0.272656244 0.025014011 -4.82586616e-08 -1.31306776e-08 1
LGIC_C 255 -0.711203903 -0.0974013745 0.0250140115 -4.34088282e-08 2.70157287e-08 -1
LGIC_C 256 -0.314276188 0.567128252 0.0250140119 2.45891128e-08 -3.68002333e-08 1
LGIC_C 257 0.308896217 0.321779671 0.0250140027 -2.45891309e-08 -3.68002211e-08 1
LGIC_C 258 -0.312622261 0.575931248 0.0250140122 2.45891128e-08 -3.68002333e-08 1
LGIC_C 260 -0.0440482302 -0.584865806 0.0250140127 9.8680833e-09 4.96100963e-08 1
LGIC_C 261 0.0828216561 0.645563839 0.025014012 -8.63455884e-09 -4.34088253e-08 1
LGIC_C 262 -0.349666685 0.382499566 0.0250140063 1.31306824e-08 -4.82586643e-08 1
LGIC_C 263 -0.681074911 -0.14441662 0.0250140089 -4.34088282e-08 2.70157287e-08 -1
LGIC_C 264 0.420924818 -0.370745311 0.0250140078 -3.68002179e-08 2.45891393e-08 1
LGIC_C 265 0.198935734 -0.0243929585 0.025013995 -5.78784275e-08 1.15127558e-08 1
LGIC_C 266 -0.153070338 -0.333916564 0.0250139995 3.95603082e-08 3.05989652e-08 1
LGIC_C 267 -0.310774354 -0.259758969 0.0250140022 1.45571809e-08 5.5602105e-08 1
LGIC_C 268 -0.035805646 -0.511067217 0.0250140075 -2.90231482e-08 4.96101036e-08 1
LGIC_C 269 -0.0764099857 0.577944744 0.0250140115 -6.33661298e-09 -4.96100859e-08 1
LGIC_C 271 -0.478390877 -0.409571329 0.0250140109 3.68002489e-08 2.45891179e-08 1
LGIC_C 272 -0.347895228 0.243912298 0.0250140033 -4.82586679e-08 1.31306769e-08 -1
LGIC_C 273 0.74070895 -0.196681568 0.0250140203 -4.34088182e-08 2.48392526e-08 1
LGIC_C 274 -0.333127263 0.428283462 0.0250140072 2.45891128e-08 -3.68002333e-08 1
LGIC_C 275 -0.00301058849 -0.484432372 0.0250140043 2.48392553e-08 4.34088306e-08 1
LGIC_C 276 -0.0993241786 -0.455454445 0.0250140029 -2.90231482e-08 4.96101036e-08 1
LGIC_C 278 0.350275788 0.306820926 0.0250140037 -3.68002282e-08 -2.45891172e-08 1
LGIC_C 279 0.133250731 -0.0206021942 0.0250139892 -4.34088226e-08 8.63456802e-09 1
LGIC_C 280 -0.250288734 -0.168428108 0.0250139962 1.45571809e-08 5.5602105e-08 1
LGIC_C 281 0.433699222 0.482436613 0.0250140204 -4.80634192e-08 -3.37890445e-08 1
LGIC_C 282 -0.259399914 -0.444350331 0.0250140071 3.95603082e-08 3.05989652e-08 1
LGIC_C 283 -0.268797153 -0.485335149 0.0250140066 7.55636799e-08 6.2887973e-09 1
LGIC_C 284 0.230318466 -0.759427559 0.0250140182 -8.63454093e-09 4.34088369e-08 1
LGIC_C 286 -0.597133107 0.00849123733 0.0250140126 4.96100851e-08 2.90231542e-08 1
LGIC_C 287 -0.0645342625 -0.1261365 0.0250139895 2.45891453e-08 3.68002268e-08 1
LGIC_C 288 0.0431934415 -0.426164332 0.0250140041 6.33663526e-09 4.9610097e-08 1
LGIC_C 289 0.0310917489 -0.00489795376 0.0250139846 -4.34088226e-08 8.63456802e-09 1
LGIC_C 290 -0.375832883 -0.540034421 0.0250140165 2.81018674e-08 4.20574117e-08 1
LGIC_C 291 -0.514650118 0.424309397 0.0250140126 3.68002297e-08 -2.45891157e-08 1
LGIC_C 292 0.387496358 0.402322055 0.0250140111 -2.81018716e-08 -4.20573923e-08 1
LGIC_C 293 -0.683901383 -0.0716042981 0.0250140151 -4.96100919e-08 2.90231703e-08 -1
LGIC_C 295 -0.186128924 0.127289661 0.0250139941 6.28881943e-09 -7.55636452e-08 1
LGIC_C 296 0.504092711 0.237997385 0.0250140111 -4.20574004e-08 -2.81018564e-08 1
LGIC_C 297 0.0410808569 0.352468499 0.0250139989 -8.63455884e-09 -4.34088253e-08 1
LGIC_C 298 0.214822136 -0.532041698 0.0250140117 -9.86804037e-09 4.96101e-08 1
LGIC_C 299 -0.0263319825 -0.366407562 0.0250140017 9.8680833e-09 4.96100963e-08 1
LGIC_C 300 0.353590042 -0.0462592392 0.0250139997 -4.34088182e-08 2.48392526e-08 1
LGIC_C 301 0.147424406 0.395181305 0.0250140017 -8.63455884e-09 -4.34088253e-08 1
LGIC_C 302 0.390912344 0.358677627 0.0250140098 -4.20574004e-08 -2.81018564e-08 1
LGIC_C 303 -0.0152735074 0.363103453 0.0250140014 9.86805557e-09 -4.96100883e-08 1
LGIC_C 304 -0.130976923 0.321188218 0.0250139984 -6.33661298e-09 -4.96100859e-08 1
LGIC_C 305 -0.431293614 0.268721459 0.0250140057 3.68002297e-08 -2.45891157e-08 1
LGIC_C 306 0.207774956 0.0945928736 0.0250139948 3.37890593e-08 4.80634111e-08 -1
LGIC_C 307 -0.43179813 0.270747776 0.0250140077 -4.82586679e-08 1.31306769e-08 -1
LGIC_C 308 0.655599551 -0.307065157 0.0250140149 -3.68002179e-08 2.45891393e-08 1
LGIC_C 309 0.129603406 0.120662509 0.025013991 -3.68002282e-08 -2.45891172e-08 1
LGIC_C 310 0.154874113 0.821038634 0.0250140202 -8.63455884e-09 -4.34088253e-08 1
LGIC_C 311 0.593426227 0.595405164 0.0250140198 -2.45891309e-08 -3.68002211e-08 1
LGIC_C 312 0.271953478 0.213102161 0.0250140007 -4.20574004e-08 -2.81018564e-08 1
LGIC_C 313 0.682620967 0.321724583 0.0250140163 -3.68002282e-08 -2.45891172e-08 1
LGIC_C 314 -0.225805423 0.539150799 0.0250140087 2.45891128e-08 -3.68002333e-08 1
LGIC_C 315 -0.0587388944 0.00902557613 0.0250139863 4.96100897e-08 -9.86805572e-09 1
LGIC_C 318 -0.195998561 -0.384624653 0.0250139998 -5.56021111e-08 -1.45571543e-08 -1
LGIC_C 319 -0.497121876 -0.0982451686 0.0250140022 -4.34088282e-08 2.70157287e-08 -1
LGIC_C 320 0.365555959 0.609874486 0.0250140192 -2.81018716e-08 -4.20573923e-08 1
LGIC_C 322 0.596250094 0.246938509 0.0250140153 -4.82586616e-08 -1.31306776e-08 1
LGIC_C 323 -0.324220338 -0.597738836 0.0250140175 2.81018674e-08 4.20574117e-08 1
LGIC_C 324 0.0395629153 0.698901541 0.0250140177 -6.33660387e-09 4.96100877e-08 -1
LGIC_C 325 0.48341169 0.611402826 0.0250140176 -2.45891309e-08 -3.68002211e-08 1
LGIC_C 326 0.220079925 0.685721906 0.0250140159 -6.33660387e-09 4.96100877e-08 -1
LGIC_C 327 -0.324373489 -0.0523710414 0.0250139978 -4.96100919e-08 2.90231703e-08 -1
LGIC_C 328 -0.453620705 0.0796862337 0.0250140049 4.34088279e-08 -2.48392273e-08 1
LGIC_C 329 0.623574293 -0.188871055 0.025014016 -4.96100859e-08 9.86807898e-09 1
LGIC_C 330 0.352224703 -0.0468586366 0.0250140022 -4.96100802e-08 3.14742968e-08 1
LGIC_C 331 0.201197047 -0.12411484 0.0250139943 -3.05989503e-08 3.95603122e-08 1
LGIC_C 332 -0.0131528907 -0.399244941 0.0250140032 9.8680833e-09 4.96100963e-08 1
LGIC_C 333 0.547397318 0.175026042 0.0250140085 -4.34088272e-08 -8.63453573e-09 1
LGIC_C 334 0.214328983 0.746784465 0.0250140175 -8.63455884e-09 -4.34088253e-08 1
LGIC_C 335 0.189999127 0.529021556 0.0250140079 -8.63455884e-09 -4.34088253e-08 1
LGIC_C 336 -0.672654556 0.00379686458 0.0250140126 4.34088279e-08 -2.48392273e-08 1
LGIC_C 337 -0.0187972681 -0.0162099841 0.0250139844 5.39043203e-09 6.47688584e-08 1
LGIC_C 338 -0.236311473 0.334770726 0.0250140014 2.45891128e-08 -3.68002333e-08 1
LGIC_C 339 0.124448671 -0.191500558 0.0250139941 -1.31306721e-08 4.82586744e-08 1
LGIC_C 340 -0.289212656 0.554836783 0.0250140147 2.8101852e-08 -4.20574041e-08 1
LGIC_C 341 -0.00853400125 -0.737461666 0.0250140153 8.63456455e-09 4.34088336e-08 1
LGIC_C 342 -0.79825529 -0.0844353414 0.0250140156 -4.34088282e-08 2.70157287e-08 -1
LGIC_C 343 0.213708871 0.471383582 0.0250140088 1.3130701e-08 4.82586573e-08 -1
LGIC_C 344 -0.118622772 0.00724484571 0.0250139898 5.7878425e-08 4.89846948e-08 1
LGIC_C 346 0.343684199 0.329728716 0.025014004 -3.68002282e-08 -2.45891172e-08 1
LGIC_C 347 0.469632399 -0.143824554 0.0250140079 -4.96100859e-08 9.86807898e-09 1
LGIC_C 349 -0.209212383 -0.509876916 0.0250140024 -2.90231482e-08 4.96101036e-08 1
LGIC_C 350 -0.289922493 0.404537477 0.0250140053 2.45891128e-08 -3.68002333e-08 1
LGIC_C 352 -0.184789354 -0.27408115 0.025013999 3.95603082e-08 3.05989652e-08 1
LGIC_C 353 -0.323204335 0.158216546 0.0250140013 4.20574045e-08 -2.81018523e-08 1
LGIC_C 354 0.182834544 0.214458577 0.0250139974 -2.81018716e-08 -4.20573923e-08 1
LGIC_C 355 0.0691714384 -0.518107294 0.0250140125 1.00935263e-08 5.7878447e-08 1
LGIC_C 356 0.096386701 0.682804512 0.0250140137 -8.63455884e-09 -4.34088253e-08 1
LGIC_C 357 0.706969599 0.191276334 0.0250140171 -4.96100869e-08 6.3366408e-09 1
LGIC_C 358 0.104227416 -0.0702692908 0.0250139906 -4.90669481e-08 3.27855328e-08 1
LGIC_C 359 -0.278921471 0.218805159 0.0250140016 6.28881943e-09 -7.55636452e-08 1
LGIC_C 360 -0.485065649 0.442757968 0.0250140125 -4.82586679e-08 1.31306769e-08 -1
LGIC_C 361 0.608748358 -0.126127738 0.0250140147 -4.96100859e-08 9.86807898e-09 1
LGIC_C 362 -0.453249304 -0.0958626039 0.025014003 -4.96100919e-08 2.90231703e-08 -1
LGIC_C 363 -0.302133767 0.399237426 0.0250140065 1.31306824e-08 -4.82586643e-08 1
LGIC_C 365 0.585656519 -0.402766804 0.0250140192 -4.20573976e-08 2.81018683e-08 1
LGIC_C 366 -0.320550655 -0.702979302 0.0250140174 3.95603082e-08 3.05989652e-08 1
LGIC_C 367 0.407596775 -0.0989512781 0.0250140034 -4.34088182e-08 2.48392526e-08 1
LGIC_C 368 -0.149763491 -0.371254792 0.0250140031 2.48392553e-08 4.34088306e-08 1
LGIC_C 369 -0.122489685 -0.655370637 0.0250140122 -2.90231482e-08 4.96101036e-08 1
LGIC_C 370 -0.293257522 -0.615924446 0.0250140131 2.45891453e-08 3.68002268e-08 1
LGIC_C 371 0.264129265 0.00907021488 0.0250139948 -4.34088272e-08 -8.63453573e-09 1
LGIC_C 372 -0.010490448 0.408231615 0.0250140011 8.63455111e-09 -4.34088279e-08 1
LGIC_C 373 -0.694888037 0.475050325 0.0203126297 -0.827617296 0.552995934 0.0961514895
LGIC_C 374 0.020642501 -0.16094465 0.0250139911 6.33663526e-09 4.9610097e-08 1
LGIC_C 375 0.159473279 -0.671000393 0.0250140205 1.00935263e-08 5.7878447e-08 1
LGIC_C 376 0.386698903 0.380572688 0.0250140102 -4.20574004e-08 -2.81018564e-08 1
LGIC_C 377 0.284779822 0.135591592 0.0250139971 -3.68002282e-08 -2.45891172e-08 1
LGIC_C 378 -0.574270052 0.0495824597 0.0250140103 4.96100851e-08 2.90231542e-08 1
LGIC_C 379 -0.0480399958 -0.474580849 0.0250140073 9.8680833e-09 4.96100963e-08 1
LGIC_C 380 0.125188988 0.596349288 0.0250140141 -9.86806672e-09 -4.96100854e-08 1
LGIC_C 381 0.00514072602 0.647930264 0.0250140155 -9.86806672e-09 -4.96100854e-08 1
LGIC_C 382 0.537608725 -0.288661798 0.0250140153 -3.37890406e-08 4.80634332e-08 1
LGIC_C 384 -0.456096121 -0.444411698 0.0250140197 6.28883752e-09 7.55636663e-08 1
LGIC_C 386 0.479078931 -0.420198349 0.0250140112 -3.68002179e-08 2.45891393e-08 1
LGIC_C 387 0.538819568 -0.233649502 0.0250140127 -3.37890406e-08 4.80634332e-08 1
LGIC_C 388 -0.00788731745 0.426988605 0.0250140047 -3.14742797e-08 4.96100914e-08 -1
LGIC_C 390 0.53576722 -0.0914871172 0.0250140088 -4.34088182e-08 2.48392526e-08 1
LGIC_C 392 -0.207894652 -0.543856299 0.0250140042 -2.90231482e-08 4.96101036e-08 1
LGIC_C 393 -0.0353959299 -0.266376893 0.0250139951 8.63456455e-09 4.34088336e-08 1
LGIC_C 395 0.347815919 0.384092614 0.0250140064 1.3130701e-08 4.82586573e-08 -1
LGIC_C 396 0.241503311 0.392508325 0.0250140054 1.3130701e-08 4.82586573e-08 -1
LGIC_C 397 -0.64559419 0.255220104 0.0250140135 4.34088259e-08 -8.63455061e-09 1
LGIC_C 398 -0.561119799 0.242786781 0.0250140139 3.37890593e-08 -4.80634052e-08 1
LGIC_C 399 0.585022375 -0.169732593 0.0250140176 -4.96100802e-08 3.14742968e-08 1
NT 7181 1.30587754 -5.21212181 -1.09771683 0 0 0
NT 7817 -0.15124127 5.31834623 -0.81860687 0 0 0
LGIC_O 4402 -0.0345878633 0.265675272 0.025013999 1.15127271e-08 -5.78784352e-08 1
LGIC_O 4401 -0.1840676 0.0972239463 0.0250139942 3.37890593e-08 -4.80634052e-08 1
LGIC_O 4400 -0.175025146 0.0137516014 0.0250139927 5.7878425e-08 4.89846948e-08 1
LGIC_O 8441 0.636913646 -0.12672076 0.0250140188 -4.96100802e-08 3.14742968e-08 1
LGIC_O 8440 0.314831804 -0.521242477 0.0250140191 -3.27854948e-08 4.90669785e-08 1
LGIC_O 8439 0.567487089 -0.204519113 0.0250140184 -5.78784275e-08 1.15127558e-08 1
LGIC_O 8438 -0.495463838 -0.478991786 0.0250140171 1.45571809e-08 5.5602105e-08 1
LGIC_O 8437 -0.0865332912 0.0753896135 0.0250139898 3.37890593e-08 -4.80634052e-08 1
LGIC_O 8436 0.281965125 0.349247805 0.0250140096 -3.27855134e-08 -4.90669575e-08 1
LGIC_O 8435 -0.281577291 0.489075666 0.0250140165 3.27854968e-08 -4.90669676e-08 1
LGIC_O 8434 -0.605092982 -0.110313414 0.0250140129 5.7878436e-08 -4.89847332e-08 1
LGIC_O 8433 0.701586212 -0.0117142491 0.0250140184 -4.96100802e-08 3.14742968e-08 1
LGIC_O 8432 0.426050556 0.664856809 0.0250140182 -2.45891309e-08 -3.68002211e-08 1
LGIC_O 8431 -0.53569519 -0.176489801 0.025014008 4.34088238e-08 8.63459484e-09 1
LGIC_O 8430 -0.206044735 -0.180448528 0.0250139982 6.28883752e-09 7.55636663e-08 1
LGIC_O 8429 0.342033035 -0.34268384 0.0250140113 -3.27854948e-08 4.90669785e-08 1
LGIC_O 8428 0.576112066 -0.314703408 0.0250140178 -3.37890406e-08 4.80634332e-08 1
LGIC_O 8427 0.236726308 -0.318077646 0.0250140066 -3.27854948e-08 4.90669785e-08 1
LGIC_O 8426 -0.0976488914 -0.110862836 0.0250139913 7.55636799e-08 6.2887973e-09 1
LGIC_O 8425 0.534646383 -0.195059479 0.0250140164 -5.78784275e-08 1.15127558e-08 1
LGIC_O 8424 0.219544679 -0.315091025 0.0250140059 -3.27854948e-08 4.90669785e-08 1
LGIC_O 8423 -0.608846757 -0.593779315 0.0250140203 3.68002489e-08 2.45891179e-08 1
LGIC_O 8422 0.564815598 -0.372450199 0.0250140202 -3.37890406e-08 4.80634332e-08 1
LGIC_O 8421 0.550750457 0.0902902064 0.0250140162 -5.78784335e-08 -1.15127284e-08 1
LGIC_O 8420 0.175418091 0.0610257495 0.0250139941 -5.78784335e-08 -1.15127284e-08 1
LGIC_O 8419 0.142777714 0.100831833 0.0250139936 -4.90669739e-08 -3.27854893e-08 1
LGIC_O 4418 0.0575220985 -0.190210297 0.0250139949 -1.15127059e-08 5.78784511e-08 1
LGIC_O 4417 -0.118754336 -0.170834128 0.0250139938 2.81018674e-08 4.20574117e-08 1
LGIC_O 4416 0.593239316 0.0786534269 0.0250140185 -5.78784335e-08 -1.15127284e-08 1
LGIC_O 4415 0.0853954366 -0.420999761 0.0250140086 -1.15127059e-08 5.78784511e-08 1
LGIC_O 4414 -0.374457097 -0.228026162 0.0250140026 3.68002489e-08 2.45891179e-08 1
LGIC_O 4413 0.577482781 -0.285169834 0.0250140164 -3.37890406e-08 4.80634332e-08 1
LGIC_O 4412 -0.484325859 0.306166979 0.0250140144 3.37890593e-08 -4.80634052e-08 1
LGIC_O 4411 0.44777829 -0.0963194904 0.0250140103 -5.78784275e-08 1.15127558e-08 1
LGIC_O 4410 0.28281874 -0.503567977 0.0250140172 -3.27854948e-08 4.90669785e-08 1
LGIC_O 4409 -0.116204576 -0.152585731 0.025013993 7.55636799e-08 6.2887973e-09 1
LGIC_O 4408 -0.333519821 0.289166147 0.0250140084 3.37890593e-08 -4.80634052e-08 1
LGIC_O 4407 -0.148720782 -0.636306108 0.0250140163 9.8680833e-09 4.96100963e-08 1
LGIC_O 4406 0.336173082 -0.328141715 0.0250140105 -4.90669481e-08 3.27855328e-08 1
LGIC_O 4405 -0.249510429 -0.168914007 0.0250139976 6.28883752e-09 7.55636663e-08 1
LGIC_O 4404 0.0811982327 0.141649416 0.0250139929 -3.27855134e-08 -4.90669575e-08 1
LGIC_O 4403 0.0533120499 -0.19689515 0.0250139952 -1.15127059e-08 5.78784511e-08 1
