LGIC_C 0 0.511274043 0.212477914 0.0250140107 3.37890593e-08 4.80634111e-08 -1
LGIC_C 1 -0.325020615 0.0569060814 0.0250139979 4.34088259e-08 -8.63455061e-09 1
LGIC_C 2 -0.552772142 0.159279715 0.0250140123 4.96100897e-08 -9.86805572e-09 1
LGIC_C 3 0.253810579 -0.666443867 0.0250140188 -9.86804037e-09 4.96101e-08 1
LGIC_C 4 -0.453073235 -0.218224556 0.0250140026 6.28883752e-09 7.55636663e-08 1
LGIC_C 5 0.074136366 -0.542512476 0.0250140139 1.00935263e-08 5.7878447e-08 1
LGIC_C 6 -0.355644231 0.518521871 0.0250140176 1.28239438e-08 -5.73353116e-08 1
LGIC_C 7 -0.719497078 0.440854722 0.00516113655 -0.827617296 0.552995934 0.0961514895
LGIC_C 8 -0.119480506 0.340163007 0.0250139991 8.63455111e-09 -4.34088279e-08 1
LGIC_C 9 -0.468619197 -0.258576351 0.0250140057 6.28883752e-09 7.55636663e-08 1
LGIC_C 10 -0.38397601 -0.613534503 0.0250140172 3.95603082e-08 3.05989652e-08 1
LGIC_C 11 0.199459328 0.558966101 0.0250140097 -6.33660387e-09 4.96100877e-08 -1
LGIC_C 12 0.419768565 0.220093048 0.0250140111 -4.90669739e-08 -3.27854893e-08 1
LGIC_C 13 0.733764745 -0.0703940402 0.0250140203 -4.96100859e-08 9.86807898e-09 1
LGIC_C 14 0.671876843 0.269241536 0.0250140149 -4.96100869e-08 6.3366408e-09 1
LGIC_C 15 -0.476378533 -0.362513813 0.0250140093 5.39043203e-09 6.47688584e-08 1
LGIC_C 16 0.618516924 -0.161522588 0.0250140155 -4.96100859e-08 9.86807898e-09 1
LGIC_C 17 -0.539153443 0.395959889 0.0250140145 -4.82586679e-08 1.31306769e-08 -1
LGIC_C 18 0.289656155 -0.46616043 0.025014011 -2.81018481e-08 4.20574137e-08 1
LGIC_C 21 -0.0109802916 -0.189311799 0.0250139923 -2.90231482e-08 4.96101036e-08 1
LGIC_C 22 0.151886829 0.593010522 0.0250140142 -9.86806672e-09 -4.96100854e-08 1
LGIC_C 23 -0.479803803 0.433846248 0.0250140116 3.68002297e-08 -2.45891157e-08 1
LGIC_C 24 0.163463418 0.414745477 0.0250140055 -9.86806672e-09 -4.96100854e-08 1
LGIC_C 25 0.32355989 -0.0421422707 0.0250139976 -4.34088226e-08 8.63456802e-09 1
LGIC_C 27 -0.268049912 0.524088478 0.0250140178 3.27854968e-08 -4.90669676e-08 1
LGIC_C 28 0.688681892 0.0751212181 0.0250140138 -4.34088272e-08 -8.63453573e-09 1
LGIC_C 30 0.637833872 0.176319806 0.0250140138 -4.96100869e-08 6.3366408e-09 1
LGIC_C 31 -0.387675423 -0.413452413 0.0250140112 3.95603082e-08 3.05989652e-08 1
LGIC_C 32 0.0586649244 0.126165921 0.0250139902 -2.81018716e-08 -4.20573923e-08 1
LGIC_C 33 -0.0442906637 0.656414427 0.0250140121 8.63455111e-09 -4.34088279e-08 1
LGIC_C 35 -0.181678952 -0.477399634 0.0250140016 -2.90231482e-08 4.96101036e-08 1
LGIC_C 36 0.477070431 -0.599906294 0.025014017 -2.45891087e-08 3.68002429e-08 1
LGIC_C 37 0.0825844787 0.825420854 0.0250140198 -8.63455884e-09 -4.34088253e-08 1
LGIC_C 38 0.773382355 -0.342439164 0.0250140204 -3.05989503e-08 3.95603122e-08 1
LGIC_C 39 0.688199669 0.3006084 0.025014016 -3.68002282e-08 -2.45891172e-08 1
LGIC_C 40 -0.70781374 0.00729149771 0.0250140142 4.34088279e-08 -2.48392273e-08 1
LGIC_C 41 -0.519998803 0.603534194 0.0250140183 2.45891128e-08 -3.68002333e-08 1
LGIC_C 42 -0.267300418 -0.653163849 0.0250140139 8.63456455e-09 4.34088336e-08 1
LGIC_C 43 -0.579202171 -0.493282784 0.0250140145 1.15916899e-08 4.97976879e-08 1
LGIC_C 44 0.345782339 0.540750412 0.0250140139 1.3130701e-08 4.82586573e-08 -1
LGIC_C 45 -0.017030311 -0.246943168 0.0250139944 2.48392553e-08 4.34088306e-08 1
LGIC_C 46 -0.207586517 -0.17488009 0.0250139957 5.39043203e-09 6.47688584e-08 1
LGIC_C 47 0.499777624 -0.181383393 0.0250140142 -5.78784275e-08 1.15127558e-08 1
LGIC_C 48 -0.114178299 -0.403190968 0.0250140017 8.63456455e-09 4.34088336e-08 1
LGIC_C 51 -0.596050397 -0.00798984086 0.0250140092 4.34088238e-08 8.63459484e-09 1
LGIC_C 52 0.681765842 -0.16813862 0.025014017 -4.34088182e-08 2.48392526e-08 1
LGIC_C 53 0.310215032 -0.0955636624 0.0250139991 -4.34088182e-08 2.48392526e-08 1
LGIC_C 54 -0.0495495598 -0.223927172 0.0250139937 -4.89847109e-08 5.78784581e-08 1
LGIC_C 55 0.454645374 0.45839875 0.0250140113 -2.45891309e-08 -3.68002211e-08 1
LGIC_C 56 -0.145252828 -0.227146529 0.0250139946 -5.56021111e-08 -1.45571543e-08 -1
LGIC_C 57 -0.0990505081 0.408183102 0.0250140066 -3.14742797e-08 4.96100914e-08 -1
LGIC_C 58 0.474117695 -0.082011553 0.0250140058 -4.34088182e-08 2.48392526e-08 1
LGIC_C 59 -0.361511452 -0.207008688 0.025014 1.45571809e-08 5.5602105e-08 1
LGIC_C 60 0.118405698 0.525668145 0.0250140131 -3.14742949e-08 -4.96100822e-08 1
LGIC_C 61 -0.400525085 0.348613494 0.0250140099 4.20574045e-08 -2.81018523e-08 1
LGIC_C 62 -0.0307348807 0.425617072 0.0250140054 -3.14742797e-08 4.96100914e-08 -1
LGIC_C 63 0.226443239 -0.0113853617 0.0250139946 -4.96100859e-08 9.86807898e-09 1
LGIC_C 64 -0.225255009 0.0134317202 0.0250139956 5.7878425e-08 4.89846948e-08 1
LGIC_C 65 0.00130321104 0.338192138 0.025014 -6.33660387e-09 4.96100877e-08 -1
LGIC_C 66 -0.236937438 -0.346296916 0.0250140018 2.45891453e-08 3.68002268e-08 1
LGIC_C 67 -0.456292365 0.411565947 0.0250140172 6.28881943e-09 -7.55636452e-08 1
LGIC_C 68 -0.67831845 -0.121052809 0.0250140094 -4.34088282e-08 2.70157287e-08 -1
LGIC_C 69 -0.695279771 -0.363289053 0.0250140178 3.68002489e-08 2.45891179e-08 1
LGIC_C 70 -0.0554055035 0.363975221 0.0250139995 8.63455111e-09 -4.34088279e-08 1
LGIC_C 72 0.151391431 0.396893009 0.025014002 -6.33660387e-09 4.96100877e-08 -1
LGIC_C 73 -0.0140361243 0.0110498874 0.0250139841 -4.82586679e-08 1.31306769e-08 -1
LGIC_C 74 0.529874142 0.506579053 0.0250140155 -4.82586616e-08 -1.31306776e-08 1
LGIC_C 75 0.560935222 -0.591822663 0.0250140188 -2.45891087e-08 3.68002429e-08 1
LGIC_C 76 -0.678440692 0.0278782564 0.0250140161 4.96100851e-08 2.90231542e-08 1
LGIC_C 77 0.351023719 -0.189896224 0.0250140015 -3.05989503e-08 3.95603122e-08 1
LGIC_C 79 -0.580934592 -0.263215668 0.0250140031 1.15916899e-08 4.97976879e-08 1
LGIC_C 80 0.739960787 -0.00724996478 0.0250140154 -4.34088226e-08 8.63456802e-09 1
LGIC_C 81 0.0568325092 0.697898235 0.0250140175 -6.33660387e-09 4.96100877e-08 -1
LGIC_C 82 0.466387399 -0.306420355 0.0250140096 -3.05989503e-08 3.95603122e-08 1
LGIC_C 83 -0.338459687 0.23851817 0.0250140027 -4.82586679e-08 1.31306769e-08 -1
LGIC_C 84 0.218320963 0.518436576 0.0250140112 -2.81018716e-08 -4.20573923e-08 1
LGIC_C 85 -0.0781744783 0.0816797364 0.025013989 1.28239438e-08 -5.73353116e-08 1
LGIC_C 87 -0.32852657 -0.234326692 0.025014001 1.45571809e-08 5.5602105e-08 1
LGIC_C 88 -0.600056308 -0.499882647 0.0250140151 1.15916899e-08 4.97976879e-08 1
LGIC_C 89 0.2444312 -0.49291999 0.0250140102 -1.31306721e-08 4.82586744e-08 1
LGIC_C 90 -0.355602372 -0.303510822 0.0250140053 1.45571809e-08 5.5602105e-08 1
LGIC_C 91 0.1827727 0.784316889 0.0250140189 -8.63455884e-09 -4.34088253e-08 1
LGIC_C 92 0.267980641 -0.736079383 0.0250140181 6.33663526e-09 4.9610097e-08 1
LGIC_C 93 -0.073215773 0.603647094 0.0250140127 -6.33661298e-09 -4.96100859e-08 1
LGIC_C 94 0.160694115 -0.0347404141 0.0250139923 -4.96100802e-08 3.14742968e-08 1
LGIC_C 95 -0.318753193 -0.464755684 0.0250140078 -5.56021111e-08 -1.45571543e-08 -1
LGIC_C 96 0.34362558 -0.0299633041 0.0250140006 -4.96100859e-08 9.86807898e-09 1
LGIC_C 97 -0.409949524 0.0308472514 0.0250140027 4.96100851e-08 2.90231542e-08 1
LGIC_C 98 -0.353766397 -0.601854387 0.0250140157 3.95603082e-08 3.05989652e-08 1
LGIC_C 99 0.219793238 -0.0819409056 0.0250139967 -4.96100802e-08 3.14742968e-08 1
LGIC_C 100 -0.355894928 -0.466442767 0.0250140092 2.45891453e-08 3.68002268e-08 1
LGIC_C 101 -0.383719277 0.0199450748 0.0250140025 4.96100897e-08 -9.86805572e-09 1
LGIC_C 102 -0.417067231 0.45481347 0.0250140147 1.28239438e-08 -5.73353116e-08 1
LGIC_C 103 -0.45702233 -0.0181200385 0.0250140026 -4.34088282e-08 2.70157287e-08 -1
LGIC_C 104 0.607783063 -0.236101063 0.0250140157 -4.96100859e-08 9.86807898e-09 1
LGIC_C 105 -0.320129049 0.132956542 0.0250139983 3.68002297e-08 -2.45891157e-08 1
LGIC_C 106 -0.306267094 0.776810889 0.0250140196 8.63455111e-09 -4.34088279e-08 1
LGIC_C 107 -0.689556378 -0.259693816 0.0250140154 4.34088238e-08 8.63459484e-09 1
LGIC_C 108 -0.0588237858 -0.516874957 0.0250140071 2.48392553e-08 4.34088306e-08 1
LGIC_C 110 -0.215088413 -0.737689903 0.0250140171 8.63456455e-09 4.34088336e-08 1
LGIC_C 111 -0.493430103 -0.14004199 0.0250140037 -4.96100919e-08 2.90231703e-08 -1
LGIC_C 112 0.695201469 -0.035909889 0.0250140188 -4.96100802e-08 3.14742968e-08 1
LGIC_C 113 -0.0554701884 -0.715149668 0.0250140157 2.48392553e-08 4.34088306e-08 1
LGIC_C 114 -0.341224534 0.391892445 0.0250140101 1.28239438e-08 -5.73353116e-08 1
LGIC_C 115 0.498661438 -0.40496733 0.0250140145 -3.05989503e-08 3.95603122e-08 1
LGIC_C 116 0.127726858 -0.450281699 0.025014008 1.00935263e-08 5.7878447e-08 1
LGIC_C 117 -0.164896124 -0.0510128459 0.0250139893 4.96100935e-08 -4.19869172e-08 1
LGIC_C 118 -0.292947092 -0.32160087 0.0250140042 -5.56021111e-08 -1.45571543e-08 -1
LGIC_C 119 0.0839294073 0.448953275 0.0250140064 -9.86806672e-09 -4.96100854e-08 1
LGIC_C 120 0.00802490658 0.507336541 0.0250140084 -6.33660387e-09 4.96100877e-08 -1
LGIC_C 121 -0.463837013 -0.418146129 0.0250140094 1.15916899e-08 4.97976879e-08 1
LGIC_C 122 0.628982521 -0.36411513 0.0250140153 -3.68002179e-08 2.45891393e-08 1
LGIC_C 124 0.540405889 -0.467781029 0.0250140146 -3.68002179e-08 2.45891393e-08 1
LGIC_C 125 0.142249496 -0.188669111 0.0250139942 -1.31306721e-08 4.82586744e-08 1
LGIC_C 126 0.639390591 -0.391832642 0.0250140183 -3.05989503e-08 3.95603122e-08 1
LGIC_C 127 0.212474683 -0.308555296 0.0250140009 -1.31306721e-08 4.82586744e-08 1
LGIC_C 128 0.234084301 -0.288347396 0.0250139996 -2.45891087e-08 3.68002429e-08 1
LGIC_C 129 0.455514574 -0.0709249971 0.0250140036 -4.34088226e-08 8.63456802e-09 1
LGIC_C 130 -0.609844943 0.168210383 0.0250140112 4.34088259e-08 -8.63455061e-09 1
LGIC_C 131 0.389677399 0.242542609 0.0250140052 -4.82586616e-08 -1.31306776e-08 1
LGIC_C 132 -0.194273985 0.0756173087 0.0250139908 5.7878425e-08 4.89846948e-08 1
LGIC_C 133 -0.606156173 -0.0473289638 0.02501401 4.34088238e-08 8.63459484e-09 1
LGIC_C 134 0.292611011 -0.617358373 0.0250140131 -2.45891087e-08 3.68002429e-08 1
LGIC_C 135 -0.255658256 -0.259933097 0.0250140014 2.81018674e-08 4.20574117e-08 1
LGIC_C 136 0.358781413 -0.303070294 0.0250140039 -3.68002179e-08 2.45891393e-08 1
LGIC_C 137 0.374998758 -0.393069276 0.0250140071 -1.31306721e-08 4.82586744e-08 1
LGIC_C 138 -0.699677575 -0.223116744 0.0250140086 4.96100935e-08 -4.19869172e-08 1
LGIC_C 139 0.119765651 -0.00129264783 0.0250139892 -4.96100802e-08 3.14742968e-08 1
LGIC_C 140 0.489612353 0.536147768 0.025014015 -2.45891309e-08 -3.68002211e-08 1
LGIC_C 141 0.436061705 0.126317791 0.0250140033 -4.34088272e-08 -8.63453573e-09 1
LGIC_C 142 -0.474428675 -0.554810906 0.025014019 3.95603082e-08 3.05989652e-08 1
LGIC_C 144 -0.448498382 -0.478667778 0.0250140152 -5.56021111e-08 -1.45571543e-08 -1
LGIC_C 145 0.223969353 0.00426745382 0.0250139943 -4.96100869e-08 6.3366408e-09 1
LGIC_C 146 0.0183409482 0.591915271 0.0250140125 -6.33660387e-09 4.96100877e-08 -1
LGIC_C 147 -0.348648456 -0.369677029 0.0250140054 2.45891453e-08 3.68002268e-08 1
LGIC_C 149 0.53838173 0.494154712 0.0250140152 -3.68002282e-08 -2.45891172e-08 1
LGIC_C 150 0.40608238 0.157343966 0.0250140024 -4.96100869e-08 6.3366408e-09 1
LGIC_C 151 -0.0743534296 -0.692668196 0.0250140139 8.63456455e-09 4.34088336e-08 1
LGIC_C 152 0.266322607 0.575326338 0.0250140145 1.3130701e-08 4.82586573e-08 -1
LGIC_C 153 0.170852637 -0.201985899 0.025013997 -1.28239349e-08 5.73353226e-08 1
LGIC_C 154 0.132969076 0.487336389 0.0250140088 -9.86806672e-09 -4.96100854e-08 1
LGIC_C 155 -0.553648104 0.125889355 0.0250140084 4.34088259e-08 -8.63455061e-09 1
LGIC_C 156 -0.230526829 0.021792041 0.0250139935 4.34088259e-08 -8.63455061e-09 1
LGIC_C 157 -0.453149085 0.266355581 0.0250140063 6.28881943e-09 -7.55636452e-08 1
LGIC_C 158 0.346134488 0.177461407 0.0250140035 3.37890593e-08 4.80634111e-08 -1
LGIC_C 159 0.763838758 0.114638146 0.0250140174 -4.34088272e-08 -8.63453573e-09 1
LGIC_C 160 -0.291776377 -0.0791154507 0.0250139938 -4.34088282e-08 2.70157287e-08 -1
LGIC_C 161 -0.435683768 0.0800772889 0.0250140057 4.96100897e-08 -9.86805572e-09 1
LGIC_C 162 0.498621511 0.00251249827 0.025014008 -4.96100911e-08 -9.86803575e-09 1
LGIC_C 163 0.393285919 -0.243842084 0.0250140066 -4.20573976e-08 2.81018683e-08 1
LGIC_C 164 0.259358834 -0.567713964 0.025014014 -1.31306721e-08 4.82586744e-08 1
LGIC_C 165 -0.33281857 0.0234780428 0.0250139991 4.96100851e-08 2.90231542e-08 1
LGIC_C 166 -0.114072226 -0.712205366 0.025014017 2.48392553e-08 4.34088306e-08 1
LGIC_C 167 -0.570788974 0.536638534 0.0250140175 3.68002297e-08 -2.45891157e-08 1
LGIC_C 168 -0.516909613 -0.217156284 0.0250140001 5.39043203e-09 6.47688584e-08 1
LGIC_C 169 0.666146123 -0.519674378 0.0203668636 0.827616944 -0.552996408 0.0961517878
LGIC_C 171 -0.211196652 0.351606372 0.0250140061 1.28239438e-08 -5.73353116e-08 1
LGIC_C 172 0.303377089 0.136971067 0.0250140001 3.37890593e-08 4.80634111e-08 -1
LGIC_C 173 0.635682471 0.27368596 0.0250140134 -3.68002282e-08 -2.45891172e-08 1
LGIC_C 174 -0.094357414 -0.527310676 0.0250140085 2.48392553e-08 4.34088306e-08 1
LGIC_C 175 0.418688775 -0.283350263 0.025014011 -3.37890406e-08 4.80634332e-08 1
LGIC_C 177 0.32165839 0.323947478 0.0250140059 -2.81018716e-08 -4.20573923e-08 1
LGIC_C 178 0.092322403 -0.615616728 0.0250140132 6.33663526e-09 4.9610097e-08 1
LGIC_C 180 -0.145775165 0.289028679 0.0250139995 2.8101852e-08 -4.20574041e-08 1
LGIC_C 181 -0.676897304 -0.300828744 0.0250140064 5.39043203e-09 6.47688584e-08 1
LGIC_C 183 0.676524674 0.305775344 0.0250140199 -4.82586616e-08 -1.31306776e-08 1
LGIC_C 184 0.689629871 -0.037078672 0.0250140141 -4.34088182e-08 2.48392526e-08 1
LGIC_C 185 0.389843838 -0.147981895 0.0250140038 -4.34088182e-08 2.48392526e-08 1
LGIC_C 186 -0.608910445 -0.299064299 0.0250140059 5.39043203e-09 6.47688584e-08 1
LGIC_C 188 -0.725487352 0.0974475481 0.0250140156 4.34088259e-08 -8.63455061e-09 1
LGIC_C 189 -0.570718091 0.27550351 0.025014015 4.20574045e-08 -2.81018523e-08 1
LGIC_C 190 0.356833271 -0.686623393 0.0250140173 -2.45891087e-08 3.68002429e-08 1
LGIC_C 191 -0.394091202 -0.252970981 0.0250140017 5.39043203e-09 6.47688584e-08 1
LGIC_C 192 -0.286779798 0.108485879 0.0250139967 4.34088259e-08 -8.63455061e-09 1
LGIC_C 193 0.274556519 0.0799043537 0.0250139976 -4.96100911e-08 -9.86803575e-09 1
LGIC_C 194 -0.71036467 0.333219861 0.0250140176 3.68002297e-08 -2.45891157e-08 1
LGIC_C 195 0.367823178 0.41666069 0.0250140111 -2.81018716e-08 -4.20573923e-08 1
LGIC_C 196 0.705168238 0.384486079 0.0250140186 -3.68002282e-08 -2.45891172e-08 1
LGIC_C 197 -0.280598547 -0.50736118 0.0250140088 2.45891453e-08 3.68002268e-08 1
LGIC_C 198 0.538239892 -0.0363436613 0.0250140069 -4.34088226e-08 8.63456802e-09 1
LGIC_C 199 0.635905074 0.227266048 0.0250140133 -4.96100869e-08 6.3366408e-09 1
LGIC_C 200 0.749480604 -0.337151851 0.0250140191 -3.68002179e-08 2.45891393e-08 1
LGIC_C 201 0.239857134 0.12825491 0.0250139969 -4.20574004e-08 -2.81018564e-08 1
LGIC_C 202 -0.0348261562 -0.272688709 0.0250139959 2.48392553e-08 4.34088306e-08 1
LGIC_C 203 -0.177616464 -0.0355929197 0.0250139911 -4.96100919e-08 2.90231703e-08 -1
LGIC_C 204 -0.385169313 0.538372244 0.0250140167 2.8101852e-08 -4.20574041e-08 1
LGIC_C 205 -0.090214128 0.247248946 0.0250139964 9.86805557e-09 -4.96100883e-08 1
LGIC_C 206 0.631084953 -0.355964552 0.0250140152 -3.68002179e-08 2.45891393e-08 1
LGIC_C 207 -0.12509157 -0.449690695 0.0250140031 -4.89847109e-08 5.78784581e-08 1
LGIC_C 208 -0.52012831 0.37308655 0.0250140133 -4.82586679e-08 1.31306769e-08 -1
LGIC_C 209 -0.00857280075 0.0113358354 0.0250139853 -7.86851998e-08 1.17760691e-07 -1
LGIC_C 210 0.0668441421 0.273707348 0.0250139975 -9.86806672e-09 -4.96100854e-08 1
LGIC_C 212 -0.346770093 -0.543617571 0.0250140105 -5.56021111e-08 -1.45571543e-08 -1
LGIC_C 213 0.333753965 -0.339637511 0.0250140069 -2.81018481e-08 4.20574137e-08 1
LGIC_C 214 0.440572643 -0.0787014424 0.025014003 -4.34088226e-08 8.63456802e-09 1
LGIC_C 215 -0.464909092 -0.0259932434 0.0250140037 4.34088238e-08 8.63459484e-09 1
LGIC_C 216 0.218623122 -0.190912733 0.0250139975 -3.05989503e-08 3.95603122e-08 1
LGIC_C 217 0.497958171 -0.407640335 0.0250140196 -3.37890406e-08 4.80634332e-08 1
LGIC_C 218 -0.282733704 0.478215555 0.0250140101 1.31306824e-08 -4.82586643e-08 1
LGIC_C 219 -0.262932729 -0.452869988 0.0250140075 3.95603082e-08 3.05989652e-08 1
LGIC_C 220 -0.707799382 -0.334941786 0.0250140175 3.68002489e-08 2.45891179e-08 1
LGIC_C 221 0.666218992 -0.379884157 0.0250140171 -3.68002179e-08 2.45891393e-08 1
LGIC_C 222 -0.523678077 -0.170818847 0.0250140043 -4.96100919e-08 2.90231703e-08 -1
LGIC_C 223 0.225759722 0.408580822 0.0250140079 -4.80634192e-08 -3.37890445e-08 1
LGIC_C 224 -0.38466322 0.0550453834 0.0250140007 4.96100851e-08 2.90231542e-08 1
LGIC_C 225 0.213787312 -0.668627816 0.0250140141 -8.63454093e-09 4.34088369e-08 1
LGIC_C 226 0.38615011 -0.171571674 0.0250140017 -3.68002179e-08 2.45891393e-08 1
LGIC_C 227 -0.159194821 0.498959935 0.0250140063 8.63455111e-09 -4.34088279e-08 1
LGIC_C 228 0.275946999 -0.322312833 0.0250140024 -1.31306721e-08 4.82586744e-08 1
LGIC_C 229 -0.482140029 -0.0861187942 0.0250140049 4.34088238e-08 8.63459484e-09 1
LGIC_C 230 -0.679859725 -0.207526362 0.0250140072 -4.34088282e-08 2.70157287e-08 -1
LGIC_C 231 0.532479785 0.241256317 0.0250140128 3.37890593e-08 4.80634111e-08 -1
LGIC_C 232 -0.278847776 0.794326722 0.0250140202 8.63455111e-09 -4.34088279e-08 1
LGIC_C 233 0.290005847 0.23381737 0.0250140003 -4.82586616e-08 -1.31306776e-08 1
LGIC_C 234 -0.0108745557 -0.436586795 0.0250140023 8.63456455e-09 4.34088336e-08 1
LGIC_C 235 0.355302102 0.442585296 0.0250140119 -2.81018716e-08 -4.20573923e-08 1
LGIC_C 236 0.293230397 -0.00600388326 0.0250139961 -4.34088182e-08 2.48392526e-08 1
LGIC_C 239 0.475849693 -0.268930808 0.0250140108 -4.20573976e-08 2.81018683e-08 1
LGIC_C 240 0.148662041 -0.207238281 0.025013997 -1.28239349e-08 5.73353226e-08 1
LGIC_C 241 -0.119347738 0.196963871 0.0250139949 2.8101852e-08 -4.20574041e-08 1
LGIC_C 242 0.597048637 -0.339296353 0.0250140197 -3.37890406e-08 4.80634332e-08 1
LGIC_C 243 -0.67646128 0.245670324 0.0250140193 4.96100897e-08 -9.86805572e-09 1
LGIC_C 246 0.428569565 0.459602363 0.0250140107 -2.45891309e-08 -3.68002211e-08 1
LGIC_C 247 -0.502477385 0.662207008 0.02501402 2.45891128e-08 -3.68002333e-08 1
LGIC_C 248 0.087201192 -0.0698679935 0.0250139882 -3.68002179e-08 2.45891393e-08 1
LGIC_C 249 0.523517719 -0.0751210414 0.0250140116 -4.96100802e-08 3.14742968e-08 1
LGIC_C 250 0.242186535 0.50859808 0.0250140121 -4.80634192e-08 -3.37890445e-08 1
LGIC_C 251 0.0260243432 0.636540061 0.0250140147 -6.33660387e-09 4.96100877e-08 -1
LGIC_C 252 0.171762145 0.582003517 0.0250140175 -3.14742949e-08 -4.96100822e-08 1
LGIC_C 253 0.490837396 0.304344312 0.0250140109 -4.82586616e-08 -1.31306776e-08 1
LGIC_C 255 -0.759060931 -0.0729823324 0.0250140143 -4.34088282e-08 2.70157287e-08 -1
LGIC_C 256 -0.31434593 0.516089072 0.02501401 2.45891128e-08 -3.68002333e-08 1
LGIC_C 257 0.280595358 0.341267142 0.0250140034 1.3130701e-08 4.82586573e-08 -1
LGIC_C 258 -0.303076786 0.576177949 0.0250140119 2.45891128e-08 -3.68002333e-08 1
LGIC_C 260 -0.0389174706 -0.622462663 0.0250140145 9.8680833e-09 4.96100963e-08 1
LGIC_C 261 0.075081461 0.61605329 0.0250140107 -8.63455884e-09 -4.34088253e-08 1
LGIC_C 262 -0.362794523 0.360624962 0.0250140087 4.20574045e-08 -2.81018523e-08 1
LGIC_C 263 -0.700986609 -0.197350795 0.0250140084 -4.34088282e-08 2.70157287e-08 -1
LGIC_C 264 0.445340067 -0.357195518 0.0250140084 -3.68002179e-08 2.45891393e-08 1
LGIC_C 265 0.214837416 0.0221058055 0.0250139941 -4.96100911e-08 -9.86803575e-09 1
LGIC_C 266 -0.177069519 -0.315711197 0.0250139999 3.95603082e-08 3.05989652e-08 1
LGIC_C 267 -0.306571926 -0.294219663 0.0250140041 1.45571809e-08 5.5602105e-08 1
LGIC_C 268 -0.0602750776 -0.511645759 0.0250140069 -2.90231482e-08 4.96101036e-08 1
LGIC_C 269 -0.094283415 0.641014694 0.0250140145 -6.33661298e-09 -4.96100859e-08 1
LGIC_C 271 -0.46668446 -0.432542004 0.0250140111 3.68002489e-08 2.45891179e-08 1
LGIC_C 272 -0.370623851 0.288010448 0.0250140049 -4.82586679e-08 1.31306769e-08 -1
LGIC_C 273 0.746039663 -0.163225536 0.0250140197 -4.34088182e-08 2.48392526e-08 1
LGIC_C 274 -0.366210428 0.374738883 0.0250140061 2.45891128e-08 -3.68002333e-08 1
LGIC_C 275 0.0217219713 -0.526765475 0.0250140092 6.33663526e-09 4.9610097e-08 1
LGIC_C 276 -0.103216895 -0.535560187 0.0250140068 -2.90231482e-08 4.96101036e-08 1
LGIC_C 278 0.317645027 0.264626325 0.0250140014 -3.68002282e-08 -2.45891172e-08 1
LGIC_C 279 0.0895139357 -0.041206827 0.0250139875 -3.68002179e-08 2.45891393e-08 1
LGIC_C 280 -0.279027791 -0.145985312 0.0250139954 1.45571809e-08 5.5602105e-08 1
LGIC_C 281 0.364854867 0.554069611 0.0250140195 -4.80634192e-08 -3.37890445e-08 1
LGIC_C 282 -0.239936457 -0.446635815 0.0250140064 3.95603082e-08 3.05989652e-08 1
LGIC_C 283 -0.233855144 -0.471226025 0.0250140039 7.55636799e-08 6.2887973e-09 1
LGIC_C 284 0.221892783 -0.766346894 0.0250140184 -8.63454093e-09 4.34088369e-08 1
LGIC_C 286 -0.551169164 0.0251637858 0.0250140099 4.96100851e-08 2.90231542e-08 1
LGIC_C 287 -0.0739642964 -0.169576027 0.0250139913 2.45891453e-08 3.68002268e-08 1
LGIC_C 288 0.0734291537 -0.351203505 0.0250140002 6.33663526e-09 4.9610097e-08 1
LGIC_C 289 0.0230667063 -0.0336146753 0.025013985 -2.45891087e-08 3.68002429e-08 1
LGIC_C 290 -0.330367346 -0.531521277 0.0250140149 2.81018674e-08 4.20574117e-08 1
LGIC_C 291 -0.512165951 0.436165814 0.0250140128 3.68002297e-08 -2.45891157e-08 1
LGIC_C 292 0.439629933 0.464699861 0.0250140152 -2.81018716e-08 -4.20573923e-08 1
LGIC_C 293 -0.673988854 -0.0656699304 0.0250140148 -4.96100919e-08 2.90231703e-08 -1
LGIC_C 295 -0.156531638 0.139026467 0.0250139948 6.28881943e-09 -7.55636452e-08 1
LGIC_C 296 0.498658496 0.255466031 0.0250140114 -4.20574004e-08 -2.81018564e-08 1
LGIC_C 297 0.041536784 0.348669803 0.0250139988 -8.63455884e-09 -4.34088253e-08 1
LGIC_C 298 0.141531924 -0.504184971 0.0250140096 -9.86804037e-09 4.96101e-08 1
LGIC_C 299 -0.0802330623 -0.322014061 0.025014 9.8680833e-09 4.96100963e-08 1
LGIC_C 300 0.397962112 -0.0574917565 0.0250140019 -4.34088182e-08 2.48392526e-08 1
LGIC_C 301 0.10317636 0.385037409 0.0250140009 -8.63455884e-09 -4.34088253e-08 1
LGIC_C 302 0.455347278 0.343347274 0.025014012 -4.20574004e-08 -2.81018564e-08 1
LGIC_C 303 -0.0404395576 0.342088815 0.0250140006 9.86805557e-09 -4.96100883e-08 1
LGIC_C 304 -0.166079831 0.33258592 0.0250140015 1.31306824e-08 -4.82586643e-08 1
LGIC_C 305 -0.469755803 0.240640342 0.0250140065 3.68002297e-08 -2.45891157e-08 1
LGIC_C 306 0.190084511 0.128736811 0.0250139959 3.37890593e-08 4.80634111e-08 -1
LGIC_C 307 -0.409306142 0.265097897 0.0250140065 -4.82586679e-08 1.31306769e-08 -1
LGIC_C 308 0.615346091 -0.27778784 0.0250140127 -3.68002179e-08 2.45891393e-08 1
LGIC_C 309 0.15688648 0.132264048 0.0250139923 -3.68002282e-08 -2.45891172e-08 1
LGIC_C 310 0.113400523 0.793126237 0.0250140187 -8.63455884e-09 -4.34088253e-08 1
LGIC_C 311 0.559458359 0.620127802 0.0250140198 -2.45891309e-08 -3.68002211e-08 1
LGIC_C 312 0.309577347 0.197308786 0.0250140018 -4.20574004e-08 -2.81018564e-08 1
LGIC_C 313 0.664507399 0.348018314 0.0250140163 -3.68002282e-08 -2.45891172e-08 1
LGIC_C 314 -0.294144596 0.512140485 0.0250140093 2.45891128e-08 -3.68002333e-08 1
LGIC_C 315 -0.0507242837 0.00237923755 0.0250139858 4.96100897e-08 -9.86805572e-09 1
LGIC_C 318 -0.208777391 -0.374493481 0.0250140003 -5.56021111e-08 -1.45571543e-08 -1
LGIC_C 319 -0.482089392 -0.0441544729 0.025014003 -4.34088282e-08 2.70157287e-08 -1
LGIC_C 320 0.418817583 0.585650988 0.0250140197 -2.81018716e-08 -4.20573923e-08 1
LGIC_C 322 0.542530312 0.246160355 0.0250140127 -4.82586616e-08 -1.31306776e-08 1
LGIC_C 323 -0.32765901 -0.656679414 0.0250140201 2.81018674e-08 4.20574117e-08 1
LGIC_C 324 0.0166868007 0.693586767 0.0250140176 -6.33660387e-09 4.96100877e-08 -1
LGIC_C 325 0.473846599 0.612199402 0.0250140174 -2.45891309e-08 -3.68002211e-08 1
LGIC_C 326 0.187184352 0.703227297 0.025014017 -6.33660387e-09 4.96100877e-08 -1
LGIC_C 327 -0.312938683 -0.0605501478 0.025013997 -4.96100919e-08 2.90231703e-08 -1
LGIC_C 328 -0.428205198 0.0119758068 0.0250140022 4.34088279e-08 -2.48392273e-08 1
LGIC_C 329 0.589641284 -0.222756784 0.0250140147 -4.96100859e-08 9.86807898e-09 1
LGIC_C 330 0.343608504 -0.019017703 0.0250140009 -4.96100802e-08 3.14742968e-08 1
LGIC_C 331 0.219121537 -0.107302777 0.0250139942 -3.05989503e-08 3.95603122e-08 1
LGIC_C 332 -0.0220750991 -0.38422348 0.0250140025 9.8680833e-09 4.96100963e-08 1
LGIC_C 333 0.514042878 0.148112394 0.0250140068 -4.34088272e-08 -8.63453573e-09 1
LGIC_C 334 0.235120218 0.79309255 0.0250140197 -8.63455884e-09 -4.34088253e-08 1
LGIC_C 335 0.206756244 0.542739901 0.0250140089 -6.33660387e-09 4.96100877e-08 -1
LGIC_C 336 -0.74688489 0.00557516679 0.0250140158 4.34088279e-08 -2.48392273e-08 1
LGIC_C 337 -0.00265381591 -0.000311456824 0.0250139834 5.7878436e-08 -4.89847332e-08 1
LGIC_C 338 -0.215206514 0.32695492 0.0250140006 2.45891128e-08 -3.68002333e-08 1
LGIC_C 339 0.130542392 -0.201018596 0.0250139946 -1.31306721e-08 4.82586744e-08 1
LGIC_C 340 -0.32190961 0.584679511 0.0250140169 2.8101852e-08 -4.20574041e-08 1
LGIC_C 341 -0.00389054591 -0.716445393 0.0250140144 8.63456455e-09 4.34088336e-08 1
LGIC_C 342 -0.822013891 -0.0586797153 0.0250140174 -4.34088282e-08 2.70157287e-08 -1
LGIC_C 343 0.244448877 0.479228059 0.0250140096 1.3130701e-08 4.82586573e-08 -1
LGIC_C 344 -0.133742807 0.00881216644 0.0250139906 5.7878425e-08 4.89846948e-08 1
LGIC_C 346 0.349750119 0.320453005 0.025014004 -3.68002282e-08 -2.45891172e-08 1
LGIC_C 347 0.492650853 -0.140509047 0.0250140091 -4.96100859e-08 9.86807898e-09 1
LGIC_C 349 -0.211344186 -0.515726425 0.0250140027 -2.90231482e-08 4.96101036e-08 1
LGIC_C 350 -0.293056868 0.353394625 0.0250140035 2.45891128e-08 -3.68002333e-08 1
LGIC_C 352 -0.197947824 -0.271327117 0.0250139994 3.95603082e-08 3.05989652e-08 1
LGIC_C 353 -0.323173863 0.162768637 0.0250140014 4.20574045e-08 -2.81018523e-08 1
LGIC_C 354 0.164068788 0.199011031 0.0250139962 -2.81018716e-08 -4.20573923e-08 1
LGIC_C 355 0.091629279 -0.529783865 0.025014013 1.00935263e-08 5.7878447e-08 1
LGIC_C 356 0.115647101 0.683323341 0.0250140139 -8.63455884e-09 -4.34088253e-08 1
LGIC_C 357 0.754076575 0.158495681 0.0250140196 -4.96100869e-08 6.3366408e-09 1
LGIC_C 358 0.0672545768 -0.0584822647 0.0250139884 -4.90669481e-08 3.27855328e-08 1
LGIC_C 359 -0.219836565 0.218782357 0.0250140012 6.28881943e-09 -7.55636452e-08 1
LGIC_C 360 -0.484301818 0.446786738 0.0250140121 3.68002297e-08 -2.45891157e-08 1
LGIC_C 361 0.594321474 -0.157986224 0.0250140143 -4.96100859e-08 9.86807898e-09 1
LGIC_C 362 -0.414449483 -0.111000675 0.0250140006 -4.96100919e-08 2.90231703e-08 -1
LGIC_C 363 -0.297316709 0.433438432 0.0250140081 1.31306824e-08 -4.82586643e-08 1
LGIC_C 365 0.625043966 -0.36472694 0.0250140198 -4.20573976e-08 2.81018683e-08 1
LGIC_C 366 -0.320003133 -0.753345783 0.025014019 3.95603082e-08 3.05989652e-08 1
LGIC_C 367 0.34348932 -0.0868238723 0.0250140003 -4.34088182e-08 2.48392526e-08 1
LGIC_C 368 -0.116414073 -0.304027544 0.0250139993 2.48392553e-08 4.34088306e-08 1
LGIC_C 369 -0.137992329 -0.62397464 0.0250140102 -2.90231482e-08 4.96101036e-08 1
LGIC_C 370 -0.362262483 -0.590721335 0.0250140139 2.45891453e-08 3.68002268e-08 1
LGIC_C 371 0.224374911 0.0649568745 0.0250139935 -4.34088272e-08 -8.63453573e-09 1
LGIC_C 372 -0.0420514217 0.41271518 0.0250140015 8.63455111e-09 -4.34088279e-08 1
LGIC_C 373 -0.636356103 0.45273314 0.0250140178 3.68002297e-08 -2.45891157e-08 1
LGIC_C 374 0.0169671701 -0.189653286 0.0250139925 6.33663526e-09 4.9610097e-08 1
LGIC_C 375 0.131708718 -0.649926561 0.0250140195 1.00935263e-08 5.7878447e-08 1
LGIC_C 376 0.432470226 0.376580582 0.025014012 -4.20574004e-08 -2.81018564e-08 1
LGIC_C 377 0.30542153 0.168682256 0.0250139986 -3.68002282e-08 -2.45891172e-08 1
LGIC_C 378 -0.602023744 0.0801829984 0.0250140108 4.96100851e-08 2.90231542e-08 1
LGIC_C 379 -0.0399294615 -0.449324543 0.0250140059 9.8680833e-09 4.96100963e-08 1
LGIC_C 380 0.125206461 0.604129989 0.0250140145 -9.86806672e-09 -4.96100854e-08 1
LGIC_C 381 0.0330909829 0.648308576 0.0250140152 -6.33660387e-09 4.96100877e-08 -1
LGIC_C 382 0.601545492 -0.250756288 0.0250140156 -3.37890406e-08 4.80634332e-08 1
LGIC_C 384 -0.430477769 -0.411175777 0.025014017 6.28883752e-09 7.55636663e-08 1
LGIC_C 386 0.483217964 -0.468675156 0.0250140125 -3.68002179e-08 2.45891393e-08 1
LGIC_C 387 0.573386786 -0.243604359 0.0250140143 -3.37890406e-08 4.80634332e-08 1
LGIC_C 388 -0.0220614214 0.400504281 0.0250140034 9.86805557e-09 -4.96100883e-08 1
LGIC_C 390 0.565534203 -0.0245719717 0.0250140084 -4.34088182e-08 2.48392526e-08 1
LGIC_C 392 -0.212344565 -0.574447824 0.0250140056 -2.90231482e-08 4.96101036e-08 1
LGIC_C 393 -0.0208999739 -0.309365542 0.0250139968 8.63456455e-09 4.34088336e-08 1
LGIC_C 395 0.362343333 0.427113201 0.0250140086 1.3130701e-08 4.82586573e-08 -1
LGIC_C 396 0.279491516 0.407034304 0.0250140066 1.3130701e-08 4.82586573e-08 -1
LGIC_C 397 -0.696392536 0.269823465 0.0250140158 4.34088259e-08 -8.63455061e-09 1
LGIC_C 398 -0.57007653 0.260512704 0.0250140151 3.37890593e-08 -4.80634052e-08 1
LGIC_C 399 0.617276969 -0.169626719 0.0250140192 -4.96100802e-08 3.14742968e-08 1
NT 7181 -3.29147647 -1.30237266 -0.701840476 0 0 0
NT 7817 -0.896771389 2.91758227 0.563287727 0 0 0
LGIC_O 4402 -0.0345878633 0.265675272 0.025013999 1.15127271e-08 -5.78784352e-08 1
LGIC_O 4401 -0.1840676 0.0972239463 0.0250139942 3.37890593e-08 -4.80634052e-08 1
LGIC_O 4400 -0.175025146 0.0137516014 0.0250139927 5.7878425e-08 4.89846948e-08 1
LGIC_O 8441 0.636913646 -0.12672076 0.0250140188 -4.96100802e-08 3.14742968e-08 1
LGIC_O 8440 0.314831804 -0.521242477 0.0250140191 -3.27854948e-08 4.90669785e-08 1
LGIC_O 8439 0.567487089 -0.204519113 0.0250140184 -5.78784275e-08 1.15127558e-08 1
LGIC_O 8438 -0.495463838 -0.478991786 0.0250140171 1.45571809e-08 5.5602105e-08 1
LGIC_O 8437 -0.0865332912 0.0753896135 0.0250139898 3.37890593e-08 -4.80634052e-08 1
LGIC_O 8436 0.281965125 0.349247805 0.0250140096 -3.27855134e-08 -4.90669575e-08 1
LGIC_O 8435 -0.281577291 0.489075666 0.0250140165 3.27854968e-08 -4.90669676e-08 1
LGIC_O 8434 -0.605092982 -0.110313414 0.0250140129 5.7878436e-08 -4.89847332e-08 1
LGIC_O 8433 0.701586212 -0.0117142491 0.0250140184 -4.96100802e-08 3.14742968e-08 1
LGIC_O 8432 0.426050556 0.664856809 0.0250140182 -2.45891309e-08 -3.68002211e-08 1
LGIC_O 8431 -0.53569519 -0.176489801 0.025014008 4.34088238e-08 8.63459484e-09 1
LGIC_O 8430 -0.206044735 -0.180448528 0.0250139982 6.28883752e-09 7.55636663e-08 1
LGIC_O 8429 0.342033035 -0.34268384 0.0250140113 -3.27854948e-08 4.90669785e-08 1
LGIC_O 8428 0.576112066 -0.314703408 0.0250140178 -3.37890406e-08 4.80634332e-08 1
LGIC_O 8427 0.236726308 -0.318077646 0.0250140066 -3.27854948e-08 4.90669785e-08 1
LGIC_O 8426 -0.0976488914 -0.110862836 0.0250139913 7.55636799e-08 6.2887973e-09 1
LGIC_O 8425 0.534646383 -0.195059479 0.0250140164 -5.78784275e-08 1.15127558e-08 1
LGIC_O 8424 0.219544679 -0.315091025 0.0250140059 -3.27854948e-08 4.90669785e-08 1
LGIC_O 8423 -0.608846757 -0.593779315 0.0250140203 3.68002489e-08 2.45891179e-08 1
LGIC_O 8422 0.564815598 -0.372450199 0.0250140202 -3.37890406e-08 4.80634332e-08 1
LGIC_O 8421 0.550750457 0.0902902064 0.0250140162 -5.78784335e-08 -1.15127284e-08 1
LGIC_O 8420 0.175418091 0.0610257495 0.0250139941 -5.78784335e-08 -1.15127284e-08 1
LGIC_O 8419 0.142777714 0.100831833 0.0250139936 -4.90669739e-08 -3.27854893e-08 1
LGIC_O 4418 0.0575220985 -0.190210297 0.0250139949 -1.15127059e-08 5.78784511e-08 1
LGIC_O 4417 -0.118754336 -0.170834128 0.0250139938 2.81018674e-08 4.20574117e-08 1
LGIC_O 4416 0.593239316 0.0786534269 0.0250140185 -5.78784335e-08 -1.15127284e-08 1
LGIC_O 4415 0.0853954366 -0.420999761 0.0250140086 -1.15127059e-08 5.78784511e-08 1
LGIC_O 4414 -0.374457097 -0.228026162 0.0250140026 3.68002489e-08 2.45891179e-08 1
LGIC_O 4413 0.577482781 -0.285169834 0.0250140164 -3.37890406e-08 4.80634332e-08 1
LGIC_O 4412 -0.484325859 0.306166979 0.0250140144 3.37890593e-08 -4.80634052e-08 1
LGIC_O 4411 0.44777829 -0.0963194904 0.0250140103 -5.78784275e-08 1.15127558e-08 1
LGIC_O 4410 0.28281874 -0.503567977 0.0250140172 -3.27854948e-08 4.90669785e-08 1
LGIC_O 4409 -0.116204576 -0.152585731 0.025013993 7.55636799e-08 6.2887973e-09 1
LGIC_O 4408 -0.333519821 0.289166147 0.0250140084 3.37890593e-08 -4.80634052e-08 1
LGIC_O 4407 -0.148720782 -0.636306108 0.0250140163 9.8680833e-09 4.96100963e-08 1
LGIC_O 4406 0.336173082 -0.328141715 0.0250140105 -4.90669481e-08 3.27855328e-08 1
LGIC_O 4405 -0.249510429 -0.168914007 0.0250139976 6.28883752e-09 7.55636663e-08 1
LGIC_O 4404 0.0811982327 0.141649416 0.0250139929 -3.27855134e-08 -4.90669575e-08 1
LGIC_O 4403 0.0533120499 -0.19689515 0.0250139952 -1.15127059e-08 5.78784511e-08 1
