LGIC_C 0 0.475140977 0.223179721 0.0250140095 -4.20574004e-08 -2.81018564e-08 1
LGIC_C 1 -0.302840132 0.0401501842 0.0250139968 4.34088259e-08 -8.63455061e-09 1
LGIC_C 2 -0.560265883 0.173302493 0.0250140128 4.96100897e-08 -9.86805572e-09 1
LGIC_C 3 0.255893175 -0.689297083 0.02501402 -9.86804037e-09 4.96101e-08 1
LGIC_C 4 -0.458119954 -0.192830338 0.0250140007 6.28883752e-09 7.55636663e-08 1
LGIC_C 5 0.0819251576 -0.549268349 0.0250140142 1.00935263e-08 5.7878447e-08 1
LGIC_C 6 -0.329561679 0.527234838 0.0250140177 1.28239438e-08 -5.73353116e-08 1
LGIC_C 7 -0.718392756 0.442087513 0.00757636567 -0.827617296 0.552995934 0.0961514895
LGIC_C 8 -0.128618592 0.316807846 0.0250139981 8.63455111e-09 -4.34088279e-08 1
LGIC_C 9 -0.476635682 -0.261054359 0.025014006 6.28883752e-09 7.55636663e-08 1
LGIC_C 10 -0.355011286 -0.594145038 0.0250140155 3.95603082e-08 3.05989652e-08 1
LGIC_C 11 0.21414245 0.568991212 0.0250140101 -6.33660387e-09 4.96100877e-08 -1
LGIC_C 12 0.420451198 0.223674058 0.0250140112 -4.90669739e-08 -3.27854893e-08 1
LGIC_C 13 0.730002522 -0.0751693392 0.0250140202 -4.96100859e-08 9.86807898e-09 1
LGIC_C 14 0.686516197 0.253480894 0.0250140157 -4.96100869e-08 6.3366408e-09 1
LGIC_C 15 -0.494988373 -0.402549257 0.025014012 5.39043203e-09 6.47688584e-08 1
LGIC_C 16 0.631801773 -0.133220481 0.0250140159 -4.96100859e-08 9.86807898e-09 1
LGIC_C 17 -0.506669946 0.368603047 0.0250140126 -4.82586679e-08 1.31306769e-08 -1
LGIC_C 18 0.303115273 -0.456485724 0.0250140109 -2.81018481e-08 4.20574137e-08 1
LGIC_C 21 -0.0169685344 -0.199595112 0.0250139926 -2.90231482e-08 4.96101036e-08 1
LGIC_C 22 0.163502165 0.583573809 0.0250140138 -9.86806672e-09 -4.96100854e-08 1
LGIC_C 23 -0.516837116 0.449987258 0.0250140134 3.68002297e-08 -2.45891157e-08 1
LGIC_C 24 0.138583791 0.428911258 0.0250140059 -9.86806672e-09 -4.96100854e-08 1
LGIC_C 25 0.332466079 -0.0348960509 0.025013998 -4.34088226e-08 8.63456802e-09 1
LGIC_C 27 -0.274420599 0.524240842 0.025014018 3.27854968e-08 -4.90669676e-08 1
LGIC_C 28 0.650623373 0.0755887179 0.0250140121 -4.34088272e-08 -8.63453573e-09 1
LGIC_C 30 0.649288477 0.160143559 0.0250140144 -4.96100869e-08 6.3366408e-09 1
LGIC_C 31 -0.38955446 -0.414031126 0.0250140113 3.95603082e-08 3.05989652e-08 1
LGIC_C 32 0.0472139768 0.106541455 0.0250139891 -2.81018716e-08 -4.20573923e-08 1
LGIC_C 33 -0.0340422242 0.660400329 0.0250140122 8.63455111e-09 -4.34088279e-08 1
LGIC_C 35 -0.166111241 -0.495767863 0.025014003 -2.90231482e-08 4.96101036e-08 1
LGIC_C 36 0.435389525 -0.611660446 0.0250140164 -2.45891087e-08 3.68002429e-08 1
LGIC_C 37 0.0864961121 0.81007962 0.0250140192 -8.63455884e-09 -4.34088253e-08 1
LGIC_C 38 0.789058171 -0.32832719 0.0250140204 -3.05989503e-08 3.95603122e-08 1
LGIC_C 39 0.660232718 0.265602626 0.0250140142 -4.34088272e-08 -8.63453573e-09 1
LGIC_C 40 -0.700298117 0.00895155316 0.0250140139 4.34088279e-08 -2.48392273e-08 1
LGIC_C 41 -0.521908787 0.615138713 0.0250140187 2.45891128e-08 -3.68002333e-08 1
LGIC_C 42 -0.293884285 -0.678567827 0.0250140154 2.45891453e-08 3.68002268e-08 1
LGIC_C 43 -0.612564664 -0.478546859 0.0250140142 1.15916899e-08 4.97976879e-08 1
LGIC_C 44 0.334870999 0.527237019 0.0250140131 1.3130701e-08 4.82586573e-08 -1
LGIC_C 45 -0.0328883926 -0.221709539 0.0250139937 2.48392553e-08 4.34088306e-08 1
LGIC_C 46 -0.185878435 -0.163956581 0.0250139949 5.39043203e-09 6.47688584e-08 1
LGIC_C 47 0.529296537 -0.178814994 0.0250140159 -5.78784275e-08 1.15127558e-08 1
LGIC_C 48 -0.105933073 -0.3835546 0.0250140008 8.63456455e-09 4.34088336e-08 1
LGIC_C 51 -0.621907994 -0.03651899 0.0250140106 4.34088238e-08 8.63459484e-09 1
LGIC_C 52 0.663799879 -0.162853858 0.0250140161 -4.34088182e-08 2.48392526e-08 1
LGIC_C 53 0.319946707 -0.0945186121 0.0250139995 -4.34088182e-08 2.48392526e-08 1
LGIC_C 54 -0.0633878269 -0.235527273 0.0250139937 -4.89847109e-08 5.78784581e-08 1
LGIC_C 55 0.460467747 0.506137023 0.0250140137 1.3130701e-08 4.82586573e-08 -1
LGIC_C 56 -0.152310003 -0.250684161 0.0250139954 -5.56021111e-08 -1.45571543e-08 -1
LGIC_C 57 -0.0827849889 0.400964693 0.0250140058 -3.14742797e-08 4.96100914e-08 -1
LGIC_C 58 0.477101514 -0.0765895909 0.0250140058 -4.34088182e-08 2.48392526e-08 1
LGIC_C 59 -0.381473793 -0.199926957 0.0250139999 1.45571809e-08 5.5602105e-08 1
LGIC_C 60 0.168037547 0.50355517 0.0250140135 -3.14742949e-08 -4.96100822e-08 1
LGIC_C 61 -0.381777622 0.34065844 0.0250140089 4.20574045e-08 -2.81018523e-08 1
LGIC_C 62 -0.0239376561 0.403444641 0.025014004 -3.14742797e-08 4.96100914e-08 -1
LGIC_C 63 0.222477065 -0.00778636867 0.0250139943 -4.96100859e-08 9.86807898e-09 1
LGIC_C 64 -0.228392153 0.00732379182 0.0250139961 5.7878425e-08 4.89846948e-08 1
LGIC_C 65 0.0201459786 0.346182326 0.0250140003 -6.33660387e-09 4.96100877e-08 -1
LGIC_C 66 -0.258514521 -0.321289653 0.0250140014 2.45891453e-08 3.68002268e-08 1
LGIC_C 67 -0.434309055 0.408377126 0.0250140169 6.28881943e-09 -7.55636452e-08 1
LGIC_C 68 -0.674789489 -0.110384293 0.0250140096 -4.34088282e-08 2.70157287e-08 -1
LGIC_C 69 -0.699095181 -0.349628501 0.0250140176 3.68002489e-08 2.45891179e-08 1
LGIC_C 70 -0.0309171564 0.38107733 0.0250140001 8.63455111e-09 -4.34088279e-08 1
LGIC_C 72 0.149179783 0.403391718 0.0250140021 -8.63455884e-09 -4.34088253e-08 1
LGIC_C 73 -0.020300383 0.00903485098 0.0250139844 4.20574045e-08 -2.81018523e-08 1
LGIC_C 74 0.523862479 0.493602435 0.025014015 -4.82586616e-08 -1.31306776e-08 1
LGIC_C 75 0.546313439 -0.616757611 0.0250140194 -2.45891087e-08 3.68002429e-08 1
LGIC_C 76 -0.726068547 0.0285906122 0.0250140184 4.96100851e-08 2.90231542e-08 1
LGIC_C 77 0.340242859 -0.230734385 0.0250140028 -3.05989503e-08 3.95603122e-08 1
LGIC_C 79 -0.588611864 -0.274282522 0.0250140037 1.15916899e-08 4.97976879e-08 1
LGIC_C 80 0.72879546 0.00804930226 0.0250140149 -4.34088272e-08 -8.63453573e-09 1
LGIC_C 81 0.0495215732 0.696749583 0.0250140175 -6.33660387e-09 4.96100877e-08 -1
LGIC_C 82 0.459413363 -0.276114637 0.0250140082 -3.05989503e-08 3.95603122e-08 1
LGIC_C 83 -0.350069362 0.241288002 0.0250140033 -4.82586679e-08 1.31306769e-08 -1
LGIC_C 84 0.229530894 0.513314013 0.0250140113 -2.81018716e-08 -4.20573923e-08 1
LGIC_C 85 -0.0524121885 0.0857450084 0.0250139889 1.28239438e-08 -5.73353116e-08 1
LGIC_C 87 -0.310785232 -0.235265161 0.0250140008 1.45571809e-08 5.5602105e-08 1
LGIC_C 88 -0.559244724 -0.510386881 0.0250140151 1.15916899e-08 4.97976879e-08 1
LGIC_C 89 0.241054672 -0.49230586 0.0250140102 -1.31306721e-08 4.82586744e-08 1
LGIC_C 90 -0.364133249 -0.334586671 0.0250140071 1.45571809e-08 5.5602105e-08 1
LGIC_C 91 0.191774698 0.820104535 0.0218863832 0.194186548 0.976240951 0.0961519121
LGIC_C 92 0.248507842 -0.761035675 0.0250140194 6.33663526e-09 4.9610097e-08 1
LGIC_C 93 -0.046628339 0.582387774 0.0250140119 -6.33661298e-09 -4.96100859e-08 1
LGIC_C 94 0.141241096 -0.0287645934 0.0250139911 -4.96100802e-08 3.14742968e-08 1
LGIC_C 95 -0.328557179 -0.476966304 0.0250140085 -5.56021111e-08 -1.45571543e-08 -1
LGIC_C 96 0.310304426 -0.0511794654 0.0250139991 -4.96100859e-08 9.86807898e-09 1
LGIC_C 97 -0.420728649 0.0264529122 0.0250140034 4.96100851e-08 2.90231542e-08 1
LGIC_C 98 -0.348997635 -0.579353012 0.0250140148 3.95603082e-08 3.05989652e-08 1
LGIC_C 99 0.190999334 -0.0730279524 0.025013995 -4.96100802e-08 3.14742968e-08 1
LGIC_C 100 -0.351627039 -0.446626617 0.0250140083 2.45891453e-08 3.68002268e-08 1
LGIC_C 101 -0.378946872 0.0131078034 0.0250140022 4.96100897e-08 -9.86805572e-09 1
LGIC_C 102 -0.441435369 0.461826348 0.0250140154 1.28239438e-08 -5.73353116e-08 1
LGIC_C 103 -0.425618311 -0.0040589391 0.0250140018 4.34088238e-08 8.63459484e-09 1
LGIC_C 104 0.615182018 -0.221314671 0.0250140159 -4.96100859e-08 9.86807898e-09 1
LGIC_C 105 -0.310915918 0.159970137 0.0250139986 3.68002297e-08 -2.45891157e-08 1
LGIC_C 106 -0.301778991 0.754094326 0.0250140186 8.63455111e-09 -4.34088279e-08 1
LGIC_C 107 -0.655858076 -0.273316078 0.0250140045 5.39043203e-09 6.47688584e-08 1
LGIC_C 108 -0.0415519158 -0.512145447 0.0250140065 2.48392553e-08 4.34088306e-08 1
LGIC_C 110 -0.233921851 -0.721003668 0.0250140166 8.63456455e-09 4.34088336e-08 1
LGIC_C 111 -0.514350905 -0.11893885 0.0250140053 -4.96100919e-08 2.90231703e-08 -1
LGIC_C 112 0.707677792 -0.0311945985 0.0250140193 -4.96100802e-08 3.14742968e-08 1
LGIC_C 113 -0.0458078272 -0.712392487 0.0250140153 2.48392553e-08 4.34088306e-08 1
LGIC_C 114 -0.364980083 0.396195356 0.0250140107 1.28239438e-08 -5.73353116e-08 1
LGIC_C 115 0.464917218 -0.391984814 0.025014013 -3.05989503e-08 3.95603122e-08 1
LGIC_C 116 0.105090991 -0.461208228 0.0250140089 1.00935263e-08 5.7878447e-08 1
LGIC_C 117 -0.162042141 -0.0584084446 0.0250139887 -4.34088282e-08 2.70157287e-08 -1
LGIC_C 118 -0.306906533 -0.308405742 0.0250140048 -5.56021111e-08 -1.45571543e-08 -1
LGIC_C 119 0.112622492 0.458840273 0.0250140071 -9.86806672e-09 -4.96100854e-08 1
LGIC_C 120 0.00190446904 0.509934315 0.0250140086 -6.33660387e-09 4.96100877e-08 -1
LGIC_C 121 -0.507506896 -0.436112672 0.0250140108 1.15916899e-08 4.97976879e-08 1
LGIC_C 122 0.615376229 -0.374946145 0.0250140151 -3.68002179e-08 2.45891393e-08 1
LGIC_C 124 0.557977424 -0.480514998 0.0250140156 -3.68002179e-08 2.45891393e-08 1
LGIC_C 125 0.124293768 -0.16316536 0.0250139927 -1.31306721e-08 4.82586744e-08 1
LGIC_C 126 0.615076945 -0.407376332 0.0250140182 -3.05989503e-08 3.95603122e-08 1
LGIC_C 127 0.213035725 -0.278109822 0.0250139994 -1.31306721e-08 4.82586744e-08 1
LGIC_C 128 0.242794444 -0.287874002 0.0250139998 -2.45891087e-08 3.68002429e-08 1
LGIC_C 129 0.428167022 -0.0773928884 0.0250140025 -4.34088226e-08 8.63456802e-09 1
LGIC_C 130 -0.569959536 0.185038685 0.0250140096 4.34088259e-08 -8.63455061e-09 1
LGIC_C 131 0.383319923 0.208799187 0.0250140045 -4.82586616e-08 -1.31306776e-08 1
LGIC_C 132 -0.180113833 0.0452996679 0.0250139915 5.7878425e-08 4.89846948e-08 1
LGIC_C 133 -0.586851838 -0.0374864198 0.0250140091 4.34088238e-08 8.63459484e-09 1
LGIC_C 134 0.274711917 -0.635129509 0.0250140134 -2.45891087e-08 3.68002429e-08 1
LGIC_C 135 -0.23429604 -0.261399161 0.0250140008 2.81018674e-08 4.20574117e-08 1
LGIC_C 136 0.369369124 -0.303473936 0.0250140043 -3.68002179e-08 2.45891393e-08 1
LGIC_C 137 0.36982541 -0.386003873 0.0250140067 -1.31306721e-08 4.82586744e-08 1
LGIC_C 138 -0.700327762 -0.208705159 0.0250140093 4.96100935e-08 -4.19869172e-08 1
LGIC_C 139 0.138024401 -0.00262998683 0.0250139902 -4.96100802e-08 3.14742968e-08 1
LGIC_C 140 0.491848058 0.525886667 0.0250140147 -2.45891309e-08 -3.68002211e-08 1
LGIC_C 141 0.45047576 0.114848056 0.0250140038 -4.34088272e-08 -8.63453573e-09 1
LGIC_C 142 -0.454670252 -0.534381302 0.0250140176 3.95603082e-08 3.05989652e-08 1
LGIC_C 144 -0.45575832 -0.485711659 0.0250140157 -5.56021111e-08 -1.45571543e-08 -1
LGIC_C 145 0.217992927 0.00339404198 0.025013994 -4.96100869e-08 6.3366408e-09 1
LGIC_C 146 0.0267392578 0.547103654 0.0250140102 -6.33660387e-09 4.96100877e-08 -1
LGIC_C 147 -0.357902959 -0.344285679 0.0250140045 1.15916899e-08 4.97976879e-08 1
LGIC_C 149 0.552942934 0.484912515 0.0250140155 -3.68002282e-08 -2.45891172e-08 1
LGIC_C 150 0.393764033 0.132626121 0.0250140019 -4.96100869e-08 6.3366408e-09 1
LGIC_C 151 -0.0757119908 -0.67458638 0.0250140132 8.63456455e-09 4.34088336e-08 1
LGIC_C 152 0.284679149 0.538135533 0.025014013 1.3130701e-08 4.82586573e-08 -1
LGIC_C 153 0.185034174 -0.210854341 0.0250139977 -1.28239349e-08 5.73353226e-08 1
LGIC_C 154 0.144137281 0.469976065 0.025014008 -9.86806672e-09 -4.96100854e-08 1
LGIC_C 155 -0.507071517 0.136205519 0.0250140065 4.34088259e-08 -8.63455061e-09 1
LGIC_C 156 -0.226071692 0.0339414589 0.0250139934 4.34088259e-08 -8.63455061e-09 1
LGIC_C 157 -0.465168062 0.250256606 0.0250140051 6.28881943e-09 -7.55636452e-08 1
LGIC_C 158 0.345176476 0.189543946 0.025014004 3.37890593e-08 4.80634111e-08 -1
LGIC_C 159 0.776464087 0.0997645368 0.0250140178 -4.34088272e-08 -8.63453573e-09 1
LGIC_C 160 -0.317310808 -0.104953242 0.0250139942 -4.34088282e-08 2.70157287e-08 -1
LGIC_C 161 -0.421107658 0.105344044 0.0250140052 4.96100897e-08 -9.86805572e-09 1
LGIC_C 162 0.480257553 0.010377324 0.0250140072 -4.96100911e-08 -9.86803575e-09 1
LGIC_C 163 0.417636698 -0.260840229 0.0250140081 -4.20573976e-08 2.81018683e-08 1
LGIC_C 164 0.287471442 -0.599117806 0.0250140159 -1.31306721e-08 4.82586744e-08 1
LGIC_C 165 -0.32843418 0.0307366604 0.0250139987 4.96100851e-08 2.90231542e-08 1
LGIC_C 166 -0.112520528 -0.707623986 0.0250140168 2.48392553e-08 4.34088306e-08 1
LGIC_C 167 -0.565124012 0.56292928 0.0250140179 -4.82586679e-08 1.31306769e-08 -1
LGIC_C 168 -0.487995362 -0.233578303 0.025014001 5.39043203e-09 6.47688584e-08 1
LGIC_C 169 0.657131299 -0.533135064 0.0205448063 0.827616944 -0.552996408 0.0961517878
LGIC_C 171 -0.221649007 0.335644212 0.0250140054 1.28239438e-08 -5.73353116e-08 1
LGIC_C 172 0.277909887 0.156792162 0.0250139993 -4.20574004e-08 -2.81018564e-08 1
LGIC_C 173 0.651233909 0.282273431 0.0250140142 -3.68002282e-08 -2.45891172e-08 1
LGIC_C 174 -0.0705471373 -0.517359818 0.0250140075 2.48392553e-08 4.34088306e-08 1
LGIC_C 175 0.41241546 -0.301931422 0.0250140117 -3.37890406e-08 4.80634332e-08 1
LGIC_C 177 0.352120755 0.3564283 0.0250140081 -2.81018716e-08 -4.20573923e-08 1
LGIC_C 178 0.126422627 -0.638972526 0.0250140141 6.33663526e-09 4.9610097e-08 1
LGIC_C 180 -0.14780758 0.285804644 0.0250139994 2.8101852e-08 -4.20574041e-08 1
LGIC_C 181 -0.643229938 -0.30619799 0.0250140065 5.39043203e-09 6.47688584e-08 1
LGIC_C 183 0.641173484 0.306827601 0.0250140182 -4.82586616e-08 -1.31306776e-08 1
LGIC_C 184 0.712381295 -0.048861357 0.0250140154 -4.34088182e-08 2.48392526e-08 1
LGIC_C 185 0.386373783 -0.157965104 0.0250140039 -4.34088182e-08 2.48392526e-08 1
LGIC_C 186 -0.617656926 -0.290148363 0.0250140054 5.39043203e-09 6.47688584e-08 1
LGIC_C 188 -0.72722865 0.0757869311 0.0250140155 4.34088259e-08 -8.63455061e-09 1
LGIC_C 189 -0.543378608 0.298385825 0.0250140145 4.20574045e-08 -2.81018523e-08 1
LGIC_C 190 0.360549644 -0.701436781 0.0250140179 -2.45891087e-08 3.68002429e-08 1
LGIC_C 191 -0.441552287 -0.258442096 0.0250140024 5.39043203e-09 6.47688584e-08 1
LGIC_C 192 -0.28967867 0.100695797 0.0250139967 4.34088259e-08 -8.63455061e-09 1
LGIC_C 193 0.273166415 0.0995267486 0.0250139978 -4.96100911e-08 -9.86803575e-09 1
LGIC_C 194 -0.688845364 0.343576223 0.0250140171 3.68002297e-08 -2.45891157e-08 1
LGIC_C 195 0.380317023 0.411444094 0.0250140112 -2.81018716e-08 -4.20573923e-08 1
LGIC_C 196 0.724054991 0.415754085 0.0250140201 -3.68002282e-08 -2.45891172e-08 1
LGIC_C 197 -0.262862082 -0.5616876 0.0250140104 2.45891453e-08 3.68002268e-08 1
LGIC_C 198 0.526725647 -0.0605927782 0.0250140066 -4.34088226e-08 8.63456802e-09 1
LGIC_C 199 0.63718916 0.248648398 0.0250140133 -4.96100869e-08 6.3366408e-09 1
LGIC_C 200 0.703572296 -0.316108723 0.0250140169 -3.68002179e-08 2.45891393e-08 1
LGIC_C 201 0.236928611 0.12860729 0.0250139968 -4.20574004e-08 -2.81018564e-08 1
LGIC_C 202 -0.0270667424 -0.2846776 0.0250139963 2.48392553e-08 4.34088306e-08 1
LGIC_C 203 -0.144128583 -0.0145057462 0.02501399 -4.96100919e-08 2.90231703e-08 -1
LGIC_C 204 -0.369281467 0.55049638 0.0250140168 2.8101852e-08 -4.20574041e-08 1
LGIC_C 205 -0.0946469262 0.254457522 0.0250139968 9.86805557e-09 -4.96100883e-08 1
LGIC_C 206 0.65615056 -0.362430881 0.0250140163 -3.68002179e-08 2.45891393e-08 1
LGIC_C 207 -0.125723549 -0.489080345 0.0250140054 -4.89847109e-08 5.78784581e-08 1
LGIC_C 208 -0.513045408 0.387159331 0.0250140131 -4.82586679e-08 1.31306769e-08 -1
LGIC_C 209 -0.00844834722 -0.00253749734 0.0250139845 -1.38908242e-07 -2.76307273e-08 -1
LGIC_C 210 0.0654011046 0.269016127 0.0250139973 -9.86806672e-09 -4.96100854e-08 1
LGIC_C 212 -0.366512839 -0.509999416 0.0250140111 -5.56021111e-08 -1.45571543e-08 -1
LGIC_C 213 0.340288927 -0.353899566 0.0250140077 -2.81018481e-08 4.20574137e-08 1
LGIC_C 214 0.435300431 -0.0693382108 0.0250140027 -4.34088226e-08 8.63456802e-09 1
LGIC_C 215 -0.476098003 -0.0216119736 0.0250140041 4.34088238e-08 8.63459484e-09 1
LGIC_C 216 0.168506213 -0.214655077 0.0250139958 -1.31306721e-08 4.82586744e-08 1
LGIC_C 217 0.479066102 -0.379713762 0.0250140177 -3.37890406e-08 4.80634332e-08 1
LGIC_C 218 -0.264150556 0.469539385 0.0250140094 1.31306824e-08 -4.82586643e-08 1
LGIC_C 219 -0.267740699 -0.442069002 0.0250140074 3.95603082e-08 3.05989652e-08 1
LGIC_C 220 -0.732059573 -0.326614211 0.0250140182 3.68002489e-08 2.45891179e-08 1
LGIC_C 221 0.648164456 -0.385202008 0.0250140166 -3.68002179e-08 2.45891393e-08 1
LGIC_C 222 -0.496772336 -0.198787198 0.0250140022 -4.96100919e-08 2.90231703e-08 -1
LGIC_C 223 0.20594671 0.400379166 0.0250140067 -4.80634192e-08 -3.37890445e-08 1
LGIC_C 224 -0.37143194 0.0507635781 0.0250140002 4.96100851e-08 2.90231542e-08 1
LGIC_C 225 0.214524929 -0.671562804 0.0250140142 -8.63454093e-09 4.34088369e-08 1
LGIC_C 226 0.38385319 -0.157666308 0.0250140013 -4.34088226e-08 8.63456802e-09 1
LGIC_C 227 -0.177191332 0.498111935 0.0250140064 8.63455111e-09 -4.34088279e-08 1
LGIC_C 228 0.285988248 -0.296254064 0.0250140013 -1.31306721e-08 4.82586744e-08 1
LGIC_C 229 -0.512835773 -0.089506348 0.0250140063 4.34088238e-08 8.63459484e-09 1
LGIC_C 230 -0.665981587 -0.175600393 0.0250140074 -4.34088282e-08 2.70157287e-08 -1
LGIC_C 231 0.521831055 0.224932419 0.0250140117 3.37890593e-08 4.80634111e-08 -1
LGIC_C 232 -0.285186348 0.790636283 0.02501402 8.63455111e-09 -4.34088279e-08 1
LGIC_C 233 0.283563473 0.236409151 0.025014 -4.82586616e-08 -1.31306776e-08 1
LGIC_C 234 0.0221322549 -0.423394068 0.0250140018 -8.63454093e-09 4.34088369e-08 1
LGIC_C 235 0.352327538 0.446499669 0.0250140119 -2.81018716e-08 -4.20573923e-08 1
LGIC_C 236 0.311880431 -0.019099086 0.0250139972 -4.34088182e-08 2.48392526e-08 1
LGIC_C 239 0.48361032 -0.251298324 0.0250140106 -4.20573976e-08 2.81018683e-08 1
LGIC_C 240 0.149863005 -0.208069853 0.0250139971 -1.28239349e-08 5.73353226e-08 1
LGIC_C 241 -0.108775035 0.186867208 0.0250139942 2.8101852e-08 -4.20574041e-08 1
LGIC_C 242 0.603414916 -0.334611187 0.0250140197 -3.37890406e-08 4.80634332e-08 1
LGIC_C 243 -0.685578557 0.231501332 0.0250140196 4.96100897e-08 -9.86805572e-09 1
LGIC_C 246 0.427488487 0.438767591 0.0250140099 -2.45891309e-08 -3.68002211e-08 1
LGIC_C 247 -0.49196773 0.658206777 0.0250140196 2.45891128e-08 -3.68002333e-08 1
LGIC_C 248 0.0775879905 -0.0596345918 0.0250139876 -3.68002179e-08 2.45891393e-08 1
LGIC_C 249 0.530741331 -0.0779640988 0.025014012 -4.96100802e-08 3.14742968e-08 1
LGIC_C 250 0.253018693 0.510709088 0.0250140127 -4.80634192e-08 -3.37890445e-08 1
LGIC_C 251 0.0175547759 0.612449302 0.0250140135 -6.33660387e-09 4.96100877e-08 -1
LGIC_C 252 0.166803769 0.589395436 0.0250140177 -3.14742949e-08 -4.96100822e-08 1
LGIC_C 253 0.466019114 0.324008116 0.02501401 -4.82586616e-08 -1.31306776e-08 1
LGIC_C 255 -0.718699325 -0.046020849 0.0250140132 -4.34088282e-08 2.70157287e-08 -1
LGIC_C 256 -0.31400139 0.517701361 0.02501401 2.45891128e-08 -3.68002333e-08 1
LGIC_C 257 0.283199446 0.332945993 0.025014003 1.3130701e-08 4.82586573e-08 -1
LGIC_C 258 -0.298156429 0.573604067 0.0250140117 2.45891128e-08 -3.68002333e-08 1
LGIC_C 260 -0.029832443 -0.600707078 0.0250140133 9.8680833e-09 4.96100963e-08 1
LGIC_C 261 0.0770675513 0.653141034 0.0250140123 -8.63455884e-09 -4.34088253e-08 1
LGIC_C 262 -0.351306965 0.340479938 0.0250140076 4.20574045e-08 -2.81018523e-08 1
LGIC_C 263 -0.701499083 -0.157421514 0.0250140095 -4.34088282e-08 2.70157287e-08 -1
LGIC_C 264 0.425860923 -0.358708621 0.0250140077 -3.68002179e-08 2.45891393e-08 1
LGIC_C 265 0.192824817 0.0231288581 0.025013993 -4.96100911e-08 -9.86803575e-09 1
LGIC_C 266 -0.189456092 -0.327703727 0.0250140008 3.95603082e-08 3.05989652e-08 1
LGIC_C 267 -0.304450379 -0.280458572 0.0250140033 1.45571809e-08 5.5602105e-08 1
LGIC_C 268 -0.0483335263 -0.516361036 0.0250140074 -2.90231482e-08 4.96101036e-08 1
LGIC_C 269 -0.116458171 0.616050195 0.0250140131 -6.33661298e-09 -4.96100859e-08 1
LGIC_C 271 -0.460704004 -0.423875236 0.0250140106 3.68002489e-08 2.45891179e-08 1
LGIC_C 272 -0.357727633 0.282934412 0.0250140042 -4.82586679e-08 1.31306769e-08 -1
LGIC_C 273 0.754941342 -0.137664507 0.0250140194 -4.34088182e-08 2.48392526e-08 1
LGIC_C 274 -0.370261447 0.383049443 0.0250140065 2.45891128e-08 -3.68002333e-08 1
LGIC_C 275 0.0123673603 -0.510685207 0.0250140085 6.33663526e-09 4.9610097e-08 1
LGIC_C 276 -0.115943059 -0.494399523 0.0250140044 -2.90231482e-08 4.96101036e-08 1
LGIC_C 278 0.33364281 0.286065898 0.0250140026 -3.68002282e-08 -2.45891172e-08 1
LGIC_C 279 0.0990113464 -0.0211095357 0.0250139877 -4.34088226e-08 8.63456802e-09 1
LGIC_C 280 -0.268999375 -0.172080701 0.0250139967 1.45571809e-08 5.5602105e-08 1
LGIC_C 281 0.396958248 0.52704004 0.0250140201 -4.80634192e-08 -3.37890445e-08 1
LGIC_C 282 -0.261270998 -0.436296712 0.0250140069 3.95603082e-08 3.05989652e-08 1
LGIC_C 283 -0.251268489 -0.48435673 0.0250140053 7.55636799e-08 6.2887973e-09 1
LGIC_C 284 0.240820699 -0.801367622 0.0250140201 -8.63454093e-09 4.34088369e-08 1
LGIC_C 286 -0.542037027 0.0389749609 0.025014009 4.96100851e-08 2.90231542e-08 1
LGIC_C 287 -0.0749581955 -0.118147859 0.0250139894 2.45891453e-08 3.68002268e-08 1
LGIC_C 288 0.0669631665 -0.380121913 0.0250140017 6.33663526e-09 4.9610097e-08 1
LGIC_C 289 0.0230364145 -0.0248288886 0.0250139847 -2.45891087e-08 3.68002429e-08 1
LGIC_C 290 -0.361802507 -0.552694385 0.0250140167 2.81018674e-08 4.20574117e-08 1
LGIC_C 291 -0.502650545 0.426858419 0.0250140123 3.68002297e-08 -2.45891157e-08 1
LGIC_C 292 0.422354433 0.458281974 0.0250140144 -2.81018716e-08 -4.20573923e-08 1
LGIC_C 293 -0.680740279 -0.0944242844 0.0250140143 -4.96100919e-08 2.90231703e-08 -1
LGIC_C 295 -0.184963366 0.133008439 0.0250139945 6.28881943e-09 -7.55636452e-08 1
LGIC_C 296 0.498470527 0.227312568 0.0250140106 -4.20574004e-08 -2.81018564e-08 1
LGIC_C 297 0.0226895693 0.319408563 0.0250139973 -8.63455884e-09 -4.34088253e-08 1
LGIC_C 298 0.186711452 -0.530268993 0.0250140114 -9.86804037e-09 4.96101e-08 1
LGIC_C 299 -0.0682046551 -0.328981502 0.0250140002 9.8680833e-09 4.96100963e-08 1
LGIC_C 300 0.386109251 -0.0215627557 0.0250140005 -4.34088182e-08 2.48392526e-08 1
LGIC_C 301 0.108117079 0.394882224 0.0250140013 -8.63455884e-09 -4.34088253e-08 1
LGIC_C 302 0.427543343 0.347199018 0.025014011 -4.20574004e-08 -2.81018564e-08 1
LGIC_C 303 -0.020479697 0.36414711 0.0250140015 9.86805557e-09 -4.96100883e-08 1
LGIC_C 304 -0.170913324 0.323969544 0.0250140011 1.31306824e-08 -4.82586643e-08 1
LGIC_C 305 -0.472964553 0.213364058 0.0250140059 3.68002297e-08 -2.45891157e-08 1
LGIC_C 306 0.187070869 0.114216114 0.0250139951 3.37890593e-08 4.80634111e-08 -1
LGIC_C 307 -0.414123477 0.262246861 0.0250140067 -4.82586679e-08 1.31306769e-08 -1
LGIC_C 308 0.628851074 -0.282423335 0.0250140133 -3.68002179e-08 2.45891393e-08 1
LGIC_C 309 0.130778498 0.12906551 0.0250139912 -3.68002282e-08 -2.45891172e-08 1
LGIC_C 310 0.123314134 0.798287368 0.025014019 -8.63455884e-09 -4.34088253e-08 1
LGIC_C 311 0.572751653 0.604309423 0.0250140196 -2.45891309e-08 -3.68002211e-08 1
LGIC_C 312 0.305207046 0.228056568 0.0250140025 -4.20574004e-08 -2.81018564e-08 1
LGIC_C 313 0.647811219 0.357828441 0.0250140159 -3.68002282e-08 -2.45891172e-08 1
LGIC_C 314 -0.2697386 0.535699265 0.0250140096 2.45891128e-08 -3.68002333e-08 1
LGIC_C 315 -0.0566622136 0.0125909625 0.0250139862 4.96100897e-08 -9.86805572e-09 1
LGIC_C 318 -0.257847531 -0.356633969 0.0250140028 -5.56021111e-08 -1.45571543e-08 -1
LGIC_C 319 -0.479092492 -0.0730636877 0.0250140021 -4.34088282e-08 2.70157287e-08 -1
LGIC_C 320 0.393783193 0.60872759 0.0250140199 -2.81018716e-08 -4.20573923e-08 1
LGIC_C 322 0.526725214 0.269858622 0.0250140122 -4.82586616e-08 -1.31306776e-08 1
LGIC_C 323 -0.333289595 -0.630480312 0.0250140191 2.81018674e-08 4.20574117e-08 1
LGIC_C 324 0.0498995934 0.706289785 0.025014018 -6.33660387e-09 4.96100877e-08 -1
LGIC_C 325 0.492922265 0.61436984 0.025014018 -2.45891309e-08 -3.68002211e-08 1
LGIC_C 326 0.208345906 0.693017881 0.0250140163 -6.33660387e-09 4.96100877e-08 -1
LGIC_C 327 -0.326411772 -0.0615702073 0.0250139977 -4.96100919e-08 2.90231703e-08 -1
LGIC_C 328 -0.447609812 0.0222789067 0.0250140033 4.34088279e-08 -2.48392273e-08 1
LGIC_C 329 0.61405675 -0.179509379 0.0250140155 -4.96100859e-08 9.86807898e-09 1
LGIC_C 330 0.375864157 -0.0253921704 0.0250140027 -4.96100802e-08 3.14742968e-08 1
LGIC_C 331 0.220148115 -0.100313457 0.0250139939 -3.05989503e-08 3.95603122e-08 1
LGIC_C 332 -0.00537866001 -0.406347437 0.0250140034 9.8680833e-09 4.96100963e-08 1
LGIC_C 333 0.518837905 0.146431976 0.025014007 -4.34088272e-08 -8.63453573e-09 1
LGIC_C 334 0.236432112 0.762650764 0.0250140184 -8.63455884e-09 -4.34088253e-08 1
LGIC_C 335 0.219699381 0.537036576 0.0250140085 -6.33660387e-09 4.96100877e-08 -1
LGIC_C 336 -0.7317416 0.00970217094 0.0250140153 4.34088279e-08 -2.48392273e-08 1
LGIC_C 337 -0.0259069776 -0.00684257742 0.0250139842 -4.34088282e-08 2.70157287e-08 -1
LGIC_C 338 -0.245567929 0.334478156 0.0250140016 2.45891128e-08 -3.68002333e-08 1
LGIC_C 339 0.120138091 -0.170497499 0.025013993 -1.31306721e-08 4.82586744e-08 1
LGIC_C 340 -0.324561948 0.574980248 0.0250140166 2.8101852e-08 -4.20574041e-08 1
LGIC_C 341 0.0178481872 -0.683852362 0.0250140131 -8.63454093e-09 4.34088369e-08 1
LGIC_C 342 -0.80853186 -0.0662888444 0.0250140166 -4.34088282e-08 2.70157287e-08 -1
LGIC_C 343 0.20700892 0.482601552 0.0250140093 1.3130701e-08 4.82586573e-08 -1
LGIC_C 344 -0.12334077 0.0164233052 0.0250139896 5.7878425e-08 4.89846948e-08 1
LGIC_C 346 0.344821882 0.29485669 0.0250140032 -3.68002282e-08 -2.45891172e-08 1
LGIC_C 347 0.479193889 -0.15416463 0.0250140085 -4.96100859e-08 9.86807898e-09 1
LGIC_C 349 -0.206446175 -0.528254591 0.0250140034 -2.90231482e-08 4.96101036e-08 1
LGIC_C 350 -0.282943671 0.379136818 0.0250140042 2.45891128e-08 -3.68002333e-08 1
LGIC_C 352 -0.170834835 -0.238969163 0.0250139973 3.95603082e-08 3.05989652e-08 1
LGIC_C 353 -0.347522285 0.145505153 0.025014002 -4.82586679e-08 1.31306769e-08 -1
LGIC_C 354 0.176305105 0.198006765 0.0250139965 -2.81018716e-08 -4.20573923e-08 1
LGIC_C 355 0.087402855 -0.482779579 0.0250140103 1.00935263e-08 5.7878447e-08 1
LGIC_C 356 0.12173846 0.707806008 0.025014015 -8.63455884e-09 -4.34088253e-08 1
LGIC_C 357 0.728816307 0.167099741 0.0250140183 -4.96100869e-08 6.3366408e-09 1
LGIC_C 358 0.101200219 -0.0889466583 0.0250139911 -4.90669481e-08 3.27855328e-08 1
LGIC_C 359 -0.252265201 0.244185918 0.0250140033 6.28881943e-09 -7.55636452e-08 1
LGIC_C 360 -0.484029469 0.426647347 0.0250140116 3.68002297e-08 -2.45891157e-08 1
LGIC_C 361 0.601396982 -0.13339395 0.0250140144 -4.96100859e-08 9.86807898e-09 1
LGIC_C 362 -0.452965775 -0.111001657 0.0250140025 -4.96100919e-08 2.90231703e-08 -1
LGIC_C 363 -0.290510635 0.415246001 0.0250140071 1.31306824e-08 -4.82586643e-08 1
LGIC_C 365 0.606356389 -0.363417078 0.0250140189 -4.20573976e-08 2.81018683e-08 1
LGIC_C 366 -0.339207184 -0.772017944 0.0250140203 3.95603082e-08 3.05989652e-08 1
LGIC_C 367 0.354261985 -0.0980618693 0.025014001 -4.34088182e-08 2.48392526e-08 1
LGIC_C 368 -0.131777039 -0.335902276 0.0250140011 2.48392553e-08 4.34088306e-08 1
LGIC_C 369 -0.134611994 -0.658002946 0.025014012 -2.90231482e-08 4.96101036e-08 1
LGIC_C 370 -0.346501452 -0.607453074 0.0250140141 2.45891453e-08 3.68002268e-08 1
LGIC_C 371 0.223589955 0.0624892305 0.0250139935 -4.34088272e-08 -8.63453573e-09 1
LGIC_C 372 -0.0243109654 0.417713238 0.0250140016 8.63455111e-09 -4.34088279e-08 1
LGIC_C 373 -0.651591907 0.452197913 0.0250140184 3.68002297e-08 -2.45891157e-08 1
LGIC_C 374 0.0141966917 -0.205121309 0.0250139933 6.33663526e-09 4.9610097e-08 1
LGIC_C 375 0.131660211 -0.641202167 0.025014019 1.00935263e-08 5.7878447e-08 1
LGIC_C 376 0.415427606 0.393390507 0.0250140118 -4.20574004e-08 -2.81018564e-08 1
LGIC_C 377 0.291306867 0.138601352 0.0250139974 -3.68002282e-08 -2.45891172e-08 1
LGIC_C 378 -0.582974412 0.0686337419 0.0250140102 4.96100851e-08 2.90231542e-08 1
LGIC_C 379 -0.0310410961 -0.433602421 0.0250140051 9.8680833e-09 4.96100963e-08 1
LGIC_C 380 0.138828573 0.581169366 0.0250140135 -9.86806672e-09 -4.96100854e-08 1
LGIC_C 381 0.0341735296 0.63931317 0.0250140148 -6.33660387e-09 4.96100877e-08 -1
LGIC_C 382 0.577960547 -0.263965102 0.0250140154 -3.37890406e-08 4.80634332e-08 1
LGIC_C 384 -0.447847566 -0.419946323 0.0250140178 6.28883752e-09 7.55636663e-08 1
LGIC_C 386 0.475308223 -0.483875537 0.0250140127 -2.45891087e-08 3.68002429e-08 1
LGIC_C 387 0.554150989 -0.254342008 0.0250140142 -3.37890406e-08 4.80634332e-08 1
LGIC_C 388 -0.00973083474 0.414631735 0.0250140042 -3.14742797e-08 4.96100914e-08 -1
LGIC_C 390 0.570138443 -0.00309208332 0.0250140081 -4.34088182e-08 2.48392526e-08 1
LGIC_C 392 -0.214631641 -0.583164984 0.0250140059 -2.90231482e-08 4.96101036e-08 1
LGIC_C 393 -0.038898049 -0.296698023 0.0250139965 8.63456455e-09 4.34088336e-08 1
LGIC_C 395 0.366508601 0.412877164 0.025014008 1.3130701e-08 4.82586573e-08 -1
LGIC_C 396 0.248864433 0.414742381 0.0250140065 1.3130701e-08 4.82586573e-08 -1
LGIC_C 397 -0.681488755 0.281874497 0.0250140153 4.34088259e-08 -8.63455061e-09 1
LGIC_C 398 -0.539567785 0.253740167 0.0250140137 3.37890593e-08 -4.80634052e-08 1
LGIC_C 399 0.613899238 -0.174102043 0.0250140192 -4.96100802e-08 3.14742968e-08 1
NT 7181 -1.82928757 -4.5643563 -1.36028187 0 0 0
NT 7817 0.909647401 1.90899996 -0.0477845859 0 0 0
LGIC_O 4402 -0.0345878633 0.265675272 0.025013999 1.15127271e-08 -5.78784352e-08 1
LGIC_O 4401 -0.1840676 0.0972239463 0.0250139942 3.37890593e-08 -4.80634052e-08 1
LGIC_O 4400 -0.175025146 0.0137516014 0.0250139927 5.7878425e-08 4.89846948e-08 1
LGIC_O 8441 0.636913646 -0.12672076 0.0250140188 -4.96100802e-08 3.14742968e-08 1
LGIC_O 8440 0.314831804 -0.521242477 0.0250140191 -3.27854948e-08 4.90669785e-08 1
LGIC_O 8439 0.567487089 -0.204519113 0.0250140184 -5.78784275e-08 1.15127558e-08 1
LGIC_O 8438 -0.495463838 -0.478991786 0.0250140171 1.45571809e-08 5.5602105e-08 1
LGIC_O 8437 -0.0865332912 0.0753896135 0.0250139898 3.37890593e-08 -4.80634052e-08 1
LGIC_O 8436 0.281965125 0.349247805 0.0250140096 -3.27855134e-08 -4.90669575e-08 1
LGIC_O 8435 -0.281577291 0.489075666 0.0250140165 3.27854968e-08 -4.90669676e-08 1
LGIC_O 8434 -0.605092982 -0.110313414 0.0250140129 5.7878436e-08 -4.89847332e-08 1
LGIC_O 8433 0.701586212 -0.0117142491 0.0250140184 -4.96100802e-08 3.14742968e-08 1
LGIC_O 8432 0.426050556 0.664856809 0.0250140182 -2.45891309e-08 -3.68002211e-08 1
LGIC_O 8431 -0.53569519 -0.176489801 0.025014008 4.34088238e-08 8.63459484e-09 1
LGIC_O 8430 -0.206044735 -0.180448528 0.0250139982 6.28883752e-09 7.55636663e-08 1
LGIC_O 8429 0.342033035 -0.34268384 0.0250140113 -3.27854948e-08 4.90669785e-08 1
LGIC_O 8428 0.576112066 -0.314703408 0.0250140178 -3.37890406e-08 4.80634332e-08 1
LGIC_O 8427 0.236726308 -0.318077646 0.0250140066 -3.27854948e-08 4.90669785e-08 1
LGIC_O 8426 -0.0976488914 -0.110862836 0.0250139913 7.55636799e-08 6.2887973e-09 1
LGIC_O 8425 0.534646383 -0.195059479 0.0250140164 -5.78784275e-08 1.15127558e-08 1
LGIC_O 8424 0.219544679 -0.315091025 0.0250140059 -3.27854948e-08 4.90669785e-08 1
LGIC_O 8423 -0.608846757 -0.593779315 0.0250140203 3.68002489e-08 2.45891179e-08 1
LGIC_O 8422 0.564815598 -0.372450199 0.0250140202 -3.37890406e-08 4.80634332e-08 1
LGIC_O 8421 0.550750457 0.0902902064 0.0250140162 -5.78784335e-08 -1.15127284e-08 1
LGIC_O 8420 0.175418091 0.0610257495 0.0250139941 -5.78784335e-08 -1.15127284e-08 1
LGIC_O 8419 0.142777714 0.100831833 0.0250139936 -4.90669739e-08 -3.27854893e-08 1
LGIC_O 4418 0.0575220985 -0.190210297 0.0250139949 -1.15127059e-08 5.78784511e-08 1
LGIC_O 4417 -0.118754336 -0.170834128 0.0250139938 2.81018674e-08 4.20574117e-08 1
LGIC_O 4416 0.593239316 0.0786534269 0.0250140185 -5.78784335e-08 -1.15127284e-08 1
LGIC_O 4415 0.0853954366 -0.420999761 0.0250140086 -1.15127059e-08 5.78784511e-08 1
LGIC_O 4414 -0.374457097 -0.228026162 0.0250140026 3.68002489e-08 2.45891179e-08 1
LGIC_O 4413 0.577482781 -0.285169834 0.0250140164 -3.37890406e-08 4.80634332e-08 1
LGIC_O 4412 -0.484325859 0.306166979 0.0250140144 3.37890593e-08 -4.80634052e-08 1
LGIC_O 4411 0.44777829 -0.0963194904 0.0250140103 -5.78784275e-08 1.15127558e-08 1
LGIC_O 4410 0.28281874 -0.503567977 0.0250140172 -3.27854948e-08 4.90669785e-08 1
LGIC_O 4409 -0.116204576 -0.152585731 0.025013993 7.55636799e-08 6.2887973e-09 1
LGIC_O 4408 -0.333519821 0.289166147 0.0250140084 3.37890593e-08 -4.80634052e-08 1
LGIC_O 4407 -0.148720782 -0.636306108 0.0250140163 9.8680833e-09 4.96100963e-08 1
LGIC_O 4406 0.336173082 -0.328141715 0.0250140105 -4.90669481e-08 3.27855328e-08 1
LGIC_O 4405 -0.249510429 -0.168914007 0.0250139976 6.28883752e-09 7.55636663e-08 1
LGIC_O 4404 0.0811982327 0.141649416 0.0250139929 -3.27855134e-08 -4.90669575e-08 1
LGIC_O 4403 0.0533120499 -0.19689515 0.0250139952 -1.15127059e-08 5.78784511e-08 1
