LGIC_C 0 0.46281088 0.205416967 0.0250140085 -4.20574004e-08 -2.81018564e-08 1
LGIC_C 1 -0.264701634 0.0492475457 0.0250139952 4.34088259e-08 -8.63455061e-09 1
LGIC_C 2 -0.536520982 0.157693355 0.0250140114 4.96100897e-08 -9.86805572e-09 1
LGIC_C 3 0.268328316 -0.686307245 0.0250140199 -9.86804037e-09 4.96101e-08 1
LGIC_C 4 -0.460925888 -0.191779203 0.0250140006 6.28883752e-09 7.55636663e-08 1
LGIC_C 5 0.104423271 -0.574648773 0.0250140154 1.00935263e-08 5.7878447e-08 1
LGIC_C 6 -0.329818901 0.540653213 0.0250140185 1.28239438e-08 -5.73353116e-08 1
LGIC_C 7 -0.714870326 0.447322985 0.00778466966 -0.827617296 0.552995934 0.0961514895
LGIC_C 8 -0.106983913 0.322632778 0.0250139982 8.63455111e-09 -4.34088279e-08 1
LGIC_C 9 -0.472036448 -0.251037041 0.0250140052 6.28883752e-09 7.55636663e-08 1
LGIC_C 10 -0.355879798 -0.587926906 0.0250140153 3.95603082e-08 3.05989652e-08 1
LGIC_C 11 0.174633658 0.560801951 0.02501401 -6.33660387e-09 4.96100877e-08 -1
LGIC_C 12 0.413759048 0.226532757 0.025014011 -4.90669739e-08 -3.27854893e-08 1
LGIC_C 13 0.713527367 -0.106805455 0.0250140197 -4.96100859e-08 9.86807898e-09 1
LGIC_C 14 0.672709814 0.242558938 0.0250140151 -4.96100869e-08 6.3366408e-09 1
LGIC_C 15 -0.461549844 -0.369964636 0.0250140097 5.39043203e-09 6.47688584e-08 1
LGIC_C 16 0.618984952 -0.107389414 0.025014015 -4.96100859e-08 9.86807898e-09 1
LGIC_C 17 -0.514011184 0.383106773 0.0250140131 -4.82586679e-08 1.31306769e-08 -1
LGIC_C 18 0.297591031 -0.461479165 0.025014011 -2.81018481e-08 4.20574137e-08 1
LGIC_C 21 -0.0171459446 -0.18180148 0.0250139917 -2.90231482e-08 4.96101036e-08 1
LGIC_C 22 0.186237589 0.60208949 0.025014015 -9.86806672e-09 -4.96100854e-08 1
LGIC_C 23 -0.518246371 0.439748332 0.0250140132 3.68002297e-08 -2.45891157e-08 1
LGIC_C 24 0.13732786 0.407258107 0.0250140048 -9.86806672e-09 -4.96100854e-08 1
LGIC_C 25 0.343641553 -0.0402907287 0.0250139985 -4.34088226e-08 8.63456802e-09 1
LGIC_C 27 -0.298196139 0.536766799 0.0250140194 3.27854968e-08 -4.90669676e-08 1
LGIC_C 28 0.6479225 0.0876317646 0.0250140121 -4.34088272e-08 -8.63453573e-09 1
LGIC_C 30 0.665478719 0.165430714 0.0250140152 -4.96100869e-08 6.3366408e-09 1
LGIC_C 31 -0.410024876 -0.418716858 0.0250140123 3.95603082e-08 3.05989652e-08 1
LGIC_C 32 0.044874162 0.0982578555 0.0250139886 -2.81018716e-08 -4.20573923e-08 1
LGIC_C 33 -0.0133197964 0.628870813 0.0250140107 8.63455111e-09 -4.34088279e-08 1
LGIC_C 35 -0.158581089 -0.511629961 0.025014004 -2.90231482e-08 4.96101036e-08 1
LGIC_C 36 0.448437472 -0.608992916 0.0250140167 -2.45891087e-08 3.68002429e-08 1
LGIC_C 37 0.0930965527 0.796512256 0.0250140186 -8.63455884e-09 -4.34088253e-08 1
LGIC_C 38 0.765270928 -0.324051004 0.0250140195 -3.05989503e-08 3.95603122e-08 1
LGIC_C 39 0.673013288 0.256550692 0.0250140147 -4.34088272e-08 -8.63453573e-09 1
LGIC_C 40 -0.687621914 0.0118988018 0.0250140134 4.34088279e-08 -2.48392273e-08 1
LGIC_C 41 -0.509164418 0.606256274 0.0250140181 2.45891128e-08 -3.68002333e-08 1
LGIC_C 42 -0.276349516 -0.685499839 0.0250140154 8.63456455e-09 4.34088336e-08 1
LGIC_C 43 -0.629052674 -0.483115497 0.0250140146 1.15916899e-08 4.97976879e-08 1
LGIC_C 44 0.343839397 0.514857851 0.0250140126 1.3130701e-08 4.82586573e-08 -1
LGIC_C 45 -0.00862485039 -0.198984746 0.0250139921 2.48392553e-08 4.34088306e-08 1
LGIC_C 46 -0.209949304 -0.173634986 0.0250139956 5.39043203e-09 6.47688584e-08 1
LGIC_C 47 0.541698101 -0.195207535 0.0250140168 -5.78784275e-08 1.15127558e-08 1
LGIC_C 48 -0.10122874 -0.390199053 0.0250140011 8.63456455e-09 4.34088336e-08 1
LGIC_C 51 -0.624747025 -0.0339975595 0.0250140107 4.34088238e-08 8.63459484e-09 1
LGIC_C 52 0.667300998 -0.20292633 0.0250140172 -4.34088182e-08 2.48392526e-08 1
LGIC_C 53 0.344895139 -0.109335619 0.0250140009 -4.34088182e-08 2.48392526e-08 1
LGIC_C 54 -0.0472578242 -0.226117996 0.025013994 -4.89847109e-08 5.78784581e-08 1
LGIC_C 55 0.447941414 0.519289709 0.0250140142 1.3130701e-08 4.82586573e-08 -1
LGIC_C 56 -0.139445835 -0.255413615 0.0250139947 -5.56021111e-08 -1.45571543e-08 -1
LGIC_C 57 -0.0838832356 0.384558698 0.025014005 -3.14742797e-08 4.96100914e-08 -1
LGIC_C 58 0.485315789 -0.107433716 0.025014007 -4.34088182e-08 2.48392526e-08 1
LGIC_C 59 -0.376304955 -0.198346061 0.0250139997 1.45571809e-08 5.5602105e-08 1
LGIC_C 60 0.132484384 0.498115301 0.0250140121 -3.14742949e-08 -4.96100822e-08 1
LGIC_C 61 -0.39351501 0.344393198 0.0250140095 4.20574045e-08 -2.81018523e-08 1
LGIC_C 62 -0.0197899466 0.399940656 0.0250140037 -3.14742797e-08 4.96100914e-08 -1
LGIC_C 63 0.258264325 -0.0054114493 0.0250139961 -4.96100859e-08 9.86807898e-09 1
LGIC_C 64 -0.246298171 0.00104599811 0.0250139975 5.7878425e-08 4.89846948e-08 1
LGIC_C 65 0.0240483856 0.362263204 0.0250140011 -6.33660387e-09 4.96100877e-08 -1
LGIC_C 66 -0.258561613 -0.317123173 0.0250140013 2.45891453e-08 3.68002268e-08 1
LGIC_C 67 -0.459340743 0.410515864 0.0250140172 6.28881943e-09 -7.55636452e-08 1
LGIC_C 68 -0.680662367 -0.122458411 0.0250140095 -4.34088282e-08 2.70157287e-08 -1
LGIC_C 69 -0.668906019 -0.330515755 0.025014016 3.68002489e-08 2.45891179e-08 1
LGIC_C 70 -0.0425783459 0.376435728 0.025014 8.63455111e-09 -4.34088279e-08 1
LGIC_C 72 0.149283076 0.417840991 0.0250140027 -8.63455884e-09 -4.34088253e-08 1
LGIC_C 73 -0.0152563306 0.00178805391 0.025013984 4.34088279e-08 -2.48392273e-08 1
LGIC_C 74 0.510564653 0.495159943 0.0250140144 -4.82586616e-08 -1.31306776e-08 1
LGIC_C 75 0.548334577 -0.592197916 0.0250140185 -2.45891087e-08 3.68002429e-08 1
LGIC_C 76 -0.71427098 0.0321117322 0.0250140178 4.96100851e-08 2.90231542e-08 1
LGIC_C 77 0.362495417 -0.253737257 0.0250140044 -3.05989503e-08 3.95603122e-08 1
LGIC_C 79 -0.594782102 -0.270871724 0.0250140036 1.15916899e-08 4.97976879e-08 1
LGIC_C 80 0.732549575 0.0200906676 0.0250140152 -4.34088272e-08 -8.63453573e-09 1
LGIC_C 81 0.0578644787 0.663769193 0.0250140158 -6.33660387e-09 4.96100877e-08 -1
LGIC_C 82 0.452025173 -0.261511166 0.0250140074 -3.05989503e-08 3.95603122e-08 1
LGIC_C 83 -0.35473326 0.252850314 0.0250140037 -4.82586679e-08 1.31306769e-08 -1
LGIC_C 84 0.218580032 0.500806917 0.0250140105 -2.81018716e-08 -4.20573923e-08 1
LGIC_C 85 -0.0501096659 0.0542137911 0.025013987 1.28239438e-08 -5.73353116e-08 1
LGIC_C 87 -0.32315539 -0.215727719 0.0250139999 1.45571809e-08 5.5602105e-08 1
LGIC_C 88 -0.560706434 -0.496250869 0.0250140144 1.15916899e-08 4.97976879e-08 1
LGIC_C 89 0.24108369 -0.484346476 0.0250140098 -1.31306721e-08 4.82586744e-08 1
LGIC_C 90 -0.360623216 -0.345994483 0.0250140077 1.45571809e-08 5.5602105e-08 1
LGIC_C 91 0.177832469 0.822732344 0.023363399 0.194186548 0.976240951 0.0961519121
LGIC_C 92 0.250111864 -0.738132607 0.0250140183 6.33663526e-09 4.9610097e-08 1
LGIC_C 93 -0.0268295001 0.58086522 0.0250140119 -6.33661298e-09 -4.96100859e-08 1
LGIC_C 94 0.157357207 -0.0409970914 0.0250139923 -4.96100802e-08 3.14742968e-08 1
LGIC_C 95 -0.318295376 -0.462790593 0.0250140077 -5.56021111e-08 -1.45571543e-08 -1
LGIC_C 96 0.271233636 -0.0564986443 0.0250139972 -4.96100859e-08 9.86807898e-09 1
LGIC_C 97 -0.391774747 0.0558343705 0.0250140011 4.96100851e-08 2.90231542e-08 1
LGIC_C 98 -0.325060485 -0.603316254 0.0250140146 3.95603082e-08 3.05989652e-08 1
LGIC_C 99 0.211356468 -0.0410712207 0.025013995 -4.96100802e-08 3.14742968e-08 1
LGIC_C 100 -0.365077477 -0.431040342 0.0250140081 2.45891453e-08 3.68002268e-08 1
LGIC_C 101 -0.388915854 0.00377233475 0.0250140026 4.96100897e-08 -9.86805572e-09 1
LGIC_C 102 -0.445687976 0.456279733 0.0250140151 1.28239438e-08 -5.73353116e-08 1
LGIC_C 103 -0.43039523 -0.0137885809 0.0250140016 -4.34088282e-08 2.70157287e-08 -1
LGIC_C 104 0.615395879 -0.215632389 0.0250140159 -4.96100859e-08 9.86807898e-09 1
LGIC_C 105 -0.304220196 0.141318565 0.0250139979 3.68002297e-08 -2.45891157e-08 1
LGIC_C 106 -0.276463029 0.744735252 0.025014018 8.63455111e-09 -4.34088279e-08 1
LGIC_C 107 -0.645929556 -0.269898597 0.0250140042 5.39043203e-09 6.47688584e-08 1
LGIC_C 108 -0.0366691751 -0.503965663 0.025014006 2.48392553e-08 4.34088306e-08 1
LGIC_C 110 -0.231778696 -0.730687724 0.025014017 8.63456455e-09 4.34088336e-08 1
LGIC_C 111 -0.510453272 -0.126228318 0.0250140049 -4.96100919e-08 2.90231703e-08 -1
LGIC_C 112 0.684876156 -0.0561318638 0.025014019 -4.96100802e-08 3.14742968e-08 1
LGIC_C 113 -0.0491634861 -0.70772396 0.0250140152 2.48392553e-08 4.34088306e-08 1
LGIC_C 114 -0.340230411 0.390961512 0.0250140101 1.28239438e-08 -5.73353116e-08 1
LGIC_C 115 0.467328057 -0.395337267 0.0250140132 -3.05989503e-08 3.95603122e-08 1
LGIC_C 116 0.116815391 -0.458889709 0.0250140086 1.00935263e-08 5.7878447e-08 1
LGIC_C 117 -0.180610691 -0.0727032778 0.0250139891 -4.34088282e-08 2.70157287e-08 -1
LGIC_C 118 -0.311895603 -0.327773411 0.0250140054 -5.56021111e-08 -1.45571543e-08 -1
LGIC_C 119 0.0798441781 0.4684195 0.0250140073 -9.86806672e-09 -4.96100854e-08 1
LGIC_C 120 0.00881531755 0.50144523 0.0250140081 -6.33660387e-09 4.96100877e-08 -1
LGIC_C 121 -0.517637857 -0.436322253 0.025014011 1.15916899e-08 4.97976879e-08 1
LGIC_C 122 0.627033077 -0.376872869 0.0250140156 -3.68002179e-08 2.45891393e-08 1
LGIC_C 124 0.558354795 -0.498857161 0.025014016 -3.68002179e-08 2.45891393e-08 1
LGIC_C 125 0.116858706 -0.157193214 0.0250139924 -1.31306721e-08 4.82586744e-08 1
LGIC_C 126 0.630040601 -0.42698189 0.0250140194 -3.05989503e-08 3.95603122e-08 1
LGIC_C 127 0.211685818 -0.285527645 0.0250139998 -1.31306721e-08 4.82586744e-08 1
LGIC_C 128 0.237899283 -0.263078875 0.0250139988 -2.45891087e-08 3.68002429e-08 1
LGIC_C 129 0.432121607 -0.0884447174 0.0250140028 -4.34088226e-08 8.63456802e-09 1
LGIC_C 130 -0.540741527 0.197525755 0.0250140084 4.34088259e-08 -8.63455061e-09 1
LGIC_C 131 0.402725658 0.237213377 0.0250140058 -4.82586616e-08 -1.31306776e-08 1
LGIC_C 132 -0.179983519 0.0496065676 0.0250139912 5.7878425e-08 4.89846948e-08 1
LGIC_C 133 -0.587560426 -0.048690801 0.0250140092 4.34088238e-08 8.63459484e-09 1
LGIC_C 134 0.24812949 -0.625052228 0.0250140125 -8.63454093e-09 4.34088369e-08 1
LGIC_C 135 -0.238203157 -0.260844676 0.0250140009 2.81018674e-08 4.20574117e-08 1
LGIC_C 136 0.351371397 -0.292120919 0.0250140033 -3.68002179e-08 2.45891393e-08 1
LGIC_C 137 0.349168006 -0.369442034 0.0250140056 -1.31306721e-08 4.82586744e-08 1
LGIC_C 138 -0.699934972 -0.217357692 0.0250140089 4.96100935e-08 -4.19869172e-08 1
LGIC_C 139 0.144841203 -0.0233706018 0.0250139911 -4.96100802e-08 3.14742968e-08 1
LGIC_C 140 0.51307545 0.544841826 0.0250140159 -2.45891309e-08 -3.68002211e-08 1
LGIC_C 141 0.457615516 0.108958328 0.025014004 -4.34088272e-08 -8.63453573e-09 1
LGIC_C 142 -0.43865765 -0.557674147 0.0250140177 3.95603082e-08 3.05989652e-08 1
LGIC_C 144 -0.445223433 -0.481630998 0.025014015 -5.56021111e-08 -1.45571543e-08 -1
LGIC_C 145 0.215787429 0.0218414421 0.0250139938 -4.96100869e-08 6.3366408e-09 1
LGIC_C 146 0.0111217893 0.559565314 0.0250140111 -9.86806672e-09 -4.96100854e-08 1
LGIC_C 147 -0.342387258 -0.351361962 0.0250140046 2.45891453e-08 3.68002268e-08 1
LGIC_C 149 0.553373397 0.472982701 0.0250140152 -3.68002282e-08 -2.45891172e-08 1
LGIC_C 150 0.371625946 0.105424968 0.025014001 -4.96100869e-08 6.3366408e-09 1
LGIC_C 151 -0.0678954776 -0.682442256 0.0250140134 8.63456455e-09 4.34088336e-08 1
LGIC_C 152 0.284106425 0.533882294 0.0250140128 1.3130701e-08 4.82586573e-08 -1
LGIC_C 153 0.173380772 -0.179354492 0.0250139957 -1.28239349e-08 5.73353226e-08 1
LGIC_C 154 0.141408472 0.48191371 0.0250140086 -9.86806672e-09 -4.96100854e-08 1
LGIC_C 155 -0.510282205 0.1692079 0.0250140069 4.34088259e-08 -8.63455061e-09 1
LGIC_C 156 -0.230379991 0.0398898707 0.0250139936 4.34088259e-08 -8.63455061e-09 1
LGIC_C 157 -0.46331176 0.269461772 0.0250140066 6.28881943e-09 -7.55636452e-08 1
LGIC_C 158 0.319264092 0.187614291 0.0250140031 3.37890593e-08 4.80634111e-08 -1
LGIC_C 159 0.786061717 0.109747878 0.0250140183 -4.34088272e-08 -8.63453573e-09 1
LGIC_C 160 -0.312487017 -0.0832119511 0.0250139946 -4.34088282e-08 2.70157287e-08 -1
LGIC_C 161 -0.427455648 0.0968853727 0.0250140054 4.96100897e-08 -9.86805572e-09 1
LGIC_C 162 0.466137968 0.0145765531 0.0250140065 -4.96100911e-08 -9.86803575e-09 1
LGIC_C 163 0.387546244 -0.246632693 0.0250140065 -4.20573976e-08 2.81018683e-08 1
LGIC_C 164 0.287659127 -0.601411663 0.025014016 -1.31306721e-08 4.82586744e-08 1
LGIC_C 165 -0.364810895 0.0646800686 0.0250139995 4.96100851e-08 2.90231542e-08 1
LGIC_C 166 -0.112794831 -0.698248911 0.0250140164 2.48392553e-08 4.34088306e-08 1
LGIC_C 167 -0.582537431 0.582239445 0.025014019 3.68002297e-08 -2.45891157e-08 1
LGIC_C 168 -0.487187527 -0.242209414 0.0250140015 5.39043203e-09 6.47688584e-08 1
LGIC_C 169 0.665362855 -0.52203535 0.013530144 0.827616944 -0.552996408 0.0961517878
LGIC_C 171 -0.244963291 0.330393019 0.0250140054 1.28239438e-08 -5.73353116e-08 1
LGIC_C 172 0.281218154 0.138187145 0.025013999 -4.20574004e-08 -2.81018564e-08 1
LGIC_C 173 0.653773842 0.287941393 0.0250140144 -3.68002282e-08 -2.45891172e-08 1
LGIC_C 174 -0.0768379911 -0.481396312 0.025014006 2.48392553e-08 4.34088306e-08 1
LGIC_C 175 0.416766491 -0.315517646 0.0250140125 -3.37890406e-08 4.80634332e-08 1
LGIC_C 177 0.332878197 0.356382304 0.0250140076 -2.81018716e-08 -4.20573923e-08 1
LGIC_C 178 0.132824001 -0.609945326 0.0250140127 6.33663526e-09 4.9610097e-08 1
LGIC_C 180 -0.149566434 0.264764488 0.0250139986 2.8101852e-08 -4.20574041e-08 1
LGIC_C 181 -0.657934159 -0.300609275 0.0250140062 5.39043203e-09 6.47688584e-08 1
LGIC_C 183 0.65526739 0.27325877 0.0250140184 -4.82586616e-08 -1.31306776e-08 1
LGIC_C 184 0.688858812 -0.0396154996 0.0250140141 -4.34088182e-08 2.48392526e-08 1
LGIC_C 185 0.373393287 -0.16508123 0.0250140012 -3.05989503e-08 3.95603122e-08 1
LGIC_C 186 -0.621603133 -0.275543607 0.0250140044 5.39043203e-09 6.47688584e-08 1
LGIC_C 188 -0.724643216 0.0968094919 0.0250140156 4.34088259e-08 -8.63455061e-09 1
LGIC_C 189 -0.540710661 0.305255845 0.0250140146 4.20574045e-08 -2.81018523e-08 1
LGIC_C 190 0.345317443 -0.716117939 0.0250140181 -2.45891087e-08 3.68002429e-08 1
LGIC_C 191 -0.448713262 -0.250237352 0.0250140019 5.39043203e-09 6.47688584e-08 1
LGIC_C 192 -0.283261111 0.114899477 0.0250139966 4.34088259e-08 -8.63455061e-09 1
LGIC_C 193 0.272415205 0.100252217 0.0250139977 -4.96100911e-08 -9.86803575e-09 1
LGIC_C 194 -0.708141034 0.36240584 0.0250140182 3.68002297e-08 -2.45891157e-08 1
LGIC_C 195 0.362444823 0.394671488 0.02501401 -2.81018716e-08 -4.20573923e-08 1
LGIC_C 196 0.715467733 0.400241281 0.0250140194 -3.68002282e-08 -2.45891172e-08 1
LGIC_C 197 -0.250542966 -0.555017981 0.0250140098 2.45891453e-08 3.68002268e-08 1
LGIC_C 198 0.49912501 -0.0594358946 0.0250140054 -4.34088226e-08 8.63456802e-09 1
LGIC_C 199 0.654043175 0.259794675 0.025014014 -4.96100869e-08 6.3366408e-09 1
LGIC_C 200 0.713769621 -0.317919413 0.0250140173 -3.68002179e-08 2.45891393e-08 1
LGIC_C 201 0.244727547 0.114497029 0.0250139968 -4.20574004e-08 -2.81018564e-08 1
LGIC_C 202 -0.0263708032 -0.274032691 0.0250139958 2.48392553e-08 4.34088306e-08 1
LGIC_C 203 -0.137282537 -0.000604178494 0.0250139901 4.96100935e-08 -4.19869172e-08 1
LGIC_C 204 -0.392398181 0.548123796 0.0250140174 2.8101852e-08 -4.20574041e-08 1
LGIC_C 205 -0.100423087 0.260356808 0.0250139972 9.86805557e-09 -4.96100883e-08 1
LGIC_C 206 0.658849571 -0.339215371 0.0250140158 -3.68002179e-08 2.45891393e-08 1
LGIC_C 207 -0.110493385 -0.467755974 0.0250140049 -4.89847109e-08 5.78784581e-08 1
LGIC_C 208 -0.510716301 0.418366244 0.0250140134 -4.82586679e-08 1.31306769e-08 -1
LGIC_C 209 -0.00994844765 0.00583662127 0.0250139849 -1.17760707e-07 7.86851935e-08 -1
LGIC_C 210 0.0747718171 0.274521168 0.0250139976 -9.86806672e-09 -4.96100854e-08 1
LGIC_C 212 -0.370633765 -0.53171056 0.0250140116 -5.56021111e-08 -1.45571543e-08 -1
LGIC_C 213 0.351565471 -0.386390499 0.0250140094 -2.81018481e-08 4.20574137e-08 1
LGIC_C 214 0.462873152 -0.0725580445 0.025014004 -4.34088226e-08 8.63456802e-09 1
LGIC_C 215 -0.499033821 -0.0321772106 0.0250140052 4.34088238e-08 8.63459484e-09 1
LGIC_C 216 0.16093324 -0.198329341 0.0250139949 -1.31306721e-08 4.82586744e-08 1
LGIC_C 217 0.481018974 -0.360238307 0.0250140168 -3.37890406e-08 4.80634332e-08 1
LGIC_C 218 -0.257443896 0.473346972 0.0250140095 1.31306824e-08 -4.82586643e-08 1
LGIC_C 219 -0.26500791 -0.424017613 0.0250140067 3.95603082e-08 3.05989652e-08 1
LGIC_C 220 -0.74856015 -0.322208812 0.0250140187 3.68002489e-08 2.45891179e-08 1
LGIC_C 221 0.644742057 -0.418011341 0.0250140172 -3.68002179e-08 2.45891393e-08 1
LGIC_C 222 -0.505995476 -0.20668934 0.0250140024 -4.96100919e-08 2.90231703e-08 -1
LGIC_C 223 0.206074437 0.409334184 0.025014007 -4.80634192e-08 -3.37890445e-08 1
LGIC_C 224 -0.368245919 0.0323269459 0.0250140006 4.96100851e-08 2.90231542e-08 1
LGIC_C 225 0.228970543 -0.682198512 0.0250140148 -8.63454093e-09 4.34088369e-08 1
LGIC_C 226 0.3842657 -0.140359401 0.0250140011 -4.34088226e-08 8.63456802e-09 1
LGIC_C 227 -0.165878029 0.499008156 0.0250140064 8.63455111e-09 -4.34088279e-08 1
LGIC_C 228 0.29255432 -0.275392349 0.0250140031 -3.05989503e-08 3.95603122e-08 1
LGIC_C 229 -0.518157714 -0.0701842501 0.0250140064 4.34088238e-08 8.63459484e-09 1
LGIC_C 230 -0.689423209 -0.16636227 0.0250140087 -4.34088282e-08 2.70157287e-08 -1
LGIC_C 231 0.525359233 0.262035379 0.0250140136 3.37890593e-08 4.80634111e-08 -1
LGIC_C 232 -0.285556485 0.801316385 0.0218993517 -0.194186377 0.976241021 0.0961515493
LGIC_C 233 0.281401159 0.247553132 0.0250140001 -4.82586616e-08 -1.31306776e-08 1
LGIC_C 234 0.0257309308 -0.438247573 0.0250140025 -8.63454093e-09 4.34088369e-08 1
LGIC_C 235 0.370851807 0.440815393 0.0250140122 -2.81018716e-08 -4.20573923e-08 1
LGIC_C 236 0.308674799 -0.0130501692 0.025013997 -4.34088182e-08 2.48392526e-08 1
LGIC_C 239 0.491189788 -0.242734452 0.0250140107 -4.20573976e-08 2.81018683e-08 1
LGIC_C 240 0.1424709 -0.190697856 0.025013996 -1.28239349e-08 5.73353226e-08 1
LGIC_C 241 -0.132363625 0.186593865 0.0250139948 2.8101852e-08 -4.20574041e-08 1
LGIC_C 242 0.59405218 -0.338073308 0.0250140195 -3.37890406e-08 4.80634332e-08 1
LGIC_C 243 -0.676947862 0.245418725 0.0250140193 4.96100897e-08 -9.86805572e-09 1
LGIC_C 246 0.409362687 0.410693236 0.0250140084 -2.45891309e-08 -3.68002211e-08 1
LGIC_C 247 -0.493499228 0.643712779 0.0250140191 2.45891128e-08 -3.68002333e-08 1
LGIC_C 248 0.0951051933 -0.0616876321 0.0250139882 -3.68002179e-08 2.45891393e-08 1
LGIC_C 249 0.521593867 -0.0799574789 0.0250140116 -4.96100802e-08 3.14742968e-08 1
LGIC_C 250 0.27135915 0.527878928 0.0250140141 -4.80634192e-08 -3.37890445e-08 1
LGIC_C 251 0.0245395715 0.5882494 0.0250140123 -6.33660387e-09 4.96100877e-08 -1
LGIC_C 252 0.169569736 0.569303846 0.0250140168 -3.14742949e-08 -4.96100822e-08 1
LGIC_C 253 0.463393034 0.29771651 0.0250140095 -4.82586616e-08 -1.31306776e-08 1
LGIC_C 255 -0.719485512 -0.0561161956 0.025014013 -4.34088282e-08 2.70157287e-08 -1
LGIC_C 256 -0.311112517 0.546833551 0.025014011 2.45891128e-08 -3.68002333e-08 1
LGIC_C 257 0.314115876 0.318382853 0.0250140027 1.3130701e-08 4.82586573e-08 -1
LGIC_C 258 -0.283838337 0.578803514 0.0250140115 2.45891128e-08 -3.68002333e-08 1
LGIC_C 260 -0.0015897906 -0.591339238 0.0250140126 9.8680833e-09 4.96100963e-08 1
LGIC_C 261 0.0703172679 0.643119664 0.0250140118 -8.63455884e-09 -4.34088253e-08 1
LGIC_C 262 -0.359394904 0.350649224 0.0250140082 4.20574045e-08 -2.81018523e-08 1
LGIC_C 263 -0.695996014 -0.156072992 0.0250140093 -4.34088282e-08 2.70157287e-08 -1
LGIC_C 264 0.423317906 -0.350146079 0.0250140074 -3.68002179e-08 2.45891393e-08 1
LGIC_C 265 0.214286284 0.0169283154 0.025013994 -4.96100911e-08 -9.86803575e-09 1
LGIC_C 266 -0.163863954 -0.344016727 0.0250140003 3.95603082e-08 3.05989652e-08 1
LGIC_C 267 -0.315384365 -0.273135138 0.025014003 1.45571809e-08 5.5602105e-08 1
LGIC_C 268 -0.032933723 -0.514645898 0.0250140078 -2.90231482e-08 4.96101036e-08 1
LGIC_C 269 -0.106672073 0.608666708 0.0250140128 -6.33661298e-09 -4.96100859e-08 1
LGIC_C 271 -0.465138261 -0.416059333 0.0250140106 3.68002489e-08 2.45891179e-08 1
LGIC_C 272 -0.35698214 0.258127183 0.0250140039 -4.82586679e-08 1.31306769e-08 -1
LGIC_C 273 0.755190787 -0.140243935 0.0250140195 -4.34088182e-08 2.48392526e-08 1
LGIC_C 274 -0.361548616 0.385967865 0.0250140064 2.45891128e-08 -3.68002333e-08 1
LGIC_C 275 0.012116815 -0.524492108 0.0250140092 6.33663526e-09 4.9610097e-08 1
LGIC_C 276 -0.134342201 -0.487627948 0.0250140035 -2.90231482e-08 4.96101036e-08 1
LGIC_C 278 0.343701776 0.280934663 0.0250140028 -3.68002282e-08 -2.45891172e-08 1
LGIC_C 279 0.113615692 -0.0221467268 0.0250139884 -4.34088226e-08 8.63456802e-09 1
LGIC_C 280 -0.238379271 -0.178587002 0.0250139966 1.45571809e-08 5.5602105e-08 1
LGIC_C 281 0.410799835 0.50615781 0.0250140201 -4.80634192e-08 -3.37890445e-08 1
LGIC_C 282 -0.240826629 -0.462015558 0.0250140069 3.95603082e-08 3.05989652e-08 1
LGIC_C 283 -0.25150309 -0.470656335 0.0250140052 7.55636799e-08 6.2887973e-09 1
LGIC_C 284 0.249556112 -0.782607248 0.0250140194 -8.63454093e-09 4.34088369e-08 1
LGIC_C 286 -0.559779801 0.0328828955 0.0250140101 4.96100851e-08 2.90231542e-08 1
LGIC_C 287 -0.0775380263 -0.125115043 0.0250139898 2.45891453e-08 3.68002268e-08 1
LGIC_C 288 0.0377210911 -0.373281082 0.0250140015 6.33663526e-09 4.9610097e-08 1
LGIC_C 289 0.0387857487 -0.0371870983 0.0250139856 -3.68002179e-08 2.45891393e-08 1
LGIC_C 290 -0.38157999 -0.538127067 0.0250140166 2.81018674e-08 4.20574117e-08 1
LGIC_C 291 -0.476951292 0.422142738 0.0250140112 3.68002297e-08 -2.45891157e-08 1
LGIC_C 292 0.41762475 0.430978747 0.0250140131 -2.81018716e-08 -4.20573923e-08 1
LGIC_C 293 -0.691566822 -0.090650544 0.025014015 -4.96100919e-08 2.90231703e-08 -1
LGIC_C 295 -0.176723918 0.123234263 0.0250139937 6.28881943e-09 -7.55636452e-08 1
LGIC_C 296 0.492516655 0.218260727 0.0250140101 -4.20574004e-08 -2.81018564e-08 1
LGIC_C 297 0.0354820386 0.344116835 0.0250139985 -8.63455884e-09 -4.34088253e-08 1
LGIC_C 298 0.191119354 -0.539490619 0.0250140119 -9.86804037e-09 4.96101e-08 1
LGIC_C 299 -0.0504355521 -0.34750772 0.025014001 9.8680833e-09 4.96100963e-08 1
LGIC_C 300 0.375835606 -0.0325402122 0.0250140004 -4.34088182e-08 2.48392526e-08 1
LGIC_C 301 0.124575663 0.405866948 0.025014002 -8.63455884e-09 -4.34088253e-08 1
LGIC_C 302 0.416357849 0.368722709 0.0250140111 -4.20574004e-08 -2.81018564e-08 1
LGIC_C 303 -0.0132176439 0.387429962 0.0250140026 9.86805557e-09 -4.96100883e-08 1
LGIC_C 304 -0.137631635 0.3248922 0.0250140008 1.31306824e-08 -4.82586643e-08 1
LGIC_C 305 -0.428748837 0.21523216 0.0250140043 3.68002297e-08 -2.45891157e-08 1
LGIC_C 306 0.202591498 0.0957736205 0.0250139947 3.37890593e-08 4.80634111e-08 -1
LGIC_C 307 -0.41270406 0.262725679 0.0250140066 -4.82586679e-08 1.31306769e-08 -1
LGIC_C 308 0.651884355 -0.294353801 0.0250140145 -3.68002179e-08 2.45891393e-08 1
LGIC_C 309 0.151649922 0.138806824 0.0250139922 -3.68002282e-08 -2.45891172e-08 1
LGIC_C 310 0.119860886 0.798529293 0.025014019 -8.63455884e-09 -4.34088253e-08 1
LGIC_C 311 0.597769267 0.606087096 0.0250140203 -2.45891309e-08 -3.68002211e-08 1
LGIC_C 312 0.314346202 0.226770898 0.0250140028 -4.20574004e-08 -2.81018564e-08 1
LGIC_C 313 0.671138017 0.359130618 0.0250140168 -3.68002282e-08 -2.45891172e-08 1
LGIC_C 314 -0.228381749 0.553355366 0.0250140093 8.63455111e-09 -4.34088279e-08 1
LGIC_C 315 -0.0756140425 0.00819669203 0.0250139871 4.96100897e-08 -9.86805572e-09 1
LGIC_C 318 -0.239875372 -0.340624262 0.0250140016 -5.56021111e-08 -1.45571543e-08 -1
LGIC_C 319 -0.502913418 -0.0834532017 0.0250140028 -4.34088282e-08 2.70157287e-08 -1
LGIC_C 320 0.390808319 0.620651173 0.0250140203 -2.81018716e-08 -4.20573923e-08 1
LGIC_C 322 0.558170773 0.258247151 0.0250140136 -4.82586616e-08 -1.31306776e-08 1
LGIC_C 323 -0.328535627 -0.627153919 0.0250140189 2.81018674e-08 4.20574117e-08 1
LGIC_C 324 0.0503268714 0.684797045 0.0250140169 -6.33660387e-09 4.96100877e-08 -1
LGIC_C 325 0.487348882 0.605596769 0.0250140175 -2.45891309e-08 -3.68002211e-08 1
LGIC_C 326 0.199653294 0.682145273 0.0250140158 -6.33660387e-09 4.96100877e-08 -1
LGIC_C 327 -0.299467899 -0.0543189862 0.0250139966 -4.96100919e-08 2.90231703e-08 -1
LGIC_C 328 -0.439500744 0.0405219819 0.0250140034 4.34088279e-08 -2.48392273e-08 1
LGIC_C 329 0.618692375 -0.177019905 0.0250140157 -4.96100859e-08 9.86807898e-09 1
LGIC_C 330 0.373148273 -0.0260388184 0.0250140026 -4.96100802e-08 3.14742968e-08 1
LGIC_C 331 0.199985705 -0.0989133322 0.0250139933 -3.05989503e-08 3.95603122e-08 1
LGIC_C 332 -0.0116159887 -0.399771886 0.0250140032 9.8680833e-09 4.96100963e-08 1
LGIC_C 333 0.507484764 0.164471932 0.0250140067 -4.34088272e-08 -8.63453573e-09 1
LGIC_C 334 0.239384498 0.757166719 0.0250140182 -8.63455884e-09 -4.34088253e-08 1
LGIC_C 335 0.219787806 0.544525571 0.0250140088 -8.63455884e-09 -4.34088253e-08 1
LGIC_C 336 -0.722526961 0.022843736 0.0250140152 4.34088279e-08 -2.48392273e-08 1
LGIC_C 337 -0.0129996008 -0.00143618967 0.0250139838 -4.34088282e-08 2.70157287e-08 -1
LGIC_C 338 -0.247517551 0.352624158 0.0250140023 2.45891128e-08 -3.68002333e-08 1
LGIC_C 339 0.114291851 -0.162932719 0.0250139926 -1.31306721e-08 4.82586744e-08 1
LGIC_C 340 -0.312797999 0.552592668 0.0250140153 2.8101852e-08 -4.20574041e-08 1
LGIC_C 341 0.0213476362 -0.681680976 0.025014013 -8.63454093e-09 4.34088369e-08 1
LGIC_C 342 -0.81591097 -0.0603531217 0.0250140171 -4.34088282e-08 2.70157287e-08 -1
LGIC_C 343 0.227836661 0.47843456 0.0250140093 1.3130701e-08 4.82586573e-08 -1
LGIC_C 344 -0.126040415 0.0320310049 0.025013989 5.7878425e-08 4.89846948e-08 1
LGIC_C 346 0.337128893 0.332592413 0.0250140038 -3.68002282e-08 -2.45891172e-08 1
LGIC_C 347 0.490111553 -0.13439258 0.0250140089 -4.96100859e-08 9.86807898e-09 1
LGIC_C 349 -0.206319795 -0.534074167 0.0250140037 -2.90231482e-08 4.96101036e-08 1
LGIC_C 350 -0.27750751 0.396507355 0.0250140047 2.45891128e-08 -3.68002333e-08 1
LGIC_C 352 -0.162710187 -0.230076882 0.0250139967 3.95603082e-08 3.05989652e-08 1
LGIC_C 353 -0.334081414 0.143787503 0.0250140014 4.20574045e-08 -2.81018523e-08 1
LGIC_C 354 0.202153273 0.201538529 0.0250139974 -2.81018716e-08 -4.20573923e-08 1
LGIC_C 355 0.0940879981 -0.494689776 0.0250140109 1.00935263e-08 5.7878447e-08 1
LGIC_C 356 0.111488504 0.708797122 0.025014015 -8.63455884e-09 -4.34088253e-08 1
LGIC_C 357 0.722135807 0.184190192 0.0250140179 -4.96100869e-08 6.3366408e-09 1
LGIC_C 358 0.0927401309 -0.0903985524 0.0250139907 -4.90669481e-08 3.27855328e-08 1
LGIC_C 359 -0.2519804 0.229476993 0.0250140022 6.28881943e-09 -7.55636452e-08 1
LGIC_C 360 -0.453739261 0.45291888 0.0250140111 3.68002297e-08 -2.45891157e-08 1
LGIC_C 361 0.605411967 -0.145173898 0.0250140147 -4.96100859e-08 9.86807898e-09 1
LGIC_C 362 -0.4601986 -0.0894496507 0.0250140035 -4.96100919e-08 2.90231703e-08 -1
LGIC_C 363 -0.317287936 0.430288026 0.0250140082 1.31306824e-08 -4.82586643e-08 1
LGIC_C 365 0.580707822 -0.357754182 0.0250140177 -4.20573976e-08 2.81018683e-08 1
LGIC_C 366 -0.335722237 -0.750587133 0.0250140195 3.95603082e-08 3.05989652e-08 1
LGIC_C 367 0.364116479 -0.0957286535 0.0250140014 -4.34088182e-08 2.48392526e-08 1
LGIC_C 368 -0.129404567 -0.365632097 0.0250140023 2.48392553e-08 4.34088306e-08 1
LGIC_C 369 -0.13665747 -0.661466618 0.0250140121 -2.90231482e-08 4.96101036e-08 1
LGIC_C 370 -0.338578032 -0.626133685 0.0250140146 2.45891453e-08 3.68002268e-08 1
LGIC_C 371 0.236592227 0.0533546342 0.025013994 -4.34088272e-08 -8.63453573e-09 1
LGIC_C 372 -0.026920018 0.429920753 0.0250140022 8.63455111e-09 -4.34088279e-08 1
LGIC_C 373 -0.675061526 0.433816637 0.0250140188 3.68002297e-08 -2.45891157e-08 1
LGIC_C 374 0.0123782506 -0.187273684 0.0250139924 6.33663526e-09 4.9610097e-08 1
LGIC_C 375 0.13790632 -0.641571627 0.025014019 1.00935263e-08 5.7878447e-08 1
LGIC_C 376 0.413855824 0.405678633 0.0250140121 -4.20574004e-08 -2.81018564e-08 1
LGIC_C 377 0.319650098 0.146577773 0.0250139986 -3.68002282e-08 -2.45891172e-08 1
LGIC_C 378 -0.599537741 0.0718496704 0.0250140109 4.96100851e-08 2.90231542e-08 1
LGIC_C 379 -0.0377746341 -0.445580862 0.0250140057 9.8680833e-09 4.96100963e-08 1
LGIC_C 380 0.150418962 0.582537751 0.0250140136 -9.86806672e-09 -4.96100854e-08 1
LGIC_C 381 0.0354651849 0.659599404 0.0250140158 -6.33660387e-09 4.96100877e-08 -1
LGIC_C 382 0.570496057 -0.275522838 0.0250140157 -3.37890406e-08 4.80634332e-08 1
LGIC_C 384 -0.444394267 -0.40097396 0.0250140163 6.28883752e-09 7.55636663e-08 1
LGIC_C 386 0.480314153 -0.471830819 0.0250140125 -3.68002179e-08 2.45891393e-08 1
LGIC_C 387 0.537886605 -0.235858119 0.0250140127 -3.37890406e-08 4.80634332e-08 1
LGIC_C 388 -0.00824566623 0.419262795 0.0250140043 -3.14742797e-08 4.96100914e-08 -1
LGIC_C 390 0.552272104 -0.040028838 0.0250140082 -4.34088182e-08 2.48392526e-08 1
LGIC_C 392 -0.239224516 -0.579792164 0.025014005 -2.90231482e-08 4.96101036e-08 1
LGIC_C 393 -0.0454491319 -0.276405251 0.0250139956 8.63456455e-09 4.34088336e-08 1
LGIC_C 395 0.360219199 0.389338381 0.0250140068 1.3130701e-08 4.82586573e-08 -1
LGIC_C 396 0.255214837 0.398820147 0.0250140059 1.3130701e-08 4.82586573e-08 -1
LGIC_C 397 -0.670563261 0.274141197 0.0250140147 4.34088259e-08 -8.63455061e-09 1
LGIC_C 398 -0.542289188 0.251074549 0.0250140137 3.37890593e-08 -4.80634052e-08 1
LGIC_C 399 0.597435633 -0.174409889 0.0250140184 -4.96100802e-08 3.14742968e-08 1
NT 7181 0.974790352 -5.06840758 -2.74122361 0 0 0
NT 7817 0.305170133 2.80221523 -1.85430291 0 0 0
LGIC_O 4402 -0.0345878633 0.265675272 0.025013999 1.15127271e-08 -5.78784352e-08 1
LGIC_O 4401 -0.1840676 0.0972239463 0.0250139942 3.37890593e-08 -4.80634052e-08 1
LGIC_O 4400 -0.175025146 0.0137516014 0.0250139927 5.7878425e-08 4.89846948e-08 1
LGIC_O 8441 0.636913646 -0.12672076 0.0250140188 -4.96100802e-08 3.14742968e-08 1
LGIC_O 8440 0.314831804 -0.521242477 0.0250140191 -3.27854948e-08 4.90669785e-08 1
LGIC_O 8439 0.567487089 -0.204519113 0.0250140184 -5.78784275e-08 1.15127558e-08 1
LGIC_O 8438 -0.495463838 -0.478991786 0.0250140171 1.45571809e-08 5.5602105e-08 1
LGIC_O 8437 -0.0865332912 0.0753896135 0.0250139898 3.37890593e-08 -4.80634052e-08 1
LGIC_O 8436 0.281965125 0.349247805 0.0250140096 -3.27855134e-08 -4.90669575e-08 1
LGIC_O 8435 -0.281577291 0.489075666 0.0250140165 3.27854968e-08 -4.90669676e-08 1
LGIC_O 8434 -0.605092982 -0.110313414 0.0250140129 5.7878436e-08 -4.89847332e-08 1
LGIC_O 8433 0.701586212 -0.0117142491 0.0250140184 -4.96100802e-08 3.14742968e-08 1
LGIC_O 8432 0.426050556 0.664856809 0.0250140182 -2.45891309e-08 -3.68002211e-08 1
LGIC_O 8431 -0.53569519 -0.176489801 0.025014008 4.34088238e-08 8.63459484e-09 1
LGIC_O 8430 -0.206044735 -0.180448528 0.0250139982 6.28883752e-09 7.55636663e-08 1
LGIC_O 8429 0.342033035 -0.34268384 0.0250140113 -3.27854948e-08 4.90669785e-08 1
LGIC_O 8428 0.576112066 -0.314703408 0.0250140178 -3.37890406e-08 4.80634332e-08 1
LGIC_O 8427 0.236726308 -0.318077646 0.0250140066 -3.27854948e-08 4.90669785e-08 1
LGIC_O 8426 -0.0976488914 -0.110862836 0.0250139913 7.55636799e-08 6.2887973e-09 1
LGIC_O 8425 0.534646383 -0.195059479 0.0250140164 -5.78784275e-08 1.15127558e-08 1
LGIC_O 8424 0.219544679 -0.315091025 0.0250140059 -3.27854948e-08 4.90669785e-08 1
LGIC_O 8423 -0.608846757 -0.593779315 0.0250140203 3.68002489e-08 2.45891179e-08 1
LGIC_O 8422 0.564815598 -0.372450199 0.0250140202 -3.37890406e-08 4.80634332e-08 1
LGIC_O 8421 0.550750457 0.0902902064 0.0250140162 -5.78784335e-08 -1.15127284e-08 1
LGIC_O 8420 0.175418091 0.0610257495 0.0250139941 -5.78784335e-08 -1.15127284e-08 1
LGIC_O 8419 0.142777714 0.100831833 0.0250139936 -4.90669739e-08 -3.27854893e-08 1
LGIC_O 4418 0.0575220985 -0.190210297 0.0250139949 -1.15127059e-08 5.78784511e-08 1
LGIC_O 4417 -0.118754336 -0.170834128 0.0250139938 2.81018674e-08 4.20574117e-08 1
LGIC_O 4416 0.593239316 0.0786534269 0.0250140185 -5.78784335e-08 -1.15127284e-08 1
LGIC_O 4415 0.0853954366 -0.420999761 0.0250140086 -1.15127059e-08 5.78784511e-08 1
LGIC_O 4414 -0.374457097 -0.228026162 0.0250140026 3.68002489e-08 2.45891179e-08 1
LGIC_O 4413 0.577482781 -0.285169834 0.0250140164 -3.37890406e-08 4.80634332e-08 1
LGIC_O 4412 -0.484325859 0.306166979 0.0250140144 3.37890593e-08 -4.80634052e-08 1
LGIC_O 4411 0.44777829 -0.0963194904 0.0250140103 -5.78784275e-08 1.15127558e-08 1
LGIC_O 4410 0.28281874 -0.503567977 0.0250140172 -3.27854948e-08 4.90669785e-08 1
LGIC_O 4409 -0.116204576 -0.152585731 0.025013993 7.55636799e-08 6.2887973e-09 1
LGIC_O 4408 -0.333519821 0.289166147 0.0250140084 3.37890593e-08 -4.80634052e-08 1
LGIC_O 4407 -0.148720782 -0.636306108 0.0250140163 9.8680833e-09 4.96100963e-08 1
LGIC_O 4406 0.336173082 -0.328141715 0.0250140105 -4.90669481e-08 3.27855328e-08 1
LGIC_O 4405 -0.249510429 -0.168914007 0.0250139976 6.28883752e-09 7.55636663e-08 1
LGIC_O 4404 0.0811982327 0.141649416 0.0250139929 -3.27855134e-08 -4.90669575e-08 1
LGIC_O 4403 0.0533120499 -0.19689515 0.0250139952 -1.15127059e-08 5.78784511e-08 1
