LGIC_C 0 0.459295487 0.20853287 0.0250140084 -4.20574004e-08 -2.81018564e-08 1
LGIC_C 1 -0.268616562 0.0457820133 0.0250139953 4.34088259e-08 -8.63455061e-09 1
LGIC_C 2 -0.539507207 0.164038438 0.0250140117 4.96100897e-08 -9.86805572e-09 1
LGIC_C 3 0.26544419 -0.689256477 0.02501402 -9.86804037e-09 4.96101e-08 1
LGIC_C 4 -0.459465183 -0.192765541 0.0250140007 6.28883752e-09 7.55636663e-08 1
LGIC_C 5 0.103768417 -0.565346177 0.0250140149 1.00935263e-08 5.7878447e-08 1
LGIC_C 6 -0.331803131 0.538697209 0.0250140184 1.28239438e-08 -5.73353116e-08 1
LGIC_C 7 -0.713131707 0.450003185 0.00733508352 -0.827617296 0.552995934 0.0961514895
LGIC_C 8 -0.104455107 0.322819073 0.0250139982 8.63455111e-09 -4.34088279e-08 1
LGIC_C 9 -0.473846946 -0.249495984 0.0250140051 6.28883752e-09 7.55636663e-08 1
LGIC_C 10 -0.353146693 -0.584109485 0.0250140151 3.95603082e-08 3.05989652e-08 1
LGIC_C 11 0.176022709 0.555066541 0.0250140097 -6.33660387e-09 4.96100877e-08 -1
LGIC_C 12 0.409252611 0.228028621 0.0250140108 -4.90669739e-08 -3.27854893e-08 1
LGIC_C 13 0.720065769 -0.108709196 0.02501402 -4.96100859e-08 9.86807898e-09 1
LGIC_C 14 0.672856226 0.242586956 0.0250140151 -4.96100869e-08 6.3366408e-09 1
LGIC_C 15 -0.465838899 -0.369858465 0.0250140097 5.39043203e-09 6.47688584e-08 1
LGIC_C 16 0.618249992 -0.108700172 0.025014015 -4.96100859e-08 9.86807898e-09 1
LGIC_C 17 -0.515539439 0.379107515 0.0250140131 -4.82586679e-08 1.31306769e-08 -1
LGIC_C 18 0.300988298 -0.457622192 0.0250140109 -2.81018481e-08 4.20574137e-08 1
LGIC_C 21 -0.0158256252 -0.181804666 0.0250139918 -2.90231482e-08 4.96101036e-08 1
LGIC_C 22 0.187070124 0.603055488 0.025014015 -9.86806672e-09 -4.96100854e-08 1
LGIC_C 23 -0.524243262 0.437549332 0.0250140133 3.68002297e-08 -2.45891157e-08 1
LGIC_C 24 0.135661476 0.406951765 0.0250140048 -9.86806672e-09 -4.96100854e-08 1
LGIC_C 25 0.340366174 -0.0418287148 0.0250139984 -4.34088226e-08 8.63456802e-09 1
LGIC_C 27 -0.294783614 0.53516285 0.0250140192 3.27854968e-08 -4.90669676e-08 1
LGIC_C 28 0.652225608 0.0823418694 0.0250140123 -4.34088272e-08 -8.63453573e-09 1
LGIC_C 30 0.66457917 0.160102263 0.0250140152 -4.96100869e-08 6.3366408e-09 1
LGIC_C 31 -0.410344771 -0.423905354 0.0250140125 3.95603082e-08 3.05989652e-08 1
LGIC_C 32 0.0496507157 0.103497702 0.025013989 -2.81018716e-08 -4.20573923e-08 1
LGIC_C 33 -0.0190218581 0.633812824 0.0250140109 8.63455111e-09 -4.34088279e-08 1
LGIC_C 35 -0.161890847 -0.515110932 0.0250140041 -2.90231482e-08 4.96101036e-08 1
LGIC_C 36 0.44561574 -0.609734093 0.0250140166 -2.45891087e-08 3.68002429e-08 1
LGIC_C 37 0.092523031 0.794781791 0.0250140186 -8.63455884e-09 -4.34088253e-08 1
LGIC_C 38 0.766110711 -0.329152443 0.0250140197 -3.05989503e-08 3.95603122e-08 1
LGIC_C 39 0.672281459 0.261127471 0.0250140147 -4.34088272e-08 -8.63453573e-09 1
LGIC_C 40 -0.689854561 0.0124275363 0.0250140135 4.34088279e-08 -2.48392273e-08 1
LGIC_C 41 -0.506558016 0.60651124 0.025014018 2.45891128e-08 -3.68002333e-08 1
LGIC_C 42 -0.272509762 -0.686042486 0.0250140154 8.63456455e-09 4.34088336e-08 1
LGIC_C 43 -0.626582871 -0.485345469 0.0250140147 1.15916899e-08 4.97976879e-08 1
LGIC_C 44 0.341933036 0.515008092 0.0250140126 1.3130701e-08 4.82586573e-08 -1
LGIC_C 45 -0.00578886261 -0.199205515 0.025013992 2.48392553e-08 4.34088306e-08 1
LGIC_C 46 -0.205197112 -0.166020525 0.0250139951 5.39043203e-09 6.47688584e-08 1
LGIC_C 47 0.53794158 -0.193227351 0.0250140166 -5.78784275e-08 1.15127558e-08 1
LGIC_C 48 -0.10699316 -0.386883629 0.025014001 8.63456455e-09 4.34088336e-08 1
LGIC_C 51 -0.623877826 -0.0310656604 0.0250140106 4.34088238e-08 8.63459484e-09 1
LGIC_C 52 0.666672746 -0.200693938 0.0250140172 -4.34088182e-08 2.48392526e-08 1
LGIC_C 53 0.348770298 -0.110437569 0.0250140011 -4.34088182e-08 2.48392526e-08 1
LGIC_C 54 -0.0525920379 -0.227514127 0.0250139938 -4.89847109e-08 5.78784581e-08 1
LGIC_C 55 0.44823014 0.517375167 0.0250140141 1.3130701e-08 4.82586573e-08 -1
LGIC_C 56 -0.140687061 -0.25595096 0.0250139948 -5.56021111e-08 -1.45571543e-08 -1
LGIC_C 57 -0.0821905309 0.392338199 0.0250140053 -3.14742797e-08 4.96100914e-08 -1
LGIC_C 58 0.480704737 -0.104289341 0.0250140067 -4.34088182e-08 2.48392526e-08 1
LGIC_C 59 -0.386166482 -0.200013806 0.025014 1.45571809e-08 5.5602105e-08 1
LGIC_C 60 0.131723391 0.505738819 0.0250140125 -3.14742949e-08 -4.96100822e-08 1
LGIC_C 61 -0.387529063 0.345071775 0.0250140093 4.20574045e-08 -2.81018523e-08 1
LGIC_C 62 -0.016209316 0.404332004 0.0250140038 -3.14742797e-08 4.96100914e-08 -1
LGIC_C 63 0.259026695 -0.00478338181 0.0250139961 -4.96100859e-08 9.86807898e-09 1
LGIC_C 64 -0.239939097 0.00321795941 0.025013997 5.7878425e-08 4.89846948e-08 1
LGIC_C 65 0.0237374883 0.362920904 0.0250140011 -6.33660387e-09 4.96100877e-08 -1
LGIC_C 66 -0.263466795 -0.319988809 0.0250140015 2.45891453e-08 3.68002268e-08 1
LGIC_C 67 -0.450355481 0.41204151 0.0250140172 6.28881943e-09 -7.55636452e-08 1
LGIC_C 68 -0.679682951 -0.120611106 0.0250140095 -4.34088282e-08 2.70157287e-08 -1
LGIC_C 69 -0.672879613 -0.325504723 0.025014016 3.68002489e-08 2.45891179e-08 1
LGIC_C 70 -0.0429759615 0.374288496 0.0250139999 8.63455111e-09 -4.34088279e-08 1
LGIC_C 72 0.141369807 0.413364484 0.0250140024 -8.63455884e-09 -4.34088253e-08 1
LGIC_C 73 -0.0123697701 0.00173750394 0.0250139839 4.34088279e-08 -2.48392273e-08 1
LGIC_C 74 0.511273265 0.495889797 0.0250140144 -4.82586616e-08 -1.31306776e-08 1
LGIC_C 75 0.547241813 -0.589803484 0.0250140184 -2.45891087e-08 3.68002429e-08 1
LGIC_C 76 -0.714051704 0.0332656122 0.0250140177 4.96100851e-08 2.90231542e-08 1
LGIC_C 77 0.355536415 -0.254800447 0.0250140042 -3.05989503e-08 3.95603122e-08 1
LGIC_C 79 -0.599726298 -0.274132632 0.0250140038 1.15916899e-08 4.97976879e-08 1
LGIC_C 80 0.732793492 0.0173873578 0.0250140152 -4.34088272e-08 -8.63453573e-09 1
LGIC_C 81 0.0578227594 0.664321684 0.0250140159 -6.33660387e-09 4.96100877e-08 -1
LGIC_C 82 0.446965572 -0.256792736 0.0250140071 -3.05989503e-08 3.95603122e-08 1
LGIC_C 83 -0.360356047 0.253468057 0.025014004 -4.82586679e-08 1.31306769e-08 -1
LGIC_C 84 0.214382818 0.503913806 0.0250140105 -2.81018716e-08 -4.20573923e-08 1
LGIC_C 85 -0.0538262096 0.0595540126 0.0250139874 1.28239438e-08 -5.73353116e-08 1
LGIC_C 87 -0.327856009 -0.216740637 0.0250140001 1.45571809e-08 5.5602105e-08 1
LGIC_C 88 -0.563679524 -0.492386643 0.0250140143 1.15916899e-08 4.97976879e-08 1
LGIC_C 89 0.245054977 -0.48600396 0.0250140099 -1.31306721e-08 4.82586744e-08 1
LGIC_C 90 -0.366636134 -0.3368628 0.0250140073 1.45571809e-08 5.5602105e-08 1
LGIC_C 91 0.170937673 0.82396383 0.0247845882 0.194186548 0.976240951 0.0961519121
LGIC_C 92 0.249580805 -0.741365546 0.0250140184 6.33663526e-09 4.9610097e-08 1
LGIC_C 93 -0.024757231 0.580654265 0.0250140119 -6.33661298e-09 -4.96100859e-08 1
LGIC_C 94 0.153566613 -0.0421427369 0.0250139922 -4.96100802e-08 3.14742968e-08 1
LGIC_C 95 -0.312205712 -0.462762722 0.0250140074 -5.56021111e-08 -1.45571543e-08 -1
LGIC_C 96 0.277658236 -0.0535540986 0.0250139975 -4.96100859e-08 9.86807898e-09 1
LGIC_C 97 -0.384757103 0.0555198299 0.0250140007 4.96100851e-08 2.90231542e-08 1
LGIC_C 98 -0.325166037 -0.601791571 0.0250140145 3.95603082e-08 3.05989652e-08 1
LGIC_C 99 0.205483318 -0.0442279445 0.0250139948 -4.96100802e-08 3.14742968e-08 1
LGIC_C 100 -0.363311712 -0.43473147 0.0250140082 2.45891453e-08 3.68002268e-08 1
LGIC_C 101 -0.393240404 0.00625750664 0.0250140028 4.96100897e-08 -9.86805572e-09 1
LGIC_C 102 -0.442846334 0.455836869 0.0250140151 1.28239438e-08 -5.73353116e-08 1
LGIC_C 103 -0.431303607 -0.0139079895 0.0250140016 -4.34088282e-08 2.70157287e-08 -1
LGIC_C 104 0.620387603 -0.217587134 0.0250140162 -4.96100859e-08 9.86807898e-09 1
LGIC_C 105 -0.306797572 0.143625028 0.0250139981 3.68002297e-08 -2.45891157e-08 1
LGIC_C 106 -0.282311805 0.746927167 0.0250140181 8.63455111e-09 -4.34088279e-08 1
LGIC_C 107 -0.65047627 -0.273389396 0.0250140044 5.39043203e-09 6.47688584e-08 1
LGIC_C 108 -0.0389490547 -0.502443226 0.025014006 2.48392553e-08 4.34088306e-08 1
LGIC_C 110 -0.232390183 -0.729141594 0.0250140169 8.63456455e-09 4.34088336e-08 1
LGIC_C 111 -0.509808581 -0.128939562 0.0250140048 -4.96100919e-08 2.90231703e-08 -1
LGIC_C 112 0.677684979 -0.052705574 0.0250140185 -4.96100802e-08 3.14742968e-08 1
LGIC_C 113 -0.043150963 -0.708807659 0.0250140151 2.48392553e-08 4.34088306e-08 1
LGIC_C 114 -0.335589051 0.390437977 0.02501401 1.28239438e-08 -5.73353116e-08 1
LGIC_C 115 0.471286152 -0.39279914 0.0250140132 -3.05989503e-08 3.95603122e-08 1
LGIC_C 116 0.116715462 -0.457870189 0.0250140086 1.00935263e-08 5.7878447e-08 1
LGIC_C 117 -0.182030588 -0.0704821201 0.0250139893 -4.34088282e-08 2.70157287e-08 -1
LGIC_C 118 -0.313721986 -0.325903747 0.0250140055 -5.56021111e-08 -1.45571543e-08 -1
LGIC_C 119 0.0766814001 0.466668092 0.0250140072 -9.86806672e-09 -4.96100854e-08 1
LGIC_C 120 0.00163980344 0.504956036 0.0250140083 -6.33660387e-09 4.96100877e-08 -1
LGIC_C 121 -0.511670326 -0.437803835 0.025014011 1.15916899e-08 4.97976879e-08 1
LGIC_C 122 0.632155308 -0.371847052 0.0250140156 -3.68002179e-08 2.45891393e-08 1
LGIC_C 124 0.558314797 -0.494992545 0.0250140159 -3.68002179e-08 2.45891393e-08 1
LGIC_C 125 0.118940442 -0.158783911 0.0250139925 -1.31306721e-08 4.82586744e-08 1
LGIC_C 126 0.625779551 -0.426791523 0.0250140193 -3.05989503e-08 3.95603122e-08 1
LGIC_C 127 0.202667148 -0.280053104 0.0250139994 -1.31306721e-08 4.82586744e-08 1
LGIC_C 128 0.233446891 -0.266341336 0.0250139988 -2.45891087e-08 3.68002429e-08 1
LGIC_C 129 0.430454973 -0.0898185194 0.0250140027 -4.34088226e-08 8.63456802e-09 1
LGIC_C 130 -0.545177474 0.197423578 0.0250140086 4.34088259e-08 -8.63455061e-09 1
LGIC_C 131 0.399455715 0.239200234 0.0250140057 -4.82586616e-08 -1.31306776e-08 1
LGIC_C 132 -0.186929207 0.0463443106 0.0250139918 5.7878425e-08 4.89846948e-08 1
LGIC_C 133 -0.584362711 -0.0510816023 0.0250140091 4.34088238e-08 8.63459484e-09 1
LGIC_C 134 0.255174044 -0.628124812 0.0250140127 -8.63454093e-09 4.34088369e-08 1
LGIC_C 135 -0.237471321 -0.255829975 0.0250140007 2.81018674e-08 4.20574117e-08 1
LGIC_C 136 0.354279757 -0.293099639 0.0250140035 -3.68002179e-08 2.45891393e-08 1
LGIC_C 137 0.347618195 -0.364172373 0.0250140054 -1.31306721e-08 4.82586744e-08 1
LGIC_C 138 -0.700521355 -0.214881088 0.025014009 4.96100935e-08 -4.19869172e-08 1
LGIC_C 139 0.146662083 -0.0251835323 0.0250139913 -4.96100802e-08 3.14742968e-08 1
LGIC_C 140 0.511179997 0.548934191 0.025014016 -2.45891309e-08 -3.68002211e-08 1
LGIC_C 141 0.462008322 0.111006347 0.0250140043 -4.34088272e-08 -8.63453573e-09 1
LGIC_C 142 -0.439639036 -0.549885861 0.0250140175 3.95603082e-08 3.05989652e-08 1
LGIC_C 144 -0.449398668 -0.482632304 0.0250140153 -5.56021111e-08 -1.45571543e-08 -1
LGIC_C 145 0.221850099 0.0166591184 0.0250139941 -4.96100869e-08 6.3366408e-09 1
LGIC_C 146 0.00934858266 0.55976905 0.0250140111 -9.86806672e-09 -4.96100854e-08 1
LGIC_C 147 -0.341217178 -0.351117007 0.0250140046 2.45891453e-08 3.68002268e-08 1
LGIC_C 149 0.550977734 0.473870044 0.0250140152 -3.68002282e-08 -2.45891172e-08 1
LGIC_C 150 0.373466347 0.108364489 0.0250140011 -4.96100869e-08 6.3366408e-09 1
LGIC_C 151 -0.0677124413 -0.685348125 0.0250140136 8.63456455e-09 4.34088336e-08 1
LGIC_C 152 0.288168598 0.533153614 0.0250140128 1.3130701e-08 4.82586573e-08 -1
LGIC_C 153 0.165109075 -0.178743475 0.0250139956 -1.28239349e-08 5.73353226e-08 1
LGIC_C 154 0.140593804 0.472921118 0.0250140081 -9.86806672e-09 -4.96100854e-08 1
LGIC_C 155 -0.506260716 0.17126129 0.0250140067 4.34088259e-08 -8.63455061e-09 1
LGIC_C 156 -0.231493134 0.0476595477 0.0250139937 4.34088259e-08 -8.63455061e-09 1
LGIC_C 157 -0.467865461 0.272884085 0.0250140068 6.28881943e-09 -7.55636452e-08 1
LGIC_C 158 0.321536427 0.19043395 0.0250140033 3.37890593e-08 4.80634111e-08 -1
LGIC_C 159 0.78659035 0.114103607 0.0250140184 -4.34088272e-08 -8.63453573e-09 1
LGIC_C 160 -0.312070388 -0.0876969877 0.0250139944 -4.34088282e-08 2.70157287e-08 -1
LGIC_C 161 -0.426217598 0.0965491366 0.0250140054 4.96100897e-08 -9.86805572e-09 1
LGIC_C 162 0.467545477 0.0120647414 0.0250140066 -4.96100911e-08 -9.86803575e-09 1
LGIC_C 163 0.388486418 -0.251980021 0.0250140066 -4.20573976e-08 2.81018683e-08 1
LGIC_C 164 0.290136025 -0.605357661 0.0250140163 -1.31306721e-08 4.82586744e-08 1
LGIC_C 165 -0.363271891 0.0663924948 0.0250139994 4.96100851e-08 2.90231542e-08 1
LGIC_C 166 -0.108866028 -0.700815365 0.0250140164 2.48392553e-08 4.34088306e-08 1
LGIC_C 167 -0.579850156 0.578795789 0.0250140188 3.68002297e-08 -2.45891157e-08 1
LGIC_C 168 -0.486537638 -0.237789675 0.0250140013 5.39043203e-09 6.47688584e-08 1
LGIC_C 169 0.66638463 -0.521236086 0.00933210961 0.827616944 -0.552996408 0.0961517878
LGIC_C 171 -0.251957239 0.328066939 0.0250140053 1.28239438e-08 -5.73353116e-08 1
LGIC_C 172 0.276345791 0.147042388 0.025013999 -4.20574004e-08 -2.81018564e-08 1
LGIC_C 173 0.660051403 0.287502867 0.0250140146 -3.68002282e-08 -2.45891172e-08 1
LGIC_C 174 -0.0813681271 -0.480900242 0.0250140061 2.48392553e-08 4.34088306e-08 1
LGIC_C 175 0.409512253 -0.31129615 0.025014012 -3.37890406e-08 4.80634332e-08 1
LGIC_C 177 0.332915997 0.352488055 0.0250140074 -2.81018716e-08 -4.20573923e-08 1
LGIC_C 178 0.137440645 -0.616775466 0.025014013 6.33663526e-09 4.9610097e-08 1
LGIC_C 180 -0.148682835 0.260185565 0.0250139984 2.8101852e-08 -4.20574041e-08 1
LGIC_C 181 -0.658495114 -0.300034335 0.0250140062 5.39043203e-09 6.47688584e-08 1
LGIC_C 183 0.65580674 0.281501299 0.0250140186 -4.82586616e-08 -1.31306776e-08 1
LGIC_C 184 0.684208493 -0.0395907513 0.0250140139 -4.34088182e-08 2.48392526e-08 1
LGIC_C 185 0.371438869 -0.158989396 0.0250140009 -3.05989503e-08 3.95603122e-08 1
LGIC_C 186 -0.616059784 -0.2843123 0.025014005 5.39043203e-09 6.47688584e-08 1
LGIC_C 188 -0.727560965 0.101746339 0.0250140157 4.34088259e-08 -8.63455061e-09 1
LGIC_C 189 -0.541048532 0.302516743 0.0250140145 4.20574045e-08 -2.81018523e-08 1
LGIC_C 190 0.344043725 -0.719300116 0.0250140182 -2.45891087e-08 3.68002429e-08 1
LGIC_C 191 -0.449059975 -0.248761475 0.0250140018 5.39043203e-09 6.47688584e-08 1
LGIC_C 192 -0.281222304 0.115449278 0.0250139965 4.34088259e-08 -8.63455061e-09 1
LGIC_C 193 0.272426917 0.0934374458 0.0250139977 -4.96100911e-08 -9.86803575e-09 1
LGIC_C 194 -0.706729161 0.359047647 0.0250140181 3.68002297e-08 -2.45891157e-08 1
LGIC_C 195 0.362381699 0.393542752 0.02501401 -2.81018716e-08 -4.20573923e-08 1
LGIC_C 196 0.714968632 0.400534917 0.0250140194 -3.68002282e-08 -2.45891172e-08 1
LGIC_C 197 -0.249950425 -0.555922993 0.0250140099 2.45891453e-08 3.68002268e-08 1
LGIC_C 198 0.502964273 -0.0571320705 0.0250140056 -4.34088226e-08 8.63456802e-09 1
LGIC_C 199 0.653147018 0.258402896 0.025014014 -4.96100869e-08 6.3366408e-09 1
LGIC_C 200 0.711020268 -0.31667987 0.0250140172 -3.68002179e-08 2.45891393e-08 1
LGIC_C 201 0.244245623 0.123815489 0.025013997 -4.20574004e-08 -2.81018564e-08 1
LGIC_C 202 -0.0333944588 -0.279017048 0.0250139962 2.48392553e-08 4.34088306e-08 1
LGIC_C 203 -0.139426676 -0.00327705687 0.0250139901 -4.96100919e-08 2.90231703e-08 -1
LGIC_C 204 -0.394670651 0.543882579 0.0250140172 2.8101852e-08 -4.20574041e-08 1
LGIC_C 205 -0.104500592 0.26449048 0.0250139974 9.86805557e-09 -4.96100883e-08 1
LGIC_C 206 0.656064067 -0.343879889 0.0250140158 -3.68002179e-08 2.45891393e-08 1
LGIC_C 207 -0.11109423 -0.464974615 0.0250140047 -4.89847109e-08 5.78784581e-08 1
LGIC_C 208 -0.515784257 0.412427727 0.0250140136 -4.82586679e-08 1.31306769e-08 -1
LGIC_C 209 -0.0122102558 0.00125069426 0.025013985 -1.38908237e-07 2.76305608e-08 -1
LGIC_C 210 0.0659321496 0.275070621 0.0250139976 -9.86806672e-09 -4.96100854e-08 1
LGIC_C 212 -0.373724392 -0.524411216 0.0250140117 -5.56021111e-08 -1.45571543e-08 -1
LGIC_C 213 0.353898804 -0.379292846 0.0250140091 -2.81018481e-08 4.20574137e-08 1
LGIC_C 214 0.460574398 -0.0797612793 0.0250140039 -4.34088226e-08 8.63456802e-09 1
LGIC_C 215 -0.503652289 -0.0260593663 0.0250140053 4.34088238e-08 8.63459484e-09 1
LGIC_C 216 0.163058332 -0.20026451 0.025013995 -1.31306721e-08 4.82586744e-08 1
LGIC_C 217 0.479416668 -0.362054839 0.0250140168 -3.37890406e-08 4.80634332e-08 1
LGIC_C 218 -0.261646409 0.470991215 0.0250140094 1.31306824e-08 -4.82586643e-08 1
LGIC_C 219 -0.272237064 -0.420784459 0.0250140069 3.95603082e-08 3.05989652e-08 1
LGIC_C 220 -0.743055457 -0.323388129 0.0250140186 3.68002489e-08 2.45891179e-08 1
LGIC_C 221 0.639681977 -0.414489298 0.025014017 -3.68002179e-08 2.45891393e-08 1
LGIC_C 222 -0.505321815 -0.206308674 0.0250140024 -4.96100919e-08 2.90231703e-08 -1
LGIC_C 223 0.207924619 0.408246848 0.025014007 -4.80634192e-08 -3.37890445e-08 1
LGIC_C 224 -0.370937153 0.0264728473 0.0250140009 4.96100851e-08 2.90231542e-08 1
LGIC_C 225 0.234017506 -0.6899651 0.0250140152 -8.63454093e-09 4.34088369e-08 1
LGIC_C 226 0.386247029 -0.14072944 0.0250140012 -4.34088226e-08 8.63456802e-09 1
LGIC_C 227 -0.167528455 0.496875263 0.0250140063 8.63455111e-09 -4.34088279e-08 1
LGIC_C 228 0.28918668 -0.276531359 0.025014003 -3.05989503e-08 3.95603122e-08 1
LGIC_C 229 -0.517718367 -0.0675509035 0.0250140063 4.34088238e-08 8.63459484e-09 1
LGIC_C 230 -0.682226189 -0.16354997 0.0250140085 -4.34088282e-08 2.70157287e-08 -1
LGIC_C 231 0.529900018 0.263165001 0.0250140138 3.37890593e-08 4.80634111e-08 -1
LGIC_C 232 -0.287158634 0.801061739 0.0212491306 -0.194186377 0.976241021 0.0961515493
LGIC_C 233 0.286192994 0.237468562 0.0250140002 -4.82586616e-08 -1.31306776e-08 1
LGIC_C 234 0.0278080548 -0.437738943 0.0250140025 -8.63454093e-09 4.34088369e-08 1
LGIC_C 235 0.368327641 0.440247148 0.0250140121 -2.81018716e-08 -4.20573923e-08 1
LGIC_C 236 0.309402922 -0.0104699339 0.0250139969 -4.34088182e-08 2.48392526e-08 1
LGIC_C 239 0.490530484 -0.246533887 0.0250140108 -4.20573976e-08 2.81018683e-08 1
LGIC_C 240 0.141987899 -0.184635633 0.0250139956 -1.28239349e-08 5.73353226e-08 1
LGIC_C 241 -0.13593612 0.190710258 0.0250139951 2.8101852e-08 -4.20574041e-08 1
LGIC_C 242 0.591870096 -0.340347304 0.0250140196 -3.37890406e-08 4.80634332e-08 1
LGIC_C 243 -0.673027917 0.242333263 0.025014019 4.96100897e-08 -9.86805572e-09 1
LGIC_C 246 0.409432915 0.420071095 0.0250140088 -2.45891309e-08 -3.68002211e-08 1
LGIC_C 247 -0.493011416 0.648123037 0.0250140192 2.45891128e-08 -3.68002333e-08 1
LGIC_C 248 0.0913644214 -0.0593001727 0.0250139881 -3.68002179e-08 2.45891393e-08 1
LGIC_C 249 0.522876546 -0.0796458512 0.0250140117 -4.96100802e-08 3.14742968e-08 1
LGIC_C 250 0.268342272 0.529066353 0.025014014 -4.80634192e-08 -3.37890445e-08 1
LGIC_C 251 0.0235381657 0.592810712 0.0250140125 -6.33660387e-09 4.96100877e-08 -1
LGIC_C 252 0.173425493 0.572459964 0.0250140171 -3.14742949e-08 -4.96100822e-08 1
LGIC_C 253 0.465805755 0.302540283 0.0250140097 -4.82586616e-08 -1.31306776e-08 1
LGIC_C 255 -0.721046242 -0.0566388213 0.025014013 -4.34088282e-08 2.70157287e-08 -1
LGIC_C 256 -0.312238171 0.545474105 0.025014011 2.45891128e-08 -3.68002333e-08 1
LGIC_C 257 0.309173175 0.318392529 0.0250140027 1.3130701e-08 4.82586573e-08 -1
LGIC_C 258 -0.28467527 0.57984175 0.0250140116 2.45891128e-08 -3.68002333e-08 1
LGIC_C 260 -0.00287687814 -0.594973 0.0250140128 9.8680833e-09 4.96100963e-08 1
LGIC_C 261 0.0644834128 0.634313668 0.0250140114 -8.63455884e-09 -4.34088253e-08 1
LGIC_C 262 -0.3597307 0.347992301 0.0250140082 4.20574045e-08 -2.81018523e-08 1
LGIC_C 263 -0.692178173 -0.156868653 0.0250140091 -4.34088282e-08 2.70157287e-08 -1
LGIC_C 264 0.420884998 -0.35027678 0.0250140073 -3.68002179e-08 2.45891393e-08 1
LGIC_C 265 0.214960388 0.0135673557 0.025013994 -4.96100911e-08 -9.86803575e-09 1
LGIC_C 266 -0.158773313 -0.339162052 0.0250139999 3.95603082e-08 3.05989652e-08 1
LGIC_C 267 -0.311235581 -0.270825824 0.0250140028 1.45571809e-08 5.5602105e-08 1
LGIC_C 268 -0.0319670171 -0.512943491 0.0250140077 -2.90231482e-08 4.96101036e-08 1
LGIC_C 269 -0.114253407 0.607486538 0.0250140127 -6.33661298e-09 -4.96100859e-08 1
LGIC_C 271 -0.464750293 -0.417193711 0.0250140106 3.68002489e-08 2.45891179e-08 1
LGIC_C 272 -0.35579378 0.255546496 0.0250140038 -4.82586679e-08 1.31306769e-08 -1
LGIC_C 273 0.759350875 -0.145385036 0.0250140198 -4.34088182e-08 2.48392526e-08 1
LGIC_C 274 -0.359627364 0.386896365 0.0250140064 2.45891128e-08 -3.68002333e-08 1
LGIC_C 275 0.0173342783 -0.523078237 0.0250140091 6.33663526e-09 4.9610097e-08 1
LGIC_C 276 -0.132325259 -0.484958601 0.0250140034 -2.90231482e-08 4.96101036e-08 1
LGIC_C 278 0.345406237 0.280984858 0.0250140029 -3.68002282e-08 -2.45891172e-08 1
LGIC_C 279 0.115502654 -0.023886253 0.0250139885 -4.34088226e-08 8.63456802e-09 1
LGIC_C 280 -0.236216698 -0.176045757 0.0250139965 1.45571809e-08 5.5602105e-08 1
LGIC_C 281 0.409755146 0.500817151 0.0250140199 -4.80634192e-08 -3.37890445e-08 1
LGIC_C 282 -0.240521924 -0.462261336 0.0250140069 3.95603082e-08 3.05989652e-08 1
LGIC_C 283 -0.254789368 -0.472894058 0.0250140055 7.55636799e-08 6.2887973e-09 1
LGIC_C 284 0.244166376 -0.787422797 0.0250140195 -8.63454093e-09 4.34088369e-08 1
LGIC_C 286 -0.557203442 0.0357905329 0.0250140099 4.96100851e-08 2.90231542e-08 1
LGIC_C 287 -0.074306677 -0.11906397 0.0250139895 2.45891453e-08 3.68002268e-08 1
LGIC_C 288 0.0360446709 -0.375660204 0.0250140016 6.33663526e-09 4.9610097e-08 1
LGIC_C 289 0.0426959841 -0.0408926888 0.0250139858 -3.68002179e-08 2.45891393e-08 1
LGIC_C 290 -0.379315922 -0.537217494 0.0250140165 2.81018674e-08 4.20574117e-08 1
LGIC_C 291 -0.482198845 0.423299724 0.0250140114 3.68002297e-08 -2.45891157e-08 1
LGIC_C 292 0.409114492 0.436659902 0.0250140131 -2.81018716e-08 -4.20573923e-08 1
LGIC_C 293 -0.688590982 -0.0975670591 0.0250140146 -4.96100919e-08 2.90231703e-08 -1
LGIC_C 295 -0.174392166 0.127030995 0.025013994 6.28881943e-09 -7.55636452e-08 1
LGIC_C 296 0.500193154 0.224712762 0.0250140106 -4.20574004e-08 -2.81018564e-08 1
LGIC_C 297 0.0408718496 0.342114539 0.0250139985 -8.63455884e-09 -4.34088253e-08 1
LGIC_C 298 0.197554545 -0.535666755 0.0250140118 -9.86804037e-09 4.96101e-08 1
LGIC_C 299 -0.0544232865 -0.34443194 0.0250140009 9.8680833e-09 4.96100963e-08 1
LGIC_C 300 0.375515243 -0.0355821626 0.0250140004 -4.34088182e-08 2.48392526e-08 1
LGIC_C 301 0.122607872 0.399981354 0.0250140017 -8.63455884e-09 -4.34088253e-08 1
LGIC_C 302 0.41388216 0.368600811 0.025014011 -4.20574004e-08 -2.81018564e-08 1
LGIC_C 303 -0.0152603739 0.378271033 0.0250140022 9.86805557e-09 -4.96100883e-08 1
LGIC_C 304 -0.142292613 0.324636352 0.0250140008 1.31306824e-08 -4.82586643e-08 1
LGIC_C 305 -0.432852028 0.21552661 0.0250140045 3.68002297e-08 -2.45891157e-08 1
LGIC_C 306 0.209183311 0.0969340289 0.025013995 3.37890593e-08 4.80634111e-08 -1
LGIC_C 307 -0.410322735 0.266203142 0.0250140066 -4.82586679e-08 1.31306769e-08 -1
LGIC_C 308 0.650373552 -0.297824457 0.0250140145 -3.68002179e-08 2.45891393e-08 1
LGIC_C 309 0.155746891 0.134378385 0.0250139923 -3.68002282e-08 -2.45891172e-08 1
LGIC_C 310 0.117356756 0.793966072 0.0250140187 -8.63455884e-09 -4.34088253e-08 1
LGIC_C 311 0.595607972 0.603120241 0.0250140201 -2.45891309e-08 -3.68002211e-08 1
LGIC_C 312 0.309582535 0.219224708 0.0250140024 -4.20574004e-08 -2.81018564e-08 1
LGIC_C 313 0.667601959 0.363243919 0.0250140167 -3.68002282e-08 -2.45891172e-08 1
LGIC_C 314 -0.230241145 0.549445685 0.0250140092 2.45891128e-08 -3.68002333e-08 1
LGIC_C 315 -0.075133469 0.00279037357 0.025013987 4.96100897e-08 -9.86805572e-09 1
LGIC_C 318 -0.234475298 -0.338557315 0.0250140012 -5.56021111e-08 -1.45571543e-08 -1
LGIC_C 319 -0.502303688 -0.0802763759 0.0250140029 -4.34088282e-08 2.70157287e-08 -1
LGIC_C 320 0.382487143 0.617199476 0.02501402 -2.81018716e-08 -4.20573923e-08 1
LGIC_C 322 0.554336387 0.255815844 0.0250140133 -4.82586616e-08 -1.31306776e-08 1
LGIC_C 323 -0.323416585 -0.62728766 0.0250140187 2.81018674e-08 4.20574117e-08 1
LGIC_C 324 0.0526680316 0.690173401 0.0250140172 -6.33660387e-09 4.96100877e-08 -1
LGIC_C 325 0.49029159 0.604172458 0.0250140175 -2.45891309e-08 -3.68002211e-08 1
LGIC_C 326 0.203656668 0.689205807 0.0250140162 -6.33660387e-09 4.96100877e-08 -1
LGIC_C 327 -0.309131017 -0.0565755048 0.025013997 -4.96100919e-08 2.90231703e-08 -1
LGIC_C 328 -0.438271757 0.0347358766 0.0250140032 4.34088279e-08 -2.48392273e-08 1
LGIC_C 329 0.617147592 -0.175909195 0.0250140156 -4.96100859e-08 9.86807898e-09 1
LGIC_C 330 0.378132722 -0.0234617158 0.0250140027 -4.96100802e-08 3.14742968e-08 1
LGIC_C 331 0.196536062 -0.0962216446 0.025013993 -3.05989503e-08 3.95603122e-08 1
LGIC_C 332 -0.00977531941 -0.396176216 0.025014003 9.8680833e-09 4.96100963e-08 1
LGIC_C 333 0.504110301 0.164182032 0.0250140065 -4.34088272e-08 -8.63453573e-09 1
LGIC_C 334 0.240764215 0.757658541 0.0250140182 -8.63455884e-09 -4.34088253e-08 1
LGIC_C 335 0.221691955 0.543898116 0.0250140088 -8.63455884e-09 -4.34088253e-08 1
LGIC_C 336 -0.7199732 0.0154711572 0.0250140149 4.34088279e-08 -2.48392273e-08 1
LGIC_C 337 -0.0123699145 -0.00143085514 0.0250139838 4.34088238e-08 8.63459484e-09 1
LGIC_C 338 -0.251715865 0.342804951 0.0250140021 2.45891128e-08 -3.68002333e-08 1
LGIC_C 339 0.114810669 -0.170750586 0.025013993 -1.31306721e-08 4.82586744e-08 1
LGIC_C 340 -0.30756368 0.553598162 0.0250140152 2.8101852e-08 -4.20574041e-08 1
LGIC_C 341 0.0224980178 -0.679225176 0.0250140129 -8.63454093e-09 4.34088369e-08 1
LGIC_C 342 -0.817807673 -0.0634086922 0.0250140171 -4.34088282e-08 2.70157287e-08 -1
LGIC_C 343 0.221498462 0.475375285 0.0250140091 1.3130701e-08 4.82586573e-08 -1
LGIC_C 344 -0.118439361 0.0308579047 0.0250139886 5.7878425e-08 4.89846948e-08 1
LGIC_C 346 0.336551594 0.335892641 0.0250140039 -3.68002282e-08 -2.45891172e-08 1
LGIC_C 347 0.485610326 -0.13447123 0.0250140086 -4.96100859e-08 9.86807898e-09 1
LGIC_C 349 -0.2065983 -0.535579735 0.0250140038 -2.90231482e-08 4.96101036e-08 1
LGIC_C 350 -0.273610446 0.393836519 0.0250140045 2.45891128e-08 -3.68002333e-08 1
LGIC_C 352 -0.163156724 -0.228731094 0.0250139967 3.95603082e-08 3.05989652e-08 1
LGIC_C 353 -0.336984859 0.140964389 0.0250140014 -4.82586679e-08 1.31306769e-08 -1
LGIC_C 354 0.202481077 0.204299523 0.0250139975 -2.81018716e-08 -4.20573923e-08 1
LGIC_C 355 0.0966551759 -0.49013218 0.0250140106 1.00935263e-08 5.7878447e-08 1
LGIC_C 356 0.110212583 0.710909564 0.0250140151 -8.63455884e-09 -4.34088253e-08 1
LGIC_C 357 0.716785516 0.181114184 0.0250140176 -4.96100869e-08 6.3366408e-09 1
LGIC_C 358 0.0922348877 -0.0879248319 0.0250139906 -4.90669481e-08 3.27855328e-08 1
LGIC_C 359 -0.248558104 0.234508055 0.0250140026 6.28881943e-09 -7.55636452e-08 1
LGIC_C 360 -0.454430669 0.449414213 0.025014011 3.68002297e-08 -2.45891157e-08 1
LGIC_C 361 0.608014636 -0.146114407 0.0250140148 -4.96100859e-08 9.86807898e-09 1
LGIC_C 362 -0.460831119 -0.0906241465 0.0250140035 -4.96100919e-08 2.90231703e-08 -1
LGIC_C 363 -0.31441164 0.431258386 0.0250140082 1.31306824e-08 -4.82586643e-08 1
LGIC_C 365 0.586030489 -0.362242567 0.0250140181 -4.20573976e-08 2.81018683e-08 1
LGIC_C 366 -0.337571873 -0.751027146 0.0250140196 3.95603082e-08 3.05989652e-08 1
LGIC_C 367 0.372418654 -0.0980033224 0.0250140018 -4.34088182e-08 2.48392526e-08 1
LGIC_C 368 -0.124226301 -0.362832748 0.0250140021 2.48392553e-08 4.34088306e-08 1
LGIC_C 369 -0.132602926 -0.662089148 0.0250140122 -2.90231482e-08 4.96101036e-08 1
LGIC_C 370 -0.339475846 -0.62498633 0.0250140146 2.45891453e-08 3.68002268e-08 1
LGIC_C 371 0.232247643 0.054661414 0.0250139938 -4.34088272e-08 -8.63453573e-09 1
LGIC_C 372 -0.0260343075 0.428753312 0.0250140021 8.63455111e-09 -4.34088279e-08 1
LGIC_C 373 -0.677586509 0.43869618 0.025014019 3.68002297e-08 -2.45891157e-08 1
LGIC_C 374 0.0165265654 -0.181983179 0.0250139922 6.33663526e-09 4.9610097e-08 1
LGIC_C 375 0.139066876 -0.640303022 0.0250140189 1.00935263e-08 5.7878447e-08 1
LGIC_C 376 0.419427101 0.404843947 0.0250140123 -4.20574004e-08 -2.81018564e-08 1
LGIC_C 377 0.321876606 0.143192417 0.0250139986 -3.68002282e-08 -2.45891172e-08 1
LGIC_C 378 -0.597508206 0.0727758882 0.0250140108 4.96100851e-08 2.90231542e-08 1
LGIC_C 379 -0.0394760473 -0.443495436 0.0250140056 9.8680833e-09 4.96100963e-08 1
LGIC_C 380 0.148115679 0.580945443 0.0250140135 -9.86806672e-09 -4.96100854e-08 1
LGIC_C 381 0.0321020628 0.661916615 0.0250140159 -6.33660387e-09 4.96100877e-08 -1
LGIC_C 382 0.575384721 -0.267626307 0.0250140155 -3.37890406e-08 4.80634332e-08 1
LGIC_C 384 -0.451200237 -0.400203561 0.0250140163 6.28883752e-09 7.55636663e-08 1
LGIC_C 386 0.48161019 -0.469424772 0.0250140125 -3.68002179e-08 2.45891393e-08 1
LGIC_C 387 0.533767652 -0.238562814 0.0250140127 -3.37890406e-08 4.80634332e-08 1
LGIC_C 388 -0.0101046485 0.41326018 0.0250140041 -3.14742797e-08 4.96100914e-08 -1
LGIC_C 390 0.554915808 -0.0350002461 0.0250140082 -4.34088182e-08 2.48392526e-08 1
LGIC_C 392 -0.238185849 -0.58515848 0.0250140053 -2.90231482e-08 4.96101036e-08 1
LGIC_C 393 -0.0458987968 -0.280814306 0.0250139958 8.63456455e-09 4.34088336e-08 1
LGIC_C 395 0.363081093 0.389066067 0.0250140068 1.3130701e-08 4.82586573e-08 -1
LGIC_C 396 0.250742179 0.39374011 0.0250140056 1.3130701e-08 4.82586573e-08 -1
LGIC_C 397 -0.669575682 0.273623927 0.0250140147 4.34088259e-08 -8.63455061e-09 1
LGIC_C 398 -0.543875466 0.254983372 0.0250140139 3.37890593e-08 -4.80634052e-08 1
LGIC_C 399 0.594518729 -0.168402705 0.025014018 -4.96100802e-08 3.14742968e-08 1
NT 7181 0.114184381 -5.33317558 -2.30332328 0 0 0
NT 7817 0.207008046 2.60134199 -2.12033642 0 0 0
LGIC_O 4402 -0.0345878633 0.265675272 0.025013999 1.15127271e-08 -5.78784352e-08 1
LGIC_O 4401 -0.1840676 0.0972239463 0.0250139942 3.37890593e-08 -4.80634052e-08 1
LGIC_O 4400 -0.175025146 0.0137516014 0.0250139927 5.7878425e-08 4.89846948e-08 1
LGIC_O 8441 0.636913646 -0.12672076 0.0250140188 -4.96100802e-08 3.14742968e-08 1
LGIC_O 8440 0.314831804 -0.521242477 0.0250140191 -3.27854948e-08 4.90669785e-08 1
LGIC_O 8439 0.567487089 -0.204519113 0.0250140184 -5.78784275e-08 1.15127558e-08 1
LGIC_O 8438 -0.495463838 -0.478991786 0.0250140171 1.45571809e-08 5.5602105e-08 1
LGIC_O 8437 -0.0865332912 0.0753896135 0.0250139898 3.37890593e-08 -4.80634052e-08 1
LGIC_O 8436 0.281965125 0.349247805 0.0250140096 -3.27855134e-08 -4.90669575e-08 1
LGIC_O 8435 -0.281577291 0.489075666 0.0250140165 3.27854968e-08 -4.90669676e-08 1
LGIC_O 8434 -0.605092982 -0.110313414 0.0250140129 5.7878436e-08 -4.89847332e-08 1
LGIC_O 8433 0.701586212 -0.0117142491 0.0250140184 -4.96100802e-08 3.14742968e-08 1
LGIC_O 8432 0.426050556 0.664856809 0.0250140182 -2.45891309e-08 -3.68002211e-08 1
LGIC_O 8431 -0.53569519 -0.176489801 0.025014008 4.34088238e-08 8.63459484e-09 1
LGIC_O 8430 -0.206044735 -0.180448528 0.0250139982 6.28883752e-09 7.55636663e-08 1
LGIC_O 8429 0.342033035 -0.34268384 0.0250140113 -3.27854948e-08 4.90669785e-08 1
LGIC_O 8428 0.576112066 -0.314703408 0.0250140178 -3.37890406e-08 4.80634332e-08 1
LGIC_O 8427 0.236726308 -0.318077646 0.0250140066 -3.27854948e-08 4.90669785e-08 1
LGIC_O 8426 -0.0976488914 -0.110862836 0.0250139913 7.55636799e-08 6.2887973e-09 1
LGIC_O 8425 0.534646383 -0.195059479 0.0250140164 -5.78784275e-08 1.15127558e-08 1
LGIC_O 8424 0.219544679 -0.315091025 0.0250140059 -3.27854948e-08 4.90669785e-08 1
LGIC_O 8423 -0.608846757 -0.593779315 0.0250140203 3.68002489e-08 2.45891179e-08 1
LGIC_O 8422 0.564815598 -0.372450199 0.0250140202 -3.37890406e-08 4.80634332e-08 1
LGIC_O 8421 0.550750457 0.0902902064 0.0250140162 -5.78784335e-08 -1.15127284e-08 1
LGIC_O 8420 0.175418091 0.0610257495 0.0250139941 -5.78784335e-08 -1.15127284e-08 1
LGIC_O 8419 0.142777714 0.100831833 0.0250139936 -4.90669739e-08 -3.27854893e-08 1
LGIC_O 4418 0.0575220985 -0.190210297 0.0250139949 -1.15127059e-08 5.78784511e-08 1
LGIC_O 4417 -0.118754336 -0.170834128 0.0250139938 2.81018674e-08 4.20574117e-08 1
LGIC_O 4416 0.593239316 0.0786534269 0.0250140185 -5.78784335e-08 -1.15127284e-08 1
LGIC_O 4415 0.0853954366 -0.420999761 0.0250140086 -1.15127059e-08 5.78784511e-08 1
LGIC_O 4414 -0.374457097 -0.228026162 0.0250140026 3.68002489e-08 2.45891179e-08 1
LGIC_O 4413 0.577482781 -0.285169834 0.0250140164 -3.37890406e-08 4.80634332e-08 1
LGIC_O 4412 -0.484325859 0.306166979 0.0250140144 3.37890593e-08 -4.80634052e-08 1
LGIC_O 4411 0.44777829 -0.0963194904 0.0250140103 -5.78784275e-08 1.15127558e-08 1
LGIC_O 4410 0.28281874 -0.503567977 0.0250140172 -3.27854948e-08 4.90669785e-08 1
LGIC_O 4409 -0.116204576 -0.152585731 0.025013993 7.55636799e-08 6.2887973e-09 1
LGIC_O 4408 -0.333519821 0.289166147 0.0250140084 3.37890593e-08 -4.80634052e-08 1
LGIC_O 4407 -0.148720782 -0.636306108 0.0250140163 9.8680833e-09 4.96100963e-08 1
LGIC_O 4406 0.336173082 -0.328141715 0.0250140105 -4.90669481e-08 3.27855328e-08 1
LGIC_O 4405 -0.249510429 -0.168914007 0.0250139976 6.28883752e-09 7.55636663e-08 1
LGIC_O 4404 0.0811982327 0.141649416 0.0250139929 -3.27855134e-08 -4.90669575e-08 1
LGIC_O 4403 0.0533120499 -0.19689515 0.0250139952 -1.15127059e-08 5.78784511e-08 1
