LGIC_C 0 0.472820124 0.211289503 0.0250140091 -4.20574004e-08 -2.81018564e-08 1
LGIC_C 1 -0.281626383 0.0515206879 0.0250139959 4.34088259e-08 -8.63455061e-09 1
LGIC_C 2 -0.543192866 0.169861307 0.0250140119 4.96100897e-08 -9.86805572e-09 1
LGIC_C 3 0.26208869 -0.690571699 0.0250140201 -9.86804037e-09 4.96101e-08 1
LGIC_C 4 -0.458935621 -0.191739373 0.0250140006 6.28883752e-09 7.55636663e-08 1
LGIC_C 5 0.0803123719 -0.55139643 0.0250140143 1.00935263e-08 5.7878447e-08 1
LGIC_C 6 -0.330707464 0.531269365 0.025014018 1.28239438e-08 -5.73353116e-08 1
LGIC_C 7 -0.709804569 0.455967246 0.00167210071 -0.827617296 0.552995934 0.0961514895
LGIC_C 8 -0.113020045 0.31853389 0.0250139981 8.63455111e-09 -4.34088279e-08 1
LGIC_C 9 -0.465431217 -0.251565835 0.0250140052 6.28883752e-09 7.55636663e-08 1
LGIC_C 10 -0.351259125 -0.600933819 0.0250140155 3.95603082e-08 3.05989652e-08 1
LGIC_C 11 0.187477433 0.560277077 0.0250140099 -6.33660387e-09 4.96100877e-08 -1
LGIC_C 12 0.412525464 0.235008439 0.0250140112 -4.90669739e-08 -3.27854893e-08 1
LGIC_C 13 0.72853522 -0.0897316045 0.0250140203 -4.96100859e-08 9.86807898e-09 1
LGIC_C 14 0.690706548 0.24845161 0.0250140159 -4.96100869e-08 6.3366408e-09 1
LGIC_C 15 -0.48720568 -0.391888832 0.0250140112 5.39043203e-09 6.47688584e-08 1
LGIC_C 16 0.629320913 -0.132573277 0.0250140158 -4.96100859e-08 9.86807898e-09 1
LGIC_C 17 -0.519394822 0.370751695 0.0250140132 -4.82586679e-08 1.31306769e-08 -1
LGIC_C 18 0.297259175 -0.459655229 0.0250140109 -2.81018481e-08 4.20574137e-08 1
LGIC_C 21 -0.0129807344 -0.191885768 0.0250139924 -2.90231482e-08 4.96101036e-08 1
LGIC_C 22 0.170841617 0.579187291 0.0250140137 -9.86806672e-09 -4.96100854e-08 1
LGIC_C 23 -0.524535305 0.443923314 0.0250140135 3.68002297e-08 -2.45891157e-08 1
LGIC_C 24 0.138349186 0.426609594 0.0250140058 -9.86806672e-09 -4.96100854e-08 1
LGIC_C 25 0.33560309 -0.039714153 0.0250139981 -4.34088226e-08 8.63456802e-09 1
LGIC_C 27 -0.288005695 0.525968159 0.0250140185 3.27854968e-08 -4.90669676e-08 1
LGIC_C 28 0.650863629 0.0835226378 0.0250140122 -4.34088272e-08 -8.63453573e-09 1
LGIC_C 30 0.658412932 0.157870849 0.0250140149 -4.96100869e-08 6.3366408e-09 1
LGIC_C 31 -0.385040363 -0.434565522 0.0250140118 3.95603082e-08 3.05989652e-08 1
LGIC_C 32 0.0455017476 0.107990988 0.0250139891 1.3130701e-08 4.82586573e-08 -1
LGIC_C 33 -0.0286811286 0.641789623 0.0250140114 8.63455111e-09 -4.34088279e-08 1
LGIC_C 35 -0.167816021 -0.513089037 0.0250140038 -2.90231482e-08 4.96101036e-08 1
LGIC_C 36 0.437483103 -0.614048875 0.0250140166 -2.45891087e-08 3.68002429e-08 1
LGIC_C 37 0.0841650804 0.802446052 0.0250140188 -8.63455884e-09 -4.34088253e-08 1
LGIC_C 38 0.78930259 -0.330592098 0.0250140205 -3.05989503e-08 3.95603122e-08 1
LGIC_C 39 0.661784717 0.25624555 0.0250140142 -4.34088272e-08 -8.63453573e-09 1
LGIC_C 40 -0.693664692 0.00393875764 0.0250140135 4.34088279e-08 -2.48392273e-08 1
LGIC_C 41 -0.526489384 0.608879753 0.0250140186 2.45891128e-08 -3.68002333e-08 1
LGIC_C 42 -0.290706977 -0.67387041 0.0250140152 2.45891453e-08 3.68002268e-08 1
LGIC_C 43 -0.609982159 -0.483443535 0.0250140144 1.15916899e-08 4.97976879e-08 1
LGIC_C 44 0.332013332 0.508342802 0.0250140122 1.3130701e-08 4.82586573e-08 -1
LGIC_C 45 -0.0169267592 -0.214491623 0.025013993 2.48392553e-08 4.34088306e-08 1
LGIC_C 46 -0.200644102 -0.165930112 0.0250139951 5.39043203e-09 6.47688584e-08 1
LGIC_C 47 0.529443289 -0.175382271 0.0250140159 -5.78784275e-08 1.15127558e-08 1
LGIC_C 48 -0.120685268 -0.378167163 0.0250140007 8.63456455e-09 4.34088336e-08 1
LGIC_C 51 -0.624659766 -0.0326245002 0.0250140107 4.34088238e-08 8.63459484e-09 1
LGIC_C 52 0.659366162 -0.188832627 0.0250140165 -4.34088182e-08 2.48392526e-08 1
LGIC_C 53 0.33328058 -0.0995341951 0.0250140002 -4.34088182e-08 2.48392526e-08 1
LGIC_C 54 -0.0686790885 -0.22504618 0.0250139929 -4.89847109e-08 5.78784581e-08 1
LGIC_C 55 0.461127708 0.51152866 0.025014014 1.3130701e-08 4.82586573e-08 -1
LGIC_C 56 -0.143112018 -0.249033149 0.0250139948 -5.56021111e-08 -1.45571543e-08 -1
LGIC_C 57 -0.0836136906 0.40320016 0.0250140059 -3.14742797e-08 4.96100914e-08 -1
LGIC_C 58 0.477441192 -0.0861353366 0.0250140061 -4.34088182e-08 2.48392526e-08 1
LGIC_C 59 -0.390250193 -0.201907974 0.0250140001 1.45571809e-08 5.5602105e-08 1
LGIC_C 60 0.164343723 0.497495149 0.0250140131 -3.14742949e-08 -4.96100822e-08 1
LGIC_C 61 -0.382801203 0.347854269 0.0250140091 4.20574045e-08 -2.81018523e-08 1
LGIC_C 62 -0.0258232669 0.397306698 0.0250140038 -3.14742797e-08 4.96100914e-08 -1
LGIC_C 63 0.242503841 -0.00516486706 0.0250139953 -4.96100859e-08 9.86807898e-09 1
LGIC_C 64 -0.245021614 0.00131420561 0.0250139974 5.7878425e-08 4.89846948e-08 1
LGIC_C 65 0.00540834654 0.354533549 0.0250140008 -6.33660387e-09 4.96100877e-08 -1
LGIC_C 66 -0.249994097 -0.3284346 0.0250140015 2.45891453e-08 3.68002268e-08 1
LGIC_C 67 -0.443249306 0.409396254 0.025014017 6.28881943e-09 -7.55636452e-08 1
LGIC_C 68 -0.667943711 -0.119720628 0.025014009 -4.34088282e-08 2.70157287e-08 -1
LGIC_C 69 -0.699339226 -0.343185432 0.0250140174 3.68002489e-08 2.45891179e-08 1
LGIC_C 70 -0.0314187391 0.380168416 0.025014 8.63455111e-09 -4.34088279e-08 1
LGIC_C 72 0.146670222 0.388632452 0.0250140014 -8.63455884e-09 -4.34088253e-08 1
LGIC_C 73 -0.00845613919 0.0084320853 0.0250139838 3.68002297e-08 -2.45891157e-08 1
LGIC_C 74 0.519969737 0.477532525 0.0250140146 -4.82586616e-08 -1.31306776e-08 1
LGIC_C 75 0.550907235 -0.601508605 0.0250140189 -2.45891087e-08 3.68002429e-08 1
LGIC_C 76 -0.720823773 0.0165505484 0.0250140185 4.96100851e-08 2.90231542e-08 1
LGIC_C 77 0.360071168 -0.239447647 0.0250140037 -3.05989503e-08 3.95603122e-08 1
LGIC_C 79 -0.595753503 -0.271918321 0.0250140037 1.15916899e-08 4.97976879e-08 1
LGIC_C 80 0.71715106 0.0100055037 0.0250140145 -4.34088272e-08 -8.63453573e-09 1
LGIC_C 81 0.0533278376 0.682327548 0.0250140168 -6.33660387e-09 4.96100877e-08 -1
LGIC_C 82 0.460347392 -0.267110473 0.0250140079 -3.05989503e-08 3.95603122e-08 1
LGIC_C 83 -0.34599168 0.254206457 0.0250140033 -4.82586679e-08 1.31306769e-08 -1
LGIC_C 84 0.221635623 0.499908081 0.0250140105 -2.81018716e-08 -4.20573923e-08 1
LGIC_C 85 -0.0550213509 0.077758343 0.0250139884 1.28239438e-08 -5.73353116e-08 1
LGIC_C 87 -0.319529028 -0.223917637 0.0250140003 1.45571809e-08 5.5602105e-08 1
LGIC_C 88 -0.567494058 -0.511620188 0.0250140153 1.15916899e-08 4.97976879e-08 1
LGIC_C 89 0.2360087 -0.493937308 0.0250140102 -1.31306721e-08 4.82586744e-08 1
LGIC_C 90 -0.363387887 -0.327522154 0.0250140067 1.45571809e-08 5.5602105e-08 1
LGIC_C 91 0.183069542 0.821964144 0.0205863306 0.194186548 0.976240951 0.0961519121
LGIC_C 92 0.2398515 -0.742331404 0.0250140185 6.33663526e-09 4.9610097e-08 1
LGIC_C 93 -0.0270075993 0.571509216 0.0250140114 -6.33661298e-09 -4.96100859e-08 1
LGIC_C 94 0.145891637 -0.03751372 0.0250139916 -4.96100802e-08 3.14742968e-08 1
LGIC_C 95 -0.3183118 -0.477289715 0.0250140079 -5.56021111e-08 -1.45571543e-08 -1
LGIC_C 96 0.293945312 -0.0617940816 0.0250139984 -4.96100859e-08 9.86807898e-09 1
LGIC_C 97 -0.411158598 0.0337379257 0.0250140027 4.96100851e-08 2.90231542e-08 1
LGIC_C 98 -0.326420037 -0.585046349 0.0250140141 3.95603082e-08 3.05989652e-08 1
LGIC_C 99 0.204800729 -0.0599345844 0.0250139953 -4.96100802e-08 3.14742968e-08 1
LGIC_C 100 -0.366985932 -0.432252968 0.0250140082 2.45891453e-08 3.68002268e-08 1
LGIC_C 101 -0.393427098 0.00387452095 0.0250140028 4.96100897e-08 -9.86805572e-09 1
LGIC_C 102 -0.452628469 0.459521065 0.0250140154 1.28239438e-08 -5.73353116e-08 1
LGIC_C 103 -0.429195097 -0.00399282909 0.0250140018 -4.34088282e-08 2.70157287e-08 -1
LGIC_C 104 0.600931303 -0.206251555 0.0250140151 -4.96100859e-08 9.86807898e-09 1
LGIC_C 105 -0.317228156 0.154686451 0.0250139987 3.68002297e-08 -2.45891157e-08 1
LGIC_C 106 -0.295361339 0.751897813 0.0250140185 8.63455111e-09 -4.34088279e-08 1
LGIC_C 107 -0.661236361 -0.262176456 0.0250140142 4.34088238e-08 8.63459484e-09 1
LGIC_C 108 -0.0419153121 -0.49587463 0.0250140058 2.48392553e-08 4.34088306e-08 1
LGIC_C 110 -0.222566502 -0.741582766 0.0250140174 8.63456455e-09 4.34088336e-08 1
LGIC_C 111 -0.505868179 -0.119520896 0.0250140049 -4.96100919e-08 2.90231703e-08 -1
LGIC_C 112 0.686245098 -0.0527054905 0.0250140189 -4.96100802e-08 3.14742968e-08 1
LGIC_C 113 -0.0586131387 -0.708661853 0.0250140155 2.48392553e-08 4.34088306e-08 1
LGIC_C 114 -0.34985632 0.39111998 0.0250140102 1.28239438e-08 -5.73353116e-08 1
LGIC_C 115 0.493243239 -0.393098449 0.0250140139 -3.05989503e-08 3.95603122e-08 1
LGIC_C 116 0.106442213 -0.463526203 0.025014009 1.00935263e-08 5.7878447e-08 1
LGIC_C 117 -0.169198741 -0.0603978962 0.025013989 -4.34088282e-08 2.70157287e-08 -1
LGIC_C 118 -0.308190418 -0.310722533 0.025014005 3.95603082e-08 3.05989652e-08 1
LGIC_C 119 0.105668267 0.45780416 0.025014007 -9.86806672e-09 -4.96100854e-08 1
LGIC_C 120 0.000914645729 0.495162308 0.0250140078 -6.33660387e-09 4.96100877e-08 -1
LGIC_C 121 -0.517424073 -0.44120995 0.0250140112 1.15916899e-08 4.97976879e-08 1
LGIC_C 122 0.623440341 -0.376240753 0.0250140154 -3.68002179e-08 2.45891393e-08 1
LGIC_C 124 0.552191206 -0.489539525 0.0250140156 -3.68002179e-08 2.45891393e-08 1
LGIC_C 125 0.127815377 -0.163385419 0.0250139928 -1.31306721e-08 4.82586744e-08 1
LGIC_C 126 0.621203226 -0.401261366 0.0250140181 -3.05989503e-08 3.95603122e-08 1
LGIC_C 127 0.209697232 -0.296518171 0.0250140003 -1.31306721e-08 4.82586744e-08 1
LGIC_C 128 0.244528496 -0.275276241 0.0250139994 -2.45891087e-08 3.68002429e-08 1
LGIC_C 129 0.431741893 -0.0937756125 0.0250140028 -4.34088226e-08 8.63456802e-09 1
LGIC_C 130 -0.54390864 0.184777316 0.0250140085 4.34088259e-08 -8.63455061e-09 1
LGIC_C 131 0.375690272 0.215580664 0.0250140042 -4.82586616e-08 -1.31306776e-08 1
LGIC_C 132 -0.178366947 0.0533089778 0.025013991 5.7878425e-08 4.89846948e-08 1
LGIC_C 133 -0.584752107 -0.0472161464 0.0250140091 4.34088238e-08 8.63459484e-09 1
LGIC_C 134 0.265874526 -0.638550381 0.0250140133 -2.45891087e-08 3.68002429e-08 1
LGIC_C 135 -0.228950495 -0.251706241 0.0250140003 2.81018674e-08 4.20574117e-08 1
LGIC_C 136 0.356282786 -0.287531369 0.0250140034 -3.68002179e-08 2.45891393e-08 1
LGIC_C 137 0.352250049 -0.378558176 0.0250140061 -1.31306721e-08 4.82586744e-08 1
LGIC_C 138 -0.7051906 -0.206831967 0.0250140096 4.96100935e-08 -4.19869172e-08 1
LGIC_C 139 0.1345449 -0.011129547 0.0250139902 -4.96100802e-08 3.14742968e-08 1
LGIC_C 140 0.511323818 0.535174652 0.0250140155 -2.45891309e-08 -3.68002211e-08 1
LGIC_C 141 0.455858228 0.120989288 0.0250140041 -4.34088272e-08 -8.63453573e-09 1
LGIC_C 142 -0.43438621 -0.544369965 0.0250140171 3.95603082e-08 3.05989652e-08 1
LGIC_C 144 -0.457932106 -0.464283239 0.0250140155 -5.56021111e-08 -1.45571543e-08 -1
LGIC_C 145 0.221025972 0.0102400352 0.0250139941 -4.96100869e-08 6.3366408e-09 1
LGIC_C 146 0.01044842 0.556104331 0.0250140108 -6.33660387e-09 4.96100877e-08 -1
LGIC_C 147 -0.341644433 -0.343376535 0.0250140043 2.45891453e-08 3.68002268e-08 1
LGIC_C 149 0.555211752 0.47987782 0.0250140155 -3.68002282e-08 -2.45891172e-08 1
LGIC_C 150 0.377755987 0.113074609 0.0250140013 -4.96100869e-08 6.3366408e-09 1
LGIC_C 151 -0.0732451381 -0.66644641 0.0250140128 8.63456455e-09 4.34088336e-08 1
LGIC_C 152 0.269163844 0.53569392 0.0250140126 1.3130701e-08 4.82586573e-08 -1
LGIC_C 153 0.172630053 -0.203416348 0.0250139971 -1.28239349e-08 5.73353226e-08 1
LGIC_C 154 0.149117254 0.460254729 0.0250140076 -9.86806672e-09 -4.96100854e-08 1
LGIC_C 155 -0.498299843 0.159460214 0.0250140063 4.34088259e-08 -8.63455061e-09 1
LGIC_C 156 -0.226955936 0.034248102 0.0250139934 4.34088259e-08 -8.63455061e-09 1
LGIC_C 157 -0.462774227 0.260481158 0.0250140059 6.28881943e-09 -7.55636452e-08 1
LGIC_C 158 0.314498662 0.176777614 0.0250140024 3.37890593e-08 4.80634111e-08 -1
LGIC_C 159 0.771076501 0.112036856 0.0250140177 -4.34088272e-08 -8.63453573e-09 1
LGIC_C 160 -0.32424066 -0.0940359139 0.0250139948 -4.34088282e-08 2.70157287e-08 -1
LGIC_C 161 -0.424957341 0.0940494468 0.0250140053 4.96100897e-08 -9.86805572e-09 1
LGIC_C 162 0.484717466 0.0162894478 0.0250140074 -4.96100911e-08 -9.86803575e-09 1
LGIC_C 163 0.422452342 -0.262690434 0.0250140084 -4.20573976e-08 2.81018683e-08 1
LGIC_C 164 0.29635608 -0.593682255 0.0250140158 -1.31306721e-08 4.82586744e-08 1
LGIC_C 165 -0.346598044 0.0519165575 0.0250139989 4.96100851e-08 2.90231542e-08 1
LGIC_C 166 -0.11868409 -0.695934767 0.0250140164 2.48392553e-08 4.34088306e-08 1
LGIC_C 167 -0.578707408 0.564571696 0.0250140186 -4.82586679e-08 1.31306769e-08 -1
LGIC_C 168 -0.480914372 -0.238985348 0.0250140013 5.39043203e-09 6.47688584e-08 1
LGIC_C 169 0.657096867 -0.534358169 0.0138067535 0.827616944 -0.552996408 0.0961517878
LGIC_C 171 -0.229871779 0.330188635 0.0250140052 1.28239438e-08 -5.73353116e-08 1
LGIC_C 172 0.275699676 0.149966975 0.0250139991 -4.20574004e-08 -2.81018564e-08 1
LGIC_C 173 0.650250421 0.285195124 0.0250140142 -3.68002282e-08 -2.45891172e-08 1
LGIC_C 174 -0.0772736224 -0.496162259 0.0250140067 2.48392553e-08 4.34088306e-08 1
LGIC_C 175 0.397087559 -0.312361435 0.0250140117 -3.37890406e-08 4.80634332e-08 1
LGIC_C 177 0.354039757 0.355374725 0.0250140081 -2.81018716e-08 -4.20573923e-08 1
LGIC_C 178 0.142900455 -0.619066781 0.025014013 6.33663526e-09 4.9610097e-08 1
LGIC_C 180 -0.143599969 0.268205209 0.0250139986 2.8101852e-08 -4.20574041e-08 1
LGIC_C 181 -0.652866378 -0.306555474 0.0250140066 5.39043203e-09 6.47688584e-08 1
LGIC_C 183 0.648129989 0.31021609 0.0250140186 -4.82586616e-08 -1.31306776e-08 1
LGIC_C 184 0.687953446 -0.0404182965 0.0250140141 -4.34088182e-08 2.48392526e-08 1
LGIC_C 185 0.375694494 -0.15702449 0.0250140009 -3.05989503e-08 3.95603122e-08 1
LGIC_C 186 -0.623063907 -0.275614467 0.0250140044 5.39043203e-09 6.47688584e-08 1
LGIC_C 188 -0.716613966 0.0973482569 0.0250140152 4.34088259e-08 -8.63455061e-09 1
LGIC_C 189 -0.535829343 0.307186484 0.0250140144 4.20574045e-08 -2.81018523e-08 1
LGIC_C 190 0.348353813 -0.715745263 0.0250140181 -2.45891087e-08 3.68002429e-08 1
LGIC_C 191 -0.443376525 -0.254456729 0.0250140021 5.39043203e-09 6.47688584e-08 1
LGIC_C 192 -0.282564578 0.112881271 0.0250139965 4.34088259e-08 -8.63455061e-09 1
LGIC_C 193 0.279124702 0.0985772223 0.0250139981 -4.96100911e-08 -9.86803575e-09 1
LGIC_C 194 -0.687285108 0.329832052 0.0250140167 3.68002297e-08 -2.45891157e-08 1
LGIC_C 195 0.376819716 0.416557802 0.0250140114 -2.81018716e-08 -4.20573923e-08 1
LGIC_C 196 0.706960313 0.410590474 0.0250140194 -3.68002282e-08 -2.45891172e-08 1
LGIC_C 197 -0.24952961 -0.560740097 0.02501401 2.45891453e-08 3.68002268e-08 1
LGIC_C 198 0.512698464 -0.0547484026 0.025014006 -4.34088226e-08 8.63456802e-09 1
LGIC_C 199 0.653877442 0.254460703 0.0250140141 -4.96100869e-08 6.3366408e-09 1
LGIC_C 200 0.699269388 -0.320533207 0.0250140168 -3.68002179e-08 2.45891393e-08 1
LGIC_C 201 0.229851563 0.131730862 0.0250139966 -4.20574004e-08 -2.81018564e-08 1
LGIC_C 202 -0.0240310059 -0.275213174 0.0250139958 2.48392553e-08 4.34088306e-08 1
LGIC_C 203 -0.145724199 -0.0128455257 0.0250139901 -4.96100919e-08 2.90231703e-08 -1
LGIC_C 204 -0.383976625 0.537231849 0.0250140167 2.8101852e-08 -4.20574041e-08 1
LGIC_C 205 -0.101623117 0.271255765 0.0250139977 9.86805557e-09 -4.96100883e-08 1
LGIC_C 206 0.660063497 -0.35484623 0.0250140162 -3.68002179e-08 2.45891393e-08 1
LGIC_C 207 -0.11861329 -0.477807747 0.0250140051 -4.89847109e-08 5.78784581e-08 1
LGIC_C 208 -0.518250586 0.411382847 0.0250140137 -4.82586679e-08 1.31306769e-08 -1
LGIC_C 209 0.00191306073 0.00796806652 0.0250139844 2.76305616e-08 1.38908221e-07 -1
LGIC_C 210 0.0686228161 0.27923633 0.0250139978 -9.86806672e-09 -4.96100854e-08 1
LGIC_C 212 -0.365842646 -0.508119913 0.025014011 -5.56021111e-08 -1.45571543e-08 -1
LGIC_C 213 0.346805759 -0.365844177 0.0250140084 -2.81018481e-08 4.20574137e-08 1
LGIC_C 214 0.438116971 -0.0756627624 0.0250140029 -4.34088226e-08 8.63456802e-09 1
LGIC_C 215 -0.476989685 -0.0204779255 0.0250140041 4.34088238e-08 8.63459484e-09 1
LGIC_C 216 0.164164296 -0.209155605 0.0250139955 -1.31306721e-08 4.82586744e-08 1
LGIC_C 217 0.489868587 -0.376573092 0.0250140179 -3.37890406e-08 4.80634332e-08 1
LGIC_C 218 -0.26472725 0.473316562 0.0250140096 1.31306824e-08 -4.82586643e-08 1
LGIC_C 219 -0.275578458 -0.424330359 0.0250140071 3.95603082e-08 3.05989652e-08 1
LGIC_C 220 -0.758251205 -0.330211922 0.0250140193 3.68002489e-08 2.45891179e-08 1
LGIC_C 221 0.640497741 -0.394440762 0.0250140165 -3.68002179e-08 2.45891393e-08 1
LGIC_C 222 -0.501167389 -0.207692476 0.0250140021 -4.96100919e-08 2.90231703e-08 -1
LGIC_C 223 0.211259126 0.403972483 0.025014007 -4.80634192e-08 -3.37890445e-08 1
LGIC_C 224 -0.365666548 0.0375285425 0.0250140003 4.96100851e-08 2.90231542e-08 1
LGIC_C 225 0.217675931 -0.681440773 0.0250140147 -8.63454093e-09 4.34088369e-08 1
LGIC_C 226 0.379647463 -0.156603161 0.0250140011 -4.34088226e-08 8.63456802e-09 1
LGIC_C 227 -0.186805064 0.492128541 0.0250140062 8.63455111e-09 -4.34088279e-08 1
LGIC_C 228 0.292809492 -0.278324138 0.0250140032 -3.05989503e-08 3.95603122e-08 1
LGIC_C 229 -0.513549188 -0.0822028673 0.0250140063 4.34088238e-08 8.63459484e-09 1
LGIC_C 230 -0.689129471 -0.166298975 0.0250140087 -4.34088282e-08 2.70157287e-08 -1
LGIC_C 231 0.519385973 0.243892252 0.0250140125 3.37890593e-08 4.80634111e-08 -1
LGIC_C 232 -0.287112827 0.789906153 0.02501402 8.63455111e-09 -4.34088279e-08 1
LGIC_C 233 0.292867061 0.235850937 0.0250140005 -4.82586616e-08 -1.31306776e-08 1
LGIC_C 234 0.0235661061 -0.424552765 0.0250140019 -8.63454093e-09 4.34088369e-08 1
LGIC_C 235 0.361042011 0.444283222 0.0250140121 -2.81018716e-08 -4.20573923e-08 1
LGIC_C 236 0.317867322 -0.0102247635 0.0250139973 -4.34088182e-08 2.48392526e-08 1
LGIC_C 239 0.480610249 -0.246973953 0.0250140104 -4.20573976e-08 2.81018683e-08 1
LGIC_C 240 0.16510354 -0.19329173 0.0250139964 -1.28239349e-08 5.73353226e-08 1
LGIC_C 241 -0.112855732 0.191485805 0.0250139945 2.8101852e-08 -4.20574041e-08 1
LGIC_C 242 0.596907349 -0.333146335 0.0250140194 -3.37890406e-08 4.80634332e-08 1
LGIC_C 243 -0.682799398 0.240597947 0.0250140195 4.96100897e-08 -9.86805572e-09 1
LGIC_C 246 0.414347794 0.438997823 0.0250140096 -2.45891309e-08 -3.68002211e-08 1
LGIC_C 247 -0.486113042 0.644590683 0.0250140189 2.45891128e-08 -3.68002333e-08 1
LGIC_C 248 0.0806521111 -0.0557762436 0.0250139876 -3.68002179e-08 2.45891393e-08 1
LGIC_C 249 0.52853568 -0.0947501318 0.0250140124 -4.96100802e-08 3.14742968e-08 1
LGIC_C 250 0.258314089 0.525059675 0.0250140134 -4.80634192e-08 -3.37890445e-08 1
LGIC_C 251 0.00103437942 0.600306775 0.025014013 -6.33660387e-09 4.96100877e-08 -1
LGIC_C 252 0.17343925 0.573068141 0.0250140171 -3.14742949e-08 -4.96100822e-08 1
LGIC_C 253 0.463125161 0.305403175 0.0250140096 -4.82586616e-08 -1.31306776e-08 1
LGIC_C 255 -0.739847107 -0.0492418584 0.0250140141 -4.34088282e-08 2.70157287e-08 -1
LGIC_C 256 -0.308391483 0.544264999 0.0250140109 2.45891128e-08 -3.68002333e-08 1
LGIC_C 257 0.299830747 0.325273143 0.0250140029 1.3130701e-08 4.82586573e-08 -1
LGIC_C 258 -0.290175581 0.569414493 0.0250140114 2.45891128e-08 -3.68002333e-08 1
LGIC_C 260 -0.015888922 -0.591850349 0.0250140128 9.8680833e-09 4.96100963e-08 1
LGIC_C 261 0.071363207 0.646881824 0.025014012 -8.63455884e-09 -4.34088253e-08 1
LGIC_C 262 -0.351481597 0.34453843 0.0250140077 4.20574045e-08 -2.81018523e-08 1
LGIC_C 263 -0.690665323 -0.156995622 0.025014009 -4.34088282e-08 2.70157287e-08 -1
LGIC_C 264 0.431129 -0.33777008 0.0250140074 -3.68002179e-08 2.45891393e-08 1
LGIC_C 265 0.196705585 0.0128788452 0.0250139931 -4.96100911e-08 -9.86803575e-09 1
LGIC_C 266 -0.1750023 -0.334566222 0.0250140004 3.95603082e-08 3.05989652e-08 1
LGIC_C 267 -0.302443943 -0.272512242 0.0250140028 1.45571809e-08 5.5602105e-08 1
LGIC_C 268 -0.0360801525 -0.508047061 0.0250140074 -2.90231482e-08 4.96101036e-08 1
LGIC_C 269 -0.128244714 0.616930221 0.0250140131 -6.33661298e-09 -4.96100859e-08 1
LGIC_C 271 -0.463533162 -0.422924984 0.0250140107 3.68002489e-08 2.45891179e-08 1
LGIC_C 272 -0.358360126 0.274026893 0.0250140042 -4.82586679e-08 1.31306769e-08 -1
LGIC_C 273 0.758141438 -0.141067907 0.0250140196 -4.34088182e-08 2.48392526e-08 1
LGIC_C 274 -0.373450662 0.401739715 0.0250140072 2.45891128e-08 -3.68002333e-08 1
LGIC_C 275 0.0118839439 -0.522611278 0.0250140091 6.33663526e-09 4.9610097e-08 1
LGIC_C 276 -0.118727927 -0.491727027 0.0250140042 -2.90231482e-08 4.96101036e-08 1
LGIC_C 278 0.354061656 0.290021099 0.0250140034 -3.68002282e-08 -2.45891172e-08 1
LGIC_C 279 0.115135611 -0.0146613391 0.0250139884 -4.34088226e-08 8.63456802e-09 1
LGIC_C 280 -0.265894477 -0.179096631 0.0250139971 1.45571809e-08 5.5602105e-08 1
LGIC_C 281 0.407975001 0.497538986 0.0250140197 -4.80634192e-08 -3.37890445e-08 1
LGIC_C 282 -0.252649404 -0.467882568 0.0250140076 3.95603082e-08 3.05989652e-08 1
LGIC_C 283 -0.245978712 -0.485714984 0.0250140049 7.55636799e-08 6.2887973e-09 1
LGIC_C 284 0.224541115 -0.800353896 0.0250140199 -8.63454093e-09 4.34088369e-08 1
LGIC_C 286 -0.552953595 0.0350335295 0.0250140097 4.96100851e-08 2.90231542e-08 1
LGIC_C 287 -0.0713919094 -0.112541285 0.0250139891 2.45891453e-08 3.68002268e-08 1
LGIC_C 288 0.0391691153 -0.386067595 0.0250140021 6.33663526e-09 4.9610097e-08 1
LGIC_C 289 0.0395246031 -0.0317460108 0.0250139855 -3.68002179e-08 2.45891393e-08 1
LGIC_C 290 -0.367810442 -0.53987 0.0250140163 2.81018674e-08 4.20574117e-08 1
LGIC_C 291 -0.49349069 0.425355854 0.0250140119 3.68002297e-08 -2.45891157e-08 1
LGIC_C 292 0.411060521 0.445693394 0.0250140135 -2.81018716e-08 -4.20573923e-08 1
LGIC_C 293 -0.677579827 -0.0785749416 0.0250140146 -4.96100919e-08 2.90231703e-08 -1
LGIC_C 295 -0.18406539 0.140433375 0.025013995 6.28881943e-09 -7.55636452e-08 1
LGIC_C 296 0.489374449 0.214229436 0.0250140098 -4.20574004e-08 -2.81018564e-08 1
LGIC_C 297 0.0494815241 0.331898973 0.0250139981 -8.63455884e-09 -4.34088253e-08 1
LGIC_C 298 0.178341207 -0.53446292 0.0250140115 -9.86804037e-09 4.96101e-08 1
LGIC_C 299 -0.0752157529 -0.34592695 0.0250140011 9.8680833e-09 4.96100963e-08 1
LGIC_C 300 0.364603113 -0.0214222041 0.0250139996 -4.34088182e-08 2.48392526e-08 1
LGIC_C 301 0.114103411 0.40156862 0.0250140017 -8.63455884e-09 -4.34088253e-08 1
LGIC_C 302 0.421590916 0.356767549 0.025014011 -4.20574004e-08 -2.81018564e-08 1
LGIC_C 303 -0.0161256663 0.363599858 0.0250140015 9.86805557e-09 -4.96100883e-08 1
LGIC_C 304 -0.16052563 0.330086171 0.0250140013 1.31306824e-08 -4.82586643e-08 1
LGIC_C 305 -0.442025684 0.219163035 0.0250140049 3.68002297e-08 -2.45891157e-08 1
LGIC_C 306 0.20085497 0.120186173 0.0250139958 3.37890593e-08 4.80634111e-08 -1
LGIC_C 307 -0.413360705 0.27427779 0.0250140068 -4.82586679e-08 1.31306769e-08 -1
LGIC_C 308 0.62899466 -0.285547951 0.0250140134 -3.68002179e-08 2.45891393e-08 1
LGIC_C 309 0.142914831 0.12342955 0.0250139915 -3.68002282e-08 -2.45891172e-08 1
LGIC_C 310 0.111640234 0.813438836 0.0250140195 -8.63455884e-09 -4.34088253e-08 1
LGIC_C 311 0.58391617 0.603078952 0.0250140198 -2.45891309e-08 -3.68002211e-08 1
LGIC_C 312 0.310536014 0.214245503 0.0250140023 -4.20574004e-08 -2.81018564e-08 1
LGIC_C 313 0.6611133 0.345623427 0.0250140161 -3.68002282e-08 -2.45891172e-08 1
LGIC_C 314 -0.252638958 0.542844302 0.0250140095 2.45891128e-08 -3.68002333e-08 1
LGIC_C 315 -0.0679335601 0.00420127172 0.0250139867 4.96100897e-08 -9.86805572e-09 1
LGIC_C 318 -0.252166581 -0.365815039 0.0250140026 -5.56021111e-08 -1.45571543e-08 -1
LGIC_C 319 -0.493656762 -0.0744200587 0.0250140027 -4.34088282e-08 2.70157287e-08 -1
LGIC_C 320 0.391171564 0.620735682 0.0250140204 -2.81018716e-08 -4.20573923e-08 1
LGIC_C 322 0.535132235 0.249366323 0.0250140123 -4.82586616e-08 -1.31306776e-08 1
LGIC_C 323 -0.341957191 -0.634116754 0.0250140195 2.81018674e-08 4.20574117e-08 1
LGIC_C 324 0.0600340772 0.691447464 0.0250140172 -6.33660387e-09 4.96100877e-08 -1
LGIC_C 325 0.508475893 0.611746184 0.0250140183 -2.45891309e-08 -3.68002211e-08 1
LGIC_C 326 0.203062957 0.682787395 0.0250140159 -6.33660387e-09 4.96100877e-08 -1
LGIC_C 327 -0.308802415 -0.046411507 0.0250139972 -4.96100919e-08 2.90231703e-08 -1
LGIC_C 328 -0.448459699 0.0308427134 0.0250140035 4.34088279e-08 -2.48392273e-08 1
LGIC_C 329 0.617857703 -0.182505706 0.0250140157 -4.96100859e-08 9.86807898e-09 1
LGIC_C 330 0.375784938 -0.0242585023 0.0250140026 -4.96100802e-08 3.14742968e-08 1
LGIC_C 331 0.215216555 -0.101174191 0.0250139938 -3.05989503e-08 3.95603122e-08 1
LGIC_C 332 -0.000962933713 -0.396485032 0.0250140029 9.8680833e-09 4.96100963e-08 1
LGIC_C 333 0.526748044 0.155299109 0.0250140074 -4.34088272e-08 -8.63453573e-09 1
LGIC_C 334 0.2451328 0.761214424 0.0250140184 -8.63455884e-09 -4.34088253e-08 1
LGIC_C 335 0.214108411 0.543690646 0.0250140089 -6.33660387e-09 4.96100877e-08 -1
LGIC_C 336 -0.727428453 -0.000241208794 0.0250140148 4.34088279e-08 -2.48392273e-08 1
LGIC_C 337 -0.0292927761 -0.00240136899 0.0250139845 -4.34088282e-08 2.70157287e-08 -1
LGIC_C 338 -0.249312892 0.329397005 0.0250140015 2.45891128e-08 -3.68002333e-08 1
LGIC_C 339 0.110952278 -0.169178431 0.0250139929 -1.31306721e-08 4.82586744e-08 1
LGIC_C 340 -0.316295346 0.556845606 0.0250140156 2.8101852e-08 -4.20574041e-08 1
LGIC_C 341 0.0213090551 -0.681670685 0.025014013 -8.63454093e-09 4.34088369e-08 1
LGIC_C 342 -0.80281805 -0.0754557177 0.0250140161 -4.34088282e-08 2.70157287e-08 -1
LGIC_C 343 0.220267571 0.472251136 0.0250140089 1.3130701e-08 4.82586573e-08 -1
LGIC_C 344 -0.118538209 0.0356952137 0.0250139884 5.7878425e-08 4.89846948e-08 1
LGIC_C 346 0.339363921 0.316513353 0.0250140035 -3.68002282e-08 -2.45891172e-08 1
LGIC_C 347 0.479672891 -0.154714589 0.0250140086 -4.96100859e-08 9.86807898e-09 1
LGIC_C 349 -0.197388949 -0.5329252 0.0250140039 -2.90231482e-08 4.96101036e-08 1
LGIC_C 350 -0.261015278 0.395432334 0.0250140042 2.45891128e-08 -3.68002333e-08 1
LGIC_C 352 -0.165222398 -0.223992288 0.0250139966 3.95603082e-08 3.05989652e-08 1
LGIC_C 353 -0.341049507 0.151388089 0.0250140019 4.20574045e-08 -2.81018523e-08 1
LGIC_C 354 0.18150715 0.198994864 0.0250139967 -2.81018716e-08 -4.20573923e-08 1
LGIC_C 355 0.0865273788 -0.488323517 0.0250140106 1.00935263e-08 5.7878447e-08 1
LGIC_C 356 0.115712061 0.717432599 0.0250140154 -8.63455884e-09 -4.34088253e-08 1
LGIC_C 357 0.718535937 0.184505022 0.0250140177 -4.96100869e-08 6.3366408e-09 1
LGIC_C 358 0.0932136824 -0.0915887002 0.0250139908 -4.90669481e-08 3.27855328e-08 1
LGIC_C 359 -0.247608426 0.245436299 0.0250140034 6.28881943e-09 -7.55636452e-08 1
LGIC_C 360 -0.470148378 0.42761213 0.0250140111 3.68002297e-08 -2.45891157e-08 1
LGIC_C 361 0.597126327 -0.142365886 0.0250140143 -4.96100859e-08 9.86807898e-09 1
LGIC_C 362 -0.453773298 -0.125414575 0.0250140021 -4.96100919e-08 2.90231703e-08 -1
LGIC_C 363 -0.302421022 0.441112773 0.0250140085 1.31306824e-08 -4.82586643e-08 1
LGIC_C 365 0.599502938 -0.366628971 0.0250140187 -4.20573976e-08 2.81018683e-08 1
LGIC_C 366 -0.332908198 -0.771972814 0.02501402 3.95603082e-08 3.05989652e-08 1
LGIC_C 367 0.364480501 -0.098083555 0.0250140015 -4.34088182e-08 2.48392526e-08 1
LGIC_C 368 -0.12434465 -0.351092529 0.0250140016 2.48392553e-08 4.34088306e-08 1
LGIC_C 369 -0.14622519 -0.653011098 0.0250140114 -2.90231482e-08 4.96101036e-08 1
LGIC_C 370 -0.353464364 -0.611723197 0.0250140144 2.45891453e-08 3.68002268e-08 1
LGIC_C 371 0.22058197 0.0640231616 0.0250139934 -4.34088272e-08 -8.63453573e-09 1
LGIC_C 372 -0.025816473 0.428384915 0.0250140021 8.63455111e-09 -4.34088279e-08 1
LGIC_C 373 -0.670392386 0.450200517 0.025014019 3.68002297e-08 -2.45891157e-08 1
LGIC_C 374 0.0176893522 -0.188539699 0.0250139925 6.33663526e-09 4.9610097e-08 1
LGIC_C 375 0.121750461 -0.629743484 0.0250140185 1.00935263e-08 5.7878447e-08 1
LGIC_C 376 0.426468506 0.383713356 0.025014012 -4.20574004e-08 -2.81018564e-08 1
LGIC_C 377 0.292479877 0.137647864 0.0250139974 -3.68002282e-08 -2.45891172e-08 1
LGIC_C 378 -0.580812043 0.0620437094 0.0250140103 4.96100851e-08 2.90231542e-08 1
LGIC_C 379 -0.0216765128 -0.442395118 0.0250140054 9.8680833e-09 4.96100963e-08 1
LGIC_C 380 0.129819838 0.588609669 0.0250140137 -9.86806672e-09 -4.96100854e-08 1
LGIC_C 381 0.0304522654 0.642855487 0.025014015 -6.33660387e-09 4.96100877e-08 -1
LGIC_C 382 0.57708384 -0.263573423 0.0250140154 -3.37890406e-08 4.80634332e-08 1
LGIC_C 384 -0.446498403 -0.406296084 0.0250140167 6.28883752e-09 7.55636663e-08 1
LGIC_C 386 0.475915605 -0.46271451 0.0250140121 -3.68002179e-08 2.45891393e-08 1
LGIC_C 387 0.535897809 -0.251967652 0.0250140134 -3.37890406e-08 4.80634332e-08 1
LGIC_C 388 -0.0271192198 0.414621698 0.0250140047 -3.14742797e-08 4.96100914e-08 -1
LGIC_C 390 0.552827494 -0.0275576744 0.0250140079 -4.34088182e-08 2.48392526e-08 1
LGIC_C 392 -0.235068375 -0.582161009 0.0250140053 -2.90231482e-08 4.96101036e-08 1
LGIC_C 393 -0.0479714578 -0.280287879 0.0250139958 8.63456455e-09 4.34088336e-08 1
LGIC_C 395 0.363886683 0.39925982 0.0250140073 1.3130701e-08 4.82586573e-08 -1
LGIC_C 396 0.253658815 0.391754403 0.0250140055 1.3130701e-08 4.82586573e-08 -1
LGIC_C 397 -0.688202503 0.28480773 0.0250140156 4.34088259e-08 -8.63455061e-09 1
LGIC_C 398 -0.539346152 0.250950119 0.0250140136 3.37890593e-08 -4.80634052e-08 1
LGIC_C 399 0.597976887 -0.154861189 0.0250140178 -4.96100802e-08 3.14742968e-08 1
NT 7181 -0.621077775 -4.26908776 -2.11017018 0 0 0
NT 7817 0.37701874 1.86563444 -1.39517577 0 0 0
LGIC_O 4402 -0.0345878633 0.265675272 0.025013999 1.15127271e-08 -5.78784352e-08 1
LGIC_O 4401 -0.1840676 0.0972239463 0.0250139942 3.37890593e-08 -4.80634052e-08 1
LGIC_O 4400 -0.175025146 0.0137516014 0.0250139927 5.7878425e-08 4.89846948e-08 1
LGIC_O 8441 0.636913646 -0.12672076 0.0250140188 -4.96100802e-08 3.14742968e-08 1
LGIC_O 8440 0.314831804 -0.521242477 0.0250140191 -3.27854948e-08 4.90669785e-08 1
LGIC_O 8439 0.567487089 -0.204519113 0.0250140184 -5.78784275e-08 1.15127558e-08 1
LGIC_O 8438 -0.495463838 -0.478991786 0.0250140171 1.45571809e-08 5.5602105e-08 1
LGIC_O 8437 -0.0865332912 0.0753896135 0.0250139898 3.37890593e-08 -4.80634052e-08 1
LGIC_O 8436 0.281965125 0.349247805 0.0250140096 -3.27855134e-08 -4.90669575e-08 1
LGIC_O 8435 -0.281577291 0.489075666 0.0250140165 3.27854968e-08 -4.90669676e-08 1
LGIC_O 8434 -0.605092982 -0.110313414 0.0250140129 5.7878436e-08 -4.89847332e-08 1
LGIC_O 8433 0.701586212 -0.0117142491 0.0250140184 -4.96100802e-08 3.14742968e-08 1
LGIC_O 8432 0.426050556 0.664856809 0.0250140182 -2.45891309e-08 -3.68002211e-08 1
LGIC_O 8431 -0.53569519 -0.176489801 0.025014008 4.34088238e-08 8.63459484e-09 1
LGIC_O 8430 -0.206044735 -0.180448528 0.0250139982 6.28883752e-09 7.55636663e-08 1
LGIC_O 8429 0.342033035 -0.34268384 0.0250140113 -3.27854948e-08 4.90669785e-08 1
LGIC_O 8428 0.576112066 -0.314703408 0.0250140178 -3.37890406e-08 4.80634332e-08 1
LGIC_O 8427 0.236726308 -0.318077646 0.0250140066 -3.27854948e-08 4.90669785e-08 1
LGIC_O 8426 -0.0976488914 -0.110862836 0.0250139913 7.55636799e-08 6.2887973e-09 1
LGIC_O 8425 0.534646383 -0.195059479 0.0250140164 -5.78784275e-08 1.15127558e-08 1
LGIC_O 8424 0.219544679 -0.315091025 0.0250140059 -3.27854948e-08 4.90669785e-08 1
LGIC_O 8423 -0.608846757 -0.593779315 0.0250140203 3.68002489e-08 2.45891179e-08 1
LGIC_O 8422 0.564815598 -0.372450199 0.0250140202 -3.37890406e-08 4.80634332e-08 1
LGIC_O 8421 0.550750457 0.0902902064 0.0250140162 -5.78784335e-08 -1.15127284e-08 1
LGIC_O 8420 0.175418091 0.0610257495 0.0250139941 -5.78784335e-08 -1.15127284e-08 1
LGIC_O 8419 0.142777714 0.100831833 0.0250139936 -4.90669739e-08 -3.27854893e-08 1
LGIC_O 4418 0.0575220985 -0.190210297 0.0250139949 -1.15127059e-08 5.78784511e-08 1
LGIC_O 4417 -0.118754336 -0.170834128 0.0250139938 2.81018674e-08 4.20574117e-08 1
LGIC_O 4416 0.593239316 0.0786534269 0.0250140185 -5.78784335e-08 -1.15127284e-08 1
LGIC_O 4415 0.0853954366 -0.420999761 0.0250140086 -1.15127059e-08 5.78784511e-08 1
LGIC_O 4414 -0.374457097 -0.228026162 0.0250140026 3.68002489e-08 2.45891179e-08 1
LGIC_O 4413 0.577482781 -0.285169834 0.0250140164 -3.37890406e-08 4.80634332e-08 1
LGIC_O 4412 -0.484325859 0.306166979 0.0250140144 3.37890593e-08 -4.80634052e-08 1
LGIC_O 4411 0.44777829 -0.0963194904 0.0250140103 -5.78784275e-08 1.15127558e-08 1
LGIC_O 4410 0.28281874 -0.503567977 0.0250140172 -3.27854948e-08 4.90669785e-08 1
LGIC_O 4409 -0.116204576 -0.152585731 0.025013993 7.55636799e-08 6.2887973e-09 1
LGIC_O 4408 -0.333519821 0.289166147 0.0250140084 3.37890593e-08 -4.80634052e-08 1
LGIC_O 4407 -0.148720782 -0.636306108 0.0250140163 9.8680833e-09 4.96100963e-08 1
LGIC_O 4406 0.336173082 -0.328141715 0.0250140105 -4.90669481e-08 3.27855328e-08 1
LGIC_O 4405 -0.249510429 -0.168914007 0.0250139976 6.28883752e-09 7.55636663e-08 1
LGIC_O 4404 0.0811982327 0.141649416 0.0250139929 -3.27855134e-08 -4.90669575e-08 1
LGIC_O 4403 0.0533120499 -0.19689515 0.0250139952 -1.15127059e-08 5.78784511e-08 1
