LGIC_C 0 0.431490572 0.208372435 0.0250140072 -4.20574004e-08 -2.81018564e-08 1
LGIC_C 1 -0.261597557 0.0723507023 0.0250139952 4.34088259e-08 -8.63455061e-09 1
LGIC_C 2 -0.557905415 0.120197748 0.0250140121 4.96100897e-08 -9.86805572e-09 1
LGIC_C 3 0.252095862 -0.690303977 0.02501402 -9.86804037e-09 4.96101e-08 1
LGIC_C 4 -0.470111759 -0.230963662 0.0250140036 6.28883752e-09 7.55636663e-08 1
LGIC_C 5 0.0989335571 -0.596722534 0.0250140168 1.00935263e-08 5.7878447e-08 1
LGIC_C 6 -0.310913841 0.492156486 0.0250140155 1.28239438e-08 -5.73353116e-08 1
LGIC_C 7 -0.71787043 0.445117393 -0.00535349583 -0.827617296 0.552995934 0.0961514895
LGIC_C 8 -0.137338308 0.297010167 0.0250139976 2.45891128e-08 -3.68002333e-08 1
LGIC_C 9 -0.421513751 -0.292709899 0.025014008 6.28883752e-09 7.55636663e-08 1
LGIC_C 10 -0.342360864 -0.621098942 0.0250140158 3.95603082e-08 3.05989652e-08 1
LGIC_C 11 0.146354936 0.543443712 0.0250140093 -6.33660387e-09 4.96100877e-08 -1
LGIC_C 12 0.402718514 0.231571346 0.0250140106 -4.90669739e-08 -3.27854893e-08 1
LGIC_C 13 0.721238952 -0.102018493 0.02501402 -4.96100859e-08 9.86807898e-09 1
LGIC_C 14 0.690011281 0.230287144 0.025014016 -4.96100869e-08 6.3366408e-09 1
LGIC_C 15 -0.47881246 -0.351469345 0.0250140086 5.39043203e-09 6.47688584e-08 1
LGIC_C 16 0.634000628 -0.0977005592 0.0250140156 -4.96100859e-08 9.86807898e-09 1
LGIC_C 17 -0.575621404 0.384081277 0.0250140161 -4.82586679e-08 1.31306769e-08 -1
LGIC_C 18 0.324489701 -0.487266131 0.0250140128 -2.81018481e-08 4.20574137e-08 1
LGIC_C 21 -0.0443113293 -0.229397288 0.0250139933 -2.90231482e-08 4.96101036e-08 1
LGIC_C 22 0.220193289 0.60704255 0.0250140156 -9.86806672e-09 -4.96100854e-08 1
LGIC_C 23 -0.531140057 0.452985448 0.025014014 3.68002297e-08 -2.45891157e-08 1
LGIC_C 24 0.116931856 0.42046559 0.0250140053 -9.86806672e-09 -4.96100854e-08 1
LGIC_C 25 0.346833054 -0.0533306061 0.0250139987 -4.34088226e-08 8.63456802e-09 1
LGIC_C 27 -0.265328997 0.557880534 0.0250140193 3.27854968e-08 -4.90669676e-08 1
LGIC_C 28 0.673388601 0.136006116 0.0250140136 -4.34088272e-08 -8.63453573e-09 1
LGIC_C 30 0.697835976 0.126450877 0.025014017 -4.96100869e-08 6.3366408e-09 1
LGIC_C 31 -0.427737642 -0.436894402 0.0250140134 -5.56021111e-08 -1.45571543e-08 -1
LGIC_C 32 0.0639655772 0.109756507 0.0250139894 1.3130701e-08 4.82586573e-08 -1
LGIC_C 33 -0.0230310252 0.629586919 0.0250140108 8.63455111e-09 -4.34088279e-08 1
LGIC_C 35 -0.146732897 -0.473484109 0.0250140025 -2.90231482e-08 4.96101036e-08 1
LGIC_C 36 0.455995317 -0.594798603 0.0250140163 -2.45891087e-08 3.68002429e-08 1
LGIC_C 37 0.113946513 0.785644569 0.0250140183 -8.63455884e-09 -4.34088253e-08 1
LGIC_C 38 0.773639642 -0.336960739 0.0250140202 -3.05989503e-08 3.95603122e-08 1
LGIC_C 39 0.69766274 0.239652335 0.0250140156 -4.34088272e-08 -8.63453573e-09 1
LGIC_C 40 -0.671081473 0.00456873034 0.0250140125 4.34088279e-08 -2.48392273e-08 1
LGIC_C 41 -0.540714973 0.631656384 0.0250140198 2.45891128e-08 -3.68002333e-08 1
LGIC_C 42 -0.285562738 -0.691205516 0.0250140157 8.63456455e-09 4.34088336e-08 1
LGIC_C 43 -0.580961563 -0.457561862 0.0250140128 1.15916899e-08 4.97976879e-08 1
LGIC_C 44 0.297266613 0.505011855 0.0250140115 1.3130701e-08 4.82586573e-08 -1
LGIC_C 45 -0.00537355243 -0.175660452 0.025013991 2.48392553e-08 4.34088306e-08 1
LGIC_C 46 -0.220124917 -0.21325049 0.0250139982 5.39043203e-09 6.47688584e-08 1
LGIC_C 47 0.530428654 -0.172316777 0.0250140159 -5.78784275e-08 1.15127558e-08 1
LGIC_C 48 -0.109403667 -0.416105362 0.0250140022 8.63456455e-09 4.34088336e-08 1
LGIC_C 51 -0.568161798 -0.00115088168 0.0250140079 -4.34088282e-08 2.70157287e-08 -1
LGIC_C 52 0.656670679 -0.193050378 0.0250140165 -4.34088182e-08 2.48392526e-08 1
LGIC_C 53 0.393138611 -0.0985578617 0.0250140027 -4.34088182e-08 2.48392526e-08 1
LGIC_C 54 -0.0250725202 -0.22013566 0.0250139947 -4.89847109e-08 5.78784581e-08 1
LGIC_C 55 0.426801073 0.520270926 0.025014014 1.3130701e-08 4.82586573e-08 -1
LGIC_C 56 -0.167565823 -0.251758485 0.0250139962 -5.56021111e-08 -1.45571543e-08 -1
LGIC_C 57 -0.0917370288 0.425460546 0.0250140073 -3.14742797e-08 4.96100914e-08 -1
LGIC_C 58 0.482445131 -0.104408353 0.0250140068 -4.34088182e-08 2.48392526e-08 1
LGIC_C 59 -0.370879557 -0.185827457 0.025013999 1.45571809e-08 5.5602105e-08 1
LGIC_C 60 0.132917828 0.540127921 0.0250140142 -3.14742949e-08 -4.96100822e-08 1
LGIC_C 61 -0.423918247 0.312711533 0.0250140099 4.20574045e-08 -2.81018523e-08 1
LGIC_C 62 -0.0522934583 0.388191884 0.0250140042 -3.14742797e-08 4.96100914e-08 -1
LGIC_C 63 0.270005786 -0.0299798705 0.0250139969 -4.96100859e-08 9.86807898e-09 1
LGIC_C 64 -0.252583991 0.0270115722 0.0250139965 5.7878425e-08 4.89846948e-08 1
LGIC_C 65 0.0132926751 0.361171724 0.0250140011 -6.33660387e-09 4.96100877e-08 -1
LGIC_C 66 -0.216492049 -0.349901296 0.0250140014 2.45891453e-08 3.68002268e-08 1
LGIC_C 67 -0.457796372 0.428735157 0.0250140186 6.28881943e-09 -7.55636452e-08 1
LGIC_C 68 -0.70007538 -0.142059447 0.0250140098 -4.34088282e-08 2.70157287e-08 -1
LGIC_C 69 -0.63451115 -0.2894893 0.0250140137 3.68002489e-08 2.45891179e-08 1
LGIC_C 70 -0.0331582368 0.367606086 0.0250139995 8.63455111e-09 -4.34088279e-08 1
LGIC_C 72 0.108509082 0.40988934 0.025014002 -8.63455884e-09 -4.34088253e-08 1
LGIC_C 73 -0.022798115 0.0114362391 0.0250139845 -4.82586679e-08 1.31306769e-08 -1
LGIC_C 74 0.541918371 0.48401863 0.0250140157 -4.82586616e-08 -1.31306776e-08 1
LGIC_C 75 0.50767165 -0.578951006 0.025014017 -2.45891087e-08 3.68002429e-08 1
LGIC_C 76 -0.703818489 0.0487523853 0.0250140168 4.96100851e-08 2.90231542e-08 1
LGIC_C 77 0.338106209 -0.2713354 0.0250140043 -3.05989503e-08 3.95603122e-08 1
LGIC_C 79 -0.614698399 -0.276942814 0.0250140042 1.15916899e-08 4.97976879e-08 1
LGIC_C 80 0.738302845 0.00914852578 0.0250140154 -4.34088272e-08 -8.63453573e-09 1
LGIC_C 81 0.0584743685 0.629428046 0.0250140141 -6.33660387e-09 4.96100877e-08 -1
LGIC_C 82 0.453173105 -0.298496221 0.0250140089 -3.05989503e-08 3.95603122e-08 1
LGIC_C 83 -0.366809294 0.209865118 0.0250140037 -4.82586679e-08 1.31306769e-08 -1
LGIC_C 84 0.215108288 0.503691921 0.0250140104 1.3130701e-08 4.82586573e-08 -1
LGIC_C 85 -0.0497761453 0.051565519 0.0250139869 1.28239438e-08 -5.73353116e-08 1
LGIC_C 87 -0.332200229 -0.235700163 0.0250140012 1.45571809e-08 5.5602105e-08 1
LGIC_C 88 -0.508195343 -0.442470786 0.0250140112 1.15916899e-08 4.97976879e-08 1
LGIC_C 89 0.216765832 -0.50913975 0.0250140106 -1.31306721e-08 4.82586744e-08 1
LGIC_C 90 -0.368236871 -0.34962549 0.025014008 1.45571809e-08 5.5602105e-08 1
LGIC_C 91 0.175153877 0.828181373 -0.0265515597 0.194186548 0.976240951 0.0961519121
LGIC_C 92 0.198565275 -0.751768959 0.0250140193 6.33663526e-09 4.9610097e-08 1
LGIC_C 93 -0.00521108077 0.539312851 0.02501401 -6.33661298e-09 -4.96100859e-08 1
LGIC_C 94 0.180187117 -0.0211650656 0.0250139928 -4.96100802e-08 3.14742968e-08 1
LGIC_C 95 -0.311161972 -0.452661725 0.0250140072 -5.56021111e-08 -1.45571543e-08 -1
LGIC_C 96 0.273174642 -0.0757357992 0.0250139975 -4.96100859e-08 9.86807898e-09 1
LGIC_C 97 -0.409136068 0.0689909433 0.0250140016 4.96100851e-08 2.90231542e-08 1
LGIC_C 98 -0.300719049 -0.624073617 0.0250140142 3.95603082e-08 3.05989652e-08 1
LGIC_C 99 0.219984943 -0.061340957 0.0250139961 -4.96100802e-08 3.14742968e-08 1
LGIC_C 100 -0.403860422 -0.442968518 0.0250140095 2.45891453e-08 3.68002268e-08 1
LGIC_C 101 -0.356616902 0.0290941746 0.0250140012 4.96100897e-08 -9.86805572e-09 1
LGIC_C 102 -0.426767381 0.434780673 0.0250140137 1.28239438e-08 -5.73353116e-08 1
LGIC_C 103 -0.447480961 -0.00507994621 0.0250140026 -4.34088282e-08 2.70157287e-08 -1
LGIC_C 104 0.578451593 -0.209540113 0.025014014 -4.96100859e-08 9.86807898e-09 1
LGIC_C 105 -0.283439387 0.122234747 0.0250139967 3.68002297e-08 -2.45891157e-08 1
LGIC_C 106 -0.249526181 0.754344836 0.0250140182 8.63455111e-09 -4.34088279e-08 1
LGIC_C 107 -0.668612948 -0.250395017 0.0250140144 4.34088238e-08 8.63459484e-09 1
LGIC_C 108 -0.0420345148 -0.485413593 0.0250140054 2.48392553e-08 4.34088306e-08 1
LGIC_C 110 -0.290017725 -0.735017087 0.0250140176 8.63456455e-09 4.34088336e-08 1
LGIC_C 111 -0.490606171 -0.0933703119 0.0250140049 -4.96100919e-08 2.90231703e-08 -1
LGIC_C 112 0.679784379 -0.0678714704 0.0250140191 -4.96100802e-08 3.14742968e-08 1
LGIC_C 113 -0.0478061085 -0.701562094 0.0250140149 2.48392553e-08 4.34088306e-08 1
LGIC_C 114 -0.357539148 0.396857004 0.0250140106 1.28239438e-08 -5.73353116e-08 1
LGIC_C 115 0.444420421 -0.390779036 0.0250140123 -3.05989503e-08 3.95603122e-08 1
LGIC_C 116 0.112888308 -0.479330641 0.0250140098 1.00935263e-08 5.7878447e-08 1
LGIC_C 117 -0.190523128 -0.0772023498 0.0250139895 -4.34088282e-08 2.70157287e-08 -1
LGIC_C 118 -0.331859647 -0.351050921 0.0250140068 -5.56021111e-08 -1.45571543e-08 -1
LGIC_C 119 0.093022336 0.473015647 0.0250140076 -9.86806672e-09 -4.96100854e-08 1
LGIC_C 120 0.02572874 0.510661668 0.0250140084 -6.33660387e-09 4.96100877e-08 -1
LGIC_C 121 -0.489509874 -0.470456206 0.0250140123 1.15916899e-08 4.97976879e-08 1
LGIC_C 122 0.617899882 -0.391443898 0.0250140156 -3.68002179e-08 2.45891393e-08 1
LGIC_C 124 0.570308784 -0.476181484 0.0250140159 -3.68002179e-08 2.45891393e-08 1
LGIC_C 125 0.119471714 -0.176499818 0.0250139933 -1.31306721e-08 4.82586744e-08 1
LGIC_C 126 0.609907161 -0.393811827 0.0250140175 -3.05989503e-08 3.95603122e-08 1
LGIC_C 127 0.203578545 -0.26457979 0.0250139987 -1.31306721e-08 4.82586744e-08 1
LGIC_C 128 0.231753374 -0.273195367 0.025013999 -2.45891087e-08 3.68002429e-08 1
LGIC_C 129 0.452459715 -0.0682669667 0.0250140035 -4.34088226e-08 8.63456802e-09 1
LGIC_C 130 -0.532132853 0.215779386 0.0250140082 4.34088259e-08 -8.63455061e-09 1
LGIC_C 131 0.407895166 0.189554444 0.0250140054 -4.82586616e-08 -1.31306776e-08 1
LGIC_C 132 -0.161827545 0.0445646205 0.0250139904 5.7878425e-08 4.89846948e-08 1
LGIC_C 133 -0.587347632 -0.0575688257 0.0250140093 4.34088238e-08 8.63459484e-09 1
LGIC_C 134 0.231173669 -0.635865992 0.0250140128 -8.63454093e-09 4.34088369e-08 1
LGIC_C 135 -0.24558491 -0.239995003 0.0250140029 6.28883752e-09 7.55636663e-08 1
LGIC_C 136 0.409438844 -0.336320446 0.0250140066 -3.68002179e-08 2.45891393e-08 1
LGIC_C 137 0.360920986 -0.397902641 0.0250140072 -1.31306721e-08 4.82586744e-08 1
LGIC_C 138 -0.672516273 -0.244717635 0.0250140064 4.96100935e-08 -4.19869172e-08 1
LGIC_C 139 0.160014052 -0.00888174633 0.0250139914 -4.96100802e-08 3.14742968e-08 1
LGIC_C 140 0.523389912 0.564056204 0.0250140169 -2.45891309e-08 -3.68002211e-08 1
LGIC_C 141 0.447407638 0.0970293239 0.0250140035 -4.34088272e-08 -8.63453573e-09 1
LGIC_C 142 -0.429848454 -0.563840497 0.0250140175 3.95603082e-08 3.05989652e-08 1
LGIC_C 144 -0.47414535 -0.484990643 0.0250140167 -5.56021111e-08 -1.45571543e-08 -1
LGIC_C 145 0.224602945 -6.9939254e-05 0.0250139944 -4.96100869e-08 6.3366408e-09 1
LGIC_C 146 0.0784737991 0.544315825 0.025014011 -9.86806672e-09 -4.96100854e-08 1
LGIC_C 147 -0.368886896 -0.331928584 0.025014004 1.15916899e-08 4.97976879e-08 1
LGIC_C 149 0.49668679 0.475297429 0.0250140132 -3.68002282e-08 -2.45891172e-08 1
LGIC_C 150 0.367668438 0.147531077 0.0250140005 -4.96100869e-08 6.3366408e-09 1
LGIC_C 151 -0.0994752213 -0.709247613 0.0250140149 8.63456455e-09 4.34088336e-08 1
LGIC_C 152 0.285941116 0.518883177 0.0250140121 1.3130701e-08 4.82586573e-08 -1
LGIC_C 153 0.157016083 -0.209383339 0.0250139972 -1.28239349e-08 5.73353226e-08 1
LGIC_C 154 0.12907959 0.426626495 0.0250140057 -9.86806672e-09 -4.96100854e-08 1
LGIC_C 155 -0.496893309 0.124961703 0.0250140059 4.34088259e-08 -8.63455061e-09 1
LGIC_C 156 -0.263070979 0.0443537704 0.0250139951 4.34088259e-08 -8.63455061e-09 1
LGIC_C 157 -0.454195318 0.243491306 0.0250140045 6.28881943e-09 -7.55636452e-08 1
LGIC_C 158 0.347578252 0.143784769 0.0250140019 3.37890593e-08 4.80634111e-08 -1
LGIC_C 159 0.779904871 0.10121212 0.025014018 -4.34088272e-08 -8.63453573e-09 1
LGIC_C 160 -0.340623452 -0.109540342 0.0250139951 -4.34088282e-08 2.70157287e-08 -1
LGIC_C 161 -0.383214212 0.0111006196 0.0250140024 4.96100897e-08 -9.86805572e-09 1
LGIC_C 162 0.430765989 0.080633679 0.0250140054 -4.96100911e-08 -9.86803575e-09 1
LGIC_C 163 0.335161712 -0.223838471 0.0250140036 -4.20573976e-08 2.81018683e-08 1
LGIC_C 164 0.293868556 -0.565293051 0.0250140144 -1.31306721e-08 4.82586744e-08 1
LGIC_C 165 -0.356888296 0.00019911751 0.025014001 4.96100851e-08 2.90231542e-08 1
LGIC_C 166 -0.125761272 -0.690885967 0.0250140164 2.48392553e-08 4.34088306e-08 1
LGIC_C 167 -0.571851986 0.544980129 0.0250140177 3.68002297e-08 -2.45891157e-08 1
LGIC_C 168 -0.481530071 -0.254523273 0.0250140023 5.39043203e-09 6.47688584e-08 1
LGIC_C 169 0.66971578 -0.525185914 -0.0420570196 0.827616944 -0.552996408 0.0961517878
LGIC_C 171 -0.232418222 0.35257044 0.0250140065 1.28239438e-08 -5.73353116e-08 1
LGIC_C 172 0.26879637 0.119425665 0.0250139979 -4.20574004e-08 -2.81018564e-08 1
LGIC_C 173 0.686987271 0.327137321 0.0250140166 -3.68002282e-08 -2.45891172e-08 1
LGIC_C 174 -0.0933109814 -0.510257198 0.0250140077 2.48392553e-08 4.34088306e-08 1
LGIC_C 175 0.436146693 -0.340754525 0.0250140143 -3.37890406e-08 4.80634332e-08 1
LGIC_C 177 0.305782079 0.341319057 0.0250140062 -2.81018716e-08 -4.20573923e-08 1
LGIC_C 178 0.11592127 -0.601893486 0.0250140124 6.33663526e-09 4.9610097e-08 1
LGIC_C 180 -0.12047516 0.230670706 0.0250139964 2.8101852e-08 -4.20574041e-08 1
LGIC_C 181 -0.663610444 -0.320651074 0.0250140076 5.39043203e-09 6.47688584e-08 1
LGIC_C 183 0.678635322 0.28386445 0.0250140197 -4.82586616e-08 -1.31306776e-08 1
LGIC_C 184 0.693400798 -0.0560679819 0.0250140147 -4.34088182e-08 2.48392526e-08 1
LGIC_C 185 0.386558085 -0.224276968 0.0250140039 -3.05989503e-08 3.95603122e-08 1
LGIC_C 186 -0.610435469 -0.295793022 0.0250140057 5.39043203e-09 6.47688584e-08 1
LGIC_C 188 -0.778639382 0.0735251299 0.0250140177 4.34088259e-08 -8.63455061e-09 1
LGIC_C 189 -0.546862326 0.303390229 0.0250140148 4.20574045e-08 -2.81018523e-08 1
LGIC_C 190 0.343358159 -0.680481986 0.0250140167 -2.45891087e-08 3.68002429e-08 1
LGIC_C 191 -0.457897461 -0.278994623 0.0250140038 5.39043203e-09 6.47688584e-08 1
LGIC_C 192 -0.258732959 0.0910688882 0.0250139953 4.34088259e-08 -8.63455061e-09 1
LGIC_C 193 0.216016438 0.058870477 0.0250139945 -4.96100911e-08 -9.86803575e-09 1
LGIC_C 194 -0.741249709 0.342976131 0.025014019 3.68002297e-08 -2.45891157e-08 1
LGIC_C 195 0.383277355 0.399780925 0.0250140108 -2.81018716e-08 -4.20573923e-08 1
LGIC_C 196 0.713453616 0.370222579 0.0250140186 -3.68002282e-08 -2.45891172e-08 1
LGIC_C 197 -0.236574203 -0.54787964 0.0250140092 2.45891453e-08 3.68002268e-08 1
LGIC_C 198 0.500429069 -0.0542492617 0.0250140054 -4.34088226e-08 8.63456802e-09 1
LGIC_C 199 0.64888294 0.231571169 0.025014014 -4.96100869e-08 6.3366408e-09 1
LGIC_C 200 0.714700682 -0.322731366 0.0250140175 -3.68002179e-08 2.45891393e-08 1
LGIC_C 201 0.231687428 0.133879346 0.0250139968 -4.20574004e-08 -2.81018564e-08 1
LGIC_C 202 -0.00643548982 -0.346019702 0.0250139984 2.48392553e-08 4.34088306e-08 1
LGIC_C 203 -0.162557734 -0.00188493738 0.0250139913 4.96100935e-08 -4.19869172e-08 1
LGIC_C 204 -0.39704262 0.571923875 0.0250140185 2.8101852e-08 -4.20574041e-08 1
LGIC_C 205 -0.0723462252 0.264566019 0.0250139971 9.86805557e-09 -4.96100883e-08 1
LGIC_C 206 0.690131663 -0.361349538 0.0250140175 -3.68002179e-08 2.45891393e-08 1
LGIC_C 207 -0.136996415 -0.478490441 0.0250140042 -4.89847109e-08 5.78784581e-08 1
LGIC_C 208 -0.460743343 0.425975383 0.0250140111 -4.82586679e-08 1.31306769e-08 -1
LGIC_C 209 -0.0282036078 -0.0020102767 0.0250139873 -1.38908242e-07 -2.76307273e-08 -1
LGIC_C 210 0.110595942 0.290709769 0.0250139988 -9.86806672e-09 -4.96100854e-08 1
LGIC_C 212 -0.383689701 -0.551826322 0.0250140126 -5.56021111e-08 -1.45571543e-08 -1
LGIC_C 213 0.341561962 -0.382621688 0.0250140089 -2.81018481e-08 4.20574137e-08 1
LGIC_C 214 0.456082125 -0.101008484 0.0250140039 -4.34088226e-08 8.63456802e-09 1
LGIC_C 215 -0.524798418 -0.0346594855 0.0250140063 4.34088238e-08 8.63459484e-09 1
LGIC_C 216 0.152408155 -0.216430074 0.0250139957 -1.31306721e-08 4.82586744e-08 1
LGIC_C 217 0.447959008 -0.357825166 0.0250140156 -3.37890406e-08 4.80634332e-08 1
LGIC_C 218 -0.282535283 0.483491438 0.0250140103 1.31306824e-08 -4.82586643e-08 1
LGIC_C 219 -0.261942304 -0.438747235 0.025014007 3.95603082e-08 3.05989652e-08 1
LGIC_C 220 -0.722220404 -0.304047716 0.0250140173 3.68002489e-08 2.45891179e-08 1
LGIC_C 221 0.663490957 -0.428070997 0.0250140182 -3.68002179e-08 2.45891393e-08 1
LGIC_C 222 -0.526604042 -0.218210077 0.0250140031 -4.96100919e-08 2.90231703e-08 -1
LGIC_C 223 0.208819155 0.389041184 0.0250140064 -4.80634192e-08 -3.37890445e-08 1
LGIC_C 224 -0.379246755 0.049642202 0.0250140006 4.96100851e-08 2.90231542e-08 1
LGIC_C 225 0.209785684 -0.673043546 0.0250140143 -8.63454093e-09 4.34088369e-08 1
LGIC_C 226 0.371239439 -0.153167868 0.0250140007 -4.34088226e-08 8.63456802e-09 1
LGIC_C 227 -0.161882712 0.485071089 0.0250140057 8.63455111e-09 -4.34088279e-08 1
LGIC_C 228 0.264538125 -0.328366708 0.0250140026 -1.31306721e-08 4.82586744e-08 1
LGIC_C 229 -0.551984371 -0.0613732818 0.0250140078 4.34088238e-08 8.63459484e-09 1
LGIC_C 230 -0.676909569 -0.176974255 0.0250140079 -4.34088282e-08 2.70157287e-08 -1
LGIC_C 231 0.541457221 0.2440611 0.0250140129 -4.20574004e-08 -2.81018564e-08 1
LGIC_C 232 -0.332031187 0.792713831 0.000893202454 -0.552995842 0.827617335 0.0961516821
LGIC_C 233 0.327874878 0.241454034 0.0250140022 -4.82586616e-08 -1.31306776e-08 1
LGIC_C 234 0.0192864397 -0.42106722 0.0250140017 -8.63454093e-09 4.34088369e-08 1
LGIC_C 235 0.381087704 0.456640995 0.0250140132 -2.81018716e-08 -4.20573923e-08 1
LGIC_C 236 0.272097143 0.0173426557 0.0250139966 -4.96100869e-08 6.3366408e-09 1
LGIC_C 239 0.488754229 -0.209257963 0.0250140097 -4.20573976e-08 2.81018683e-08 1
LGIC_C 240 0.147501287 -0.246604344 0.0250139993 -1.28239349e-08 5.73353226e-08 1
LGIC_C 241 -0.173291733 0.195549898 0.0250139964 2.8101852e-08 -4.20574041e-08 1
LGIC_C 242 0.592560523 -0.317997118 0.0250140185 -3.37890406e-08 4.80634332e-08 1
LGIC_C 243 -0.645602266 0.26129282 0.0250140179 4.96100897e-08 -9.86805572e-09 1
LGIC_C 246 0.386309777 0.390806669 0.0250140072 1.3130701e-08 4.82586573e-08 -1
LGIC_C 247 -0.475505298 0.625671277 0.025014018 2.45891128e-08 -3.68002333e-08 1
LGIC_C 248 0.0880703895 -0.0587987119 0.0250139879 -3.68002179e-08 2.45891393e-08 1
LGIC_C 249 0.516997591 -0.0445085578 0.0250140103 -4.96100802e-08 3.14742968e-08 1
LGIC_C 250 0.24586965 0.542899455 0.0250140134 -4.80634192e-08 -3.37890445e-08 1
LGIC_C 251 0.00589091782 0.574425511 0.0250140118 -9.86806672e-09 -4.96100854e-08 1
LGIC_C 252 0.188903382 0.512832363 0.0250140146 -3.14742949e-08 -4.96100822e-08 1
LGIC_C 253 0.526526165 0.286960376 0.0250140124 -4.82586616e-08 -1.31306776e-08 1
LGIC_C 255 -0.692794279 -0.103560051 0.0250140105 -4.34088282e-08 2.70157287e-08 -1
LGIC_C 256 -0.294153845 0.582883243 0.025014012 2.45891128e-08 -3.68002333e-08 1
LGIC_C 257 0.301625285 0.323616085 0.0250140026 -2.45891309e-08 -3.68002211e-08 1
LGIC_C 258 -0.296588409 0.598590769 0.0250140126 2.45891128e-08 -3.68002333e-08 1
LGIC_C 260 -0.044122878 -0.58538109 0.0250140127 9.8680833e-09 4.96100963e-08 1
LGIC_C 261 0.0952101968 0.646218793 0.0250140121 -8.63455884e-09 -4.34088253e-08 1
LGIC_C 262 -0.349642048 0.378265728 0.0250140061 1.31306824e-08 -4.82586643e-08 1
LGIC_C 263 -0.658565907 -0.133288129 0.0250140083 -4.34088282e-08 2.70157287e-08 -1
LGIC_C 264 0.420485828 -0.367962175 0.0250140078 -3.68002179e-08 2.45891393e-08 1
LGIC_C 265 0.195540262 -0.0200066431 0.0250139948 -5.78784275e-08 1.15127558e-08 1
LGIC_C 266 -0.161325214 -0.341275776 0.0250140001 3.95603082e-08 3.05989652e-08 1
LGIC_C 267 -0.316863558 -0.249432787 0.0250140017 1.45571809e-08 5.5602105e-08 1
LGIC_C 268 -0.0367828997 -0.506818595 0.0250140073 -2.90231482e-08 4.96101036e-08 1
LGIC_C 269 -0.0639330547 0.591537721 0.0250140122 -6.33661298e-09 -4.96100859e-08 1
LGIC_C 271 -0.482929975 -0.405839388 0.025014011 3.68002489e-08 2.45891179e-08 1
LGIC_C 272 -0.333163998 0.254314491 0.0250140027 -4.82586679e-08 1.31306769e-08 -1
LGIC_C 273 0.721861316 -0.196140453 0.0250140194 -4.34088182e-08 2.48392526e-08 1
LGIC_C 274 -0.329010817 0.433879015 0.0250140073 2.45891128e-08 -3.68002333e-08 1
LGIC_C 275 0.00725513946 -0.491374898 0.0250140076 6.33663526e-09 4.9610097e-08 1
LGIC_C 276 -0.104650047 -0.436706254 0.0250140019 -2.90231482e-08 4.96101036e-08 1
LGIC_C 278 0.356817212 0.316997037 0.0250140042 -3.68002282e-08 -2.45891172e-08 1
LGIC_C 279 0.145503672 -0.019148698 0.0250139897 -4.34088226e-08 8.63456802e-09 1
LGIC_C 280 -0.24321993 -0.161072878 0.0250139957 1.45571809e-08 5.5602105e-08 1
LGIC_C 281 0.419374658 0.481680559 0.0250140197 -4.80634192e-08 -3.37890445e-08 1
LGIC_C 282 -0.266889367 -0.438023766 0.0250140072 3.95603082e-08 3.05989652e-08 1
LGIC_C 283 -0.25270616 -0.485580341 0.0250140054 7.55636799e-08 6.2887973e-09 1
LGIC_C 284 0.233405833 -0.771124297 0.0250140187 -8.63454093e-09 4.34088369e-08 1
LGIC_C 286 -0.60225252 0.00419233785 0.025014013 4.96100851e-08 2.90231542e-08 1
LGIC_C 287 -0.0669938955 -0.119365733 0.0250139893 2.45891453e-08 3.68002268e-08 1
LGIC_C 288 0.0387125379 -0.441826036 0.0250140049 6.33663526e-09 4.9610097e-08 1
LGIC_C 289 0.0366468691 0.00178450321 0.0250139848 -4.34088272e-08 -8.63453573e-09 1
LGIC_C 290 -0.367556217 -0.541232024 0.0250140163 2.81018674e-08 4.20574117e-08 1
LGIC_C 291 -0.513970142 0.43518166 0.0250140129 3.68002297e-08 -2.45891157e-08 1
LGIC_C 292 0.381554182 0.381283141 0.02501401 -2.81018716e-08 -4.20573923e-08 1
LGIC_C 293 -0.686678004 -0.0694945018 0.0250140153 -4.96100919e-08 2.90231703e-08 -1
LGIC_C 295 -0.181429776 0.112556493 0.0250139929 6.28881943e-09 -7.55636452e-08 1
LGIC_C 296 0.507117839 0.23260454 0.0250140111 -4.20574004e-08 -2.81018564e-08 1
LGIC_C 297 0.0237775152 0.341440032 0.0250139983 -8.63455884e-09 -4.34088253e-08 1
LGIC_C 298 0.207501008 -0.55148389 0.0250140126 -9.86804037e-09 4.96101e-08 1
LGIC_C 299 -0.0347995079 -0.362548382 0.0250140016 9.8680833e-09 4.96100963e-08 1
LGIC_C 300 0.3567748 -0.0467031904 0.0250139999 -4.34088182e-08 2.48392526e-08 1
LGIC_C 301 0.160297011 0.394151498 0.0250140018 -6.33660387e-09 4.96100877e-08 -1
LGIC_C 302 0.400460743 0.349710929 0.0250140099 -4.20574004e-08 -2.81018564e-08 1
LGIC_C 303 -0.0255940892 0.354007691 0.0250140011 9.86805557e-09 -4.96100883e-08 1
LGIC_C 304 -0.139913185 0.31203343 0.0250140002 1.31306824e-08 -4.82586643e-08 1
LGIC_C 305 -0.424666215 0.267264808 0.0250140055 3.68002297e-08 -2.45891157e-08 1
LGIC_C 306 0.210221507 0.112654526 0.0250139958 3.37890593e-08 4.80634111e-08 -1
LGIC_C 307 -0.440082469 0.289601607 0.0250140083 -4.82586679e-08 1.31306769e-08 -1
LGIC_C 308 0.668459414 -0.301217572 0.0250140152 -3.68002179e-08 2.45891393e-08 1
LGIC_C 309 0.129747194 0.128319348 0.0250139912 -3.68002282e-08 -2.45891172e-08 1
LGIC_C 310 0.151131321 0.828835671 0.0153207717 0.194186548 0.976240951 0.0961519121
LGIC_C 311 0.600854871 0.600333429 0.0250140201 1.3130701e-08 4.82586573e-08 -1
LGIC_C 312 0.270960892 0.229484809 0.0250140011 -4.20574004e-08 -2.81018564e-08 1
LGIC_C 313 0.697299296 0.325691664 0.0250140169 -3.68002282e-08 -2.45891172e-08 1
LGIC_C 314 -0.226881628 0.527958377 0.0250140083 2.45891128e-08 -3.68002333e-08 1
LGIC_C 315 -0.0681202286 0.0142404827 0.0250139868 4.96100897e-08 -9.86805572e-09 1
LGIC_C 318 -0.194477905 -0.375948564 0.0250139995 -5.56021111e-08 -1.45571543e-08 -1
LGIC_C 319 -0.481432224 -0.0698088289 0.0250140023 -4.34088282e-08 2.70157287e-08 -1
LGIC_C 320 0.362093467 0.613740704 0.0250140192 -2.81018716e-08 -4.20573923e-08 1
LGIC_C 322 0.602737361 0.24974432 0.0250140156 -4.82586616e-08 -1.31306776e-08 1
LGIC_C 323 -0.332530235 -0.601544441 0.0250140179 2.81018674e-08 4.20574117e-08 1
LGIC_C 324 0.0391152534 0.702077195 0.0250140178 -6.33660387e-09 4.96100877e-08 -1
LGIC_C 325 0.510207818 0.605509601 0.0250140181 -2.45891309e-08 -3.68002211e-08 1
LGIC_C 326 0.215589988 0.671715767 0.0250140152 -6.33660387e-09 4.96100877e-08 -1
LGIC_C 327 -0.331229305 -0.0598107974 0.025013998 -4.96100919e-08 2.90231703e-08 -1
LGIC_C 328 -0.459633994 0.0814270532 0.0250140052 4.34088279e-08 -2.48392273e-08 1
LGIC_C 329 0.634547235 -0.185159944 0.0250140165 -4.96100859e-08 9.86807898e-09 1
LGIC_C 330 0.355974269 -0.054714472 0.0250140026 -4.96100802e-08 3.14742968e-08 1
LGIC_C 331 0.205326198 -0.111165313 0.0250139939 -3.05989503e-08 3.95603122e-08 1
LGIC_C 332 -0.0220029238 -0.408410119 0.0250140037 9.8680833e-09 4.96100963e-08 1
LGIC_C 333 0.553158836 0.171191923 0.0250140087 -4.34088272e-08 -8.63453573e-09 1
LGIC_C 334 0.223840408 0.74893153 0.0250140177 -8.63455884e-09 -4.34088253e-08 1
LGIC_C 335 0.195462267 0.530454783 0.025014008 -8.63455884e-09 -4.34088253e-08 1
LGIC_C 336 -0.675579587 0.015162475 0.025014013 4.34088279e-08 -2.48392273e-08 1
LGIC_C 337 -0.0347829299 -0.0264882642 0.0250139851 5.39043203e-09 6.47688584e-08 1
LGIC_C 338 -0.227293639 0.346468483 0.0250140016 2.45891128e-08 -3.68002333e-08 1
LGIC_C 339 0.117130382 -0.186481805 0.0250139938 -1.31306721e-08 4.82586744e-08 1
LGIC_C 340 -0.271297051 0.562135195 0.0250140145 2.8101852e-08 -4.20574041e-08 1
LGIC_C 341 -0.00123767196 -0.75491582 0.025014016 8.63456455e-09 4.34088336e-08 1
LGIC_C 342 -0.796720286 -0.0806715833 0.0250140157 -4.34088282e-08 2.70157287e-08 -1
LGIC_C 343 0.220624881 0.466183106 0.0250140087 1.3130701e-08 4.82586573e-08 -1
LGIC_C 344 -0.117303849 0.0082073585 0.0250139896 5.7878425e-08 4.89846948e-08 1
LGIC_C 346 0.341804338 0.325823274 0.0250140038 -3.68002282e-08 -2.45891172e-08 1
LGIC_C 347 0.488593458 -0.140972983 0.0250140089 -4.96100859e-08 9.86807898e-09 1
LGIC_C 349 -0.205188182 -0.508733018 0.0250140025 -2.90231482e-08 4.96101036e-08 1
LGIC_C 350 -0.299779838 0.430348143 0.0250140065 2.45891128e-08 -3.68002333e-08 1
LGIC_C 352 -0.179578667 -0.2727968 0.0250139987 3.95603082e-08 3.05989652e-08 1
LGIC_C 353 -0.328935397 0.150707867 0.0250140013 4.20574045e-08 -2.81018523e-08 1
LGIC_C 354 0.175655957 0.221698073 0.0250139975 -2.81018716e-08 -4.20573923e-08 1
LGIC_C 355 0.0761327144 -0.541540718 0.0250140138 1.00935263e-08 5.7878447e-08 1
LGIC_C 356 0.0961817523 0.668742263 0.0250140131 -8.63455884e-09 -4.34088253e-08 1
LGIC_C 357 0.695811151 0.174330766 0.0250140166 -4.96100869e-08 6.3366408e-09 1
LGIC_C 358 0.104797128 -0.0778458421 0.0250139909 -4.90669481e-08 3.27855328e-08 1
LGIC_C 359 -0.283257304 0.222817111 0.0250140019 6.28881943e-09 -7.55636452e-08 1
LGIC_C 360 -0.48000365 0.432602189 0.0250140121 -4.82586679e-08 1.31306769e-08 -1
LGIC_C 361 0.58637059 -0.127271646 0.0250140136 -4.96100859e-08 9.86807898e-09 1
LGIC_C 362 -0.442689959 -0.105173792 0.0250140022 -4.96100919e-08 2.90231703e-08 -1
LGIC_C 363 -0.315148146 0.408377023 0.0250140071 1.31306824e-08 -4.82586643e-08 1
LGIC_C 365 0.581313732 -0.408562602 0.0250140192 -4.20573976e-08 2.81018683e-08 1
LGIC_C 366 -0.330387059 -0.711699383 0.0250140181 3.95603082e-08 3.05989652e-08 1
LGIC_C 367 0.41615494 -0.105470463 0.0250140039 -4.34088182e-08 2.48392526e-08 1
LGIC_C 368 -0.143649634 -0.376749437 0.0250140032 2.48392553e-08 4.34088306e-08 1
LGIC_C 369 -0.130375239 -0.661389995 0.0250140123 -2.90231482e-08 4.96101036e-08 1
LGIC_C 370 -0.286021276 -0.631522 0.0250140135 2.45891453e-08 3.68002268e-08 1
LGIC_C 371 0.243594419 0.0103566317 0.0250139939 -4.34088272e-08 -8.63453573e-09 1
LGIC_C 372 -0.00542431248 0.420578031 0.0250140016 8.63455111e-09 -4.34088279e-08 1
LGIC_C 373 -0.692956777 0.454580418 0.0250140199 3.68002297e-08 -2.45891157e-08 1
LGIC_C 374 0.0359227407 -0.156002278 0.0250139907 6.33663526e-09 4.9610097e-08 1
LGIC_C 375 0.169704088 -0.668423248 0.0250140202 1.00935263e-08 5.7878447e-08 1
LGIC_C 376 0.388598523 0.378257868 0.0250140102 -4.20574004e-08 -2.81018564e-08 1
LGIC_C 377 0.282022668 0.124857427 0.0250139967 -3.68002282e-08 -2.45891172e-08 1
LGIC_C 378 -0.570529999 0.043351857 0.0250140103 4.96100851e-08 2.90231542e-08 1
LGIC_C 379 -0.0491814849 -0.471869171 0.0250140071 9.8680833e-09 4.96100963e-08 1
LGIC_C 380 0.143537011 0.612341067 0.0250140151 -9.86806672e-09 -4.96100854e-08 1
LGIC_C 381 0.0135423338 0.668059575 0.0250140165 -9.86806672e-09 -4.96100854e-08 1
LGIC_C 382 0.527083207 -0.284015159 0.0250140147 -3.37890406e-08 4.80634332e-08 1
LGIC_C 384 -0.464665607 -0.428500422 0.0250140185 6.28883752e-09 7.55636663e-08 1
LGIC_C 386 0.460454695 -0.423022392 0.0250140106 -3.68002179e-08 2.45891393e-08 1
LGIC_C 387 0.546520037 -0.233563632 0.0250140129 -3.37890406e-08 4.80634332e-08 1
LGIC_C 388 -0.0172066679 0.421894441 0.0250140044 9.86805557e-09 -4.96100883e-08 1
LGIC_C 390 0.542786145 -0.0877207636 0.025014009 -4.34088182e-08 2.48392526e-08 1
LGIC_C 392 -0.209220865 -0.538858906 0.0250140039 -2.90231482e-08 4.96101036e-08 1
LGIC_C 393 -0.0349653274 -0.267041712 0.0250139951 8.63456455e-09 4.34088336e-08 1
LGIC_C 395 0.337389602 0.392497084 0.0250140066 1.3130701e-08 4.82586573e-08 -1
LGIC_C 396 0.233594274 0.397228515 0.0250140055 1.3130701e-08 4.82586573e-08 -1
LGIC_C 397 -0.650517351 0.250804395 0.0250140137 4.34088259e-08 -8.63455061e-09 1
LGIC_C 398 -0.572264876 0.252658218 0.0250140148 3.37890593e-08 -4.80634052e-08 1
LGIC_C 399 0.587772268 -0.152742267 0.0250140172 -4.96100802e-08 3.14742968e-08 1
NT 7181 0.115751256 -6.36097593 -1.49300664 0 0 0
NT 7817 -1.08935788 3.01836755 -0.443905367 0 0 0
LGIC_O 4402 -0.0345878633 0.265675272 0.025013999 1.15127271e-08 -5.78784352e-08 1
LGIC_O 4401 -0.1840676 0.0972239463 0.0250139942 3.37890593e-08 -4.80634052e-08 1
LGIC_O 4400 -0.175025146 0.0137516014 0.0250139927 5.7878425e-08 4.89846948e-08 1
LGIC_O 8441 0.636913646 -0.12672076 0.0250140188 -4.96100802e-08 3.14742968e-08 1
LGIC_O 8440 0.314831804 -0.521242477 0.0250140191 -3.27854948e-08 4.90669785e-08 1
LGIC_O 8439 0.567487089 -0.204519113 0.0250140184 -5.78784275e-08 1.15127558e-08 1
LGIC_O 8438 -0.495463838 -0.478991786 0.0250140171 1.45571809e-08 5.5602105e-08 1
LGIC_O 8437 -0.0865332912 0.0753896135 0.0250139898 3.37890593e-08 -4.80634052e-08 1
LGIC_O 8436 0.281965125 0.349247805 0.0250140096 -3.27855134e-08 -4.90669575e-08 1
LGIC_O 8435 -0.281577291 0.489075666 0.0250140165 3.27854968e-08 -4.90669676e-08 1
LGIC_O 8434 -0.605092982 -0.110313414 0.0250140129 5.7878436e-08 -4.89847332e-08 1
LGIC_O 8433 0.701586212 -0.0117142491 0.0250140184 -4.96100802e-08 3.14742968e-08 1
LGIC_O 8432 0.426050556 0.664856809 0.0250140182 -2.45891309e-08 -3.68002211e-08 1
LGIC_O 8431 -0.53569519 -0.176489801 0.025014008 4.34088238e-08 8.63459484e-09 1
LGIC_O 8430 -0.206044735 -0.180448528 0.0250139982 6.28883752e-09 7.55636663e-08 1
LGIC_O 8429 0.342033035 -0.34268384 0.0250140113 -3.27854948e-08 4.90669785e-08 1
LGIC_O 8428 0.576112066 -0.314703408 0.0250140178 -3.37890406e-08 4.80634332e-08 1
LGIC_O 8427 0.236726308 -0.318077646 0.0250140066 -3.27854948e-08 4.90669785e-08 1
LGIC_O 8426 -0.0976488914 -0.110862836 0.0250139913 7.55636799e-08 6.2887973e-09 1
LGIC_O 8425 0.534646383 -0.195059479 0.0250140164 -5.78784275e-08 1.15127558e-08 1
LGIC_O 8424 0.219544679 -0.315091025 0.0250140059 -3.27854948e-08 4.90669785e-08 1
LGIC_O 8423 -0.608846757 -0.593779315 0.0250140203 3.68002489e-08 2.45891179e-08 1
LGIC_O 8422 0.564815598 -0.372450199 0.0250140202 -3.37890406e-08 4.80634332e-08 1
LGIC_O 8421 0.550750457 0.0902902064 0.0250140162 -5.78784335e-08 -1.15127284e-08 1
LGIC_O 8420 0.175418091 0.0610257495 0.0250139941 -5.78784335e-08 -1.15127284e-08 1
LGIC_O 8419 0.142777714 0.100831833 0.0250139936 -4.90669739e-08 -3.27854893e-08 1
LGIC_O 4418 0.0575220985 -0.190210297 0.0250139949 -1.15127059e-08 5.78784511e-08 1
LGIC_O 4417 -0.118754336 -0.170834128 0.0250139938 2.81018674e-08 4.20574117e-08 1
LGIC_O 4416 0.593239316 0.0786534269 0.0250140185 -5.78784335e-08 -1.15127284e-08 1
LGIC_O 4415 0.0853954366 -0.420999761 0.0250140086 -1.15127059e-08 5.78784511e-08 1
LGIC_O 4414 -0.374457097 -0.228026162 0.0250140026 3.68002489e-08 2.45891179e-08 1
LGIC_O 4413 0.577482781 -0.285169834 0.0250140164 -3.37890406e-08 4.80634332e-08 1
LGIC_O 4412 -0.484325859 0.306166979 0.0250140144 3.37890593e-08 -4.80634052e-08 1
LGIC_O 4411 0.44777829 -0.0963194904 0.0250140103 -5.78784275e-08 1.15127558e-08 1
LGIC_O 4410 0.28281874 -0.503567977 0.0250140172 -3.27854948e-08 4.90669785e-08 1
LGIC_O 4409 -0.116204576 -0.152585731 0.025013993 7.55636799e-08 6.2887973e-09 1
LGIC_O 4408 -0.333519821 0.289166147 0.0250140084 3.37890593e-08 -4.80634052e-08 1
LGIC_O 4407 -0.148720782 -0.636306108 0.0250140163 9.8680833e-09 4.96100963e-08 1
LGIC_O 4406 0.336173082 -0.328141715 0.0250140105 -4.90669481e-08 3.27855328e-08 1
LGIC_O 4405 -0.249510429 -0.168914007 0.0250139976 6.28883752e-09 7.55636663e-08 1
LGIC_O 4404 0.0811982327 0.141649416 0.0250139929 -3.27855134e-08 -4.90669575e-08 1
LGIC_O 4403 0.0533120499 -0.19689515 0.0250139952 -1.15127059e-08 5.78784511e-08 1
