LGIC_C 0 0.453146375 0.19492585 0.0250140078 -4.20574004e-08 -2.81018564e-08 1
LGIC_C 1 -0.261693007 0.0619450641 0.0250139952 4.34088259e-08 -8.63455061e-09 1
LGIC_C 2 -0.544110698 0.135204044 0.0250140116 4.96100897e-08 -9.86805572e-09 1
LGIC_C 3 0.271532478 -0.673165978 0.0250140193 -9.86804037e-09 4.96101e-08 1
LGIC_C 4 -0.465884179 -0.225846834 0.0250140032 6.28883752e-09 7.55636663e-08 1
LGIC_C 5 0.0994853483 -0.594153868 0.0250140166 1.00935263e-08 5.7878447e-08 1
LGIC_C 6 -0.336481143 0.512602446 0.025014017 1.28239438e-08 -5.73353116e-08 1
LGIC_C 7 -0.719516551 0.442147935 -0.00244412833 -0.827617296 0.552995934 0.0961514895
LGIC_C 8 -0.115590833 0.300549669 0.0250139973 8.63455111e-09 -4.34088279e-08 1
LGIC_C 9 -0.41259477 -0.273203137 0.0250140065 6.28883752e-09 7.55636663e-08 1
LGIC_C 10 -0.352671639 -0.60855339 0.0250140158 3.95603082e-08 3.05989652e-08 1
LGIC_C 11 0.160675843 0.547468772 0.0250140094 -6.33660387e-09 4.96100877e-08 -1
LGIC_C 12 0.401272978 0.22207938 0.0250140102 -4.90669739e-08 -3.27854893e-08 1
LGIC_C 13 0.726171388 -0.0955884142 0.0250140202 -4.96100859e-08 9.86807898e-09 1
LGIC_C 14 0.684945376 0.247240124 0.0250140156 -4.96100869e-08 6.3366408e-09 1
LGIC_C 15 -0.478347757 -0.348137473 0.0250140084 5.39043203e-09 6.47688584e-08 1
LGIC_C 16 0.63185616 -0.105135054 0.0250140156 -4.96100859e-08 9.86807898e-09 1
LGIC_C 17 -0.558803175 0.350202752 0.0250140148 -4.82586679e-08 1.31306769e-08 -1
LGIC_C 18 0.324667408 -0.476844181 0.0250140124 -2.81018481e-08 4.20574137e-08 1
LGIC_C 21 -0.0043428793 -0.217222917 0.0250139939 -2.90231482e-08 4.96101036e-08 1
LGIC_C 22 0.206836623 0.57877158 0.025014014 -9.86806672e-09 -4.96100854e-08 1
LGIC_C 23 -0.504750459 0.43961748 0.0250140127 3.68002297e-08 -2.45891157e-08 1
LGIC_C 24 0.128530257 0.433343372 0.025014006 -9.86806672e-09 -4.96100854e-08 1
LGIC_C 25 0.343069109 -0.0517937333 0.0250139986 -4.34088226e-08 8.63456802e-09 1
LGIC_C 27 -0.282778727 0.566797045 0.0250140204 3.27854968e-08 -4.90669676e-08 1
LGIC_C 28 0.657918421 0.11839149 0.0250140128 -4.34088272e-08 -8.63453573e-09 1
LGIC_C 30 0.691357757 0.164909055 0.0250140165 -4.96100869e-08 6.3366408e-09 1
LGIC_C 31 -0.420491537 -0.440061081 0.025014013 -5.56021111e-08 -1.45571543e-08 -1
LGIC_C 32 0.0549335865 0.101397525 0.0250139889 1.3130701e-08 4.82586573e-08 -1
LGIC_C 33 -0.0222914757 0.638426904 0.0250140112 8.63455111e-09 -4.34088279e-08 1
LGIC_C 35 -0.160514873 -0.502447954 0.0250140035 -2.90231482e-08 4.96101036e-08 1
LGIC_C 36 0.46353844 -0.607864064 0.025014017 -2.45891087e-08 3.68002429e-08 1
LGIC_C 37 0.0913197127 0.778031307 0.0250140178 -8.63455884e-09 -4.34088253e-08 1
LGIC_C 38 0.7698643 -0.34507146 0.0250140204 -3.05989503e-08 3.95603122e-08 1
LGIC_C 39 0.686074052 0.260941216 0.0250140153 -4.34088272e-08 -8.63453573e-09 1
LGIC_C 40 -0.696228722 0.00827931079 0.0250140137 4.34088279e-08 -2.48392273e-08 1
LGIC_C 41 -0.497357083 0.620633529 0.0250140183 2.45891128e-08 -3.68002333e-08 1
LGIC_C 42 -0.286805107 -0.697178396 0.025014016 8.63456455e-09 4.34088336e-08 1
LGIC_C 43 -0.60694855 -0.472506499 0.0250140138 1.15916899e-08 4.97976879e-08 1
LGIC_C 44 0.291859607 0.515778752 0.025014012 1.3130701e-08 4.82586573e-08 -1
LGIC_C 45 0.0107701603 -0.186568021 0.0250139924 6.33663526e-09 4.9610097e-08 1
LGIC_C 46 -0.217795058 -0.18836328 0.0250139966 5.39043203e-09 6.47688584e-08 1
LGIC_C 47 0.539036106 -0.179546133 0.0250140165 -5.78784275e-08 1.15127558e-08 1
LGIC_C 48 -0.106778649 -0.402040201 0.0250140016 8.63456455e-09 4.34088336e-08 1
LGIC_C 51 -0.601931047 -0.0305379075 0.0250140097 4.34088238e-08 8.63459484e-09 1
LGIC_C 52 0.660649279 -0.193065199 0.0250140167 -4.34088182e-08 2.48392526e-08 1
LGIC_C 53 0.376761145 -0.0890118544 0.0250140018 -4.34088182e-08 2.48392526e-08 1
LGIC_C 54 -0.0565440421 -0.207308794 0.0250139924 -4.89847109e-08 5.78784581e-08 1
LGIC_C 55 0.426146447 0.509164319 0.0250140134 1.3130701e-08 4.82586573e-08 -1
LGIC_C 56 -0.156916004 -0.247668481 0.0250139956 -5.56021111e-08 -1.45571543e-08 -1
LGIC_C 57 -0.0892273333 0.389766281 0.0250140054 -3.14742797e-08 4.96100914e-08 -1
LGIC_C 58 0.493929463 -0.118507082 0.0250140076 -4.34088182e-08 2.48392526e-08 1
LGIC_C 59 -0.367049072 -0.183054894 0.0250139988 1.45571809e-08 5.5602105e-08 1
LGIC_C 60 0.146406814 0.501302458 0.0250140127 -3.14742949e-08 -4.96100822e-08 1
LGIC_C 61 -0.408845045 0.324064044 0.0250140096 4.20574045e-08 -2.81018523e-08 1
LGIC_C 62 -0.0427266648 0.3848233 0.0250140037 -3.14742797e-08 4.96100914e-08 -1
LGIC_C 63 0.247545216 -0.00409580612 0.0250139956 -4.96100859e-08 9.86807898e-09 1
LGIC_C 64 -0.233300102 0.00413464922 0.0250139966 5.7878425e-08 4.89846948e-08 1
LGIC_C 65 0.028514332 0.333312574 0.0250139996 -6.33660387e-09 4.96100877e-08 -1
LGIC_C 66 -0.226474432 -0.351077059 0.0250140017 2.45891453e-08 3.68002268e-08 1
LGIC_C 67 -0.437989551 0.429242788 0.0250140185 6.28881943e-09 -7.55636452e-08 1
LGIC_C 68 -0.685753015 -0.114628958 0.0250140099 -4.34088282e-08 2.70157287e-08 -1
LGIC_C 69 -0.657333837 -0.319362202 0.0250140153 3.68002489e-08 2.45891179e-08 1
LGIC_C 70 -0.0417070647 0.367363587 0.0250139996 8.63455111e-09 -4.34088279e-08 1
LGIC_C 72 0.139010722 0.408914059 0.0250140022 -8.63455884e-09 -4.34088253e-08 1
LGIC_C 73 0.00155473616 0.0219605055 0.0250139846 -1.15127423e-08 -5.78784318e-08 1
LGIC_C 74 0.519949168 0.507675663 0.025014015 -4.82586616e-08 -1.31306776e-08 1
LGIC_C 75 0.519530489 -0.600875461 0.0250140181 -2.45891087e-08 3.68002429e-08 1
LGIC_C 76 -0.712648151 0.0330593733 0.0250140177 4.96100851e-08 2.90231542e-08 1
LGIC_C 77 0.361214733 -0.264305017 0.0250140047 -3.05989503e-08 3.95603122e-08 1
LGIC_C 79 -0.627411566 -0.284552678 0.0250140047 1.15916899e-08 4.97976879e-08 1
LGIC_C 80 0.733113635 0.0182419784 0.0250140152 -4.34088272e-08 -8.63453573e-09 1
LGIC_C 81 0.0617637862 0.663407327 0.0250140158 -6.33660387e-09 4.96100877e-08 -1
LGIC_C 82 0.435005666 -0.265589228 0.025014007 -3.05989503e-08 3.95603122e-08 1
LGIC_C 83 -0.35946566 0.250944872 0.0250140039 -4.82586679e-08 1.31306769e-08 -1
LGIC_C 84 0.234564814 0.502050773 0.025014011 -2.81018716e-08 -4.20573923e-08 1
LGIC_C 85 -0.0476134472 0.0652029626 0.0250139876 1.28239438e-08 -5.73353116e-08 1
LGIC_C 87 -0.331746453 -0.220301452 0.0250140003 1.45571809e-08 5.5602105e-08 1
LGIC_C 88 -0.534646746 -0.46210386 0.0250140124 1.15916899e-08 4.97976879e-08 1
LGIC_C 89 0.220899282 -0.476852431 0.0250140091 -1.31306721e-08 4.82586744e-08 1
LGIC_C 90 -0.368415691 -0.347256552 0.0250140079 1.45571809e-08 5.5602105e-08 1
LGIC_C 91 0.174792816 0.824709183 0.00943116441 0.194186548 0.976240951 0.0961519121
LGIC_C 92 0.215467881 -0.753600534 0.0250140193 6.33663526e-09 4.9610097e-08 1
LGIC_C 93 -0.0374690742 0.578691094 0.0250140117 -6.33661298e-09 -4.96100859e-08 1
LGIC_C 94 0.165727219 -0.0226164602 0.0250139922 -4.96100802e-08 3.14742968e-08 1
LGIC_C 95 -0.303945266 -0.433235325 0.0250140065 -5.56021111e-08 -1.45571543e-08 -1
LGIC_C 96 0.252933952 -0.10387262 0.0250139968 -4.96100859e-08 9.86807898e-09 1
LGIC_C 97 -0.40388503 0.0448278483 0.025014002 4.96100851e-08 2.90231542e-08 1
LGIC_C 98 -0.314314052 -0.616000989 0.0250140145 3.95603082e-08 3.05989652e-08 1
LGIC_C 99 0.196923431 -0.0528682504 0.0250139947 -4.96100802e-08 3.14742968e-08 1
LGIC_C 100 -0.388467765 -0.423844587 0.0250140084 2.45891453e-08 3.68002268e-08 1
LGIC_C 101 -0.369557383 0.0312407163 0.0250140019 4.96100897e-08 -9.86805572e-09 1
LGIC_C 102 -0.417932039 0.429726805 0.0250140133 1.28239438e-08 -5.73353116e-08 1
LGIC_C 103 -0.434591662 -0.0220802264 0.0250140015 -4.34088282e-08 2.70157287e-08 -1
LGIC_C 104 0.596435276 -0.218251519 0.025014015 -4.96100859e-08 9.86807898e-09 1
LGIC_C 105 -0.304810509 0.138453881 0.0250139979 3.68002297e-08 -2.45891157e-08 1
LGIC_C 106 -0.276303245 0.763181522 0.0250140188 8.63455111e-09 -4.34088279e-08 1
LGIC_C 107 -0.669416513 -0.265811221 0.0250140146 4.34088238e-08 8.63459484e-09 1
LGIC_C 108 -0.0374397081 -0.485545981 0.0250140053 2.48392553e-08 4.34088306e-08 1
LGIC_C 110 -0.266761106 -0.739419253 0.0250140176 8.63456455e-09 4.34088336e-08 1
LGIC_C 111 -0.487325069 -0.0944774601 0.0250140047 -4.96100919e-08 2.90231703e-08 -1
LGIC_C 112 0.678510662 -0.0972655221 0.0250140199 -4.96100802e-08 3.14742968e-08 1
LGIC_C 113 -0.0641762828 -0.725763281 0.0250140163 2.48392553e-08 4.34088306e-08 1
LGIC_C 114 -0.347708919 0.386969632 0.0250140099 1.28239438e-08 -5.73353116e-08 1
LGIC_C 115 0.455429062 -0.402823657 0.0250140131 -3.05989503e-08 3.95603122e-08 1
LGIC_C 116 0.113080376 -0.484390983 0.0250140101 1.00935263e-08 5.7878447e-08 1
LGIC_C 117 -0.191485304 -0.0770706586 0.0250139895 4.96100935e-08 -4.19869172e-08 1
LGIC_C 118 -0.308737038 -0.350190639 0.0250140055 -5.56021111e-08 -1.45571543e-08 -1
LGIC_C 119 0.0731316693 0.465700434 0.0250140071 -9.86806672e-09 -4.96100854e-08 1
LGIC_C 120 0.0265920303 0.505810267 0.0250140082 -6.33660387e-09 4.96100877e-08 -1
LGIC_C 121 -0.507966284 -0.42842996 0.0250140105 1.15916899e-08 4.97976879e-08 1
LGIC_C 122 0.624490424 -0.380488991 0.0250140156 -3.68002179e-08 2.45891393e-08 1
LGIC_C 124 0.579897458 -0.483841487 0.0250140165 -3.68002179e-08 2.45891393e-08 1
LGIC_C 125 0.0879061861 -0.156624598 0.0250139919 -1.31306721e-08 4.82586744e-08 1
LGIC_C 126 0.600302806 -0.417990253 0.0250140181 -3.05989503e-08 3.95603122e-08 1
LGIC_C 127 0.227947633 -0.261492533 0.0250139988 -1.31306721e-08 4.82586744e-08 1
LGIC_C 128 0.220951895 -0.286337769 0.0250139992 -2.45891087e-08 3.68002429e-08 1
LGIC_C 129 0.430294828 -0.0769805656 0.0250140026 -4.34088226e-08 8.63456802e-09 1
LGIC_C 130 -0.532460912 0.198148187 0.0250140081 4.34088259e-08 -8.63455061e-09 1
LGIC_C 131 0.42032016 0.203773826 0.0250140062 -4.82586616e-08 -1.31306776e-08 1
LGIC_C 132 -0.170328105 0.0408797962 0.0250139911 5.7878425e-08 4.89846948e-08 1
LGIC_C 133 -0.587242005 -0.0404432836 0.0250140091 4.34088238e-08 8.63459484e-09 1
LGIC_C 134 0.223993964 -0.637926084 0.0250140129 -8.63454093e-09 4.34088369e-08 1
LGIC_C 135 -0.25829887 -0.235148232 0.0250140026 6.28883752e-09 7.55636663e-08 1
LGIC_C 136 0.395054793 -0.322201863 0.0250140057 -3.68002179e-08 2.45891393e-08 1
LGIC_C 137 0.366537555 -0.385398195 0.0250140066 -1.31306721e-08 4.82586744e-08 1
LGIC_C 138 -0.69493448 -0.255723092 0.025014007 4.96100935e-08 -4.19869172e-08 1
LGIC_C 139 0.135863002 -0.0229137123 0.0250139907 -4.96100802e-08 3.14742968e-08 1
LGIC_C 140 0.523628205 0.558025701 0.0250140167 -2.45891309e-08 -3.68002211e-08 1
LGIC_C 141 0.434990428 0.109501934 0.0250140031 -4.34088272e-08 -8.63453573e-09 1
LGIC_C 142 -0.427003672 -0.565874097 0.0250140175 3.95603082e-08 3.05989652e-08 1
LGIC_C 144 -0.446559138 -0.465545882 0.0250140149 -5.56021111e-08 -1.45571543e-08 -1
LGIC_C 145 0.212465477 0.025718082 0.0250139936 -4.96100869e-08 6.3366408e-09 1
LGIC_C 146 0.0352401351 0.547479521 0.0250140108 -9.86806672e-09 -4.96100854e-08 1
LGIC_C 147 -0.346307838 -0.338777591 0.0250140041 1.15916899e-08 4.97976879e-08 1
LGIC_C 149 0.53904888 0.475206918 0.0250140148 -3.68002282e-08 -2.45891172e-08 1
LGIC_C 150 0.370109148 0.13259098 0.0250140008 -4.96100869e-08 6.3366408e-09 1
LGIC_C 151 -0.0893868596 -0.700407513 0.0250140144 8.63456455e-09 4.34088336e-08 1
LGIC_C 152 0.292212753 0.544827751 0.0250140134 1.3130701e-08 4.82586573e-08 -1
LGIC_C 153 0.172649028 -0.20375313 0.0250139971 -1.28239349e-08 5.73353226e-08 1
LGIC_C 154 0.149253231 0.46989424 0.025014008 -9.86806672e-09 -4.96100854e-08 1
LGIC_C 155 -0.504309993 0.161539626 0.0250140066 4.34088259e-08 -8.63455061e-09 1
LGIC_C 156 -0.256021648 0.0622425085 0.0250139949 4.34088259e-08 -8.63455061e-09 1
LGIC_C 157 -0.468480175 0.252265783 0.0250140053 6.28881943e-09 -7.55636452e-08 1
LGIC_C 158 0.333930057 0.168378551 0.0250140026 3.37890593e-08 4.80634111e-08 -1
LGIC_C 159 0.793618499 0.0956266131 0.0250140185 -4.34088272e-08 -8.63453573e-09 1
LGIC_C 160 -0.341975173 -0.100670859 0.0250139954 -4.34088282e-08 2.70157287e-08 -1
LGIC_C 161 -0.406706842 0.0610201028 0.025014004 4.96100897e-08 -9.86805572e-09 1
LGIC_C 162 0.438627837 0.0467361326 0.0250140055 -4.96100911e-08 -9.86803575e-09 1
LGIC_C 163 0.341187257 -0.237756974 0.0250140043 -4.20573976e-08 2.81018683e-08 1
LGIC_C 164 0.287502184 -0.613175708 0.0250140166 -1.31306721e-08 4.82586744e-08 1
LGIC_C 165 -0.381737934 0.042372435 0.025014001 4.96100851e-08 2.90231542e-08 1
LGIC_C 166 -0.118276131 -0.685255744 0.0250140159 2.48392553e-08 4.34088306e-08 1
LGIC_C 167 -0.565219877 0.55807237 0.0250140179 -4.82586679e-08 1.31306769e-08 -1
LGIC_C 168 -0.477514786 -0.236410956 0.0250140011 5.39043203e-09 6.47688584e-08 1
LGIC_C 169 0.677434583 -0.509934037 -0.0207779497 0.827616944 -0.552996408 0.0961517878
LGIC_C 171 -0.24981934 0.3373451 0.0250140058 1.28239438e-08 -5.73353116e-08 1
LGIC_C 172 0.284611676 0.124652231 0.0250139987 -4.20574004e-08 -2.81018564e-08 1
LGIC_C 173 0.65583785 0.303416529 0.0250140148 -3.68002282e-08 -2.45891172e-08 1
LGIC_C 174 -0.0705872473 -0.492688906 0.0250140064 2.48392553e-08 4.34088306e-08 1
LGIC_C 175 0.430119962 -0.319367874 0.0250140131 -3.37890406e-08 4.80634332e-08 1
LGIC_C 177 0.305240148 0.346076966 0.0250140064 -2.81018716e-08 -4.20573923e-08 1
LGIC_C 178 0.13883523 -0.607593141 0.0250140125 6.33663526e-09 4.9610097e-08 1
LGIC_C 180 -0.124962246 0.25938942 0.0250139977 2.8101852e-08 -4.20574041e-08 1
LGIC_C 181 -0.655336905 -0.295389593 0.0250140059 5.39043203e-09 6.47688584e-08 1
LGIC_C 183 0.658397311 0.27956818 0.0250140187 -4.82586616e-08 -1.31306776e-08 1
LGIC_C 184 0.700452461 -0.0393337782 0.0250140146 -4.34088182e-08 2.48392526e-08 1
LGIC_C 185 0.374240097 -0.19905645 0.0250140026 -3.05989503e-08 3.95603122e-08 1
LGIC_C 186 -0.622531624 -0.275424424 0.0250140044 5.39043203e-09 6.47688584e-08 1
LGIC_C 188 -0.745073099 0.0670125976 0.0250140162 4.34088259e-08 -8.63455061e-09 1
LGIC_C 189 -0.549510548 0.29041537 0.0250140145 4.20574045e-08 -2.81018523e-08 1
LGIC_C 190 0.336609993 -0.683453239 0.0250140167 -2.45891087e-08 3.68002429e-08 1
LGIC_C 191 -0.465858089 -0.263836581 0.0250140028 5.39043203e-09 6.47688584e-08 1
LGIC_C 192 -0.272558672 0.106037563 0.025013996 4.34088259e-08 -8.63455061e-09 1
LGIC_C 193 0.213913706 0.0856094724 0.0250139947 -4.96100911e-08 -9.86803575e-09 1
LGIC_C 194 -0.712857115 0.356503948 0.0250140183 3.68002297e-08 -2.45891157e-08 1
LGIC_C 195 0.36541288 0.407605803 0.0250140107 -2.81018716e-08 -4.20573923e-08 1
LGIC_C 196 0.737546131 0.364155608 0.0250140193 -3.68002282e-08 -2.45891172e-08 1
LGIC_C 197 -0.236535217 -0.540355251 0.0250140089 2.45891453e-08 3.68002268e-08 1
LGIC_C 198 0.483850054 -0.0700858092 0.0250140048 -4.34088226e-08 8.63456802e-09 1
LGIC_C 199 0.651705494 0.225624505 0.0250140141 -4.96100869e-08 6.3366408e-09 1
LGIC_C 200 0.719919128 -0.324257421 0.0250140177 -3.68002179e-08 2.45891393e-08 1
LGIC_C 201 0.219401673 0.0926424613 0.0250139951 -4.20574004e-08 -2.81018564e-08 1
LGIC_C 202 -0.0265254635 -0.300906242 0.025013997 2.48392553e-08 4.34088306e-08 1
LGIC_C 203 -0.147940396 -0.00621758288 0.0250139904 -4.96100919e-08 2.90231703e-08 -1
LGIC_C 204 -0.401741277 0.559410498 0.0250140181 2.8101852e-08 -4.20574041e-08 1
LGIC_C 205 -0.073523231 0.277919772 0.0250139978 9.86805557e-09 -4.96100883e-08 1
LGIC_C 206 0.673796392 -0.334921195 0.0250140163 -3.68002179e-08 2.45891393e-08 1
LGIC_C 207 -0.136691085 -0.465086105 0.0250140034 -4.89847109e-08 5.78784581e-08 1
LGIC_C 208 -0.482334899 0.417730829 0.025014012 -4.82586679e-08 1.31306769e-08 -1
LGIC_C 209 -0.0243073347 -0.000970640908 0.0250139867 -1.38908242e-07 -2.76307273e-08 -1
LGIC_C 210 0.110417823 0.278851899 0.0250139982 -9.86806672e-09 -4.96100854e-08 1
LGIC_C 212 -0.384478436 -0.551041013 0.0250140127 -5.56021111e-08 -1.45571543e-08 -1
LGIC_C 213 0.343746269 -0.396004819 0.0250140095 -2.81018481e-08 4.20574137e-08 1
LGIC_C 214 0.456564558 -0.0730356281 0.0250140037 -4.34088226e-08 8.63456802e-09 1
LGIC_C 215 -0.504575775 -0.00635011966 0.0250140052 4.34088238e-08 8.63459484e-09 1
LGIC_C 216 0.167126073 -0.207853304 0.0250139955 -1.31306721e-08 4.82586744e-08 1
LGIC_C 217 0.445911142 -0.350172406 0.0250140151 -3.37890406e-08 4.80634332e-08 1
LGIC_C 218 -0.269711365 0.475763489 0.0250140098 1.31306824e-08 -4.82586643e-08 1
LGIC_C 219 -0.260347568 -0.420675621 0.0250140064 3.95603082e-08 3.05989652e-08 1
LGIC_C 220 -0.721465135 -0.30159532 0.0250140172 3.68002489e-08 2.45891179e-08 1
LGIC_C 221 0.646578111 -0.42493699 0.0250140175 -3.68002179e-08 2.45891393e-08 1
LGIC_C 222 -0.51164009 -0.206929806 0.0250140028 5.7878436e-08 -4.89847332e-08 1
LGIC_C 223 0.207387582 0.389266473 0.0250140064 -4.80634192e-08 -3.37890445e-08 1
LGIC_C 224 -0.3821973 0.059093842 0.0250140005 4.96100851e-08 2.90231542e-08 1
LGIC_C 225 0.227954047 -0.669618388 0.0250140143 -8.63454093e-09 4.34088369e-08 1
LGIC_C 226 0.395323059 -0.155669265 0.0250140017 -4.34088226e-08 8.63456802e-09 1
LGIC_C 227 -0.169415725 0.490387312 0.025014006 8.63455111e-09 -4.34088279e-08 1
LGIC_C 228 0.259357799 -0.316254264 0.0250140019 -1.31306721e-08 4.82586744e-08 1
LGIC_C 229 -0.514187403 -0.0622291857 0.0250140061 4.34088238e-08 8.63459484e-09 1
LGIC_C 230 -0.689012122 -0.173962369 0.0250140085 -4.34088282e-08 2.70157287e-08 -1
LGIC_C 231 0.570698657 0.243067007 0.0250140141 -4.20574004e-08 -2.81018564e-08 1
LGIC_C 232 -0.29476963 0.801199951 0.00447478329 -0.194186261 0.976241022 0.0961517721
LGIC_C 233 0.296827135 0.238864011 0.0250140007 -4.82586616e-08 -1.31306776e-08 1
LGIC_C 234 0.0244472065 -0.453161225 0.0250140031 -8.63454093e-09 4.34088369e-08 1
LGIC_C 235 0.371732889 0.442096935 0.0250140123 -2.81018716e-08 -4.20573923e-08 1
LGIC_C 236 0.306306988 0.00707195881 0.0250139984 -4.96100869e-08 6.3366408e-09 1
LGIC_C 239 0.503927367 -0.227512394 0.0250140108 -4.20573976e-08 2.81018683e-08 1
LGIC_C 240 0.132807743 -0.226733628 0.0250139979 -1.28239349e-08 5.73353226e-08 1
LGIC_C 241 -0.136651293 0.200557294 0.0250139955 2.8101852e-08 -4.20574041e-08 1
LGIC_C 242 0.574616685 -0.31062278 0.0250140176 -3.37890406e-08 4.80634332e-08 1
LGIC_C 243 -0.681599261 0.253255648 0.0250140196 4.96100897e-08 -9.86805572e-09 1
LGIC_C 246 0.391868825 0.415980791 0.0250140085 1.3130701e-08 4.82586573e-08 -1
LGIC_C 247 -0.466769756 0.635855322 0.0250140181 2.45891128e-08 -3.68002333e-08 1
LGIC_C 248 0.0955456896 -0.0628560338 0.0250139883 -3.68002179e-08 2.45891393e-08 1
LGIC_C 249 0.52981621 -0.0634824118 0.0250140115 -4.96100802e-08 3.14742968e-08 1
LGIC_C 250 0.259126859 0.546391084 0.0250140142 -4.80634192e-08 -3.37890445e-08 1
LGIC_C 251 0.0225707422 0.567876822 0.0250140113 -6.33660387e-09 4.96100877e-08 -1
LGIC_C 252 0.163227194 0.554616998 0.0250140159 -3.14742949e-08 -4.96100822e-08 1
LGIC_C 253 0.507019483 0.277697272 0.0250140114 -4.82586616e-08 -1.31306776e-08 1
LGIC_C 255 -0.701385285 -0.0714560519 0.0250140118 -4.34088282e-08 2.70157287e-08 -1
LGIC_C 256 -0.320126181 0.577619896 0.0250140124 2.45891128e-08 -3.68002333e-08 1
LGIC_C 257 0.303694961 0.317574332 0.0250140024 -2.45891309e-08 -3.68002211e-08 1
LGIC_C 258 -0.299230311 0.561868111 0.0250140113 2.45891128e-08 -3.68002333e-08 1
LGIC_C 260 -0.0341418816 -0.585184649 0.0250140126 9.8680833e-09 4.96100963e-08 1
LGIC_C 261 0.0602897715 0.636219434 0.0250140114 -8.63455884e-09 -4.34088253e-08 1
LGIC_C 262 -0.331347018 0.372420955 0.0250140056 1.31306824e-08 -4.82586643e-08 1
LGIC_C 263 -0.670236454 -0.182227785 0.0250140074 -4.34088282e-08 2.70157287e-08 -1
LGIC_C 264 0.41954803 -0.358112651 0.0250140075 -3.68002179e-08 2.45891393e-08 1
LGIC_C 265 0.205472085 -0.00846407092 0.0250139952 -5.78784275e-08 1.15127558e-08 1
LGIC_C 266 -0.160682651 -0.347745928 0.0250140003 3.95603082e-08 3.05989652e-08 1
LGIC_C 267 -0.297873699 -0.256847954 0.0250140019 1.45571809e-08 5.5602105e-08 1
LGIC_C 268 -0.0544495392 -0.531240597 0.025014008 -2.90231482e-08 4.96101036e-08 1
LGIC_C 269 -0.0930728743 0.589781099 0.0250140119 -6.33661298e-09 -4.96100859e-08 1
LGIC_C 271 -0.453220636 -0.435247483 0.0250140106 3.68002489e-08 2.45891179e-08 1
LGIC_C 272 -0.368868095 0.234912672 0.0250140042 -4.82586679e-08 1.31306769e-08 -1
LGIC_C 273 0.743058266 -0.160033341 0.0250140195 -4.34088182e-08 2.48392526e-08 1
LGIC_C 274 -0.349705111 0.409435888 0.0250140069 2.45891128e-08 -3.68002333e-08 1
LGIC_C 275 -0.00120372089 -0.507338573 0.0250140053 2.48392553e-08 4.34088306e-08 1
LGIC_C 276 -0.097733359 -0.461545717 0.0250140033 -2.90231482e-08 4.96101036e-08 1
LGIC_C 278 0.332913773 0.311349322 0.0250140032 -3.68002282e-08 -2.45891172e-08 1
LGIC_C 279 0.140554977 -0.0171403024 0.0250139895 -4.34088226e-08 8.63456802e-09 1
LGIC_C 280 -0.240255691 -0.167805529 0.0250139961 1.45571809e-08 5.5602105e-08 1
LGIC_C 281 0.427767053 0.488420051 0.0250140203 -4.80634192e-08 -3.37890445e-08 1
LGIC_C 282 -0.257051196 -0.441792677 0.0250140069 3.95603082e-08 3.05989652e-08 1
LGIC_C 283 -0.273533513 -0.511889804 0.0250140072 7.55636799e-08 6.2887973e-09 1
LGIC_C 284 0.246035571 -0.758570737 0.0250140183 -8.63454093e-09 4.34088369e-08 1
LGIC_C 286 -0.581077151 0.0256605652 0.0250140113 4.96100851e-08 2.90231542e-08 1
LGIC_C 287 -0.0745735098 -0.125100119 0.0250139897 2.45891453e-08 3.68002268e-08 1
LGIC_C 288 0.0419271401 -0.417880985 0.0250140037 6.33663526e-09 4.9610097e-08 1
LGIC_C 289 0.0355690554 0.00797129447 0.0250139849 -4.34088272e-08 -8.63453573e-09 1
LGIC_C 290 -0.363438843 -0.53781419 0.0250140161 2.81018674e-08 4.20574117e-08 1
LGIC_C 291 -0.497866171 0.425132427 0.025014012 3.68002297e-08 -2.45891157e-08 1
LGIC_C 292 0.403959224 0.409580823 0.0250140118 -2.81018716e-08 -4.20573923e-08 1
LGIC_C 293 -0.691941769 -0.0725176147 0.0250140155 -4.96100919e-08 2.90231703e-08 -1
LGIC_C 295 -0.180414146 0.122644554 0.0250139937 6.28881943e-09 -7.55636452e-08 1
LGIC_C 296 0.493340597 0.221444722 0.0250140102 -4.20574004e-08 -2.81018564e-08 1
LGIC_C 297 0.071753488 0.338548472 0.0250139986 -8.63455884e-09 -4.34088253e-08 1
LGIC_C 298 0.199391819 -0.535116579 0.0250140117 -9.86804037e-09 4.96101e-08 1
LGIC_C 299 -0.0368971414 -0.33947505 0.0250140004 9.8680833e-09 4.96100963e-08 1
LGIC_C 300 0.353550677 -0.0343072488 0.0250139994 -4.34088182e-08 2.48392526e-08 1
LGIC_C 301 0.134454078 0.414938556 0.0250140024 -8.63455884e-09 -4.34088253e-08 1
LGIC_C 302 0.405001922 0.369561057 0.0250140107 -4.20574004e-08 -2.81018564e-08 1
LGIC_C 303 -0.00300835805 0.380445717 0.0250140022 9.86805557e-09 -4.96100883e-08 1
LGIC_C 304 -0.139910664 0.33953787 0.0250139992 -6.33661298e-09 -4.96100859e-08 1
LGIC_C 305 -0.444402056 0.229965662 0.0250140053 3.68002297e-08 -2.45891157e-08 1
LGIC_C 306 0.218174576 0.109622431 0.0250139959 3.37890593e-08 4.80634111e-08 -1
LGIC_C 307 -0.425984046 0.254599628 0.0250140072 -4.82586679e-08 1.31306769e-08 -1
LGIC_C 308 0.636851645 -0.294662303 0.0250140139 -3.68002179e-08 2.45891393e-08 1
LGIC_C 309 0.141536686 0.139536087 0.0250139919 -3.68002282e-08 -2.45891172e-08 1
LGIC_C 310 0.125780074 0.809420569 0.0250140195 -8.63455884e-09 -4.34088253e-08 1
LGIC_C 311 0.603680971 0.609187178 0.0220777601 0.552996265 0.827617084 0.0961514014
LGIC_C 312 0.310037238 0.211298944 0.0250140022 -4.20574004e-08 -2.81018564e-08 1
LGIC_C 313 0.671444596 0.322541704 0.0250140159 -3.68002282e-08 -2.45891172e-08 1
LGIC_C 314 -0.222145571 0.54116032 0.0250140087 8.63455111e-09 -4.34088279e-08 1
LGIC_C 315 -0.0437916993 0.00645068496 0.0250139855 4.96100897e-08 -9.86805572e-09 1
LGIC_C 318 -0.23212332 -0.37923713 0.0250140017 -5.56021111e-08 -1.45571543e-08 -1
LGIC_C 319 -0.497027751 -0.0919179736 0.0250140024 -4.34088282e-08 2.70157287e-08 -1
LGIC_C 320 0.395344532 0.59996695 0.0250140196 -2.81018716e-08 -4.20573923e-08 1
LGIC_C 322 0.595102903 0.238180366 0.0250140204 -5.78784335e-08 -1.15127284e-08 1
LGIC_C 323 -0.327048109 -0.578258734 0.0250140168 2.81018674e-08 4.20574117e-08 1
LGIC_C 324 0.0654655291 0.687532136 0.025014017 -6.33660387e-09 4.96100877e-08 -1
LGIC_C 325 0.47992443 0.59614514 0.025014017 -2.45891309e-08 -3.68002211e-08 1
LGIC_C 326 0.235124263 0.674529858 0.0250140152 -6.33660387e-09 4.96100877e-08 -1
LGIC_C 327 -0.326579754 -0.0380188322 0.0250139984 -4.96100919e-08 2.90231703e-08 -1
LGIC_C 328 -0.45304419 0.0784887839 0.0250140049 4.34088279e-08 -2.48392273e-08 1
LGIC_C 329 0.607833699 -0.181291493 0.0250140152 -4.96100859e-08 9.86807898e-09 1
LGIC_C 330 0.334139857 -0.0087894236 0.0250140001 -4.96100802e-08 3.14742968e-08 1
LGIC_C 331 0.205955744 -0.120096504 0.0250139943 -3.05989503e-08 3.95603122e-08 1
LGIC_C 332 -0.00829329249 -0.418970291 0.0250140041 9.8680833e-09 4.96100963e-08 1
LGIC_C 333 0.512759645 0.174310156 0.025014007 -4.34088272e-08 -8.63453573e-09 1
LGIC_C 334 0.226484823 0.736529409 0.0250140172 -8.63455884e-09 -4.34088253e-08 1
LGIC_C 335 0.21433175 0.528241233 0.0250140081 -6.33660387e-09 4.96100877e-08 -1
LGIC_C 336 -0.675981068 0.00653255782 0.0250140128 4.34088279e-08 -2.48392273e-08 1
LGIC_C 337 -0.0138545537 -0.00855926526 0.0250139839 5.39043203e-09 6.47688584e-08 1
LGIC_C 338 -0.217740147 0.348294793 0.0250140014 2.45891128e-08 -3.68002333e-08 1
LGIC_C 339 0.11705705 -0.169802552 0.025013993 -1.31306721e-08 4.82586744e-08 1
LGIC_C 340 -0.285567836 0.559672043 0.0250140148 2.8101852e-08 -4.20574041e-08 1
LGIC_C 341 0.0212929021 -0.705913429 0.0250140141 -8.63454093e-09 4.34088369e-08 1
LGIC_C 342 -0.803789746 -0.0642046483 0.0250140164 -4.34088282e-08 2.70157287e-08 -1
LGIC_C 343 0.224778275 0.487784779 0.0250140098 1.3130701e-08 4.82586573e-08 -1
LGIC_C 344 -0.12299901 0.0082699701 0.02501399 5.7878425e-08 4.89846948e-08 1
LGIC_C 346 0.344087089 0.323861166 0.0250140039 -3.68002282e-08 -2.45891172e-08 1
LGIC_C 347 0.460469884 -0.129565896 0.0250140074 -4.96100859e-08 9.86807898e-09 1
LGIC_C 349 -0.216164308 -0.523383642 0.0250140029 -2.90231482e-08 4.96101036e-08 1
LGIC_C 350 -0.272868568 0.399739813 0.0250140047 2.45891128e-08 -3.68002333e-08 1
LGIC_C 352 -0.169425574 -0.274362973 0.0250139984 3.95603082e-08 3.05989652e-08 1
LGIC_C 353 -0.314190463 0.131013982 0.0250140002 4.20574045e-08 -2.81018523e-08 1
LGIC_C 354 0.189275496 0.210702784 0.0250139974 -2.81018716e-08 -4.20573923e-08 1
LGIC_C 355 0.0675452561 -0.509947338 0.0250140121 1.00935263e-08 5.7878447e-08 1
LGIC_C 356 0.106293869 0.70310478 0.0250140147 -8.63455884e-09 -4.34088253e-08 1
LGIC_C 357 0.716289405 0.187426974 0.0250140176 -4.96100869e-08 6.3366408e-09 1
LGIC_C 358 0.104691212 -0.0701944526 0.0250139907 -4.90669481e-08 3.27855328e-08 1
LGIC_C 359 -0.269546372 0.226780336 0.0250140021 6.28881943e-09 -7.55636452e-08 1
LGIC_C 360 -0.493789276 0.45010464 0.025014013 -4.82586679e-08 1.31306769e-08 -1
LGIC_C 361 0.603081128 -0.140246862 0.0250140145 -4.96100859e-08 9.86807898e-09 1
LGIC_C 362 -0.432615012 -0.095001186 0.025014002 -4.96100919e-08 2.90231703e-08 -1
LGIC_C 363 -0.315760067 0.412646069 0.0250140073 1.31306824e-08 -4.82586643e-08 1
LGIC_C 365 0.582231851 -0.38645706 0.0250140186 -4.20573976e-08 2.81018683e-08 1
LGIC_C 366 -0.321980653 -0.710113026 0.0250140177 3.95603082e-08 3.05989652e-08 1
LGIC_C 367 0.388139187 -0.089774765 0.0250140023 -4.34088182e-08 2.48392526e-08 1
LGIC_C 368 -0.147213802 -0.37064019 0.025014003 2.48392553e-08 4.34088306e-08 1
LGIC_C 369 -0.118468237 -0.667313297 0.0250140129 -2.90231482e-08 4.96101036e-08 1
LGIC_C 370 -0.288336523 -0.629853085 0.0250140135 2.45891453e-08 3.68002268e-08 1
LGIC_C 371 0.263955823 0.0273119199 0.0250139949 -4.34088272e-08 -8.63453573e-09 1
LGIC_C 372 -0.00448065147 0.393932648 0.0250140004 8.63455111e-09 -4.34088279e-08 1
LGIC_C 373 -0.692613197 0.42873555 0.0250140193 3.68002297e-08 -2.45891157e-08 1
LGIC_C 374 0.0383530584 -0.162897878 0.0250139911 6.33663526e-09 4.9610097e-08 1
LGIC_C 375 0.157398939 -0.668338501 0.0250140203 1.00935263e-08 5.7878447e-08 1
LGIC_C 376 0.400930392 0.377269463 0.0250140107 -4.20574004e-08 -2.81018564e-08 1
LGIC_C 377 0.308369982 0.149839094 0.0250139983 -3.68002282e-08 -2.45891172e-08 1
LGIC_C 378 -0.592754845 0.0572393852 0.025014011 4.96100851e-08 2.90231542e-08 1
LGIC_C 379 -0.03460153 -0.48349906 0.0250140076 9.8680833e-09 4.96100963e-08 1
LGIC_C 380 0.141222453 0.588337746 0.0250140138 -9.86806672e-09 -4.96100854e-08 1
LGIC_C 381 0.00238381979 0.658390888 0.0250140159 -6.33660387e-09 4.96100877e-08 -1
LGIC_C 382 0.545495812 -0.292821784 0.0250140157 -3.37890406e-08 4.80634332e-08 1
LGIC_C 384 -0.447995148 -0.424035507 0.0250140181 6.28883752e-09 7.55636663e-08 1
LGIC_C 386 0.478291234 -0.455590484 0.025014012 -3.68002179e-08 2.45891393e-08 1
LGIC_C 387 0.540951956 -0.240649257 0.0250140131 -3.37890406e-08 4.80634332e-08 1
LGIC_C 388 -0.0183551827 0.426068446 0.025014005 -3.14742797e-08 4.96100914e-08 -1
LGIC_C 390 0.517391524 -0.0806389597 0.0250140077 -4.34088182e-08 2.48392526e-08 1
LGIC_C 392 -0.209967299 -0.557841722 0.0250140048 -2.90231482e-08 4.96101036e-08 1
LGIC_C 393 -0.0416323271 -0.263645569 0.025013995 8.63456455e-09 4.34088336e-08 1
LGIC_C 395 0.333014219 0.371790966 0.0250140056 1.3130701e-08 4.82586573e-08 -1
LGIC_C 396 0.278707065 0.385830509 0.0250140055 1.3130701e-08 4.82586573e-08 -1
LGIC_C 397 -0.64970533 0.267369517 0.0250140138 4.34088259e-08 -8.63455061e-09 1
LGIC_C 398 -0.552768925 0.244647518 0.0250140137 3.37890593e-08 -4.80634052e-08 1
LGIC_C 399 0.60615695 -0.152053305 0.0250140181 -4.96100802e-08 3.14742968e-08 1
NT 7181 1.00340476 -4.45515772 -2.58382715 0 0 0
NT 7817 0.0439306733 3.70509436 -1.48929601 0 0 0
LGIC_O 4402 -0.0345878633 0.265675272 0.025013999 1.15127271e-08 -5.78784352e-08 1
LGIC_O 4401 -0.1840676 0.0972239463 0.0250139942 3.37890593e-08 -4.80634052e-08 1
LGIC_O 4400 -0.175025146 0.0137516014 0.0250139927 5.7878425e-08 4.89846948e-08 1
LGIC_O 8441 0.636913646 -0.12672076 0.0250140188 -4.96100802e-08 3.14742968e-08 1
LGIC_O 8440 0.314831804 -0.521242477 0.0250140191 -3.27854948e-08 4.90669785e-08 1
LGIC_O 8439 0.567487089 -0.204519113 0.0250140184 -5.78784275e-08 1.15127558e-08 1
LGIC_O 8438 -0.495463838 -0.478991786 0.0250140171 1.45571809e-08 5.5602105e-08 1
LGIC_O 8437 -0.0865332912 0.0753896135 0.0250139898 3.37890593e-08 -4.80634052e-08 1
LGIC_O 8436 0.281965125 0.349247805 0.0250140096 -3.27855134e-08 -4.90669575e-08 1
LGIC_O 8435 -0.281577291 0.489075666 0.0250140165 3.27854968e-08 -4.90669676e-08 1
LGIC_O 8434 -0.605092982 -0.110313414 0.0250140129 5.7878436e-08 -4.89847332e-08 1
LGIC_O 8433 0.701586212 -0.0117142491 0.0250140184 -4.96100802e-08 3.14742968e-08 1
LGIC_O 8432 0.426050556 0.664856809 0.0250140182 -2.45891309e-08 -3.68002211e-08 1
LGIC_O 8431 -0.53569519 -0.176489801 0.025014008 4.34088238e-08 8.63459484e-09 1
LGIC_O 8430 -0.206044735 -0.180448528 0.0250139982 6.28883752e-09 7.55636663e-08 1
LGIC_O 8429 0.342033035 -0.34268384 0.0250140113 -3.27854948e-08 4.90669785e-08 1
LGIC_O 8428 0.576112066 -0.314703408 0.0250140178 -3.37890406e-08 4.80634332e-08 1
LGIC_O 8427 0.236726308 -0.318077646 0.0250140066 -3.27854948e-08 4.90669785e-08 1
LGIC_O 8426 -0.0976488914 -0.110862836 0.0250139913 7.55636799e-08 6.2887973e-09 1
LGIC_O 8425 0.534646383 -0.195059479 0.0250140164 -5.78784275e-08 1.15127558e-08 1
LGIC_O 8424 0.219544679 -0.315091025 0.0250140059 -3.27854948e-08 4.90669785e-08 1
LGIC_O 8423 -0.608846757 -0.593779315 0.0250140203 3.68002489e-08 2.45891179e-08 1
LGIC_O 8422 0.564815598 -0.372450199 0.0250140202 -3.37890406e-08 4.80634332e-08 1
LGIC_O 8421 0.550750457 0.0902902064 0.0250140162 -5.78784335e-08 -1.15127284e-08 1
LGIC_O 8420 0.175418091 0.0610257495 0.0250139941 -5.78784335e-08 -1.15127284e-08 1
LGIC_O 8419 0.142777714 0.100831833 0.0250139936 -4.90669739e-08 -3.27854893e-08 1
LGIC_O 4418 0.0575220985 -0.190210297 0.0250139949 -1.15127059e-08 5.78784511e-08 1
LGIC_O 4417 -0.118754336 -0.170834128 0.0250139938 2.81018674e-08 4.20574117e-08 1
LGIC_O 4416 0.593239316 0.0786534269 0.0250140185 -5.78784335e-08 -1.15127284e-08 1
LGIC_O 4415 0.0853954366 -0.420999761 0.0250140086 -1.15127059e-08 5.78784511e-08 1
LGIC_O 4414 -0.374457097 -0.228026162 0.0250140026 3.68002489e-08 2.45891179e-08 1
LGIC_O 4413 0.577482781 -0.285169834 0.0250140164 -3.37890406e-08 4.80634332e-08 1
LGIC_O 4412 -0.484325859 0.306166979 0.0250140144 3.37890593e-08 -4.80634052e-08 1
LGIC_O 4411 0.44777829 -0.0963194904 0.0250140103 -5.78784275e-08 1.15127558e-08 1
LGIC_O 4410 0.28281874 -0.503567977 0.0250140172 -3.27854948e-08 4.90669785e-08 1
LGIC_O 4409 -0.116204576 -0.152585731 0.025013993 7.55636799e-08 6.2887973e-09 1
LGIC_O 4408 -0.333519821 0.289166147 0.0250140084 3.37890593e-08 -4.80634052e-08 1
LGIC_O 4407 -0.148720782 -0.636306108 0.0250140163 9.8680833e-09 4.96100963e-08 1
LGIC_O 4406 0.336173082 -0.328141715 0.0250140105 -4.90669481e-08 3.27855328e-08 1
LGIC_O 4405 -0.249510429 -0.168914007 0.0250139976 6.28883752e-09 7.55636663e-08 1
LGIC_O 4404 0.0811982327 0.141649416 0.0250139929 -3.27855134e-08 -4.90669575e-08 1
LGIC_O 4403 0.0533120499 -0.19689515 0.0250139952 -1.15127059e-08 5.78784511e-08 1
