LGIC_C 0 0.473035946 0.211401707 0.0250140091 -4.20574004e-08 -2.81018564e-08 1
LGIC_C 1 -0.280801819 0.0476351981 0.0250139959 4.34088259e-08 -8.63455061e-09 1
LGIC_C 2 -0.546547687 0.174259589 0.0250140121 4.96100897e-08 -9.86805572e-09 1
LGIC_C 3 0.259674602 -0.683613822 0.0250140197 -9.86804037e-09 4.96101e-08 1
LGIC_C 4 -0.457724305 -0.192942234 0.0250140007 6.28883752e-09 7.55636663e-08 1
LGIC_C 5 0.0833720991 -0.554770237 0.0250140145 1.00935263e-08 5.7878447e-08 1
LGIC_C 6 -0.328176414 0.537440329 0.0250140183 1.28239438e-08 -5.73353116e-08 1
LGIC_C 7 -0.708516429 0.459152083 -0.00555727626 -0.827617296 0.552995934 0.0961514895
LGIC_C 8 -0.114731755 0.317585362 0.025013998 8.63455111e-09 -4.34088279e-08 1
LGIC_C 9 -0.465981 -0.253518451 0.0250140053 6.28883752e-09 7.55636663e-08 1
LGIC_C 10 -0.352707315 -0.598480877 0.0250140155 3.95603082e-08 3.05989652e-08 1
LGIC_C 11 0.187642761 0.55343252 0.0250140095 -6.33660387e-09 4.96100877e-08 -1
LGIC_C 12 0.420346001 0.233801629 0.0250140115 -4.90669739e-08 -3.27854893e-08 1
LGIC_C 13 0.720619336 -0.0965525039 0.0250140199 -4.96100859e-08 9.86807898e-09 1
LGIC_C 14 0.679790464 0.24773167 0.0250140154 -4.96100869e-08 6.3366408e-09 1
LGIC_C 15 -0.477699155 -0.381158598 0.0250140105 5.39043203e-09 6.47688584e-08 1
LGIC_C 16 0.629808599 -0.125735122 0.0250140157 -4.96100859e-08 9.86807898e-09 1
LGIC_C 17 -0.516363675 0.379243039 0.0250140132 -4.82586679e-08 1.31306769e-08 -1
LGIC_C 18 0.292959831 -0.465445323 0.025014011 -2.81018481e-08 4.20574137e-08 1
LGIC_C 21 -0.00916009762 -0.189262153 0.0250139923 -2.90231482e-08 4.96101036e-08 1
LGIC_C 22 0.17116395 0.591362902 0.0250140143 -9.86806672e-09 -4.96100854e-08 1
LGIC_C 23 -0.526449407 0.445699338 0.0250140136 3.68002297e-08 -2.45891157e-08 1
LGIC_C 24 0.137768876 0.422527342 0.0250140056 -9.86806672e-09 -4.96100854e-08 1
LGIC_C 25 0.338992684 -0.044576714 0.0250139983 -4.34088226e-08 8.63456802e-09 1
LGIC_C 27 -0.286013538 0.533754977 0.0250140188 3.27854968e-08 -4.90669676e-08 1
LGIC_C 28 0.651202405 0.0884019753 0.0250140123 -4.34088272e-08 -8.63453573e-09 1
LGIC_C 30 0.663479842 0.153797507 0.0250140152 -4.96100869e-08 6.3366408e-09 1
LGIC_C 31 -0.392773591 -0.432452769 0.025014012 3.95603082e-08 3.05989652e-08 1
LGIC_C 32 0.0473384761 0.109605628 0.0250139892 -2.81018716e-08 -4.20573923e-08 1
LGIC_C 33 -0.0294220546 0.635378055 0.0250140111 8.63455111e-09 -4.34088279e-08 1
LGIC_C 35 -0.178266994 -0.508233318 0.0250140033 -2.90231482e-08 4.96101036e-08 1
LGIC_C 36 0.44155991 -0.609213959 0.0250140165 -2.45891087e-08 3.68002429e-08 1
LGIC_C 37 0.093994984 0.804754035 0.025014019 -8.63455884e-09 -4.34088253e-08 1
LGIC_C 38 0.77721162 -0.32367385 0.0250140198 -3.05989503e-08 3.95603122e-08 1
LGIC_C 39 0.66691439 0.256009282 0.0250140144 -4.34088272e-08 -8.63453573e-09 1
LGIC_C 40 -0.68876735 0.00344804971 0.0250140133 4.34088279e-08 -2.48392273e-08 1
LGIC_C 41 -0.531408364 0.603432369 0.0250140185 2.45891128e-08 -3.68002333e-08 1
LGIC_C 42 -0.280566606 -0.682990558 0.0250140153 8.63456455e-09 4.34088336e-08 1
LGIC_C 43 -0.61811641 -0.477564292 0.0250140142 1.15916899e-08 4.97976879e-08 1
LGIC_C 44 0.336430688 0.509320329 0.0250140123 1.3130701e-08 4.82586573e-08 -1
LGIC_C 45 -0.00639748934 -0.205716035 0.0250139923 2.48392553e-08 4.34088306e-08 1
LGIC_C 46 -0.192294795 -0.169421206 0.0250139952 5.39043203e-09 6.47688584e-08 1
LGIC_C 47 0.529300106 -0.186431396 0.025014016 -5.78784275e-08 1.15127558e-08 1
LGIC_C 48 -0.113400056 -0.38237347 0.0250140008 8.63456455e-09 4.34088336e-08 1
LGIC_C 51 -0.617241182 -0.0414592196 0.0250140104 4.34088238e-08 8.63459484e-09 1
LGIC_C 52 0.656975441 -0.195067432 0.0250140166 -4.34088182e-08 2.48392526e-08 1
LGIC_C 53 0.349773212 -0.104493256 0.025014001 -4.34088182e-08 2.48392526e-08 1
LGIC_C 54 -0.0692809007 -0.221141736 0.0250139926 -4.89847109e-08 5.78784581e-08 1
LGIC_C 55 0.448432155 0.514038369 0.025014014 1.3130701e-08 4.82586573e-08 -1
LGIC_C 56 -0.143337692 -0.257694267 0.025013995 -5.56021111e-08 -1.45571543e-08 -1
LGIC_C 57 -0.0873946861 0.405074352 0.0250140061 -3.14742797e-08 4.96100914e-08 -1
LGIC_C 58 0.475378962 -0.0920685541 0.0250140062 -4.34088182e-08 2.48392526e-08 1
LGIC_C 59 -0.37863227 -0.198052121 0.0250139998 1.45571809e-08 5.5602105e-08 1
LGIC_C 60 0.146845201 0.510029619 0.0250140132 -3.14742949e-08 -4.96100822e-08 1
LGIC_C 61 -0.379169433 0.351101177 0.0250140091 4.20574045e-08 -2.81018523e-08 1
LGIC_C 62 -0.0291769982 0.399655586 0.025014004 -3.14742797e-08 4.96100914e-08 -1
LGIC_C 63 0.244335896 -0.00703176189 0.0250139954 -4.96100859e-08 9.86807898e-09 1
LGIC_C 64 -0.238918639 0.000436890307 0.0250139971 5.7878425e-08 4.89846948e-08 1
LGIC_C 65 0.0137838158 0.348846558 0.0250140005 -6.33660387e-09 4.96100877e-08 -1
LGIC_C 66 -0.253128802 -0.328683316 0.0250140016 2.45891453e-08 3.68002268e-08 1
LGIC_C 67 -0.441199041 0.404456091 0.0250140166 6.28881943e-09 -7.55636452e-08 1
LGIC_C 68 -0.672123821 -0.126294681 0.025014009 -4.34088282e-08 2.70157287e-08 -1
LGIC_C 69 -0.694006276 -0.342973468 0.0250140172 3.68002489e-08 2.45891179e-08 1
LGIC_C 70 -0.0357114125 0.376251225 0.0250139999 8.63455111e-09 -4.34088279e-08 1
LGIC_C 72 0.145016057 0.38772451 0.0250140013 -8.63455884e-09 -4.34088253e-08 1
LGIC_C 73 -0.00508815491 0.00347039883 0.0250139835 3.68002297e-08 -2.45891157e-08 1
LGIC_C 74 0.519971069 0.487631013 0.0250140147 -4.82586616e-08 -1.31306776e-08 1
LGIC_C 75 0.553212636 -0.605565159 0.0250140191 -2.45891087e-08 3.68002429e-08 1
LGIC_C 76 -0.719651772 0.0227185383 0.0250140183 4.96100851e-08 2.90231542e-08 1
LGIC_C 77 0.360196821 -0.24835455 0.0250140041 -3.05989503e-08 3.95603122e-08 1
LGIC_C 79 -0.594821463 -0.27841388 0.025014004 1.15916899e-08 4.97976879e-08 1
LGIC_C 80 0.721730503 0.0213269689 0.0250140148 -4.34088272e-08 -8.63453573e-09 1
LGIC_C 81 0.0559422508 0.668859501 0.0250140161 -6.33660387e-09 4.96100877e-08 -1
LGIC_C 82 0.459237678 -0.268017854 0.0250140079 -3.05989503e-08 3.95603122e-08 1
LGIC_C 83 -0.360124482 0.25480484 0.025014004 -4.82586679e-08 1.31306769e-08 -1
LGIC_C 84 0.228852984 0.503144548 0.0250140108 -2.81018716e-08 -4.20573923e-08 1
LGIC_C 85 -0.0538905849 0.068305509 0.0250139879 1.28239438e-08 -5.73353116e-08 1
LGIC_C 87 -0.324553687 -0.220278323 0.0250140002 1.45571809e-08 5.5602105e-08 1
LGIC_C 88 -0.563500103 -0.497908855 0.0250140146 1.15916899e-08 4.97976879e-08 1
LGIC_C 89 0.237329707 -0.497046395 0.0250140103 -1.31306721e-08 4.82586744e-08 1
LGIC_C 90 -0.361897875 -0.339518339 0.0250140074 1.45571809e-08 5.5602105e-08 1
LGIC_C 91 0.177525171 0.823139053 0.0198546545 0.194186548 0.976240951 0.0961519121
LGIC_C 92 0.23559175 -0.739214743 0.0250140184 6.33663526e-09 4.9610097e-08 1
LGIC_C 93 -0.0286998921 0.575670327 0.0250140116 -6.33661298e-09 -4.96100859e-08 1
LGIC_C 94 0.151568306 -0.0348993544 0.0250139918 -4.96100802e-08 3.14742968e-08 1
LGIC_C 95 -0.314147597 -0.474192418 0.0250140076 -5.56021111e-08 -1.45571543e-08 -1
LGIC_C 96 0.285626889 -0.0546752008 0.0250139979 -4.96100859e-08 9.86807898e-09 1
LGIC_C 97 -0.399750407 0.0438761222 0.0250140018 4.96100851e-08 2.90231542e-08 1
LGIC_C 98 -0.32022452 -0.589903303 0.025014014 3.95603082e-08 3.05989652e-08 1
LGIC_C 99 0.203993982 -0.0551215534 0.0250139951 -4.96100802e-08 3.14742968e-08 1
LGIC_C 100 -0.365266438 -0.436594145 0.0250140083 2.45891453e-08 3.68002268e-08 1
LGIC_C 101 -0.387883412 0.00821738154 0.0250140026 4.96100897e-08 -9.86805572e-09 1
LGIC_C 102 -0.449559852 0.462930544 0.0250140156 1.28239438e-08 -5.73353116e-08 1
LGIC_C 103 -0.43065102 -0.00394009743 0.025014002 4.34088238e-08 8.63459484e-09 1
LGIC_C 104 0.598580884 -0.209615817 0.025014015 -4.96100859e-08 9.86807898e-09 1
LGIC_C 105 -0.318377832 0.152272079 0.0250139987 3.68002297e-08 -2.45891157e-08 1
LGIC_C 106 -0.304181823 0.744348812 0.0250140182 8.63455111e-09 -4.34088279e-08 1
LGIC_C 107 -0.66827588 -0.268382544 0.0250140146 4.34088238e-08 8.63459484e-09 1
LGIC_C 108 -0.0446188514 -0.506551759 0.0250140063 2.48392553e-08 4.34088306e-08 1
LGIC_C 110 -0.229310852 -0.732870124 0.025014017 8.63456455e-09 4.34088336e-08 1
LGIC_C 111 -0.518190514 -0.114117395 0.0250140057 -4.96100919e-08 2.90231703e-08 -1
LGIC_C 112 0.683952814 -0.0516092032 0.0250140188 -4.96100802e-08 3.14742968e-08 1
LGIC_C 113 -0.0566017139 -0.718968614 0.0250140159 2.48392553e-08 4.34088306e-08 1
LGIC_C 114 -0.334561031 0.393756079 0.0250140101 1.28239438e-08 -5.73353116e-08 1
LGIC_C 115 0.491367765 -0.387933587 0.0250140136 -3.05989503e-08 3.95603122e-08 1
LGIC_C 116 0.107390442 -0.453064156 0.0250140084 1.00935263e-08 5.7878447e-08 1
LGIC_C 117 -0.169689488 -0.0645243656 0.0250139889 -4.34088282e-08 2.70157287e-08 -1
LGIC_C 118 -0.308658019 -0.310196434 0.0250140049 -5.56021111e-08 -1.45571543e-08 -1
LGIC_C 119 0.0968359444 0.452797219 0.0250140067 -9.86806672e-09 -4.96100854e-08 1
LGIC_C 120 0.00369272974 0.501847359 0.0250140081 -6.33660387e-09 4.96100877e-08 -1
LGIC_C 121 -0.51143983 -0.44382273 0.0250140113 1.15916899e-08 4.97976879e-08 1
LGIC_C 122 0.628406625 -0.379160172 0.0250140157 -3.68002179e-08 2.45891393e-08 1
LGIC_C 124 0.561422544 -0.490403297 0.0250140159 -3.68002179e-08 2.45891393e-08 1
LGIC_C 125 0.124758645 -0.162623319 0.0250139927 -1.31306721e-08 4.82586744e-08 1
LGIC_C 126 0.6132369 -0.408326309 0.0250140181 -3.05989503e-08 3.95603122e-08 1
LGIC_C 127 0.203697801 -0.290824667 0.0250139999 -1.31306721e-08 4.82586744e-08 1
LGIC_C 128 0.239938156 -0.277942439 0.0250139994 -2.45891087e-08 3.68002429e-08 1
LGIC_C 129 0.431247794 -0.0954147733 0.0250140028 -4.34088226e-08 8.63456802e-09 1
LGIC_C 130 -0.54665269 0.181191631 0.0250140086 4.34088259e-08 -8.63455061e-09 1
LGIC_C 131 0.385953617 0.230907922 0.0250140049 -4.82586616e-08 -1.31306776e-08 1
LGIC_C 132 -0.187224024 0.0518332089 0.0250139916 5.7878425e-08 4.89846948e-08 1
LGIC_C 133 -0.589510719 -0.0504909286 0.0250140093 4.34088238e-08 8.63459484e-09 1
LGIC_C 134 0.257320123 -0.634078629 0.025014013 -8.63454093e-09 4.34088369e-08 1
LGIC_C 135 -0.225592109 -0.253026865 0.0250140002 2.81018674e-08 4.20574117e-08 1
LGIC_C 136 0.360018199 -0.294373309 0.0250140037 -3.68002179e-08 2.45891393e-08 1
LGIC_C 137 0.353691071 -0.375014847 0.025014006 -1.31306721e-08 4.82586744e-08 1
LGIC_C 138 -0.701594975 -0.212669208 0.0250140092 4.96100935e-08 -4.19869172e-08 1
LGIC_C 139 0.136427392 -0.0147630851 0.0250139905 -4.96100802e-08 3.14742968e-08 1
LGIC_C 140 0.506549365 0.543668624 0.0250140157 -2.45891309e-08 -3.68002211e-08 1
LGIC_C 141 0.466150172 0.120790084 0.0250140045 -4.34088272e-08 -8.63453573e-09 1
LGIC_C 142 -0.43622282 -0.537447001 0.025014017 3.95603082e-08 3.05989652e-08 1
LGIC_C 144 -0.445291168 -0.467917097 0.0250140148 -5.56021111e-08 -1.45571543e-08 -1
LGIC_C 145 0.223749827 0.0161468922 0.0250139942 -4.96100869e-08 6.3366408e-09 1
LGIC_C 146 0.00917998493 0.552707845 0.0250140106 -6.33660387e-09 4.96100877e-08 -1
LGIC_C 147 -0.347263463 -0.342482095 0.0250140043 1.15916899e-08 4.97976879e-08 1
LGIC_C 149 0.561202682 0.4768272 0.0250140156 -3.68002282e-08 -2.45891172e-08 1
LGIC_C 150 0.374986967 0.110027414 0.0250140011 -4.96100869e-08 6.3366408e-09 1
LGIC_C 151 -0.0655138143 -0.673003284 0.025014013 8.63456455e-09 4.34088336e-08 1
LGIC_C 152 0.275945354 0.533307027 0.0250140126 1.3130701e-08 4.82586573e-08 -1
LGIC_C 153 0.17437886 -0.192057178 0.0250139965 -1.28239349e-08 5.73353226e-08 1
LGIC_C 154 0.137690691 0.465105597 0.0250140077 -9.86806672e-09 -4.96100854e-08 1
LGIC_C 155 -0.509627597 0.158392988 0.0250140068 4.34088259e-08 -8.63455061e-09 1
LGIC_C 156 -0.2205974 0.0401936385 0.0250139932 4.34088259e-08 -8.63455061e-09 1
LGIC_C 157 -0.466227304 0.259603958 0.0250140058 6.28881943e-09 -7.55636452e-08 1
LGIC_C 158 0.318235521 0.175516065 0.0250140024 3.37890593e-08 4.80634111e-08 -1
LGIC_C 159 0.772462674 0.109775818 0.0250140177 -4.34088272e-08 -8.63453573e-09 1
LGIC_C 160 -0.323724036 -0.0939177303 0.0250139948 -4.34088282e-08 2.70157287e-08 -1
LGIC_C 161 -0.421067222 0.0864559076 0.025014005 4.96100897e-08 -9.86805572e-09 1
LGIC_C 162 0.484591976 0.0168895894 0.0250140074 -4.96100911e-08 -9.86803575e-09 1
LGIC_C 163 0.415959154 -0.266623466 0.0250140082 -4.20573976e-08 2.81018683e-08 1
LGIC_C 164 0.297197622 -0.597841298 0.025014016 -1.31306721e-08 4.82586744e-08 1
LGIC_C 165 -0.350390914 0.0603560027 0.0250139989 4.96100851e-08 2.90231542e-08 1
LGIC_C 166 -0.105681417 -0.695373909 0.0250140161 2.48392553e-08 4.34088306e-08 1
LGIC_C 167 -0.580781033 0.566783067 0.0250140187 -4.82586679e-08 1.31306769e-08 -1
LGIC_C 168 -0.484442389 -0.22827038 0.0250140006 5.39043203e-09 6.47688584e-08 1
LGIC_C 169 0.660737931 -0.52849708 0.0161754597 0.827616944 -0.552996408 0.0961517878
LGIC_C 171 -0.237508415 0.329738534 0.0250140052 1.28239438e-08 -5.73353116e-08 1
LGIC_C 172 0.27311216 0.160501274 0.0250139992 -4.20574004e-08 -2.81018564e-08 1
LGIC_C 173 0.652797324 0.291407907 0.0250140144 -3.68002282e-08 -2.45891172e-08 1
LGIC_C 174 -0.086770437 -0.490305033 0.0250140067 2.48392553e-08 4.34088306e-08 1
LGIC_C 175 0.402432796 -0.302675322 0.0250140114 -3.37890406e-08 4.80634332e-08 1
LGIC_C 177 0.343110038 0.347020638 0.0250140075 -2.81018716e-08 -4.20573923e-08 1
LGIC_C 178 0.145038697 -0.62306133 0.0250140132 6.33663526e-09 4.9610097e-08 1
LGIC_C 180 -0.147022526 0.270826468 0.0250139988 2.8101852e-08 -4.20574041e-08 1
LGIC_C 181 -0.650621051 -0.296379237 0.0250140059 5.39043203e-09 6.47688584e-08 1
LGIC_C 183 0.655530418 0.299244467 0.0250140188 -4.82586616e-08 -1.31306776e-08 1
LGIC_C 184 0.687768252 -0.0383544941 0.025014014 -4.34088182e-08 2.48392526e-08 1
LGIC_C 185 0.373278023 -0.157278005 0.0250140009 -3.05989503e-08 3.95603122e-08 1
LGIC_C 186 -0.619035707 -0.267560541 0.0250140039 5.39043203e-09 6.47688584e-08 1
LGIC_C 188 -0.723655604 0.0935165847 0.0250140155 4.34088259e-08 -8.63455061e-09 1
LGIC_C 189 -0.542767807 0.310965835 0.0250140148 4.20574045e-08 -2.81018523e-08 1
LGIC_C 190 0.348267946 -0.717398776 0.0250140182 -2.45891087e-08 3.68002429e-08 1
LGIC_C 191 -0.447810621 -0.252759816 0.025014002 5.39043203e-09 6.47688584e-08 1
LGIC_C 192 -0.286522849 0.116648569 0.0250139967 4.34088259e-08 -8.63455061e-09 1
LGIC_C 193 0.288623253 0.102464606 0.0250139986 -4.96100911e-08 -9.86803575e-09 1
LGIC_C 194 -0.682327729 0.33474691 0.0250140166 3.68002297e-08 -2.45891157e-08 1
LGIC_C 195 0.365032539 0.41159872 0.0250140108 -2.81018716e-08 -4.20573923e-08 1
LGIC_C 196 0.712038576 0.413365563 0.0250140196 -3.68002282e-08 -2.45891172e-08 1
LGIC_C 197 -0.25094776 -0.562833373 0.0250140101 2.45891453e-08 3.68002268e-08 1
LGIC_C 198 0.510517253 -0.0531583101 0.0250140059 -4.34088226e-08 8.63456802e-09 1
LGIC_C 199 0.65319322 0.25504294 0.025014014 -4.96100869e-08 6.3366408e-09 1
LGIC_C 200 0.702222798 -0.318978461 0.0250140169 -3.68002179e-08 2.45891393e-08 1
LGIC_C 201 0.233752702 0.122859208 0.0250139965 -4.20574004e-08 -2.81018564e-08 1
LGIC_C 202 -0.0195359241 -0.273172475 0.0250139956 2.48392553e-08 4.34088306e-08 1
LGIC_C 203 -0.148594017 -0.0122428942 0.0250139903 -4.96100919e-08 2.90231703e-08 -1
LGIC_C 204 -0.391861319 0.550386351 0.0250140174 2.8101852e-08 -4.20574041e-08 1
LGIC_C 205 -0.111981646 0.273218123 0.0250139979 9.86805557e-09 -4.96100883e-08 1
LGIC_C 206 0.656870703 -0.358064719 0.0250140162 -3.68002179e-08 2.45891393e-08 1
LGIC_C 207 -0.117087276 -0.484445196 0.0250140055 -4.89847109e-08 5.78784581e-08 1
LGIC_C 208 -0.519210236 0.411801242 0.0250140137 -4.82586679e-08 1.31306769e-08 -1
LGIC_C 209 0.00260590839 0.00445281032 0.025013984 7.86851997e-08 1.17760691e-07 -1
LGIC_C 210 0.0668728318 0.276655477 0.0250139976 -9.86806672e-09 -4.96100854e-08 1
LGIC_C 212 -0.36261032 -0.520076976 0.025014011 -5.56021111e-08 -1.45571543e-08 -1
LGIC_C 213 0.348409002 -0.374767959 0.0250140088 -2.81018481e-08 4.20574137e-08 1
LGIC_C 214 0.446549735 -0.0779282538 0.0250140033 -4.34088226e-08 8.63456802e-09 1
LGIC_C 215 -0.479943147 -0.0193710153 0.0250140043 4.34088238e-08 8.63459484e-09 1
LGIC_C 216 0.162282694 -0.212102769 0.0250139956 -1.31306721e-08 4.82586744e-08 1
LGIC_C 217 0.487630403 -0.371033842 0.0250140175 -3.37890406e-08 4.80634332e-08 1
LGIC_C 218 -0.262313496 0.472465386 0.0250140095 1.31306824e-08 -4.82586643e-08 1
LGIC_C 219 -0.26883793 -0.424529412 0.0250140069 3.95603082e-08 3.05989652e-08 1
LGIC_C 220 -0.742357471 -0.332896735 0.0250140188 3.68002489e-08 2.45891179e-08 1
LGIC_C 221 0.64633921 -0.404753619 0.025014017 -3.68002179e-08 2.45891393e-08 1
LGIC_C 222 -0.504750496 -0.204644109 0.0250140024 -4.96100919e-08 2.90231703e-08 -1
LGIC_C 223 0.211674217 0.398494452 0.0250140069 -4.80634192e-08 -3.37890445e-08 1
LGIC_C 224 -0.360687497 0.0261052221 0.0250140004 4.96100851e-08 2.90231542e-08 1
LGIC_C 225 0.220617445 -0.6857142 0.0250140149 -8.63454093e-09 4.34088369e-08 1
LGIC_C 226 0.381019762 -0.15092872 0.0250140011 -4.34088226e-08 8.63456802e-09 1
LGIC_C 227 -0.178555991 0.496664968 0.0250140064 8.63455111e-09 -4.34088279e-08 1
LGIC_C 228 0.292250303 -0.282044479 0.0250140033 -3.05989503e-08 3.95603122e-08 1
LGIC_C 229 -0.51148663 -0.075506402 0.0250140061 4.34088238e-08 8.63459484e-09 1
LGIC_C 230 -0.686694403 -0.162660891 0.0250140087 -4.34088282e-08 2.70157287e-08 -1
LGIC_C 231 0.523680979 0.250766883 0.025014013 3.37890593e-08 4.80634111e-08 -1
LGIC_C 232 -0.285127884 0.797188683 0.0250140203 8.63455111e-09 -4.34088279e-08 1
LGIC_C 233 0.294686138 0.234333074 0.0250140005 -4.82586616e-08 -1.31306776e-08 1
LGIC_C 234 0.02317655 -0.428064204 0.025014002 -8.63454093e-09 4.34088369e-08 1
LGIC_C 235 0.362362554 0.451882934 0.0250140124 -2.81018716e-08 -4.20573923e-08 1
LGIC_C 236 0.298731308 -0.00162057745 0.0250139962 -4.34088182e-08 2.48392526e-08 1
LGIC_C 239 0.481671909 -0.250292364 0.0250140105 -4.20573976e-08 2.81018683e-08 1
LGIC_C 240 0.161703511 -0.196967591 0.0250139966 -1.28239349e-08 5.73353226e-08 1
LGIC_C 241 -0.126102291 0.191266221 0.0250139949 2.8101852e-08 -4.20574041e-08 1
LGIC_C 242 0.588486898 -0.33254506 0.0250140191 -3.37890406e-08 4.80634332e-08 1
LGIC_C 243 -0.676561864 0.235392914 0.0250140192 4.96100897e-08 -9.86805572e-09 1
LGIC_C 246 0.415638415 0.432446024 0.0250140094 -2.45891309e-08 -3.68002211e-08 1
LGIC_C 247 -0.493467651 0.648988651 0.0250140193 2.45891128e-08 -3.68002333e-08 1
LGIC_C 248 0.079333978 -0.0524921751 0.0250139874 -3.68002179e-08 2.45891393e-08 1
LGIC_C 249 0.523843728 -0.0848286992 0.0250140119 -4.96100802e-08 3.14742968e-08 1
LGIC_C 250 0.257659648 0.526575997 0.0250140134 -4.80634192e-08 -3.37890445e-08 1
LGIC_C 251 0.0128180867 0.598556051 0.0250140129 -6.33660387e-09 4.96100877e-08 -1
LGIC_C 252 0.178205241 0.571061153 0.0250140172 -3.14742949e-08 -4.96100822e-08 1
LGIC_C 253 0.468457026 0.302019136 0.0250140098 -4.82586616e-08 -1.31306776e-08 1
LGIC_C 255 -0.738584404 -0.0493004949 0.025014014 -4.34088282e-08 2.70157287e-08 -1
LGIC_C 256 -0.314216373 0.546237808 0.0250140111 2.45891128e-08 -3.68002333e-08 1
LGIC_C 257 0.29964478 0.323369922 0.0250140028 1.3130701e-08 4.82586573e-08 -1
LGIC_C 258 -0.293070427 0.575719647 0.0250140117 2.45891128e-08 -3.68002333e-08 1
LGIC_C 260 -0.00407559212 -0.593389739 0.0250140127 9.8680833e-09 4.96100963e-08 1
LGIC_C 261 0.0674294276 0.634793952 0.0250140114 -8.63455884e-09 -4.34088253e-08 1
LGIC_C 262 -0.348062141 0.342833162 0.0250140075 4.20574045e-08 -2.81018523e-08 1
LGIC_C 263 -0.691068303 -0.158375888 0.025014009 -4.34088282e-08 2.70157287e-08 -1
LGIC_C 264 0.424745031 -0.344601541 0.0250140073 -3.68002179e-08 2.45891393e-08 1
LGIC_C 265 0.217152392 0.0142737267 0.0250139942 -4.96100911e-08 -9.86803575e-09 1
LGIC_C 266 -0.165964918 -0.335986495 0.0250140001 3.95603082e-08 3.05989652e-08 1
LGIC_C 267 -0.298503964 -0.273396913 0.0250140028 1.45571809e-08 5.5602105e-08 1
LGIC_C 268 -0.0395890198 -0.502410784 0.025014007 -2.90231482e-08 4.96101036e-08 1
LGIC_C 269 -0.128935086 0.61621099 0.025014013 -6.33661298e-09 -4.96100859e-08 1
LGIC_C 271 -0.466321482 -0.417578615 0.0250140107 3.68002489e-08 2.45891179e-08 1
LGIC_C 272 -0.365734089 0.267104698 0.0250140044 -4.82586679e-08 1.31306769e-08 -1
LGIC_C 273 0.758119812 -0.148470233 0.0250140198 -4.34088182e-08 2.48392526e-08 1
LGIC_C 274 -0.369998599 0.396357728 0.025014007 2.45891128e-08 -3.68002333e-08 1
LGIC_C 275 0.0155289356 -0.519349056 0.0250140089 6.33663526e-09 4.9610097e-08 1
LGIC_C 276 -0.122314975 -0.489736482 0.025014004 -2.90231482e-08 4.96101036e-08 1
LGIC_C 278 0.352100148 0.284409708 0.0250140032 -3.68002282e-08 -2.45891172e-08 1
LGIC_C 279 0.119952993 -0.0175144881 0.0250139886 -4.34088226e-08 8.63456802e-09 1
LGIC_C 280 -0.263008062 -0.181083142 0.0250139971 1.45571809e-08 5.5602105e-08 1
LGIC_C 281 0.405748755 0.494478001 0.0250140195 -4.80634192e-08 -3.37890445e-08 1
LGIC_C 282 -0.250577241 -0.47051459 0.0250140076 3.95603082e-08 3.05989652e-08 1
LGIC_C 283 -0.247929521 -0.477255884 0.025014005 7.55636799e-08 6.2887973e-09 1
LGIC_C 284 0.228515515 -0.796474363 0.0250140198 -8.63454093e-09 4.34088369e-08 1
LGIC_C 286 -0.556232471 0.0474253955 0.0250140095 4.96100851e-08 2.90231542e-08 1
LGIC_C 287 -0.0743380954 -0.111330218 0.0250139892 2.45891453e-08 3.68002268e-08 1
LGIC_C 288 0.0330075199 -0.374598414 0.0250140016 6.33663526e-09 4.9610097e-08 1
LGIC_C 289 0.0381854928 -0.0376263937 0.0250139856 -3.68002179e-08 2.45891393e-08 1
LGIC_C 290 -0.373840882 -0.540450578 0.0250140165 2.81018674e-08 4.20574117e-08 1
LGIC_C 291 -0.494159091 0.422952631 0.0250140119 3.68002297e-08 -2.45891157e-08 1
LGIC_C 292 0.409352735 0.442917628 0.0250140134 -2.81018716e-08 -4.20573923e-08 1
LGIC_C 293 -0.67936571 -0.0790075051 0.0250140147 -4.96100919e-08 2.90231703e-08 -1
LGIC_C 295 -0.176665579 0.132058972 0.0250139944 6.28881943e-09 -7.55636452e-08 1
LGIC_C 296 0.498323823 0.218934951 0.0250140104 -4.20574004e-08 -2.81018564e-08 1
LGIC_C 297 0.0518916898 0.337012383 0.0250139983 -8.63455884e-09 -4.34088253e-08 1
LGIC_C 298 0.18680639 -0.543622972 0.025014012 -9.86804037e-09 4.96101e-08 1
LGIC_C 299 -0.076064111 -0.333602718 0.0250140005 9.8680833e-09 4.96100963e-08 1
LGIC_C 300 0.366720868 -0.0320343194 0.0250139999 -4.34088182e-08 2.48392526e-08 1
LGIC_C 301 0.118962793 0.402380378 0.0250140018 -8.63455884e-09 -4.34088253e-08 1
LGIC_C 302 0.422069705 0.367717684 0.0250140113 -4.20574004e-08 -2.81018564e-08 1
LGIC_C 303 -0.0149291107 0.359410469 0.0250140012 9.86805557e-09 -4.96100883e-08 1
LGIC_C 304 -0.15772468 0.330598339 0.0250140013 1.31306824e-08 -4.82586643e-08 1
LGIC_C 305 -0.433182262 0.215154571 0.0250140045 3.68002297e-08 -2.45891157e-08 1
LGIC_C 306 0.199240637 0.112509271 0.0250139954 3.37890593e-08 4.80634111e-08 -1
LGIC_C 307 -0.420864569 0.277497185 0.0250140072 -4.82586679e-08 1.31306769e-08 -1
LGIC_C 308 0.630980346 -0.287068672 0.0250140135 -3.68002179e-08 2.45891393e-08 1
LGIC_C 309 0.140424819 0.12424518 0.0250139915 -3.68002282e-08 -2.45891172e-08 1
LGIC_C 310 0.119441187 0.807882637 0.0250140194 -8.63455884e-09 -4.34088253e-08 1
LGIC_C 311 0.591254874 0.596627669 0.0250140197 -2.45891309e-08 -3.68002211e-08 1
LGIC_C 312 0.30703197 0.209739006 0.0250140021 -4.20574004e-08 -2.81018564e-08 1
LGIC_C 313 0.671436141 0.347782381 0.0250140165 -3.68002282e-08 -2.45891172e-08 1
LGIC_C 314 -0.253830676 0.541943588 0.0250140095 2.45891128e-08 -3.68002333e-08 1
LGIC_C 315 -0.0712993041 0.00130694214 0.0250139868 4.96100897e-08 -9.86805572e-09 1
LGIC_C 318 -0.242118684 -0.362000674 0.025014002 -5.56021111e-08 -1.45571543e-08 -1
LGIC_C 319 -0.504862974 -0.0835659497 0.0250140029 -4.34088282e-08 2.70157287e-08 -1
LGIC_C 320 0.378450501 0.614387729 0.0250140197 -2.81018716e-08 -4.20573923e-08 1
LGIC_C 322 0.541801788 0.251892255 0.0250140127 -4.82586616e-08 -1.31306776e-08 1
LGIC_C 323 -0.331592331 -0.633013314 0.0250140192 2.81018674e-08 4.20574117e-08 1
LGIC_C 324 0.0590908675 0.69701103 0.0250140175 -6.33660387e-09 4.96100877e-08 -1
LGIC_C 325 0.506857983 0.612233139 0.0250140182 -2.45891309e-08 -3.68002211e-08 1
LGIC_C 326 0.194807711 0.687068145 0.0250140161 -6.33660387e-09 4.96100877e-08 -1
LGIC_C 327 -0.312624403 -0.042347987 0.0250139976 -4.96100919e-08 2.90231703e-08 -1
LGIC_C 328 -0.43838532 0.0258404422 0.0250140029 4.34088279e-08 -2.48392273e-08 1
LGIC_C 329 0.62308386 -0.183825342 0.025014016 -4.96100859e-08 9.86807898e-09 1
LGIC_C 330 0.369220308 -0.0224653388 0.0250140022 -4.96100802e-08 3.14742968e-08 1
LGIC_C 331 0.211606807 -0.103405075 0.0250139938 -3.05989503e-08 3.95603122e-08 1
LGIC_C 332 -0.00217483114 -0.397115525 0.025014003 9.8680833e-09 4.96100963e-08 1
LGIC_C 333 0.528655465 0.156476937 0.0250140075 -4.34088272e-08 -8.63453573e-09 1
LGIC_C 334 0.242094179 0.760393768 0.0250140184 -8.63455884e-09 -4.34088253e-08 1
LGIC_C 335 0.225195351 0.547332918 0.025014009 -6.33660387e-09 4.96100877e-08 -1
LGIC_C 336 -0.720131786 0.00977405369 0.0250140148 4.34088279e-08 -2.48392273e-08 1
LGIC_C 337 -0.0226768192 -0.000516571107 0.0250139843 4.34088238e-08 8.63459484e-09 1
LGIC_C 338 -0.25308683 0.331422827 0.0250140017 2.45891128e-08 -3.68002333e-08 1
LGIC_C 339 0.123752515 -0.173137425 0.0250139932 -1.31306721e-08 4.82586744e-08 1
LGIC_C 340 -0.309777447 0.560465368 0.0250140155 2.8101852e-08 -4.20574041e-08 1
LGIC_C 341 0.0269386549 -0.682793175 0.0250140131 -8.63454093e-09 4.34088369e-08 1
LGIC_C 342 -0.813166036 -0.0665416722 0.0250140168 -4.34088282e-08 2.70157287e-08 -1
LGIC_C 343 0.216851958 0.465327873 0.0250140086 1.3130701e-08 4.82586573e-08 -1
LGIC_C 344 -0.114094183 0.0286476014 0.0250139885 5.7878425e-08 4.89846948e-08 1
LGIC_C 346 0.337099304 0.320995415 0.0250140035 -3.68002282e-08 -2.45891172e-08 1
LGIC_C 347 0.465857681 -0.149084265 0.0250140078 -4.96100859e-08 9.86807898e-09 1
LGIC_C 349 -0.199774103 -0.539278627 0.0250140042 -2.90231482e-08 4.96101036e-08 1
LGIC_C 350 -0.261461614 0.397582967 0.0250140043 2.45891128e-08 -3.68002333e-08 1
LGIC_C 352 -0.158536386 -0.223007653 0.0250139963 3.95603082e-08 3.05989652e-08 1
LGIC_C 353 -0.337120368 0.148068643 0.0250140016 4.20574045e-08 -2.81018523e-08 1
LGIC_C 354 0.189861075 0.198337495 0.0250139969 -2.81018716e-08 -4.20573923e-08 1
LGIC_C 355 0.0898643278 -0.492616673 0.0250140108 1.00935263e-08 5.7878447e-08 1
LGIC_C 356 0.112450695 0.719462379 0.0250140155 -8.63455884e-09 -4.34088253e-08 1
LGIC_C 357 0.718376475 0.191361664 0.0250140177 -4.96100869e-08 6.3366408e-09 1
LGIC_C 358 0.0857461715 -0.0854190898 0.0250139902 -4.90669481e-08 3.27855328e-08 1
LGIC_C 359 -0.245522492 0.244525412 0.0250140033 6.28881943e-09 -7.55636452e-08 1
LGIC_C 360 -0.462420131 0.432558013 0.0250140109 3.68002297e-08 -2.45891157e-08 1
LGIC_C 361 0.596097747 -0.140738293 0.0250140142 -4.96100859e-08 9.86807898e-09 1
LGIC_C 362 -0.45639731 -0.107254696 0.0250140028 -4.96100919e-08 2.90231703e-08 -1
LGIC_C 363 -0.307924519 0.4447555 0.0250140088 1.31306824e-08 -4.82586643e-08 1
LGIC_C 365 0.602916463 -0.363964875 0.0250140188 -4.20573976e-08 2.81018683e-08 1
LGIC_C 366 -0.330231217 -0.757768757 0.0250140195 3.95603082e-08 3.05989652e-08 1
LGIC_C 367 0.374198995 -0.0927598384 0.0250140018 -4.34088182e-08 2.48392526e-08 1
LGIC_C 368 -0.124870133 -0.34196385 0.0250140012 2.48392553e-08 4.34088306e-08 1
LGIC_C 369 -0.132703426 -0.65304903 0.0250140118 -2.90231482e-08 4.96101036e-08 1
LGIC_C 370 -0.343757135 -0.617091695 0.0250140144 2.45891453e-08 3.68002268e-08 1
LGIC_C 371 0.223622807 0.0547681857 0.0250139934 -4.34088272e-08 -8.63453573e-09 1
LGIC_C 372 -0.0224158884 0.430966944 0.0250140022 8.63455111e-09 -4.34088279e-08 1
LGIC_C 373 -0.670955807 0.452764248 0.0250140191 3.68002297e-08 -2.45891157e-08 1
LGIC_C 374 0.0217986388 -0.188909347 0.0250139925 6.33663526e-09 4.9610097e-08 1
LGIC_C 375 0.124392545 -0.622090485 0.025014018 1.00935263e-08 5.7878447e-08 1
LGIC_C 376 0.420853178 0.389465513 0.0250140119 -4.20574004e-08 -2.81018564e-08 1
LGIC_C 377 0.296923217 0.13704727 0.0250139975 -3.68002282e-08 -2.45891172e-08 1
LGIC_C 378 -0.583132717 0.0649550414 0.0250140103 4.96100851e-08 2.90231542e-08 1
LGIC_C 379 -0.0294650348 -0.438941194 0.0250140053 9.8680833e-09 4.96100963e-08 1
LGIC_C 380 0.138412572 0.582248808 0.0250140135 -9.86806672e-09 -4.96100854e-08 1
LGIC_C 381 0.0279831882 0.646439838 0.0250140152 -6.33660387e-09 4.96100877e-08 -1
LGIC_C 382 0.57785261 -0.263800056 0.0250140154 -3.37890406e-08 4.80634332e-08 1
LGIC_C 384 -0.451152645 -0.402797177 0.0250140165 6.28883752e-09 7.55636663e-08 1
LGIC_C 386 0.479392783 -0.464575277 0.0250140123 -3.68002179e-08 2.45891393e-08 1
LGIC_C 387 0.535717953 -0.248364708 0.0250140133 -3.37890406e-08 4.80634332e-08 1
LGIC_C 388 -0.0290473958 0.418293073 0.0250140049 -3.14742797e-08 4.96100914e-08 -1
LGIC_C 390 0.552529535 -0.031874038 0.025014008 -4.34088182e-08 2.48392526e-08 1
LGIC_C 392 -0.237122458 -0.587464696 0.0250140055 -2.90231482e-08 4.96101036e-08 1
LGIC_C 393 -0.0445704296 -0.284770081 0.025013996 8.63456455e-09 4.34088336e-08 1
LGIC_C 395 0.376065821 0.398267856 0.0250140074 1.3130701e-08 4.82586573e-08 -1
LGIC_C 396 0.244480577 0.394017925 0.0250140055 1.3130701e-08 4.82586573e-08 -1
LGIC_C 397 -0.679341216 0.28003186 0.0250140152 4.34088259e-08 -8.63455061e-09 1
LGIC_C 398 -0.537890791 0.251707235 0.0250140135 3.37890593e-08 -4.80634052e-08 1
LGIC_C 399 0.590801372 -0.15292666 0.0250140173 -4.96100802e-08 3.14742968e-08 1
NT 7181 -0.192680693 -4.92400833 -2.74325674 0 0 0
NT 7817 0.338896539 2.00086436 -1.91391758 0 0 0
LGIC_O 4402 -0.0345878633 0.265675272 0.025013999 1.15127271e-08 -5.78784352e-08 1
LGIC_O 4401 -0.1840676 0.0972239463 0.0250139942 3.37890593e-08 -4.80634052e-08 1
LGIC_O 4400 -0.175025146 0.0137516014 0.0250139927 5.7878425e-08 4.89846948e-08 1
LGIC_O 8441 0.636913646 -0.12672076 0.0250140188 -4.96100802e-08 3.14742968e-08 1
LGIC_O 8440 0.314831804 -0.521242477 0.0250140191 -3.27854948e-08 4.90669785e-08 1
LGIC_O 8439 0.567487089 -0.204519113 0.0250140184 -5.78784275e-08 1.15127558e-08 1
LGIC_O 8438 -0.495463838 -0.478991786 0.0250140171 1.45571809e-08 5.5602105e-08 1
LGIC_O 8437 -0.0865332912 0.0753896135 0.0250139898 3.37890593e-08 -4.80634052e-08 1
LGIC_O 8436 0.281965125 0.349247805 0.0250140096 -3.27855134e-08 -4.90669575e-08 1
LGIC_O 8435 -0.281577291 0.489075666 0.0250140165 3.27854968e-08 -4.90669676e-08 1
LGIC_O 8434 -0.605092982 -0.110313414 0.0250140129 5.7878436e-08 -4.89847332e-08 1
LGIC_O 8433 0.701586212 -0.0117142491 0.0250140184 -4.96100802e-08 3.14742968e-08 1
LGIC_O 8432 0.426050556 0.664856809 0.0250140182 -2.45891309e-08 -3.68002211e-08 1
LGIC_O 8431 -0.53569519 -0.176489801 0.025014008 4.34088238e-08 8.63459484e-09 1
LGIC_O 8430 -0.206044735 -0.180448528 0.0250139982 6.28883752e-09 7.55636663e-08 1
LGIC_O 8429 0.342033035 -0.34268384 0.0250140113 -3.27854948e-08 4.90669785e-08 1
LGIC_O 8428 0.576112066 -0.314703408 0.0250140178 -3.37890406e-08 4.80634332e-08 1
LGIC_O 8427 0.236726308 -0.318077646 0.0250140066 -3.27854948e-08 4.90669785e-08 1
LGIC_O 8426 -0.0976488914 -0.110862836 0.0250139913 7.55636799e-08 6.2887973e-09 1
LGIC_O 8425 0.534646383 -0.195059479 0.0250140164 -5.78784275e-08 1.15127558e-08 1
LGIC_O 8424 0.219544679 -0.315091025 0.0250140059 -3.27854948e-08 4.90669785e-08 1
LGIC_O 8423 -0.608846757 -0.593779315 0.0250140203 3.68002489e-08 2.45891179e-08 1
LGIC_O 8422 0.564815598 -0.372450199 0.0250140202 -3.37890406e-08 4.80634332e-08 1
LGIC_O 8421 0.550750457 0.0902902064 0.0250140162 -5.78784335e-08 -1.15127284e-08 1
LGIC_O 8420 0.175418091 0.0610257495 0.0250139941 -5.78784335e-08 -1.15127284e-08 1
LGIC_O 8419 0.142777714 0.100831833 0.0250139936 -4.90669739e-08 -3.27854893e-08 1
LGIC_O 4418 0.0575220985 -0.190210297 0.0250139949 -1.15127059e-08 5.78784511e-08 1
LGIC_O 4417 -0.118754336 -0.170834128 0.0250139938 2.81018674e-08 4.20574117e-08 1
LGIC_O 4416 0.593239316 0.0786534269 0.0250140185 -5.78784335e-08 -1.15127284e-08 1
LGIC_O 4415 0.0853954366 -0.420999761 0.0250140086 -1.15127059e-08 5.78784511e-08 1
LGIC_O 4414 -0.374457097 -0.228026162 0.0250140026 3.68002489e-08 2.45891179e-08 1
LGIC_O 4413 0.577482781 -0.285169834 0.0250140164 -3.37890406e-08 4.80634332e-08 1
LGIC_O 4412 -0.484325859 0.306166979 0.0250140144 3.37890593e-08 -4.80634052e-08 1
LGIC_O 4411 0.44777829 -0.0963194904 0.0250140103 -5.78784275e-08 1.15127558e-08 1
LGIC_O 4410 0.28281874 -0.503567977 0.0250140172 -3.27854948e-08 4.90669785e-08 1
LGIC_O 4409 -0.116204576 -0.152585731 0.025013993 7.55636799e-08 6.2887973e-09 1
LGIC_O 4408 -0.333519821 0.289166147 0.0250140084 3.37890593e-08 -4.80634052e-08 1
LGIC_O 4407 -0.148720782 -0.636306108 0.0250140163 9.8680833e-09 4.96100963e-08 1
LGIC_O 4406 0.336173082 -0.328141715 0.0250140105 -4.90669481e-08 3.27855328e-08 1
LGIC_O 4405 -0.249510429 -0.168914007 0.0250139976 6.28883752e-09 7.55636663e-08 1
LGIC_O 4404 0.0811982327 0.141649416 0.0250139929 -3.27855134e-08 -4.90669575e-08 1
LGIC_O 4403 0.0533120499 -0.19689515 0.0250139952 -1.15127059e-08 5.78784511e-08 1
