LGIC_C 0 0.44386771 0.19088757 0.0250140073 -4.20574004e-08 -2.81018564e-08 1
LGIC_C 1 -0.261049586 0.0518519028 0.025013995 4.34088259e-08 -8.63455061e-09 1
LGIC_C 2 -0.542491546 0.130242962 0.0250140115 4.96100897e-08 -9.86805572e-09 1
LGIC_C 3 0.279833676 -0.675464016 0.0250140195 -9.86804037e-09 4.96101e-08 1
LGIC_C 4 -0.475219747 -0.234718133 0.025014004 6.28883752e-09 7.55636663e-08 1
LGIC_C 5 0.0970484925 -0.596768245 0.0250140168 1.00935263e-08 5.7878447e-08 1
LGIC_C 6 -0.334045267 0.523203402 0.0250140176 1.28239438e-08 -5.73353116e-08 1
LGIC_C 7 -0.709484309 0.455005676 0.00995899653 -0.827617296 0.552995934 0.0961514895
LGIC_C 8 -0.134290774 0.291149796 0.0250139973 2.45891128e-08 -3.68002333e-08 1
LGIC_C 9 -0.418101518 -0.276204392 0.0250140067 6.28883752e-09 7.55636663e-08 1
LGIC_C 10 -0.356457149 -0.613430289 0.0250140161 3.95603082e-08 3.05989652e-08 1
LGIC_C 11 0.160875633 0.541419044 0.0250140091 -6.33660387e-09 4.96100877e-08 -1
LGIC_C 12 0.400177865 0.219962803 0.0250140101 -4.90669739e-08 -3.27854893e-08 1
LGIC_C 13 0.728507577 -0.100264108 0.0250140204 -4.96100859e-08 9.86807898e-09 1
LGIC_C 14 0.6879249 0.243738571 0.0250140158 -4.96100869e-08 6.3366408e-09 1
LGIC_C 15 -0.480982151 -0.351935396 0.0250140086 5.39043203e-09 6.47688584e-08 1
LGIC_C 16 0.629006716 -0.0885748727 0.0250140153 -4.96100859e-08 9.86807898e-09 1
LGIC_C 17 -0.55904014 0.370265236 0.0250140151 -4.82586679e-08 1.31306769e-08 -1
LGIC_C 18 0.338653576 -0.474722387 0.0250140127 -2.81018481e-08 4.20574137e-08 1
LGIC_C 21 -0.014131719 -0.222674943 0.0250139939 -2.90231482e-08 4.96101036e-08 1
LGIC_C 22 0.202816451 0.585168464 0.0250140143 -9.86806672e-09 -4.96100854e-08 1
LGIC_C 23 -0.503681657 0.449982298 0.0250140129 3.68002297e-08 -2.45891157e-08 1
LGIC_C 24 0.136114596 0.429328017 0.0250140059 -9.86806672e-09 -4.96100854e-08 1
LGIC_C 25 0.341096393 -0.0464915631 0.0250139984 -4.34088226e-08 8.63456802e-09 1
LGIC_C 27 -0.274733716 0.563140917 0.0250140199 3.27854968e-08 -4.90669676e-08 1
LGIC_C 28 0.666359897 0.131693807 0.0250140133 -4.34088272e-08 -8.63453573e-09 1
LGIC_C 30 0.6850341 0.151770152 0.0250140163 -4.96100869e-08 6.3366408e-09 1
LGIC_C 31 -0.424625552 -0.443197651 0.0250140133 -5.56021111e-08 -1.45571543e-08 -1
LGIC_C 32 0.0623062563 0.104044856 0.0250139891 1.3130701e-08 4.82586573e-08 -1
LGIC_C 33 -0.0168457907 0.629580529 0.0250140107 8.63455111e-09 -4.34088279e-08 1
LGIC_C 35 -0.158906318 -0.492299958 0.025014003 -2.90231482e-08 4.96101036e-08 1
LGIC_C 36 0.452932669 -0.5994357 0.0250140164 -2.45891087e-08 3.68002429e-08 1
LGIC_C 37 0.0922909289 0.77604165 0.0250140177 -8.63455884e-09 -4.34088253e-08 1
LGIC_C 38 0.764709212 -0.339980771 0.0250140201 -3.05989503e-08 3.95603122e-08 1
LGIC_C 39 0.690078647 0.259637158 0.0250140154 -4.34088272e-08 -8.63453573e-09 1
LGIC_C 40 -0.700756353 0.00155166768 0.0250140137 4.34088279e-08 -2.48392273e-08 1
LGIC_C 41 -0.501686449 0.633685853 0.0250140189 2.45891128e-08 -3.68002333e-08 1
LGIC_C 42 -0.296029243 -0.704828865 0.0250140165 2.45891453e-08 3.68002268e-08 1
LGIC_C 43 -0.602403563 -0.461713716 0.0250140132 1.15916899e-08 4.97976879e-08 1
LGIC_C 44 0.300251722 0.506227948 0.0250140116 1.3130701e-08 4.82586573e-08 -1
LGIC_C 45 -0.00588340367 -0.18351894 0.0250139914 2.48392553e-08 4.34088306e-08 1
LGIC_C 46 -0.224173314 -0.198488186 0.0250139973 5.39043203e-09 6.47688584e-08 1
LGIC_C 47 0.536020169 -0.166682307 0.0250140162 -5.78784275e-08 1.15127558e-08 1
LGIC_C 48 -0.0993725616 -0.410433935 0.0250140019 8.63456455e-09 4.34088336e-08 1
LGIC_C 51 -0.614559755 -0.016196245 0.0250140101 4.34088238e-08 8.63459484e-09 1
LGIC_C 52 0.670964639 -0.196878716 0.0250140172 -4.34088182e-08 2.48392526e-08 1
LGIC_C 53 0.365507166 -0.101677041 0.0250140016 -4.34088182e-08 2.48392526e-08 1
LGIC_C 54 -0.0461480404 -0.21462205 0.0250139934 -4.89847109e-08 5.78784581e-08 1
LGIC_C 55 0.437133627 0.504506347 0.0250140133 1.3130701e-08 4.82586573e-08 -1
LGIC_C 56 -0.148572268 -0.237583486 0.025013995 -5.56021111e-08 -1.45571543e-08 -1
LGIC_C 57 -0.0894291041 0.38989148 0.0250140054 -3.14742797e-08 4.96100914e-08 -1
LGIC_C 58 0.498823594 -0.114350626 0.0250140077 -4.34088182e-08 2.48392526e-08 1
LGIC_C 59 -0.362368877 -0.175457319 0.0250139983 1.45571809e-08 5.5602105e-08 1
LGIC_C 60 0.137823355 0.504003378 0.0250140126 -3.14742949e-08 -4.96100822e-08 1
LGIC_C 61 -0.403323527 0.313141183 0.025014009 4.20574045e-08 -2.81018523e-08 1
LGIC_C 62 -0.037779464 0.388548347 0.0250140037 -3.14742797e-08 4.96100914e-08 -1
LGIC_C 63 0.259526245 -0.00805982091 0.0250139962 -4.96100859e-08 9.86807898e-09 1
LGIC_C 64 -0.233992745 0.0131902506 0.0250139962 5.7878425e-08 4.89846948e-08 1
LGIC_C 65 0.0196511414 0.32754905 0.0250139994 -6.33660387e-09 4.96100877e-08 -1
LGIC_C 66 -0.219457256 -0.339804166 0.0250140011 2.45891453e-08 3.68002268e-08 1
LGIC_C 67 -0.447385364 0.415900597 0.0250140175 6.28881943e-09 -7.55636452e-08 1
LGIC_C 68 -0.691901154 -0.128842423 0.0250140098 -4.34088282e-08 2.70157287e-08 -1
LGIC_C 69 -0.650941518 -0.323122838 0.0250140152 3.68002489e-08 2.45891179e-08 1
LGIC_C 70 -0.0490727059 0.367568952 0.0250139996 8.63455111e-09 -4.34088279e-08 1
LGIC_C 72 0.150861072 0.408053604 0.0250140023 -8.63455884e-09 -4.34088253e-08 1
LGIC_C 73 -0.0109581034 0.0109656499 0.025013984 4.20574045e-08 -2.81018523e-08 1
LGIC_C 74 0.539429695 0.507124486 0.0250140159 -4.82586616e-08 -1.31306776e-08 1
LGIC_C 75 0.516180391 -0.593642971 0.0250140178 -2.45891087e-08 3.68002429e-08 1
LGIC_C 76 -0.71301425 0.0378044948 0.0250140175 4.96100851e-08 2.90231542e-08 1
LGIC_C 77 0.351693154 -0.269406094 0.0250140046 -3.05989503e-08 3.95603122e-08 1
LGIC_C 79 -0.629961729 -0.291160328 0.025014005 1.15916899e-08 4.97976879e-08 1
LGIC_C 80 0.735905797 0.02083062 0.0250140154 -4.34088272e-08 -8.63453573e-09 1
LGIC_C 81 0.0669354681 0.659411496 0.0250140156 -6.33660387e-09 4.96100877e-08 -1
LGIC_C 82 0.429414398 -0.268443092 0.025014007 -3.05989503e-08 3.95603122e-08 1
LGIC_C 83 -0.358576829 0.235147562 0.0250140037 -4.82586679e-08 1.31306769e-08 -1
LGIC_C 84 0.233221687 0.508113187 0.0250140112 -2.81018716e-08 -4.20573923e-08 1
LGIC_C 85 -0.0458951578 0.0669130823 0.0250139877 1.28239438e-08 -5.73353116e-08 1
LGIC_C 87 -0.329936204 -0.227712816 0.0250140007 1.45571809e-08 5.5602105e-08 1
LGIC_C 88 -0.530126473 -0.474295506 0.025014013 1.15916899e-08 4.97976879e-08 1
LGIC_C 89 0.22813225 -0.470413593 0.0250140089 -1.31306721e-08 4.82586744e-08 1
LGIC_C 90 -0.368997404 -0.352114402 0.0250140082 1.45571809e-08 5.5602105e-08 1
LGIC_C 91 0.176711976 0.825858189 -0.00611071609 0.194186548 0.976240951 0.0961519121
LGIC_C 92 0.197753991 -0.74570734 0.025014019 6.33663526e-09 4.9610097e-08 1
LGIC_C 93 -0.0255284003 0.573769584 0.0250140116 -6.33661298e-09 -4.96100859e-08 1
LGIC_C 94 0.162984243 -0.0157037092 0.0250139918 -4.96100802e-08 3.14742968e-08 1
LGIC_C 95 -0.316739461 -0.447980706 0.0250140074 -5.56021111e-08 -1.45571543e-08 -1
LGIC_C 96 0.260347423 -0.10018986 0.0250139971 -4.96100859e-08 9.86807898e-09 1
LGIC_C 97 -0.405361813 0.0543553584 0.0250140018 4.96100851e-08 2.90231542e-08 1
LGIC_C 98 -0.312020274 -0.623118682 0.0250140147 3.95603082e-08 3.05989652e-08 1
LGIC_C 99 0.203908501 -0.0503753787 0.0250139949 -4.96100802e-08 3.14742968e-08 1
LGIC_C 100 -0.399304507 -0.422921642 0.0250140086 2.45891453e-08 3.68002268e-08 1
LGIC_C 101 -0.356360249 0.0403144909 0.0250140013 4.96100897e-08 -9.86805572e-09 1
LGIC_C 102 -0.417056806 0.429455821 0.0250140132 1.28239438e-08 -5.73353116e-08 1
LGIC_C 103 -0.451773169 -0.0164605712 0.0250140024 -4.34088282e-08 2.70157287e-08 -1
LGIC_C 104 0.592493388 -0.222426808 0.0250140148 -4.96100859e-08 9.86807898e-09 1
LGIC_C 105 -0.287563728 0.13262376 0.0250139971 3.68002297e-08 -2.45891157e-08 1
LGIC_C 106 -0.274432915 0.758990483 0.0250140186 8.63455111e-09 -4.34088279e-08 1
LGIC_C 107 -0.663665767 -0.253144864 0.0250140143 4.34088238e-08 8.63459484e-09 1
LGIC_C 108 -0.0450199958 -0.477218218 0.0250140051 2.48392553e-08 4.34088306e-08 1
LGIC_C 110 -0.261862517 -0.726674112 0.025014017 8.63456455e-09 4.34088336e-08 1
LGIC_C 111 -0.48758974 -0.0760265572 0.0250140053 -4.96100919e-08 2.90231703e-08 -1
LGIC_C 112 0.672823213 -0.0895272537 0.0250140194 -4.96100802e-08 3.14742968e-08 1
LGIC_C 113 -0.0562330692 -0.715200721 0.0250140157 2.48392553e-08 4.34088306e-08 1
LGIC_C 114 -0.351974311 0.391422696 0.0250140102 1.28239438e-08 -5.73353116e-08 1
LGIC_C 115 0.458378681 -0.40479546 0.0250140133 -3.05989503e-08 3.95603122e-08 1
LGIC_C 116 0.11304831 -0.473244855 0.0250140095 1.00935263e-08 5.7878447e-08 1
LGIC_C 117 -0.194566983 -0.0730340312 0.0250139899 4.96100935e-08 -4.19869172e-08 1
LGIC_C 118 -0.303626149 -0.345051744 0.0250140052 -5.56021111e-08 -1.45571543e-08 -1
LGIC_C 119 0.0786338272 0.467095132 0.0250140072 -9.86806672e-09 -4.96100854e-08 1
LGIC_C 120 0.0197955834 0.503042501 0.0250140081 -6.33660387e-09 4.96100877e-08 -1
LGIC_C 121 -0.501366482 -0.442841837 0.0250140111 1.15916899e-08 4.97976879e-08 1
LGIC_C 122 0.626383105 -0.376895474 0.0250140155 -3.68002179e-08 2.45891393e-08 1
LGIC_C 124 0.580075154 -0.470528621 0.0250140161 -3.68002179e-08 2.45891393e-08 1
LGIC_C 125 0.100131324 -0.16819345 0.0250139927 -1.31306721e-08 4.82586744e-08 1
LGIC_C 126 0.607506867 -0.398542791 0.0250140176 -3.05989503e-08 3.95603122e-08 1
LGIC_C 127 0.219847154 -0.266379636 0.025013999 -1.31306721e-08 4.82586744e-08 1
LGIC_C 128 0.231450816 -0.298650866 0.0250139999 -2.45891087e-08 3.68002429e-08 1
LGIC_C 129 0.441980692 -0.0839879841 0.0250140031 -4.34088226e-08 8.63456802e-09 1
LGIC_C 130 -0.525135422 0.206363985 0.0250140078 4.34088259e-08 -8.63455061e-09 1
LGIC_C 131 0.421660206 0.196511754 0.0250140062 -4.82586616e-08 -1.31306776e-08 1
LGIC_C 132 -0.156353596 0.0596120008 0.0250139894 5.7878425e-08 4.89846948e-08 1
LGIC_C 133 -0.592817863 -0.043109898 0.0250140094 4.34088238e-08 8.63459484e-09 1
LGIC_C 134 0.225531941 -0.635302709 0.0250140128 -8.63454093e-09 4.34088369e-08 1
LGIC_C 135 -0.243762329 -0.242308347 0.0250140031 6.28883752e-09 7.55636663e-08 1
LGIC_C 136 0.413934134 -0.328124416 0.0250140065 -3.68002179e-08 2.45891393e-08 1
LGIC_C 137 0.363929688 -0.392186121 0.0250140069 -1.31306721e-08 4.82586744e-08 1
LGIC_C 138 -0.68885934 -0.260387609 0.0250140065 4.96100935e-08 -4.19869172e-08 1
LGIC_C 139 0.140378124 -0.0139156862 0.0250139906 -4.96100802e-08 3.14742968e-08 1
LGIC_C 140 0.531985156 0.562535392 0.025014017 -2.45891309e-08 -3.68002211e-08 1
LGIC_C 141 0.435434941 0.111380211 0.0250140031 -4.34088272e-08 -8.63453573e-09 1
LGIC_C 142 -0.426911784 -0.573259797 0.0250140177 3.95603082e-08 3.05989652e-08 1
LGIC_C 144 -0.454127658 -0.482085395 0.0250140155 -5.56021111e-08 -1.45571543e-08 -1
LGIC_C 145 0.218329211 0.0159082948 0.025013994 -4.96100869e-08 6.3366408e-09 1
LGIC_C 146 0.0337786368 0.556835202 0.0250140112 -9.86806672e-09 -4.96100854e-08 1
LGIC_C 147 -0.351412342 -0.341888516 0.0250140043 1.15916899e-08 4.97976879e-08 1
LGIC_C 149 0.534736441 0.456038586 0.0250140141 -3.68002282e-08 -2.45891172e-08 1
LGIC_C 150 0.364294046 0.139410497 0.0250140004 -4.96100869e-08 6.3366408e-09 1
LGIC_C 151 -0.0867585356 -0.70151286 0.0250140144 8.63456455e-09 4.34088336e-08 1
LGIC_C 152 0.292875004 0.537200261 0.025014013 1.3130701e-08 4.82586573e-08 -1
LGIC_C 153 0.161196846 -0.198782782 0.0250139967 -1.28239349e-08 5.73353226e-08 1
LGIC_C 154 0.135795996 0.470451574 0.0250140079 -9.86806672e-09 -4.96100854e-08 1
LGIC_C 155 -0.511061692 0.154518165 0.0250140068 4.34088259e-08 -8.63455061e-09 1
LGIC_C 156 -0.242518713 0.0640191356 0.0250139943 4.34088259e-08 -8.63455061e-09 1
LGIC_C 157 -0.475792215 0.235051096 0.025014004 6.28881943e-09 -7.55636452e-08 1
LGIC_C 158 0.319351697 0.170770837 0.0250140023 3.37890593e-08 4.80634111e-08 -1
LGIC_C 159 0.790097717 0.096734865 0.0250140184 -4.34088272e-08 -8.63453573e-09 1
LGIC_C 160 -0.354082424 -0.0954839303 0.0250139961 -4.34088282e-08 2.70157287e-08 -1
LGIC_C 161 -0.402748961 0.0457379398 0.0250140037 4.96100897e-08 -9.86805572e-09 1
LGIC_C 162 0.439402405 0.0506572579 0.0250140055 -4.96100911e-08 -9.86803575e-09 1
LGIC_C 163 0.342445348 -0.235029472 0.0250140042 -4.20573976e-08 2.81018683e-08 1
LGIC_C 164 0.291044463 -0.605872451 0.0250140163 -1.31306721e-08 4.82586744e-08 1
LGIC_C 165 -0.389361188 0.0344858853 0.0250140016 4.96100851e-08 2.90231542e-08 1
LGIC_C 166 -0.120828333 -0.688988925 0.0250140162 2.48392553e-08 4.34088306e-08 1
LGIC_C 167 -0.567731582 0.564418562 0.025014018 3.68002297e-08 -2.45891157e-08 1
LGIC_C 168 -0.471448008 -0.242288104 0.0250140015 5.39043203e-09 6.47688584e-08 1
LGIC_C 169 0.667130011 -0.525615598 -0.0222715103 0.827616944 -0.552996408 0.0961517878
LGIC_C 171 -0.247630556 0.332764806 0.0250140055 1.28239438e-08 -5.73353116e-08 1
LGIC_C 172 0.284659488 0.130676864 0.0250139989 -4.20574004e-08 -2.81018564e-08 1
LGIC_C 173 0.657502126 0.303995059 0.0250140149 -3.68002282e-08 -2.45891172e-08 1
LGIC_C 174 -0.0642983552 -0.498517439 0.0250140065 2.48392553e-08 4.34088306e-08 1
LGIC_C 175 0.433263108 -0.306208062 0.0250140126 -3.37890406e-08 4.80634332e-08 1
LGIC_C 177 0.307402901 0.34924107 0.0250140066 -2.81018716e-08 -4.20573923e-08 1
LGIC_C 178 0.133671674 -0.595648403 0.0250140119 6.33663526e-09 4.9610097e-08 1
LGIC_C 180 -0.115938671 0.265472686 0.0250139977 2.8101852e-08 -4.20574041e-08 1
LGIC_C 181 -0.657064724 -0.300607187 0.0250140062 5.39043203e-09 6.47688584e-08 1
LGIC_C 183 0.655982342 0.28202462 0.0250140186 -4.82586616e-08 -1.31306776e-08 1
LGIC_C 184 0.69255461 -0.0449673266 0.0250140144 -4.34088182e-08 2.48392526e-08 1
LGIC_C 185 0.377747322 -0.2093953 0.0250140031 -3.05989503e-08 3.95603122e-08 1
LGIC_C 186 -0.622928178 -0.277479728 0.0250140046 5.39043203e-09 6.47688584e-08 1
LGIC_C 188 -0.745373279 0.0779825764 0.0250140163 4.34088259e-08 -8.63455061e-09 1
LGIC_C 189 -0.55174582 0.281335933 0.0250140144 4.20574045e-08 -2.81018523e-08 1
LGIC_C 190 0.3522192 -0.686768059 0.0250140172 -2.45891087e-08 3.68002429e-08 1
LGIC_C 191 -0.461629941 -0.26464356 0.0250140029 5.39043203e-09 6.47688584e-08 1
LGIC_C 192 -0.267435842 0.102698736 0.0250139958 4.34088259e-08 -8.63455061e-09 1
LGIC_C 193 0.219965351 0.081292119 0.025013995 -4.96100911e-08 -9.86803575e-09 1
LGIC_C 194 -0.715335993 0.35592838 0.0250140183 3.68002297e-08 -2.45891157e-08 1
LGIC_C 195 0.375744523 0.393253548 0.0250140104 -2.81018716e-08 -4.20573923e-08 1
LGIC_C 196 0.743544487 0.362344061 0.0250140195 -3.68002282e-08 -2.45891172e-08 1
LGIC_C 197 -0.233643487 -0.541089502 0.0250140089 2.45891453e-08 3.68002268e-08 1
LGIC_C 198 0.488418786 -0.0689938468 0.025014005 -4.34088226e-08 8.63456802e-09 1
LGIC_C 199 0.644750316 0.230625516 0.0250140138 -4.96100869e-08 6.3366408e-09 1
LGIC_C 200 0.713670639 -0.326753352 0.0250140175 -3.68002179e-08 2.45891393e-08 1
LGIC_C 201 0.223886079 0.0992510378 0.0250139954 -4.20574004e-08 -2.81018564e-08 1
LGIC_C 202 -0.0120845152 -0.315921438 0.0250139973 2.48392553e-08 4.34088306e-08 1
LGIC_C 203 -0.158963984 -0.00864566188 0.0250139909 -4.96100919e-08 2.90231703e-08 -1
LGIC_C 204 -0.390707317 0.564596276 0.025014018 2.8101852e-08 -4.20574041e-08 1
LGIC_C 205 -0.0676541894 0.263935219 0.025013997 9.86805557e-09 -4.96100883e-08 1
LGIC_C 206 0.685567558 -0.343609406 0.0250140169 -3.68002179e-08 2.45891393e-08 1
LGIC_C 207 -0.139834041 -0.467517906 0.0250140034 -4.89847109e-08 5.78784581e-08 1
LGIC_C 208 -0.472645838 0.418973342 0.0250140116 -4.82586679e-08 1.31306769e-08 -1
LGIC_C 209 -0.0188278042 -0.0148439547 0.0250139866 -1.17760821e-07 -7.86851768e-08 -1
LGIC_C 210 0.112620137 0.286855139 0.0250139986 -9.86806672e-09 -4.96100854e-08 1
LGIC_C 212 -0.385958409 -0.552029662 0.0250140128 -5.56021111e-08 -1.45571543e-08 -1
LGIC_C 213 0.344007175 -0.396753955 0.0250140096 -2.81018481e-08 4.20574137e-08 1
LGIC_C 214 0.465811927 -0.0728100599 0.0250140041 -4.34088226e-08 8.63456802e-09 1
LGIC_C 215 -0.514644773 -0.01072709 0.0250140057 4.34088238e-08 8.63459484e-09 1
LGIC_C 216 0.160703242 -0.213011986 0.0250139956 -1.31306721e-08 4.82586744e-08 1
LGIC_C 217 0.446164424 -0.35360192 0.0250140153 -3.37890406e-08 4.80634332e-08 1
LGIC_C 218 -0.263051354 0.479907618 0.0250140099 1.31306824e-08 -4.82586643e-08 1
LGIC_C 219 -0.257706269 -0.422448474 0.0250140064 3.95603082e-08 3.05989652e-08 1
LGIC_C 220 -0.733687477 -0.307871171 0.0250140178 3.68002489e-08 2.45891179e-08 1
LGIC_C 221 0.645692305 -0.437638004 0.0250140178 -3.68002179e-08 2.45891393e-08 1
LGIC_C 222 -0.511430483 -0.20399024 0.0250140029 5.7878436e-08 -4.89847332e-08 1
LGIC_C 223 0.212954148 0.393889172 0.0250140068 -4.80634192e-08 -3.37890445e-08 1
LGIC_C 224 -0.387433754 0.0513163698 0.025014001 4.96100851e-08 2.90231542e-08 1
LGIC_C 225 0.223877268 -0.672379543 0.0250140144 -8.63454093e-09 4.34088369e-08 1
LGIC_C 226 0.397405345 -0.152094874 0.0250140018 -4.34088226e-08 8.63456802e-09 1
LGIC_C 227 -0.164824003 0.492442646 0.0250140061 8.63455111e-09 -4.34088279e-08 1
LGIC_C 228 0.262925062 -0.316956984 0.025014002 -1.31306721e-08 4.82586744e-08 1
LGIC_C 229 -0.522087022 -0.0655975805 0.0250140065 4.34088238e-08 8.63459484e-09 1
LGIC_C 230 -0.682480207 -0.182363728 0.025014008 -4.34088282e-08 2.70157287e-08 -1
LGIC_C 231 0.560923936 0.243238896 0.0250140137 -4.20574004e-08 -2.81018564e-08 1
LGIC_C 232 -0.302159284 0.799552981 0.00627267768 -0.194186261 0.976241022 0.0961517721
LGIC_C 233 0.307986855 0.24233227 0.0250140013 -4.82586616e-08 -1.31306776e-08 1
LGIC_C 234 0.0217443752 -0.453206501 0.0250140031 -8.63454093e-09 4.34088369e-08 1
LGIC_C 235 0.366325553 0.437787411 0.025014012 -2.81018716e-08 -4.20573923e-08 1
LGIC_C 236 0.304838362 -0.00864331227 0.0250139967 -4.34088182e-08 2.48392526e-08 1
LGIC_C 239 0.489741605 -0.220424236 0.02501401 -4.20573976e-08 2.81018683e-08 1
LGIC_C 240 0.130990142 -0.234378784 0.0250139983 -1.28239349e-08 5.73353226e-08 1
LGIC_C 241 -0.146910597 0.191077357 0.0250139954 2.8101852e-08 -4.20574041e-08 1
LGIC_C 242 0.581608269 -0.316523908 0.0250140181 -3.37890406e-08 4.80634332e-08 1
LGIC_C 243 -0.682951829 0.254501149 0.0250140197 4.96100897e-08 -9.86805572e-09 1
LGIC_C 246 0.382847127 0.405847377 0.0250140079 1.3130701e-08 4.82586573e-08 -1
LGIC_C 247 -0.469448841 0.635138524 0.0250140182 2.45891128e-08 -3.68002333e-08 1
LGIC_C 248 0.10720128 -0.0638166905 0.0250139887 -3.68002179e-08 2.45891393e-08 1
LGIC_C 249 0.520500709 -0.0642801693 0.0250140111 -4.96100802e-08 3.14742968e-08 1
LGIC_C 250 0.253994148 0.54106014 0.0250140137 -4.80634192e-08 -3.37890445e-08 1
LGIC_C 251 0.0238774874 0.558769588 0.0250140108 -6.33660387e-09 4.96100877e-08 -1
LGIC_C 252 0.168871597 0.553882169 0.025014016 -3.14742949e-08 -4.96100822e-08 1
LGIC_C 253 0.505524845 0.270759106 0.0250140112 -4.82586616e-08 -1.31306776e-08 1
LGIC_C 255 -0.69939094 -0.088336568 0.0250140112 -4.34088282e-08 2.70157287e-08 -1
LGIC_C 256 -0.316524843 0.566744922 0.0250140119 2.45891128e-08 -3.68002333e-08 1
LGIC_C 257 0.299966283 0.311983018 0.0250140021 -2.45891309e-08 -3.68002211e-08 1
LGIC_C 258 -0.309393336 0.560954129 0.0250140115 2.45891128e-08 -3.68002333e-08 1
LGIC_C 260 -0.0356563945 -0.591383621 0.0250140129 9.8680833e-09 4.96100963e-08 1
LGIC_C 261 0.0662098452 0.645491929 0.0250140119 -8.63455884e-09 -4.34088253e-08 1
LGIC_C 262 -0.323867728 0.370527426 0.0250140054 1.31306824e-08 -4.82586643e-08 1
LGIC_C 263 -0.682497616 -0.177962777 0.0250140081 -4.34088282e-08 2.70157287e-08 -1
LGIC_C 264 0.429210891 -0.369915087 0.0250140081 -3.68002179e-08 2.45891393e-08 1
LGIC_C 265 0.207887975 -0.0154109285 0.0250139954 -5.78784275e-08 1.15127558e-08 1
LGIC_C 266 -0.156329416 -0.343291326 0.0250139999 3.95603082e-08 3.05989652e-08 1
LGIC_C 267 -0.295626166 -0.256750134 0.0250140018 1.45571809e-08 5.5602105e-08 1
LGIC_C 268 -0.0531373435 -0.521854618 0.0250140076 -2.90231482e-08 4.96101036e-08 1
LGIC_C 269 -0.0958861133 0.585337513 0.0250140117 -6.33661298e-09 -4.96100859e-08 1
LGIC_C 271 -0.464368905 -0.420451033 0.0250140107 3.68002489e-08 2.45891179e-08 1
LGIC_C 272 -0.36366143 0.231277343 0.0250140039 -4.82586679e-08 1.31306769e-08 -1
LGIC_C 273 0.760890274 -0.161494623 0.0250140203 -4.34088182e-08 2.48392526e-08 1
LGIC_C 274 -0.334424385 0.411061496 0.0250140066 2.45891128e-08 -3.68002333e-08 1
LGIC_C 275 0.00309944165 -0.502286302 0.0250140081 6.33663526e-09 4.9610097e-08 1
LGIC_C 276 -0.0978625652 -0.465738508 0.0250140035 -2.90231482e-08 4.96101036e-08 1
LGIC_C 278 0.342567802 0.315771411 0.0250140036 -3.68002282e-08 -2.45891172e-08 1
LGIC_C 279 0.134663614 -0.0119210366 0.0250139892 -4.34088226e-08 8.63456802e-09 1
LGIC_C 280 -0.241673017 -0.170251702 0.0250139962 1.45571809e-08 5.5602105e-08 1
LGIC_C 281 0.428724007 0.491383712 0.0250140205 -4.80634192e-08 -3.37890445e-08 1
LGIC_C 282 -0.253063871 -0.441935215 0.0250140068 3.95603082e-08 3.05989652e-08 1
LGIC_C 283 -0.271791632 -0.504483515 0.025014007 7.55636799e-08 6.2887973e-09 1
LGIC_C 284 0.244204004 -0.761132074 0.0250140184 -8.63454093e-09 4.34088369e-08 1
LGIC_C 286 -0.584392128 0.0141994097 0.0250140118 4.96100851e-08 2.90231542e-08 1
LGIC_C 287 -0.0745777705 -0.118830938 0.0250139895 2.45891453e-08 3.68002268e-08 1
LGIC_C 288 0.046825072 -0.413021809 0.0250140034 6.33663526e-09 4.9610097e-08 1
LGIC_C 289 0.0337614197 0.0105047131 0.0250139848 -4.34088272e-08 -8.63453573e-09 1
LGIC_C 290 -0.369823377 -0.541163743 0.0250140164 2.81018674e-08 4.20574117e-08 1
LGIC_C 291 -0.504046313 0.424806883 0.0250140123 3.68002297e-08 -2.45891157e-08 1
LGIC_C 292 0.389145242 0.399887346 0.025014011 -2.81018716e-08 -4.20573923e-08 1
LGIC_C 293 -0.700632686 -0.0712917692 0.025014016 -4.96100919e-08 2.90231703e-08 -1
LGIC_C 295 -0.177241208 0.124162111 0.0250139938 6.28881943e-09 -7.55636452e-08 1
LGIC_C 296 0.484280073 0.229540912 0.0250140101 -4.20574004e-08 -2.81018564e-08 1
LGIC_C 297 0.0616200998 0.343582548 0.0250139987 -8.63455884e-09 -4.34088253e-08 1
LGIC_C 298 0.200097713 -0.532388404 0.0250140116 -9.86804037e-09 4.96101e-08 1
LGIC_C 299 -0.0360209555 -0.324338052 0.0250139997 9.8680833e-09 4.96100963e-08 1
LGIC_C 300 0.36541546 -0.0295255962 0.0250139998 -4.34088182e-08 2.48392526e-08 1
LGIC_C 301 0.135552989 0.407432624 0.0250140021 -8.63455884e-09 -4.34088253e-08 1
LGIC_C 302 0.396692882 0.360902092 0.0250140101 -4.20574004e-08 -2.81018564e-08 1
LGIC_C 303 -0.00554259291 0.372712752 0.0250140018 9.86805557e-09 -4.96100883e-08 1
LGIC_C 304 -0.135774478 0.32803116 0.0250140009 1.31306824e-08 -4.82586643e-08 1
LGIC_C 305 -0.445134544 0.241414942 0.0250140056 3.68002297e-08 -2.45891157e-08 1
LGIC_C 306 0.219331305 0.0934717989 0.0250139952 3.37890593e-08 4.80634111e-08 -1
LGIC_C 307 -0.430646857 0.260487683 0.0250140075 -4.82586679e-08 1.31306769e-08 -1
LGIC_C 308 0.642993025 -0.303333013 0.0250140144 -3.68002179e-08 2.45891393e-08 1
LGIC_C 309 0.145401932 0.140655761 0.0250139921 -3.68002282e-08 -2.45891172e-08 1
LGIC_C 310 0.138851046 0.804084853 0.0250140194 -8.63455884e-09 -4.34088253e-08 1
LGIC_C 311 0.608011425 0.607055073 0.0146320802 0.82761733 0.552995899 0.096151393
LGIC_C 312 0.291557293 0.211348335 0.0250140014 -4.20574004e-08 -2.81018564e-08 1
LGIC_C 313 0.682535206 0.318790208 0.0250140162 -3.68002282e-08 -2.45891172e-08 1
LGIC_C 314 -0.218790468 0.532775365 0.0250140083 8.63455111e-09 -4.34088279e-08 1
LGIC_C 315 -0.053023598 0.020141613 0.0250139861 4.96100897e-08 -9.86805572e-09 1
LGIC_C 318 -0.209366596 -0.384972815 0.0250140005 -5.56021111e-08 -1.45571543e-08 -1
LGIC_C 319 -0.504616274 -0.0916603056 0.0250140027 -4.34088282e-08 2.70157287e-08 -1
LGIC_C 320 0.388976064 0.60407083 0.0250140196 -2.81018716e-08 -4.20573923e-08 1
LGIC_C 322 0.58557299 0.233022412 0.0250140198 -5.78784335e-08 -1.15127284e-08 1
LGIC_C 323 -0.33656593 -0.582863208 0.0250140172 2.81018674e-08 4.20574117e-08 1
LGIC_C 324 0.0625676186 0.692305019 0.0250140172 -6.33660387e-09 4.96100877e-08 -1
LGIC_C 325 0.465130416 0.617653505 0.0250140174 -2.45891309e-08 -3.68002211e-08 1
LGIC_C 326 0.219512432 0.671581081 0.0250140152 -6.33660387e-09 4.96100877e-08 -1
LGIC_C 327 -0.338729028 -0.0425942317 0.0250139988 -4.96100919e-08 2.90231703e-08 -1
LGIC_C 328 -0.448674644 0.0768566917 0.0250140047 4.34088279e-08 -2.48392273e-08 1
LGIC_C 329 0.611289316 -0.178801785 0.0250140153 -4.96100859e-08 9.86807898e-09 1
LGIC_C 330 0.342507211 -0.00294948812 0.0250140003 -4.96100802e-08 3.14742968e-08 1
LGIC_C 331 0.197818289 -0.117189923 0.0250139939 -3.05989503e-08 3.95603122e-08 1
LGIC_C 332 -0.00373452363 -0.405197923 0.0250140034 9.8680833e-09 4.96100963e-08 1
LGIC_C 333 0.526124524 0.182353156 0.0250140077 -4.34088272e-08 -8.63453573e-09 1
LGIC_C 334 0.213637823 0.74182035 0.0250140173 -8.63455884e-09 -4.34088253e-08 1
LGIC_C 335 0.209563641 0.514103098 0.0250140074 -8.63455884e-09 -4.34088253e-08 1
LGIC_C 336 -0.676128273 0.0145591966 0.025014013 4.34088279e-08 -2.48392273e-08 1
LGIC_C 337 -0.0107124148 -0.00857870171 0.0250139838 5.39043203e-09 6.47688584e-08 1
LGIC_C 338 -0.218811623 0.353774233 0.0250140017 2.45891128e-08 -3.68002333e-08 1
LGIC_C 339 0.122650369 -0.181191647 0.0250139936 -1.31306721e-08 4.82586744e-08 1
LGIC_C 340 -0.283880968 0.559710514 0.0250140148 2.8101852e-08 -4.20574041e-08 1
LGIC_C 341 0.0231149929 -0.722050058 0.0250140148 -8.63454093e-09 4.34088369e-08 1
LGIC_C 342 -0.799622016 -0.0780833688 0.0250140159 -4.34088282e-08 2.70157287e-08 -1
LGIC_C 343 0.21550249 0.489592513 0.0250140097 1.3130701e-08 4.82586573e-08 -1
LGIC_C 344 -0.129980526 0.0123772382 0.0250139902 5.7878425e-08 4.89846948e-08 1
LGIC_C 346 0.347303533 0.329054476 0.0250140041 -3.68002282e-08 -2.45891172e-08 1
LGIC_C 347 0.451038283 -0.135584584 0.0250140069 -4.96100859e-08 9.86807898e-09 1
LGIC_C 349 -0.204814757 -0.534186801 0.0250140038 -2.90231482e-08 4.96101036e-08 1
LGIC_C 350 -0.28450597 0.387835478 0.0250140045 2.45891128e-08 -3.68002333e-08 1
LGIC_C 352 -0.174112474 -0.279913702 0.0250139987 3.95603082e-08 3.05989652e-08 1
LGIC_C 353 -0.305903969 0.132594551 0.0250139999 4.20574045e-08 -2.81018523e-08 1
LGIC_C 354 0.180488803 0.208576378 0.0250139971 -2.81018716e-08 -4.20573923e-08 1
LGIC_C 355 0.062668004 -0.522320317 0.0250140128 1.00935263e-08 5.7878447e-08 1
LGIC_C 356 0.103123794 0.693545115 0.0250140143 -8.63455884e-09 -4.34088253e-08 1
LGIC_C 357 0.725576827 0.19103334 0.025014018 -4.96100869e-08 6.3366408e-09 1
LGIC_C 358 0.0972611222 -0.0564301009 0.0250139898 -4.90669481e-08 3.27855328e-08 1
LGIC_C 359 -0.271566772 0.219666554 0.0250140016 6.28881943e-09 -7.55636452e-08 1
LGIC_C 360 -0.503700997 0.448014482 0.0250140135 -4.82586679e-08 1.31306769e-08 -1
LGIC_C 361 0.60296828 -0.133106492 0.0250140145 -4.96100859e-08 9.86807898e-09 1
LGIC_C 362 -0.441591539 -0.0871138498 0.0250140027 -4.96100919e-08 2.90231703e-08 -1
LGIC_C 363 -0.309526462 0.408298428 0.025014007 1.31306824e-08 -4.82586643e-08 1
LGIC_C 365 0.580286147 -0.397445829 0.0250140188 -4.20573976e-08 2.81018683e-08 1
LGIC_C 366 -0.320120137 -0.713032744 0.0250140177 3.95603082e-08 3.05989652e-08 1
LGIC_C 367 0.397033714 -0.0920705526 0.0250140027 -4.34088182e-08 2.48392526e-08 1
LGIC_C 368 -0.155265422 -0.368566652 0.0250140007 3.95603082e-08 3.05989652e-08 1
LGIC_C 369 -0.130168305 -0.664155707 0.0250140124 -2.90231482e-08 4.96101036e-08 1
LGIC_C 370 -0.287957778 -0.631149157 0.0250140136 2.45891453e-08 3.68002268e-08 1
LGIC_C 371 0.264533254 0.0213816605 0.0250139949 -4.34088272e-08 -8.63453573e-09 1
LGIC_C 372 -0.010146982 0.403599056 0.0250140009 8.63455111e-09 -4.34088279e-08 1
LGIC_C 373 -0.685803801 0.43771759 0.0250140193 3.68002297e-08 -2.45891157e-08 1
LGIC_C 374 0.0312979783 -0.152070689 0.0250139906 6.33663526e-09 4.9610097e-08 1
LGIC_C 375 0.160468278 -0.654090446 0.0250140195 1.00935263e-08 5.7878447e-08 1
LGIC_C 376 0.40154241 0.371301253 0.0250140106 -4.20574004e-08 -2.81018564e-08 1
LGIC_C 377 0.302992274 0.153233561 0.0250139982 -3.68002282e-08 -2.45891172e-08 1
LGIC_C 378 -0.585765067 0.0565819868 0.0250140107 4.96100851e-08 2.90231542e-08 1
LGIC_C 379 -0.0353386446 -0.484910521 0.0250140076 9.8680833e-09 4.96100963e-08 1
LGIC_C 380 0.137152205 0.58470086 0.0250140136 -9.86806672e-09 -4.96100854e-08 1
LGIC_C 381 0.00643466433 0.654063793 0.0250140158 -9.86806672e-09 -4.96100854e-08 1
LGIC_C 382 0.53790185 -0.288667939 0.0250140153 -3.37890406e-08 4.80634332e-08 1
LGIC_C 384 -0.450625271 -0.439129055 0.0250140192 6.28883752e-09 7.55636663e-08 1
LGIC_C 386 0.4731937 -0.442841473 0.0250140115 -3.68002179e-08 2.45891393e-08 1
LGIC_C 387 0.541746809 -0.232459357 0.0250140127 -3.37890406e-08 4.80634332e-08 1
LGIC_C 388 -0.0149272771 0.425412071 0.0250140049 -3.14742797e-08 4.96100914e-08 -1
LGIC_C 390 0.51675481 -0.0915277167 0.0250140079 -4.34088182e-08 2.48392526e-08 1
LGIC_C 392 -0.205215456 -0.556945187 0.0250140049 -2.90231482e-08 4.96101036e-08 1
LGIC_C 393 -0.0452373235 -0.269688798 0.0250139953 8.63456455e-09 4.34088336e-08 1
LGIC_C 395 0.329138179 0.381387058 0.025014006 1.3130701e-08 4.82586573e-08 -1
LGIC_C 396 0.264030496 0.385775538 0.0250140053 1.3130701e-08 4.82586573e-08 -1
LGIC_C 397 -0.655531783 0.270660788 0.0250140141 4.34088259e-08 -8.63455061e-09 1
LGIC_C 398 -0.563725271 0.241768608 0.0250140139 3.37890593e-08 -4.80634052e-08 1
LGIC_C 399 0.605360257 -0.150359859 0.025014018 -4.96100802e-08 3.14742968e-08 1
NT 7181 2.01368479 -4.708945 -2.4348019 0 0 0
NT 7817 0.32543304 4.10785419 -0.988257074 0 0 0
LGIC_O 4402 -0.0345878633 0.265675272 0.025013999 1.15127271e-08 -5.78784352e-08 1
LGIC_O 4401 -0.1840676 0.0972239463 0.0250139942 3.37890593e-08 -4.80634052e-08 1
LGIC_O 4400 -0.175025146 0.0137516014 0.0250139927 5.7878425e-08 4.89846948e-08 1
LGIC_O 8441 0.636913646 -0.12672076 0.0250140188 -4.96100802e-08 3.14742968e-08 1
LGIC_O 8440 0.314831804 -0.521242477 0.0250140191 -3.27854948e-08 4.90669785e-08 1
LGIC_O 8439 0.567487089 -0.204519113 0.0250140184 -5.78784275e-08 1.15127558e-08 1
LGIC_O 8438 -0.495463838 -0.478991786 0.0250140171 1.45571809e-08 5.5602105e-08 1
LGIC_O 8437 -0.0865332912 0.0753896135 0.0250139898 3.37890593e-08 -4.80634052e-08 1
LGIC_O 8436 0.281965125 0.349247805 0.0250140096 -3.27855134e-08 -4.90669575e-08 1
LGIC_O 8435 -0.281577291 0.489075666 0.0250140165 3.27854968e-08 -4.90669676e-08 1
LGIC_O 8434 -0.605092982 -0.110313414 0.0250140129 5.7878436e-08 -4.89847332e-08 1
LGIC_O 8433 0.701586212 -0.0117142491 0.0250140184 -4.96100802e-08 3.14742968e-08 1
LGIC_O 8432 0.426050556 0.664856809 0.0250140182 -2.45891309e-08 -3.68002211e-08 1
LGIC_O 8431 -0.53569519 -0.176489801 0.025014008 4.34088238e-08 8.63459484e-09 1
LGIC_O 8430 -0.206044735 -0.180448528 0.0250139982 6.28883752e-09 7.55636663e-08 1
LGIC_O 8429 0.342033035 -0.34268384 0.0250140113 -3.27854948e-08 4.90669785e-08 1
LGIC_O 8428 0.576112066 -0.314703408 0.0250140178 -3.37890406e-08 4.80634332e-08 1
LGIC_O 8427 0.236726308 -0.318077646 0.0250140066 -3.27854948e-08 4.90669785e-08 1
LGIC_O 8426 -0.0976488914 -0.110862836 0.0250139913 7.55636799e-08 6.2887973e-09 1
LGIC_O 8425 0.534646383 -0.195059479 0.0250140164 -5.78784275e-08 1.15127558e-08 1
LGIC_O 8424 0.219544679 -0.315091025 0.0250140059 -3.27854948e-08 4.90669785e-08 1
LGIC_O 8423 -0.608846757 -0.593779315 0.0250140203 3.68002489e-08 2.45891179e-08 1
LGIC_O 8422 0.564815598 -0.372450199 0.0250140202 -3.37890406e-08 4.80634332e-08 1
LGIC_O 8421 0.550750457 0.0902902064 0.0250140162 -5.78784335e-08 -1.15127284e-08 1
LGIC_O 8420 0.175418091 0.0610257495 0.0250139941 -5.78784335e-08 -1.15127284e-08 1
LGIC_O 8419 0.142777714 0.100831833 0.0250139936 -4.90669739e-08 -3.27854893e-08 1
LGIC_O 4418 0.0575220985 -0.190210297 0.0250139949 -1.15127059e-08 5.78784511e-08 1
LGIC_O 4417 -0.118754336 -0.170834128 0.0250139938 2.81018674e-08 4.20574117e-08 1
LGIC_O 4416 0.593239316 0.0786534269 0.0250140185 -5.78784335e-08 -1.15127284e-08 1
LGIC_O 4415 0.0853954366 -0.420999761 0.0250140086 -1.15127059e-08 5.78784511e-08 1
LGIC_O 4414 -0.374457097 -0.228026162 0.0250140026 3.68002489e-08 2.45891179e-08 1
LGIC_O 4413 0.577482781 -0.285169834 0.0250140164 -3.37890406e-08 4.80634332e-08 1
LGIC_O 4412 -0.484325859 0.306166979 0.0250140144 3.37890593e-08 -4.80634052e-08 1
LGIC_O 4411 0.44777829 -0.0963194904 0.0250140103 -5.78784275e-08 1.15127558e-08 1
LGIC_O 4410 0.28281874 -0.503567977 0.0250140172 -3.27854948e-08 4.90669785e-08 1
LGIC_O 4409 -0.116204576 -0.152585731 0.025013993 7.55636799e-08 6.2887973e-09 1
LGIC_O 4408 -0.333519821 0.289166147 0.0250140084 3.37890593e-08 -4.80634052e-08 1
LGIC_O 4407 -0.148720782 -0.636306108 0.0250140163 9.8680833e-09 4.96100963e-08 1
LGIC_O 4406 0.336173082 -0.328141715 0.0250140105 -4.90669481e-08 3.27855328e-08 1
LGIC_O 4405 -0.249510429 -0.168914007 0.0250139976 6.28883752e-09 7.55636663e-08 1
LGIC_O 4404 0.0811982327 0.141649416 0.0250139929 -3.27855134e-08 -4.90669575e-08 1
LGIC_O 4403 0.0533120499 -0.19689515 0.0250139952 -1.15127059e-08 5.78784511e-08 1
