LGIC_C 0 0.451217003 0.198189599 0.0250140078 -4.20574004e-08 -2.81018564e-08 1
LGIC_C 1 -0.263466335 0.0579310446 0.0250139952 4.34088259e-08 -8.63455061e-09 1
LGIC_C 2 -0.540363386 0.131264561 0.0250140114 4.96100897e-08 -9.86805572e-09 1
LGIC_C 3 0.266940091 -0.677912208 0.0250140195 -9.86804037e-09 4.96101e-08 1
LGIC_C 4 -0.467342726 -0.225651114 0.0250140032 6.28883752e-09 7.55636663e-08 1
LGIC_C 5 0.105328049 -0.599947601 0.0250140169 1.00935263e-08 5.7878447e-08 1
LGIC_C 6 -0.338996212 0.513391376 0.0250140171 1.28239438e-08 -5.73353116e-08 1
LGIC_C 7 -0.714754831 0.448489521 0.00206968506 -0.827617296 0.552995934 0.0961514895
LGIC_C 8 -0.122408677 0.296521938 0.0250139972 8.63455111e-09 -4.34088279e-08 1
LGIC_C 9 -0.416106371 -0.271692363 0.0250140064 6.28883752e-09 7.55636663e-08 1
LGIC_C 10 -0.351659968 -0.611044452 0.0250140159 3.95603082e-08 3.05989652e-08 1
LGIC_C 11 0.153739779 0.542267843 0.0250140092 -6.33660387e-09 4.96100877e-08 -1
LGIC_C 12 0.401727824 0.221906211 0.0250140102 -4.90669739e-08 -3.27854893e-08 1
LGIC_C 13 0.727630966 -0.100253627 0.0250140203 -4.96100859e-08 9.86807898e-09 1
LGIC_C 14 0.688793433 0.251147815 0.0250140158 -4.96100869e-08 6.3366408e-09 1
LGIC_C 15 -0.477043836 -0.347387754 0.0250140083 5.39043203e-09 6.47688584e-08 1
LGIC_C 16 0.629357621 -0.108873375 0.0250140155 -4.96100859e-08 9.86807898e-09 1
LGIC_C 17 -0.5619961 0.352750467 0.025014015 -4.82586679e-08 1.31306769e-08 -1
LGIC_C 18 0.327913234 -0.472066022 0.0250140123 -2.81018481e-08 4.20574137e-08 1
LGIC_C 21 -0.000465890731 -0.216769213 0.025013994 -2.90231482e-08 4.96101036e-08 1
LGIC_C 22 0.212995243 0.587358641 0.0250140145 -9.86806672e-09 -4.96100854e-08 1
LGIC_C 23 -0.503846809 0.444371949 0.0250140127 3.68002297e-08 -2.45891157e-08 1
LGIC_C 24 0.131298185 0.432069096 0.025014006 -9.86806672e-09 -4.96100854e-08 1
LGIC_C 25 0.344793092 -0.0520966125 0.0250139986 -4.34088226e-08 8.63456802e-09 1
LGIC_C 27 -0.280191888 0.565882125 0.0250140202 3.27854968e-08 -4.90669676e-08 1
LGIC_C 28 0.66051342 0.11883178 0.0250140129 -4.34088272e-08 -8.63453573e-09 1
LGIC_C 30 0.687388102 0.161559733 0.0250140163 -4.96100869e-08 6.3366408e-09 1
LGIC_C 31 -0.415083747 -0.442040654 0.0250140128 -5.56021111e-08 -1.45571543e-08 -1
LGIC_C 32 0.0543434487 0.100498905 0.0250139888 1.3130701e-08 4.82586573e-08 -1
LGIC_C 33 -0.0181908951 0.638074554 0.0250140111 8.63455111e-09 -4.34088279e-08 1
LGIC_C 35 -0.158295594 -0.502763955 0.0250140036 -2.90231482e-08 4.96101036e-08 1
LGIC_C 36 0.460776018 -0.613714926 0.0250140171 -2.45891087e-08 3.68002429e-08 1
LGIC_C 37 0.0894765026 0.776571404 0.0250140177 -8.63455884e-09 -4.34088253e-08 1
LGIC_C 38 0.773188297 -0.341694829 0.0250140204 -3.05989503e-08 3.95603122e-08 1
LGIC_C 39 0.683277563 0.256417306 0.0250140151 -4.34088272e-08 -8.63453573e-09 1
LGIC_C 40 -0.693399494 0.0108573137 0.0250140136 4.34088279e-08 -2.48392273e-08 1
LGIC_C 41 -0.498625074 0.621280296 0.0250140184 2.45891128e-08 -3.68002333e-08 1
LGIC_C 42 -0.289840796 -0.699660264 0.0250140161 2.45891453e-08 3.68002268e-08 1
LGIC_C 43 -0.601625411 -0.472808257 0.0250140138 1.15916899e-08 4.97976879e-08 1
LGIC_C 44 0.292882018 0.518460523 0.0250140121 1.3130701e-08 4.82586573e-08 -1
LGIC_C 45 0.00734608033 -0.186936909 0.0250139925 6.33663526e-09 4.9610097e-08 1
LGIC_C 46 -0.219626958 -0.195767729 0.0250139971 5.39043203e-09 6.47688584e-08 1
LGIC_C 47 0.536693562 -0.17244892 0.0250140163 -5.78784275e-08 1.15127558e-08 1
LGIC_C 48 -0.105036346 -0.405507096 0.0250140017 8.63456455e-09 4.34088336e-08 1
LGIC_C 51 -0.604665097 -0.0272367829 0.0250140097 4.34088238e-08 8.63459484e-09 1
LGIC_C 52 0.662939694 -0.194903711 0.0250140168 -4.34088182e-08 2.48392526e-08 1
LGIC_C 53 0.374897563 -0.0900018375 0.0250140017 -4.34088182e-08 2.48392526e-08 1
LGIC_C 54 -0.0579686898 -0.204811971 0.0250139922 -4.89847109e-08 5.78784581e-08 1
LGIC_C 55 0.428836953 0.510121304 0.0250140135 1.3130701e-08 4.82586573e-08 -1
LGIC_C 56 -0.155334216 -0.244640131 0.0250139955 -5.56021111e-08 -1.45571543e-08 -1
LGIC_C 57 -0.0947129798 0.386293085 0.0250140054 -3.14742797e-08 4.96100914e-08 -1
LGIC_C 58 0.491132055 -0.120541755 0.0250140075 -4.34088182e-08 2.48392526e-08 1
LGIC_C 59 -0.36866017 -0.174820295 0.0250139983 1.45571809e-08 5.5602105e-08 1
LGIC_C 60 0.151961389 0.50376899 0.025014013 -3.14742949e-08 -4.96100822e-08 1
LGIC_C 61 -0.409140419 0.323315828 0.0250140096 4.20574045e-08 -2.81018523e-08 1
LGIC_C 62 -0.0378154304 0.384733003 0.0250140036 -3.14742797e-08 4.96100914e-08 -1
LGIC_C 63 0.248479279 -0.00502196156 0.0250139956 -4.96100859e-08 9.86807898e-09 1
LGIC_C 64 -0.22950275 0.0106422854 0.025013996 5.7878425e-08 4.89846948e-08 1
LGIC_C 65 0.0310652354 0.328224178 0.0250139994 -6.33660387e-09 4.96100877e-08 -1
LGIC_C 66 -0.22222712 -0.35159015 0.0250140016 2.45891453e-08 3.68002268e-08 1
LGIC_C 67 -0.437648446 0.420782493 0.0250140178 6.28881943e-09 -7.55636452e-08 1
LGIC_C 68 -0.693125841 -0.120220055 0.0250140101 -4.34088282e-08 2.70157287e-08 -1
LGIC_C 69 -0.655301603 -0.323814423 0.0250140153 3.68002489e-08 2.45891179e-08 1
LGIC_C 70 -0.0447731438 0.365357369 0.0250139995 8.63455111e-09 -4.34088279e-08 1
LGIC_C 72 0.139473443 0.411066694 0.0250140023 -8.63455884e-09 -4.34088253e-08 1
LGIC_C 73 -0.00155517107 0.0188305622 0.0250139842 -6.33661298e-09 -4.96100859e-08 1
LGIC_C 74 0.529675778 0.507308463 0.0250140155 -4.82586616e-08 -1.31306776e-08 1
LGIC_C 75 0.518028256 -0.591518352 0.0250140177 -2.45891087e-08 3.68002429e-08 1
LGIC_C 76 -0.71437984 0.0251348414 0.025014018 4.96100851e-08 2.90231542e-08 1
LGIC_C 77 0.357963824 -0.261029131 0.0250140045 -3.05989503e-08 3.95603122e-08 1
LGIC_C 79 -0.630282222 -0.283739321 0.0250140047 1.15916899e-08 4.97976879e-08 1
LGIC_C 80 0.726417836 0.0189396225 0.0250140149 -4.34088272e-08 -8.63453573e-09 1
LGIC_C 81 0.0675803629 0.664509537 0.0250140158 -6.33660387e-09 4.96100877e-08 -1
LGIC_C 82 0.430915854 -0.265833516 0.0250140069 -3.05989503e-08 3.95603122e-08 1
LGIC_C 83 -0.35703911 0.247247471 0.0250140037 -4.82586679e-08 1.31306769e-08 -1
LGIC_C 84 0.239852241 0.500194451 0.025014011 -2.81018716e-08 -4.20573923e-08 1
LGIC_C 85 -0.0426982692 0.0643447597 0.0250139875 1.28239438e-08 -5.73353116e-08 1
LGIC_C 87 -0.336544571 -0.218177104 0.0250140003 1.45571809e-08 5.5602105e-08 1
LGIC_C 88 -0.534927711 -0.460676939 0.0250140124 1.15916899e-08 4.97976879e-08 1
LGIC_C 89 0.219592068 -0.474760684 0.025014009 -1.31306721e-08 4.82586744e-08 1
LGIC_C 90 -0.364078675 -0.352045785 0.0250140081 1.45571809e-08 5.5602105e-08 1
LGIC_C 91 0.177821212 0.824496786 0.00547156265 0.194186548 0.976240951 0.0961519121
LGIC_C 92 0.206607359 -0.749669195 0.0250140191 6.33663526e-09 4.9610097e-08 1
LGIC_C 93 -0.036931602 0.576631168 0.0250140116 -6.33661298e-09 -4.96100859e-08 1
LGIC_C 94 0.160492791 -0.0170433892 0.0250139917 -4.96100802e-08 3.14742968e-08 1
LGIC_C 95 -0.30951277 -0.437525826 0.0250140068 -5.56021111e-08 -1.45571543e-08 -1
LGIC_C 96 0.251457991 -0.102398147 0.0250139967 -4.96100859e-08 9.86807898e-09 1
LGIC_C 97 -0.408356916 0.046099695 0.0250140022 4.96100851e-08 2.90231542e-08 1
LGIC_C 98 -0.311512097 -0.614111143 0.0250140144 3.95603082e-08 3.05989652e-08 1
LGIC_C 99 0.193985587 -0.0556638333 0.0250139946 -4.96100802e-08 3.14742968e-08 1
LGIC_C 100 -0.387951132 -0.420392812 0.0250140083 2.45891453e-08 3.68002268e-08 1
LGIC_C 101 -0.361778596 0.0331572665 0.0250140015 4.96100897e-08 -9.86805572e-09 1
LGIC_C 102 -0.416532501 0.428554481 0.0250140132 1.28239438e-08 -5.73353116e-08 1
LGIC_C 103 -0.435484107 -0.0248792088 0.0250140015 -4.34088282e-08 2.70157287e-08 -1
LGIC_C 104 0.601690116 -0.222187117 0.0250140153 -4.96100859e-08 9.86807898e-09 1
LGIC_C 105 -0.304895988 0.1361962 0.0250139978 3.68002297e-08 -2.45891157e-08 1
LGIC_C 106 -0.274776674 0.762539178 0.0250140187 8.63455111e-09 -4.34088279e-08 1
LGIC_C 107 -0.670066892 -0.265311723 0.0250140146 4.34088238e-08 8.63459484e-09 1
LGIC_C 108 -0.034537886 -0.482519338 0.025014005 2.48392553e-08 4.34088306e-08 1
LGIC_C 110 -0.266371757 -0.739340273 0.0250140176 8.63456455e-09 4.34088336e-08 1
LGIC_C 111 -0.488334294 -0.0933307443 0.0250140048 -4.96100919e-08 2.90231703e-08 -1
LGIC_C 112 0.680688961 -0.090977491 0.0250140199 -4.96100802e-08 3.14742968e-08 1
LGIC_C 113 -0.06590468 -0.721887483 0.0250140162 2.48392553e-08 4.34088306e-08 1
LGIC_C 114 -0.350734604 0.39249075 0.0250140103 1.28239438e-08 -5.73353116e-08 1
LGIC_C 115 0.44935764 -0.401553641 0.0250140129 -3.05989503e-08 3.95603122e-08 1
LGIC_C 116 0.116419906 -0.48421018 0.0250140101 1.00935263e-08 5.7878447e-08 1
LGIC_C 117 -0.19571515 -0.0794516456 0.0250139896 -4.34088282e-08 2.70157287e-08 -1
LGIC_C 118 -0.311994689 -0.35054169 0.0250140057 -5.56021111e-08 -1.45571543e-08 -1
LGIC_C 119 0.0780283179 0.464602423 0.0250140071 -9.86806672e-09 -4.96100854e-08 1
LGIC_C 120 0.0249260911 0.500110396 0.0250140079 -6.33660387e-09 4.96100877e-08 -1
LGIC_C 121 -0.508330076 -0.43821964 0.025014011 1.15916899e-08 4.97976879e-08 1
LGIC_C 122 0.624228336 -0.383275025 0.0250140156 -3.68002179e-08 2.45891393e-08 1
LGIC_C 124 0.580428164 -0.475625776 0.0250140163 -3.68002179e-08 2.45891393e-08 1
LGIC_C 125 0.0873072899 -0.15922398 0.0250139921 -1.31306721e-08 4.82586744e-08 1
LGIC_C 126 0.602882416 -0.417013419 0.0250140182 -3.05989503e-08 3.95603122e-08 1
LGIC_C 127 0.228325114 -0.263734237 0.025013999 -1.31306721e-08 4.82586744e-08 1
LGIC_C 128 0.226686368 -0.288577618 0.0250139994 -2.45891087e-08 3.68002429e-08 1
LGIC_C 129 0.434915135 -0.0757502077 0.0250140028 -4.34088226e-08 8.63456802e-09 1
LGIC_C 130 -0.535161675 0.20660552 0.0250140083 4.34088259e-08 -8.63455061e-09 1
LGIC_C 131 0.421875167 0.202418259 0.0250140063 -4.82586616e-08 -1.31306776e-08 1
LGIC_C 132 -0.166782499 0.0483289807 0.0250139905 5.7878425e-08 4.89846948e-08 1
LGIC_C 133 -0.59048408 -0.0394491484 0.0250140092 4.34088238e-08 8.63459484e-09 1
LGIC_C 134 0.228771146 -0.641230159 0.025014013 -8.63454093e-09 4.34088369e-08 1
LGIC_C 135 -0.248973339 -0.238442062 0.0250140028 6.28883752e-09 7.55636663e-08 1
LGIC_C 136 0.400127667 -0.328435415 0.025014006 -3.68002179e-08 2.45891393e-08 1
LGIC_C 137 0.371892149 -0.384633045 0.0250140067 -1.31306721e-08 4.82586744e-08 1
LGIC_C 138 -0.695612074 -0.25467012 0.0250140071 4.96100935e-08 -4.19869172e-08 1
LGIC_C 139 0.142895925 -0.0228231644 0.025013991 -4.96100802e-08 3.14742968e-08 1
LGIC_C 140 0.526315896 0.560362295 0.0250140168 -2.45891309e-08 -3.68002211e-08 1
LGIC_C 141 0.438989561 0.112459602 0.0250140033 -4.34088272e-08 -8.63453573e-09 1
LGIC_C 142 -0.430363654 -0.567237578 0.0250140176 3.95603082e-08 3.05989652e-08 1
LGIC_C 144 -0.444648002 -0.469833028 0.0250140148 -5.56021111e-08 -1.45571543e-08 -1
LGIC_C 145 0.215535851 0.0273202373 0.0250139938 -4.96100869e-08 6.3366408e-09 1
LGIC_C 146 0.0321994692 0.555307033 0.0250140111 -9.86806672e-09 -4.96100854e-08 1
LGIC_C 147 -0.344404802 -0.340102059 0.0250140042 1.15916899e-08 4.97976879e-08 1
LGIC_C 149 0.541150116 0.473939903 0.0250140148 -3.68002282e-08 -2.45891172e-08 1
LGIC_C 150 0.368766271 0.130729838 0.0250140007 -4.96100869e-08 6.3366408e-09 1
LGIC_C 151 -0.0861369664 -0.706112567 0.0250140146 8.63456455e-09 4.34088336e-08 1
LGIC_C 152 0.286923122 0.536031977 0.0250140129 1.3130701e-08 4.82586573e-08 -1
LGIC_C 153 0.173624054 -0.204397084 0.0250139972 -1.28239349e-08 5.73353226e-08 1
LGIC_C 154 0.146170363 0.470350411 0.025014008 -9.86806672e-09 -4.96100854e-08 1
LGIC_C 155 -0.503489735 0.160527766 0.0250140065 4.34088259e-08 -8.63455061e-09 1
LGIC_C 156 -0.251438174 0.0607238649 0.0250139947 4.34088259e-08 -8.63455061e-09 1
LGIC_C 157 -0.467183705 0.240062811 0.0250140044 6.28881943e-09 -7.55636452e-08 1
LGIC_C 158 0.330546089 0.165407402 0.0250140024 3.37890593e-08 4.80634111e-08 -1
LGIC_C 159 0.794445945 0.10407447 0.0250140186 -4.34088272e-08 -8.63453573e-09 1
LGIC_C 160 -0.338046805 -0.0925611211 0.0250139954 -4.34088282e-08 2.70157287e-08 -1
LGIC_C 161 -0.401858886 0.0576369191 0.0250140038 4.96100897e-08 -9.86805572e-09 1
LGIC_C 162 0.433523485 0.0508200971 0.0250140052 -4.96100911e-08 -9.86803575e-09 1
LGIC_C 163 0.342370408 -0.243636258 0.0250140045 -4.20573976e-08 2.81018683e-08 1
LGIC_C 164 0.292807611 -0.613277236 0.0250140167 -1.31306721e-08 4.82586744e-08 1
LGIC_C 165 -0.381079553 0.0363724321 0.0250140011 4.96100851e-08 2.90231542e-08 1
LGIC_C 166 -0.123336144 -0.680983613 0.0250140159 2.48392553e-08 4.34088306e-08 1
LGIC_C 167 -0.564668882 0.563131753 0.0250140179 3.68002297e-08 -2.45891157e-08 1
LGIC_C 168 -0.486896698 -0.241828505 0.0250140015 5.39043203e-09 6.47688584e-08 1
LGIC_C 169 0.675669181 -0.513128588 -0.0239551998 0.827616944 -0.552996408 0.0961517878
LGIC_C 171 -0.248437272 0.334759172 0.0250140057 1.28239438e-08 -5.73353116e-08 1
LGIC_C 172 0.283309191 0.127360239 0.0250139987 -4.20574004e-08 -2.81018564e-08 1
LGIC_C 173 0.656910409 0.30717958 0.025014015 -3.68002282e-08 -2.45891172e-08 1
LGIC_C 174 -0.0684163344 -0.493592798 0.0250140064 2.48392553e-08 4.34088306e-08 1
LGIC_C 175 0.427022738 -0.316620642 0.0250140129 -3.37890406e-08 4.80634332e-08 1
LGIC_C 177 0.303349438 0.348911438 0.0250140065 -2.81018716e-08 -4.20573923e-08 1
LGIC_C 178 0.137773376 -0.605923689 0.0250140124 6.33663526e-09 4.9610097e-08 1
LGIC_C 180 -0.123726062 0.257462748 0.0250139976 2.8101852e-08 -4.20574041e-08 1
LGIC_C 181 -0.652639721 -0.297798311 0.025014006 5.39043203e-09 6.47688584e-08 1
LGIC_C 183 0.657261449 0.27647588 0.0250140186 -4.82586616e-08 -1.31306776e-08 1
LGIC_C 184 0.698483246 -0.0434192122 0.0250140146 -4.34088182e-08 2.48392526e-08 1
LGIC_C 185 0.375051938 -0.200709784 0.0250140026 -3.05989503e-08 3.95603122e-08 1
LGIC_C 186 -0.624419511 -0.27926011 0.0250140047 5.39043203e-09 6.47688584e-08 1
LGIC_C 188 -0.740030577 0.0758236118 0.025014016 4.34088259e-08 -8.63455061e-09 1
LGIC_C 189 -0.552068798 0.284077231 0.0250140145 4.20574045e-08 -2.81018523e-08 1
LGIC_C 190 0.338407506 -0.683992675 0.0250140167 -2.45891087e-08 3.68002429e-08 1
LGIC_C 191 -0.465073946 -0.264810535 0.0250140029 5.39043203e-09 6.47688584e-08 1
LGIC_C 192 -0.27439665 0.107764582 0.0250139961 4.34088259e-08 -8.63455061e-09 1
LGIC_C 193 0.220257495 0.0821990928 0.025013995 -4.96100911e-08 -9.86803575e-09 1
LGIC_C 194 -0.711512639 0.354466099 0.0250140182 3.68002297e-08 -2.45891157e-08 1
LGIC_C 195 0.368674874 0.397799869 0.0250140103 -2.81018716e-08 -4.20573923e-08 1
LGIC_C 196 0.743100633 0.36697836 0.0250140196 -3.68002282e-08 -2.45891172e-08 1
LGIC_C 197 -0.236608547 -0.547085419 0.0250140092 2.45891453e-08 3.68002268e-08 1
LGIC_C 198 0.483041746 -0.0691186792 0.0250140048 -4.34088226e-08 8.63456802e-09 1
LGIC_C 199 0.650932929 0.223755146 0.0250140141 -4.96100869e-08 6.3366408e-09 1
LGIC_C 200 0.717727073 -0.328747679 0.0250140177 -3.68002179e-08 2.45891393e-08 1
LGIC_C 201 0.224090428 0.0954166681 0.0250139954 -4.20574004e-08 -2.81018564e-08 1
LGIC_C 202 -0.0241420914 -0.302261957 0.025013997 2.48392553e-08 4.34088306e-08 1
LGIC_C 203 -0.149161817 -0.00982417835 0.0250139904 -4.96100919e-08 2.90231703e-08 -1
LGIC_C 204 -0.405548433 0.563513224 0.0250140184 2.8101852e-08 -4.20574041e-08 1
LGIC_C 205 -0.0769032948 0.27686472 0.0250139978 9.86805557e-09 -4.96100883e-08 1
LGIC_C 206 0.675891 -0.340401184 0.0250140165 -3.68002179e-08 2.45891393e-08 1
LGIC_C 207 -0.135371902 -0.469542864 0.0250140038 -4.89847109e-08 5.78784581e-08 1
LGIC_C 208 -0.478234591 0.42143814 0.0250140119 -4.82586679e-08 1.31306769e-08 -1
LGIC_C 209 -0.0255701543 -0.00632344037 0.025013987 -1.38908242e-07 -2.76307273e-08 -1
LGIC_C 210 0.111304936 0.279455359 0.0250139982 -9.86806672e-09 -4.96100854e-08 1
LGIC_C 212 -0.385278862 -0.547293996 0.0250140127 -5.56021111e-08 -1.45571543e-08 -1
LGIC_C 213 0.343341229 -0.396642213 0.0250140096 -2.81018481e-08 4.20574137e-08 1
LGIC_C 214 0.455442113 -0.0762140282 0.0250140037 -4.34088226e-08 8.63456802e-09 1
LGIC_C 215 -0.506629521 -0.00582400914 0.0250140053 4.34088238e-08 8.63459484e-09 1
LGIC_C 216 0.166822417 -0.205160452 0.0250139953 -1.31306721e-08 4.82586744e-08 1
LGIC_C 217 0.452102789 -0.355964601 0.0250140156 -3.37890406e-08 4.80634332e-08 1
LGIC_C 218 -0.273630962 0.475130335 0.0250140098 1.31306824e-08 -4.82586643e-08 1
LGIC_C 219 -0.259654267 -0.42041492 0.0250140064 3.95603082e-08 3.05989652e-08 1
LGIC_C 220 -0.724812417 -0.303644245 0.0250140174 3.68002489e-08 2.45891179e-08 1
LGIC_C 221 0.644777366 -0.426322746 0.0250140174 -3.68002179e-08 2.45891393e-08 1
LGIC_C 222 -0.509012407 -0.197780122 0.0250140031 5.7878436e-08 -4.89847332e-08 1
LGIC_C 223 0.213792961 0.393546407 0.0250140068 -4.80634192e-08 -3.37890445e-08 1
LGIC_C 224 -0.380687483 0.061831615 0.0250140003 4.96100851e-08 2.90231542e-08 1
LGIC_C 225 0.221459956 -0.670481471 0.0250140143 -8.63454093e-09 4.34088369e-08 1
LGIC_C 226 0.396477773 -0.148293441 0.0250140017 -4.34088226e-08 8.63456802e-09 1
LGIC_C 227 -0.165343138 0.487806645 0.0250140059 8.63455111e-09 -4.34088279e-08 1
LGIC_C 228 0.257120159 -0.319745751 0.025014002 -1.31306721e-08 4.82586744e-08 1
LGIC_C 229 -0.514940562 -0.0600340812 0.0250140061 4.34088238e-08 8.63459484e-09 1
LGIC_C 230 -0.69023701 -0.175399055 0.0250140085 -4.34088282e-08 2.70157287e-08 -1
LGIC_C 231 0.569411005 0.238911361 0.0250140139 -4.20574004e-08 -2.81018564e-08 1
LGIC_C 232 -0.297574989 0.800414806 0.0067808138 -0.194186261 0.976241022 0.0961517721
LGIC_C 233 0.303086271 0.237901551 0.025014001 -4.82586616e-08 -1.31306776e-08 1
LGIC_C 234 0.0255104735 -0.447430307 0.0250140029 -8.63454093e-09 4.34088369e-08 1
LGIC_C 235 0.369012207 0.441128431 0.0250140122 -2.81018716e-08 -4.20573923e-08 1
LGIC_C 236 0.309239026 -0.00298573049 0.0250139967 -4.34088182e-08 2.48392526e-08 1
LGIC_C 239 0.501896382 -0.219582464 0.0250140105 -4.20573976e-08 2.81018683e-08 1
LGIC_C 240 0.127887141 -0.23054792 0.0250139981 -1.28239349e-08 5.73353226e-08 1
LGIC_C 241 -0.140475574 0.196907669 0.0250139955 2.8101852e-08 -4.20574041e-08 1
LGIC_C 242 0.579119979 -0.315723737 0.025014018 -3.37890406e-08 4.80634332e-08 1
LGIC_C 243 -0.679652586 0.245445363 0.0250140194 4.96100897e-08 -9.86805572e-09 1
LGIC_C 246 0.387916682 0.41243535 0.0250140083 1.3130701e-08 4.82586573e-08 -1
LGIC_C 247 -0.466634519 0.635492418 0.0250140181 2.45891128e-08 -3.68002333e-08 1
LGIC_C 248 0.0996091856 -0.0672958876 0.0250139886 -3.68002179e-08 2.45891393e-08 1
LGIC_C 249 0.531128354 -0.0627466652 0.0250140115 -4.96100802e-08 3.14742968e-08 1
LGIC_C 250 0.261535245 0.543570954 0.0250140142 -4.80634192e-08 -3.37890445e-08 1
LGIC_C 251 0.0195525366 0.565064627 0.0250140112 -6.33660387e-09 4.96100877e-08 -1
LGIC_C 252 0.164481201 0.55636039 0.025014016 -3.14742949e-08 -4.96100822e-08 1
LGIC_C 253 0.504501147 0.270571042 0.0250140111 -4.82586616e-08 -1.31306776e-08 1
LGIC_C 255 -0.700552834 -0.0766592234 0.0250140116 -4.34088282e-08 2.70157287e-08 -1
LGIC_C 256 -0.31661406 0.574190897 0.0250140122 2.45891128e-08 -3.68002333e-08 1
LGIC_C 257 0.303234032 0.319444043 0.0250140025 -2.45891309e-08 -3.68002211e-08 1
LGIC_C 258 -0.303407361 0.559233092 0.0250140113 2.45891128e-08 -3.68002333e-08 1
LGIC_C 260 -0.0343086547 -0.583309731 0.0250140125 9.8680833e-09 4.96100963e-08 1
LGIC_C 261 0.0624313493 0.644115799 0.0250140118 -8.63455884e-09 -4.34088253e-08 1
LGIC_C 262 -0.328897973 0.369164111 0.0250140054 1.31306824e-08 -4.82586643e-08 1
LGIC_C 263 -0.676002128 -0.179161898 0.0250140078 -4.34088282e-08 2.70157287e-08 -1
LGIC_C 264 0.418045856 -0.357175687 0.0250140074 -3.68002179e-08 2.45891393e-08 1
LGIC_C 265 0.202553491 -0.00781112417 0.025013995 -5.78784275e-08 1.15127558e-08 1
LGIC_C 266 -0.158595265 -0.345035578 0.0250140001 3.95603082e-08 3.05989652e-08 1
LGIC_C 267 -0.297932418 -0.260268854 0.025014002 1.45571809e-08 5.5602105e-08 1
LGIC_C 268 -0.0549797288 -0.534636701 0.0250140082 -2.90231482e-08 4.96101036e-08 1
LGIC_C 269 -0.0916902238 0.589012557 0.0250140119 -6.33661298e-09 -4.96100859e-08 1
LGIC_C 271 -0.453654988 -0.429423582 0.0250140105 3.68002489e-08 2.45891179e-08 1
LGIC_C 272 -0.361968978 0.231061248 0.0250140038 -4.82586679e-08 1.31306769e-08 -1
LGIC_C 273 0.74611369 -0.162692322 0.0250140197 -4.34088182e-08 2.48392526e-08 1
LGIC_C 274 -0.34454329 0.414837569 0.025014007 2.45891128e-08 -3.68002333e-08 1
LGIC_C 275 -0.00289982379 -0.506149081 0.0250140053 2.48392553e-08 4.34088306e-08 1
LGIC_C 276 -0.101878689 -0.465403406 0.0250140034 -2.90231482e-08 4.96101036e-08 1
LGIC_C 278 0.332023562 0.314245797 0.0250140032 -3.68002282e-08 -2.45891172e-08 1
LGIC_C 279 0.145097187 -0.0161531105 0.0250139897 -4.34088226e-08 8.63456802e-09 1
LGIC_C 280 -0.24647974 -0.161835563 0.0250139958 1.45571809e-08 5.5602105e-08 1
LGIC_C 281 0.425438261 0.492421049 0.0250140203 -4.80634192e-08 -3.37890445e-08 1
LGIC_C 282 -0.255272347 -0.44571694 0.025014007 3.95603082e-08 3.05989652e-08 1
LGIC_C 283 -0.273350859 -0.504230387 0.0250140071 7.55636799e-08 6.2887973e-09 1
LGIC_C 284 0.247180563 -0.757921084 0.0250140183 -8.63454093e-09 4.34088369e-08 1
LGIC_C 286 -0.573558857 0.0270988925 0.0250140109 4.96100851e-08 2.90231542e-08 1
LGIC_C 287 -0.0777450825 -0.124667095 0.0250139897 2.45891453e-08 3.68002268e-08 1
LGIC_C 288 0.0441917494 -0.413142616 0.0250140035 6.33663526e-09 4.9610097e-08 1
LGIC_C 289 0.0416727637 0.00761964634 0.0250139851 -4.34088272e-08 -8.63453573e-09 1
LGIC_C 290 -0.369063156 -0.538741193 0.0250140163 2.81018674e-08 4.20574117e-08 1
LGIC_C 291 -0.499253463 0.421405617 0.025014012 3.68002297e-08 -2.45891157e-08 1
LGIC_C 292 0.396686153 0.401382261 0.0250140113 -2.81018716e-08 -4.20573923e-08 1
LGIC_C 293 -0.691908268 -0.071582905 0.0250140155 -4.96100919e-08 2.90231703e-08 -1
LGIC_C 295 -0.185774784 0.121862359 0.0250139937 6.28881943e-09 -7.55636452e-08 1
LGIC_C 296 0.489529228 0.226532745 0.0250140102 -4.20574004e-08 -2.81018564e-08 1
LGIC_C 297 0.0707073166 0.341105639 0.0250139987 -8.63455884e-09 -4.34088253e-08 1
LGIC_C 298 0.200044445 -0.532887762 0.0250140116 -9.86804037e-09 4.96101e-08 1
LGIC_C 299 -0.0386567946 -0.341442271 0.0250140006 9.8680833e-09 4.96100963e-08 1
LGIC_C 300 0.358125054 -0.0330133649 0.0250139996 -4.34088182e-08 2.48392526e-08 1
LGIC_C 301 0.136603184 0.41402251 0.0250140024 -8.63455884e-09 -4.34088253e-08 1
LGIC_C 302 0.396209312 0.364856313 0.0250140102 -4.20574004e-08 -2.81018564e-08 1
LGIC_C 303 -0.00184493353 0.380606599 0.0250140022 9.86805557e-09 -4.96100883e-08 1
LGIC_C 304 -0.13547526 0.337883106 0.0250139992 -6.33661298e-09 -4.96100859e-08 1
LGIC_C 305 -0.444967096 0.231767676 0.0250140053 3.68002297e-08 -2.45891157e-08 1
LGIC_C 306 0.216091197 0.0997918699 0.0250139954 3.37890593e-08 4.80634111e-08 -1
LGIC_C 307 -0.428128247 0.256322896 0.0250140073 -4.82586679e-08 1.31306769e-08 -1
LGIC_C 308 0.635600328 -0.301736153 0.025014014 -3.68002179e-08 2.45891393e-08 1
LGIC_C 309 0.142201932 0.13539389 0.0250139918 -3.68002282e-08 -2.45891172e-08 1
LGIC_C 310 0.132804242 0.806677244 0.0250140194 -8.63455884e-09 -4.34088253e-08 1
LGIC_C 311 0.60265013 0.609740693 0.0232420998 0.552996265 0.827617084 0.0961514014
LGIC_C 312 0.305141131 0.208421923 0.0250140019 -4.20574004e-08 -2.81018564e-08 1
LGIC_C 313 0.676599776 0.32427905 0.0250140161 -3.68002282e-08 -2.45891172e-08 1
LGIC_C 314 -0.218425654 0.540951838 0.0250140086 8.63455111e-09 -4.34088279e-08 1
LGIC_C 315 -0.0433586181 0.00781722709 0.0250139855 4.96100897e-08 -9.86805572e-09 1
LGIC_C 318 -0.22663106 -0.379772166 0.0250140014 -5.56021111e-08 -1.45571543e-08 -1
LGIC_C 319 -0.504244969 -0.0948334119 0.0250140026 -4.34088282e-08 2.70157287e-08 -1
LGIC_C 320 0.392621173 0.600797732 0.0250140196 -2.81018716e-08 -4.20573923e-08 1
LGIC_C 322 0.592756173 0.236996361 0.0250140203 -5.78784335e-08 -1.15127284e-08 1
LGIC_C 323 -0.33317101 -0.581494276 0.0250140171 2.81018674e-08 4.20574117e-08 1
LGIC_C 324 0.0614230865 0.692342711 0.0250140172 -6.33660387e-09 4.96100877e-08 -1
LGIC_C 325 0.479269959 0.605402677 0.0250140173 -2.45891309e-08 -3.68002211e-08 1
LGIC_C 326 0.234152485 0.67106913 0.0250140151 -6.33660387e-09 4.96100877e-08 -1
LGIC_C 327 -0.327416896 -0.0428986892 0.0250139983 -4.96100919e-08 2.90231703e-08 -1
LGIC_C 328 -0.449867587 0.0724912478 0.0250140046 4.34088279e-08 -2.48392273e-08 1
LGIC_C 329 0.614713119 -0.17951656 0.0250140155 -4.96100859e-08 9.86807898e-09 1
LGIC_C 330 0.336745607 -0.00669083624 0.0250140001 -4.96100802e-08 3.14742968e-08 1
LGIC_C 331 0.204927848 -0.116014417 0.0250139941 -3.05989503e-08 3.95603122e-08 1
LGIC_C 332 -0.00641804579 -0.411422071 0.0250140037 9.8680833e-09 4.96100963e-08 1
LGIC_C 333 0.512610644 0.171340197 0.025014007 -4.34088272e-08 -8.63453573e-09 1
LGIC_C 334 0.223405875 0.735178995 0.0250140171 -8.63455884e-09 -4.34088253e-08 1
LGIC_C 335 0.213624732 0.526938025 0.0250140081 -6.33660387e-09 4.96100877e-08 -1
LGIC_C 336 -0.672784622 0.00896100775 0.0250140127 4.34088279e-08 -2.48392273e-08 1
LGIC_C 337 -0.0112396321 -0.0113720357 0.025013984 5.39043203e-09 6.47688584e-08 1
LGIC_C 338 -0.22014147 0.349730625 0.0250140016 2.45891128e-08 -3.68002333e-08 1
LGIC_C 339 0.117935052 -0.174468759 0.0250139932 -1.31306721e-08 4.82586744e-08 1
LGIC_C 340 -0.279858737 0.56057499 0.0250140147 2.8101852e-08 -4.20574041e-08 1
LGIC_C 341 0.0171017821 -0.710191209 0.0250140142 -8.63454093e-09 4.34088369e-08 1
LGIC_C 342 -0.8095957 -0.0679552194 0.0250140166 -4.34088282e-08 2.70157287e-08 -1
LGIC_C 343 0.218349542 0.48814771 0.0250140097 1.3130701e-08 4.82586573e-08 -1
LGIC_C 344 -0.128046944 0.0108549023 0.0250139901 5.7878425e-08 4.89846948e-08 1
LGIC_C 346 0.341713092 0.326112238 0.0250140038 -3.68002282e-08 -2.45891172e-08 1
LGIC_C 347 0.451678148 -0.128067116 0.0250140069 -4.96100859e-08 9.86807898e-09 1
LGIC_C 349 -0.21417879 -0.520564859 0.0250140028 -2.90231482e-08 4.96101036e-08 1
LGIC_C 350 -0.273744717 0.395556029 0.0250140046 2.45891128e-08 -3.68002333e-08 1
LGIC_C 352 -0.168243018 -0.274432049 0.0250139983 3.95603082e-08 3.05989652e-08 1
LGIC_C 353 -0.311672085 0.134923108 0.0250140002 4.20574045e-08 -2.81018523e-08 1
LGIC_C 354 0.186350531 0.208713534 0.0250139973 -2.81018716e-08 -4.20573923e-08 1
LGIC_C 355 0.0631696291 -0.51021906 0.0250140121 1.00935263e-08 5.7878447e-08 1
LGIC_C 356 0.101317856 0.702515988 0.0250140146 -8.63455884e-09 -4.34088253e-08 1
LGIC_C 357 0.717806198 0.194385368 0.0250140176 -4.96100869e-08 6.3366408e-09 1
LGIC_C 358 0.100688267 -0.0604902392 0.0250139901 -4.90669481e-08 3.27855328e-08 1
LGIC_C 359 -0.268562279 0.228716547 0.0250140022 6.28881943e-09 -7.55636452e-08 1
LGIC_C 360 -0.50051001 0.453606537 0.0250140134 -4.82586679e-08 1.31306769e-08 -1
LGIC_C 361 0.605984725 -0.137241551 0.0250140146 -4.96100859e-08 9.86807898e-09 1
LGIC_C 362 -0.439403029 -0.095243878 0.0250140023 -4.96100919e-08 2.90231703e-08 -1
LGIC_C 363 -0.317980729 0.412854688 0.0250140074 1.31306824e-08 -4.82586643e-08 1
LGIC_C 365 0.577005206 -0.387516296 0.0250140184 -4.20573976e-08 2.81018683e-08 1
LGIC_C 366 -0.322287424 -0.707588013 0.0250140177 3.95603082e-08 3.05989652e-08 1
LGIC_C 367 0.393453062 -0.0942491238 0.0250140026 -4.34088182e-08 2.48392526e-08 1
LGIC_C 368 -0.151696328 -0.371403133 0.0250140031 2.48392553e-08 4.34088306e-08 1
LGIC_C 369 -0.124845556 -0.668074922 0.0250140127 -2.90231482e-08 4.96101036e-08 1
LGIC_C 370 -0.28255325 -0.634283147 0.0250140135 2.45891453e-08 3.68002268e-08 1
LGIC_C 371 0.269051517 0.0251575203 0.0250139951 -4.34088272e-08 -8.63453573e-09 1
LGIC_C 372 -0.000865370079 0.398958253 0.0250140006 8.63455111e-09 -4.34088279e-08 1
LGIC_C 373 -0.690388955 0.431994292 0.0250140193 3.68002297e-08 -2.45891157e-08 1
LGIC_C 374 0.0354407624 -0.157225931 0.0250139908 6.33663526e-09 4.9610097e-08 1
LGIC_C 375 0.164018181 -0.664555664 0.02501402 1.00935263e-08 5.7878447e-08 1
LGIC_C 376 0.397804602 0.371128209 0.0250140104 -4.20574004e-08 -2.81018564e-08 1
LGIC_C 377 0.302232859 0.148065536 0.025013998 -3.68002282e-08 -2.45891172e-08 1
LGIC_C 378 -0.590588828 0.0593391678 0.0250140108 4.96100851e-08 2.90231542e-08 1
LGIC_C 379 -0.0292564111 -0.480377095 0.0250140074 9.8680833e-09 4.96100963e-08 1
LGIC_C 380 0.143007538 0.580510444 0.0250140135 -9.86806672e-09 -4.96100854e-08 1
LGIC_C 381 0.00180258134 0.653923032 0.0250140157 -6.33660387e-09 4.96100877e-08 -1
LGIC_C 382 0.542110241 -0.29022228 0.0250140155 -3.37890406e-08 4.80634332e-08 1
LGIC_C 384 -0.448390083 -0.425781341 0.0250140182 6.28883752e-09 7.55636663e-08 1
LGIC_C 386 0.478316022 -0.453295034 0.025014012 -3.68002179e-08 2.45891393e-08 1
LGIC_C 387 0.54447888 -0.238045675 0.0250140131 -3.37890406e-08 4.80634332e-08 1
LGIC_C 388 -0.00931077869 0.425746109 0.0250140047 -3.14742797e-08 4.96100914e-08 -1
LGIC_C 390 0.520941033 -0.0788178184 0.0250140078 -4.34088182e-08 2.48392526e-08 1
LGIC_C 392 -0.211410623 -0.55377648 0.0250140046 -2.90231482e-08 4.96101036e-08 1
LGIC_C 393 -0.0443363657 -0.267054169 0.0250139952 8.63456455e-09 4.34088336e-08 1
LGIC_C 395 0.332526772 0.374472026 0.0250140057 1.3130701e-08 4.82586573e-08 -1
LGIC_C 396 0.280037529 0.385572316 0.0250140055 1.3130701e-08 4.82586573e-08 -1
LGIC_C 397 -0.651823617 0.264877152 0.0250140138 4.34088259e-08 -8.63455061e-09 1
LGIC_C 398 -0.554384914 0.246361808 0.0250140138 3.37890593e-08 -4.80634052e-08 1
LGIC_C 399 0.606165327 -0.153263751 0.0250140181 -4.96100802e-08 3.14742968e-08 1
NT 7181 0.768027219 -4.43223607 -2.76543025 0 0 0
NT 7817 -0.125961822 3.85566731 -1.56960808 0 0 0
LGIC_O 4402 -0.0345878633 0.265675272 0.025013999 1.15127271e-08 -5.78784352e-08 1
LGIC_O 4401 -0.1840676 0.0972239463 0.0250139942 3.37890593e-08 -4.80634052e-08 1
LGIC_O 4400 -0.175025146 0.0137516014 0.0250139927 5.7878425e-08 4.89846948e-08 1
LGIC_O 8441 0.636913646 -0.12672076 0.0250140188 -4.96100802e-08 3.14742968e-08 1
LGIC_O 8440 0.314831804 -0.521242477 0.0250140191 -3.27854948e-08 4.90669785e-08 1
LGIC_O 8439 0.567487089 -0.204519113 0.0250140184 -5.78784275e-08 1.15127558e-08 1
LGIC_O 8438 -0.495463838 -0.478991786 0.0250140171 1.45571809e-08 5.5602105e-08 1
LGIC_O 8437 -0.0865332912 0.0753896135 0.0250139898 3.37890593e-08 -4.80634052e-08 1
LGIC_O 8436 0.281965125 0.349247805 0.0250140096 -3.27855134e-08 -4.90669575e-08 1
LGIC_O 8435 -0.281577291 0.489075666 0.0250140165 3.27854968e-08 -4.90669676e-08 1
LGIC_O 8434 -0.605092982 -0.110313414 0.0250140129 5.7878436e-08 -4.89847332e-08 1
LGIC_O 8433 0.701586212 -0.0117142491 0.0250140184 -4.96100802e-08 3.14742968e-08 1
LGIC_O 8432 0.426050556 0.664856809 0.0250140182 -2.45891309e-08 -3.68002211e-08 1
LGIC_O 8431 -0.53569519 -0.176489801 0.025014008 4.34088238e-08 8.63459484e-09 1
LGIC_O 8430 -0.206044735 -0.180448528 0.0250139982 6.28883752e-09 7.55636663e-08 1
LGIC_O 8429 0.342033035 -0.34268384 0.0250140113 -3.27854948e-08 4.90669785e-08 1
LGIC_O 8428 0.576112066 -0.314703408 0.0250140178 -3.37890406e-08 4.80634332e-08 1
LGIC_O 8427 0.236726308 -0.318077646 0.0250140066 -3.27854948e-08 4.90669785e-08 1
LGIC_O 8426 -0.0976488914 -0.110862836 0.0250139913 7.55636799e-08 6.2887973e-09 1
LGIC_O 8425 0.534646383 -0.195059479 0.0250140164 -5.78784275e-08 1.15127558e-08 1
LGIC_O 8424 0.219544679 -0.315091025 0.0250140059 -3.27854948e-08 4.90669785e-08 1
LGIC_O 8423 -0.608846757 -0.593779315 0.0250140203 3.68002489e-08 2.45891179e-08 1
LGIC_O 8422 0.564815598 -0.372450199 0.0250140202 -3.37890406e-08 4.80634332e-08 1
LGIC_O 8421 0.550750457 0.0902902064 0.0250140162 -5.78784335e-08 -1.15127284e-08 1
LGIC_O 8420 0.175418091 0.0610257495 0.0250139941 -5.78784335e-08 -1.15127284e-08 1
LGIC_O 8419 0.142777714 0.100831833 0.0250139936 -4.90669739e-08 -3.27854893e-08 1
LGIC_O 4418 0.0575220985 -0.190210297 0.0250139949 -1.15127059e-08 5.78784511e-08 1
LGIC_O 4417 -0.118754336 -0.170834128 0.0250139938 2.81018674e-08 4.20574117e-08 1
LGIC_O 4416 0.593239316 0.0786534269 0.0250140185 -5.78784335e-08 -1.15127284e-08 1
LGIC_O 4415 0.0853954366 -0.420999761 0.0250140086 -1.15127059e-08 5.78784511e-08 1
LGIC_O 4414 -0.374457097 -0.228026162 0.0250140026 3.68002489e-08 2.45891179e-08 1
LGIC_O 4413 0.577482781 -0.285169834 0.0250140164 -3.37890406e-08 4.80634332e-08 1
LGIC_O 4412 -0.484325859 0.306166979 0.0250140144 3.37890593e-08 -4.80634052e-08 1
LGIC_O 4411 0.44777829 -0.0963194904 0.0250140103 -5.78784275e-08 1.15127558e-08 1
LGIC_O 4410 0.28281874 -0.503567977 0.0250140172 -3.27854948e-08 4.90669785e-08 1
LGIC_O 4409 -0.116204576 -0.152585731 0.025013993 7.55636799e-08 6.2887973e-09 1
LGIC_O 4408 -0.333519821 0.289166147 0.0250140084 3.37890593e-08 -4.80634052e-08 1
LGIC_O 4407 -0.148720782 -0.636306108 0.0250140163 9.8680833e-09 4.96100963e-08 1
LGIC_O 4406 0.336173082 -0.328141715 0.0250140105 -4.90669481e-08 3.27855328e-08 1
LGIC_O 4405 -0.249510429 -0.168914007 0.0250139976 6.28883752e-09 7.55636663e-08 1
LGIC_O 4404 0.0811982327 0.141649416 0.0250139929 -3.27855134e-08 -4.90669575e-08 1
LGIC_O 4403 0.0533120499 -0.19689515 0.0250139952 -1.15127059e-08 5.78784511e-08 1
