LGIC_C 0 0.427768659 0.183059584 0.0250140064 -4.20574004e-08 -2.81018564e-08 1
LGIC_C 1 -0.247839414 0.070164396 0.0250139946 4.34088259e-08 -8.63455061e-09 1
LGIC_C 2 -0.548671598 0.124333401 0.0250140117 4.96100897e-08 -9.86805572e-09 1
LGIC_C 3 0.258346293 -0.693924458 0.0250140202 -9.86804037e-09 4.96101e-08 1
LGIC_C 4 -0.462701354 -0.227188124 0.0250140033 6.28883752e-09 7.55636663e-08 1
LGIC_C 5 0.0907979962 -0.593367181 0.0250140167 1.00935263e-08 5.7878447e-08 1
LGIC_C 6 -0.318323659 0.503129547 0.0250140162 1.28239438e-08 -5.73353116e-08 1
LGIC_C 7 -0.719191803 0.439877236 0.0134105867 -0.827617296 0.552995934 0.0961514895
LGIC_C 8 -0.138175475 0.308087409 0.025013998 2.45891128e-08 -3.68002333e-08 1
LGIC_C 9 -0.429584729 -0.28686409 0.0250140076 6.28883752e-09 7.55636663e-08 1
LGIC_C 10 -0.338257345 -0.614067788 0.0250140154 3.95603082e-08 3.05989652e-08 1
LGIC_C 11 0.159062611 0.552914833 0.0250140097 -6.33660387e-09 4.96100877e-08 -1
LGIC_C 12 0.397542461 0.222560639 0.02501401 -4.90669739e-08 -3.27854893e-08 1
LGIC_C 13 0.724030706 -0.0959558192 0.0250140201 -4.96100859e-08 9.86807898e-09 1
LGIC_C 14 0.67465149 0.252166594 0.0250140151 -4.96100869e-08 6.3366408e-09 1
LGIC_C 15 -0.480167135 -0.341670235 0.0250140079 5.39043203e-09 6.47688584e-08 1
LGIC_C 16 0.635712526 -0.094714639 0.0250140157 -4.96100859e-08 9.86807898e-09 1
LGIC_C 17 -0.565093458 0.389865337 0.0250140157 -4.82586679e-08 1.31306769e-08 -1
LGIC_C 18 0.33088619 -0.470092819 0.0250140123 -2.81018481e-08 4.20574137e-08 1
LGIC_C 21 -0.0322180032 -0.229335624 0.0250139937 -2.90231482e-08 4.96101036e-08 1
LGIC_C 22 0.216103764 0.604319021 0.0250140154 -9.86806672e-09 -4.96100854e-08 1
LGIC_C 23 -0.527927856 0.447552822 0.0250140137 3.68002297e-08 -2.45891157e-08 1
LGIC_C 24 0.120968621 0.437019323 0.0250140061 -9.86806672e-09 -4.96100854e-08 1
LGIC_C 25 0.344549417 -0.0564226634 0.0250139987 -4.34088226e-08 8.63456802e-09 1
LGIC_C 27 -0.281705913 0.560161601 0.02501402 3.27854968e-08 -4.90669676e-08 1
LGIC_C 28 0.671160486 0.126549374 0.0250140135 -4.34088272e-08 -8.63453573e-09 1
LGIC_C 30 0.691212538 0.130916595 0.0250140167 -4.96100869e-08 6.3366408e-09 1
LGIC_C 31 -0.43594295 -0.438026629 0.0250140139 -5.56021111e-08 -1.45571543e-08 -1
LGIC_C 32 0.059605835 0.108726639 0.0250139893 1.3130701e-08 4.82586573e-08 -1
LGIC_C 33 -0.0200394284 0.631945132 0.0250140109 8.63455111e-09 -4.34088279e-08 1
LGIC_C 35 -0.158692349 -0.477628939 0.0250140023 -2.90231482e-08 4.96101036e-08 1
LGIC_C 36 0.462865121 -0.593595649 0.0250140165 -2.45891087e-08 3.68002429e-08 1
LGIC_C 37 0.10488146 0.790451424 0.0250140185 -8.63455884e-09 -4.34088253e-08 1
LGIC_C 38 0.771543137 -0.344133372 0.0250140204 -3.05989503e-08 3.95603122e-08 1
LGIC_C 39 0.691088718 0.249636202 0.0250140154 -4.34088272e-08 -8.63453573e-09 1
LGIC_C 40 -0.669231611 -0.000202515352 0.0250140123 4.34088279e-08 -2.48392273e-08 1
LGIC_C 41 -0.546538601 0.625076277 0.0250140197 2.45891128e-08 -3.68002333e-08 1
LGIC_C 42 -0.27827282 -0.694177301 0.0250140158 8.63456455e-09 4.34088336e-08 1
LGIC_C 43 -0.599037198 -0.458142942 0.025014013 1.15916899e-08 4.97976879e-08 1
LGIC_C 44 0.285794256 0.498563657 0.0250140111 1.3130701e-08 4.82586573e-08 -1
LGIC_C 45 -0.00409713125 -0.177919956 0.0250139911 2.48392553e-08 4.34088306e-08 1
LGIC_C 46 -0.215124095 -0.210413963 0.025013998 5.39043203e-09 6.47688584e-08 1
LGIC_C 47 0.525039241 -0.163159248 0.0250140155 -5.78784275e-08 1.15127558e-08 1
LGIC_C 48 -0.107242092 -0.4059243 0.0250140018 8.63456455e-09 4.34088336e-08 1
LGIC_C 51 -0.584258475 -0.012286896 0.0250140087 4.34088238e-08 8.63459484e-09 1
LGIC_C 52 0.658697492 -0.19331074 0.0250140166 -4.34088182e-08 2.48392526e-08 1
LGIC_C 53 0.380822834 -0.100977618 0.0250140023 -4.34088182e-08 2.48392526e-08 1
LGIC_C 54 -0.033471596 -0.210956404 0.0250139938 -4.89847109e-08 5.78784581e-08 1
LGIC_C 55 0.432370985 0.520670476 0.0250140141 1.3130701e-08 4.82586573e-08 -1
LGIC_C 56 -0.156374865 -0.245517556 0.0250139955 -5.56021111e-08 -1.45571543e-08 -1
LGIC_C 57 -0.0975006703 0.412365976 0.0250140068 -3.14742797e-08 4.96100914e-08 -1
LGIC_C 58 0.483882362 -0.117871081 0.0250140072 -4.34088182e-08 2.48392526e-08 1
LGIC_C 59 -0.353045551 -0.194036604 0.0250139992 1.45571809e-08 5.5602105e-08 1
LGIC_C 60 0.123885891 0.539898623 0.0250140139 -3.14742949e-08 -4.96100822e-08 1
LGIC_C 61 -0.421165377 0.306666827 0.0250140096 4.20574045e-08 -2.81018523e-08 1
LGIC_C 62 -0.0499405848 0.3875685 0.0250140041 -3.14742797e-08 4.96100914e-08 -1
LGIC_C 63 0.262190427 -0.0221030432 0.0250139965 -4.96100859e-08 9.86807898e-09 1
LGIC_C 64 -0.244404903 0.0239871128 0.0250139962 5.7878425e-08 4.89846948e-08 1
LGIC_C 65 0.0114358599 0.350410708 0.0250140006 -6.33660387e-09 4.96100877e-08 -1
LGIC_C 66 -0.218928635 -0.339284798 0.0250140011 2.45891453e-08 3.68002268e-08 1
LGIC_C 67 -0.457808008 0.419979008 0.0250140179 6.28881943e-09 -7.55636452e-08 1
LGIC_C 68 -0.695985786 -0.126816639 0.0250140101 -4.34088282e-08 2.70157287e-08 -1
LGIC_C 69 -0.647201538 -0.291068849 0.0250140142 3.68002489e-08 2.45891179e-08 1
LGIC_C 70 -0.0536736181 0.371078709 0.0250139998 8.63455111e-09 -4.34088279e-08 1
LGIC_C 72 0.124092013 0.40822716 0.0250140021 -8.63455884e-09 -4.34088253e-08 1
LGIC_C 73 -0.011817901 0.0120305365 0.025013984 1.31306824e-08 -4.82586643e-08 1
LGIC_C 74 0.535780618 0.491495477 0.0250140155 -4.82586616e-08 -1.31306776e-08 1
LGIC_C 75 0.513983839 -0.6019056 0.025014018 -2.45891087e-08 3.68002429e-08 1
LGIC_C 76 -0.707772111 0.0556245472 0.0250140168 4.96100851e-08 2.90231542e-08 1
LGIC_C 77 0.337589878 -0.269034919 0.0250140042 -3.05989503e-08 3.95603122e-08 1
LGIC_C 79 -0.616901967 -0.282609376 0.0250140045 1.15916899e-08 4.97976879e-08 1
LGIC_C 80 0.736485027 0.0218529537 0.0250140154 -4.34088272e-08 -8.63453573e-09 1
LGIC_C 81 0.0630567403 0.64388419 0.0250140148 -6.33660387e-09 4.96100877e-08 -1
LGIC_C 82 0.437034501 -0.272530081 0.0250140074 -3.05989503e-08 3.95603122e-08 1
LGIC_C 83 -0.365983819 0.218457927 0.0250140038 -4.82586679e-08 1.31306769e-08 -1
LGIC_C 84 0.21155882 0.50861012 0.0250140106 1.3130701e-08 4.82586573e-08 -1
LGIC_C 85 -0.0322781133 0.0454843896 0.0250139863 1.28239438e-08 -5.73353116e-08 1
LGIC_C 87 -0.338392808 -0.219460101 0.0250140004 1.45571809e-08 5.5602105e-08 1
LGIC_C 88 -0.505973047 -0.462138714 0.0250140121 1.15916899e-08 4.97976879e-08 1
LGIC_C 89 0.232371272 -0.495599904 0.0250140102 -1.31306721e-08 4.82586744e-08 1
LGIC_C 90 -0.3629473 -0.35968215 0.0250140085 1.45571809e-08 5.5602105e-08 1
LGIC_C 91 0.175048678 0.826941203 -0.0137475185 0.194186548 0.976240951 0.0961519121
LGIC_C 92 0.198115569 -0.752341157 0.0250140193 6.33663526e-09 4.9610097e-08 1
LGIC_C 93 -0.0186709104 0.562963771 0.0250140111 -6.33661298e-09 -4.96100859e-08 1
LGIC_C 94 0.171484342 -0.010950039 0.0250139921 -4.96100802e-08 3.14742968e-08 1
LGIC_C 95 -0.325225661 -0.446908186 0.0250140079 -5.56021111e-08 -1.45571543e-08 -1
LGIC_C 96 0.264082676 -0.0915431196 0.0250139972 -4.96100859e-08 9.86807898e-09 1
LGIC_C 97 -0.416243904 0.0674499179 0.0250140019 4.96100851e-08 2.90231542e-08 1
LGIC_C 98 -0.309697159 -0.621802821 0.0250140145 3.95603082e-08 3.05989652e-08 1
LGIC_C 99 0.211635988 -0.0580927497 0.0250139956 -4.96100802e-08 3.14742968e-08 1
LGIC_C 100 -0.399468195 -0.447419962 0.0250140095 2.45891453e-08 3.68002268e-08 1
LGIC_C 101 -0.353578305 0.0424761848 0.0250140012 4.96100897e-08 -9.86805572e-09 1
LGIC_C 102 -0.409732688 0.440140505 0.0250140138 1.28239438e-08 -5.73353116e-08 1
LGIC_C 103 -0.434475899 -0.0176576104 0.0250140017 -4.34088282e-08 2.70157287e-08 -1
LGIC_C 104 0.58620422 -0.211570219 0.0250140144 -4.96100859e-08 9.86807898e-09 1
LGIC_C 105 -0.280038096 0.123748841 0.0250139966 3.68002297e-08 -2.45891157e-08 1
LGIC_C 106 -0.266066246 0.752146181 0.0250140182 8.63455111e-09 -4.34088279e-08 1
LGIC_C 107 -0.653023623 -0.253091281 0.0250140138 4.34088238e-08 8.63459484e-09 1
LGIC_C 108 -0.0445149566 -0.484046658 0.0250140054 2.48392553e-08 4.34088306e-08 1
LGIC_C 110 -0.285529359 -0.718759327 0.0250140169 8.63456455e-09 4.34088336e-08 1
LGIC_C 111 -0.506701873 -0.105082433 0.0250140054 -4.96100919e-08 2.90231703e-08 -1
LGIC_C 112 0.675562315 -0.0962068578 0.0250140198 -4.96100802e-08 3.14742968e-08 1
LGIC_C 113 -0.0562518864 -0.713284863 0.0250140156 2.48392553e-08 4.34088306e-08 1
LGIC_C 114 -0.345731511 0.401133588 0.0250140107 1.28239438e-08 -5.73353116e-08 1
LGIC_C 115 0.462492979 -0.393696893 0.025014013 -3.05989503e-08 3.95603122e-08 1
LGIC_C 116 0.115142401 -0.475486441 0.0250140096 1.00935263e-08 5.7878447e-08 1
LGIC_C 117 -0.206652478 -0.0798190398 0.0250139901 -4.34088282e-08 2.70157287e-08 -1
LGIC_C 118 -0.325583652 -0.352130482 0.0250140065 -5.56021111e-08 -1.45571543e-08 -1
LGIC_C 119 0.0990067517 0.474704808 0.0250140078 -9.86806672e-09 -4.96100854e-08 1
LGIC_C 120 0.00986592474 0.506938405 0.0250140084 -6.33660387e-09 4.96100877e-08 -1
LGIC_C 121 -0.493182112 -0.470904988 0.0250140124 1.15916899e-08 4.97976879e-08 1
LGIC_C 122 0.623363821 -0.392669799 0.0250140158 -3.68002179e-08 2.45891393e-08 1
LGIC_C 124 0.569648365 -0.468113055 0.0250140157 -3.68002179e-08 2.45891393e-08 1
LGIC_C 125 0.12858874 -0.171694625 0.0250139932 -1.31306721e-08 4.82586744e-08 1
LGIC_C 126 0.612929513 -0.403481309 0.0250140179 -3.05989503e-08 3.95603122e-08 1
LGIC_C 127 0.205017012 -0.265212429 0.0250139987 -1.31306721e-08 4.82586744e-08 1
LGIC_C 128 0.238756274 -0.298399729 0.0250140001 -2.45891087e-08 3.68002429e-08 1
LGIC_C 129 0.436522428 -0.0709539284 0.0250140028 -4.34088226e-08 8.63456802e-09 1
LGIC_C 130 -0.537205946 0.210050818 0.0250140084 4.34088259e-08 -8.63455061e-09 1
LGIC_C 131 0.408071716 0.195281201 0.0250140055 -4.82586616e-08 -1.31306776e-08 1
LGIC_C 132 -0.15543641 0.051592862 0.0250139897 5.7878425e-08 4.89846948e-08 1
LGIC_C 133 -0.589509897 -0.0510700566 0.0250140093 4.34088238e-08 8.63459484e-09 1
LGIC_C 134 0.226626866 -0.626316753 0.0250140124 -8.63454093e-09 4.34088369e-08 1
LGIC_C 135 -0.244336864 -0.25133337 0.0250140007 2.81018674e-08 4.20574117e-08 1
LGIC_C 136 0.412398453 -0.341058387 0.0250140068 -3.68002179e-08 2.45891393e-08 1
LGIC_C 137 0.357658755 -0.398759844 0.0250140072 -1.31306721e-08 4.82586744e-08 1
LGIC_C 138 -0.673858617 -0.255392289 0.025014006 4.96100935e-08 -4.19869172e-08 1
LGIC_C 139 0.161828428 -0.0114881644 0.0250139916 -4.96100802e-08 3.14742968e-08 1
LGIC_C 140 0.531965482 0.565177193 0.0250140171 -2.45891309e-08 -3.68002211e-08 1
LGIC_C 141 0.453995263 0.0933794427 0.0250140038 -4.34088272e-08 -8.63453573e-09 1
LGIC_C 142 -0.432493171 -0.568095496 0.0250140177 3.95603082e-08 3.05989652e-08 1
LGIC_C 144 -0.46896419 -0.488078391 0.0250140164 -5.56021111e-08 -1.45571543e-08 -1
LGIC_C 145 0.216280174 0.000977659247 0.025013994 -4.96100869e-08 6.3366408e-09 1
LGIC_C 146 0.0606463857 0.535729488 0.0250140104 -9.86806672e-09 -4.96100854e-08 1
LGIC_C 147 -0.349945787 -0.330120324 0.0250140037 1.15916899e-08 4.97976879e-08 1
LGIC_C 149 0.516637054 0.47049325 0.0250140138 -3.68002282e-08 -2.45891172e-08 1
LGIC_C 150 0.366025407 0.142260693 0.0250140005 -4.96100869e-08 6.3366408e-09 1
LGIC_C 151 -0.0957848118 -0.702875496 0.0250140146 8.63456455e-09 4.34088336e-08 1
LGIC_C 152 0.278809143 0.523453998 0.0250140122 1.3130701e-08 4.82586573e-08 -1
LGIC_C 153 0.161240826 -0.211634056 0.0250139974 -1.28239349e-08 5.73353226e-08 1
LGIC_C 154 0.132275127 0.435214562 0.0250140062 -9.86806672e-09 -4.96100854e-08 1
LGIC_C 155 -0.504651475 0.138453474 0.0250140064 4.34088259e-08 -8.63455061e-09 1
LGIC_C 156 -0.269163443 0.0457935152 0.0250139953 4.34088259e-08 -8.63455061e-09 1
LGIC_C 157 -0.458385742 0.243123281 0.0250140045 6.28881943e-09 -7.55636452e-08 1
LGIC_C 158 0.337958742 0.163947964 0.0250140026 3.37890593e-08 4.80634111e-08 -1
LGIC_C 159 0.778443292 0.0862872188 0.0250140178 -4.34088272e-08 -8.63453573e-09 1
LGIC_C 160 -0.340082136 -0.106785392 0.0250139952 -4.34088282e-08 2.70157287e-08 -1
LGIC_C 161 -0.384550904 0.0173291123 0.0250140025 4.96100897e-08 -9.86805572e-09 1
LGIC_C 162 0.426601951 0.0646220936 0.025014005 -4.96100911e-08 -9.86803575e-09 1
LGIC_C 163 0.342678989 -0.226041578 0.025014004 -4.20573976e-08 2.81018683e-08 1
LGIC_C 164 0.293904798 -0.586506747 0.0250140154 -1.31306721e-08 4.82586744e-08 1
LGIC_C 165 -0.357234876 0.0136184826 0.0250140006 4.96100851e-08 2.90231542e-08 1
LGIC_C 166 -0.131196626 -0.700401288 0.0250140169 2.48392553e-08 4.34088306e-08 1
LGIC_C 167 -0.570568972 0.545619696 0.0250140177 3.68002297e-08 -2.45891157e-08 1
LGIC_C 168 -0.486151008 -0.237959151 0.0250140013 5.39043203e-09 6.47688584e-08 1
LGIC_C 169 0.669378344 -0.523402637 -0.0288964453 0.827616944 -0.552996408 0.0961517878
LGIC_C 171 -0.229901481 0.344913941 0.025014006 1.28239438e-08 -5.73353116e-08 1
LGIC_C 172 0.268827794 0.124566835 0.0250139981 -4.20574004e-08 -2.81018564e-08 1
LGIC_C 173 0.679536319 0.316518959 0.025014016 -3.68002282e-08 -2.45891172e-08 1
LGIC_C 174 -0.0858661587 -0.509989626 0.0250140075 2.48392553e-08 4.34088306e-08 1
LGIC_C 175 0.431904637 -0.327585677 0.0250140136 -3.37890406e-08 4.80634332e-08 1
LGIC_C 177 0.30236972 0.359573172 0.0250140069 -2.81018716e-08 -4.20573923e-08 1
LGIC_C 178 0.124483257 -0.592607574 0.0250140118 6.33663526e-09 4.9610097e-08 1
LGIC_C 180 -0.124328672 0.236352704 0.0250139967 2.8101852e-08 -4.20574041e-08 1
LGIC_C 181 -0.669112418 -0.304864173 0.0250140066 5.39043203e-09 6.47688584e-08 1
LGIC_C 183 0.675400759 0.286000681 0.0250140196 -4.82586616e-08 -1.31306776e-08 1
LGIC_C 184 0.687771881 -0.0539085529 0.0250140144 -4.34088182e-08 2.48392526e-08 1
LGIC_C 185 0.378263802 -0.218266343 0.0250140034 -3.05989503e-08 3.95603122e-08 1
LGIC_C 186 -0.622888362 -0.280442213 0.0250140048 5.39043203e-09 6.47688584e-08 1
LGIC_C 188 -0.769040375 0.0654011561 0.0250140172 4.34088259e-08 -8.63455061e-09 1
LGIC_C 189 -0.549504979 0.303842792 0.0250140149 4.20574045e-08 -2.81018523e-08 1
LGIC_C 190 0.346285755 -0.698236608 0.0250140174 -2.45891087e-08 3.68002429e-08 1
LGIC_C 191 -0.465165272 -0.266605206 0.025014003 5.39043203e-09 6.47688584e-08 1
LGIC_C 192 -0.261603142 0.0930481216 0.0250139954 4.34088259e-08 -8.63455061e-09 1
LGIC_C 193 0.215120365 0.0693399934 0.0250139946 -4.96100911e-08 -9.86803575e-09 1
LGIC_C 194 -0.725878491 0.349387094 0.0250140186 3.68002297e-08 -2.45891157e-08 1
LGIC_C 195 0.37727962 0.396838447 0.0250140105 -2.81018716e-08 -4.20573923e-08 1
LGIC_C 196 0.714759377 0.365160436 0.0250140185 -3.68002282e-08 -2.45891172e-08 1
LGIC_C 197 -0.241647759 -0.542536505 0.0250140092 2.45891453e-08 3.68002268e-08 1
LGIC_C 198 0.504530264 -0.0625688595 0.0250140057 -4.34088226e-08 8.63456802e-09 1
LGIC_C 199 0.662712546 0.227966669 0.0250140147 -4.96100869e-08 6.3366408e-09 1
LGIC_C 200 0.69907748 -0.326555746 0.025014017 -3.68002179e-08 2.45891393e-08 1
LGIC_C 201 0.231286567 0.124874919 0.0250139965 -4.20574004e-08 -2.81018564e-08 1
LGIC_C 202 -0.0211197015 -0.349489873 0.0250139989 2.48392553e-08 4.34088306e-08 1
LGIC_C 203 -0.16996446 -0.00385573031 0.0250139915 4.96100935e-08 -4.19869172e-08 1
LGIC_C 204 -0.406014533 0.564248281 0.0250140184 2.8101852e-08 -4.20574041e-08 1
LGIC_C 205 -0.0557920658 0.256376719 0.0250139965 9.86805557e-09 -4.96100883e-08 1
LGIC_C 206 0.686135243 -0.356562234 0.0250140172 -3.68002179e-08 2.45891393e-08 1
LGIC_C 207 -0.151452258 -0.461624402 0.0250140025 -4.89847109e-08 5.78784581e-08 1
LGIC_C 208 -0.460460984 0.424375693 0.0250140111 -4.82586679e-08 1.31306769e-08 -1
LGIC_C 209 -0.0285771842 0.002620535 0.0250139873 -1.38908237e-07 2.76305608e-08 -1
LGIC_C 210 0.102857578 0.281154251 0.0250139982 -9.86806672e-09 -4.96100854e-08 1
LGIC_C 212 -0.384847321 -0.56028829 0.0250140128 -5.56021111e-08 -1.45571543e-08 -1
LGIC_C 213 0.349092441 -0.386486928 0.0250140093 -2.81018481e-08 4.20574137e-08 1
LGIC_C 214 0.461590391 -0.0893602526 0.025014004 -4.34088226e-08 8.63456802e-09 1
LGIC_C 215 -0.517705099 -0.0264399204 0.025014006 4.34088238e-08 8.63459484e-09 1
LGIC_C 216 0.154729388 -0.213542154 0.0250139956 -1.31306721e-08 4.82586744e-08 1
LGIC_C 217 0.452652402 -0.358553074 0.0250140158 -3.37890406e-08 4.80634332e-08 1
LGIC_C 218 -0.287675814 0.480604301 0.0250140102 1.31306824e-08 -4.82586643e-08 1
LGIC_C 219 -0.270459607 -0.441272154 0.0250140075 3.95603082e-08 3.05989652e-08 1
LGIC_C 220 -0.728786291 -0.302539259 0.0250140175 3.68002489e-08 2.45891179e-08 1
LGIC_C 221 0.651287966 -0.431885463 0.0250140178 -3.68002179e-08 2.45891393e-08 1
LGIC_C 222 -0.52588251 -0.215045877 0.0250140032 5.7878436e-08 -4.89847332e-08 1
LGIC_C 223 0.207907568 0.381853278 0.0250140061 -4.80634192e-08 -3.37890445e-08 1
LGIC_C 224 -0.383145332 0.0491959939 0.0250140008 4.96100851e-08 2.90231542e-08 1
LGIC_C 225 0.216185217 -0.662399664 0.0250140139 -8.63454093e-09 4.34088369e-08 1
LGIC_C 226 0.382919443 -0.157603652 0.0250140012 -4.34088226e-08 8.63456802e-09 1
LGIC_C 227 -0.171222913 0.499945774 0.0250140064 8.63455111e-09 -4.34088279e-08 1
LGIC_C 228 0.257351343 -0.32265833 0.0250140022 -1.31306721e-08 4.82586744e-08 1
LGIC_C 229 -0.529853738 -0.0707704503 0.0250140069 4.34088238e-08 8.63459484e-09 1
LGIC_C 230 -0.678558146 -0.173489193 0.025014008 -4.34088282e-08 2.70157287e-08 -1
LGIC_C 231 0.555253499 0.234789998 0.0250140132 -4.20574004e-08 -2.81018564e-08 1
LGIC_C 232 -0.325931283 0.796125224 -0.00693435133 -0.194186261 0.976241022 0.0961517721
LGIC_C 233 0.306340411 0.250730458 0.0250140013 -4.82586616e-08 -1.31306776e-08 1
LGIC_C 234 -0.00252017831 -0.431078695 0.025014002 8.63456455e-09 4.34088336e-08 1
LGIC_C 235 0.38011242 0.450254006 0.0250140129 -2.81018716e-08 -4.20573923e-08 1
LGIC_C 236 0.279139682 0.00366128538 0.0250139971 -4.96100869e-08 6.3366408e-09 1
LGIC_C 239 0.492656447 -0.210828908 0.0250140099 -4.20573976e-08 2.81018683e-08 1
LGIC_C 240 0.137846595 -0.240061407 0.0250139988 -1.28239349e-08 5.73353226e-08 1
LGIC_C 241 -0.158344213 0.190181616 0.0250139957 2.8101852e-08 -4.20574041e-08 1
LGIC_C 242 0.599204541 -0.313733751 0.0250140185 -3.37890406e-08 4.80634332e-08 1
LGIC_C 243 -0.650951009 0.251821007 0.025014018 4.96100897e-08 -9.86805572e-09 1
LGIC_C 246 0.391473473 0.391655288 0.0250140073 1.3130701e-08 4.82586573e-08 -1
LGIC_C 247 -0.472278909 0.631174278 0.0250140181 2.45891128e-08 -3.68002333e-08 1
LGIC_C 248 0.106659555 -0.0679436134 0.0250139888 -3.68002179e-08 2.45891393e-08 1
LGIC_C 249 0.517320531 -0.0440447418 0.0250140103 -4.96100802e-08 3.14742968e-08 1
LGIC_C 250 0.246474224 0.542488989 0.0250140134 -4.80634192e-08 -3.37890445e-08 1
LGIC_C 251 0.00777094433 0.578094488 0.0250140119 -6.33660387e-09 4.96100877e-08 -1
LGIC_C 252 0.172951196 0.520478416 0.0250140145 -3.14742949e-08 -4.96100822e-08 1
LGIC_C 253 0.497988243 0.272551867 0.0250140108 -4.82586616e-08 -1.31306776e-08 1
LGIC_C 255 -0.709097421 -0.0991975917 0.0250140114 -4.34088282e-08 2.70157287e-08 -1
LGIC_C 256 -0.317559084 0.561064703 0.0250140117 2.45891128e-08 -3.68002333e-08 1
LGIC_C 257 0.300660163 0.326011243 0.0250140026 -2.45891309e-08 -3.68002211e-08 1
LGIC_C 258 -0.309675683 0.583004791 0.0250140123 2.45891128e-08 -3.68002333e-08 1
LGIC_C 260 -0.0443904633 -0.587256635 0.0250140128 9.8680833e-09 4.96100963e-08 1
LGIC_C 261 0.086353786 0.642184862 0.0250140119 -8.63455884e-09 -4.34088253e-08 1
LGIC_C 262 -0.350636391 0.381768155 0.0250140063 1.31306824e-08 -4.82586643e-08 1
LGIC_C 263 -0.673591393 -0.139321872 0.0250140087 -4.34088282e-08 2.70157287e-08 -1
LGIC_C 264 0.413147781 -0.36688421 0.0250140075 -3.68002179e-08 2.45891393e-08 1
LGIC_C 265 0.20449461 -0.0227070243 0.0250139953 -5.78784275e-08 1.15127558e-08 1
LGIC_C 266 -0.162096965 -0.335876594 0.0250139999 3.95603082e-08 3.05989652e-08 1
LGIC_C 267 -0.31376701 -0.265244466 0.0250140026 1.45571809e-08 5.5602105e-08 1
LGIC_C 268 -0.041591896 -0.518510147 0.0250140077 -2.90231482e-08 4.96101036e-08 1
LGIC_C 269 -0.064880851 0.578727945 0.0250140116 -6.33661298e-09 -4.96100859e-08 1
LGIC_C 271 -0.479732051 -0.410217941 0.025014011 3.68002489e-08 2.45891179e-08 1
LGIC_C 272 -0.338892941 0.250665952 0.0250140029 -4.82586679e-08 1.31306769e-08 -1
LGIC_C 273 0.737943991 -0.20299443 0.0250140203 -4.34088182e-08 2.48392526e-08 1
LGIC_C 274 -0.3388574 0.436249402 0.0250140077 2.45891128e-08 -3.68002333e-08 1
LGIC_C 275 0.00219129 -0.479076857 0.025014007 6.33663526e-09 4.9610097e-08 1
LGIC_C 276 -0.098731293 -0.448997128 0.0250140026 -2.90231482e-08 4.96101036e-08 1
LGIC_C 278 0.35381795 0.310689905 0.0250140039 -3.68002282e-08 -2.45891172e-08 1
LGIC_C 279 0.130720922 -0.0196057639 0.0250139891 -4.34088226e-08 8.63456802e-09 1
LGIC_C 280 -0.246330278 -0.161028544 0.0250139958 1.45571809e-08 5.5602105e-08 1
LGIC_C 281 0.432682474 0.483122522 0.0250140204 -4.80634192e-08 -3.37890445e-08 1
LGIC_C 282 -0.265797025 -0.448575139 0.0250140075 3.95603082e-08 3.05989652e-08 1
LGIC_C 283 -0.264533296 -0.476624976 0.0250140063 7.55636799e-08 6.2887973e-09 1
LGIC_C 284 0.235824559 -0.768159674 0.0250140186 -8.63454093e-09 4.34088369e-08 1
LGIC_C 286 -0.598611832 0.00618762363 0.0250140128 4.96100851e-08 2.90231542e-08 1
LGIC_C 287 -0.0620773747 -0.117831602 0.0250139891 2.45891453e-08 3.68002268e-08 1
LGIC_C 288 0.0419048109 -0.432233383 0.0250140044 6.33663526e-09 4.9610097e-08 1
LGIC_C 289 0.0323565028 -0.00654569313 0.0250139847 -4.34088226e-08 8.63456802e-09 1
LGIC_C 290 -0.373114333 -0.535852165 0.0250140163 2.81018674e-08 4.20574117e-08 1
LGIC_C 291 -0.519795649 0.42337651 0.0250140128 3.68002297e-08 -2.45891157e-08 1
LGIC_C 292 0.385488168 0.396518156 0.0250140108 -2.81018716e-08 -4.20573923e-08 1
LGIC_C 293 -0.684829531 -0.0741798353 0.0250140151 -4.96100919e-08 2.90231703e-08 -1
LGIC_C 295 -0.188325421 0.125977925 0.025013994 6.28881943e-09 -7.55636452e-08 1
LGIC_C 296 0.505301075 0.233985965 0.0250140111 -4.20574004e-08 -2.81018564e-08 1
LGIC_C 297 0.0393077053 0.350508301 0.0250139988 -8.63455884e-09 -4.34088253e-08 1
LGIC_C 298 0.218179175 -0.530961134 0.0250140117 -9.86804037e-09 4.96101e-08 1
LGIC_C 299 -0.0318370036 -0.359565332 0.0250140014 9.8680833e-09 4.96100963e-08 1
LGIC_C 300 0.358939655 -0.0421200563 0.0250139999 -4.34088182e-08 2.48392526e-08 1
LGIC_C 301 0.147467318 0.397601254 0.0250140018 -8.63455884e-09 -4.34088253e-08 1
LGIC_C 302 0.388319748 0.356812114 0.0250140096 -4.20574004e-08 -2.81018564e-08 1
LGIC_C 303 -0.0104861912 0.349198986 0.0250140007 9.86805557e-09 -4.96100883e-08 1
LGIC_C 304 -0.130783016 0.318296929 0.0250139982 -6.33661298e-09 -4.96100859e-08 1
LGIC_C 305 -0.434651552 0.27194847 0.025014006 3.68002297e-08 -2.45891157e-08 1
LGIC_C 306 0.208537738 0.101205268 0.0250139952 3.37890593e-08 4.80634111e-08 -1
LGIC_C 307 -0.432598397 0.27737307 0.0250140078 -4.82586679e-08 1.31306769e-08 -1
LGIC_C 308 0.661529069 -0.304329716 0.0250140151 -3.68002179e-08 2.45891393e-08 1
LGIC_C 309 0.129163286 0.12049979 0.025013991 -3.68002282e-08 -2.45891172e-08 1
LGIC_C 310 0.153916089 0.82759352 0.0223084103 0.194186548 0.976240951 0.0961519121
LGIC_C 311 0.588710768 0.5976249 0.0250140197 -2.45891309e-08 -3.68002211e-08 1
LGIC_C 312 0.279397899 0.207668798 0.0250140008 -4.20574004e-08 -2.81018564e-08 1
LGIC_C 313 0.690050329 0.328612655 0.0250140167 -3.68002282e-08 -2.45891172e-08 1
LGIC_C 314 -0.236666519 0.543101159 0.0250140091 2.45891128e-08 -3.68002333e-08 1
LGIC_C 315 -0.0487131419 0.00929960577 0.0250139858 4.96100897e-08 -9.86805572e-09 1
LGIC_C 318 -0.198200483 -0.388302748 0.0250139999 -5.56021111e-08 -1.45571543e-08 -1
LGIC_C 319 -0.494886551 -0.0905692536 0.0250140023 -4.34088282e-08 2.70157287e-08 -1
LGIC_C 320 0.364884082 0.61205867 0.0250140192 -2.81018716e-08 -4.20573923e-08 1
LGIC_C 322 0.590480569 0.250729076 0.025014015 -4.82586616e-08 -1.31306776e-08 1
LGIC_C 323 -0.341979697 -0.594029293 0.0250140178 2.81018674e-08 4.20574117e-08 1
LGIC_C 324 0.0342599956 0.702325721 0.0250140179 -6.33660387e-09 4.96100877e-08 -1
LGIC_C 325 0.496432586 0.613265618 0.025014018 -2.45891309e-08 -3.68002211e-08 1
LGIC_C 326 0.224042566 0.674259003 0.0250140153 -6.33660387e-09 4.96100877e-08 -1
LGIC_C 327 -0.331459013 -0.0542034182 0.0250139981 -4.96100919e-08 2.90231703e-08 -1
LGIC_C 328 -0.452286381 0.0817646368 0.0250140049 4.34088279e-08 -2.48392273e-08 1
LGIC_C 329 0.625154942 -0.185132526 0.0250140161 -4.96100859e-08 9.86807898e-09 1
LGIC_C 330 0.350601574 -0.0536095948 0.0250140023 -4.96100802e-08 3.14742968e-08 1
LGIC_C 331 0.197721793 -0.125714415 0.0250139943 -3.05989503e-08 3.95603122e-08 1
LGIC_C 332 -0.0142855074 -0.40525113 0.0250140035 9.8680833e-09 4.96100963e-08 1
LGIC_C 333 0.548325083 0.172132749 0.0250140085 -4.34088272e-08 -8.63453573e-09 1
LGIC_C 334 0.22182844 0.741206985 0.0250140174 -8.63455884e-09 -4.34088253e-08 1
LGIC_C 335 0.190322635 0.528086268 0.0250140078 -8.63455884e-09 -4.34088253e-08 1
LGIC_C 336 -0.671109347 0.0034337359 0.0250140125 4.34088279e-08 -2.48392273e-08 1
LGIC_C 337 -0.0338697546 -0.0222772942 0.0250139849 5.39043203e-09 6.47688584e-08 1
LGIC_C 338 -0.233214278 0.332284213 0.0250140012 2.45891128e-08 -3.68002333e-08 1
LGIC_C 339 0.120242414 -0.187636155 0.0250139939 -1.31306721e-08 4.82586744e-08 1
LGIC_C 340 -0.288533162 0.555187108 0.0250140147 2.8101852e-08 -4.20574041e-08 1
LGIC_C 341 -0.000744517638 -0.743684035 0.0250140155 8.63456455e-09 4.34088336e-08 1
LGIC_C 342 -0.804767626 -0.085903575 0.0250140159 -4.34088282e-08 2.70157287e-08 -1
LGIC_C 343 0.220561293 0.47161699 0.0250140089 1.3130701e-08 4.82586573e-08 -1
LGIC_C 344 -0.121025013 0.00423867922 0.0250139901 5.7878425e-08 4.89846948e-08 1
LGIC_C 346 0.342338686 0.323824344 0.0250140038 -3.68002282e-08 -2.45891172e-08 1
LGIC_C 347 0.473134976 -0.140403081 0.0250140081 -4.96100859e-08 9.86807898e-09 1
LGIC_C 349 -0.201948624 -0.5108388 0.0250140027 -2.90231482e-08 4.96101036e-08 1
LGIC_C 350 -0.292472445 0.408993941 0.0250140055 2.45891128e-08 -3.68002333e-08 1
LGIC_C 352 -0.187761111 -0.265049802 0.0250139988 3.95603082e-08 3.05989652e-08 1
LGIC_C 353 -0.327759451 0.169367482 0.0250140018 4.20574045e-08 -2.81018523e-08 1
LGIC_C 354 0.175827142 0.205526008 0.0250139968 -2.81018716e-08 -4.20573923e-08 1
LGIC_C 355 0.0641318866 -0.515364947 0.0250140124 1.00935263e-08 5.7878447e-08 1
LGIC_C 356 0.0964727076 0.680567063 0.0250140136 -8.63455884e-09 -4.34088253e-08 1
LGIC_C 357 0.707477977 0.184666442 0.0250140172 -4.96100869e-08 6.3366408e-09 1
LGIC_C 358 0.102798678 -0.0728964091 0.0250139907 -4.90669481e-08 3.27855328e-08 1
LGIC_C 359 -0.284562118 0.212473632 0.0250140011 6.28881943e-09 -7.55636452e-08 1
LGIC_C 360 -0.47924601 0.439763097 0.0250140122 -4.82586679e-08 1.31306769e-08 -1
LGIC_C 361 0.604943725 -0.12761926 0.0250140145 -4.96100859e-08 9.86807898e-09 1
LGIC_C 362 -0.454436474 -0.0938796958 0.0250140031 -4.96100919e-08 2.90231703e-08 -1
LGIC_C 363 -0.304329714 0.404766195 0.0250140068 1.31306824e-08 -4.82586643e-08 1
LGIC_C 365 0.579616576 -0.402769116 0.0250140189 -4.20573976e-08 2.81018683e-08 1
LGIC_C 366 -0.316510435 -0.703947073 0.0250140173 3.95603082e-08 3.05989652e-08 1
LGIC_C 367 0.408847465 -0.0951308531 0.0250140033 -4.34088182e-08 2.48392526e-08 1
LGIC_C 368 -0.14633051 -0.371308356 0.025014003 2.48392553e-08 4.34088306e-08 1
LGIC_C 369 -0.125746955 -0.661770566 0.0250140124 -2.90231482e-08 4.96101036e-08 1
LGIC_C 370 -0.289336517 -0.628426119 0.0250140135 2.45891453e-08 3.68002268e-08 1
LGIC_C 371 0.258820992 0.0086663556 0.0250139945 -4.34088272e-08 -8.63453573e-09 1
LGIC_C 372 -0.00570841862 0.406270564 0.025014001 8.63455111e-09 -4.34088279e-08 1
LGIC_C 373 -0.695308632 0.475023024 0.0168494079 -0.827617296 0.552995934 0.0961514895
LGIC_C 374 0.025918884 -0.162564037 0.0250139911 6.33663526e-09 4.9610097e-08 1
LGIC_C 375 0.16190189 -0.671000026 0.0250140204 1.00935263e-08 5.7878447e-08 1
LGIC_C 376 0.38445735 0.377953856 0.02501401 -4.20574004e-08 -2.81018564e-08 1
LGIC_C 377 0.282193771 0.136636575 0.025013997 -3.68002282e-08 -2.45891172e-08 1
LGIC_C 378 -0.573229905 0.0482918885 0.0250140103 4.96100851e-08 2.90231542e-08 1
LGIC_C 379 -0.0571818886 -0.473627232 0.0250140073 9.8680833e-09 4.96100963e-08 1
LGIC_C 380 0.131090934 0.600733409 0.0250140144 -9.86806672e-09 -4.96100854e-08 1
LGIC_C 381 0.0140349777 0.665424986 0.0250140164 -9.86806672e-09 -4.96100854e-08 1
LGIC_C 382 0.537421143 -0.296112372 0.0250140156 -3.37890406e-08 4.80634332e-08 1
LGIC_C 384 -0.458739342 -0.438608563 0.0250140193 6.28883752e-09 7.55636663e-08 1
LGIC_C 386 0.479422348 -0.422953594 0.0250140113 -3.68002179e-08 2.45891393e-08 1
LGIC_C 387 0.542344946 -0.228907031 0.0250140126 -3.37890406e-08 4.80634332e-08 1
LGIC_C 388 -0.000374726141 0.429562072 0.0250140046 9.86805557e-09 -4.96100883e-08 1
LGIC_C 390 0.537020788 -0.0857559591 0.0250140087 -4.34088182e-08 2.48392526e-08 1
LGIC_C 392 -0.203084595 -0.550337554 0.0250140046 -2.90231482e-08 4.96101036e-08 1
LGIC_C 393 -0.0383114178 -0.26942017 0.0250139953 8.63456455e-09 4.34088336e-08 1
LGIC_C 395 0.341404017 0.381055196 0.0250140061 1.3130701e-08 4.82586573e-08 -1
LGIC_C 396 0.245372921 0.395865326 0.0250140056 1.3130701e-08 4.82586573e-08 -1
LGIC_C 397 -0.643185624 0.252293788 0.0250140134 4.34088259e-08 -8.63455061e-09 1
LGIC_C 398 -0.55861864 0.240074309 0.0250140137 3.37890593e-08 -4.80634052e-08 1
LGIC_C 399 0.58867732 -0.161576319 0.0250140175 -4.96100802e-08 3.14742968e-08 1
NT 7181 0.993765297 -5.48906065 -0.679853072 0 0 0
NT 7817 -0.178320829 4.70749739 -0.161792222 0 0 0
LGIC_O 4402 -0.0345878633 0.265675272 0.025013999 1.15127271e-08 -5.78784352e-08 1
LGIC_O 4401 -0.1840676 0.0972239463 0.0250139942 3.37890593e-08 -4.80634052e-08 1
LGIC_O 4400 -0.175025146 0.0137516014 0.0250139927 5.7878425e-08 4.89846948e-08 1
LGIC_O 8441 0.636913646 -0.12672076 0.0250140188 -4.96100802e-08 3.14742968e-08 1
LGIC_O 8440 0.314831804 -0.521242477 0.0250140191 -3.27854948e-08 4.90669785e-08 1
LGIC_O 8439 0.567487089 -0.204519113 0.0250140184 -5.78784275e-08 1.15127558e-08 1
LGIC_O 8438 -0.495463838 -0.478991786 0.0250140171 1.45571809e-08 5.5602105e-08 1
LGIC_O 8437 -0.0865332912 0.0753896135 0.0250139898 3.37890593e-08 -4.80634052e-08 1
LGIC_O 8436 0.281965125 0.349247805 0.0250140096 -3.27855134e-08 -4.90669575e-08 1
LGIC_O 8435 -0.281577291 0.489075666 0.0250140165 3.27854968e-08 -4.90669676e-08 1
LGIC_O 8434 -0.605092982 -0.110313414 0.0250140129 5.7878436e-08 -4.89847332e-08 1
LGIC_O 8433 0.701586212 -0.0117142491 0.0250140184 -4.96100802e-08 3.14742968e-08 1
LGIC_O 8432 0.426050556 0.664856809 0.0250140182 -2.45891309e-08 -3.68002211e-08 1
LGIC_O 8431 -0.53569519 -0.176489801 0.025014008 4.34088238e-08 8.63459484e-09 1
LGIC_O 8430 -0.206044735 -0.180448528 0.0250139982 6.28883752e-09 7.55636663e-08 1
LGIC_O 8429 0.342033035 -0.34268384 0.0250140113 -3.27854948e-08 4.90669785e-08 1
LGIC_O 8428 0.576112066 -0.314703408 0.0250140178 -3.37890406e-08 4.80634332e-08 1
LGIC_O 8427 0.236726308 -0.318077646 0.0250140066 -3.27854948e-08 4.90669785e-08 1
LGIC_O 8426 -0.0976488914 -0.110862836 0.0250139913 7.55636799e-08 6.2887973e-09 1
LGIC_O 8425 0.534646383 -0.195059479 0.0250140164 -5.78784275e-08 1.15127558e-08 1
LGIC_O 8424 0.219544679 -0.315091025 0.0250140059 -3.27854948e-08 4.90669785e-08 1
LGIC_O 8423 -0.608846757 -0.593779315 0.0250140203 3.68002489e-08 2.45891179e-08 1
LGIC_O 8422 0.564815598 -0.372450199 0.0250140202 -3.37890406e-08 4.80634332e-08 1
LGIC_O 8421 0.550750457 0.0902902064 0.0250140162 -5.78784335e-08 -1.15127284e-08 1
LGIC_O 8420 0.175418091 0.0610257495 0.0250139941 -5.78784335e-08 -1.15127284e-08 1
LGIC_O 8419 0.142777714 0.100831833 0.0250139936 -4.90669739e-08 -3.27854893e-08 1
LGIC_O 4418 0.0575220985 -0.190210297 0.0250139949 -1.15127059e-08 5.78784511e-08 1
LGIC_O 4417 -0.118754336 -0.170834128 0.0250139938 2.81018674e-08 4.20574117e-08 1
LGIC_O 4416 0.593239316 0.0786534269 0.0250140185 -5.78784335e-08 -1.15127284e-08 1
LGIC_O 4415 0.0853954366 -0.420999761 0.0250140086 -1.15127059e-08 5.78784511e-08 1
LGIC_O 4414 -0.374457097 -0.228026162 0.0250140026 3.68002489e-08 2.45891179e-08 1
LGIC_O 4413 0.577482781 -0.285169834 0.0250140164 -3.37890406e-08 4.80634332e-08 1
LGIC_O 4412 -0.484325859 0.306166979 0.0250140144 3.37890593e-08 -4.80634052e-08 1
LGIC_O 4411 0.44777829 -0.0963194904 0.0250140103 -5.78784275e-08 1.15127558e-08 1
LGIC_O 4410 0.28281874 -0.503567977 0.0250140172 -3.27854948e-08 4.90669785e-08 1
LGIC_O 4409 -0.116204576 -0.152585731 0.025013993 7.55636799e-08 6.2887973e-09 1
LGIC_O 4408 -0.333519821 0.289166147 0.0250140084 3.37890593e-08 -4.80634052e-08 1
LGIC_O 4407 -0.148720782 -0.636306108 0.0250140163 9.8680833e-09 4.96100963e-08 1
LGIC_O 4406 0.336173082 -0.328141715 0.0250140105 -4.90669481e-08 3.27855328e-08 1
LGIC_O 4405 -0.249510429 -0.168914007 0.0250139976 6.28883752e-09 7.55636663e-08 1
LGIC_O 4404 0.0811982327 0.141649416 0.0250139929 -3.27855134e-08 -4.90669575e-08 1
LGIC_O 4403 0.0533120499 -0.19689515 0.0250139952 -1.15127059e-08 5.78784511e-08 1
