LGIC_C 0 0.508542267 0.223801043 0.0250140112 3.37890593e-08 4.80634111e-08 -1
LGIC_C 1 -0.341019378 0.049372042 0.0250139985 4.34088259e-08 -8.63455061e-09 1
LGIC_C 2 -0.58588304 0.129288766 0.0250140136 4.96100897e-08 -9.86805572e-09 1
LGIC_C 3 0.247737912 -0.657448047 0.0250140183 -9.86804037e-09 4.96101e-08 1
LGIC_C 4 -0.432798562 -0.234966482 0.0250140037 6.28883752e-09 7.55636663e-08 1
LGIC_C 5 0.0533190373 -0.525732311 0.0250140131 1.00935263e-08 5.7878447e-08 1
LGIC_C 6 -0.358862244 0.49597348 0.0250140163 1.28239438e-08 -5.73353116e-08 1
LGIC_C 7 -0.70876816 0.441443624 0.0250140202 3.68002297e-08 -2.45891157e-08 1
LGIC_C 8 -0.151369166 0.296412489 0.0250139979 2.45891128e-08 -3.68002333e-08 1
LGIC_C 9 -0.448069903 -0.279082582 0.0250140071 6.28883752e-09 7.55636663e-08 1
LGIC_C 10 -0.390524886 -0.613878759 0.0250140175 3.95603082e-08 3.05989652e-08 1
LGIC_C 11 0.163586736 0.571454629 0.0250140106 -6.33660387e-09 4.96100877e-08 -1
LGIC_C 12 0.387205522 0.180409297 0.0250140082 -4.90669739e-08 -3.27854893e-08 1
LGIC_C 13 0.733041801 -0.0804436551 0.0250140204 -4.96100859e-08 9.86807898e-09 1
LGIC_C 14 0.667647919 0.2555854 0.0250140147 -4.96100869e-08 6.3366408e-09 1
LGIC_C 15 -0.48471997 -0.363840921 0.0250140094 5.39043203e-09 6.47688584e-08 1
LGIC_C 16 0.611213303 -0.14888184 0.025014015 -4.96100859e-08 9.86807898e-09 1
LGIC_C 17 -0.54879054 0.374351031 0.0250140147 -4.82586679e-08 1.31306769e-08 -1
LGIC_C 18 0.301373769 -0.494290838 0.0250140125 -2.81018481e-08 4.20574137e-08 1
LGIC_C 21 -0.00323072978 -0.161429876 0.0250139911 -2.90231482e-08 4.96101036e-08 1
LGIC_C 22 0.120022319 0.60466631 0.0250140144 -9.86806672e-09 -4.96100854e-08 1
LGIC_C 23 -0.4701505 0.388454283 0.0250140101 3.68002297e-08 -2.45891157e-08 1
LGIC_C 24 0.141412378 0.427358096 0.0250140059 -9.86806672e-09 -4.96100854e-08 1
LGIC_C 25 0.349365711 -0.0309661588 0.0250139987 -4.34088226e-08 8.63456802e-09 1
LGIC_C 27 -0.248212602 0.532690762 0.0250140176 3.27854968e-08 -4.90669676e-08 1
LGIC_C 28 0.664710434 0.0909022364 0.0250140129 -4.34088272e-08 -8.63453573e-09 1
LGIC_C 30 0.643696904 0.18086386 0.025014014 -4.96100869e-08 6.3366408e-09 1
LGIC_C 31 -0.410247526 -0.435184117 0.0250140128 3.95603082e-08 3.05989652e-08 1
LGIC_C 32 0.0845290621 0.102980551 0.02501399 -2.81018716e-08 -4.20573923e-08 1
LGIC_C 33 -0.0127123789 0.640548468 0.0250140112 8.63455111e-09 -4.34088279e-08 1
LGIC_C 35 -0.190047039 -0.483203811 0.0250140017 -2.90231482e-08 4.96101036e-08 1
LGIC_C 36 0.510947406 -0.640043069 0.0250140193 -2.45891087e-08 3.68002429e-08 1
LGIC_C 37 0.111279306 0.825393149 0.0250140201 -8.63455884e-09 -4.34088253e-08 1
LGIC_C 38 0.753064075 -0.331082758 0.0250140194 -3.05989503e-08 3.95603122e-08 1
LGIC_C 39 0.703075217 0.307717582 0.0250140167 -3.68002282e-08 -2.45891172e-08 1
LGIC_C 40 -0.720427605 0.00727228107 0.0250140147 4.34088279e-08 -2.48392273e-08 1
LGIC_C 41 -0.500346076 0.58612741 0.0250140171 2.45891128e-08 -3.68002333e-08 1
LGIC_C 42 -0.256470559 -0.65973736 0.0250140141 8.63456455e-09 4.34088336e-08 1
LGIC_C 43 -0.566160962 -0.485704719 0.025014014 1.15916899e-08 4.97976879e-08 1
LGIC_C 44 0.356148687 0.543902106 0.0250140142 1.3130701e-08 4.82586573e-08 -1
LGIC_C 45 -0.0291820657 -0.258520445 0.0250139952 2.48392553e-08 4.34088306e-08 1
LGIC_C 46 -0.209538925 -0.180427907 0.025013996 5.39043203e-09 6.47688584e-08 1
LGIC_C 47 0.47798496 -0.178557629 0.0250140129 -5.78784275e-08 1.15127558e-08 1
LGIC_C 48 -0.105012975 -0.414623154 0.0250140021 8.63456455e-09 4.34088336e-08 1
LGIC_C 51 -0.567101787 -0.00753295671 0.0250140077 -4.34088282e-08 2.70157287e-08 -1
LGIC_C 52 0.6538526 -0.14653299 0.0250140153 -4.34088182e-08 2.48392526e-08 1
LGIC_C 53 0.320829849 -0.0768277743 0.0250139991 -4.34088182e-08 2.48392526e-08 1
LGIC_C 54 -0.0378538079 -0.20895564 0.0250139935 -4.89847109e-08 5.78784581e-08 1
LGIC_C 55 0.431116709 0.479210694 0.0250140115 -2.45891309e-08 -3.68002211e-08 1
LGIC_C 56 -0.136388999 -0.202211234 0.0250139938 -5.56021111e-08 -1.45571543e-08 -1
LGIC_C 57 -0.0998837604 0.431347768 0.0250140078 -3.14742797e-08 4.96100914e-08 -1
LGIC_C 58 0.483161121 -0.0882186732 0.0250140064 -4.34088182e-08 2.48392526e-08 1
LGIC_C 59 -0.403932679 -0.222751458 0.0250140015 1.45571809e-08 5.5602105e-08 1
LGIC_C 60 0.104107754 0.540613427 0.0250140134 -3.14742949e-08 -4.96100822e-08 1
LGIC_C 61 -0.385028088 0.323467515 0.0250140086 4.20574045e-08 -2.81018523e-08 1
LGIC_C 62 -0.0284553239 0.434082337 0.0250140057 -3.14742797e-08 4.96100914e-08 -1
LGIC_C 63 0.203062514 -0.0148599435 0.0250139935 -4.96100859e-08 9.86807898e-09 1
LGIC_C 64 -0.246965724 0.0165710975 0.0250139967 5.7878425e-08 4.89846948e-08 1
LGIC_C 65 0.0129037397 0.34039633 0.0250140003 -9.86806672e-09 -4.96100854e-08 1
LGIC_C 66 -0.235553307 -0.339499571 0.0250140015 2.45891453e-08 3.68002268e-08 1
LGIC_C 67 -0.459911495 0.413610047 0.0250140174 6.28881943e-09 -7.55636452e-08 1
LGIC_C 68 -0.705102189 -0.10708536 0.025014011 -4.34088282e-08 2.70157287e-08 -1
LGIC_C 69 -0.69129201 -0.358399311 0.0250140175 3.68002489e-08 2.45891179e-08 1
LGIC_C 70 -0.0633872078 0.383589931 0.0250140005 8.63455111e-09 -4.34088279e-08 1
LGIC_C 72 0.14846178 0.384062064 0.0250140012 -8.63455884e-09 -4.34088253e-08 1
LGIC_C 73 -0.00859753898 0.00177931934 0.0250139837 4.34088279e-08 -2.48392273e-08 1
LGIC_C 74 0.521549798 0.486494979 0.0250140148 -4.82586616e-08 -1.31306776e-08 1
LGIC_C 75 0.531012843 -0.568373798 0.0250140172 -2.45891087e-08 3.68002429e-08 1
LGIC_C 76 -0.671891728 0.0462132161 0.0250140152 4.96100851e-08 2.90231542e-08 1
LGIC_C 77 0.314001617 -0.213931187 0.0250140013 -3.05989503e-08 3.95603122e-08 1
LGIC_C 79 -0.58254141 -0.246198681 0.0250140023 1.15916899e-08 4.97976879e-08 1
LGIC_C 80 0.750633607 -0.0250029147 0.025014016 -4.34088226e-08 8.63456802e-09 1
LGIC_C 81 0.0575864552 0.680074941 0.0250140166 -6.33660387e-09 4.96100877e-08 -1
LGIC_C 82 0.478794194 -0.321290499 0.0250140106 -3.05989503e-08 3.95603122e-08 1
LGIC_C 83 -0.359945547 0.237167796 0.0250140038 -4.82586679e-08 1.31306769e-08 -1
LGIC_C 84 0.226553153 0.504149417 0.0250140108 -2.81018716e-08 -4.20573923e-08 1
LGIC_C 85 -0.0849388883 0.0919565857 0.0250139896 1.28239438e-08 -5.73353116e-08 1
LGIC_C 87 -0.302406099 -0.250651124 0.0250140016 1.45571809e-08 5.5602105e-08 1
LGIC_C 88 -0.599499034 -0.524157035 0.0250140163 1.15916899e-08 4.97976879e-08 1
LGIC_C 89 0.246536728 -0.500859368 0.0250140106 -1.31306721e-08 4.82586744e-08 1
LGIC_C 90 -0.36803322 -0.322578404 0.0250140065 1.45571809e-08 5.5602105e-08 1
LGIC_C 91 0.191690245 0.77941966 0.0250140187 -8.63455884e-09 -4.34088253e-08 1
LGIC_C 92 0.256445129 -0.744990665 0.0250140186 6.33663526e-09 4.9610097e-08 1
LGIC_C 93 -0.0526270878 0.594817182 0.0250140124 -6.33661298e-09 -4.96100859e-08 1
LGIC_C 94 0.148585009 -0.0495049921 0.0250139922 -4.96100802e-08 3.14742968e-08 1
LGIC_C 95 -0.320478073 -0.447060309 0.0250140076 -5.56021111e-08 -1.45571543e-08 -1
LGIC_C 96 0.333024938 -0.0177910611 0.0250139999 -4.96100859e-08 9.86807898e-09 1
LGIC_C 97 -0.406157589 0.0340535825 0.0250140024 4.96100851e-08 2.90231542e-08 1
LGIC_C 98 -0.35152293 -0.585676943 0.0250140151 3.95603082e-08 3.05989652e-08 1
LGIC_C 99 0.210054246 -0.085502402 0.0250139963 -4.96100802e-08 3.14742968e-08 1
LGIC_C 100 -0.355876579 -0.520363873 0.0250140111 2.45891453e-08 3.68002268e-08 1
LGIC_C 101 -0.375301157 0.0155149608 0.025014002 4.96100897e-08 -9.86805572e-09 1
LGIC_C 102 -0.406076414 0.456917118 0.0250140147 1.28239438e-08 -5.73353116e-08 1
LGIC_C 103 -0.453742498 -0.0205182551 0.0250140024 -4.34088282e-08 2.70157287e-08 -1
LGIC_C 104 0.617611591 -0.217916583 0.025014016 -4.96100859e-08 9.86807898e-09 1
LGIC_C 105 -0.308783549 0.114761749 0.0250139995 4.34088279e-08 -2.48392273e-08 1
LGIC_C 106 -0.317102741 0.794934921 0.0229809104 -0.194186377 0.976241021 0.0961515493
LGIC_C 107 -0.713608616 -0.272062289 0.0250140166 4.34088238e-08 8.63459484e-09 1
LGIC_C 108 -0.0562411038 -0.512144272 0.0250140069 2.48392553e-08 4.34088306e-08 1
LGIC_C 110 -0.21035044 -0.722636708 0.0250140164 8.63456455e-09 4.34088336e-08 1
LGIC_C 111 -0.507204949 -0.108571124 0.0250140053 -4.96100919e-08 2.90231703e-08 -1
LGIC_C 112 0.716293648 -0.0189236941 0.0250140194 -4.96100802e-08 3.14742968e-08 1
LGIC_C 113 -0.0504895145 -0.702211622 0.025014015 2.48392553e-08 4.34088306e-08 1
LGIC_C 114 -0.330267443 0.385651766 0.0250140096 1.28239438e-08 -5.73353116e-08 1
LGIC_C 115 0.509693599 -0.363086733 0.0250140132 -3.05989503e-08 3.95603122e-08 1
LGIC_C 116 0.131674211 -0.426823965 0.0250140066 1.00935263e-08 5.7878447e-08 1
LGIC_C 117 -0.187060925 -0.0390991081 0.0250139909 4.96100935e-08 -4.19869172e-08 1
LGIC_C 118 -0.302350282 -0.30422706 0.0250140045 3.95603082e-08 3.05989652e-08 1
LGIC_C 119 0.0797525665 0.425313539 0.0250140051 -9.86806672e-09 -4.96100854e-08 1
LGIC_C 120 0.00694752446 0.508984125 0.0250140085 -6.33660387e-09 4.96100877e-08 -1
LGIC_C 121 -0.434604903 -0.424744091 0.0250140094 1.15916899e-08 4.97976879e-08 1
LGIC_C 122 0.640754313 -0.336972014 0.0250140151 -3.68002179e-08 2.45891393e-08 1
LGIC_C 124 0.533659841 -0.446506996 0.0250140138 -3.68002179e-08 2.45891393e-08 1
LGIC_C 125 0.147919884 -0.146008475 0.0250139935 -3.05989503e-08 3.95603122e-08 1
LGIC_C 126 0.618497162 -0.354014818 0.0250140162 -3.05989503e-08 3.95603122e-08 1
LGIC_C 127 0.209627315 -0.332141418 0.025014002 -1.31306721e-08 4.82586744e-08 1
LGIC_C 128 0.216978407 -0.298659485 0.0250139996 -2.45891087e-08 3.68002429e-08 1
LGIC_C 129 0.500474302 -0.0761023075 0.0250140056 -4.34088226e-08 8.63456802e-09 1
LGIC_C 130 -0.629647411 0.17395517 0.0250140121 4.34088259e-08 -8.63455061e-09 1
LGIC_C 131 0.385226536 0.248799353 0.0250140051 -4.82586616e-08 -1.31306776e-08 1
LGIC_C 132 -0.19132153 0.0649772965 0.0250139911 5.7878425e-08 4.89846948e-08 1
LGIC_C 133 -0.591638709 -0.0284932068 0.0250140092 4.34088238e-08 8.63459484e-09 1
LGIC_C 134 0.285958073 -0.628719847 0.0250140134 -2.45891087e-08 3.68002429e-08 1
LGIC_C 135 -0.267529103 -0.277507116 0.0250140024 2.81018674e-08 4.20574117e-08 1
LGIC_C 136 0.357285639 -0.262640539 0.0250140028 -3.68002179e-08 2.45891393e-08 1
LGIC_C 137 0.369088836 -0.361997819 0.0250140088 -3.05989503e-08 3.95603122e-08 1
LGIC_C 138 -0.705691085 -0.225003713 0.0250140088 4.96100935e-08 -4.19869172e-08 1
LGIC_C 139 0.122108614 -0.0132152296 0.0250139897 -4.96100802e-08 3.14742968e-08 1
LGIC_C 140 0.456400946 0.54030183 0.0250140144 -2.45891309e-08 -3.68002211e-08 1
LGIC_C 141 0.453890396 0.141942201 0.0250140042 -4.34088272e-08 -8.63453573e-09 1
LGIC_C 142 -0.484187508 -0.537386693 0.0250140189 3.95603082e-08 3.05989652e-08 1
LGIC_C 144 -0.447017475 -0.484721519 0.0250140152 -5.56021111e-08 -1.45571543e-08 -1
LGIC_C 145 0.206732288 -0.00204961799 0.0250139923 -4.34088182e-08 2.48392526e-08 1
LGIC_C 146 0.0186021934 0.608046665 0.0250140133 -6.33660387e-09 4.96100877e-08 -1
LGIC_C 147 -0.3254274 -0.332627631 0.0250140035 2.45891453e-08 3.68002268e-08 1
LGIC_C 149 0.539215032 0.51159468 0.0250140157 -3.68002282e-08 -2.45891172e-08 1
LGIC_C 150 0.432446909 0.17626161 0.0250140036 -4.96100869e-08 6.3366408e-09 1
LGIC_C 151 -0.066377594 -0.674416245 0.0250140131 8.63456455e-09 4.34088336e-08 1
LGIC_C 152 0.248134966 0.597472566 0.0250140154 1.3130701e-08 4.82586573e-08 -1
LGIC_C 153 0.176046355 -0.233454166 0.0250139989 -1.28239349e-08 5.73353226e-08 1
LGIC_C 154 0.136631322 0.514854442 0.0250140102 -9.86806672e-09 -4.96100854e-08 1
LGIC_C 155 -0.6063007 0.120048032 0.0250140106 4.34088259e-08 -8.63455061e-09 1
LGIC_C 156 -0.25177304 0.0244480407 0.0250139944 4.34088259e-08 -8.63455061e-09 1
LGIC_C 157 -0.439974588 0.250449686 0.025014005 6.28881943e-09 -7.55636452e-08 1
LGIC_C 158 0.339125032 0.185102752 0.0250140036 3.37890593e-08 4.80634111e-08 -1
LGIC_C 159 0.784278087 0.119737642 0.0250140183 -4.34088272e-08 -8.63453573e-09 1
LGIC_C 160 -0.289320237 -0.0859589499 0.0250139935 -4.34088282e-08 2.70157287e-08 -1
LGIC_C 161 -0.435387273 0.0687735838 0.0250140055 4.96100897e-08 -9.86805572e-09 1
LGIC_C 162 0.477312046 0.0107020216 0.025014007 -4.96100911e-08 -9.86803575e-09 1
LGIC_C 163 0.377130157 -0.257060494 0.0250140063 -4.20573976e-08 2.81018683e-08 1
LGIC_C 164 0.246718079 -0.572523103 0.0250140141 -1.31306721e-08 4.82586744e-08 1
LGIC_C 165 -0.326199045 0.0462355068 0.0250139981 4.96100851e-08 2.90231542e-08 1
LGIC_C 166 -0.11827303 -0.690721642 0.0250140162 2.48392553e-08 4.34088306e-08 1
LGIC_C 167 -0.591309996 0.540351381 0.0250140183 3.68002297e-08 -2.45891157e-08 1
LGIC_C 168 -0.556438665 -0.248064558 0.0250140023 5.39043203e-09 6.47688584e-08 1
LGIC_C 169 0.651734426 -0.50341838 0.0250140196 -3.68002179e-08 2.45891393e-08 1
LGIC_C 171 -0.219735992 0.317395664 0.0250140043 1.28239438e-08 -5.73353116e-08 1
LGIC_C 172 0.336916615 0.155339454 0.0250140021 3.37890593e-08 4.80634111e-08 -1
LGIC_C 173 0.673871753 0.292021328 0.0250140152 -3.68002282e-08 -2.45891172e-08 1
LGIC_C 174 -0.0997778905 -0.525055234 0.0250140085 2.48392553e-08 4.34088306e-08 1
LGIC_C 175 0.398272156 -0.314310842 0.0250140118 -3.37890406e-08 4.80634332e-08 1
LGIC_C 177 0.310529293 0.342269283 0.0250140064 -2.81018716e-08 -4.20573923e-08 1
LGIC_C 178 0.0776298623 -0.626853699 0.0250140138 6.33663526e-09 4.9610097e-08 1
LGIC_C 180 -0.153574074 0.271303449 0.025013999 2.8101852e-08 -4.20574041e-08 1
LGIC_C 181 -0.662069156 -0.312601687 0.025014007 5.39043203e-09 6.47688584e-08 1
LGIC_C 183 0.65932899 0.344164087 0.0250140196 -4.82586616e-08 -1.31306776e-08 1
LGIC_C 184 0.725389715 -0.0433891506 0.0250140158 -4.34088182e-08 2.48392526e-08 1
LGIC_C 185 0.387651216 -0.12835303 0.0250140032 -4.34088182e-08 2.48392526e-08 1
LGIC_C 186 -0.596472792 -0.315429577 0.0250140069 5.39043203e-09 6.47688584e-08 1
LGIC_C 188 -0.752400736 0.0873737014 0.0250140167 4.34088259e-08 -8.63455061e-09 1
LGIC_C 189 -0.555778525 0.269713095 0.0250140142 4.20574045e-08 -2.81018523e-08 1
LGIC_C 190 0.34361403 -0.716639115 0.0250140181 -2.45891087e-08 3.68002429e-08 1
LGIC_C 191 -0.406693552 -0.241677242 0.0250140011 5.39043203e-09 6.47688584e-08 1
LGIC_C 192 -0.299574333 0.115488492 0.0250139973 4.34088259e-08 -8.63455061e-09 1
LGIC_C 193 0.293878001 0.0818823853 0.0250139986 -4.96100911e-08 -9.86803575e-09 1
LGIC_C 194 -0.684327397 0.361323864 0.0250140173 3.68002297e-08 -2.45891157e-08 1
LGIC_C 195 0.365454663 0.40202636 0.0250140104 -2.81018716e-08 -4.20573923e-08 1
LGIC_C 196 0.688218772 0.390877967 0.0250140182 -3.68002282e-08 -2.45891172e-08 1
LGIC_C 197 -0.26280266 -0.513374502 0.0250140086 2.45891453e-08 3.68002268e-08 1
LGIC_C 198 0.543862402 -0.0121026123 0.0250140069 -4.34088226e-08 8.63456802e-09 1
LGIC_C 199 0.630255433 0.237323956 0.025014013 -4.96100869e-08 6.3366408e-09 1
LGIC_C 200 0.752788531 -0.325967421 0.0250140189 -3.68002179e-08 2.45891393e-08 1
LGIC_C 201 0.254056165 0.131213665 0.0250139976 -4.20574004e-08 -2.81018564e-08 1
LGIC_C 202 -0.0118640359 -0.274590298 0.0250139955 2.48392553e-08 4.34088306e-08 1
LGIC_C 203 -0.179254919 -0.00962417726 0.0250139919 -4.96100919e-08 2.90231703e-08 -1
LGIC_C 204 -0.371385016 0.550612907 0.0250140169 2.8101852e-08 -4.20574041e-08 1
LGIC_C 205 -0.0942289885 0.23730115 0.025013996 9.86805557e-09 -4.96100883e-08 1
LGIC_C 206 0.662747678 -0.36164248 0.0250140165 -3.68002179e-08 2.45891393e-08 1
LGIC_C 207 -0.117193242 -0.442840732 0.0250140031 -4.89847109e-08 5.78784581e-08 1
LGIC_C 208 -0.511812968 0.374777288 0.0250140129 -4.82586679e-08 1.31306769e-08 -1
LGIC_C 209 -0.00623568724 -0.0158408398 0.0250139856 -7.86852791e-08 -1.17760747e-07 -1
LGIC_C 210 0.0737223934 0.271031636 0.0250139974 -9.86806672e-09 -4.96100854e-08 1
LGIC_C 212 -0.362112071 -0.522295849 0.025014011 -5.56021111e-08 -1.45571543e-08 -1
LGIC_C 213 0.352530828 -0.374804455 0.0250140089 -2.81018481e-08 4.20574137e-08 1
LGIC_C 214 0.466872105 -0.0546190881 0.025014004 -4.34088226e-08 8.63456802e-09 1
LGIC_C 215 -0.45485919 -0.0121361142 0.0250140031 4.34088238e-08 8.63459484e-09 1
LGIC_C 216 0.218235569 -0.170922498 0.0250139967 -3.05989503e-08 3.95603122e-08 1
LGIC_C 217 0.495455421 -0.412672922 0.0250140198 -3.37890406e-08 4.80634332e-08 1
LGIC_C 218 -0.277584928 0.430306037 0.0250140077 1.31306824e-08 -4.82586643e-08 1
LGIC_C 219 -0.223628687 -0.45002947 0.0250140059 3.95603082e-08 3.05989652e-08 1
LGIC_C 220 -0.730630785 -0.32133878 0.025014018 3.68002489e-08 2.45891179e-08 1
LGIC_C 221 0.695990096 -0.418319484 0.0250140191 -3.68002179e-08 2.45891393e-08 1
LGIC_C 222 -0.530003983 -0.136059909 0.0250140056 -4.96100919e-08 2.90231703e-08 -1
LGIC_C 223 0.225065506 0.431874658 0.0250140087 -4.80634192e-08 -3.37890445e-08 1
LGIC_C 224 -0.390263329 0.0521544744 0.0250140011 4.96100851e-08 2.90231542e-08 1
LGIC_C 225 0.213288411 -0.647050428 0.0250140132 -8.63454093e-09 4.34088369e-08 1
LGIC_C 226 0.398633985 -0.228322603 0.0250140035 -3.68002179e-08 2.45891393e-08 1
LGIC_C 227 -0.169610968 0.505188474 0.0250140067 8.63455111e-09 -4.34088279e-08 1
LGIC_C 228 0.251185611 -0.298064695 0.0250140009 -1.31306721e-08 4.82586744e-08 1
LGIC_C 229 -0.503675821 -0.0995924023 0.025014006 4.34088238e-08 8.63459484e-09 1
LGIC_C 230 -0.683018092 -0.197235838 0.0250140076 -4.34088282e-08 2.70157287e-08 -1
LGIC_C 231 0.529936064 0.276936067 0.0250140145 3.37890593e-08 4.80634111e-08 -1
LGIC_C 232 -0.26869467 0.803571183 0.0250140205 8.63455111e-09 -4.34088279e-08 1
LGIC_C 233 0.293769614 0.231544454 0.0250140005 -4.82586616e-08 -1.31306776e-08 1
LGIC_C 234 -0.0559271737 -0.433214355 0.0250140025 8.63456455e-09 4.34088336e-08 1
LGIC_C 235 0.32732379 0.463621407 0.025014012 -2.81018716e-08 -4.20573923e-08 1
LGIC_C 236 0.265605091 -0.027368449 0.0250139954 -4.34088182e-08 2.48392526e-08 1
LGIC_C 239 0.470419614 -0.313059979 0.0250140118 -4.20573976e-08 2.81018683e-08 1
LGIC_C 240 0.146709904 -0.173489547 0.0250139951 -1.28239349e-08 5.73353226e-08 1
LGIC_C 241 -0.099891806 0.206878385 0.0250139948 2.8101852e-08 -4.20574041e-08 1
LGIC_C 242 0.610016873 -0.324708705 0.0250140194 -3.37890406e-08 4.80634332e-08 1
LGIC_C 243 -0.670149779 0.235535624 0.0250140188 4.96100897e-08 -9.86805572e-09 1
LGIC_C 246 0.387888329 0.446075379 0.0250140092 -2.45891309e-08 -3.68002211e-08 1
LGIC_C 247 -0.506648851 0.624570335 0.0250140187 2.45891128e-08 -3.68002333e-08 1
LGIC_C 248 0.0868892281 -0.092225141 0.0250139888 -2.45891087e-08 3.68002429e-08 1
LGIC_C 249 0.508347081 -0.0377493721 0.0250140096 -4.96100802e-08 3.14742968e-08 1
LGIC_C 250 0.243997042 0.535536956 0.0250140131 -4.80634192e-08 -3.37890445e-08 1
LGIC_C 251 0.0409952006 0.648221743 0.0250140152 -6.33660387e-09 4.96100877e-08 -1
LGIC_C 252 0.142393368 0.578451659 0.0250140164 -3.14742949e-08 -4.96100822e-08 1
LGIC_C 253 0.499781763 0.31012213 0.0250140114 -4.82586616e-08 -1.31306776e-08 1
LGIC_C 255 -0.755421005 -0.0651455667 0.0250140143 -4.34088282e-08 2.70157287e-08 -1
LGIC_C 256 -0.325041798 0.517317712 0.0250140103 2.45891128e-08 -3.68002333e-08 1
LGIC_C 257 0.292742909 0.325516561 0.0250140028 1.3130701e-08 4.82586573e-08 -1
LGIC_C 258 -0.309367402 0.580999379 0.0250140123 2.45891128e-08 -3.68002333e-08 1
LGIC_C 260 -0.0308053908 -0.632558818 0.0250140149 9.8680833e-09 4.96100963e-08 1
LGIC_C 261 0.0555828134 0.597185787 0.0250140097 -8.63455884e-09 -4.34088253e-08 1
LGIC_C 262 -0.339835675 0.360254733 0.0250140051 1.31306824e-08 -4.82586643e-08 1
LGIC_C 263 -0.67751208 -0.202008149 0.0250140072 -4.34088282e-08 2.70157287e-08 -1
LGIC_C 264 0.45684086 -0.325804633 0.0250140081 -3.68002179e-08 2.45891393e-08 1
LGIC_C 265 0.215359442 0.0445941153 0.0250139944 -4.96100911e-08 -9.86803575e-09 1
LGIC_C 266 -0.151864921 -0.313570251 0.0250139989 3.95603082e-08 3.05989652e-08 1
LGIC_C 267 -0.314808657 -0.283551632 0.0250140036 1.45571809e-08 5.5602105e-08 1
LGIC_C 268 -0.0833092711 -0.529194851 0.0250140071 -2.90231482e-08 4.96101036e-08 1
LGIC_C 269 -0.0991547153 0.686779816 0.0250140167 -6.33661298e-09 -4.96100859e-08 1
LGIC_C 271 -0.499550569 -0.437850923 0.0250140124 3.68002489e-08 2.45891179e-08 1
LGIC_C 272 -0.37327178 0.283433885 0.025014005 -4.82586679e-08 1.31306769e-08 -1
LGIC_C 273 0.752252897 -0.165582595 0.02501402 -4.34088182e-08 2.48392526e-08 1
LGIC_C 274 -0.367059185 0.377035593 0.0250140062 2.45891128e-08 -3.68002333e-08 1
LGIC_C 275 0.0158687168 -0.558216203 0.0250140108 6.33663526e-09 4.9610097e-08 1
LGIC_C 276 -0.125941841 -0.539215145 0.0250140063 -2.90231482e-08 4.96101036e-08 1
LGIC_C 278 0.321081603 0.262112834 0.0250140015 -3.68002282e-08 -2.45891172e-08 1
LGIC_C 279 0.0695209305 -0.0524148166 0.0250139871 -3.68002179e-08 2.45891393e-08 1
LGIC_C 280 -0.269647541 -0.128548244 0.0250139943 1.45571809e-08 5.5602105e-08 1
LGIC_C 281 0.356965179 0.552481705 0.0250140191 -4.80634192e-08 -3.37890445e-08 1
LGIC_C 282 -0.250397423 -0.451218515 0.025014007 3.95603082e-08 3.05989652e-08 1
LGIC_C 283 -0.243221367 -0.470798215 0.0250140046 7.55636799e-08 6.2887973e-09 1
LGIC_C 284 0.229220876 -0.735333512 0.0250140171 -8.63454093e-09 4.34088369e-08 1
LGIC_C 286 -0.540499257 0.00275657141 0.02501401 4.96100851e-08 2.90231542e-08 1
LGIC_C 287 -0.090563692 -0.171296915 0.0250139918 2.45891453e-08 3.68002268e-08 1
LGIC_C 288 0.0593392671 -0.32394008 0.0250139989 6.33663526e-09 4.9610097e-08 1
LGIC_C 289 0.03335608 0.0230151836 0.025013985 -3.68002282e-08 -2.45891172e-08 1
LGIC_C 290 -0.373862208 -0.530646177 0.0250140161 2.81018674e-08 4.20574117e-08 1
LGIC_C 291 -0.51694485 0.46674002 0.0250140138 3.68002297e-08 -2.45891157e-08 1
LGIC_C 292 0.462360374 0.476621434 0.0250140163 -2.81018716e-08 -4.20573923e-08 1
LGIC_C 293 -0.679478594 -0.0535261604 0.0250140154 -4.96100919e-08 2.90231703e-08 -1
LGIC_C 295 -0.143110136 0.140910031 0.0250139948 6.28881943e-09 -7.55636452e-08 1
LGIC_C 296 0.468835841 0.271694395 0.0250140106 -4.20574004e-08 -2.81018564e-08 1
LGIC_C 297 0.0278727881 0.373476138 0.0250139997 -8.63455884e-09 -4.34088253e-08 1
LGIC_C 298 0.114650535 -0.503230452 0.0250140093 -9.86804037e-09 4.96101e-08 1
LGIC_C 299 -0.107063618 -0.283323731 0.0250139983 9.8680833e-09 4.96100963e-08 1
LGIC_C 300 0.428408777 -0.0580088919 0.0250140033 -4.34088182e-08 2.48392526e-08 1
LGIC_C 301 0.113464787 0.372614844 0.0250140004 -8.63455884e-09 -4.34088253e-08 1
LGIC_C 302 0.43179772 0.339503466 0.0250140109 -4.20574004e-08 -2.81018564e-08 1
LGIC_C 303 -0.0548139516 0.36235077 0.0250140018 9.86805557e-09 -4.96100883e-08 1
LGIC_C 304 -0.131488187 0.370331542 0.0250140008 -6.33661298e-09 -4.96100859e-08 1
LGIC_C 305 -0.464071359 0.223254677 0.0250140058 3.68002297e-08 -2.45891157e-08 1
LGIC_C 306 0.190732938 0.122444769 0.0250139956 3.37890593e-08 4.80634111e-08 -1
LGIC_C 307 -0.399037286 0.236365098 0.0250140056 -4.82586679e-08 1.31306769e-08 -1
LGIC_C 308 0.616643315 -0.284249201 0.0250140129 -3.68002179e-08 2.45891393e-08 1
LGIC_C 309 0.126818807 0.124688595 0.025013991 -3.68002282e-08 -2.45891172e-08 1
LGIC_C 310 0.112016849 0.780940611 0.0250140181 -8.63455884e-09 -4.34088253e-08 1
LGIC_C 311 0.575664714 0.594943331 0.0250140193 -2.45891309e-08 -3.68002211e-08 1
LGIC_C 312 0.30662396 0.212643989 0.0250140021 -4.20574004e-08 -2.81018564e-08 1
LGIC_C 313 0.664721262 0.344399898 0.0250140162 -3.68002282e-08 -2.45891172e-08 1
LGIC_C 314 -0.280795811 0.510817874 0.025014009 2.45891128e-08 -3.68002333e-08 1
LGIC_C 315 -0.0809097514 0.000114539131 0.0250139873 4.96100897e-08 -9.86805572e-09 1
LGIC_C 318 -0.203297188 -0.369585525 0.0250139999 -5.56021111e-08 -1.45571543e-08 -1
LGIC_C 319 -0.481811285 -0.0629712992 0.0250140025 -4.34088282e-08 2.70157287e-08 -1
LGIC_C 320 0.425445236 0.583345929 0.0250140197 -2.81018716e-08 -4.20573923e-08 1
LGIC_C 322 0.518873922 0.236998082 0.0250140114 -4.82586616e-08 -1.31306776e-08 1
LGIC_C 323 -0.334051124 -0.642884159 0.0250140197 2.81018674e-08 4.20574117e-08 1
LGIC_C 324 0.0170354869 0.691670072 0.0250140175 -6.33660387e-09 4.96100877e-08 -1
LGIC_C 325 0.472735336 0.595723673 0.0250140168 -2.45891309e-08 -3.68002211e-08 1
LGIC_C 326 0.183212047 0.675437986 0.0250140156 -6.33660387e-09 4.96100877e-08 -1
LGIC_C 327 -0.288829392 -0.029683179 0.0250139967 -4.96100919e-08 2.90231703e-08 -1
LGIC_C 328 -0.41661291 0.00518769597 0.0250140015 4.34088279e-08 -2.48392273e-08 1
LGIC_C 329 0.607131793 -0.240423421 0.0250140157 -4.96100859e-08 9.86807898e-09 1
LGIC_C 330 0.370792038 -0.030604944 0.0250140026 -4.96100802e-08 3.14742968e-08 1
LGIC_C 331 0.233698534 -0.107756716 0.0250139946 -3.05989503e-08 3.95603122e-08 1
LGIC_C 332 -0.00519714396 -0.370351977 0.0250140017 9.8680833e-09 4.96100963e-08 1
LGIC_C 333 0.48739422 0.163250469 0.0250140058 -4.34088272e-08 -8.63453573e-09 1
LGIC_C 334 0.23668739 0.7894146 0.0250140196 -8.63455884e-09 -4.34088253e-08 1
LGIC_C 335 0.183555914 0.555992725 0.0250140097 -6.33660387e-09 4.96100877e-08 -1
LGIC_C 336 -0.737311867 0.0308153685 0.025014016 4.34088279e-08 -2.48392273e-08 1
LGIC_C 337 -0.0118722315 -0.00846036521 0.0250139838 5.39043203e-09 6.47688584e-08 1
LGIC_C 338 -0.203404751 0.314552637 0.0250139998 2.45891128e-08 -3.68002333e-08 1
LGIC_C 339 0.123996125 -0.189416128 0.025013994 -1.31306721e-08 4.82586744e-08 1
LGIC_C 340 -0.306068008 0.593614247 0.0250140168 2.8101852e-08 -4.20574041e-08 1
LGIC_C 341 -0.0385885499 -0.710690308 0.0250140144 8.63456455e-09 4.34088336e-08 1
LGIC_C 342 -0.830663825 -0.0293909704 0.0250140185 -4.34088282e-08 2.70157287e-08 -1
LGIC_C 343 0.266166698 0.464360877 0.0250140092 1.3130701e-08 4.82586573e-08 -1
LGIC_C 344 -0.120211386 0.0495156926 0.0250139878 5.7878425e-08 4.89846948e-08 1
LGIC_C 346 0.356001879 0.318667393 0.0250140042 -3.68002282e-08 -2.45891172e-08 1
LGIC_C 347 0.478086715 -0.144802869 0.0250140084 -4.96100859e-08 9.86807898e-09 1
LGIC_C 349 -0.210753706 -0.52938785 0.0250140034 -2.90231482e-08 4.96101036e-08 1
LGIC_C 350 -0.280175477 0.37212851 0.0250140039 2.45891128e-08 -3.68002333e-08 1
LGIC_C 352 -0.202043814 -0.279395263 0.0250139998 3.95603082e-08 3.05989652e-08 1
LGIC_C 353 -0.331511776 0.16860452 0.025014002 4.20574045e-08 -2.81018523e-08 1
LGIC_C 354 0.145902022 0.205706688 0.025013996 -2.81018716e-08 -4.20573923e-08 1
LGIC_C 355 0.082565148 -0.538630321 0.0250140136 1.00935263e-08 5.7878447e-08 1
LGIC_C 356 0.108129072 0.686148005 0.025014014 -8.63455884e-09 -4.34088253e-08 1
LGIC_C 357 0.753707146 0.159717519 0.0250140196 -4.96100869e-08 6.3366408e-09 1
LGIC_C 358 0.0542940968 -0.0302658697 0.0250139869 -4.90669481e-08 3.27855328e-08 1
LGIC_C 359 -0.244232265 0.227404091 0.025014002 6.28881943e-09 -7.55636452e-08 1
LGIC_C 360 -0.476541315 0.428817068 0.0250140114 3.68002297e-08 -2.45891157e-08 1
LGIC_C 361 0.596072461 -0.143360877 0.0250140142 -4.96100859e-08 9.86807898e-09 1
LGIC_C 362 -0.428199464 -0.120630278 0.025014001 -4.96100919e-08 2.90231703e-08 -1
LGIC_C 363 -0.311677149 0.442995331 0.0250140087 1.31306824e-08 -4.82586643e-08 1
LGIC_C 365 0.601138596 -0.333198708 0.0250140179 -4.20573976e-08 2.81018683e-08 1
LGIC_C 366 -0.35632647 -0.734702741 0.0250140198 3.95603082e-08 3.05989652e-08 1
LGIC_C 367 0.384940579 -0.101689916 0.0250140025 -4.34088182e-08 2.48392526e-08 1
LGIC_C 368 -0.119013141 -0.323749352 0.0250140003 2.48392553e-08 4.34088306e-08 1
LGIC_C 369 -0.115348512 -0.597870353 0.0250140095 -2.90231482e-08 4.96101036e-08 1
LGIC_C 370 -0.384954129 -0.569401644 0.0250140137 2.45891453e-08 3.68002268e-08 1
LGIC_C 371 0.236268956 0.0563955009 0.025013994 -4.34088272e-08 -8.63453573e-09 1
LGIC_C 372 -0.0708636553 0.444763143 0.0250140032 8.63455111e-09 -4.34088279e-08 1
LGIC_C 373 -0.617431687 0.46907148 0.0250140175 3.68002297e-08 -2.45891157e-08 1
LGIC_C 374 0.0405711031 -0.189464701 0.0250139924 6.33663526e-09 4.9610097e-08 1
LGIC_C 375 0.153145737 -0.634377962 0.0250140184 1.00935263e-08 5.7878447e-08 1
LGIC_C 376 0.407481187 0.362961159 0.0250140106 -4.20574004e-08 -2.81018564e-08 1
LGIC_C 377 0.319914939 0.163977385 0.0250139991 -3.68002282e-08 -2.45891172e-08 1
LGIC_C 378 -0.624476937 0.0874328038 0.0250140117 4.96100851e-08 2.90231542e-08 1
LGIC_C 379 -0.0207040171 -0.478996712 0.0250140072 9.8680833e-09 4.96100963e-08 1
LGIC_C 380 0.0817441631 0.611270463 0.0250140144 -9.86806672e-09 -4.96100854e-08 1
LGIC_C 381 0.0264416737 0.673092882 0.0250140165 -6.33660387e-09 4.96100877e-08 -1
LGIC_C 382 0.582923754 -0.249927808 0.0250140149 -3.37890406e-08 4.80634332e-08 1
LGIC_C 384 -0.443971855 -0.409907916 0.025014017 6.28883752e-09 7.55636663e-08 1
LGIC_C 386 0.500515337 -0.457871445 0.0250140129 -3.68002179e-08 2.45891393e-08 1
LGIC_C 387 0.581554705 -0.251955956 0.025014015 -3.37890406e-08 4.80634332e-08 1
LGIC_C 388 -0.00412882571 0.441754358 0.0250140053 -3.14742797e-08 4.96100914e-08 -1
LGIC_C 390 0.570541467 0.0250599797 0.0250140114 -4.96100869e-08 6.3366408e-09 1
LGIC_C 392 -0.195489829 -0.582892815 0.0250140065 -2.90231482e-08 4.96101036e-08 1
LGIC_C 393 -0.0148388531 -0.312692993 0.0250139969 8.63456455e-09 4.34088336e-08 1
LGIC_C 395 0.354976452 0.461426277 0.0250140102 1.3130701e-08 4.82586573e-08 -1
LGIC_C 396 0.305184535 0.425279938 0.0250140078 1.3130701e-08 4.82586573e-08 -1
LGIC_C 397 -0.676140908 0.241212416 0.0250140147 4.34088259e-08 -8.63455061e-09 1
LGIC_C 398 -0.571702652 0.256985344 0.0250140149 3.37890593e-08 -4.80634052e-08 1
LGIC_C 399 0.600895538 -0.151626313 0.0250140178 -4.96100802e-08 3.14742968e-08 1
NT 412 -0.504424743 -0.0187800129 0.0291135868 0 0 0
NT 513 -0.240932891 -0.238942621 0.0253870866 0 0 0
NT 547 -0.646474752 -0.201009729 0.0354630709 0 0 0
NT 555 -0.95906076 -0.0769169484 -1.04849673 0 0 0
NT 572 -0.307352705 -0.32604244 0.0261039126 0 0 0
NT 607 -0.224704168 -0.871240814 -0.0562858959 0 0 0
NT 648 0.119245506 0.45352526 0.0421340559 0 0 0
NT 650 0.711714339 0.255290369 0.0291675267 0 0 0
NT 657 -0.363186897 0.52646407 0.0434935312 0 0 0
NT 679 0.569631514 -0.333146681 0.0348443265 0 0 0
NT 686 -0.246406927 -0.0612110198 0.0415771996 0 0 0
NT 841 -0.535364311 0.295411506 0.0431419444 0 0 0
NT 924 0.171190449 0.0146256528 0.0315363748 0 0 0
NT 1104 -0.55673358 0.588963128 0.0367218495 0 0 0
NT 1120 -0.474246854 0.265890952 0.0361289235 0 0 0
NT 1132 0.0379897188 -0.112910983 0.0299128995 0 0 0
NT 1268 0.0781620152 0.490531293 0.0352949443 0 0 0
NT 1323 -0.0669188009 0.25730235 0.0353286958 0 0 0
NT 1344 0.136076723 -0.0944199192 0.0361944518 0 0 0
NT 1366 0.272304615 0.364898527 0.0273754898 0 0 0
NT 1443 -0.132280989 0.0979502862 0.043866487 0 0 0
NT 1732 -0.916486509 -0.218603734 -0.199811604 0 0 0
NT 1774 -0.00206745725 0.0964042416 0.0404185786 0 0 0
NT 1869 0.379527488 -0.69306488 0.0345481248 0 0 0
NT 1945 0.114110597 -0.663254459 0.0390622646 0 0 0
NT 1961 -0.630960028 0.389952462 0.0464713067 0 0 0
NT 2014 -0.0741709177 0.0305183898 0.0308184272 0 0 0
NT 2048 -0.352032516 -0.214492092 0.0427281149 0 0 0
NT 2049 -0.624041365 -0.261511177 0.0347969575 0 0 0
NT 2150 -0.355763463 0.483423554 0.0453204609 0 0 0
NT 2159 -0.653904192 -0.286461338 0.0379969517 0 0 0
NT 2217 0.0259046525 0.857669987 0.0342518323 0 0 0
NT 2305 0.185573259 0.507733353 0.046210058 0 0 0
NT 2385 -0.462213301 0.135695414 0.0386345497 0 0 0
NT 2406 -0.50484252 0.552025729 0.0442221733 0 0 0
NT 2460 0.134781829 -0.72971594 0.0445898895 0 0 0
NT 2477 0.363818208 -0.448621576 0.0460747593 0 0 0
NT 2740 -0.678851054 0.20290364 0.0456121803 0 0 0
NT 2788 -0.261465371 -0.317014321 0.0435552994 0 0 0
NT 2959 -0.40138332 -0.449428202 0.0256861271 0 0 0
NT 3100 0.375111752 0.342664579 0.0377697866 0 0 0
NT 3226 -0.482612128 -0.263148303 0.031359084 0 0 0
NT 3260 0.470394089 -0.218651846 0.0301172367 0 0 0
NT 3347 0.239363205 -0.050274846 0.031632629 0 0 0
NT 3420 -0.250627423 0.412495385 0.0459169943 0 0 0
NT 3513 0.0297040981 0.0202764353 0.0380320068 0 0 0
NT 3528 -0.251517151 0.258833585 0.0337938724 0 0 0
NT 3606 -0.422395111 0.576491479 0.0250442987 0 0 0
NT 3607 0.473392911 -0.162509338 0.0281526319 0 0 0
NT 3628 -0.265007215 0.0326824102 0.0251246474 0 0 0
NT 3703 0.0183006521 0.16318521 0.0341658803 0 0 0
NT 3727 0.263096557 -0.179243524 0.0346227778 0 0 0
NT 3755 -0.469480818 0.365380848 0.0281056557 0 0 0
NT 3759 -0.493165381 0.556710833 0.0453321787 0 0 0
NT 3851 -0.398509137 0.0403456885 0.0263145019 0 0 0
NT 3862 -0.00432035293 0.289675421 0.0397053983 0 0 0
NT 3980 -0.135140293 -0.143007778 0.0448161782 0 0 0
NT 4012 0.661008864 -0.233110363 0.0386020742 0 0 0
NT 4078 0.00424647452 0.323453635 0.0367742124 0 0 0
NT 4180 0.147792545 0.39871009 0.0321153493 0 0 0
NT 4233 -0.782741918 -0.0168729766 0.0257125789 0 0 0
NT 4268 0.351854163 -0.339928237 0.0464872625 0 0 0
NT 4346 -0.413722822 -0.328288899 0.0307639873 0 0 0
NT 4425 0.299648552 0.512092362 0.0437321199 0 0 0
NT 4428 -0.261816408 -0.212164724 0.0389482437 0 0 0
NT 4431 -0.334223786 -0.567848574 0.0336998249 0 0 0
NT 4440 0.631570122 -0.0452447585 0.0337588854 0 0 0
NT 4445 0.571403914 0.0754721254 0.0295898377 0 0 0
NT 4449 -0.581238762 0.000616447793 0.0395580342 0 0 0
NT 4451 -0.588683237 -0.471232063 0.0423330806 0 0 0
NT 4457 0.355155877 -0.206285379 0.0255554907 0 0 0
NT 4458 0.0382757991 0.0875787226 0.0456771093 0 0 0
NT 4460 -0.0440523184 -0.069542878 0.0396557293 0 0 0
NT 4476 -0.380012739 0.00667141149 0.032477055 0 0 0
NT 4479 0.737323217 -0.0786751255 0.0397725242 0 0 0
NT 4492 -0.228654196 -0.0348138087 0.0265180785 0 0 0
NT 4494 0.511805624 -0.454072783 0.042824212 0 0 0
NT 4510 0.241119244 0.126100157 0.0318903717 0 0 0
NT 4528 0.041638295 -0.017562518 0.0406960673 0 0 0
NT 4535 0.401188877 -0.462411536 0.0327866903 0 0 0
NT 4539 0.700933918 0.389424951 0.0430790053 0 0 0
NT 4579 0.0566388088 -0.363167765 0.0256168782 0 0 0
NT 4585 0.805423537 0.182509531 0.0393051666 0 0 0
NT 4596 -0.501669946 0.0703000599 0.0294000162 0 0 0
NT 4600 0.378554979 0.554780525 0.0391214428 0 0 0
NT 4601 0.523404086 -0.400837449 0.0356026114 0 0 0
NT 4636 0.242333631 -0.0635497059 0.0286925774 0 0 0
NT 4651 -0.268756308 -0.55410673 0.0410169229 0 0 0
NT 4655 0.352860384 0.0100084975 0.0278650845 0 0 0
NT 4683 0.618218391 0.680899186 -0.0887769863 0 0 0
NT 4695 -0.0301208655 -0.090325994 0.0301246454 0 0 0
NT 4697 -0.38922293 -0.405878544 0.0305088567 0 0 0
NT 4699 0.663513459 -0.146839556 0.0291568356 0 0 0
NT 4701 -0.180507823 -0.0839635973 0.0462551361 0 0 0
NT 4703 0.151266669 -0.0118010326 0.0355354861 0 0 0
NT 4712 -0.0467567993 -0.176555978 0.0307026501 0 0 0
NT 4718 -0.267937525 -0.425554062 0.0346588462 0 0 0
NT 4719 -0.0561569157 -0.147797628 0.03066167 0 0 0
NT 4726 -0.234850389 -0.382839392 0.0254159769 0 0 0
NT 4735 0.423659314 0.665781304 0.0454524761 0 0 0
NT 4741 -0.590636742 0.0611012635 0.0389554662 0 0 0
NT 4749 -0.867049679 0.0967058313 0.045385883 0 0 0
NT 4767 0.408238579 -0.292731588 0.0444593241 0 0 0
NT 4780 0.164884599 0.329259418 0.0300473525 0 0 0
NT 4781 -0.759543508 0.62492535 -0.302369044 0 0 0
NT 4787 -0.379803276 -0.186494833 0.0407523565 0 0 0
NT 4797 0.315189339 -0.0811763482 0.0251482653 0 0 0
NT 4803 -0.871777575 -0.0738155424 0.338546534 0 0 0
NT 4806 -0.538869981 -0.336660703 0.0394527998 0 0 0
NT 4812 -0.230601032 0.0695654432 0.0271837096 0 0 0
NT 4822 0.0262581244 0.313052267 0.0460820005 0 0 0
NT 4827 0.778307783 0.56917621 -0.809716188 0 0 0
NT 4828 0.637694114 0.0268468448 0.0269560433 0 0 0
NT 4832 -0.0956213335 -0.186440349 0.0276153583 0 0 0
NT 4865 -0.0927484842 0.0400668641 0.0334764764 0 0 0
NT 4868 -0.338089417 -0.0622703452 0.0436149101 0 0 0
NT 4878 -0.239822458 -0.214864169 0.0433905136 0 0 0
NT 4882 0.0258086197 0.678469487 0.0340235806 0 0 0
NT 4893 0.747150521 0.0905547657 0.0348610353 0 0 0
NT 4897 0.159913198 0.505373147 0.030689846 0 0 0
NT 4900 -0.0233559646 -0.400268129 0.0456357072 0 0 0
NT 4904 -0.0714880362 0.335490385 0.0304105704 0 0 0
NT 4905 -0.331307543 -0.416194883 0.0344881251 0 0 0
NT 4910 -0.675806144 -0.352026478 0.0259459064 0 0 0
NT 4916 -0.215811703 0.426300803 0.0408401731 0 0 0
NT 4917 0.603299231 0.697292446 0.0847043226 0 0 0
NT 4921 0.568755262 -0.0145324595 0.0265325654 0 0 0
NT 4937 -0.214217864 0.516320921 0.0350497862 0 0 0
NT 4942 -0.122583226 0.439521817 0.0297865243 0 0 0
NT 4951 0.0906977853 0.126486893 0.0407636572 0 0 0
NT 4952 -0.254056057 -0.208770084 0.0316228157 0 0 0
NT 4960 -0.241627427 0.057734562 0.0357421541 0 0 0
NT 4964 -0.242940045 0.389876905 0.025240801 0 0 0
NT 4971 0.264622687 -0.873802553 -0.0578050433 0 0 0
NT 4979 -0.5101565 -0.599753503 0.0437475223 0 0 0
NT 4995 -0.440035378 -0.332566639 0.0451611571 0 0 0
NT 4996 -0.0421668296 0.407454732 0.0386922995 0 0 0
NT 5000 0.159512643 0.241418668 0.0300556813 0 0 0
NT 5003 -0.00926248156 -0.157396889 0.0417931041 0 0 0
NT 5006 -0.157324206 -0.432936132 0.0446049856 0 0 0
NT 5018 -0.0566627267 -0.124715809 0.0250831706 0 0 0
NT 5031 -0.97715842 -0.0393637486 0.0179713234 0 0 0
NT 5039 -0.186340399 0.411168084 0.0296071684 0 0 0
NT 5041 0.389331268 0.271239123 0.0414183911 0 0 0
NT 5053 0.30039791 -0.473484079 0.02728184 0 0 0
NT 5058 0.106560623 -0.0842693138 0.0420690874 0 0 0
NT 5063 0.534997818 0.158068229 0.034625475 0 0 0
NT 5064 -0.0166032086 -0.325996629 0.0357593667 0 0 0
NT 5069 -0.0160777142 0.489837596 0.0292142735 0 0 0
NT 5078 0.30491136 -0.0350123189 0.0309273685 0 0 0
NT 5080 -0.105428352 -0.337536294 0.039386199 0 0 0
NT 5083 0.0342235437 0.176272413 0.0256520914 0 0 0
NT 5091 -0.0901055542 -0.2667218 0.0465775354 0 0 0
NT 5104 0.05024144 -0.343969899 0.0394151953 0 0 0
NT 5106 -0.112029738 -0.862427759 -0.228946125 0 0 0
NT 5114 -0.285686383 0.162359192 0.0442496504 0 0 0
NT 5115 0.430297556 -0.0242246478 0.0351129945 0 0 0
NT 5116 -0.23780854 0.124015697 0.0267613229 0 0 0
NT 5137 -0.226274823 -0.234356194 0.044971981 0 0 0
NT 5163 -0.165447647 0.458755502 0.0449263308 0 0 0
NT 5172 0.43407088 -0.286521207 0.04565542 0 0 0
NT 5176 0.411158184 -0.16195377 0.0401931055 0 0 0
NT 5181 0.304975126 -0.508820116 0.0253657193 0 0 0
NT 5183 -0.0864645117 -0.356727607 0.0277603556 0 0 0
NT 5190 0.0215184721 0.310571379 0.0418201326 0 0 0
NT 5195 0.533512025 -0.630348764 0.0413958269 0 0 0
NT 5202 0.337974157 0.230335288 0.0410969492 0 0 0
NT 5203 0.257903937 0.0831957895 0.0280371513 0 0 0
NT 5209 -0.413377276 -0.2051889 0.0274223832 0 0 0
NT 5224 -0.40785476 0.168889844 0.0326575559 0 0 0
NT 5229 0.0683528174 -0.443457159 0.0313234349 0 0 0
NT 5247 0.507847325 -0.0372311856 0.0342786575 0 0 0
NT 5251 -0.495253218 -0.322583796 0.0365994362 0 0 0
NT 5263 0.245214118 0.0797220181 0.0355027443 0 0 0
NT 5265 -0.401968399 -0.0116459627 0.046327952 0 0 0
NT 5267 0.490773339 -0.531359278 0.0332054428 0 0 0
NT 5268 -0.1159753 0.0275042646 0.0382037957 0 0 0
NT 5271 -0.00732647026 -0.593047376 0.0388110856 0 0 0
NT 5274 0.411829098 -0.0933744729 0.0307956148 0 0 0
NT 5286 0.78800986 0.0275481513 0.0416665327 0 0 0
NT 5301 -0.543777256 -0.219139135 0.0400642913 0 0 0
NT 5305 -0.181636394 -0.0409014593 0.0447227933 0 0 0
NT 5307 -0.0198984357 0.0560118931 0.0310082189 0 0 0
NT 5313 -0.00885319192 0.517290806 0.0333884461 0 0 0
NT 5317 0.0960563267 0.181850272 0.0281184777 0 0 0
NT 5330 0.525745109 0.112182303 0.0291322347 0 0 0
NT 5336 -0.615780452 0.770073016 0.125533982 0 0 0
NT 5341 0.259935911 0.915452161 -0.176077624 0 0 0
NT 5343 0.0138996838 -0.308095857 0.0387451378 0 0 0
NT 5344 0.244581018 0.00256178306 0.0416945768 0 0 0
NT 5346 0.227086653 0.0724958791 0.0266764814 0 0 0
NT 5348 0.22458499 -0.110485242 0.0255080675 0 0 0
NT 5356 0.0433889057 -0.0486427741 0.0441142678 0 0 0
NT 5358 -0.0836430412 -0.0560200725 0.0292917157 0 0 0
NT 5362 -0.622343523 0.114948088 0.0328688292 0 0 0
NT 5364 -0.36014325 0.698326021 0.0449305503 0 0 0
NT 5368 0.013216332 -0.236893057 0.0441070892 0 0 0
NT 5375 -0.0780423371 0.0843104359 0.0395483995 0 0 0
NT 5388 -0.552661541 -0.738871053 0.0254393811 0 0 0
NT 5389 -0.606971486 0.239537073 0.0288007322 0 0 0
NT 5392 0.151264797 -0.0387663457 0.0285723288 0 0 0
NT 5402 -0.000741080633 -0.0488152898 0.0344563322 0 0 0
NT 5408 0.393782824 0.0385620145 0.0404939128 0 0 0
NT 5426 0.703362128 -0.237607471 0.038759885 0 0 0
NT 5429 -0.43588889 0.513949035 0.0458661339 0 0 0
NT 5432 0.454577722 -0.00728282162 0.0425550808 0 0 0
NT 5442 -0.324494256 -0.09862582 0.0326328306 0 0 0
NT 5443 -0.575752833 0.671066872 -0.0814621137 0 0 0
NT 5444 -0.00881662449 -0.0161370741 0.0281166973 0 0 0
NT 5450 -0.0941956626 0.425527378 0.0458569487 0 0 0
NT 5452 0.2810849 0.616483319 0.0392226504 0 0 0
NT 5454 -0.391134503 0.12005402 0.0288801092 0 0 0
NT 5455 -0.00378725423 0.827925729 0.0359138929 0 0 0
NT 5470 0.0830692958 0.231276813 0.0427321993 0 0 0
NT 5475 -0.169140286 -0.363064444 0.028631692 0 0 0
NT 5481 0.320574674 0.697173613 0.0366713828 0 0 0
NT 5496 -0.0036078096 -0.243325155 0.0312016154 0 0 0
NT 5499 0.391480408 0.891798893 -0.0571138013 0 0 0
NT 5508 -0.00663475459 -0.00915683969 0.0337044404 0 0 0
NT 5524 0.506217677 0.845397456 0.00971527938 0 0 0
NT 5531 0.25560526 0.394847583 0.0412726526 0 0 0
NT 5534 0.769675818 0.166351891 0.0273924222 0 0 0
NT 5536 0.109137881 0.227497004 0.0307097601 0 0 0
NT 5540 0.485366708 -0.856985172 0.0874890887 0 0 0
NT 5548 -0.476410905 -0.0365268066 0.0403389765 0 0 0
NT 5551 -0.475903029 0.205374534 0.031592607 0 0 0
NT 5563 -0.513998928 -0.228547444 0.042556103 0 0 0
NT 5565 -0.538605598 -0.0448490529 0.0372310298 0 0 0
NT 5571 -0.338526597 -0.925121309 0.0508135056 0 0 0
NT 5576 -0.608539301 -0.538190836 0.0418764345 0 0 0
NT 5579 -0.187781122 0.247833585 0.039603295 0 0 0
NT 5590 0.290358812 0.336970911 0.0406354076 0 0 0
NT 5593 0.66027293 -0.0044650659 0.0386913033 0 0 0
NT 5597 -0.388777112 -0.411659343 0.0326336676 0 0 0
NT 5600 0.110032376 0.0354834757 0.0422648009 0 0 0
NT 5601 -0.464471646 0.321550415 0.0277328342 0 0 0
NT 5602 -0.271043232 -0.497166283 0.0380911828 0 0 0
NT 5619 -0.312570769 0.237619779 0.0358298367 0 0 0
NT 5622 -0.102437231 0.204919016 0.0436791523 0 0 0
NT 5623 -0.298073638 0.319064853 0.0325017069 0 0 0
NT 5625 0.266001215 0.189324263 0.0438780628 0 0 0
NT 5641 -0.494598325 -0.204308259 0.0268797671 0 0 0
NT 5656 0.33553225 0.344348726 0.0296845168 0 0 0
NT 5659 0.33185544 -0.0761094986 0.0403240264 0 0 0
NT 5662 -0.250291952 0.0664356512 0.0251055567 0 0 0
NT 5664 0.0560553214 -0.168635033 0.0412168075 0 0 0
NT 5667 -0.0829654988 0.0747992856 0.0458305554 0 0 0
NT 5688 -0.771256484 0.00990770872 0.040237479 0 0 0
NT 5693 0.188714573 -0.0473583656 0.0446042231 0 0 0
NT 5696 -0.172388492 -0.386492283 0.0270631163 0 0 0
NT 5711 -0.774128312 0.445006381 0.137219851 0 0 0
NT 5724 0.469824545 -0.0619878786 0.0307282519 0 0 0
NT 5735 0.570000228 -0.284655739 0.0416484359 0 0 0
NT 5746 -0.0465568126 0.309926034 0.0270858838 0 0 0
NT 5768 -0.169019351 0.870999248 0.0606351163 0 0 0
NT 5782 -0.303161983 -0.525975045 0.0337705262 0 0 0
NT 5789 0.124038055 0.296804918 0.0348451656 0 0 0
NT 5791 0.325596795 -0.0647066499 0.0309331363 0 0 0
NT 5825 -0.715611522 -0.385190764 0.0443153726 0 0 0
NT 5826 0.196299187 0.156168736 0.0268104782 0 0 0
NT 5832 0.158216558 0.258583252 0.040796531 0 0 0
NT 5837 0.266661495 0.0856980105 0.0427368381 0 0 0
NT 5839 0.0580642965 0.582529758 0.0255570015 0 0 0
NT 5840 -0.0101785729 0.160421727 0.0347273738 0 0 0
NT 5845 0.161038526 -0.321670007 0.03959177 0 0 0
NT 5847 -0.431349512 0.120915789 0.0360311343 0 0 0
NT 5864 -0.410087 -0.127944703 0.0454110619 0 0 0
NT 5869 -0.22452498 -0.468219288 0.03655924 0 0 0
NT 5870 -0.402213826 0.159893091 0.0355741703 0 0 0
NT 5872 0.274843643 0.0216093009 0.045533619 0 0 0
NT 5876 -0.340468295 -0.592310185 0.0379007131 0 0 0
NT 5877 0.398421585 0.167925791 0.0292522156 0 0 0
NT 5907 0.0264968971 0.567013192 0.0432208731 0 0 0
NT 5927 0.427017252 0.3578809 0.0379088227 0 0 0
NT 5928 0.0674566284 0.389185537 0.0313336618 0 0 0
NT 5934 -0.0758860489 0.931146738 -0.017028419 0 0 0
NT 5940 -0.227279889 0.268407446 0.0402471838 0 0 0
NT 5944 0.613013987 0.721266344 0.0335310015 0 0 0
NT 5948 -0.30029246 0.0681544462 0.0310496306 0 0 0
NT 5959 -0.361851791 -0.266957878 0.0413432506 0 0 0
NT 5961 -0.449692505 0.133237029 0.0432888397 0 0 0
NT 5962 0.629877615 0.761370363 -0.0657093826 0 0 0
NT 5965 -0.683658851 -0.143831699 0.033365069 0 0 0
NT 5967 0.524514148 0.27819665 0.0367166637 0 0 0
NT 5973 0.178924524 -0.0261046818 0.0419417948 0 0 0
NT 5985 0.950910453 -0.232003667 -0.00348856891 0 0 0
NT 5995 -0.121870274 0.330987803 0.0430083432 0 0 0
NT 5999 0.358988045 0.139011039 0.0437733403 0 0 0
NT 6007 -0.821478112 0.511235189 -0.0202245922 0 0 0
NT 6020 -0.739195639 -0.186557018 0.0320382639 0 0 0
NT 6028 0.679048515 -0.298438841 0.031401125 0 0 0
NT 6029 -0.0790903335 -0.461123434 0.0378896204 0 0 0
NT 6035 -0.308133566 -0.402495183 0.0287739186 0 0 0
NT 6052 0.0494803765 -0.782346336 0.0448710829 0 0 0
NT 6056 0.355751851 0.283643648 0.0253585713 0 0 0
NT 6060 -0.522029792 -0.246586463 0.0382841707 0 0 0
NT 6061 -0.512331807 0.136326698 0.0371186728 0 0 0
NT 6064 0.142294896 -0.517398994 0.0292504122 0 0 0
NT 6075 0.0678321173 -0.261030864 0.0269704012 0 0 0
NT 6076 -0.434898349 -0.18622161 0.0364544553 0 0 0
NT 6083 -0.576056822 0.714949316 0.0526541557 0 0 0
NT 6091 0.506711492 0.520836435 0.0463213 0 0 0
NT 6094 0.403015027 -0.0884896119 0.0315542002 0 0 0
NT 6100 0.169191739 -0.253125829 0.0273629745 0 0 0
NT 6102 0.00557841011 0.133079506 0.032152676 0 0 0
NT 6105 0.430174153 0.321854654 0.0295705653 0 0 0
NT 6108 -0.207461694 0.325887523 0.0403699332 0 0 0
NT 6119 0.172049057 0.389943945 0.034614059 0 0 0
NT 6134 -0.036900023 0.0484610773 0.0356222877 0 0 0
NT 6137 -0.899898801 -0.239778951 -0.126333873 0 0 0
NT 6149 -0.226481216 0.234893373 0.0372512059 0 0 0
NT 6152 0.063819432 0.0139745996 0.0368568885 0 0 0
NT 6156 0.0838929244 -0.719585111 0.0290045407 0 0 0
NT 6161 0.0288639404 0.262186499 0.0440160287 0 0 0
NT 6164 -0.0714555667 0.571508278 0.0255758022 0 0 0
NT 6173 -0.246060484 0.959713392 0.101708322 0 0 0
NT 6175 -0.0897447198 -0.451007353 0.0337138062 0 0 0
NT 6185 -0.264462645 -0.0769295325 0.0413836933 0 0 0
NT 6190 -0.111513119 0.604992626 0.0411583173 0 0 0
NT 6201 0.0421532702 -0.156625891 0.0256720791 0 0 0
NT 6206 -0.330969485 -0.337541101 0.031788095 0 0 0
NT 6217 0.0651805316 0.24051631 0.042705302 0 0 0
NT 6226 -0.228006178 -0.213354771 0.0378408467 0 0 0
NT 6231 0.483316972 -0.312900958 0.0452305185 0 0 0
NT 6235 -0.234354471 0.018685502 0.0302882757 0 0 0
NT 6241 0.708442517 -0.647067839 -0.0644127609 0 0 0
NT 6249 -0.00664310179 -0.298882334 0.0462439509 0 0 0
NT 6250 0.231439836 0.0747793663 0.0325813021 0 0 0
NT 6253 -0.2043083 0.0795245673 0.0306993161 0 0 0
NT 6260 -0.617726427 -0.396077942 0.0423405079 0 0 0
NT 6267 0.918934253 -0.208896678 -0.811920059 0 0 0
NT 6285 -0.0906744665 0.349014835 0.0313538792 0 0 0
NT 6289 0.175144876 0.0854335647 0.0410747847 0 0 0
NT 6306 0.0831277655 0.040418845 0.0404801206 0 0 0
NT 6316 0.396237672 -0.0590068063 0.0453787342 0 0 0
NT 6319 0.0746328465 0.365551131 0.0377068983 0 0 0
NT 6333 -0.000225116773 -0.432789429 0.0461965298 0 0 0
NT 6338 0.0906484452 0.549818116 0.0267341749 0 0 0
NT 6348 0.0921583335 0.0103985142 0.0419192839 0 0 0
NT 6369 -0.0953803303 -0.63077439 0.0454368102 0 0 0
NT 6370 0.173549211 -0.165800952 0.0255902456 0 0 0
NT 6391 -0.0389465592 -0.0412214743 0.0284947695 0 0 0
NT 6397 0.680115434 0.17220864 0.0280487636 0 0 0
NT 6414 0.379838116 -0.021176561 0.0445062138 0 0 0
NT 6417 0.126566329 0.339203104 0.0273101399 0 0 0
NT 6418 -0.353240755 0.154543658 0.0440859571 0 0 0
NT 6427 -0.74081788 -0.460647208 0.0453671315 0 0 0
NT 6445 -0.460310786 0.466441152 0.0439929969 0 0 0
NT 6450 -0.162946692 -0.363748588 0.035203618 0 0 0
NT 6463 0.109138645 0.328242784 0.0420700459 0 0 0
NT 6468 0.0349108231 -0.642433391 0.0463486184 0 0 0
NT 6482 -0.234591543 0.751812949 0.0271095033 0 0 0
NT 6491 -0.0376307688 -0.551122162 0.0340155036 0 0 0
NT 6494 0.542724908 -0.67116013 -0.0118898475 0 0 0
NT 6509 0.250871592 0.54190928 0.0371924881 0 0 0
NT 6511 0.0315181976 0.25706174 0.0269025333 0 0 0
NT 6512 -0.190878797 0.036234251 0.0354927362 0 0 0
NT 6514 0.706802683 -0.669515422 -0.147713296 0 0 0
NT 6522 0.205547723 0.199028797 0.0438492154 0 0 0
NT 6528 -0.460691983 -0.0566984834 0.0340902503 0 0 0
NT 6536 -0.374179477 0.135583801 0.0321915187 0 0 0
NT 6537 0.668044212 0.152559432 0.0275743855 0 0 0
NT 6539 -0.0572866129 0.171113406 0.0426282706 0 0 0
NT 6543 0.305485327 -0.52441934 0.0391147039 0 0 0
NT 6546 -0.219697428 0.0901241617 0.0257840221 0 0 0
NT 6552 -0.245436831 0.279295245 0.0466027774 0 0 0
NT 6553 -0.397007981 -0.524485828 0.0397856329 0 0 0
NT 6557 0.104772767 -0.00516430833 0.0303079284 0 0 0
NT 6580 0.426051773 0.515345637 0.0444959944 0 0 0
NT 6583 -0.176524321 0.565784107 0.0298304373 0 0 0
NT 6584 0.249810182 0.961160872 -0.0868665963 0 0 0
NT 6597 -0.0581944949 0.403730145 0.029379061 0 0 0
NT 6600 0.168994901 0.519419395 0.027836376 0 0 0
NT 6603 -0.687277794 0.409674085 0.0350881844 0 0 0
NT 6614 -0.0801926436 0.230213017 0.0309081705 0 0 0
NT 6624 0.439805899 -0.805738979 0.279124864 0 0 0
NT 6632 -0.499298255 -0.272979137 0.0440961701 0 0 0
NT 6644 0.616435346 -0.582981937 0.0418901664 0 0 0
NT 6650 -0.167521796 0.684721678 0.0283187644 0 0 0
NT 6660 0.367661491 -0.13400601 0.0455806342 0 0 0
NT 6670 0.323689286 0.255645298 0.0270432996 0 0 0
NT 6694 0.163388817 -0.0589741036 0.0378194564 0 0 0
NT 6699 -0.431176913 -0.0485513933 0.0442170511 0 0 0
NT 6710 0.706695329 -0.083088121 0.037811411 0 0 0
NT 6714 0.377736202 0.211182798 0.0250240616 0 0 0
NT 6747 -0.391491816 0.161671043 0.0298220582 0 0 0
NT 6751 -0.29874826 0.316582963 0.036708665 0 0 0
NT 6759 -0.497423091 0.1256345 0.0399837396 0 0 0
NT 6762 -0.104102187 0.337922307 0.035489743 0 0 0
NT 6788 0.243091352 -0.0182194348 0.0345875522 0 0 0
NT 6789 -0.374571835 -0.40319613 0.0376510065 0 0 0
NT 6801 0.380259832 0.508084011 0.0462542466 0 0 0
NT 6802 0.273075723 0.776290187 0.0396903485 0 0 0
NT 6812 -0.420271831 0.57571156 0.0407340748 0 0 0
NT 6820 -0.424682994 0.0479137623 0.0435875235 0 0 0
NT 6824 0.885798026 0.0953279155 0.0164123429 0 0 0
NT 6826 -0.648750606 -0.042142533 0.0338082876 0 0 0
NT 6827 0.780755099 0.544768357 0.280457972 0 0 0
NT 6832 -0.705768463 -0.264464507 0.0384484522 0 0 0
NT 6838 0.262275447 0.0737346245 0.0454511959 0 0 0
NT 6840 0.605296568 -0.499340497 -1.28907447 0 0 0
NT 6843 -0.251574539 -0.472196604 0.036962171 0 0 0
NT 6853 0.00762890773 0.463179005 0.0446119041 0 0 0
NT 6878 0.303560225 0.26056967 0.0406316266 0 0 0
NT 6882 0.0731939107 -0.456165935 0.043215851 0 0 0
NT 6885 0.312522129 0.295592758 0.04615151 0 0 0
NT 6903 0.516237388 0.516401968 0.0292447111 0 0 0
NT 6905 0.240741418 0.446713184 0.0433229144 0 0 0
NT 6911 -0.18023194 0.0580887322 0.0356759325 0 0 0
NT 6918 -0.0262572401 -0.542976431 0.0313045543 0 0 0
NT 6923 -0.487295164 0.509028888 0.0350900155 0 0 0
NT 6929 0.20868802 0.0209372109 0.0347743374 0 0 0
NT 6931 -0.429083843 0.365119053 0.0414718418 0 0 0
NT 6933 -0.204480176 -0.164037015 0.0339604223 0 0 0
NT 6956 -0.0560897713 -0.193047426 0.0334664027 0 0 0
NT 6959 -0.103449498 -0.00833745087 0.0447782048 0 0 0
NT 6964 -0.0934092491 -0.748756521 0.0255668254 0 0 0
NT 6965 -0.388446089 0.461022241 0.038466297 0 0 0
NT 6967 0.187291148 -0.385335206 0.0383244468 0 0 0
NT 6970 0.95808749 0.11071714 0.0813574043 0 0 0
NT 6978 -0.560542582 -0.291520615 0.0352726211 0 0 0
NT 6981 -0.0196953529 0.27007903 0.0301816324 0 0 0
NT 6993 0.0644825149 0.506821273 0.0396681677 0 0 0
NT 6998 0.0122408604 -0.108685433 0.0409783992 0 0 0
NT 6999 -0.13358041 -0.0706799307 0.0311969972 0 0 0
NT 7001 -0.298628799 0.159250089 0.0364976147 0 0 0
NT 7013 -0.496404292 -0.285950777 0.04498955 0 0 0
NT 7027 -0.0033352901 0.143319092 0.0411737975 0 0 0
NT 7032 -0.344270451 0.35931117 0.0378848201 0 0 0
NT 7037 0.0592789243 -0.2695744 0.0358803243 0 0 0
NT 7050 0.0978554072 -0.162938984 0.0261525219 0 0 0
NT 7057 -0.152406068 0.776812301 0.0369476811 0 0 0
NT 7058 0.343961002 -0.461656596 0.0426593586 0 0 0
NT 7063 0.259241745 0.239672254 0.0303018894 0 0 0
NT 7065 0.0211876088 0.562786019 0.0305635632 0 0 0
NT 7066 0.420107447 -0.362038975 0.0339986714 0 0 0
NT 7076 0.395088019 0.333682857 0.0283889754 0 0 0
NT 7082 -0.00222854974 -0.47470977 0.03945731 0 0 0
NT 7085 -0.359887863 -0.317317545 0.0440901908 0 0 0
NT 7096 -0.740786002 -0.640319963 0.134155434 0 0 0
NT 7112 0.410022909 -0.237246856 0.0376718708 0 0 0
NT 7119 -0.568257072 0.354131678 0.0377711132 0 0 0
NT 7121 -0.0519621381 0.316375368 0.0271933687 0 0 0
NT 7126 0.379064617 0.0523033158 0.0259638098 0 0 0
NT 7130 -0.671881425 0.278516105 0.044480951 0 0 0
NT 7146 -0.419125117 0.368488048 0.0397605202 0 0 0
NT 7150 0.181705636 0.277899562 0.0396149325 0 0 0
NT 7152 0.207402799 -0.187046176 0.0278209446 0 0 0
NT 7154 0.677269635 -0.0129820496 0.0286522751 0 0 0
NT 7155 -0.112569135 0.94261765 -0.109527423 0 0 0
NT 7161 -0.682602286 0.334137166 0.034962287 0 0 0
NT 7167 0.101565045 0.162769393 0.030964633 0 0 0
NT 7169 -0.00799337868 -0.307963159 0.0325363415 0 0 0
NT 7170 0.157245251 0.0678074711 0.0351738587 0 0 0
NT 7178 -0.124875639 0.623856632 0.0305241717 0 0 0
NT 7181 -1.14254698 0.626983722 1.04774888 0 0 0
NT 7183 0.583701179 -0.286191488 0.0254294463 0 0 0
NT 7186 0.271014325 0.331718946 0.0363850633 0 0 0
NT 7206 -0.410996383 0.621146905 0.0352515773 0 0 0
NT 7213 0.20260639 0.879743375 0.111402402 0 0 0
NT 7233 0.364131202 -0.224504545 0.0271652178 0 0 0
NT 7242 -0.310048135 -0.027225036 0.0288439751 0 0 0
NT 7244 -0.226613525 0.480854659 0.0331671346 0 0 0
NT 7246 -0.312042679 -0.178475216 0.0327601121 0 0 0
NT 7250 -0.209280356 0.223924826 0.0252429533 0 0 0
NT 7253 0.476469818 -0.283674924 0.0252918852 0 0 0
NT 7254 0.112712633 0.093817761 0.0363514848 0 0 0
NT 7262 -0.48207915 0.582718622 0.0275603884 0 0 0
NT 7278 0.197524533 0.365641238 0.0366130982 0 0 0
NT 7281 -0.219750763 0.4256558 0.0341386401 0 0 0
NT 7283 -0.552824255 0.32118392 0.0431412155 0 0 0
NT 7294 0.259330847 0.304355378 0.0464025353 0 0 0
NT 7301 -0.247895126 -0.0276770367 0.0402599642 0 0 0
NT 7316 0.0538159775 0.056271664 0.0334735642 0 0 0
NT 7321 -0.221459341 -0.154166921 0.0343447435 0 0 0
NT 7329 -0.0396395743 0.257250149 0.0263605318 0 0 0
NT 7338 0.42402491 0.0347455968 0.0400215948 0 0 0
NT 7345 0.565372102 0.499072574 0.0351967821 0 0 0
NT 7350 -0.0341320295 -0.181379282 0.0423767717 0 0 0
NT 7381 -0.303519948 -0.51131955 0.0362706013 0 0 0
NT 7394 0.0617204047 -0.701580677 0.0260486414 0 0 0
NT 7401 -0.420276268 0.69300783 0.0384436259 0 0 0
NT 7403 -0.179492777 0.0449645089 0.044221866 0 0 0
NT 7422 -0.655394379 0.310392813 0.0336256082 0 0 0
NT 7426 0.416938024 0.0971391966 0.0463304329 0 0 0
NT 7435 -0.197537789 0.520879585 0.0258707195 0 0 0
NT 7437 -0.511994492 0.239979197 0.0422873066 0 0 0
NT 7462 0.554530305 0.292024151 0.0282356984 0 0 0
NT 7475 -0.208415343 -0.237616477 0.0344933799 0 0 0
NT 7489 0.451442005 -0.248195518 0.0286161214 0 0 0
NT 7491 -0.188259089 0.323548079 0.0320248795 0 0 0
NT 7497 -0.453767444 0.118380639 0.0438579004 0 0 0
NT 7508 -0.108649479 -0.434575765 0.0259903403 0 0 0
NT 7511 -0.042893902 0.501250412 0.0427043343 0 0 0
NT 7519 0.415976515 0.157574558 0.0292893992 0 0 0
NT 7531 -0.486657372 0.191062641 0.0307727253 0 0 0
NT 7541 -0.0346100666 -0.249370534 0.032654909 0 0 0
NT 7543 -0.0806317975 -0.27587767 0.0352572774 0 0 0
NT 7572 -0.280357951 -0.30035227 0.0438155915 0 0 0
NT 7573 0.113618888 -0.226436945 0.0424110038 0 0 0
NT 7577 0.326915172 -0.136411702 0.0373988415 0 0 0
NT 7579 -0.148381712 0.29923667 0.0375802757 0 0 0
NT 7589 -0.136553589 -0.365267153 0.0391479649 0 0 0
NT 7669 0.034370766 0.0652412969 0.0311722429 0 0 0
NT 7670 -0.263604546 0.106617303 0.0269208085 0 0 0
NT 7671 0.0548487451 0.00139594034 0.0361157189 0 0 0
NT 7674 0.149956775 0.362325208 0.0344735594 0 0 0
NT 7675 0.642349414 0.220966529 0.0285852814 0 0 0
NT 7686 0.133767983 0.403703721 0.0311453883 0 0 0
NT 7695 -0.519437339 0.21006263 0.0269478826 0 0 0
NT 7698 -0.530918966 0.312640379 0.0260667356 0 0 0
NT 7708 -0.155168844 -0.0433028909 0.0412862293 0 0 0
NT 7716 0.197127175 0.044059007 0.0313544908 0 0 0
NT 7728 0.302198647 -0.414561682 0.0392792173 0 0 0
NT 7732 -0.0474386123 0.103202568 0.0424001819 0 0 0
NT 7741 0.651327545 0.057683955 0.0313633837 0 0 0
NT 7745 -0.0321825071 -0.189091623 0.0396903959 0 0 0
NT 7748 -0.221765629 0.22461477 0.0353121189 0 0 0
NT 7751 -0.321596599 -0.0523729228 0.0374710179 0 0 0
NT 7755 0.469413894 -0.253422643 0.0388742358 0 0 0
NT 7756 0.784023828 0.225605177 0.0311084618 0 0 0
NT 7757 -0.201341593 -0.222883263 0.040076786 0 0 0
NT 7758 -0.532090895 -0.342351817 0.026908734 0 0 0
NT 7771 -0.601032429 0.264365216 0.0321967474 0 0 0
NT 7776 -0.0429539929 0.418672552 0.0367169069 0 0 0
NT 7782 0.248939397 0.0861646009 0.0460317721 0 0 0
NT 7793 -0.131581114 -0.341652273 0.0354056946 0 0 0
NT 7802 -0.175901488 0.621611993 0.0276329836 0 0 0
NT 7806 0.301361981 -0.0803016818 0.0255375837 0 0 0
NT 7808 -0.504499554 -0.379834589 0.0309553512 0 0 0
NT 7812 -0.89340325 0.201957706 -0.10438627 0 0 0
NT 7813 0.538178385 0.232319764 0.0267579114 0 0 0
NT 7815 -0.339791233 -0.725044353 0.0352381451 0 0 0
NT 7817 -0.180820196 0.923597068 0.221166126 0 0 0
NT 7822 -0.28752978 0.0679129787 0.0415696716 0 0 0
NT 7827 0.487270346 -0.159411803 0.0259911077 0 0 0
NT 7831 0.873704082 -0.358392037 0.236966626 0 0 0
NT 7832 0.0180130079 -0.208419275 0.0435664537 0 0 0
NT 7836 -0.270636748 0.570127692 0.0250177152 0 0 0
NT 7841 -0.0913412908 0.652350225 0.0329735496 0 0 0
NT 7849 0.0418551695 -0.561070579 0.0292043874 0 0 0
NT 7852 -0.202760535 0.34866975 0.0353411802 0 0 0
NT 7855 0.136924849 -0.0940536742 0.0429850411 0 0 0
NT 7885 -0.646819539 -0.122967078 0.0365848642 0 0 0
NT 7909 -0.530894361 0.282642871 0.045538069 0 0 0
NT 7925 0.225900078 0.0122003032 0.0432067719 0 0 0
NT 7928 0.505480409 -0.301533897 0.0302535912 0 0 0
NT 7951 -0.476082034 0.238080042 0.0454712213 0 0 0
NT 7962 0.261636832 -0.233437008 0.0320261145 0 0 0
NT 7964 0.214572259 -0.256619548 0.0278670289 0 0 0
NT 7968 -0.600297531 -0.793099154 -0.067676762 0 0 0
NT 7983 0.058821299 0.151447587 0.0301150017 0 0 0
NT 7984 -0.286623371 -0.285981746 0.0297424941 0 0 0
NT 7992 -0.177100765 0.665666315 0.0310096439 0 0 0
NT 7993 -0.431584798 0.546952898 0.0267609234 0 0 0
NT 7994 0.345386942 0.471499242 0.046537314 0 0 0
NT 8009 -0.26389464 -0.366700774 0.0280694567 0 0 0
NT 8011 -0.261630199 -0.419949268 0.0306981285 0 0 0
NT 8020 -0.323883526 -0.304538303 0.0415421812 0 0 0
NT 8024 0.815334284 0.275556194 0.0555338694 0 0 0
NT 8039 0.104680261 0.660216073 0.0286072992 0 0 0
NT 8048 0.170329595 0.00998703811 0.0327703065 0 0 0
NT 8050 -0.299270976 -0.434366399 0.0261978751 0 0 0
NT 8054 -0.446580298 -0.0576958425 0.0345194897 0 0 0
NT 8066 -0.425654531 -0.361562798 0.0326861902 0 0 0
NT 8077 -0.603204283 0.0698439694 0.0287808438 0 0 0
NT 8093 -0.217109059 -0.170764337 0.0273455012 0 0 0
NT 8094 -0.0357068281 -0.402467316 0.0389405135 0 0 0
NT 8097 -0.589092785 -0.240863603 0.0400438343 0 0 0
NT 8102 0.065261719 -0.576819476 0.0364831069 0 0 0
NT 8115 -0.186598675 0.771820718 0.0268288242 0 0 0
NT 8118 0.204546422 -0.441065964 0.0352188748 0 0 0
NT 8121 0.234681677 0.76799936 0.0264885853 0 0 0
NT 8122 0.0449571566 -0.669750597 0.0273508631 0 0 0
NT 8127 -0.126620173 0.346358553 0.0264835859 0 0 0
NT 8136 -0.00197449074 0.176659029 0.026704608 0 0 0
NT 8140 0.152263604 0.470634905 0.0394651178 0 0 0
NT 8147 0.126496883 0.306636569 0.0264030846 0 0 0
NT 8155 0.116068009 -0.104134234 0.0264946756 0 0 0
NT 8200 0.317835037 -0.29666998 0.0453620885 0 0 0
NT 8212 0.383529977 -0.406923244 0.0321400589 0 0 0
NT 8214 0.20959525 0.161097946 0.046448874 0 0 0
NT 8216 0.77372099 -0.302324545 0.768629042 0 0 0
NT 8219 -0.40955044 -0.158118913 0.0437061258 0 0 0
NT 8226 0.221523375 -0.00809039742 0.0371377548 0 0 0
NT 8232 -0.329929558 -0.215731205 0.0365203487 0 0 0
NT 8251 0.374887759 -0.278458084 0.041961447 0 0 0
NT 8254 -0.447870763 -0.0288918578 0.0391875435 0 0 0
NT 8256 -0.0341840083 0.462045293 0.0317408291 0 0 0
NT 8260 0.0521995265 -0.513204846 0.0330001822 0 0 0
NT 8268 -0.15962665 -0.464593695 0.042099055 0 0 0
NT 8271 0.494300206 0.225332474 0.0385488168 0 0 0
NT 8280 0.519001709 0.338127802 0.0369873432 0 0 0
NT 8287 -0.142024852 0.517585815 0.0253345262 0 0 0
NT 8288 -0.200004121 -0.306631766 0.0313994014 0 0 0
NT 8293 0.0194217525 0.542327809 0.0336243995 0 0 0
NT 8296 0.166947449 0.139791014 0.0358686733 0 0 0
NT 8313 -0.394751082 -0.290269181 0.0315073794 0 0 0
NT 8320 0.91953816 -0.231413893 0.256791258 0 0 0
NT 8326 -0.27415743 0.747016707 0.0463424627 0 0 0
NT 8346 -0.0266293547 0.0043007703 0.046270445 0 0 0
NT 8361 0.103712733 -0.264572711 0.0328052733 0 0 0
NT 8374 0.0240349773 -0.396187943 0.031241659 0 0 0
NT 8378 -0.227949442 0.0621744982 0.0283289257 0 0 0
NT 8383 -0.542592408 -0.0862626035 0.0322819913 0 0 0
NT 8407 -0.885083756 -0.239229822 -0.00559703682 0 0 0
NT 8408 0.664867468 0.203523914 0.040164438 0 0 0
NT 8412 0.00200402309 0.678811693 0.0420466664 0 0 0
NT 8418 -0.554344739 0.097739114 0.0438657193 0 0 0
LGIC_O 4402 -0.0345878633 0.265675272 0.025013999 1.15127271e-08 -5.78784352e-08 1
LGIC_O 4401 -0.1840676 0.0972239463 0.0250139942 3.37890593e-08 -4.80634052e-08 1
LGIC_O 4400 -0.175025146 0.0137516014 0.0250139927 5.7878425e-08 4.89846948e-08 1
LGIC_O 8441 0.636913646 -0.12672076 0.0250140188 -4.96100802e-08 3.14742968e-08 1
LGIC_O 8440 0.314831804 -0.521242477 0.0250140191 -3.27854948e-08 4.90669785e-08 1
LGIC_O 8439 0.567487089 -0.204519113 0.0250140184 -5.78784275e-08 1.15127558e-08 1
LGIC_O 8438 -0.495463838 -0.478991786 0.0250140171 1.45571809e-08 5.5602105e-08 1
LGIC_O 8437 -0.0865332912 0.0753896135 0.0250139898 3.37890593e-08 -4.80634052e-08 1
LGIC_O 8436 0.281965125 0.349247805 0.0250140096 -3.27855134e-08 -4.90669575e-08 1
LGIC_O 8435 -0.281577291 0.489075666 0.0250140165 3.27854968e-08 -4.90669676e-08 1
LGIC_O 8434 -0.605092982 -0.110313414 0.0250140129 5.7878436e-08 -4.89847332e-08 1
LGIC_O 8433 0.701586212 -0.0117142491 0.0250140184 -4.96100802e-08 3.14742968e-08 1
LGIC_O 8432 0.426050556 0.664856809 0.0250140182 -2.45891309e-08 -3.68002211e-08 1
LGIC_O 8431 -0.53569519 -0.176489801 0.025014008 4.34088238e-08 8.63459484e-09 1
LGIC_O 8430 -0.206044735 -0.180448528 0.0250139982 6.28883752e-09 7.55636663e-08 1
LGIC_O 8429 0.342033035 -0.34268384 0.0250140113 -3.27854948e-08 4.90669785e-08 1
LGIC_O 8428 0.576112066 -0.314703408 0.0250140178 -3.37890406e-08 4.80634332e-08 1
LGIC_O 8427 0.236726308 -0.318077646 0.0250140066 -3.27854948e-08 4.90669785e-08 1
LGIC_O 8426 -0.0976488914 -0.110862836 0.0250139913 7.55636799e-08 6.2887973e-09 1
LGIC_O 8425 0.534646383 -0.195059479 0.0250140164 -5.78784275e-08 1.15127558e-08 1
LGIC_O 8424 0.219544679 -0.315091025 0.0250140059 -3.27854948e-08 4.90669785e-08 1
LGIC_O 8423 -0.608846757 -0.593779315 0.0250140203 3.68002489e-08 2.45891179e-08 1
LGIC_O 8422 0.564815598 -0.372450199 0.0250140202 -3.37890406e-08 4.80634332e-08 1
LGIC_O 8421 0.550750457 0.0902902064 0.0250140162 -5.78784335e-08 -1.15127284e-08 1
LGIC_O 8420 0.175418091 0.0610257495 0.0250139941 -5.78784335e-08 -1.15127284e-08 1
LGIC_O 8419 0.142777714 0.100831833 0.0250139936 -4.90669739e-08 -3.27854893e-08 1
LGIC_O 4418 0.0575220985 -0.190210297 0.0250139949 -1.15127059e-08 5.78784511e-08 1
LGIC_O 4417 -0.118754336 -0.170834128 0.0250139938 2.81018674e-08 4.20574117e-08 1
LGIC_O 4416 0.593239316 0.0786534269 0.0250140185 -5.78784335e-08 -1.15127284e-08 1
LGIC_O 4415 0.0853954366 -0.420999761 0.0250140086 -1.15127059e-08 5.78784511e-08 1
LGIC_O 4414 -0.374457097 -0.228026162 0.0250140026 3.68002489e-08 2.45891179e-08 1
LGIC_O 4413 0.577482781 -0.285169834 0.0250140164 -3.37890406e-08 4.80634332e-08 1
LGIC_O 4412 -0.484325859 0.306166979 0.0250140144 3.37890593e-08 -4.80634052e-08 1
LGIC_O 4411 0.44777829 -0.0963194904 0.0250140103 -5.78784275e-08 1.15127558e-08 1
LGIC_O 4410 0.28281874 -0.503567977 0.0250140172 -3.27854948e-08 4.90669785e-08 1
LGIC_O 4409 -0.116204576 -0.152585731 0.025013993 7.55636799e-08 6.2887973e-09 1
LGIC_O 4408 -0.333519821 0.289166147 0.0250140084 3.37890593e-08 -4.80634052e-08 1
LGIC_O 4407 -0.148720782 -0.636306108 0.0250140163 9.8680833e-09 4.96100963e-08 1
LGIC_O 4406 0.336173082 -0.328141715 0.0250140105 -4.90669481e-08 3.27855328e-08 1
LGIC_O 4405 -0.249510429 -0.168914007 0.0250139976 6.28883752e-09 7.55636663e-08 1
LGIC_O 4404 0.0811982327 0.141649416 0.0250139929 -3.27855134e-08 -4.90669575e-08 1
LGIC_O 4403 0.0533120499 -0.19689515 0.0250139952 -1.15127059e-08 5.78784511e-08 1
