LGIC_C 0 0.464084998 0.202674231 0.0250140085 -4.20574004e-08 -2.81018564e-08 1
LGIC_C 1 -0.269293687 0.0476763443 0.0250139954 4.34088259e-08 -8.63455061e-09 1
LGIC_C 2 -0.537778402 0.163719561 0.0250140116 4.96100897e-08 -9.86805572e-09 1
LGIC_C 3 0.261239992 -0.687525828 0.0250140199 -9.86804037e-09 4.96101e-08 1
LGIC_C 4 -0.462341751 -0.19422241 0.0250140008 6.28883752e-09 7.55636663e-08 1
LGIC_C 5 0.0985986746 -0.561467792 0.0250140147 1.00935263e-08 5.7878447e-08 1
LGIC_C 6 -0.332948577 0.53700365 0.0250140183 1.28239438e-08 -5.73353116e-08 1
LGIC_C 7 -0.713251452 0.450713503 0.00221913775 -0.827617296 0.552995934 0.0961514895
LGIC_C 8 -0.111108883 0.31748568 0.025013998 8.63455111e-09 -4.34088279e-08 1
LGIC_C 9 -0.475677822 -0.252394592 0.0250140053 6.28883752e-09 7.55636663e-08 1
LGIC_C 10 -0.349400132 -0.589449228 0.0250140151 3.95603082e-08 3.05989652e-08 1
LGIC_C 11 0.176286934 0.547591793 0.0250140093 -6.33660387e-09 4.96100877e-08 -1
LGIC_C 12 0.416252484 0.230619957 0.0250140112 -4.90669739e-08 -3.27854893e-08 1
LGIC_C 13 0.718134037 -0.106811206 0.0250140199 -4.96100859e-08 9.86807898e-09 1
LGIC_C 14 0.672172722 0.240091982 0.0250140151 -4.96100869e-08 6.3366408e-09 1
LGIC_C 15 -0.46379551 -0.370014828 0.0250140097 5.39043203e-09 6.47688584e-08 1
LGIC_C 16 0.620306841 -0.108942821 0.0250140151 -4.96100859e-08 9.86807898e-09 1
LGIC_C 17 -0.511121018 0.378767499 0.0250140129 -4.82586679e-08 1.31306769e-08 -1
LGIC_C 18 0.295856136 -0.458739133 0.0250140108 -2.81018481e-08 4.20574137e-08 1
LGIC_C 21 -0.0135137994 -0.180826725 0.0250139918 -2.90231482e-08 4.96101036e-08 1
LGIC_C 22 0.179462856 0.599163703 0.0250140148 -9.86806672e-09 -4.96100854e-08 1
LGIC_C 23 -0.519637895 0.439449258 0.0250140132 3.68002297e-08 -2.45891157e-08 1
LGIC_C 24 0.139356352 0.405669198 0.0250140048 -9.86806672e-09 -4.96100854e-08 1
LGIC_C 25 0.338975577 -0.0456560954 0.0250139983 -4.34088226e-08 8.63456802e-09 1
LGIC_C 27 -0.297254056 0.529755724 0.025014019 3.27854968e-08 -4.90669676e-08 1
LGIC_C 28 0.647220821 0.0902795879 0.0250140121 -4.34088272e-08 -8.63453573e-09 1
LGIC_C 30 0.665734831 0.158415538 0.0250140153 -4.96100869e-08 6.3366408e-09 1
LGIC_C 31 -0.41074642 -0.422946444 0.0250140124 3.95603082e-08 3.05989652e-08 1
LGIC_C 32 0.0513907067 0.107779121 0.0250139892 -2.81018716e-08 -4.20573923e-08 1
LGIC_C 33 -0.0203205992 0.628507575 0.0250140107 8.63455111e-09 -4.34088279e-08 1
LGIC_C 35 -0.163474287 -0.513734527 0.025014004 -2.90231482e-08 4.96101036e-08 1
LGIC_C 36 0.446424793 -0.611166821 0.0250140167 -2.45891087e-08 3.68002429e-08 1
LGIC_C 37 0.0879824122 0.799852333 0.0250140187 -8.63455884e-09 -4.34088253e-08 1
LGIC_C 38 0.771969859 -0.329208693 0.0250140199 -3.05989503e-08 3.95603122e-08 1
LGIC_C 39 0.669710486 0.258822121 0.0250140145 -4.34088272e-08 -8.63453573e-09 1
LGIC_C 40 -0.681697285 0.00950482962 0.0250140131 4.34088279e-08 -2.48392273e-08 1
LGIC_C 41 -0.518678517 0.607156679 0.0250140184 2.45891128e-08 -3.68002333e-08 1
LGIC_C 42 -0.275504723 -0.685117617 0.0250140154 8.63456455e-09 4.34088336e-08 1
LGIC_C 43 -0.623492842 -0.480593801 0.0250140144 1.15916899e-08 4.97976879e-08 1
LGIC_C 44 0.344901596 0.512492468 0.0250140125 1.3130701e-08 4.82586573e-08 -1
LGIC_C 45 -0.00379651625 -0.205431678 0.0250139923 2.48392553e-08 4.34088306e-08 1
LGIC_C 46 -0.204020394 -0.168521898 0.0250139952 5.39043203e-09 6.47688584e-08 1
LGIC_C 47 0.53481221 -0.194088188 0.0250140164 -5.78784275e-08 1.15127558e-08 1
LGIC_C 48 -0.108751758 -0.385500934 0.0250140009 8.63456455e-09 4.34088336e-08 1
LGIC_C 51 -0.624672428 -0.0343240298 0.0250140107 4.34088238e-08 8.63459484e-09 1
LGIC_C 52 0.663930843 -0.197027545 0.0250140169 -4.34088182e-08 2.48392526e-08 1
LGIC_C 53 0.344514975 -0.114362668 0.025014001 -4.34088182e-08 2.48392526e-08 1
LGIC_C 54 -0.053758568 -0.231665976 0.025013994 -4.89847109e-08 5.78784581e-08 1
LGIC_C 55 0.4493436 0.518489734 0.0250140142 1.3130701e-08 4.82586573e-08 -1
LGIC_C 56 -0.139040047 -0.255626883 0.0250139947 -5.56021111e-08 -1.45571543e-08 -1
LGIC_C 57 -0.0813860329 0.390461818 0.0250140052 -3.14742797e-08 4.96100914e-08 -1
LGIC_C 58 0.485916185 -0.10176374 0.0250140068 -4.34088182e-08 2.48392526e-08 1
LGIC_C 59 -0.382607839 -0.200098536 0.0250139999 1.45571809e-08 5.5602105e-08 1
LGIC_C 60 0.138319472 0.499987476 0.0250140124 -3.14742949e-08 -4.96100822e-08 1
LGIC_C 61 -0.382457256 0.353921652 0.0250140093 4.20574045e-08 -2.81018523e-08 1
LGIC_C 62 -0.0170344033 0.402000329 0.0250140038 -3.14742797e-08 4.96100914e-08 -1
LGIC_C 63 0.258459016 -0.0123354255 0.0250139962 -4.96100859e-08 9.86807898e-09 1
LGIC_C 64 -0.235933535 0.00640345618 0.0250139966 5.7878425e-08 4.89846948e-08 1
LGIC_C 65 0.0205772638 0.358677169 0.0250140009 -6.33660387e-09 4.96100877e-08 -1
LGIC_C 66 -0.263654039 -0.319783492 0.0250140015 2.45891453e-08 3.68002268e-08 1
LGIC_C 67 -0.444281885 0.413520766 0.0250140173 6.28881943e-09 -7.55636452e-08 1
LGIC_C 68 -0.675541929 -0.12589641 0.0250140092 -4.34088282e-08 2.70157287e-08 -1
LGIC_C 69 -0.673451945 -0.328108322 0.0250140161 3.68002489e-08 2.45891179e-08 1
LGIC_C 70 -0.039096252 0.371131555 0.0250139997 8.63455111e-09 -4.34088279e-08 1
LGIC_C 72 0.145538275 0.413274511 0.0250140025 -8.63455884e-09 -4.34088253e-08 1
LGIC_C 73 -0.0119499671 0.00552386481 0.0250139838 3.68002297e-08 -2.45891157e-08 1
LGIC_C 74 0.510521546 0.495019045 0.0250140144 -4.82586616e-08 -1.31306776e-08 1
LGIC_C 75 0.552430321 -0.588057762 0.0250140185 -2.45891087e-08 3.68002429e-08 1
LGIC_C 76 -0.718559212 0.0297866417 0.025014018 4.96100851e-08 2.90231542e-08 1
LGIC_C 77 0.352484868 -0.256300616 0.0250140042 -3.05989503e-08 3.95603122e-08 1
LGIC_C 79 -0.598895183 -0.274754652 0.0250140039 1.15916899e-08 4.97976879e-08 1
LGIC_C 80 0.73307 0.0208604816 0.0250140152 -4.34088272e-08 -8.63453573e-09 1
LGIC_C 81 0.0525606411 0.663502675 0.0250140159 -6.33660387e-09 4.96100877e-08 -1
LGIC_C 82 0.452970289 -0.262413072 0.0250140075 -3.05989503e-08 3.95603122e-08 1
LGIC_C 83 -0.359965182 0.254822644 0.025014004 -4.82586679e-08 1.31306769e-08 -1
LGIC_C 84 0.221180322 0.508934195 0.0250140109 -2.81018716e-08 -4.20573923e-08 1
LGIC_C 85 -0.0526009623 0.0563619385 0.0250139872 1.28239438e-08 -5.73353116e-08 1
LGIC_C 87 -0.331425255 -0.214467005 0.025014 1.45571809e-08 5.5602105e-08 1
LGIC_C 88 -0.568746949 -0.492478299 0.0250140144 1.15916899e-08 4.97976879e-08 1
LGIC_C 89 0.238382423 -0.484866978 0.0250140098 -1.31306721e-08 4.82586744e-08 1
LGIC_C 90 -0.369926934 -0.345032812 0.0250140078 1.45571809e-08 5.5602105e-08 1
LGIC_C 91 0.171384914 0.823966308 0.0238561828 0.194186548 0.976240951 0.0961519121
LGIC_C 92 0.248444843 -0.74028265 0.0250140184 6.33663526e-09 4.9610097e-08 1
LGIC_C 93 -0.0287529809 0.575726368 0.0250140116 -6.33661298e-09 -4.96100859e-08 1
LGIC_C 94 0.156868316 -0.036716312 0.0250139922 -4.96100802e-08 3.14742968e-08 1
LGIC_C 95 -0.308901862 -0.462247606 0.0250140072 -5.56021111e-08 -1.45571543e-08 -1
LGIC_C 96 0.286568795 -0.0580122788 0.025013998 -4.96100859e-08 9.86807898e-09 1
LGIC_C 97 -0.394204729 0.0515100712 0.0250140013 4.96100851e-08 2.90231542e-08 1
LGIC_C 98 -0.327524651 -0.596272591 0.0250140145 3.95603082e-08 3.05989652e-08 1
LGIC_C 99 0.203704546 -0.0449923956 0.0250139947 -4.96100802e-08 3.14742968e-08 1
LGIC_C 100 -0.365416033 -0.434950501 0.0250140082 2.45891453e-08 3.68002268e-08 1
LGIC_C 101 -0.392982122 0.00644076901 0.0250140028 4.96100897e-08 -9.86805572e-09 1
LGIC_C 102 -0.446823657 0.450647163 0.0250140148 1.28239438e-08 -5.73353116e-08 1
LGIC_C 103 -0.434075326 -0.0105101351 0.0250140018 -4.34088282e-08 2.70157287e-08 -1
LGIC_C 104 0.615522639 -0.21759129 0.0250140159 -4.96100859e-08 9.86807898e-09 1
LGIC_C 105 -0.308701019 0.145681434 0.0250139982 3.68002297e-08 -2.45891157e-08 1
LGIC_C 106 -0.288862907 0.739969449 0.0250140179 8.63455111e-09 -4.34088279e-08 1
LGIC_C 107 -0.657319599 -0.275922625 0.0250140046 5.39043203e-09 6.47688584e-08 1
LGIC_C 108 -0.0420031323 -0.500458755 0.025014006 2.48392553e-08 4.34088306e-08 1
LGIC_C 110 -0.239052023 -0.728739479 0.0250140169 8.63456455e-09 4.34088336e-08 1
LGIC_C 111 -0.511711448 -0.124151788 0.0250140051 -4.96100919e-08 2.90231703e-08 -1
LGIC_C 112 0.676059363 -0.0553119374 0.0250140185 -4.96100802e-08 3.14742968e-08 1
LGIC_C 113 -0.0413885887 -0.710296639 0.0250140151 2.48392553e-08 4.34088306e-08 1
LGIC_C 114 -0.331620799 0.397325524 0.0250140103 1.28239438e-08 -5.73353116e-08 1
LGIC_C 115 0.475756702 -0.397059859 0.0250140135 -3.05989503e-08 3.95603122e-08 1
LGIC_C 116 0.115180713 -0.458149502 0.0250140086 1.00935263e-08 5.7878447e-08 1
LGIC_C 117 -0.180199862 -0.0714259331 0.0250139892 -4.34088282e-08 2.70157287e-08 -1
LGIC_C 118 -0.31790518 -0.324521629 0.0250140057 -5.56021111e-08 -1.45571543e-08 -1
LGIC_C 119 0.0859170162 0.468397405 0.0250140073 -9.86806672e-09 -4.96100854e-08 1
LGIC_C 120 0.0024133962 0.501443859 0.0250140082 -9.86806672e-09 -4.96100854e-08 1
LGIC_C 121 -0.513629122 -0.434256959 0.0250140108 1.15916899e-08 4.97976879e-08 1
LGIC_C 122 0.634859045 -0.378270176 0.0250140159 -3.68002179e-08 2.45891393e-08 1
LGIC_C 124 0.562316149 -0.494807546 0.0250140161 -3.68002179e-08 2.45891393e-08 1
LGIC_C 125 0.120268398 -0.165517799 0.0250139928 -1.31306721e-08 4.82586744e-08 1
LGIC_C 126 0.632605226 -0.42449592 0.0250140194 -3.05989503e-08 3.95603122e-08 1
LGIC_C 127 0.206031255 -0.279846437 0.0250139994 -1.31306721e-08 4.82586744e-08 1
LGIC_C 128 0.233492159 -0.268538949 0.0250139989 -2.45891087e-08 3.68002429e-08 1
LGIC_C 129 0.439077551 -0.0923300584 0.0250140031 -4.34088226e-08 8.63456802e-09 1
LGIC_C 130 -0.542278269 0.190382575 0.0250140085 4.34088259e-08 -8.63455061e-09 1
LGIC_C 131 0.399822886 0.239752953 0.0250140057 -4.82586616e-08 -1.31306776e-08 1
LGIC_C 132 -0.188836186 0.0473853828 0.0250139919 5.7878425e-08 4.89846948e-08 1
LGIC_C 133 -0.583774214 -0.0539018753 0.0250140091 4.34088238e-08 8.63459484e-09 1
LGIC_C 134 0.244573086 -0.630866547 0.0250140127 -8.63454093e-09 4.34088369e-08 1
LGIC_C 135 -0.240889665 -0.253963333 0.0250140007 2.81018674e-08 4.20574117e-08 1
LGIC_C 136 0.355303232 -0.288870826 0.0250140034 -3.68002179e-08 2.45891393e-08 1
LGIC_C 137 0.347788188 -0.359504169 0.0250140051 -1.31306721e-08 4.82586744e-08 1
LGIC_C 138 -0.695875826 -0.217555655 0.0250140087 4.96100935e-08 -4.19869172e-08 1
LGIC_C 139 0.145017012 -0.0258157829 0.0250139912 -4.96100802e-08 3.14742968e-08 1
LGIC_C 140 0.513337507 0.549289436 0.0250140161 -2.45891309e-08 -3.68002211e-08 1
LGIC_C 141 0.454897806 0.115717642 0.025014004 -4.34088272e-08 -8.63453573e-09 1
LGIC_C 142 -0.440648718 -0.542809931 0.0250140173 3.95603082e-08 3.05989652e-08 1
LGIC_C 144 -0.448253657 -0.489509494 0.0250140153 -5.56021111e-08 -1.45571543e-08 -1
LGIC_C 145 0.228787656 0.0172316152 0.0250139945 -4.96100869e-08 6.3366408e-09 1
LGIC_C 146 0.0112880192 0.55701511 0.025014011 -9.86806672e-09 -4.96100854e-08 1
LGIC_C 147 -0.340252357 -0.346604959 0.0250140044 2.45891453e-08 3.68002268e-08 1
LGIC_C 149 0.55546589 0.475110973 0.0250140154 -3.68002282e-08 -2.45891172e-08 1
LGIC_C 150 0.375512582 0.100126473 0.0250140012 -4.96100869e-08 6.3366408e-09 1
LGIC_C 151 -0.060588966 -0.689315895 0.0250140137 8.63456455e-09 4.34088336e-08 1
LGIC_C 152 0.284029191 0.53714565 0.0250140129 1.3130701e-08 4.82586573e-08 -1
LGIC_C 153 0.160518798 -0.176789337 0.0250139954 -1.28239349e-08 5.73353226e-08 1
LGIC_C 154 0.137822409 0.478470741 0.0250140084 -9.86806672e-09 -4.96100854e-08 1
LGIC_C 155 -0.506020684 0.170332771 0.0250140067 4.34088259e-08 -8.63455061e-09 1
LGIC_C 156 -0.227178971 0.0448915347 0.0250139935 4.34088259e-08 -8.63455061e-09 1
LGIC_C 157 -0.469190407 0.265128698 0.0250140063 6.28881943e-09 -7.55636452e-08 1
LGIC_C 158 0.321587665 0.186827234 0.0250140031 3.37890593e-08 4.80634111e-08 -1
LGIC_C 159 0.78870796 0.115916197 0.0250140185 -4.34088272e-08 -8.63453573e-09 1
LGIC_C 160 -0.311793434 -0.0892768369 0.0250139944 -4.34088282e-08 2.70157287e-08 -1
LGIC_C 161 -0.423883455 0.0959452833 0.0250140052 4.96100897e-08 -9.86805572e-09 1
LGIC_C 162 0.467326389 0.00973017562 0.0250140065 -4.96100911e-08 -9.86803575e-09 1
LGIC_C 163 0.397662406 -0.252363733 0.025014007 -4.20573976e-08 2.81018683e-08 1
LGIC_C 164 0.290933994 -0.609604272 0.0250140165 -1.31306721e-08 4.82586744e-08 1
LGIC_C 165 -0.358022745 0.0693884481 0.025013999 4.96100851e-08 2.90231542e-08 1
LGIC_C 166 -0.10983671 -0.709010546 0.0250140168 2.48392553e-08 4.34088306e-08 1
LGIC_C 167 -0.579766742 0.576093722 0.0250140188 3.68002297e-08 -2.45891157e-08 1
LGIC_C 168 -0.484598513 -0.229784283 0.0250140007 5.39043203e-09 6.47688584e-08 1
LGIC_C 169 0.666826944 -0.519649572 0.0146494279 0.827616944 -0.552996408 0.0961517878
LGIC_C 171 -0.247926893 0.32754781 0.0250140052 1.28239438e-08 -5.73353116e-08 1
LGIC_C 172 0.27292379 0.148938423 0.0250139989 -4.20574004e-08 -2.81018564e-08 1
LGIC_C 173 0.658215581 0.285295134 0.0250140145 -3.68002282e-08 -2.45891172e-08 1
LGIC_C 174 -0.0922588792 -0.48434152 0.0250140066 2.48392553e-08 4.34088306e-08 1
LGIC_C 175 0.407899956 -0.316941092 0.0250140122 -3.37890406e-08 4.80634332e-08 1
LGIC_C 177 0.336726691 0.350969223 0.0250140075 -2.81018716e-08 -4.20573923e-08 1
LGIC_C 178 0.135400681 -0.617619695 0.025014013 6.33663526e-09 4.9610097e-08 1
LGIC_C 180 -0.151034662 0.262794159 0.0250139986 2.8101852e-08 -4.20574041e-08 1
LGIC_C 181 -0.659141672 -0.298643686 0.0250140061 5.39043203e-09 6.47688584e-08 1
LGIC_C 183 0.65245354 0.285245316 0.0250140185 -4.82586616e-08 -1.31306776e-08 1
LGIC_C 184 0.682133392 -0.0382538992 0.0250140138 -4.34088182e-08 2.48392526e-08 1
LGIC_C 185 0.367636027 -0.158174781 0.0250140007 -3.05989503e-08 3.95603122e-08 1
LGIC_C 186 -0.61580439 -0.278641575 0.0250140046 5.39043203e-09 6.47688584e-08 1
LGIC_C 188 -0.72909714 0.0976358637 0.0250140158 4.34088259e-08 -8.63455061e-09 1
LGIC_C 189 -0.538428437 0.307765344 0.0250140146 4.20574045e-08 -2.81018523e-08 1
LGIC_C 190 0.349654698 -0.715992753 0.0250140182 -2.45891087e-08 3.68002429e-08 1
LGIC_C 191 -0.451636423 -0.254459165 0.0250140021 5.39043203e-09 6.47688584e-08 1
LGIC_C 192 -0.279472155 0.115308377 0.0250139964 4.34088259e-08 -8.63455061e-09 1
LGIC_C 193 0.278829675 0.0922508683 0.025013998 -4.96100911e-08 -9.86803575e-09 1
LGIC_C 194 -0.70129296 0.347608824 0.0250140176 3.68002297e-08 -2.45891157e-08 1
LGIC_C 195 0.359326193 0.396243357 0.02501401 -2.81018716e-08 -4.20573923e-08 1
LGIC_C 196 0.716447441 0.402317885 0.0250140195 -3.68002282e-08 -2.45891172e-08 1
LGIC_C 197 -0.251138814 -0.564185562 0.0250140102 2.45891453e-08 3.68002268e-08 1
LGIC_C 198 0.498569488 -0.0568550879 0.0250140054 -4.34088226e-08 8.63456802e-09 1
LGIC_C 199 0.65704729 0.264129733 0.0250140142 -4.96100869e-08 6.3366408e-09 1
LGIC_C 200 0.712888048 -0.315373547 0.0250140172 -3.68002179e-08 2.45891393e-08 1
LGIC_C 201 0.238427821 0.118427738 0.0250139966 -4.20574004e-08 -2.81018564e-08 1
LGIC_C 202 -0.0308411875 -0.279473522 0.0250139961 2.48392553e-08 4.34088306e-08 1
LGIC_C 203 -0.144963762 -0.00492917989 0.0250139903 -4.96100919e-08 2.90231703e-08 -1
LGIC_C 204 -0.390844193 0.54277465 0.0250140171 2.8101852e-08 -4.20574041e-08 1
LGIC_C 205 -0.100549509 0.26507691 0.0250139974 9.86805557e-09 -4.96100883e-08 1
LGIC_C 206 0.650387244 -0.344284976 0.0250140156 -3.68002179e-08 2.45891393e-08 1
LGIC_C 207 -0.10708775 -0.471092618 0.0250140052 -4.89847109e-08 5.78784581e-08 1
LGIC_C 208 -0.512908949 0.406989256 0.0250140134 -4.82586679e-08 1.31306769e-08 -1
LGIC_C 209 -0.0082825732 -0.00544047246 0.0250139847 -1.17760821e-07 -7.86851768e-08 -1
LGIC_C 210 0.0591036313 0.270647328 0.0250139973 -9.86806672e-09 -4.96100854e-08 1
LGIC_C 212 -0.371776372 -0.523500701 0.0250140116 -5.56021111e-08 -1.45571543e-08 -1
LGIC_C 213 0.356267908 -0.385174629 0.0250140094 -2.81018481e-08 4.20574137e-08 1
LGIC_C 214 0.456906109 -0.0730262006 0.0250140037 -4.34088226e-08 8.63456802e-09 1
LGIC_C 215 -0.496871091 -0.02499682 0.025014005 4.34088238e-08 8.63459484e-09 1
LGIC_C 216 0.164303274 -0.197689584 0.0250139949 -1.31306721e-08 4.82586744e-08 1
LGIC_C 217 0.483324787 -0.363321338 0.025014017 -3.37890406e-08 4.80634332e-08 1
LGIC_C 218 -0.263974904 0.474056704 0.0250140096 1.31306824e-08 -4.82586643e-08 1
LGIC_C 219 -0.266893412 -0.418106985 0.0250140066 3.95603082e-08 3.05989652e-08 1
LGIC_C 220 -0.735079425 -0.327025822 0.0250140183 3.68002489e-08 2.45891179e-08 1
LGIC_C 221 0.642940284 -0.41170963 0.025014017 -3.68002179e-08 2.45891393e-08 1
LGIC_C 222 -0.506589317 -0.208189512 0.0250140024 5.7878436e-08 -4.89847332e-08 1
LGIC_C 223 0.206269724 0.408444271 0.025014007 -4.80634192e-08 -3.37890445e-08 1
LGIC_C 224 -0.370509842 0.0259577308 0.0250140009 4.96100851e-08 2.90231542e-08 1
LGIC_C 225 0.222146553 -0.693715773 0.0250140153 -8.63454093e-09 4.34088369e-08 1
LGIC_C 226 0.38128674 -0.146220576 0.025014001 -4.34088226e-08 8.63456802e-09 1
LGIC_C 227 -0.165759201 0.495570553 0.0250140062 8.63455111e-09 -4.34088279e-08 1
LGIC_C 228 0.286374297 -0.27787526 0.025014003 -3.05989503e-08 3.95603122e-08 1
LGIC_C 229 -0.514725957 -0.0723238194 0.0250140062 4.34088238e-08 8.63459484e-09 1
LGIC_C 230 -0.678417356 -0.16228752 0.0250140083 -4.34088282e-08 2.70157287e-08 -1
LGIC_C 231 0.51998398 0.263259592 0.0250140135 3.37890593e-08 4.80634111e-08 -1
LGIC_C 232 -0.285723349 0.801181923 0.0229275649 -0.194186377 0.976241021 0.0961515493
LGIC_C 233 0.291959582 0.23604476 0.0250140004 -4.82586616e-08 -1.31306776e-08 1
LGIC_C 234 0.028769002 -0.439449388 0.0250140026 -8.63454093e-09 4.34088369e-08 1
LGIC_C 235 0.364943996 0.438282316 0.0250140119 -2.81018716e-08 -4.20573923e-08 1
LGIC_C 236 0.308871566 -0.00383303718 0.0250139967 -4.34088182e-08 2.48392526e-08 1
LGIC_C 239 0.486245826 -0.246075103 0.0250140106 -4.20573976e-08 2.81018683e-08 1
LGIC_C 240 0.146884977 -0.179094823 0.0250139954 -1.28239349e-08 5.73353226e-08 1
LGIC_C 241 -0.134714347 0.186596885 0.0250139949 2.8101852e-08 -4.20574041e-08 1
LGIC_C 242 0.591636722 -0.343741733 0.0250140197 -3.37890406e-08 4.80634332e-08 1
LGIC_C 243 -0.678724156 0.24497348 0.0250140194 4.96100897e-08 -9.86805572e-09 1
LGIC_C 246 0.41103243 0.4249985 0.025014009 -2.45891309e-08 -3.68002211e-08 1
LGIC_C 247 -0.491688199 0.648188338 0.0250140192 2.45891128e-08 -3.68002333e-08 1
LGIC_C 248 0.0832499984 -0.0633212005 0.0250139879 -3.68002179e-08 2.45891393e-08 1
LGIC_C 249 0.519068286 -0.0765378632 0.0250140114 -4.96100802e-08 3.14742968e-08 1
LGIC_C 250 0.265302034 0.529942911 0.0250140139 -4.80634192e-08 -3.37890445e-08 1
LGIC_C 251 0.0170931788 0.594950866 0.0250140127 -6.33660387e-09 4.96100877e-08 -1
LGIC_C 252 0.169053344 0.575181651 0.0250140171 -3.14742949e-08 -4.96100822e-08 1
LGIC_C 253 0.463476421 0.303264036 0.0250140096 -4.82586616e-08 -1.31306776e-08 1
LGIC_C 255 -0.72417684 -0.0585543481 0.0250140131 -4.34088282e-08 2.70157287e-08 -1
LGIC_C 256 -0.308068666 0.547010344 0.025014011 2.45891128e-08 -3.68002333e-08 1
LGIC_C 257 0.314216294 0.319543547 0.0250140028 1.3130701e-08 4.82586573e-08 -1
LGIC_C 258 -0.287821793 0.580026123 0.0250140117 2.45891128e-08 -3.68002333e-08 1
LGIC_C 260 -0.00906893104 -0.594653192 0.0250140128 9.8680833e-09 4.96100963e-08 1
LGIC_C 261 0.0642499273 0.633462864 0.0250140113 -8.63455884e-09 -4.34088253e-08 1
LGIC_C 262 -0.362260038 0.341292042 0.0250140081 4.20574045e-08 -2.81018523e-08 1
LGIC_C 263 -0.692526333 -0.158374966 0.0250140091 -4.34088282e-08 2.70157287e-08 -1
LGIC_C 264 0.421013656 -0.353340316 0.0250140074 -3.68002179e-08 2.45891393e-08 1
LGIC_C 265 0.214247932 0.0122701404 0.025013994 -4.96100911e-08 -9.86803575e-09 1
LGIC_C 266 -0.159884693 -0.339602348 0.025014 3.95603082e-08 3.05989652e-08 1
LGIC_C 267 -0.310906737 -0.269570424 0.0250140028 1.45571809e-08 5.5602105e-08 1
LGIC_C 268 -0.0369321833 -0.504370988 0.0250140072 -2.90231482e-08 4.96101036e-08 1
LGIC_C 269 -0.112861237 0.603022029 0.0250140125 -6.33661298e-09 -4.96100859e-08 1
LGIC_C 271 -0.460436216 -0.418034112 0.0250140105 3.68002489e-08 2.45891179e-08 1
LGIC_C 272 -0.355000608 0.256494573 0.0250140038 -4.82586679e-08 1.31306769e-08 -1
LGIC_C 273 0.7591479 -0.144268613 0.0250140198 -4.34088182e-08 2.48392526e-08 1
LGIC_C 274 -0.356222695 0.386255444 0.0250140062 2.45891128e-08 -3.68002333e-08 1
LGIC_C 275 0.0161003941 -0.524650351 0.0250140092 6.33663526e-09 4.9610097e-08 1
LGIC_C 276 -0.128406689 -0.488868281 0.0250140038 -2.90231482e-08 4.96101036e-08 1
LGIC_C 278 0.348137196 0.28274818 0.025014003 -3.68002282e-08 -2.45891172e-08 1
LGIC_C 279 0.117364048 -0.0240043022 0.0250139885 -4.34088226e-08 8.63456802e-09 1
LGIC_C 280 -0.239264346 -0.170496985 0.0250139962 1.45571809e-08 5.5602105e-08 1
LGIC_C 281 0.407403106 0.502885375 0.0250140198 -4.80634192e-08 -3.37890445e-08 1
LGIC_C 282 -0.25052133 -0.464246095 0.0250140074 3.95603082e-08 3.05989652e-08 1
LGIC_C 283 -0.255961855 -0.477288906 0.0250140056 7.55636799e-08 6.2887973e-09 1
LGIC_C 284 0.244597658 -0.78690706 0.0250140195 -8.63454093e-09 4.34088369e-08 1
LGIC_C 286 -0.555117974 0.0369931504 0.0250140097 4.96100851e-08 2.90231542e-08 1
LGIC_C 287 -0.0821559818 -0.117107822 0.0250139896 2.45891453e-08 3.68002268e-08 1
LGIC_C 288 0.0426726141 -0.374749157 0.0250140016 6.33663526e-09 4.9610097e-08 1
LGIC_C 289 0.044877442 -0.0368778298 0.0250139858 -3.68002179e-08 2.45891393e-08 1
LGIC_C 290 -0.376744095 -0.535235696 0.0250140163 2.81018674e-08 4.20574117e-08 1
LGIC_C 291 -0.486181188 0.420958476 0.0250140115 3.68002297e-08 -2.45891157e-08 1
LGIC_C 292 0.41305355 0.436519067 0.0250140132 -2.81018716e-08 -4.20573923e-08 1
LGIC_C 293 -0.692608023 -0.0915323244 0.025014015 -4.96100919e-08 2.90231703e-08 -1
LGIC_C 295 -0.175148659 0.120243447 0.0250139935 6.28881943e-09 -7.55636452e-08 1
LGIC_C 296 0.492533082 0.229046838 0.0250140104 -4.20574004e-08 -2.81018564e-08 1
LGIC_C 297 0.0445455651 0.335731641 0.0250139982 -8.63455884e-09 -4.34088253e-08 1
LGIC_C 298 0.200607645 -0.537879026 0.0250140119 -9.86804037e-09 4.96101e-08 1
LGIC_C 299 -0.0576484793 -0.336632564 0.0250140005 9.8680833e-09 4.96100963e-08 1
LGIC_C 300 0.372219781 -0.0346621026 0.0250140002 -4.34088182e-08 2.48392526e-08 1
LGIC_C 301 0.120025001 0.395551353 0.0250140015 -8.63455884e-09 -4.34088253e-08 1
LGIC_C 302 0.416428199 0.364566123 0.025014011 -4.20574004e-08 -2.81018564e-08 1
LGIC_C 303 -0.0242221365 0.373571092 0.025014002 9.86805557e-09 -4.96100883e-08 1
LGIC_C 304 -0.151554764 0.325887106 0.025014001 1.31306824e-08 -4.82586643e-08 1
LGIC_C 305 -0.434623317 0.213486171 0.0250140045 3.68002297e-08 -2.45891157e-08 1
LGIC_C 306 0.204356379 0.106363868 0.0250139953 3.37890593e-08 4.80634111e-08 -1
LGIC_C 307 -0.413445152 0.277374105 0.0250140069 -4.82586679e-08 1.31306769e-08 -1
LGIC_C 308 0.644329523 -0.292400154 0.0250140141 -3.68002179e-08 2.45891393e-08 1
LGIC_C 309 0.147958545 0.134750325 0.025013992 -3.68002282e-08 -2.45891172e-08 1
LGIC_C 310 0.124768322 0.797512274 0.025014019 -8.63455884e-09 -4.34088253e-08 1
LGIC_C 311 0.595946218 0.60338489 0.0250140201 -2.45891309e-08 -3.68002211e-08 1
LGIC_C 312 0.313327533 0.212470713 0.0250140024 -4.20574004e-08 -2.81018564e-08 1
LGIC_C 313 0.676621017 0.357739242 0.0250140169 -3.68002282e-08 -2.45891172e-08 1
LGIC_C 314 -0.23464742 0.544413818 0.0250140091 2.45891128e-08 -3.68002333e-08 1
LGIC_C 315 -0.0747614704 0.00113300324 0.025013987 4.96100897e-08 -9.86805572e-09 1
LGIC_C 318 -0.233678621 -0.343745038 0.0250140013 -5.56021111e-08 -1.45571543e-08 -1
LGIC_C 319 -0.506822756 -0.0845321567 0.025014003 -4.34088282e-08 2.70157287e-08 -1
LGIC_C 320 0.378504556 0.61316562 0.0250140197 -2.81018716e-08 -4.20573923e-08 1
LGIC_C 322 0.550100036 0.258967494 0.0250140132 -4.82586616e-08 -1.31306776e-08 1
LGIC_C 323 -0.326225974 -0.627422082 0.0250140188 2.81018674e-08 4.20574117e-08 1
LGIC_C 324 0.0523226784 0.68599434 0.025014017 -6.33660387e-09 4.96100877e-08 -1
LGIC_C 325 0.496374137 0.608709945 0.0250140179 -2.45891309e-08 -3.68002211e-08 1
LGIC_C 326 0.20512697 0.687414828 0.0250140161 -6.33660387e-09 4.96100877e-08 -1
LGIC_C 327 -0.304894492 -0.0576039645 0.0250139967 -4.96100919e-08 2.90231703e-08 -1
LGIC_C 328 -0.436781985 0.0316417999 0.025014003 4.34088279e-08 -2.48392273e-08 1
LGIC_C 329 0.617762706 -0.173310672 0.0250140156 -4.96100859e-08 9.86807898e-09 1
LGIC_C 330 0.366878672 -0.0270094002 0.0250140023 -4.96100802e-08 3.14742968e-08 1
LGIC_C 331 0.203248199 -0.098557534 0.0250139933 -3.05989503e-08 3.95603122e-08 1
LGIC_C 332 -0.00863207531 -0.397806542 0.0250140031 9.8680833e-09 4.96100963e-08 1
LGIC_C 333 0.510781921 0.162806256 0.0250140068 -4.34088272e-08 -8.63453573e-09 1
LGIC_C 334 0.241033377 0.764286801 0.0250140185 -8.63455884e-09 -4.34088253e-08 1
LGIC_C 335 0.222398161 0.545112552 0.0250140088 -8.63455884e-09 -4.34088253e-08 1
LGIC_C 336 -0.716629985 0.0134544052 0.0250140147 4.34088279e-08 -2.48392273e-08 1
LGIC_C 337 -0.0190560729 -0.00700883078 0.0250139841 4.34088238e-08 8.63459484e-09 1
LGIC_C 338 -0.256358726 0.3430486 0.0250140022 2.45891128e-08 -3.68002333e-08 1
LGIC_C 339 0.114905345 -0.170962221 0.025013993 -1.31306721e-08 4.82586744e-08 1
LGIC_C 340 -0.308209444 0.560598626 0.0250140155 2.8101852e-08 -4.20574041e-08 1
LGIC_C 341 0.0152325735 -0.674995073 0.0250140127 -8.63454093e-09 4.34088369e-08 1
LGIC_C 342 -0.819951204 -0.0626803002 0.0250140172 -4.34088282e-08 2.70157287e-08 -1
LGIC_C 343 0.218688034 0.47770624 0.0250140092 1.3130701e-08 4.82586573e-08 -1
LGIC_C 344 -0.116625715 0.0301933581 0.0250139885 5.7878425e-08 4.89846948e-08 1
LGIC_C 346 0.337322965 0.329824314 0.0250140038 -3.68002282e-08 -2.45891172e-08 1
LGIC_C 347 0.482512796 -0.13524969 0.0250140085 -4.96100859e-08 9.86807898e-09 1
LGIC_C 349 -0.210540503 -0.536303024 0.0250140037 -2.90231482e-08 4.96101036e-08 1
LGIC_C 350 -0.267782183 0.39952665 0.0250140046 2.45891128e-08 -3.68002333e-08 1
LGIC_C 352 -0.160232074 -0.225526771 0.0250139965 3.95603082e-08 3.05989652e-08 1
LGIC_C 353 -0.337896582 0.140587472 0.0250140014 -4.82586679e-08 1.31306769e-08 -1
LGIC_C 354 0.197108073 0.211288799 0.0250139977 -2.81018716e-08 -4.20573923e-08 1
LGIC_C 355 0.100347139 -0.49360651 0.0250140108 1.00935263e-08 5.7878447e-08 1
LGIC_C 356 0.10907232 0.712273577 0.0250140151 -8.63455884e-09 -4.34088253e-08 1
LGIC_C 357 0.713276913 0.182512031 0.0250140175 -4.96100869e-08 6.3366408e-09 1
LGIC_C 358 0.0919234322 -0.0864736634 0.0250139906 -4.90669481e-08 3.27855328e-08 1
LGIC_C 359 -0.248442308 0.234669148 0.0250140026 6.28881943e-09 -7.55636452e-08 1
LGIC_C 360 -0.459533416 0.43981865 0.025014011 3.68002297e-08 -2.45891157e-08 1
LGIC_C 361 0.605013961 -0.145194109 0.0250140147 -4.96100859e-08 9.86807898e-09 1
LGIC_C 362 -0.4563976 -0.0947072169 0.0250140032 -4.96100919e-08 2.90231703e-08 -1
LGIC_C 363 -0.316362759 0.433431369 0.0250140083 1.31306824e-08 -4.82586643e-08 1
LGIC_C 365 0.586328152 -0.361756526 0.0250140181 -4.20573976e-08 2.81018683e-08 1
LGIC_C 366 -0.329850629 -0.752089908 0.0250140193 3.95603082e-08 3.05989652e-08 1
LGIC_C 367 0.374858303 -0.0965820605 0.0250140019 -4.34088182e-08 2.48392526e-08 1
LGIC_C 368 -0.126639321 -0.351363505 0.0250140016 2.48392553e-08 4.34088306e-08 1
LGIC_C 369 -0.130329028 -0.655113995 0.0250140119 -2.90231482e-08 4.96101036e-08 1
LGIC_C 370 -0.341788225 -0.622305306 0.0250140146 2.45891453e-08 3.68002268e-08 1
LGIC_C 371 0.233119817 0.0545139995 0.0250139938 -4.34088272e-08 -8.63453573e-09 1
LGIC_C 372 -0.0301348033 0.427308363 0.0250140021 8.63455111e-09 -4.34088279e-08 1
LGIC_C 373 -0.673253925 0.443376272 0.0250140189 3.68002297e-08 -2.45891157e-08 1
LGIC_C 374 0.0174936482 -0.190199766 0.0250139926 6.33663526e-09 4.9610097e-08 1
LGIC_C 375 0.140435036 -0.638130909 0.0250140188 1.00935263e-08 5.7878447e-08 1
LGIC_C 376 0.421774748 0.400932697 0.0250140123 -4.20574004e-08 -2.81018564e-08 1
LGIC_C 377 0.318629801 0.144381615 0.0250139985 -3.68002282e-08 -2.45891172e-08 1
LGIC_C 378 -0.593140914 0.0690793707 0.0250140107 4.96100851e-08 2.90231542e-08 1
LGIC_C 379 -0.0332803723 -0.439153112 0.0250140054 9.8680833e-09 4.96100963e-08 1
LGIC_C 380 0.146534505 0.578620765 0.0250140134 -9.86806672e-09 -4.96100854e-08 1
LGIC_C 381 0.0247441031 0.656517599 0.0250140157 -6.33660387e-09 4.96100877e-08 -1
LGIC_C 382 0.574702639 -0.271905169 0.0250140157 -3.37890406e-08 4.80634332e-08 1
LGIC_C 384 -0.448238008 -0.404377869 0.0250140166 6.28883752e-09 7.55636663e-08 1
LGIC_C 386 0.481237679 -0.460737898 0.0250140123 -3.68002179e-08 2.45891393e-08 1
LGIC_C 387 0.543300934 -0.231519679 0.0250140127 -3.37890406e-08 4.80634332e-08 1
LGIC_C 388 -0.015293655 0.412395209 0.0250140042 -3.14742797e-08 4.96100914e-08 -1
LGIC_C 390 0.55987097 -0.0328263721 0.0250140083 -4.34088182e-08 2.48392526e-08 1
LGIC_C 392 -0.237269251 -0.582518944 0.0250140052 -2.90231482e-08 4.96101036e-08 1
LGIC_C 393 -0.0429972875 -0.285058652 0.025013996 8.63456455e-09 4.34088336e-08 1
LGIC_C 395 0.366221562 0.39281401 0.025014007 1.3130701e-08 4.82586573e-08 -1
LGIC_C 396 0.243941844 0.384069863 0.025014005 1.3130701e-08 4.82586573e-08 -1
LGIC_C 397 -0.675793881 0.274883 0.025014015 4.34088259e-08 -8.63455061e-09 1
LGIC_C 398 -0.537946087 0.249006656 0.0250140134 3.37890593e-08 -4.80634052e-08 1
LGIC_C 399 0.591084243 -0.163107196 0.0250140177 -4.96100802e-08 3.14742968e-08 1
NT 7181 0.163277278 -5.1871648 -2.45756975 0 0 0
NT 7817 0.329611152 2.54573285 -2.44426939 0 0 0
LGIC_O 4402 -0.0345878633 0.265675272 0.025013999 1.15127271e-08 -5.78784352e-08 1
LGIC_O 4401 -0.1840676 0.0972239463 0.0250139942 3.37890593e-08 -4.80634052e-08 1
LGIC_O 4400 -0.175025146 0.0137516014 0.0250139927 5.7878425e-08 4.89846948e-08 1
LGIC_O 8441 0.636913646 -0.12672076 0.0250140188 -4.96100802e-08 3.14742968e-08 1
LGIC_O 8440 0.314831804 -0.521242477 0.0250140191 -3.27854948e-08 4.90669785e-08 1
LGIC_O 8439 0.567487089 -0.204519113 0.0250140184 -5.78784275e-08 1.15127558e-08 1
LGIC_O 8438 -0.495463838 -0.478991786 0.0250140171 1.45571809e-08 5.5602105e-08 1
LGIC_O 8437 -0.0865332912 0.0753896135 0.0250139898 3.37890593e-08 -4.80634052e-08 1
LGIC_O 8436 0.281965125 0.349247805 0.0250140096 -3.27855134e-08 -4.90669575e-08 1
LGIC_O 8435 -0.281577291 0.489075666 0.0250140165 3.27854968e-08 -4.90669676e-08 1
LGIC_O 8434 -0.605092982 -0.110313414 0.0250140129 5.7878436e-08 -4.89847332e-08 1
LGIC_O 8433 0.701586212 -0.0117142491 0.0250140184 -4.96100802e-08 3.14742968e-08 1
LGIC_O 8432 0.426050556 0.664856809 0.0250140182 -2.45891309e-08 -3.68002211e-08 1
LGIC_O 8431 -0.53569519 -0.176489801 0.025014008 4.34088238e-08 8.63459484e-09 1
LGIC_O 8430 -0.206044735 -0.180448528 0.0250139982 6.28883752e-09 7.55636663e-08 1
LGIC_O 8429 0.342033035 -0.34268384 0.0250140113 -3.27854948e-08 4.90669785e-08 1
LGIC_O 8428 0.576112066 -0.314703408 0.0250140178 -3.37890406e-08 4.80634332e-08 1
LGIC_O 8427 0.236726308 -0.318077646 0.0250140066 -3.27854948e-08 4.90669785e-08 1
LGIC_O 8426 -0.0976488914 -0.110862836 0.0250139913 7.55636799e-08 6.2887973e-09 1
LGIC_O 8425 0.534646383 -0.195059479 0.0250140164 -5.78784275e-08 1.15127558e-08 1
LGIC_O 8424 0.219544679 -0.315091025 0.0250140059 -3.27854948e-08 4.90669785e-08 1
LGIC_O 8423 -0.608846757 -0.593779315 0.0250140203 3.68002489e-08 2.45891179e-08 1
LGIC_O 8422 0.564815598 -0.372450199 0.0250140202 -3.37890406e-08 4.80634332e-08 1
LGIC_O 8421 0.550750457 0.0902902064 0.0250140162 -5.78784335e-08 -1.15127284e-08 1
LGIC_O 8420 0.175418091 0.0610257495 0.0250139941 -5.78784335e-08 -1.15127284e-08 1
LGIC_O 8419 0.142777714 0.100831833 0.0250139936 -4.90669739e-08 -3.27854893e-08 1
LGIC_O 4418 0.0575220985 -0.190210297 0.0250139949 -1.15127059e-08 5.78784511e-08 1
LGIC_O 4417 -0.118754336 -0.170834128 0.0250139938 2.81018674e-08 4.20574117e-08 1
LGIC_O 4416 0.593239316 0.0786534269 0.0250140185 -5.78784335e-08 -1.15127284e-08 1
LGIC_O 4415 0.0853954366 -0.420999761 0.0250140086 -1.15127059e-08 5.78784511e-08 1
LGIC_O 4414 -0.374457097 -0.228026162 0.0250140026 3.68002489e-08 2.45891179e-08 1
LGIC_O 4413 0.577482781 -0.285169834 0.0250140164 -3.37890406e-08 4.80634332e-08 1
LGIC_O 4412 -0.484325859 0.306166979 0.0250140144 3.37890593e-08 -4.80634052e-08 1
LGIC_O 4411 0.44777829 -0.0963194904 0.0250140103 -5.78784275e-08 1.15127558e-08 1
LGIC_O 4410 0.28281874 -0.503567977 0.0250140172 -3.27854948e-08 4.90669785e-08 1
LGIC_O 4409 -0.116204576 -0.152585731 0.025013993 7.55636799e-08 6.2887973e-09 1
LGIC_O 4408 -0.333519821 0.289166147 0.0250140084 3.37890593e-08 -4.80634052e-08 1
LGIC_O 4407 -0.148720782 -0.636306108 0.0250140163 9.8680833e-09 4.96100963e-08 1
LGIC_O 4406 0.336173082 -0.328141715 0.0250140105 -4.90669481e-08 3.27855328e-08 1
LGIC_O 4405 -0.249510429 -0.168914007 0.0250139976 6.28883752e-09 7.55636663e-08 1
LGIC_O 4404 0.0811982327 0.141649416 0.0250139929 -3.27855134e-08 -4.90669575e-08 1
LGIC_O 4403 0.0533120499 -0.19689515 0.0250139952 -1.15127059e-08 5.78784511e-08 1
