LGIC_C 0 0.509188294 0.22179112 0.0250140111 3.37890593e-08 4.80634111e-08 -1
LGIC_C 1 -0.338989523 0.0508050471 0.0250139984 4.34088259e-08 -8.63455061e-09 1
LGIC_C 2 -0.587492781 0.130689753 0.0250140137 4.96100897e-08 -9.86805572e-09 1
LGIC_C 3 0.248954851 -0.653450662 0.0250140181 -9.86804037e-09 4.96101e-08 1
LGIC_C 4 -0.430700489 -0.231748339 0.0250140034 6.28883752e-09 7.55636663e-08 1
LGIC_C 5 0.0509508541 -0.527442757 0.0250140132 1.00935263e-08 5.7878447e-08 1
LGIC_C 6 -0.357688223 0.496593522 0.0250140163 1.28239438e-08 -5.73353116e-08 1
LGIC_C 7 -0.709707211 0.441458437 0.0250140202 3.68002297e-08 -2.45891157e-08 1
LGIC_C 8 -0.15381813 0.296363746 0.025013998 2.45891128e-08 -3.68002333e-08 1
LGIC_C 9 -0.447898371 -0.279092865 0.0250140071 6.28883752e-09 7.55636663e-08 1
LGIC_C 10 -0.391500906 -0.614879852 0.0250140176 3.95603082e-08 3.05989652e-08 1
LGIC_C 11 0.160324034 0.571085763 0.0250140106 -6.33660387e-09 4.96100877e-08 -1
LGIC_C 12 0.388224739 0.17911293 0.0250140082 -4.90669739e-08 -3.27854893e-08 1
LGIC_C 13 0.729460709 -0.0802312797 0.0250140202 -4.96100859e-08 9.86807898e-09 1
LGIC_C 14 0.666997025 0.256284147 0.0250140147 -4.96100869e-08 6.3366408e-09 1
LGIC_C 15 -0.483517725 -0.361258132 0.0250140092 5.39043203e-09 6.47688584e-08 1
LGIC_C 16 0.612236281 -0.149003846 0.0250140151 -4.96100859e-08 9.86807898e-09 1
LGIC_C 17 -0.549830208 0.374188834 0.0250140147 -4.82586679e-08 1.31306769e-08 -1
LGIC_C 18 0.299273205 -0.49456405 0.0250140124 -2.81018481e-08 4.20574137e-08 1
LGIC_C 21 -0.00377246072 -0.160938032 0.0250139911 -2.90231482e-08 4.96101036e-08 1
LGIC_C 22 0.12035859 0.605571447 0.0250140145 -9.86806672e-09 -4.96100854e-08 1
LGIC_C 23 -0.467422243 0.388925788 0.02501401 3.68002297e-08 -2.45891157e-08 1
LGIC_C 24 0.141102045 0.425390021 0.0250140058 -9.86806672e-09 -4.96100854e-08 1
LGIC_C 25 0.351405305 -0.0311694846 0.0250139988 -4.34088226e-08 8.63456802e-09 1
LGIC_C 27 -0.247411533 0.532942553 0.0250140175 3.27854968e-08 -4.90669676e-08 1
LGIC_C 28 0.662985403 0.088773304 0.0250140128 -4.34088272e-08 -8.63453573e-09 1
LGIC_C 30 0.644757676 0.181748958 0.0250140141 -4.96100869e-08 6.3366408e-09 1
LGIC_C 31 -0.410007528 -0.433478285 0.0250140127 3.95603082e-08 3.05989652e-08 1
LGIC_C 32 0.0845519346 0.101391123 0.0250139899 -2.81018716e-08 -4.20573923e-08 1
LGIC_C 33 -0.00962166584 0.638643639 0.0250140111 8.63455111e-09 -4.34088279e-08 1
LGIC_C 35 -0.191012177 -0.482873334 0.0250140016 -2.90231482e-08 4.96101036e-08 1
LGIC_C 36 0.510578331 -0.636724209 0.0250140192 -2.45891087e-08 3.68002429e-08 1
LGIC_C 37 0.111223965 0.824011798 0.02501402 -8.63455884e-09 -4.34088253e-08 1
LGIC_C 38 0.756103389 -0.331130441 0.0250140195 -3.05989503e-08 3.95603122e-08 1
LGIC_C 39 0.702965034 0.307247273 0.0250140167 -3.68002282e-08 -2.45891172e-08 1
LGIC_C 40 -0.715508838 0.00986105481 0.0250140146 4.34088279e-08 -2.48392273e-08 1
LGIC_C 41 -0.497170338 0.588327741 0.0250140171 2.45891128e-08 -3.68002333e-08 1
LGIC_C 42 -0.256366997 -0.659759867 0.0250140141 8.63456455e-09 4.34088336e-08 1
LGIC_C 43 -0.564693015 -0.486145279 0.025014014 1.15916899e-08 4.97976879e-08 1
LGIC_C 44 0.356667465 0.544014281 0.0250140142 1.3130701e-08 4.82586573e-08 -1
LGIC_C 45 -0.0258728118 -0.259991177 0.0250139952 2.48392553e-08 4.34088306e-08 1
LGIC_C 46 -0.209360848 -0.17959632 0.025013996 5.39043203e-09 6.47688584e-08 1
LGIC_C 47 0.481474068 -0.177177778 0.0250140131 -5.78784275e-08 1.15127558e-08 1
LGIC_C 48 -0.105751853 -0.413754684 0.0250140021 8.63456455e-09 4.34088336e-08 1
LGIC_C 51 -0.569221972 -0.00528906239 0.0250140078 -4.34088282e-08 2.70157287e-08 -1
LGIC_C 52 0.655211368 -0.148713546 0.0250140154 -4.34088182e-08 2.48392526e-08 1
LGIC_C 53 0.321942279 -0.0775077095 0.0250139991 -4.34088182e-08 2.48392526e-08 1
LGIC_C 54 -0.0386660983 -0.206834099 0.0250139933 -4.89847109e-08 5.78784581e-08 1
LGIC_C 55 0.429391431 0.477987284 0.0250140114 -2.45891309e-08 -3.68002211e-08 1
LGIC_C 56 -0.134079783 -0.202664242 0.0250139937 -5.56021111e-08 -1.45571543e-08 -1
LGIC_C 57 -0.100458252 0.4284002 0.0250140077 -3.14742797e-08 4.96100914e-08 -1
LGIC_C 58 0.483566959 -0.0862777274 0.0250140064 -4.34088182e-08 2.48392526e-08 1
LGIC_C 59 -0.404810118 -0.220470714 0.0250140014 1.45571809e-08 5.5602105e-08 1
LGIC_C 60 0.103412651 0.54116908 0.0250140134 -3.14742949e-08 -4.96100822e-08 1
LGIC_C 61 -0.38576128 0.323760867 0.0250140086 4.20574045e-08 -2.81018523e-08 1
LGIC_C 62 -0.0276343064 0.435036314 0.0250140057 -3.14742797e-08 4.96100914e-08 -1
LGIC_C 63 0.203278161 -0.0175591568 0.0250139935 -4.96100859e-08 9.86807898e-09 1
LGIC_C 64 -0.24596423 0.0144498209 0.0250139968 5.7878425e-08 4.89846948e-08 1
LGIC_C 65 0.0129823106 0.338546328 0.0250140002 -9.86806672e-09 -4.96100854e-08 1
LGIC_C 66 -0.234350117 -0.339488578 0.0250140015 2.45891453e-08 3.68002268e-08 1
LGIC_C 67 -0.462053024 0.414395206 0.0250140175 6.28881943e-09 -7.55636452e-08 1
LGIC_C 68 -0.705120358 -0.107400731 0.025014011 -4.34088282e-08 2.70157287e-08 -1
LGIC_C 69 -0.690350899 -0.356070346 0.0250140174 3.68002489e-08 2.45891179e-08 1
LGIC_C 70 -0.0655398682 0.384146567 0.0250140005 8.63455111e-09 -4.34088279e-08 1
LGIC_C 72 0.149799711 0.383383749 0.0250140012 -8.63455884e-09 -4.34088253e-08 1
LGIC_C 73 -0.00944757117 0.00309824071 0.0250139838 4.34088279e-08 -2.48392273e-08 1
LGIC_C 74 0.523520787 0.488050538 0.0250140149 -4.82586616e-08 -1.31306776e-08 1
LGIC_C 75 0.533298144 -0.571414657 0.0250140174 -2.45891087e-08 3.68002429e-08 1
LGIC_C 76 -0.670125696 0.0472142977 0.0250140151 4.96100851e-08 2.90231542e-08 1
LGIC_C 77 0.315496979 -0.214521052 0.0250140014 -3.05989503e-08 3.95603122e-08 1
LGIC_C 79 -0.580958687 -0.249224499 0.0250140024 1.15916899e-08 4.97976879e-08 1
LGIC_C 80 0.747965601 -0.0232246708 0.0250140159 -4.34088226e-08 8.63456802e-09 1
LGIC_C 81 0.0584429728 0.68042661 0.0250140167 -6.33660387e-09 4.96100877e-08 -1
LGIC_C 82 0.480625108 -0.32106907 0.0250140106 -3.05989503e-08 3.95603122e-08 1
LGIC_C 83 -0.363089265 0.23623106 0.0250140039 -4.82586679e-08 1.31306769e-08 -1
LGIC_C 84 0.225713381 0.501808707 0.0250140107 -2.81018716e-08 -4.20573923e-08 1
LGIC_C 85 -0.0822382796 0.0893799839 0.0250139895 1.28239438e-08 -5.73353116e-08 1
LGIC_C 87 -0.302606774 -0.250492024 0.0250140016 1.45571809e-08 5.5602105e-08 1
LGIC_C 88 -0.600024876 -0.52405127 0.0250140163 1.15916899e-08 4.97976879e-08 1
LGIC_C 89 0.24843092 -0.503245574 0.0250140108 -1.31306721e-08 4.82586744e-08 1
LGIC_C 90 -0.367865668 -0.323080047 0.0250140066 1.45571809e-08 5.5602105e-08 1
LGIC_C 91 0.190250152 0.780473297 0.0250140188 -8.63455884e-09 -4.34088253e-08 1
LGIC_C 92 0.252763194 -0.744805764 0.0250140186 6.33663526e-09 4.9610097e-08 1
LGIC_C 93 -0.0551764823 0.595459793 0.0250140125 -6.33661298e-09 -4.96100859e-08 1
LGIC_C 94 0.147903743 -0.0511876401 0.0250139922 -4.96100802e-08 3.14742968e-08 1
LGIC_C 95 -0.321440897 -0.447080472 0.0250140076 -5.56021111e-08 -1.45571543e-08 -1
LGIC_C 96 0.331984737 -0.0175166971 0.0250139999 -4.96100859e-08 9.86807898e-09 1
LGIC_C 97 -0.408013307 0.0335116794 0.0250140025 4.96100851e-08 2.90231542e-08 1
LGIC_C 98 -0.352573469 -0.585572452 0.0250140151 3.95603082e-08 3.05989652e-08 1
LGIC_C 99 0.209728988 -0.085384088 0.0250139963 -4.96100802e-08 3.14742968e-08 1
LGIC_C 100 -0.353703851 -0.518091065 0.025014011 2.45891453e-08 3.68002268e-08 1
LGIC_C 101 -0.376033571 0.0160016208 0.0250140021 4.96100897e-08 -9.86805572e-09 1
LGIC_C 102 -0.408568338 0.457553419 0.0250140147 1.28239438e-08 -5.73353116e-08 1
LGIC_C 103 -0.452885721 -0.0226885969 0.0250140023 -4.34088282e-08 2.70157287e-08 -1
LGIC_C 104 0.615709227 -0.217964001 0.0250140159 -4.96100859e-08 9.86807898e-09 1
LGIC_C 105 -0.306747799 0.113003961 0.0250139994 4.34088279e-08 -2.48392273e-08 1
LGIC_C 106 -0.316005828 0.795123112 0.0232854856 -0.194186377 0.976241021 0.0961515493
LGIC_C 107 -0.713998829 -0.272455477 0.0250140166 4.34088238e-08 8.63459484e-09 1
LGIC_C 108 -0.0554324464 -0.511622657 0.0250140068 2.48392553e-08 4.34088306e-08 1
LGIC_C 110 -0.211978642 -0.721640834 0.0250140164 8.63456455e-09 4.34088336e-08 1
LGIC_C 111 -0.508774772 -0.10874819 0.0250140054 -4.96100919e-08 2.90231703e-08 -1
LGIC_C 112 0.718353428 -0.0189581297 0.0250140195 -4.96100802e-08 3.14742968e-08 1
LGIC_C 113 -0.0501925401 -0.702583127 0.025014015 2.48392553e-08 4.34088306e-08 1
LGIC_C 114 -0.328499103 0.384139635 0.0250140095 1.28239438e-08 -5.73353116e-08 1
LGIC_C 115 0.50822898 -0.36233567 0.0250140131 -3.05989503e-08 3.95603122e-08 1
LGIC_C 116 0.131620067 -0.425174284 0.0250140065 1.00935263e-08 5.7878447e-08 1
LGIC_C 117 -0.186532553 -0.0402362644 0.0250139908 4.96100935e-08 -4.19869172e-08 1
LGIC_C 118 -0.300840167 -0.304059409 0.0250140045 3.95603082e-08 3.05989652e-08 1
LGIC_C 119 0.0783594841 0.423784188 0.0250140051 -9.86806672e-09 -4.96100854e-08 1
LGIC_C 120 0.00843052491 0.508778393 0.0250140085 -6.33660387e-09 4.96100877e-08 -1
LGIC_C 121 -0.435139969 -0.422555185 0.0250140093 1.15916899e-08 4.97976879e-08 1
LGIC_C 122 0.64171451 -0.336934352 0.0250140151 -3.68002179e-08 2.45891393e-08 1
LGIC_C 124 0.530980448 -0.449729266 0.0250140138 -3.68002179e-08 2.45891393e-08 1
LGIC_C 125 0.151270338 -0.146132135 0.0250139936 -3.05989503e-08 3.95603122e-08 1
LGIC_C 126 0.617696345 -0.357716834 0.0250140163 -3.05989503e-08 3.95603122e-08 1
LGIC_C 127 0.212355668 -0.333209864 0.0250140021 -1.31306721e-08 4.82586744e-08 1
LGIC_C 128 0.218893012 -0.29648396 0.0250139995 -2.45891087e-08 3.68002429e-08 1
LGIC_C 129 0.498869407 -0.0808303909 0.0250140056 -4.34088226e-08 8.63456802e-09 1
LGIC_C 130 -0.628929389 0.173355123 0.0250140121 4.34088259e-08 -8.63455061e-09 1
LGIC_C 131 0.386937368 0.252426056 0.0250140052 -4.82586616e-08 -1.31306776e-08 1
LGIC_C 132 -0.192289326 0.0637462927 0.0250139913 5.7878425e-08 4.89846948e-08 1
LGIC_C 133 -0.590916304 -0.0269932251 0.0250140091 4.34088238e-08 8.63459484e-09 1
LGIC_C 134 0.286872589 -0.629188068 0.0250140134 -2.45891087e-08 3.68002429e-08 1
LGIC_C 135 -0.265059277 -0.278181014 0.0250140024 2.81018674e-08 4.20574117e-08 1
LGIC_C 136 0.359081747 -0.264968582 0.025014003 -3.68002179e-08 2.45891393e-08 1
LGIC_C 137 0.36874316 -0.360810139 0.0250140088 -3.05989503e-08 3.95603122e-08 1
LGIC_C 138 -0.70520122 -0.224485016 0.0250140088 4.96100935e-08 -4.19869172e-08 1
LGIC_C 139 0.123264671 -0.0146974757 0.0250139898 -4.96100802e-08 3.14742968e-08 1
LGIC_C 140 0.457594488 0.541071839 0.0250140144 -2.45891309e-08 -3.68002211e-08 1
LGIC_C 141 0.452310947 0.142692262 0.0250140041 -4.34088272e-08 -8.63453573e-09 1
LGIC_C 142 -0.485135049 -0.538745399 0.0250140189 3.95603082e-08 3.05989652e-08 1
LGIC_C 144 -0.4445484 -0.484601416 0.025014015 -5.56021111e-08 -1.45571543e-08 -1
LGIC_C 145 0.208366071 0.000150109984 0.0250139936 -4.96100869e-08 6.3366408e-09 1
LGIC_C 146 0.0182214439 0.606836444 0.0250140133 -6.33660387e-09 4.96100877e-08 -1
LGIC_C 147 -0.325648812 -0.330900244 0.0250140034 2.45891453e-08 3.68002268e-08 1
LGIC_C 149 0.539726073 0.513535241 0.0250140157 -3.68002282e-08 -2.45891172e-08 1
LGIC_C 150 0.43094002 0.177932766 0.0250140035 -4.96100869e-08 6.3366408e-09 1
LGIC_C 151 -0.0674724344 -0.676435761 0.0250140132 8.63456455e-09 4.34088336e-08 1
LGIC_C 152 0.247626754 0.594888975 0.0250140152 1.3130701e-08 4.82586573e-08 -1
LGIC_C 153 0.177229589 -0.232367394 0.0250139988 -1.28239349e-08 5.73353226e-08 1
LGIC_C 154 0.138118231 0.513096464 0.0250140101 -9.86806672e-09 -4.96100854e-08 1
LGIC_C 155 -0.605932522 0.11977053 0.0250140106 4.34088259e-08 -8.63455061e-09 1
LGIC_C 156 -0.252479533 0.0240967699 0.0250139944 4.34088259e-08 -8.63455061e-09 1
LGIC_C 157 -0.441510733 0.252100357 0.0250140051 6.28881943e-09 -7.55636452e-08 1
LGIC_C 158 0.335161042 0.187510838 0.0250140036 3.37890593e-08 4.80634111e-08 -1
LGIC_C 159 0.783129727 0.118850681 0.0250140183 -4.34088272e-08 -8.63453573e-09 1
LGIC_C 160 -0.290029337 -0.0817577446 0.0250139937 -4.34088282e-08 2.70157287e-08 -1
LGIC_C 161 -0.432686661 0.0718080548 0.0250140054 4.96100897e-08 -9.86805572e-09 1
LGIC_C 162 0.480132663 0.011080768 0.0250140072 -4.96100911e-08 -9.86803575e-09 1
LGIC_C 163 0.378566805 -0.260176586 0.0250140065 -4.20573976e-08 2.81018683e-08 1
LGIC_C 164 0.246899475 -0.573648956 0.0250140142 -1.31306721e-08 4.82586744e-08 1
LGIC_C 165 -0.325514974 0.0490091957 0.025013998 4.96100851e-08 2.90231542e-08 1
LGIC_C 166 -0.116736081 -0.6907405 0.0250140161 2.48392553e-08 4.34088306e-08 1
LGIC_C 167 -0.590399425 0.541262677 0.0250140183 3.68002297e-08 -2.45891157e-08 1
LGIC_C 168 -0.55338155 -0.247972399 0.0250140023 5.39043203e-09 6.47688584e-08 1
LGIC_C 169 0.650451932 -0.504185244 0.0250140196 -3.68002179e-08 2.45891393e-08 1
LGIC_C 171 -0.219281153 0.314195725 0.0250140041 1.28239438e-08 -5.73353116e-08 1
LGIC_C 172 0.339145519 0.155607588 0.0250140022 3.37890593e-08 4.80634111e-08 -1
LGIC_C 173 0.671423916 0.293784593 0.0250140152 -3.68002282e-08 -2.45891172e-08 1
LGIC_C 174 -0.101739815 -0.526250655 0.0250140086 2.48392553e-08 4.34088306e-08 1
LGIC_C 175 0.397149363 -0.313758747 0.0250140117 -3.37890406e-08 4.80634332e-08 1
LGIC_C 177 0.309242229 0.341511912 0.0250140063 -2.81018716e-08 -4.20573923e-08 1
LGIC_C 178 0.0768780637 -0.629238856 0.025014014 6.33663526e-09 4.9610097e-08 1
LGIC_C 180 -0.153223218 0.270114778 0.0250139989 2.8101852e-08 -4.20574041e-08 1
LGIC_C 181 -0.659699311 -0.312682601 0.025014007 5.39043203e-09 6.47688584e-08 1
LGIC_C 183 0.657989446 0.343025416 0.0250140195 -4.82586616e-08 -1.31306776e-08 1
LGIC_C 184 0.725709042 -0.0441497735 0.0250140158 -4.34088182e-08 2.48392526e-08 1
LGIC_C 185 0.385622096 -0.128259717 0.0250140032 -4.34088182e-08 2.48392526e-08 1
LGIC_C 186 -0.595049419 -0.316366298 0.0250140069 5.39043203e-09 6.47688584e-08 1
LGIC_C 188 -0.751457515 0.0866772642 0.0250140166 4.34088259e-08 -8.63455061e-09 1
LGIC_C 189 -0.556169041 0.270439908 0.0250140143 4.20574045e-08 -2.81018523e-08 1
LGIC_C 190 0.340097761 -0.715698021 0.0250140179 -2.45891087e-08 3.68002429e-08 1
LGIC_C 191 -0.408416897 -0.244944066 0.0250140013 5.39043203e-09 6.47688584e-08 1
LGIC_C 192 -0.299375939 0.114778987 0.0250139973 4.34088259e-08 -8.63455061e-09 1
LGIC_C 193 0.296680721 0.082122813 0.0250139988 -4.96100911e-08 -9.86803575e-09 1
LGIC_C 194 -0.683198473 0.361129354 0.0250140173 3.68002297e-08 -2.45891157e-08 1
LGIC_C 195 0.365913959 0.402154841 0.0250140104 -2.81018716e-08 -4.20573923e-08 1
LGIC_C 196 0.686508877 0.392232983 0.0250140182 -3.68002282e-08 -2.45891172e-08 1
LGIC_C 197 -0.262623041 -0.511376186 0.0250140085 2.45891453e-08 3.68002268e-08 1
LGIC_C 198 0.540787623 -0.0114278729 0.0250140068 -4.34088226e-08 8.63456802e-09 1
LGIC_C 199 0.626976964 0.237206793 0.0250140128 -4.96100869e-08 6.3366408e-09 1
LGIC_C 200 0.753633051 -0.325771241 0.025014019 -3.68002179e-08 2.45891393e-08 1
LGIC_C 201 0.2518714 0.129814475 0.0250139975 -4.20574004e-08 -2.81018564e-08 1
LGIC_C 202 -0.0133477927 -0.276530259 0.0250139956 2.48392553e-08 4.34088306e-08 1
LGIC_C 203 -0.178428089 -0.0108533241 0.0250139918 -4.96100919e-08 2.90231703e-08 -1
LGIC_C 204 -0.370853124 0.549769262 0.0250140168 2.8101852e-08 -4.20574041e-08 1
LGIC_C 205 -0.0916069517 0.236522318 0.0250139959 9.86805557e-09 -4.96100883e-08 1
LGIC_C 206 0.665498272 -0.361795802 0.0250140166 -3.68002179e-08 2.45891393e-08 1
LGIC_C 207 -0.115473425 -0.441416051 0.0250140031 -4.89847109e-08 5.78784581e-08 1
LGIC_C 208 -0.512235925 0.373653622 0.0250140129 -4.82586679e-08 1.31306769e-08 -1
LGIC_C 209 -0.00648197776 -0.0153780582 0.0250139856 -7.86852791e-08 -1.17760747e-07 -1
LGIC_C 210 0.0713374707 0.266924266 0.0250139972 -9.86806672e-09 -4.96100854e-08 1
LGIC_C 212 -0.360280046 -0.519197721 0.0250140109 -5.56021111e-08 -1.45571543e-08 -1
LGIC_C 213 0.350532366 -0.373423389 0.0250140088 -2.81018481e-08 4.20574137e-08 1
LGIC_C 214 0.465283895 -0.0566268746 0.0250140039 -4.34088226e-08 8.63456802e-09 1
LGIC_C 215 -0.454729969 -0.0119516177 0.0250140031 4.34088238e-08 8.63459484e-09 1
LGIC_C 216 0.217757801 -0.169806851 0.0250139966 -3.05989503e-08 3.95603122e-08 1
LGIC_C 217 0.49968516 -0.410709811 0.0250140198 -3.37890406e-08 4.80634332e-08 1
LGIC_C 218 -0.277946713 0.429042285 0.0250140076 1.31306824e-08 -4.82586643e-08 1
LGIC_C 219 -0.222587993 -0.453283128 0.0250140059 3.95603082e-08 3.05989652e-08 1
LGIC_C 220 -0.731148707 -0.322252658 0.0250140181 3.68002489e-08 2.45891179e-08 1
LGIC_C 221 0.69582518 -0.417450375 0.0250140191 -3.68002179e-08 2.45891393e-08 1
LGIC_C 222 -0.525470123 -0.137935941 0.0250140053 -4.96100919e-08 2.90231703e-08 -1
LGIC_C 223 0.224758296 0.435051221 0.0250140087 -4.80634192e-08 -3.37890445e-08 1
LGIC_C 224 -0.389962033 0.0526626327 0.0250140011 4.96100851e-08 2.90231542e-08 1
LGIC_C 225 0.210690237 -0.650159716 0.0250140133 -8.63454093e-09 4.34088369e-08 1
LGIC_C 226 0.401173828 -0.228073433 0.0250140036 -3.68002179e-08 2.45891393e-08 1
LGIC_C 227 -0.173681043 0.501124443 0.0250140065 8.63455111e-09 -4.34088279e-08 1
LGIC_C 228 0.248850675 -0.299618627 0.025014001 -1.31306721e-08 4.82586744e-08 1
LGIC_C 229 -0.506269262 -0.100280866 0.0250140061 4.34088238e-08 8.63459484e-09 1
LGIC_C 230 -0.680993046 -0.199917926 0.0250140074 -4.34088282e-08 2.70157287e-08 -1
LGIC_C 231 0.529849119 0.27719576 0.0250140145 3.37890593e-08 4.80634111e-08 -1
LGIC_C 232 -0.266720081 0.803507459 0.0250140204 8.63455111e-09 -4.34088279e-08 1
LGIC_C 233 0.292014315 0.233918191 0.0250140004 -4.82586616e-08 -1.31306776e-08 1
LGIC_C 234 -0.0535679781 -0.433564245 0.0250140025 8.63456455e-09 4.34088336e-08 1
LGIC_C 235 0.327515213 0.464804771 0.025014012 -2.81018716e-08 -4.20573923e-08 1
LGIC_C 236 0.266471243 -0.0300962004 0.0250139955 -4.34088182e-08 2.48392526e-08 1
LGIC_C 239 0.473494894 -0.311654523 0.0250140119 -4.20573976e-08 2.81018683e-08 1
LGIC_C 240 0.144516777 -0.174640254 0.0250139951 -1.28239349e-08 5.73353226e-08 1
LGIC_C 241 -0.100582307 0.205750764 0.0250139948 2.8101852e-08 -4.20574041e-08 1
LGIC_C 242 0.612614548 -0.325929257 0.0250140196 -3.37890406e-08 4.80634332e-08 1
LGIC_C 243 -0.669034675 0.236527483 0.0250140188 4.96100897e-08 -9.86805572e-09 1
LGIC_C 246 0.388216989 0.44600402 0.0250140092 -2.45891309e-08 -3.68002211e-08 1
LGIC_C 247 -0.505218644 0.62388466 0.0250140187 2.45891128e-08 -3.68002333e-08 1
LGIC_C 248 0.0879912916 -0.0927766057 0.0250139888 -2.45891087e-08 3.68002429e-08 1
LGIC_C 249 0.508053678 -0.0341958522 0.0250140095 -4.96100802e-08 3.14742968e-08 1
LGIC_C 250 0.245149875 0.536160868 0.0250140131 -4.80634192e-08 -3.37890445e-08 1
LGIC_C 251 0.0411864471 0.649977854 0.0250140153 -6.33660387e-09 4.96100877e-08 -1
LGIC_C 252 0.142921721 0.579175284 0.0250140165 -3.14742949e-08 -4.96100822e-08 1
LGIC_C 253 0.49978358 0.310793442 0.0250140114 -4.82586616e-08 -1.31306776e-08 1
LGIC_C 255 -0.756380548 -0.06616721 0.0250140143 -4.34088282e-08 2.70157287e-08 -1
LGIC_C 256 -0.324730758 0.515655925 0.0250140102 2.45891128e-08 -3.68002333e-08 1
LGIC_C 257 0.293486703 0.325656844 0.0250140028 1.3130701e-08 4.82586573e-08 -1
LGIC_C 258 -0.30835368 0.582625313 0.0250140123 2.45891128e-08 -3.68002333e-08 1
LGIC_C 260 -0.0310066219 -0.636749394 0.0250140151 9.8680833e-09 4.96100963e-08 1
LGIC_C 261 0.0568568192 0.599068788 0.0250140098 -8.63455884e-09 -4.34088253e-08 1
LGIC_C 262 -0.338530838 0.35714044 0.0250140049 1.31306824e-08 -4.82586643e-08 1
LGIC_C 263 -0.674295761 -0.20294257 0.0250140071 -4.34088282e-08 2.70157287e-08 -1
LGIC_C 264 0.458785232 -0.327180052 0.0250140082 -3.68002179e-08 2.45891393e-08 1
LGIC_C 265 0.215474975 0.047062728 0.0250139944 -4.96100911e-08 -9.86803575e-09 1
LGIC_C 266 -0.152220713 -0.314329042 0.0250139989 3.95603082e-08 3.05989652e-08 1
LGIC_C 267 -0.314634572 -0.285735447 0.0250140037 1.45571809e-08 5.5602105e-08 1
LGIC_C 268 -0.0831739775 -0.528013518 0.025014007 -2.90231482e-08 4.96101036e-08 1
LGIC_C 269 -0.0998064105 0.685767352 0.0250140167 -6.33661298e-09 -4.96100859e-08 1
LGIC_C 271 -0.498637323 -0.43390248 0.0250140123 3.68002489e-08 2.45891179e-08 1
LGIC_C 272 -0.372765188 0.285663941 0.025014005 -4.82586679e-08 1.31306769e-08 -1
LGIC_C 273 0.751715038 -0.163446111 0.0250140199 -4.34088182e-08 2.48392526e-08 1
LGIC_C 274 -0.368019159 0.376718549 0.0250140062 2.45891128e-08 -3.68002333e-08 1
LGIC_C 275 0.0166103185 -0.557798476 0.0250140108 6.33663526e-09 4.9610097e-08 1
LGIC_C 276 -0.127687447 -0.538232738 0.0250140062 -2.90231482e-08 4.96101036e-08 1
LGIC_C 278 0.320686676 0.260845234 0.0250140015 -3.68002282e-08 -2.45891172e-08 1
LGIC_C 279 0.067252498 -0.0510337316 0.025013987 -3.68002179e-08 2.45891393e-08 1
LGIC_C 280 -0.269407954 -0.126970754 0.0250139942 1.45571809e-08 5.5602105e-08 1
LGIC_C 281 0.353227792 0.551247222 0.0250140188 -4.80634192e-08 -3.37890445e-08 1
LGIC_C 282 -0.251051041 -0.451968433 0.025014007 3.95603082e-08 3.05989652e-08 1
LGIC_C 283 -0.243991144 -0.469224695 0.0250140047 7.55636799e-08 6.2887973e-09 1
LGIC_C 284 0.228511282 -0.73813847 0.0250140172 -8.63454093e-09 4.34088369e-08 1
LGIC_C 286 -0.540923955 0.00443673842 0.02501401 4.96100851e-08 2.90231542e-08 1
LGIC_C 287 -0.0914895359 -0.173967262 0.0250139919 2.45891453e-08 3.68002268e-08 1
LGIC_C 288 0.0582154934 -0.324231817 0.025013999 6.33663526e-09 4.9610097e-08 1
LGIC_C 289 0.0348628921 0.0230405584 0.0250139851 -3.68002282e-08 -2.45891172e-08 1
LGIC_C 290 -0.373425163 -0.529874201 0.025014016 2.81018674e-08 4.20574117e-08 1
LGIC_C 291 -0.51717709 0.467341801 0.0250140138 3.68002297e-08 -2.45891157e-08 1
LGIC_C 292 0.462296846 0.476768739 0.0250140163 -2.81018716e-08 -4.20573923e-08 1
LGIC_C 293 -0.679806931 -0.0532436522 0.0250140155 -4.96100919e-08 2.90231703e-08 -1
LGIC_C 295 -0.142410924 0.137071274 0.0250139945 6.28881943e-09 -7.55636452e-08 1
LGIC_C 296 0.467746502 0.271709518 0.0250140106 -4.20574004e-08 -2.81018564e-08 1
LGIC_C 297 0.0278957235 0.372539286 0.0250139997 -8.63455884e-09 -4.34088253e-08 1
LGIC_C 298 0.115726528 -0.503540416 0.0250140094 -9.86804037e-09 4.96101e-08 1
LGIC_C 299 -0.107051163 -0.282618448 0.0250139983 9.8680833e-09 4.96100963e-08 1
LGIC_C 300 0.427378401 -0.0585954198 0.0250140032 -4.34088182e-08 2.48392526e-08 1
LGIC_C 301 0.111443548 0.371331334 0.0250140003 -8.63455884e-09 -4.34088253e-08 1
LGIC_C 302 0.431344623 0.335951911 0.0250140108 -4.20574004e-08 -2.81018564e-08 1
LGIC_C 303 -0.0557206719 0.361794189 0.0250140018 9.86805557e-09 -4.96100883e-08 1
LGIC_C 304 -0.133038201 0.369311139 0.0250140007 -6.33661298e-09 -4.96100859e-08 1
LGIC_C 305 -0.464910929 0.222112151 0.0250140058 3.68002297e-08 -2.45891157e-08 1
LGIC_C 306 0.190781679 0.118989391 0.0250139954 3.37890593e-08 4.80634111e-08 -1
LGIC_C 307 -0.40115152 0.237925694 0.0250140058 -4.82586679e-08 1.31306769e-08 -1
LGIC_C 308 0.614807454 -0.285708321 0.0250140129 -3.68002179e-08 2.45891393e-08 1
LGIC_C 309 0.126850793 0.12417602 0.025013991 -3.68002282e-08 -2.45891172e-08 1
LGIC_C 310 0.112574142 0.782593873 0.0250140182 -8.63455884e-09 -4.34088253e-08 1
LGIC_C 311 0.575425703 0.595200691 0.0250140193 -2.45891309e-08 -3.68002211e-08 1
LGIC_C 312 0.308663109 0.212766824 0.0250140022 -4.20574004e-08 -2.81018564e-08 1
LGIC_C 313 0.664009925 0.345334389 0.0250140162 -3.68002282e-08 -2.45891172e-08 1
LGIC_C 314 -0.278738601 0.513144936 0.025014009 2.45891128e-08 -3.68002333e-08 1
LGIC_C 315 -0.0818159945 0.00145638884 0.0250139873 4.96100897e-08 -9.86805572e-09 1
LGIC_C 318 -0.202070971 -0.368654432 0.0250139999 -5.56021111e-08 -1.45571543e-08 -1
LGIC_C 319 -0.481893881 -0.0634804422 0.0250140025 -4.34088282e-08 2.70157287e-08 -1
LGIC_C 320 0.423309526 0.583769956 0.0250140197 -2.81018716e-08 -4.20573923e-08 1
LGIC_C 322 0.516185837 0.237584377 0.0250140113 -4.82586616e-08 -1.31306776e-08 1
LGIC_C 323 -0.332533993 -0.643495071 0.0250140197 2.81018674e-08 4.20574117e-08 1
LGIC_C 324 0.0172320258 0.693014059 0.0250140175 -6.33660387e-09 4.96100877e-08 -1
LGIC_C 325 0.474858651 0.596807963 0.0250140169 -2.45891309e-08 -3.68002211e-08 1
LGIC_C 326 0.184776189 0.674411304 0.0250140156 -6.33660387e-09 4.96100877e-08 -1
LGIC_C 327 -0.289940662 -0.0285490454 0.0250139968 -4.96100919e-08 2.90231703e-08 -1
LGIC_C 328 -0.417306741 0.00639855843 0.0250140015 4.34088279e-08 -2.48392273e-08 1
LGIC_C 329 0.606045167 -0.240307427 0.0250140157 -4.96100859e-08 9.86807898e-09 1
LGIC_C 330 0.369738456 -0.0317919357 0.0250140026 -4.96100802e-08 3.14742968e-08 1
LGIC_C 331 0.229034971 -0.106399097 0.0250139944 -3.05989503e-08 3.95603122e-08 1
LGIC_C 332 -0.00464825751 -0.368968611 0.0250140016 9.8680833e-09 4.96100963e-08 1
LGIC_C 333 0.483548806 0.160935772 0.0250140056 -4.34088272e-08 -8.63453573e-09 1
LGIC_C 334 0.23976224 0.787406852 0.0250140195 -8.63455884e-09 -4.34088253e-08 1
LGIC_C 335 0.184217411 0.558148829 0.0250140098 -6.33660387e-09 4.96100877e-08 -1
LGIC_C 336 -0.735945589 0.0301102267 0.025014016 4.34088279e-08 -2.48392273e-08 1
LGIC_C 337 -0.01410902 -0.00696766903 0.0250139838 5.39043203e-09 6.47688584e-08 1
LGIC_C 338 -0.202035143 0.314251011 0.0250139998 2.45891128e-08 -3.68002333e-08 1
LGIC_C 339 0.126600205 -0.192533244 0.0250139942 -1.31306721e-08 4.82586744e-08 1
LGIC_C 340 -0.304043509 0.594228361 0.0250140168 2.8101852e-08 -4.20574041e-08 1
LGIC_C 341 -0.0391244223 -0.708543933 0.0250140143 8.63456455e-09 4.34088336e-08 1
LGIC_C 342 -0.831350391 -0.0305670284 0.0250140185 -4.34088282e-08 2.70157287e-08 -1
LGIC_C 343 0.266797911 0.463802702 0.0250140091 1.3130701e-08 4.82586573e-08 -1
LGIC_C 344 -0.120145194 0.0476690105 0.0250139879 5.7878425e-08 4.89846948e-08 1
LGIC_C 346 0.360124892 0.321882984 0.0250140044 -3.68002282e-08 -2.45891172e-08 1
LGIC_C 347 0.478608358 -0.145978909 0.0250140084 -4.96100859e-08 9.86807898e-09 1
LGIC_C 349 -0.21088332 -0.529036307 0.0250140033 -2.90231482e-08 4.96101036e-08 1
LGIC_C 350 -0.283253296 0.371607718 0.0250140039 2.45891128e-08 -3.68002333e-08 1
LGIC_C 352 -0.201020591 -0.277377426 0.0250139997 3.95603082e-08 3.05989652e-08 1
LGIC_C 353 -0.331094498 0.171012987 0.025014002 4.20574045e-08 -2.81018523e-08 1
LGIC_C 354 0.143301033 0.205121054 0.0250139959 -2.81018716e-08 -4.20573923e-08 1
LGIC_C 355 0.0816971606 -0.533667311 0.0250140133 1.00935263e-08 5.7878447e-08 1
LGIC_C 356 0.110107724 0.685779375 0.025014014 -8.63455884e-09 -4.34088253e-08 1
LGIC_C 357 0.753509288 0.159080278 0.0250140196 -4.96100869e-08 6.3366408e-09 1
LGIC_C 358 0.053604729 -0.0300737526 0.0250139868 -4.90669481e-08 3.27855328e-08 1
LGIC_C 359 -0.245321577 0.225893122 0.0250140019 6.28881943e-09 -7.55636452e-08 1
LGIC_C 360 -0.477350372 0.428209954 0.0250140114 3.68002297e-08 -2.45891157e-08 1
LGIC_C 361 0.598358957 -0.142833766 0.0250140143 -4.96100859e-08 9.86807898e-09 1
LGIC_C 362 -0.427833854 -0.121055201 0.025014001 -4.96100919e-08 2.90231703e-08 -1
LGIC_C 363 -0.312944055 0.444879003 0.0250140088 1.31306824e-08 -4.82586643e-08 1
LGIC_C 365 0.601914144 -0.332959928 0.0250140179 -4.20573976e-08 2.81018683e-08 1
LGIC_C 366 -0.35645041 -0.734371125 0.0250140198 3.95603082e-08 3.05989652e-08 1
LGIC_C 367 0.38581247 -0.10009748 0.0250140025 -4.34088182e-08 2.48392526e-08 1
LGIC_C 368 -0.118121043 -0.322076524 0.0250140002 2.48392553e-08 4.34088306e-08 1
LGIC_C 369 -0.112941509 -0.598642141 0.0250140096 -2.90231482e-08 4.96101036e-08 1
LGIC_C 370 -0.383921997 -0.566895412 0.0250140135 2.45891453e-08 3.68002268e-08 1
LGIC_C 371 0.236836558 0.057520184 0.025013994 -4.34088272e-08 -8.63453573e-09 1
LGIC_C 372 -0.0694492718 0.443992419 0.0250140031 8.63455111e-09 -4.34088279e-08 1
LGIC_C 373 -0.617398749 0.47023532 0.0250140176 3.68002297e-08 -2.45891157e-08 1
LGIC_C 374 0.0416316998 -0.188346147 0.0250139923 6.33663526e-09 4.9610097e-08 1
LGIC_C 375 0.152132849 -0.636582819 0.0250140185 1.00935263e-08 5.7878447e-08 1
LGIC_C 376 0.406877163 0.362673735 0.0250140105 -4.20574004e-08 -2.81018564e-08 1
LGIC_C 377 0.319564379 0.164743433 0.0250139991 -3.68002282e-08 -2.45891172e-08 1
LGIC_C 378 -0.621905835 0.0850683536 0.0250140116 4.96100851e-08 2.90231542e-08 1
LGIC_C 379 -0.0197482649 -0.477581848 0.0250140071 9.8680833e-09 4.96100963e-08 1
LGIC_C 380 0.0848448497 0.614203948 0.0250140146 -9.86806672e-09 -4.96100854e-08 1
LGIC_C 381 0.0243620152 0.673916802 0.0250140165 -6.33660387e-09 4.96100877e-08 -1
LGIC_C 382 0.586048996 -0.251269421 0.0250140151 -3.37890406e-08 4.80634332e-08 1
LGIC_C 384 -0.441882048 -0.410606784 0.025014017 6.28883752e-09 7.55636663e-08 1
LGIC_C 386 0.499435384 -0.459837733 0.0250140129 -3.68002179e-08 2.45891393e-08 1
LGIC_C 387 0.581730397 -0.251489785 0.025014015 -3.37890406e-08 4.80634332e-08 1
LGIC_C 388 -0.0048364564 0.442611611 0.0250140054 -3.14742797e-08 4.96100914e-08 -1
LGIC_C 390 0.571633088 0.0241881112 0.0250140114 -4.96100869e-08 6.3366408e-09 1
LGIC_C 392 -0.196102441 -0.585563771 0.0250140066 -2.90231482e-08 4.96101036e-08 1
LGIC_C 393 -0.0148682601 -0.312749959 0.0250139969 8.63456455e-09 4.34088336e-08 1
LGIC_C 395 0.355191978 0.461101046 0.0250140102 1.3130701e-08 4.82586573e-08 -1
LGIC_C 396 0.306425276 0.428125903 0.0250140079 1.3130701e-08 4.82586573e-08 -1
LGIC_C 397 -0.678824144 0.240220337 0.0250140148 4.34088259e-08 -8.63455061e-09 1
LGIC_C 398 -0.572052367 0.256694387 0.0250140149 3.37890593e-08 -4.80634052e-08 1
LGIC_C 399 0.600993654 -0.151806643 0.0250140178 -4.96100802e-08 3.14742968e-08 1
NT 412 -0.48596898 -0.114742713 0.0347803643 0 0 0
NT 513 -0.00898884829 -0.0492883287 0.0256802419 0 0 0
NT 547 -0.6454145 -0.199985744 0.0256782093 0 0 0
NT 555 -0.899982659 -0.0259520704 -0.815601066 0 0 0
NT 572 -0.0430822053 -0.43390826 0.0384358216 0 0 0
NT 607 -0.195218926 -0.907581363 0.0314805312 0 0 0
NT 648 0.211422494 0.299917782 0.0400567741 0 0 0
NT 650 0.809275494 0.232403552 0.0277292174 0 0 0
NT 657 -0.182184387 0.456253219 0.0447294469 0 0 0
NT 679 0.722576458 -0.370618794 0.0377177653 0 0 0
NT 686 -0.213233782 -0.0799724579 0.0366165309 0 0 0
NT 841 -0.44814218 0.430252507 0.0328484614 0 0 0
NT 924 0.241321972 -0.204050676 0.0285153386 0 0 0
NT 1104 -0.291792401 0.655195162 0.0323063627 0 0 0
NT 1120 -0.309718916 0.416907899 0.0350085988 0 0 0
NT 1132 -0.00490429191 -0.451930406 0.0399763123 0 0 0
NT 1268 0.0975155886 0.329896325 0.0437999064 0 0 0
NT 1323 -0.105034003 0.217192157 0.0442120363 0 0 0
NT 1344 0.37381641 -0.0942289393 0.0304631901 0 0 0
NT 1366 0.247760375 0.285259649 0.036523717 0 0 0
NT 1432 -0.0941943067 -0.792111754 0.0278320203 0 0 0
NT 1443 0.0627675297 0.171452041 0.0259910431 0 0 0
NT 1732 -0.885651764 -0.178245953 -0.222250946 0 0 0
NT 1774 -0.0869030912 -0.124009947 0.0288109184 0 0 0
NT 1869 0.402375099 -0.61414733 0.030905962 0 0 0
NT 1945 0.285904953 -0.613770596 0.0465738118 0 0 0
NT 1961 -0.653967221 0.301661638 0.033439285 0 0 0
NT 2014 -0.143606403 0.224348209 0.0381604868 0 0 0
NT 2048 -0.316336904 -0.0513473512 0.0288432089 0 0 0
NT 2049 -0.687963528 -0.0998761695 0.0445708891 0 0 0
NT 2150 -0.362640381 0.314746833 0.0278941624 0 0 0
NT 2159 -0.662336129 -0.135138327 0.0445610648 0 0 0
NT 2217 0.0301797168 0.831319149 0.0435735263 0 0 0
NT 2305 0.0899924245 0.441239074 0.0351478259 0 0 0
NT 2385 -0.36965191 0.199286201 0.0378496583 0 0 0
NT 2406 -0.332884182 0.474600197 0.0303810652 0 0 0
NT 2460 0.0744183385 -0.835534752 0.0300383908 0 0 0
NT 2477 0.239859829 -0.597018956 0.0402977266 0 0 0
NT 2740 -0.558516616 0.0754436543 0.0375568285 0 0 0
NT 2762 -0.774178824 -0.431758972 0.0969423352 0 0 0
NT 2788 -0.348691253 -0.382621393 0.0299519465 0 0 0
NT 2842 -0.58318217 0.503674019 0.0387185879 0 0 0
NT 2959 -0.269916388 -0.515800602 0.040987853 0 0 0
NT 3100 0.132069433 0.150413535 0.0254718295 0 0 0
NT 3226 -0.309392804 -0.173849256 0.0386922908 0 0 0
NT 3260 0.301293913 -0.210114556 0.0385725981 0 0 0
NT 3306 -0.00642510818 0.864304704 0.0392591515 0 0 0
NT 3347 0.225185037 0.0618295818 0.031957131 0 0 0
NT 3420 -0.418733991 0.262177022 0.0364969964 0 0 0
NT 3513 -0.0480041061 -0.271485024 0.0260033974 0 0 0
NT 3528 -0.202854261 0.19359502 0.0461598748 0 0 0
NT 3606 -0.495330381 0.431559583 0.0308688943 0 0 0
NT 3607 0.515369382 -0.0724554257 0.0449702198 0 0 0
NT 3628 -0.443734414 -0.0549476868 0.0369391218 0 0 0
NT 3703 -0.250852297 0.00988712254 0.0325486429 0 0 0
NT 3727 0.437587394 -0.0394339227 0.0436157959 0 0 0
NT 3755 -0.380962356 0.456106642 0.0325538392 0 0 0
NT 3759 -0.370758058 0.417298587 0.0376609077 0 0 0
NT 3851 -0.497049031 0.187955578 0.0315204267 0 0 0
NT 3862 0.0183933855 0.259429124 0.0409692538 0 0 0
NT 3980 -0.10039367 0.181364343 0.0323328955 0 0 0
NT 4012 0.754309241 -0.222371583 0.0362634085 0 0 0
NT 4078 -0.095530622 0.267469603 0.0357072699 0 0 0
NT 4180 0.104392486 0.370958761 0.0262049512 0 0 0
NT 4233 -0.657248946 -0.0815593256 0.0295015848 0 0 0
NT 4268 0.156742488 -0.301195001 0.0339461908 0 0 0
NT 4346 -0.292248734 -0.50428912 0.0363969738 0 0 0
NT 4425 0.214926794 0.458363279 0.0272168251 0 0 0
NT 4428 -0.159250283 -0.22033234 0.0325830401 0 0 0
NT 4431 -0.309015795 -0.497600235 0.0381874985 0 0 0
NT 4440 0.501633838 0.0892219961 0.0425309112 0 0 0
NT 4445 0.521886872 0.161571431 0.0302263287 0 0 0
NT 4449 -0.427023071 -0.245091079 0.0254538313 0 0 0
NT 4451 -0.550553706 -0.475971779 0.0385863646 0 0 0
NT 4457 0.290887902 -0.0757359172 0.0255201285 0 0 0
NT 4458 -0.179682771 0.329745996 0.0312500621 0 0 0
NT 4460 -0.125374652 -0.15712839 0.0293535576 0 0 0
NT 4476 -0.078320576 -0.157889874 0.0359352237 0 0 0
NT 4479 0.811791685 -0.0374361936 0.0259770114 0 0 0
NT 4492 -0.123712259 -0.135866354 0.0435902913 0 0 0
NT 4494 0.392543241 -0.356923167 0.0299416256 0 0 0
NT 4510 0.267836959 0.148313395 0.0289200616 0 0 0
NT 4528 -0.00203859872 -0.052378576 0.0266259793 0 0 0
NT 4535 0.419927441 -0.323746736 0.0259783179 0 0 0
NT 4539 0.513410772 0.311537374 0.0463700914 0 0 0
NT 4552 -0.778753076 0.513400687 -0.12669481 0 0 0
NT 4557 0.0148614288 0.895846595 -0.0339880323 0 0 0
NT 4579 0.0461559248 -0.371066444 0.0297719841 0 0 0
NT 4585 0.67099465 0.0595827285 0.045365313 0 0 0
NT 4596 -0.370739127 0.0939470383 0.0312961448 0 0 0
NT 4600 0.298730074 0.232923634 0.0425330578 0 0 0
NT 4601 0.375505368 -0.384134079 0.0260289529 0 0 0
NT 4636 0.173360088 0.0362294227 0.03398716 0 0 0
NT 4651 -0.383329688 -0.509694058 0.0454234795 0 0 0
NT 4655 0.203627875 0.123280418 0.0389006803 0 0 0
NT 4680 -0.117067875 -0.830280014 0.0355559598 0 0 0
NT 4683 0.529963924 0.702909846 0.0384049671 0 0 0
NT 4695 -0.0448551987 -0.150139865 0.0418504109 0 0 0
NT 4697 -0.357304947 -0.208699483 0.0317927031 0 0 0
NT 4699 0.397338292 -0.0242736835 0.0338298342 0 0 0
NT 4701 -0.138351045 -0.126100677 0.038011986 0 0 0
NT 4703 0.0938970217 -0.080681939 0.0367747822 0 0 0
NT 4711 0.877066814 -0.205522576 -0.217324134 0 0 0
NT 4712 0.129189784 -0.181173658 0.0283589687 0 0 0
NT 4718 0.0212465959 -0.419137429 0.0451638013 0 0 0
NT 4719 0.0356623319 -0.168046302 0.0370683269 0 0 0
NT 4726 -0.471708593 -0.340316862 0.0387021804 0 0 0
NT 4735 0.315354593 0.564145434 0.0303366623 0 0 0
NT 4741 -0.515501938 -0.129719083 0.0272452406 0 0 0
NT 4744 -0.648181427 -0.64715511 -0.0140994461 0 0 0
NT 4749 -0.66713226 0.110648733 0.0367677288 0 0 0
NT 4767 0.290163118 -0.240083168 0.0428231803 0 0 0
NT 4780 0.379819247 0.384819013 0.0403971482 0 0 0
NT 4781 -0.759264486 0.413678086 0.018153478 0 0 0
NT 4787 -0.353057129 -0.0648311147 0.0413003047 0 0 0
NT 4797 0.410660051 0.0258855867 0.0440802073 0 0 0
NT 4803 -0.817004032 -0.225756631 0.0366292049 0 0 0
NT 4806 -0.427001131 -0.499464297 0.0317141414 0 0 0
NT 4812 -0.139350692 -0.174664209 0.0455941116 0 0 0
NT 4822 -0.25199011 0.321490055 0.0277510296 0 0 0
NT 4827 0.704172599 0.490784991 -0.941939959 0 0 0
NT 4828 0.420083965 0.0257984298 0.028429457 0 0 0
NT 4832 -0.0963026438 -0.0731345089 0.0444560062 0 0 0
NT 4865 -0.187303444 0.180086639 0.0454022354 0 0 0
NT 4868 -0.317990018 0.019448788 0.0319428819 0 0 0
NT 4878 -0.227929666 -0.374998669 0.0442555836 0 0 0
NT 4882 0.205542004 0.516470624 0.042121605 0 0 0
NT 4893 0.735220806 0.112341111 0.0265468297 0 0 0
NT 4897 0.228053742 0.503632785 0.0376576034 0 0 0
NT 4900 0.236374494 -0.472934969 0.0290997762 0 0 0
NT 4904 0.127357021 0.325574305 0.043702795 0 0 0
NT 4905 -0.324084481 -0.325550267 0.0289142317 0 0 0
NT 4910 -0.601618688 -0.394236462 0.0413561792 0 0 0
NT 4916 -0.301017174 0.416601805 0.0264290445 0 0 0
NT 4917 0.700422016 0.682808788 0.322826766 0 0 0
NT 4921 0.472060005 0.0160836487 0.0330651098 0 0 0
NT 4937 -0.175143686 0.390874432 0.0274357243 0 0 0
NT 4942 -0.14053534 0.62612739 0.0357027494 0 0 0
NT 4951 0.0716081471 0.0685654835 0.0383747981 0 0 0
NT 4952 -0.221454199 -0.185959425 0.0450057905 0 0 0
NT 4960 -0.168067532 -0.184647897 0.0379231077 0 0 0
NT 4964 -0.212822982 0.276981221 0.0372000804 0 0 0
NT 4971 0.428964604 -0.857161115 -0.0676101101 0 0 0
NT 4979 -0.389297219 -0.518687827 0.0269357522 0 0 0
NT 4995 -0.37367382 -0.225221873 0.0291392578 0 0 0
NT 4996 -0.0454311432 0.323122505 0.0335223303 0 0 0
NT 5000 0.134391954 0.316035331 0.0311290267 0 0 0
NT 5003 0.057173869 -0.229093365 0.0430516024 0 0 0
NT 5006 -0.402667666 -0.339273785 0.0285529748 0 0 0
NT 5018 -0.141099181 0.00606076053 0.0254550418 0 0 0
NT 5031 -0.904258737 0.252280288 0.121288396 0 0 0
NT 5039 -0.00879103691 0.237954976 0.0270861067 0 0 0
NT 5041 0.410280538 0.276178149 0.0251787054 0 0 0
NT 5053 0.357941417 -0.346480944 0.0333473409 0 0 0
NT 5058 0.147238986 0.039291909 0.044502641 0 0 0
NT 5063 0.505362566 0.231940919 0.0260765874 0 0 0
NT 5064 -0.0568644673 -0.348021471 0.0376820299 0 0 0
NT 5069 -0.108870831 0.400082879 0.0465514099 0 0 0
NT 5078 0.354022364 -0.00717198323 0.0280555564 0 0 0
NT 5080 -0.313836165 -0.425309438 0.0290973614 0 0 0
NT 5083 0.0444529181 0.16548985 0.0318227664 0 0 0
NT 5091 -0.19722576 -0.129510399 0.0459075451 0 0 0
NT 5104 -0.220533912 -0.230877272 0.0417961015 0 0 0
NT 5106 -0.0999074251 -0.815046928 0.0332270667 0 0 0
NT 5114 -0.188973996 0.249650039 0.0277461802 0 0 0
NT 5115 0.256238499 -0.0142809487 0.0260042358 0 0 0
NT 5116 -0.163302306 -0.0692206697 0.0418340416 0 0 0
NT 5137 -0.236243221 -0.238839181 0.0433280076 0 0 0
NT 5163 -0.287081772 0.581029013 0.0457075083 0 0 0
NT 5172 0.465040915 -0.591371266 0.03173814 0 0 0
NT 5176 0.393591749 -0.314459853 0.0282731527 0 0 0
NT 5181 0.206121501 -0.24223896 0.0259167849 0 0 0
NT 5183 -0.0565644011 -0.219771834 0.0314173478 0 0 0
NT 5190 -0.134436932 0.160505917 0.0295832971 0 0 0
NT 5195 0.380644665 -0.579366271 0.0451171573 0 0 0
NT 5202 0.291447026 0.456002847 0.037352351 0 0 0
NT 5203 0.31182049 -0.128676927 0.0366901489 0 0 0
NT 5209 -0.279882864 -0.118864974 0.0390835061 0 0 0
NT 5224 -0.273116759 0.0411361927 0.0431345568 0 0 0
NT 5229 0.180171725 -0.391122742 0.0292543154 0 0 0
NT 5247 0.487223148 -0.0776420036 0.0463191637 0 0 0
NT 5251 -0.367000583 -0.21774261 0.030445756 0 0 0
NT 5263 0.196527831 0.0209300409 0.0414392634 0 0 0
NT 5265 -0.338887335 0.277470967 0.0417406997 0 0 0
NT 5267 0.393871942 -0.479799336 0.0312674326 0 0 0
NT 5268 -0.0970094677 -0.0479487258 0.0412435181 0 0 0
NT 5271 0.0311737063 -0.437063615 0.0312843485 0 0 0
NT 5274 0.340966141 0.0158761366 0.0252076548 0 0 0
NT 5286 0.693261736 0.149399464 0.0336852926 0 0 0
NT 5301 -0.623861596 -0.209848188 0.0382000958 0 0 0
NT 5305 -0.0310970766 0.0327515395 0.0385309244 0 0 0
NT 5307 0.0270123962 -0.00638391247 0.0423699566 0 0 0
NT 5313 -0.288501678 0.33454895 0.0331256253 0 0 0
NT 5317 0.112659116 0.378854082 0.0334380503 0 0 0
NT 5330 0.515432351 0.136079212 0.0347959645 0 0 0
NT 5336 -0.577676709 0.766156189 0.167237416 0 0 0
NT 5341 0.416028431 0.855563761 0.0489052728 0 0 0
NT 5343 0.0344927563 -0.205718997 0.0440629536 0 0 0
NT 5344 0.144799525 0.125387126 0.0381230141 0 0 0
NT 5346 0.0922529039 0.0217941971 0.0253676858 0 0 0
NT 5348 0.345599985 -0.0919285152 0.0283937748 0 0 0
NT 5356 0.0641375073 0.131386946 0.0422532694 0 0 0
NT 5358 -0.38185017 -0.200649594 0.0331242282 0 0 0
NT 5362 -0.496079321 0.14703855 0.0294340929 0 0 0
NT 5364 -0.278687675 0.54195082 0.0264832111 0 0 0
NT 5368 -0.0482025168 0.0584529274 0.0300616688 0 0 0
NT 5375 0.0811701246 0.136078865 0.0346282359 0 0 0
NT 5388 -0.632907924 -0.621598994 -0.0603049619 0 0 0
NT 5389 -0.620402167 0.182278899 0.0261524596 0 0 0
NT 5392 -0.00127783882 -0.114094277 0.0258548065 0 0 0
NT 5402 0.110006363 -0.0860255219 0.0305023827 0 0 0
NT 5408 0.48978538 -0.0916587761 0.0337190575 0 0 0
NT 5426 0.656337198 -0.29502697 0.0373846095 0 0 0
NT 5429 -0.572109798 0.434044074 0.038732008 0 0 0
NT 5432 0.513105973 -0.0326902901 0.0306225887 0 0 0
NT 5442 -0.117259361 -0.282348407 0.0287718169 0 0 0
NT 5443 -0.660209102 0.693429059 0.0367702625 0 0 0
NT 5444 -0.0225398926 0.0456511481 0.035759208 0 0 0
NT 5450 -0.0922907216 0.425390976 0.0357554883 0 0 0
NT 5452 0.345084652 0.501394543 0.0347133165 0 0 0
NT 5454 -0.330588883 0.388853041 0.0269209159 0 0 0
NT 5455 -0.0117697814 0.80948088 0.0259244037 0 0 0
NT 5470 0.0914971502 0.30733574 0.0438701299 0 0 0
NT 5475 -0.348730462 -0.330747828 0.0294576715 0 0 0
NT 5481 0.297869813 0.666057411 0.0270932949 0 0 0
NT 5496 -0.163195236 -0.191635964 0.0341128261 0 0 0
NT 5499 0.403461686 0.889565633 -0.127531831 0 0 0
NT 5508 -0.0845413102 -0.0355068685 0.0446892824 0 0 0
NT 5524 0.193334207 0.830770695 -0.00101958959 0 0 0
NT 5531 0.336792979 0.486671729 0.0258919162 0 0 0
NT 5534 0.701637123 0.381002496 0.0459428415 0 0 0
NT 5536 0.263676446 0.150132808 0.0273296052 0 0 0
NT 5540 0.439625959 -0.666121801 0.0465110385 0 0 0
NT 5548 -0.486765284 0.0427330239 0.0304684517 0 0 0
NT 5551 -0.433832473 0.296441956 0.0318536055 0 0 0
NT 5563 -0.462580132 -0.287649901 0.0415032386 0 0 0
NT 5565 -0.60078226 -0.0547232175 0.0369491835 0 0 0
NT 5571 -0.352169007 -0.77487417 0.0402500389 0 0 0
NT 5576 -0.621591718 -0.684815326 0.0430088569 0 0 0
NT 5579 -0.229689858 0.193607568 0.0445548231 0 0 0
NT 5590 0.289228091 0.055266888 0.0462769307 0 0 0
NT 5593 0.683750994 -0.0974634113 0.0259468273 0 0 0
NT 5597 -0.0860317116 -0.233186314 0.0437709176 0 0 0
NT 5600 0.164437847 -0.0615007787 0.0271454737 0 0 0
NT 5601 -0.356127216 0.226028981 0.0390595464 0 0 0
NT 5602 -0.266224233 -0.575341412 0.0464690133 0 0 0
NT 5619 -0.236535591 0.25132314 0.0365437558 0 0 0
NT 5622 -0.0633962114 0.0823079921 0.0337549265 0 0 0
NT 5623 -0.413541741 0.309691043 0.0325576676 0 0 0
NT 5625 0.374567931 0.13654165 0.0251367878 0 0 0
NT 5641 -0.520876942 -0.31206627 0.0432101588 0 0 0
NT 5656 0.208755626 0.311916609 0.0408540805 0 0 0
NT 5659 0.143995885 -0.141107969 0.0433870383 0 0 0
NT 5662 -0.14788462 0.0819212874 0.0297263916 0 0 0
NT 5664 0.0106604099 -0.249436484 0.0333989697 0 0 0
NT 5667 -0.0812477862 0.070993298 0.0366288621 0 0 0
NT 5688 -0.554618671 0.0162398298 0.0421592805 0 0 0
NT 5693 0.27853442 0.0435576945 0.0378118969 0 0 0
NT 5696 -0.199836639 -0.256840708 0.0316340953 0 0 0
NT 5698 0.644702503 0.724084689 -0.0904319926 0 0 0
NT 5711 -0.622294198 0.370273827 0.0335748124 0 0 0
NT 5712 0.715287954 0.591980117 -0.0512793976 0 0 0
NT 5724 0.292306707 -0.177582144 0.0309388321 0 0 0
NT 5735 0.597956122 -0.135380822 0.0372794155 0 0 0
NT 5746 -0.0312594915 0.417315518 0.0452935547 0 0 0
NT 5768 -0.324660295 0.657417112 0.0389846191 0 0 0
NT 5782 -0.414083394 -0.338293059 0.0367842521 0 0 0
NT 5789 0.127111317 0.213755197 0.0335362664 0 0 0
NT 5790 -0.167255416 -0.730587232 0.0419985407 0 0 0
NT 5791 0.409226461 -0.122430006 0.0333964039 0 0 0
NT 5825 -0.687665604 -0.390665543 0.0322698624 0 0 0
NT 5826 0.312305398 0.154075224 0.0420714611 0 0 0
NT 5832 0.0211953574 0.178466146 0.0326071751 0 0 0
NT 5837 0.353389301 0.0247653877 0.0431822337 0 0 0
NT 5839 0.0340041611 0.653265776 0.0356437771 0 0 0
NT 5840 0.163344166 -0.0571396754 0.0263046399 0 0 0
NT 5845 0.187423324 -0.180707964 0.0271774284 0 0 0
NT 5847 -0.615725937 0.128308814 0.0328766183 0 0 0
NT 5864 -0.274383407 -0.0463857466 0.0322064543 0 0 0
NT 5869 -0.185535427 -0.617282782 0.0416967748 0 0 0
NT 5870 -0.380959356 0.474091237 0.0395138443 0 0 0
NT 5872 0.144346614 0.0658191882 0.0382587269 0 0 0
NT 5876 -0.414616906 -0.5044921 0.0298292942 0 0 0
NT 5877 0.259234289 0.135390025 0.0314319897 0 0 0
NT 5907 -0.0980019427 0.579292217 0.039692246 0 0 0
NT 5927 0.350574511 0.324790202 0.0444041764 0 0 0
NT 5928 0.0223037873 0.392003273 0.0338925822 0 0 0
NT 5934 0.0730161518 0.917888609 -0.0247520693 0 0 0
NT 5940 -0.219270512 0.113949228 0.0310517751 0 0 0
NT 5944 0.607690074 0.775092002 0.091325145 0 0 0
NT 5948 -0.28578404 0.172675759 0.0355553107 0 0 0
NT 5959 -0.251520982 -0.15308818 0.0340595031 0 0 0
NT 5961 -0.518471932 0.121548659 0.0307372182 0 0 0
NT 5962 0.563993924 0.760829972 -0.0266013552 0 0 0
NT 5965 -0.390590013 -0.032888211 0.0407913079 0 0 0
NT 5967 0.519696139 0.313525954 0.0443940534 0 0 0
NT 5973 0.242988834 -0.091915355 0.0356262289 0 0 0
NT 5978 -0.254227669 0.89488498 -0.119030973 0 0 0
NT 5985 0.866754579 -0.164628417 -0.0163931265 0 0 0
NT 5995 -0.217442172 0.248808631 0.0272418946 0 0 0
NT 5999 0.205180876 0.335159745 0.0443493196 0 0 0
NT 6007 -0.600116784 0.387082175 0.025482704 0 0 0
NT 6020 -0.748230898 -0.108195275 0.0304032092 0 0 0
NT 6028 0.615350322 -0.264837619 0.0401559893 0 0 0
NT 6029 -0.112380461 -0.476125094 0.0309831111 0 0 0
NT 6035 -0.222884025 -0.301208263 0.0410230251 0 0 0
NT 6052 0.168667084 -0.538232016 0.0298389578 0 0 0
NT 6056 0.234474441 0.0324750989 0.0459109017 0 0 0
NT 6060 -0.306026815 -0.165106615 0.0377067222 0 0 0
NT 6061 -0.39799025 0.159653055 0.0396091115 0 0 0
NT 6064 0.39851953 -0.4614449 0.0341882662 0 0 0
NT 6075 -0.0901021386 -0.429699067 0.0295518182 0 0 0
NT 6076 -0.325903883 -0.261508408 0.0281872507 0 0 0
NT 6083 -0.553162131 0.515757569 0.0251795537 0 0 0
NT 6089 0.886194499 0.0613884486 0.0481329745 0 0 0
NT 6091 0.457914321 0.433497225 0.0386654377 0 0 0
NT 6094 0.490231954 -0.177679031 0.0432366907 0 0 0
NT 6100 0.259118641 -0.446478489 0.0361737976 0 0 0
NT 6102 0.0715248047 0.273404977 0.0352519301 0 0 0
NT 6105 0.436003305 0.230261753 0.0291501993 0 0 0
NT 6108 -0.225327376 0.37207168 0.0289391807 0 0 0
NT 6119 -0.220376786 0.309887748 0.0394809424 0 0 0
NT 6134 -0.170250642 0.0422238128 0.0459030951 0 0 0
NT 6137 -0.901082251 -0.118231046 -0.0460646197 0 0 0
NT 6149 -0.157667302 0.290011013 0.0428239722 0 0 0
NT 6152 0.166339592 -0.144024169 0.0296497742 0 0 0
NT 6156 0.0660066926 -0.593899898 0.0349165669 0 0 0
NT 6161 -0.016317728 0.244074825 0.0288241335 0 0 0
NT 6164 -0.126106732 0.548046388 0.0269971112 0 0 0
NT 6173 -0.472061627 0.721687638 0.047319068 0 0 0
NT 6175 -0.216955923 -0.30849408 0.0342557305 0 0 0
NT 6185 -0.322670498 -0.0618280577 0.0272269801 0 0 0
NT 6190 -0.0926695048 0.353278931 0.0353151457 0 0 0
NT 6201 -0.191726437 0.0785776815 0.0327110197 0 0 0
NT 6206 -0.261365247 -0.3654651 0.0333582571 0 0 0
NT 6217 -0.103098973 0.1580301 0.036622339 0 0 0
NT 6220 -0.863540079 0.34061685 0.165731988 0 0 0
NT 6226 -0.227950957 -0.0794615249 0.0293715068 0 0 0
NT 6231 0.517207609 -0.245179896 0.0351243512 0 0 0
NT 6235 -0.396395417 -0.131917451 0.0435600895 0 0 0
NT 6241 0.817051942 -0.565971783 -0.0059736308 0 0 0
NT 6249 0.106604423 -0.474660045 0.0396966052 0 0 0
NT 6250 0.410398489 0.0345226953 0.0254142464 0 0 0
NT 6253 -0.278624353 0.0670006673 0.0392054764 0 0 0
NT 6260 -0.532812935 -0.366771059 0.0253976974 0 0 0
NT 6267 0.948810373 -0.222894597 -0.726779844 0 0 0
NT 6285 0.0285559346 0.0520539181 0.0386653847 0 0 0
NT 6289 0.16656089 0.0926299576 0.0429332796 0 0 0
NT 6306 0.176299554 -0.0217519986 0.0264529967 0 0 0
NT 6316 0.189322373 -0.0363406018 0.03271856 0 0 0
NT 6319 0.333332992 0.392582374 0.0419231457 0 0 0
NT 6333 -0.0843411516 -0.723978439 0.0299978526 0 0 0
NT 6338 0.152341636 0.589202415 0.0318546019 0 0 0
NT 6348 0.177728608 -0.0580933081 0.0444586921 0 0 0
NT 6369 0.0511158764 -0.507019849 0.0365636756 0 0 0
NT 6370 0.226917162 -0.274775067 0.0423317254 0 0 0
NT 6385 -0.937051063 0.182345901 0.158017628 0 0 0
NT 6391 0.172244236 -0.0937472154 0.0277970381 0 0 0
NT 6397 0.747787257 0.0800837503 0.0374726414 0 0 0
NT 6414 0.248655959 -0.0313063446 0.0271732568 0 0 0
NT 6417 0.0252047324 0.22941849 0.0414264395 0 0 0
NT 6418 -0.334014001 0.0913647178 0.041653274 0 0 0
NT 6427 -0.557561606 -0.388515491 0.0456180256 0 0 0
NT 6445 -0.486762448 0.581007555 0.045552822 0 0 0
NT 6450 -0.121257381 -0.266825902 0.0437450131 0 0 0
NT 6463 0.131251175 0.423472463 0.0413174905 0 0 0
NT 6468 -0.114794366 -0.664923327 0.044989784 0 0 0
NT 6482 -0.193242359 0.48705591 0.0251670203 0 0 0
NT 6491 -0.171744787 -0.447928114 0.0418236154 0 0 0
NT 6494 0.324019031 -0.755053919 0.0381444163 0 0 0
NT 6509 0.186997008 0.625128832 0.033896683 0 0 0
NT 6511 0.27728608 0.275263023 0.0267792347 0 0 0
NT 6512 -0.0654349449 0.0169827376 0.0420063965 0 0 0
NT 6514 0.605738875 -0.523559617 0.0405842598 0 0 0
NT 6522 0.267814878 -0.0257587362 0.0413299256 0 0 0
NT 6528 -0.565816712 -0.159441032 0.029088826 0 0 0
NT 6533 0.793254261 0.468928571 0.140004399 0 0 0
NT 6536 -0.221727751 0.0727386943 0.0408006535 0 0 0
NT 6537 0.679080365 0.0674511685 0.0287931327 0 0 0
NT 6539 -0.0460942504 0.204173228 0.0263324253 0 0 0
NT 6543 0.263459282 -0.34262317 0.026289602 0 0 0
NT 6546 -0.0072202368 0.0512648092 0.0288347603 0 0 0
NT 6552 -0.0423504161 0.350941157 0.0345164222 0 0 0
NT 6553 -0.445176968 -0.642839415 0.0322254218 0 0 0
NT 6557 0.107391862 0.0110512213 0.0414595324 0 0 0
NT 6580 0.314294049 0.355176198 0.042071683 0 0 0
NT 6583 -0.0784834604 0.520354175 0.035868771 0 0 0
NT 6584 0.268670395 0.937732784 0.0129930173 0 0 0
NT 6597 -0.0181834623 0.341750864 0.0378353298 0 0 0
NT 6600 0.134618393 0.508489014 0.0265830845 0 0 0
NT 6603 -0.691379262 0.368269754 0.0294098032 0 0 0
NT 6614 -0.149215233 -0.0320631483 0.0305878506 0 0 0
NT 6624 0.54181667 -0.827113952 0.111223056 0 0 0
NT 6632 -0.548165891 -0.0603221759 0.0275102396 0 0 0
NT 6643 0.150657215 -0.862832561 -0.0183685401 0 0 0
NT 6644 0.57437837 -0.56861499 0.0389846855 0 0 0
NT 6650 -0.266969836 0.437152435 0.0332489967 0 0 0
NT 6658 -0.814225165 0.489749312 0.0500097505 0 0 0
NT 6660 0.428745417 -0.150122182 0.0334983364 0 0 0
NT 6670 0.15450421 0.0897042743 0.0269204063 0 0 0
NT 6694 0.35512612 -0.0429749443 0.0381794269 0 0 0
NT 6699 -0.182344873 0.032145643 0.0429538731 0 0 0
NT 6710 0.711325655 -0.158653702 0.0445719931 0 0 0
NT 6714 0.23530847 0.293755671 0.0345200571 0 0 0
NT 6747 -0.401228465 0.157080638 0.0384924548 0 0 0
NT 6751 0.0473177051 0.271018855 0.0357800089 0 0 0
NT 6759 -0.61017047 0.193795912 0.0316483856 0 0 0
NT 6762 0.0823305106 0.129766668 0.0331797221 0 0 0
NT 6788 0.279039756 -0.229098916 0.0430836106 0 0 0
NT 6789 -0.199076631 -0.232231869 0.035833255 0 0 0
NT 6801 0.288053949 0.561024243 0.0344297062 0 0 0
NT 6802 0.217784935 0.697986456 0.0354641329 0 0 0
NT 6809 0.335338978 -0.925170269 0.0848730533 0 0 0
NT 6812 -0.507640402 0.441965982 0.0280306502 0 0 0
NT 6820 -0.19434145 0.182058355 0.0458418773 0 0 0
NT 6824 0.864421236 0.118179156 0.0109084441 0 0 0
NT 6826 -0.705164423 0.0389744998 0.0324310014 0 0 0
NT 6827 0.66963628 0.631552722 0.0961522035 0 0 0
NT 6832 -0.674853347 -0.196138034 0.0272513551 0 0 0
NT 6838 0.357031407 0.0380002495 0.0364366757 0 0 0
NT 6840 0.559761045 -0.59179833 -1.10406217 0 0 0
NT 6843 -0.354827841 -0.23445804 0.0265703354 0 0 0
NT 6853 0.042741738 0.479114698 0.0396264091 0 0 0
NT 6875 -0.649475416 0.574734639 0.0168535369 0 0 0
NT 6878 0.444301292 0.357342725 0.0454240176 0 0 0
NT 6882 0.121374521 -0.498649498 0.0285188208 0 0 0
NT 6885 0.317480119 0.388529774 0.0428263039 0 0 0
NT 6903 0.216999098 0.608272899 0.0268663295 0 0 0
NT 6905 0.0654784428 0.528442086 0.0307523279 0 0 0
NT 6911 -0.236372476 -0.0923619423 0.0415511746 0 0 0
NT 6918 0.0115314132 -0.491300157 0.0284307954 0 0 0
NT 6923 -0.436374556 0.477743723 0.0465862925 0 0 0
NT 6929 0.198713169 0.0779199918 0.0346029415 0 0 0
NT 6931 -0.402001461 0.262901037 0.0413165124 0 0 0
NT 6933 -0.0605015463 -0.378187151 0.0329488943 0 0 0
NT 6956 -0.203110803 -0.211594596 0.0259717152 0 0 0
NT 6959 -0.294600088 0.121180495 0.0314591872 0 0 0
NT 6964 -0.00138917723 -0.447885952 0.040547012 0 0 0
NT 6965 -0.274570732 0.319436716 0.0439159614 0 0 0
NT 6967 0.235931532 -0.335385708 0.0444433179 0 0 0
NT 6970 0.948040503 0.111304909 0.0136639618 0 0 0
NT 6978 -0.624765632 -0.277933585 0.0292207801 0 0 0
NT 6981 -0.152774866 -0.0174500142 0.0414073417 0 0 0
NT 6993 0.0283324314 0.511941962 0.0372209001 0 0 0
NT 6998 0.00185522665 -0.0473182493 0.0399362695 0 0 0
NT 6999 0.056061441 -0.127284756 0.0380926894 0 0 0
NT 7001 -0.397986038 -0.0699307313 0.0427662671 0 0 0
NT 7013 -0.604176736 -0.0735838287 0.04199132 0 0 0
NT 7027 0.00879074062 0.151257876 0.0455633226 0 0 0
NT 7032 -0.51298147 0.182753613 0.0382857056 0 0 0
NT 7037 0.0494250932 -0.11657132 0.0261078985 0 0 0
NT 7050 -0.071366488 -0.00215292047 0.0306488708 0 0 0
NT 7052 0.0581637774 0.721261228 0.0424569917 0 0 0
NT 7057 -0.119530139 0.728720692 0.0308593706 0 0 0
NT 7058 0.391392759 -0.474274543 0.0262323997 0 0 0
NT 7059 0.120918959 -0.952537497 0.16121114 0 0 0
NT 7063 0.487677819 0.08475736 0.045579542 0 0 0
NT 7065 -0.174091207 0.386973241 0.0257259016 0 0 0
NT 7066 0.460889695 -0.472587356 0.0262635164 0 0 0
NT 7076 0.351792946 0.260349087 0.0301974742 0 0 0
NT 7082 -0.043804708 -0.311624944 0.0338493005 0 0 0
NT 7085 -0.112051794 -0.152044349 0.03989411 0 0 0
NT 7096 -0.587317756 -0.468866635 0.0439010506 0 0 0
NT 7112 0.30540674 -0.331564421 0.0398502991 0 0 0
NT 7119 -0.528562674 0.169429785 0.045301378 0 0 0
NT 7121 -0.131744336 0.270054763 0.0280312956 0 0 0
NT 7125 -0.621749898 0.602423892 0.0173445211 0 0 0
NT 7126 0.410457078 0.025105519 0.0302532494 0 0 0
NT 7130 -0.569788713 0.246987359 0.0284681408 0 0 0
NT 7146 -0.664051492 0.22207175 0.0410520866 0 0 0
NT 7150 0.321984505 0.373221043 0.040431082 0 0 0
NT 7152 0.359531247 -0.129286363 0.0348516057 0 0 0
NT 7154 0.478801474 0.151580599 0.0450977751 0 0 0
NT 7155 -0.290302993 0.860265137 0.00919269328 0 0 0
NT 7161 -0.534310083 0.438047907 0.0398781947 0 0 0
NT 7167 -0.0216542816 -0.000131875949 0.0404201887 0 0 0
NT 7169 0.0952443375 -0.482591661 0.0328891377 0 0 0
NT 7170 0.395617984 0.0505008561 0.0385291448 0 0 0
NT 7178 -0.0292851214 0.554025887 0.0427634804 0 0 0
NT 7181 -1.08250643 0.507143079 0.956985473 0 0 0
NT 7183 0.35881966 -0.477619855 0.0459847841 0 0 0
NT 7186 0.185174126 0.320924336 0.0338799855 0 0 0
NT 7206 -0.343706975 0.727088669 0.0264966314 0 0 0
NT 7208 -0.174992789 0.864338507 -0.0506439532 0 0 0
NT 7213 0.193924204 0.892910239 0.0579088196 0 0 0
NT 7214 -0.292593428 0.880515539 0.00313929971 0 0 0
NT 7233 0.309220277 -0.0188673101 0.0444936798 0 0 0
NT 7234 -0.303519776 0.920261579 0.0166142679 0 0 0
NT 7242 -0.588848975 -0.035768259 0.0385945231 0 0 0
NT 7244 -0.280381367 0.257946135 0.0326304831 0 0 0
NT 7246 -0.272326097 -0.201329661 0.0317995079 0 0 0
NT 7250 -0.094160904 0.264791848 0.0355195786 0 0 0
NT 7253 0.434662743 -0.269022834 0.0307916201 0 0 0
NT 7254 -0.0327132832 0.0971876073 0.0280759198 0 0 0
NT 7262 -0.419201856 0.454108072 0.032885187 0 0 0
NT 7278 0.209711163 0.269536862 0.0360153264 0 0 0
NT 7281 0.049139728 0.369018627 0.0419798435 0 0 0
NT 7283 -0.539160652 0.31365263 0.0389624447 0 0 0
NT 7294 0.36241329 0.230762299 0.0302764455 0 0 0
NT 7301 -0.0329810053 -0.0536794051 0.0449375746 0 0 0
NT 7316 0.195654711 -0.0203475055 0.0302756926 0 0 0
NT 7321 -0.129292656 -0.122568554 0.0441055022 0 0 0
NT 7329 -0.0278131582 0.152696272 0.0307680624 0 0 0
NT 7338 0.336175677 -0.0751135852 0.0287351954 0 0 0
NT 7345 0.470155685 0.482341575 0.0407772321 0 0 0
NT 7350 0.0315417036 -0.268962871 0.0362559194 0 0 0
NT 7381 -0.297281501 -0.632247065 0.0412731935 0 0 0
NT 7394 -0.00820469805 -0.495619259 0.042274333 0 0 0
NT 7401 -0.388469685 0.525819593 0.0385029878 0 0 0
NT 7403 -0.0423837579 0.0233909659 0.0429495032 0 0 0
NT 7413 0.721434088 -0.534746348 -0.117206097 0 0 0
NT 7422 -0.638966754 0.212854525 0.0360438616 0 0 0
NT 7426 0.356467699 0.0373422223 0.0357366704 0 0 0
NT 7432 -0.552376339 -0.497336508 0.0364683698 0 0 0
NT 7435 -0.123876067 0.744033058 0.0299430429 0 0 0
NT 7437 -0.443199822 0.315675647 0.028126098 0 0 0
NT 7462 0.360568704 0.156917832 0.0419860021 0 0 0
NT 7475 0.0879429154 -0.167173343 0.0404951644 0 0 0
NT 7489 0.367470988 -0.312745359 0.0324369113 0 0 0
NT 7491 -0.275998408 0.366028029 0.0439164206 0 0 0
NT 7497 -0.552341306 0.340808151 0.0448473049 0 0 0
NT 7508 -0.27610222 -0.344486557 0.0338089556 0 0 0
NT 7511 -0.217416658 0.404796696 0.0387260562 0 0 0
NT 7519 0.486800364 0.0561287605 0.0448011882 0 0 0
NT 7531 -0.436625896 0.162639507 0.0389270192 0 0 0
NT 7541 0.0595201993 -0.235229044 0.0357394654 0 0 0
NT 7543 -0.237173407 -0.0661240163 0.0441474069 0 0 0
NT 7556 -0.462549999 0.77144794 -0.00209868627 0 0 0
NT 7572 -0.0109665458 -0.312765003 0.0307274413 0 0 0
NT 7573 0.321307994 -0.34248312 0.0449477602 0 0 0
NT 7577 0.269242146 -0.0898686279 0.0458043737 0 0 0
NT 7579 -0.141126184 0.147284921 0.0296220419 0 0 0
NT 7589 -0.00627046882 -0.401457918 0.0426164791 0 0 0
NT 7669 0.0538253819 0.188048358 0.0335072611 0 0 0
NT 7670 -0.435132831 -0.090919842 0.0308720053 0 0 0
NT 7671 0.113801009 -0.11984647 0.0339312068 0 0 0
NT 7674 0.177804323 0.450218762 0.0376058537 0 0 0
NT 7675 0.517745524 0.0507878625 0.0438095268 0 0 0
NT 7686 0.172137298 0.540776668 0.0380953069 0 0 0
NT 7695 -0.397282938 0.0272075743 0.0262441358 0 0 0
NT 7698 -0.563380767 0.383117378 0.0443135891 0 0 0
NT 7708 -0.255925043 -0.125374984 0.0369201537 0 0 0
NT 7716 0.125665623 0.0935679023 0.0370937916 0 0 0
NT 7727 0.278415791 -0.847929367 0.202955543 0 0 0
NT 7728 0.194276488 -0.414541401 0.0340983859 0 0 0
NT 7732 -0.312799099 0.0502223224 0.0295555419 0 0 0
NT 7741 0.481634192 0.155405867 0.0385594138 0 0 0
NT 7745 0.00876397153 -0.435860711 0.0386311222 0 0 0
NT 7748 -0.209259081 0.215580957 0.0378021196 0 0 0
NT 7751 -0.315833975 -0.205604781 0.0302605702 0 0 0
NT 7755 0.349441817 -0.136400469 0.0442484899 0 0 0
NT 7756 0.635602406 0.162636329 0.0412676225 0 0 0
NT 7757 -0.10289592 -0.0998043435 0.0367475093 0 0 0
NT 7758 -0.407157425 -0.590614954 0.0402903077 0 0 0
NT 7771 -0.569401997 0.224122976 0.0461641446 0 0 0
NT 7776 0.0341041302 0.349086175 0.0361475988 0 0 0
NT 7782 0.192631197 0.0768548598 0.033768466 0 0 0
NT 7793 -0.0466860182 -0.19489768 0.0371355968 0 0 0
NT 7802 -0.147809354 0.478765255 0.02529144 0 0 0
NT 7806 0.218214696 -0.0138523921 0.0432598744 0 0 0
NT 7808 -0.407715016 -0.309773036 0.0455881228 0 0 0
NT 7812 -0.692663752 0.173535632 0.036260965 0 0 0
NT 7813 0.730173738 0.238781555 0.0426847937 0 0 0
NT 7815 -0.425085821 -0.79525246 0.0340264502 0 0 0
NT 7817 -0.344509572 0.929386981 0.0754887246 0 0 0
NT 7822 -0.230668251 0.120288201 0.034349638 0 0 0
NT 7827 0.622464184 -0.0725098864 0.0434468048 0 0 0
NT 7831 0.874017076 -0.399847889 0.0919050319 0 0 0
NT 7832 -0.0071992698 -0.15093251 0.0349002609 0 0 0
NT 7836 -0.245330166 0.714037818 0.0401691246 0 0 0
NT 7841 -0.0353342522 0.594245054 0.0331206811 0 0 0
NT 7849 -0.0351841644 -0.598491258 0.0415260039 0 0 0
NT 7852 -0.172071202 0.327256626 0.0435403925 0 0 0
NT 7855 0.284276563 -0.0743565026 0.0311815801 0 0 0
NT 7884 0.560737562 0.634476758 0.565516728 0 0 0
NT 7885 -0.482181836 -0.132614855 0.0263277174 0 0 0
NT 7909 -0.749927444 0.265988262 0.0441988061 0 0 0
NT 7914 -0.719483311 -0.385170248 0.0450393945 0 0 0
NT 7920 0.838780299 0.51993063 0.19922806 0 0 0
NT 7925 0.0660008979 -0.0488986079 0.0310464778 0 0 0
NT 7928 0.377353512 -0.351015784 0.0336130094 0 0 0
NT 7951 -0.195378005 0.210562603 0.0328366074 0 0 0
NT 7962 0.229757815 -0.358527528 0.0284606817 0 0 0
NT 7964 0.160627673 -0.317388305 0.0427346675 0 0 0
NT 7968 -0.528415414 -0.67252796 -0.0138940868 0 0 0
NT 7983 0.116514518 0.177808492 0.0280276438 0 0 0
NT 7984 -0.252070439 -0.334676125 0.026093701 0 0 0
NT 7992 -0.105383651 0.584608176 0.042201025 0 0 0
NT 7993 -0.327014322 0.521283457 0.0457644866 0 0 0
NT 7994 0.123125172 0.388179519 0.0420319114 0 0 0
NT 8009 -0.396200423 -0.262178287 0.0368084203 0 0 0
NT 8011 -0.380017535 -0.410230512 0.0334666351 0 0 0
NT 8020 -0.411903213 -0.0602739502 0.0436535563 0 0 0
NT 8024 0.695553699 0.167454856 0.0444439802 0 0 0
NT 8039 0.108762774 0.711018194 0.0403564558 0 0 0
NT 8048 -0.131048273 -0.115705008 0.0417033618 0 0 0
NT 8050 -0.423615633 -0.434383697 0.0446500666 0 0 0
NT 8054 -0.388505447 -0.125781415 0.0327179813 0 0 0
NT 8066 -0.234780533 -0.30552197 0.0293035989 0 0 0
NT 8077 -0.418936903 -0.0175527945 0.044795293 0 0 0
NT 8093 -0.201383075 -0.217749634 0.0336210374 0 0 0
NT 8094 0.00860721998 -0.303020448 0.0395013204 0 0 0
NT 8097 -0.297849222 -0.266370041 0.0379457642 0 0 0
NT 8102 0.0176197753 -0.481200197 0.0397595023 0 0 0
NT 8115 -0.156938465 0.733716302 0.0451269815 0 0 0
NT 8118 0.277759155 -0.447758953 0.0357385299 0 0 0
NT 8121 0.0852439152 0.59104466 0.0283453545 0 0 0
NT 8122 -0.00612894985 -0.795508036 0.0270399665 0 0 0
NT 8127 -0.11915795 0.297206924 0.0435899035 0 0 0
NT 8136 -0.0104230328 0.147140072 0.0462076782 0 0 0
NT 8140 0.294913067 0.498640877 0.0318892597 0 0 0
NT 8147 0.00373932864 0.287524156 0.0434815621 0 0 0
NT 8155 0.0173950303 -0.2976355 0.0407859337 0 0 0
NT 8176 -0.827428626 -0.145843195 0.0443976706 0 0 0
NT 8180 0.0183456921 -0.975045076 0.118901583 0 0 0
NT 8189 -0.0494556427 -0.801067281 0.0254063495 0 0 0
NT 8200 0.16216367 -0.378540223 0.0381040771 0 0 0
NT 8212 0.385129902 -0.349825044 0.0263516399 0 0 0
NT 8214 0.0590134243 0.265866684 0.0289583641 0 0 0
NT 8216 0.970005791 -0.19300537 0.725746517 0 0 0
NT 8219 -0.54295208 -0.223175605 0.0389499976 0 0 0
NT 8226 0.41217334 -0.0152477622 0.0304427992 0 0 0
NT 8232 -0.313839949 -0.192370555 0.033890581 0 0 0
NT 8251 0.388214221 -0.426525383 0.0449919597 0 0 0
NT 8254 -0.237078016 -0.101417581 0.0310126984 0 0 0
NT 8256 -0.214292131 0.508472091 0.0278937071 0 0 0
NT 8260 0.144116398 -0.49887204 0.0416401535 0 0 0
NT 8268 -0.167018605 -0.538464879 0.034454068 0 0 0
NT 8271 0.640796078 0.200139583 0.0322480377 0 0 0
NT 8280 0.483263916 0.133847491 0.0282669015 0 0 0
NT 8287 -0.127047875 0.657345781 0.0437658949 0 0 0
NT 8288 -0.0946289654 -0.201882064 0.0301028697 0 0 0
NT 8293 -0.0515869334 0.43770681 0.0259420361 0 0 0
NT 8296 0.154903127 0.371895422 0.030640322 0 0 0
NT 8313 -0.589797445 -0.253466751 0.0461428942 0 0 0
NT 8320 0.898360176 -0.33634895 0.279088502 0 0 0
NT 8326 -0.113889389 0.54513187 0.0355115526 0 0 0
NT 8346 -0.000782940891 -0.0247138264 0.0298174891 0 0 0
NT 8361 0.219006757 -0.0944592504 0.0394073869 0 0 0
NT 8374 0.1976641 -0.308203968 0.0437278009 0 0 0
NT 8375 -0.44989101 -0.643465146 0.0450477488 0 0 0
NT 8378 -0.372679149 -0.0596254198 0.025147149 0 0 0
NT 8383 -0.666134526 0.0413527373 0.0419273304 0 0 0
NT 8407 -0.537737582 -0.215807552 0.0320957849 0 0 0
NT 8408 0.486355287 0.350404883 0.0323515761 0 0 0
NT 8412 0.0340330583 0.620681657 0.0385245574 0 0 0
NT 8418 -0.490244869 0.049928034 0.0420337576 0 0 0
LGIC_O 4402 -0.0345878633 0.265675272 0.025013999 1.15127271e-08 -5.78784352e-08 1
LGIC_O 4401 -0.1840676 0.0972239463 0.0250139942 3.37890593e-08 -4.80634052e-08 1
LGIC_O 4400 -0.175025146 0.0137516014 0.0250139927 5.7878425e-08 4.89846948e-08 1
LGIC_O 8441 0.636913646 -0.12672076 0.0250140188 -4.96100802e-08 3.14742968e-08 1
LGIC_O 8440 0.314831804 -0.521242477 0.0250140191 -3.27854948e-08 4.90669785e-08 1
LGIC_O 8439 0.567487089 -0.204519113 0.0250140184 -5.78784275e-08 1.15127558e-08 1
LGIC_O 8438 -0.495463838 -0.478991786 0.0250140171 1.45571809e-08 5.5602105e-08 1
LGIC_O 8437 -0.0865332912 0.0753896135 0.0250139898 3.37890593e-08 -4.80634052e-08 1
LGIC_O 8436 0.281965125 0.349247805 0.0250140096 -3.27855134e-08 -4.90669575e-08 1
LGIC_O 8435 -0.281577291 0.489075666 0.0250140165 3.27854968e-08 -4.90669676e-08 1
LGIC_O 8434 -0.605092982 -0.110313414 0.0250140129 5.7878436e-08 -4.89847332e-08 1
LGIC_O 8433 0.701586212 -0.0117142491 0.0250140184 -4.96100802e-08 3.14742968e-08 1
LGIC_O 8432 0.426050556 0.664856809 0.0250140182 -2.45891309e-08 -3.68002211e-08 1
LGIC_O 8431 -0.53569519 -0.176489801 0.025014008 4.34088238e-08 8.63459484e-09 1
LGIC_O 8430 -0.206044735 -0.180448528 0.0250139982 6.28883752e-09 7.55636663e-08 1
LGIC_O 8429 0.342033035 -0.34268384 0.0250140113 -3.27854948e-08 4.90669785e-08 1
LGIC_O 8428 0.576112066 -0.314703408 0.0250140178 -3.37890406e-08 4.80634332e-08 1
LGIC_O 8427 0.236726308 -0.318077646 0.0250140066 -3.27854948e-08 4.90669785e-08 1
LGIC_O 8426 -0.0976488914 -0.110862836 0.0250139913 7.55636799e-08 6.2887973e-09 1
LGIC_O 8425 0.534646383 -0.195059479 0.0250140164 -5.78784275e-08 1.15127558e-08 1
LGIC_O 8424 0.219544679 -0.315091025 0.0250140059 -3.27854948e-08 4.90669785e-08 1
LGIC_O 8423 -0.608846757 -0.593779315 0.0250140203 3.68002489e-08 2.45891179e-08 1
LGIC_O 8422 0.564815598 -0.372450199 0.0250140202 -3.37890406e-08 4.80634332e-08 1
LGIC_O 8421 0.550750457 0.0902902064 0.0250140162 -5.78784335e-08 -1.15127284e-08 1
LGIC_O 8420 0.175418091 0.0610257495 0.0250139941 -5.78784335e-08 -1.15127284e-08 1
LGIC_O 8419 0.142777714 0.100831833 0.0250139936 -4.90669739e-08 -3.27854893e-08 1
LGIC_O 4418 0.0575220985 -0.190210297 0.0250139949 -1.15127059e-08 5.78784511e-08 1
LGIC_O 4417 -0.118754336 -0.170834128 0.0250139938 2.81018674e-08 4.20574117e-08 1
LGIC_O 4416 0.593239316 0.0786534269 0.0250140185 -5.78784335e-08 -1.15127284e-08 1
LGIC_O 4415 0.0853954366 -0.420999761 0.0250140086 -1.15127059e-08 5.78784511e-08 1
LGIC_O 4414 -0.374457097 -0.228026162 0.0250140026 3.68002489e-08 2.45891179e-08 1
LGIC_O 4413 0.577482781 -0.285169834 0.0250140164 -3.37890406e-08 4.80634332e-08 1
LGIC_O 4412 -0.484325859 0.306166979 0.0250140144 3.37890593e-08 -4.80634052e-08 1
LGIC_O 4411 0.44777829 -0.0963194904 0.0250140103 -5.78784275e-08 1.15127558e-08 1
LGIC_O 4410 0.28281874 -0.503567977 0.0250140172 -3.27854948e-08 4.90669785e-08 1
LGIC_O 4409 -0.116204576 -0.152585731 0.025013993 7.55636799e-08 6.2887973e-09 1
LGIC_O 4408 -0.333519821 0.289166147 0.0250140084 3.37890593e-08 -4.80634052e-08 1
LGIC_O 4407 -0.148720782 -0.636306108 0.0250140163 9.8680833e-09 4.96100963e-08 1
LGIC_O 4406 0.336173082 -0.328141715 0.0250140105 -4.90669481e-08 3.27855328e-08 1
LGIC_O 4405 -0.249510429 -0.168914007 0.0250139976 6.28883752e-09 7.55636663e-08 1
LGIC_O 4404 0.0811982327 0.141649416 0.0250139929 -3.27855134e-08 -4.90669575e-08 1
LGIC_O 4403 0.0533120499 -0.19689515 0.0250139952 -1.15127059e-08 5.78784511e-08 1
