LGIC_C 0 0.426976717 0.184118591 0.0250140064 -4.20574004e-08 -2.81018564e-08 1
LGIC_C 1 -0.252336725 0.0710923407 0.0250139948 4.34088259e-08 -8.63455061e-09 1
LGIC_C 2 -0.552394539 0.132183947 0.025014012 4.96100897e-08 -9.86805572e-09 1
LGIC_C 3 0.259758358 -0.693401473 0.0250140202 -9.86804037e-09 4.96101e-08 1
LGIC_C 4 -0.469457565 -0.222835254 0.025014003 6.28883752e-09 7.55636663e-08 1
LGIC_C 5 0.0907202103 -0.597390707 0.0250140169 1.00935263e-08 5.7878447e-08 1
LGIC_C 6 -0.314115249 0.504599369 0.0250140162 1.28239438e-08 -5.73353116e-08 1
LGIC_C 7 -0.719764322 0.439274859 0.0119471113 -0.827617296 0.552995934 0.0961514895
LGIC_C 8 -0.144271615 0.305445493 0.0250139981 2.45891128e-08 -3.68002333e-08 1
LGIC_C 9 -0.422245194 -0.286420744 0.0250140075 6.28883752e-09 7.55636663e-08 1
LGIC_C 10 -0.338171203 -0.6171371 0.0250140155 3.95603082e-08 3.05989652e-08 1
LGIC_C 11 0.154663771 0.551043937 0.0250140096 -6.33660387e-09 4.96100877e-08 -1
LGIC_C 12 0.395596544 0.219601982 0.0250140099 -4.90669739e-08 -3.27854893e-08 1
LGIC_C 13 0.72810703 -0.0980562905 0.0250140203 -4.96100859e-08 9.86807898e-09 1
LGIC_C 14 0.678338784 0.252991177 0.0250140153 -4.96100869e-08 6.3366408e-09 1
LGIC_C 15 -0.474253966 -0.337329228 0.0250140076 5.39043203e-09 6.47688584e-08 1
LGIC_C 16 0.636337841 -0.0921507882 0.0250140157 -4.96100859e-08 9.86807898e-09 1
LGIC_C 17 -0.561812219 0.38835571 0.0250140155 -4.82586679e-08 1.31306769e-08 -1
LGIC_C 18 0.336912226 -0.472076835 0.0250140125 -2.81018481e-08 4.20574137e-08 1
LGIC_C 21 -0.0353515646 -0.226012157 0.0250139934 -2.90231482e-08 4.96101036e-08 1
LGIC_C 22 0.216151696 0.600414298 0.0250140152 -9.86806672e-09 -4.96100854e-08 1
LGIC_C 23 -0.525693297 0.448982737 0.0250140137 3.68002297e-08 -2.45891157e-08 1
LGIC_C 24 0.11801774 0.429437516 0.0250140057 -9.86806672e-09 -4.96100854e-08 1
LGIC_C 25 0.350721892 -0.0541905392 0.0250139989 -4.34088226e-08 8.63456802e-09 1
LGIC_C 27 -0.280372642 0.563376621 0.0250140201 3.27854968e-08 -4.90669676e-08 1
LGIC_C 28 0.673746195 0.123791806 0.0250140136 -4.34088272e-08 -8.63453573e-09 1
LGIC_C 30 0.68838338 0.134025334 0.0250140165 -4.96100869e-08 6.3366408e-09 1
LGIC_C 31 -0.435383071 -0.436311689 0.0250140138 3.95603082e-08 3.05989652e-08 1
LGIC_C 32 0.0528989951 0.109231537 0.0250139892 1.3130701e-08 4.82586573e-08 -1
LGIC_C 33 -0.0183505074 0.633034414 0.0250140109 8.63455111e-09 -4.34088279e-08 1
LGIC_C 35 -0.171477917 -0.474986572 0.0250140018 -2.90231482e-08 4.96101036e-08 1
LGIC_C 36 0.455592006 -0.596499466 0.0250140164 -2.45891087e-08 3.68002429e-08 1
LGIC_C 37 0.100793306 0.794283569 0.0250140186 -8.63455884e-09 -4.34088253e-08 1
LGIC_C 38 0.770653432 -0.338417512 0.0250140202 -3.05989503e-08 3.95603122e-08 1
LGIC_C 39 0.698544344 0.256212119 0.0250140158 -4.34088272e-08 -8.63453573e-09 1
LGIC_C 40 -0.670727 0.00012014041 0.0250140124 4.34088279e-08 -2.48392273e-08 1
LGIC_C 41 -0.548243929 0.618133721 0.0250140195 2.45891128e-08 -3.68002333e-08 1
LGIC_C 42 -0.285108554 -0.694557002 0.0250140159 8.63456455e-09 4.34088336e-08 1
LGIC_C 43 -0.60149091 -0.463258776 0.0250140133 1.15916899e-08 4.97976879e-08 1
LGIC_C 44 0.286782857 0.497182836 0.025014011 1.3130701e-08 4.82586573e-08 -1
LGIC_C 45 -0.0025894759 -0.180436026 0.0250139911 2.48392553e-08 4.34088306e-08 1
LGIC_C 46 -0.214034591 -0.20975273 0.025013998 5.39043203e-09 6.47688584e-08 1
LGIC_C 47 0.53100683 -0.162515926 0.0250140158 -5.78784275e-08 1.15127558e-08 1
LGIC_C 48 -0.115093358 -0.403373002 0.0250140017 8.63456455e-09 4.34088336e-08 1
LGIC_C 51 -0.594364655 -0.0133211488 0.0250140092 4.34088238e-08 8.63459484e-09 1
LGIC_C 52 0.655994839 -0.188942031 0.0250140164 -4.34088182e-08 2.48392526e-08 1
LGIC_C 53 0.378012269 -0.101672511 0.0250140022 -4.34088182e-08 2.48392526e-08 1
LGIC_C 54 -0.0297721251 -0.21322222 0.0250139941 -4.89847109e-08 5.78784581e-08 1
LGIC_C 55 0.430261195 0.523365525 0.0250140142 1.3130701e-08 4.82586573e-08 -1
LGIC_C 56 -0.1489505 -0.245740907 0.0250139951 -5.56021111e-08 -1.45571543e-08 -1
LGIC_C 57 -0.0958345208 0.412510552 0.0250140068 -3.14742797e-08 4.96100914e-08 -1
LGIC_C 58 0.491479197 -0.112793393 0.0250140074 -4.34088182e-08 2.48392526e-08 1
LGIC_C 59 -0.357548479 -0.184030253 0.0250139987 1.45571809e-08 5.5602105e-08 1
LGIC_C 60 0.125123739 0.52613178 0.0250140133 -3.14742949e-08 -4.96100822e-08 1
LGIC_C 61 -0.421138098 0.312611743 0.0250140098 4.20574045e-08 -2.81018523e-08 1
LGIC_C 62 -0.0521160006 0.381350196 0.0250140038 -3.14742797e-08 4.96100914e-08 -1
LGIC_C 63 0.265909166 -0.0189747296 0.0250139966 -4.96100859e-08 9.86807898e-09 1
LGIC_C 64 -0.246118054 0.0251471854 0.0250139963 5.7878425e-08 4.89846948e-08 1
LGIC_C 65 0.00597961837 0.345394069 0.0250140004 -6.33660387e-09 4.96100877e-08 -1
LGIC_C 66 -0.224763753 -0.338195923 0.0250140012 2.45891453e-08 3.68002268e-08 1
LGIC_C 67 -0.449972967 0.419193954 0.0250140178 6.28881943e-09 -7.55636452e-08 1
LGIC_C 68 -0.700538134 -0.131624103 0.0250140101 -4.34088282e-08 2.70157287e-08 -1
LGIC_C 69 -0.650213399 -0.294139961 0.0250140144 3.68002489e-08 2.45891179e-08 1
LGIC_C 70 -0.0572313636 0.371696835 0.0250139999 8.63455111e-09 -4.34088279e-08 1
LGIC_C 72 0.129131849 0.410447412 0.0250140022 -8.63455884e-09 -4.34088253e-08 1
LGIC_C 73 -0.00879720689 0.0157366362 0.0250139841 1.31306824e-08 -4.82586643e-08 1
LGIC_C 74 0.538824749 0.491835016 0.0250140157 -4.82586616e-08 -1.31306776e-08 1
LGIC_C 75 0.518691717 -0.596154166 0.0250140179 -2.45891087e-08 3.68002429e-08 1
LGIC_C 76 -0.7157962 0.0531734229 0.0250140172 4.96100851e-08 2.90231542e-08 1
LGIC_C 77 0.332665009 -0.266439623 0.0250140039 -3.05989503e-08 3.95603122e-08 1
LGIC_C 79 -0.626067908 -0.280584611 0.0250140045 1.15916899e-08 4.97976879e-08 1
LGIC_C 80 0.732187675 0.0217324205 0.0250140152 -4.34088272e-08 -8.63453573e-09 1
LGIC_C 81 0.0640693431 0.649940186 0.0250140151 -6.33660387e-09 4.96100877e-08 -1
LGIC_C 82 0.431754313 -0.277372657 0.0250140074 -3.05989503e-08 3.95603122e-08 1
LGIC_C 83 -0.362455344 0.222380922 0.0250140037 -4.82586679e-08 1.31306769e-08 -1
LGIC_C 84 0.213008908 0.507189059 0.0250140105 1.3130701e-08 4.82586573e-08 -1
LGIC_C 85 -0.030450984 0.0532987234 0.0250139867 1.28239438e-08 -5.73353116e-08 1
LGIC_C 87 -0.338263278 -0.221081317 0.0250140005 1.45571809e-08 5.5602105e-08 1
LGIC_C 88 -0.513472088 -0.460370329 0.0250140121 1.15916899e-08 4.97976879e-08 1
LGIC_C 89 0.233313699 -0.489949495 0.0250140099 -1.31306721e-08 4.82586744e-08 1
LGIC_C 90 -0.367989053 -0.364174393 0.0250140088 1.45571809e-08 5.5602105e-08 1
LGIC_C 91 0.172639098 0.82717817 -0.0112871272 0.194186548 0.976240951 0.0961519121
LGIC_C 92 0.192878007 -0.749774845 0.0250140192 6.33663526e-09 4.9610097e-08 1
LGIC_C 93 -0.0211833179 0.561717225 0.025014011 -6.33661298e-09 -4.96100859e-08 1
LGIC_C 94 0.170821101 -0.0169345905 0.0250139922 -4.96100802e-08 3.14742968e-08 1
LGIC_C 95 -0.325116173 -0.44504295 0.0250140078 -5.56021111e-08 -1.45571543e-08 -1
LGIC_C 96 0.265920478 -0.0916728573 0.0250139973 -4.96100859e-08 9.86807898e-09 1
LGIC_C 97 -0.418925995 0.0658312176 0.0250140021 4.96100851e-08 2.90231542e-08 1
LGIC_C 98 -0.310479841 -0.619633078 0.0250140145 3.95603082e-08 3.05989652e-08 1
LGIC_C 99 0.218419469 -0.0490268908 0.0250139956 -4.96100802e-08 3.14742968e-08 1
LGIC_C 100 -0.399045747 -0.453169093 0.0250140097 2.45891453e-08 3.68002268e-08 1
LGIC_C 101 -0.35081626 0.0362247908 0.025014001 4.96100897e-08 -9.86805572e-09 1
LGIC_C 102 -0.409754612 0.437026136 0.0250140136 1.28239438e-08 -5.73353116e-08 1
LGIC_C 103 -0.434356763 -0.0201783073 0.0250140016 -4.34088282e-08 2.70157287e-08 -1
LGIC_C 104 0.591415712 -0.20719621 0.0250140146 -4.96100859e-08 9.86807898e-09 1
LGIC_C 105 -0.288956845 0.127637724 0.025013997 3.68002297e-08 -2.45891157e-08 1
LGIC_C 106 -0.265304234 0.751143869 0.0250140182 8.63455111e-09 -4.34088279e-08 1
LGIC_C 107 -0.653887297 -0.25905881 0.0250140139 4.34088238e-08 8.63459484e-09 1
LGIC_C 108 -0.0442191626 -0.481711494 0.0250140053 2.48392553e-08 4.34088306e-08 1
LGIC_C 110 -0.281471797 -0.716465674 0.0250140168 8.63456455e-09 4.34088336e-08 1
LGIC_C 111 -0.503980639 -0.100724339 0.0250140054 -4.96100919e-08 2.90231703e-08 -1
LGIC_C 112 0.680556283 -0.0997320857 0.0250140201 -4.96100802e-08 3.14742968e-08 1
LGIC_C 113 -0.0584084569 -0.705196383 0.0250140153 2.48392553e-08 4.34088306e-08 1
LGIC_C 114 -0.347941296 0.406339645 0.025014011 1.28239438e-08 -5.73353116e-08 1
LGIC_C 115 0.46022885 -0.395535789 0.025014013 -3.05989503e-08 3.95603122e-08 1
LGIC_C 116 0.109914742 -0.472957202 0.0250140095 1.00935263e-08 5.7878447e-08 1
LGIC_C 117 -0.199454973 -0.0825545951 0.0250139897 -4.34088282e-08 2.70157287e-08 -1
LGIC_C 118 -0.319390673 -0.349572536 0.0250140061 -5.56021111e-08 -1.45571543e-08 -1
LGIC_C 119 0.0998454909 0.471714354 0.0250140076 -9.86806672e-09 -4.96100854e-08 1
LGIC_C 120 0.0171029714 0.506328928 0.0250140083 -6.33660387e-09 4.96100877e-08 -1
LGIC_C 121 -0.48817598 -0.471292164 0.0250140124 1.15916899e-08 4.97976879e-08 1
LGIC_C 122 0.62279206 -0.393342658 0.0250140158 -3.68002179e-08 2.45891393e-08 1
LGIC_C 124 0.57140646 -0.469596454 0.0250140158 -3.68002179e-08 2.45891393e-08 1
LGIC_C 125 0.132956361 -0.174260107 0.0250139934 -1.31306721e-08 4.82586744e-08 1
LGIC_C 126 0.611537794 -0.400579417 0.0250140178 -3.05989503e-08 3.95603122e-08 1
LGIC_C 127 0.205190349 -0.265708122 0.0250139987 -1.31306721e-08 4.82586744e-08 1
LGIC_C 128 0.236375945 -0.296226188 0.0250139999 -2.45891087e-08 3.68002429e-08 1
LGIC_C 129 0.441390245 -0.0744639184 0.025014003 -4.34088226e-08 8.63456802e-09 1
LGIC_C 130 -0.536208915 0.202721187 0.0250140083 4.34088259e-08 -8.63455061e-09 1
LGIC_C 131 0.411896704 0.188552441 0.0250140056 -4.82586616e-08 -1.31306776e-08 1
LGIC_C 132 -0.156422242 0.0575709706 0.0250139895 5.7878425e-08 4.89846948e-08 1
LGIC_C 133 -0.590052971 -0.0478556818 0.0250140093 4.34088238e-08 8.63459484e-09 1
LGIC_C 134 0.227070247 -0.634718603 0.0250140127 -8.63454093e-09 4.34088369e-08 1
LGIC_C 135 -0.23845523 -0.246311891 0.0250140003 2.81018674e-08 4.20574117e-08 1
LGIC_C 136 0.412577487 -0.34512542 0.0250140069 -3.68002179e-08 2.45891393e-08 1
LGIC_C 137 0.358202883 -0.395340808 0.025014007 -1.31306721e-08 4.82586744e-08 1
LGIC_C 138 -0.675122062 -0.253171744 0.0250140061 4.96100935e-08 -4.19869172e-08 1
LGIC_C 139 0.157082273 -0.00672153933 0.0250139912 -4.96100802e-08 3.14742968e-08 1
LGIC_C 140 0.530227288 0.565532476 0.0250140171 -2.45891309e-08 -3.68002211e-08 1
LGIC_C 141 0.449578687 0.105170293 0.0250140037 -4.34088272e-08 -8.63453573e-09 1
LGIC_C 142 -0.429614001 -0.568353734 0.0250140176 3.95603082e-08 3.05989652e-08 1
LGIC_C 144 -0.467679814 -0.48828999 0.0250140164 -5.56021111e-08 -1.45571543e-08 -1
LGIC_C 145 0.21483149 -0.000147646681 0.0250139939 -4.96100869e-08 6.3366408e-09 1
LGIC_C 146 0.0575954926 0.539606129 0.0250140106 -9.86806672e-09 -4.96100854e-08 1
LGIC_C 147 -0.346292402 -0.338350917 0.0250140041 1.15916899e-08 4.97976879e-08 1
LGIC_C 149 0.516790501 0.459778079 0.0250140136 -3.68002282e-08 -2.45891172e-08 1
LGIC_C 150 0.368294598 0.140850115 0.0250140006 -4.96100869e-08 6.3366408e-09 1
LGIC_C 151 -0.0953266018 -0.706702526 0.0250140147 8.63456455e-09 4.34088336e-08 1
LGIC_C 152 0.284569385 0.525106866 0.0250140123 1.3130701e-08 4.82586573e-08 -1
LGIC_C 153 0.165562327 -0.207363266 0.0250139972 -1.28239349e-08 5.73353226e-08 1
LGIC_C 154 0.138093622 0.435725844 0.0250140062 -9.86806672e-09 -4.96100854e-08 1
LGIC_C 155 -0.499746813 0.142568956 0.0250140062 4.34088259e-08 -8.63455061e-09 1
LGIC_C 156 -0.273403901 0.0437712374 0.0250139955 4.34088259e-08 -8.63455061e-09 1
LGIC_C 157 -0.467692189 0.234093072 0.0250140039 6.28881943e-09 -7.55636452e-08 1
LGIC_C 158 0.328400807 0.165953861 0.0250140023 3.37890593e-08 4.80634111e-08 -1
LGIC_C 159 0.788153259 0.0899858789 0.0250140182 -4.34088272e-08 -8.63453573e-09 1
LGIC_C 160 -0.337445963 -0.107557943 0.025013995 -4.34088282e-08 2.70157287e-08 -1
LGIC_C 161 -0.394985252 0.0226483175 0.0250140031 4.96100897e-08 -9.86805572e-09 1
LGIC_C 162 0.429588637 0.0662443908 0.0250140052 -4.96100911e-08 -9.86803575e-09 1
LGIC_C 163 0.346335213 -0.227251707 0.0250140042 -4.20573976e-08 2.81018683e-08 1
LGIC_C 164 0.290745752 -0.58769952 0.0250140154 -1.31306721e-08 4.82586744e-08 1
LGIC_C 165 -0.36325567 0.0200679565 0.0250140007 4.96100851e-08 2.90231542e-08 1
LGIC_C 166 -0.123532965 -0.699044028 0.0250140167 2.48392553e-08 4.34088306e-08 1
LGIC_C 167 -0.566930718 0.543663391 0.0250140175 3.68002297e-08 -2.45891157e-08 1
LGIC_C 168 -0.486077335 -0.237872561 0.0250140013 5.39043203e-09 6.47688584e-08 1
LGIC_C 169 0.668592164 -0.524663012 -0.029378257 0.827616944 -0.552996408 0.0961517878
LGIC_C 171 -0.22835627 0.34137661 0.0250140058 1.28239438e-08 -5.73353116e-08 1
LGIC_C 172 0.267221994 0.129242763 0.0250139981 -4.20574004e-08 -2.81018564e-08 1
LGIC_C 173 0.669968048 0.311008428 0.0250140155 -3.68002282e-08 -2.45891172e-08 1
LGIC_C 174 -0.0873924245 -0.510361167 0.0250140076 2.48392553e-08 4.34088306e-08 1
LGIC_C 175 0.425385694 -0.331714617 0.0250140135 -3.37890406e-08 4.80634332e-08 1
LGIC_C 177 0.301859613 0.354798237 0.0250140067 -2.81018716e-08 -4.20573923e-08 1
LGIC_C 178 0.123448217 -0.596481326 0.025014012 6.33663526e-09 4.9610097e-08 1
LGIC_C 180 -0.12739173 0.236099469 0.0250139968 2.8101852e-08 -4.20574041e-08 1
LGIC_C 181 -0.665341253 -0.303559404 0.0250140065 5.39043203e-09 6.47688584e-08 1
LGIC_C 183 0.678079482 0.280596153 0.0250140196 -4.82586616e-08 -1.31306776e-08 1
LGIC_C 184 0.688581065 -0.0498050761 0.0250140144 -4.34088182e-08 2.48392526e-08 1
LGIC_C 185 0.378952475 -0.223290109 0.0250140037 -3.05989503e-08 3.95603122e-08 1
LGIC_C 186 -0.619053836 -0.273353754 0.0250140043 5.39043203e-09 6.47688584e-08 1
LGIC_C 188 -0.767278713 0.0629932805 0.0250140171 4.34088259e-08 -8.63455061e-09 1
LGIC_C 189 -0.552159365 0.305295156 0.0250140151 4.20574045e-08 -2.81018523e-08 1
LGIC_C 190 0.352483575 -0.699431912 0.0250140176 -2.45891087e-08 3.68002429e-08 1
LGIC_C 191 -0.467692316 -0.262232786 0.0250140027 5.39043203e-09 6.47688584e-08 1
LGIC_C 192 -0.257579908 0.0960419487 0.0250139953 4.34088259e-08 -8.63455061e-09 1
LGIC_C 193 0.214252239 0.0703816289 0.0250139946 -4.96100911e-08 -9.86803575e-09 1
LGIC_C 194 -0.720764466 0.354044082 0.0250140185 3.68002297e-08 -2.45891157e-08 1
LGIC_C 195 0.377692354 0.398630065 0.0250140106 -2.81018716e-08 -4.20573923e-08 1
LGIC_C 196 0.72036098 0.368208675 0.0250140188 -3.68002282e-08 -2.45891172e-08 1
LGIC_C 197 -0.244304351 -0.550133941 0.0250140095 2.45891453e-08 3.68002268e-08 1
LGIC_C 198 0.503067239 -0.0711518621 0.0250140057 -4.34088226e-08 8.63456802e-09 1
LGIC_C 199 0.666723366 0.223733957 0.0250140149 -4.96100869e-08 6.3366408e-09 1
LGIC_C 200 0.698824563 -0.315341687 0.0250140167 -3.68002179e-08 2.45891393e-08 1
LGIC_C 201 0.228850088 0.119288764 0.0250139962 -4.20574004e-08 -2.81018564e-08 1
LGIC_C 202 -0.0202589476 -0.348423848 0.0250139989 2.48392553e-08 4.34088306e-08 1
LGIC_C 203 -0.167218841 -0.00204422197 0.0250139915 4.96100935e-08 -4.19869172e-08 1
LGIC_C 204 -0.404232835 0.556921626 0.0250140181 2.8101852e-08 -4.20574041e-08 1
LGIC_C 205 -0.0555709137 0.248811774 0.0250139962 9.86805557e-09 -4.96100883e-08 1
LGIC_C 206 0.681856209 -0.353430956 0.025014017 -3.68002179e-08 2.45891393e-08 1
LGIC_C 207 -0.146096037 -0.457698583 0.0250140025 -4.89847109e-08 5.78784581e-08 1
LGIC_C 208 -0.46486885 0.425725208 0.0250140113 -4.82586679e-08 1.31306769e-08 -1
LGIC_C 209 -0.029814859 0.00196801146 0.0250139875 -1.38908237e-07 2.76305608e-08 -1
LGIC_C 210 0.102068247 0.276731974 0.025013998 -9.86806672e-09 -4.96100854e-08 1
LGIC_C 212 -0.385915892 -0.560892326 0.0250140129 -5.56021111e-08 -1.45571543e-08 -1
LGIC_C 213 0.350550973 -0.384092573 0.0250140092 -2.81018481e-08 4.20574137e-08 1
LGIC_C 214 0.463109927 -0.0893006883 0.0250140041 -4.34088226e-08 8.63456802e-09 1
LGIC_C 215 -0.515381241 -0.024526483 0.0250140058 4.34088238e-08 8.63459484e-09 1
LGIC_C 216 0.159831006 -0.211964945 0.0250139956 -1.31306721e-08 4.82586744e-08 1
LGIC_C 217 0.456363392 -0.36342865 0.0250140161 -3.37890406e-08 4.80634332e-08 1
LGIC_C 218 -0.285030839 0.485353391 0.0250140104 1.31306824e-08 -4.82586643e-08 1
LGIC_C 219 -0.266668057 -0.441475475 0.0250140073 3.95603082e-08 3.05989652e-08 1
LGIC_C 220 -0.727668989 -0.302568992 0.0250140175 3.68002489e-08 2.45891179e-08 1
LGIC_C 221 0.653750206 -0.431674117 0.0250140179 -3.68002179e-08 2.45891393e-08 1
LGIC_C 222 -0.523446683 -0.213808047 0.0250140031 5.7878436e-08 -4.89847332e-08 1
LGIC_C 223 0.216660293 0.383371309 0.0250140066 -4.80634192e-08 -3.37890445e-08 1
LGIC_C 224 -0.387711248 0.0459178983 0.0250140012 4.96100851e-08 2.90231542e-08 1
LGIC_C 225 0.214754545 -0.667216142 0.0250140141 -8.63454093e-09 4.34088369e-08 1
LGIC_C 226 0.385779525 -0.154396423 0.0250140013 -4.34088226e-08 8.63456802e-09 1
LGIC_C 227 -0.173551965 0.485429325 0.0250140058 8.63455111e-09 -4.34088279e-08 1
LGIC_C 228 0.255539272 -0.31865402 0.025014002 -1.31306721e-08 4.82586744e-08 1
LGIC_C 229 -0.52792843 -0.0669609245 0.0250140068 4.34088238e-08 8.63459484e-09 1
LGIC_C 230 -0.670717747 -0.171755086 0.0250140077 -4.34088282e-08 2.70157287e-08 -1
LGIC_C 231 0.562819231 0.233907906 0.0250140135 -4.20574004e-08 -2.81018564e-08 1
LGIC_C 232 -0.322263285 0.79730432 -0.0114980424 -0.194186261 0.976241022 0.0961517721
LGIC_C 233 0.309140217 0.252201361 0.0250140015 -4.82586616e-08 -1.31306776e-08 1
LGIC_C 234 0.00115545884 -0.434846198 0.0250140021 -8.63454093e-09 4.34088369e-08 1
LGIC_C 235 0.371120985 0.451255945 0.0250140127 -2.81018716e-08 -4.20573923e-08 1
LGIC_C 236 0.282029425 0.00831631435 0.0250139972 -4.96100869e-08 6.3366408e-09 1
LGIC_C 239 0.488288466 -0.209977944 0.0250140097 -4.20573976e-08 2.81018683e-08 1
LGIC_C 240 0.134742937 -0.244505493 0.025013999 -1.28239349e-08 5.73353226e-08 1
LGIC_C 241 -0.161316146 0.198288449 0.0250139961 2.8101852e-08 -4.20574041e-08 1
LGIC_C 242 0.605119935 -0.316892039 0.0250140189 -3.37890406e-08 4.80634332e-08 1
LGIC_C 243 -0.656569772 0.248978711 0.0250140183 4.96100897e-08 -9.86805572e-09 1
LGIC_C 246 0.388955325 0.390467778 0.0250140072 -2.45891309e-08 -3.68002211e-08 1
LGIC_C 247 -0.466384757 0.631910793 0.025014018 2.45891128e-08 -3.68002333e-08 1
LGIC_C 248 0.107505055 -0.0735650841 0.025013989 -3.68002179e-08 2.45891393e-08 1
LGIC_C 249 0.509512059 -0.0491290466 0.02501401 -4.96100802e-08 3.14742968e-08 1
LGIC_C 250 0.243534323 0.546967503 0.0250140134 -4.80634192e-08 -3.37890445e-08 1
LGIC_C 251 0.0172019728 0.570536856 0.0250140115 -6.33660387e-09 4.96100877e-08 -1
LGIC_C 252 0.172785895 0.521771771 0.0250140146 -3.14742949e-08 -4.96100822e-08 1
LGIC_C 253 0.50037489 0.271988491 0.025014011 -4.82586616e-08 -1.31306776e-08 1
LGIC_C 255 -0.711335304 -0.0987341079 0.0250140115 -4.34088282e-08 2.70157287e-08 -1
LGIC_C 256 -0.314534722 0.567118946 0.0250140119 2.45891128e-08 -3.68002333e-08 1
LGIC_C 257 0.309169738 0.321735349 0.0250140027 -2.45891309e-08 -3.68002211e-08 1
LGIC_C 258 -0.313860393 0.576811252 0.0250140122 2.45891128e-08 -3.68002333e-08 1
LGIC_C 260 -0.0446718436 -0.584186511 0.0250140127 9.8680833e-09 4.96100963e-08 1
LGIC_C 261 0.0826751791 0.646323768 0.025014012 -8.63455884e-09 -4.34088253e-08 1
LGIC_C 262 -0.350832212 0.38134668 0.0250140063 1.31306824e-08 -4.82586643e-08 1
LGIC_C 263 -0.680813651 -0.145076001 0.0250140089 -4.34088282e-08 2.70157287e-08 -1
LGIC_C 264 0.422022002 -0.371131465 0.0250140079 -3.68002179e-08 2.45891393e-08 1
LGIC_C 265 0.199782281 -0.023258851 0.0250139951 -5.78784275e-08 1.15127558e-08 1
LGIC_C 266 -0.153348332 -0.334156652 0.0250139995 3.95603082e-08 3.05989652e-08 1
LGIC_C 267 -0.310383268 -0.259690929 0.0250140022 1.45571809e-08 5.5602105e-08 1
LGIC_C 268 -0.0351284219 -0.511348681 0.0250140076 -2.90231482e-08 4.96101036e-08 1
LGIC_C 269 -0.0763359469 0.577235313 0.0250140114 -6.33661298e-09 -4.96100859e-08 1
LGIC_C 271 -0.477065348 -0.410031867 0.0250140109 3.68002489e-08 2.45891179e-08 1
LGIC_C 272 -0.34949025 0.244044796 0.0250140033 -4.82586679e-08 1.31306769e-08 -1
LGIC_C 273 0.741286564 -0.19615696 0.0250140203 -4.34088182e-08 2.48392526e-08 1
LGIC_C 274 -0.332476172 0.4286549 0.0250140072 2.45891128e-08 -3.68002333e-08 1
LGIC_C 275 -0.00285612266 -0.484890198 0.0250140044 2.48392553e-08 4.34088306e-08 1
LGIC_C 276 -0.0997276506 -0.455956017 0.025014003 -2.90231482e-08 4.96101036e-08 1
LGIC_C 278 0.350853875 0.306627612 0.0250140037 -3.68002282e-08 -2.45891172e-08 1
LGIC_C 279 0.133532462 -0.0209325415 0.0250139892 -4.34088226e-08 8.63456802e-09 1
LGIC_C 280 -0.251137935 -0.168390496 0.0250139963 1.45571809e-08 5.5602105e-08 1
LGIC_C 281 0.433769748 0.481275679 0.0250140204 -4.80634192e-08 -3.37890445e-08 1
LGIC_C 282 -0.26058471 -0.444860198 0.0250140072 3.95603082e-08 3.05989652e-08 1
LGIC_C 283 -0.268613132 -0.484035585 0.0250140066 7.55636799e-08 6.2887973e-09 1
LGIC_C 284 0.230495844 -0.759003787 0.0250140182 -8.63454093e-09 4.34088369e-08 1
LGIC_C 286 -0.597141539 0.00868108652 0.0250140126 4.96100851e-08 2.90231542e-08 1
LGIC_C 287 -0.0646726156 -0.126728411 0.0250139895 2.45891453e-08 3.68002268e-08 1
LGIC_C 288 0.0431604299 -0.426355486 0.0250140041 6.33663526e-09 4.9610097e-08 1
LGIC_C 289 0.0312268384 -0.00429144506 0.0250139846 -4.34088226e-08 8.63456802e-09 1
LGIC_C 290 -0.376101704 -0.539358162 0.0250140165 2.81018674e-08 4.20574117e-08 1
LGIC_C 291 -0.51432725 0.425272241 0.0250140127 3.68002297e-08 -2.45891157e-08 1
LGIC_C 292 0.387755015 0.402129269 0.0250140111 -2.81018716e-08 -4.20573923e-08 1
LGIC_C 293 -0.684326839 -0.0712825069 0.0250140152 -4.96100919e-08 2.90231703e-08 -1
LGIC_C 295 -0.185474496 0.126248551 0.025013994 6.28881943e-09 -7.55636452e-08 1
LGIC_C 296 0.5043021 0.237003172 0.0250140111 -4.20574004e-08 -2.81018564e-08 1
LGIC_C 297 0.0404723173 0.352668354 0.0250139989 -8.63455884e-09 -4.34088253e-08 1
LGIC_C 298 0.214877563 -0.531809793 0.0250140117 -9.86804037e-09 4.96101e-08 1
LGIC_C 299 -0.0262192082 -0.366148135 0.0250140017 9.8680833e-09 4.96100963e-08 1
LGIC_C 300 0.353369697 -0.0468999252 0.0250139997 -4.34088182e-08 2.48392526e-08 1
LGIC_C 301 0.147506968 0.395789357 0.0250140017 -8.63455884e-09 -4.34088253e-08 1
LGIC_C 302 0.390215176 0.358955646 0.0250140097 -4.20574004e-08 -2.81018564e-08 1
LGIC_C 303 -0.0155925597 0.362616761 0.0250140014 9.86805557e-09 -4.96100883e-08 1
LGIC_C 304 -0.130917136 0.320195563 0.0250139983 -6.33661298e-09 -4.96100859e-08 1
LGIC_C 305 -0.431024911 0.268551898 0.0250140057 3.68002297e-08 -2.45891157e-08 1
LGIC_C 306 0.207628928 0.0938290711 0.0250139948 3.37890593e-08 4.80634111e-08 -1
LGIC_C 307 -0.431404756 0.270490661 0.0250140076 -4.82586679e-08 1.31306769e-08 -1
LGIC_C 308 0.656049952 -0.306722449 0.0250140149 -3.68002179e-08 2.45891393e-08 1
LGIC_C 309 0.129835246 0.120440192 0.025013991 -3.68002282e-08 -2.45891172e-08 1
LGIC_C 310 0.154797011 0.821522058 0.0250140203 -8.63455884e-09 -4.34088253e-08 1
LGIC_C 311 0.592828565 0.595787282 0.0250140198 -2.45891309e-08 -3.68002211e-08 1
LGIC_C 312 0.271705239 0.213305433 0.0250140007 -4.20574004e-08 -2.81018564e-08 1
LGIC_C 313 0.682718331 0.322984704 0.0250140163 -3.68002282e-08 -2.45891172e-08 1
LGIC_C 314 -0.225219195 0.538876459 0.0250140086 2.45891128e-08 -3.68002333e-08 1
LGIC_C 315 -0.0589410874 0.00827731969 0.0250139863 4.96100897e-08 -9.86805572e-09 1
LGIC_C 318 -0.19654791 -0.385870371 0.0250139998 -5.56021111e-08 -1.45571543e-08 -1
LGIC_C 319 -0.497137832 -0.0974801727 0.0250140022 -4.34088282e-08 2.70157287e-08 -1
LGIC_C 320 0.365199009 0.60940247 0.0250140191 -2.81018716e-08 -4.20573923e-08 1
LGIC_C 322 0.596253924 0.246562614 0.0250140152 -4.82586616e-08 -1.31306776e-08 1
LGIC_C 323 -0.324079189 -0.598357803 0.0250140175 2.81018674e-08 4.20574117e-08 1
LGIC_C 324 0.0400266725 0.698436284 0.0250140177 -6.33660387e-09 4.96100877e-08 -1
LGIC_C 325 0.482948396 0.610943683 0.0250140176 -2.45891309e-08 -3.68002211e-08 1
LGIC_C 326 0.219111843 0.685238028 0.0250140159 -6.33660387e-09 4.96100877e-08 -1
LGIC_C 327 -0.324720419 -0.0529183581 0.0250139978 -4.96100919e-08 2.90231703e-08 -1
LGIC_C 328 -0.45403738 0.0781397202 0.0250140049 4.34088279e-08 -2.48392273e-08 1
LGIC_C 329 0.624871044 -0.189757565 0.0250140161 -4.96100859e-08 9.86807898e-09 1
LGIC_C 330 0.352315101 -0.0470577349 0.0250140022 -4.96100802e-08 3.14742968e-08 1
LGIC_C 331 0.201333396 -0.124393546 0.0250139943 -3.05989503e-08 3.95603122e-08 1
LGIC_C 332 -0.0139003407 -0.39912434 0.0250140032 9.8680833e-09 4.96100963e-08 1
LGIC_C 333 0.54758667 0.175217804 0.0250140085 -4.34088272e-08 -8.63453573e-09 1
LGIC_C 334 0.21410854 0.746829921 0.0250140175 -8.63455884e-09 -4.34088253e-08 1
LGIC_C 335 0.18968096 0.528853697 0.0250140079 -8.63455884e-09 -4.34088253e-08 1
LGIC_C 336 -0.67234143 0.00351064556 0.0250140125 4.34088279e-08 -2.48392273e-08 1
LGIC_C 337 -0.0185198868 -0.0155951443 0.0250139843 5.39043203e-09 6.47688584e-08 1
LGIC_C 338 -0.236329961 0.335820919 0.0250140014 2.45891128e-08 -3.68002333e-08 1
LGIC_C 339 0.124755547 -0.191889329 0.0250139941 -1.31306721e-08 4.82586744e-08 1
LGIC_C 340 -0.287914594 0.554361092 0.0250140147 2.8101852e-08 -4.20574041e-08 1
LGIC_C 341 -0.00947787108 -0.738134775 0.0250140154 8.63456455e-09 4.34088336e-08 1
LGIC_C 342 -0.79900409 -0.0840755511 0.0250140157 -4.34088282e-08 2.70157287e-08 -1
LGIC_C 343 0.213791112 0.472303495 0.0250140089 1.3130701e-08 4.82586573e-08 -1
LGIC_C 344 -0.11835556 0.00679835422 0.0250139898 5.7878425e-08 4.89846948e-08 1
LGIC_C 346 0.342961678 0.33058561 0.025014004 -3.68002282e-08 -2.45891172e-08 1
LGIC_C 347 0.470069054 -0.142906619 0.025014008 -4.96100859e-08 9.86807898e-09 1
LGIC_C 349 -0.209393396 -0.509382299 0.0250140024 -2.90231482e-08 4.96101036e-08 1
LGIC_C 350 -0.288183843 0.404754265 0.0250140053 2.45891128e-08 -3.68002333e-08 1
LGIC_C 352 -0.183883832 -0.27425094 0.0250139989 3.95603082e-08 3.05989652e-08 1
LGIC_C 353 -0.322818787 0.159126412 0.0250140013 4.20574045e-08 -2.81018523e-08 1
LGIC_C 354 0.181960425 0.214218257 0.0250139974 -2.81018716e-08 -4.20573923e-08 1
LGIC_C 355 0.068670874 -0.518601476 0.0250140126 1.00935263e-08 5.7878447e-08 1
LGIC_C 356 0.0967450175 0.683211981 0.0250140138 -8.63455884e-09 -4.34088253e-08 1
LGIC_C 357 0.706789302 0.190801826 0.0250140171 -4.96100869e-08 6.3366408e-09 1
LGIC_C 358 0.103963807 -0.0701743909 0.0250139906 -4.90669481e-08 3.27855328e-08 1
LGIC_C 359 -0.27845547 0.218688953 0.0250140016 6.28881943e-09 -7.55636452e-08 1
LGIC_C 360 -0.484731612 0.44284367 0.0250140125 -4.82586679e-08 1.31306769e-08 -1
LGIC_C 361 0.608407796 -0.125802324 0.0250140147 -4.96100859e-08 9.86807898e-09 1
LGIC_C 362 -0.453390755 -0.0964958434 0.025014003 -4.96100919e-08 2.90231703e-08 -1
LGIC_C 363 -0.302685397 0.398941931 0.0250140065 1.31306824e-08 -4.82586643e-08 1
LGIC_C 365 0.584955512 -0.403109069 0.0250140192 -4.20573976e-08 2.81018683e-08 1
LGIC_C 366 -0.320182941 -0.703470454 0.0250140174 3.95603082e-08 3.05989652e-08 1
LGIC_C 367 0.406806732 -0.0983681695 0.0250140033 -4.34088182e-08 2.48392526e-08 1
LGIC_C 368 -0.151531638 -0.371391053 0.0250140031 2.48392553e-08 4.34088306e-08 1
LGIC_C 369 -0.12117643 -0.655946687 0.0250140122 -2.90231482e-08 4.96101036e-08 1
LGIC_C 370 -0.292712636 -0.615128542 0.0250140131 2.45891453e-08 3.68002268e-08 1
LGIC_C 371 0.264672981 0.00857603357 0.0250139948 -4.34088272e-08 -8.63453573e-09 1
LGIC_C 372 -0.00995461182 0.408118244 0.0250140011 8.63455111e-09 -4.34088279e-08 1
LGIC_C 373 -0.694942576 0.475157823 0.019224941 -0.827617296 0.552995934 0.0961514895
LGIC_C 374 0.0216392185 -0.16127695 0.0250139911 6.33663526e-09 4.9610097e-08 1
LGIC_C 375 0.159586838 -0.670987152 0.0250140205 1.00935263e-08 5.7878447e-08 1
LGIC_C 376 0.387004477 0.379946191 0.0250140102 -4.20574004e-08 -2.81018564e-08 1
LGIC_C 377 0.285404039 0.134612313 0.0250139971 -3.68002282e-08 -2.45891172e-08 1
LGIC_C 378 -0.573316477 0.0501936525 0.0250140102 4.96100851e-08 2.90231542e-08 1
LGIC_C 379 -0.0476592272 -0.473234658 0.0250140072 9.8680833e-09 4.96100963e-08 1
LGIC_C 380 0.124112284 0.595632997 0.025014014 -9.86806672e-09 -4.96100854e-08 1
LGIC_C 381 0.00562430688 0.648014513 0.0250140155 -9.86806672e-09 -4.96100854e-08 1
LGIC_C 382 0.537342443 -0.288755159 0.0250140153 -3.37890406e-08 4.80634332e-08 1
LGIC_C 384 -0.455714465 -0.443885719 0.0250140196 6.28883752e-09 7.55636663e-08 1
LGIC_C 386 0.47895482 -0.419736726 0.0250140112 -3.68002179e-08 2.45891393e-08 1
LGIC_C 387 0.53883804 -0.234250334 0.0250140127 -3.37890406e-08 4.80634332e-08 1
LGIC_C 388 -0.00811094261 0.427455425 0.0250140047 -3.14742797e-08 4.96100914e-08 -1
LGIC_C 390 0.535286081 -0.0916051155 0.0250140087 -4.34088182e-08 2.48392526e-08 1
LGIC_C 392 -0.208332523 -0.543620065 0.0250140041 -2.90231482e-08 4.96101036e-08 1
LGIC_C 393 -0.0352036038 -0.267774235 0.0250139952 8.63456455e-09 4.34088336e-08 1
LGIC_C 395 0.348663957 0.384705801 0.0250140064 1.3130701e-08 4.82586573e-08 -1
LGIC_C 396 0.241655141 0.392640137 0.0250140054 1.3130701e-08 4.82586573e-08 -1
LGIC_C 397 -0.64602011 0.254560201 0.0250140135 4.34088259e-08 -8.63455061e-09 1
LGIC_C 398 -0.562194549 0.242837449 0.0250140139 3.37890593e-08 -4.80634052e-08 1
LGIC_C 399 0.584432249 -0.17075511 0.0250140176 -4.96100802e-08 3.14742968e-08 1
NT 7181 1.31427678 -5.15112548 -1.158926 0 0 0
NT 7817 -0.216847044 5.26724983 -0.797205924 0 0 0
LGIC_O 4402 -0.0345878633 0.265675272 0.025013999 1.15127271e-08 -5.78784352e-08 1
LGIC_O 4401 -0.1840676 0.0972239463 0.0250139942 3.37890593e-08 -4.80634052e-08 1
LGIC_O 4400 -0.175025146 0.0137516014 0.0250139927 5.7878425e-08 4.89846948e-08 1
LGIC_O 8441 0.636913646 -0.12672076 0.0250140188 -4.96100802e-08 3.14742968e-08 1
LGIC_O 8440 0.314831804 -0.521242477 0.0250140191 -3.27854948e-08 4.90669785e-08 1
LGIC_O 8439 0.567487089 -0.204519113 0.0250140184 -5.78784275e-08 1.15127558e-08 1
LGIC_O 8438 -0.495463838 -0.478991786 0.0250140171 1.45571809e-08 5.5602105e-08 1
LGIC_O 8437 -0.0865332912 0.0753896135 0.0250139898 3.37890593e-08 -4.80634052e-08 1
LGIC_O 8436 0.281965125 0.349247805 0.0250140096 -3.27855134e-08 -4.90669575e-08 1
LGIC_O 8435 -0.281577291 0.489075666 0.0250140165 3.27854968e-08 -4.90669676e-08 1
LGIC_O 8434 -0.605092982 -0.110313414 0.0250140129 5.7878436e-08 -4.89847332e-08 1
LGIC_O 8433 0.701586212 -0.0117142491 0.0250140184 -4.96100802e-08 3.14742968e-08 1
LGIC_O 8432 0.426050556 0.664856809 0.0250140182 -2.45891309e-08 -3.68002211e-08 1
LGIC_O 8431 -0.53569519 -0.176489801 0.025014008 4.34088238e-08 8.63459484e-09 1
LGIC_O 8430 -0.206044735 -0.180448528 0.0250139982 6.28883752e-09 7.55636663e-08 1
LGIC_O 8429 0.342033035 -0.34268384 0.0250140113 -3.27854948e-08 4.90669785e-08 1
LGIC_O 8428 0.576112066 -0.314703408 0.0250140178 -3.37890406e-08 4.80634332e-08 1
LGIC_O 8427 0.236726308 -0.318077646 0.0250140066 -3.27854948e-08 4.90669785e-08 1
LGIC_O 8426 -0.0976488914 -0.110862836 0.0250139913 7.55636799e-08 6.2887973e-09 1
LGIC_O 8425 0.534646383 -0.195059479 0.0250140164 -5.78784275e-08 1.15127558e-08 1
LGIC_O 8424 0.219544679 -0.315091025 0.0250140059 -3.27854948e-08 4.90669785e-08 1
LGIC_O 8423 -0.608846757 -0.593779315 0.0250140203 3.68002489e-08 2.45891179e-08 1
LGIC_O 8422 0.564815598 -0.372450199 0.0250140202 -3.37890406e-08 4.80634332e-08 1
LGIC_O 8421 0.550750457 0.0902902064 0.0250140162 -5.78784335e-08 -1.15127284e-08 1
LGIC_O 8420 0.175418091 0.0610257495 0.0250139941 -5.78784335e-08 -1.15127284e-08 1
LGIC_O 8419 0.142777714 0.100831833 0.0250139936 -4.90669739e-08 -3.27854893e-08 1
LGIC_O 4418 0.0575220985 -0.190210297 0.0250139949 -1.15127059e-08 5.78784511e-08 1
LGIC_O 4417 -0.118754336 -0.170834128 0.0250139938 2.81018674e-08 4.20574117e-08 1
LGIC_O 4416 0.593239316 0.0786534269 0.0250140185 -5.78784335e-08 -1.15127284e-08 1
LGIC_O 4415 0.0853954366 -0.420999761 0.0250140086 -1.15127059e-08 5.78784511e-08 1
LGIC_O 4414 -0.374457097 -0.228026162 0.0250140026 3.68002489e-08 2.45891179e-08 1
LGIC_O 4413 0.577482781 -0.285169834 0.0250140164 -3.37890406e-08 4.80634332e-08 1
LGIC_O 4412 -0.484325859 0.306166979 0.0250140144 3.37890593e-08 -4.80634052e-08 1
LGIC_O 4411 0.44777829 -0.0963194904 0.0250140103 -5.78784275e-08 1.15127558e-08 1
LGIC_O 4410 0.28281874 -0.503567977 0.0250140172 -3.27854948e-08 4.90669785e-08 1
LGIC_O 4409 -0.116204576 -0.152585731 0.025013993 7.55636799e-08 6.2887973e-09 1
LGIC_O 4408 -0.333519821 0.289166147 0.0250140084 3.37890593e-08 -4.80634052e-08 1
LGIC_O 4407 -0.148720782 -0.636306108 0.0250140163 9.8680833e-09 4.96100963e-08 1
LGIC_O 4406 0.336173082 -0.328141715 0.0250140105 -4.90669481e-08 3.27855328e-08 1
LGIC_O 4405 -0.249510429 -0.168914007 0.0250139976 6.28883752e-09 7.55636663e-08 1
LGIC_O 4404 0.0811982327 0.141649416 0.0250139929 -3.27855134e-08 -4.90669575e-08 1
LGIC_O 4403 0.0533120499 -0.19689515 0.0250139952 -1.15127059e-08 5.78784511e-08 1
