LGIC_C 0 0.445332061 0.193143787 0.0250140074 -4.20574004e-08 -2.81018564e-08 1
LGIC_C 1 -0.264308148 0.0633183144 0.0250139953 4.34088259e-08 -8.63455061e-09 1
LGIC_C 2 -0.549704326 0.128081201 0.0250140118 4.96100897e-08 -9.86805572e-09 1
LGIC_C 3 0.271156377 -0.680042568 0.0250140196 -9.86804037e-09 4.96101e-08 1
LGIC_C 4 -0.474334466 -0.229237116 0.0250140035 6.28883752e-09 7.55636663e-08 1
LGIC_C 5 0.0967603844 -0.598143883 0.0250140169 1.00935263e-08 5.7878447e-08 1
LGIC_C 6 -0.336496617 0.521973591 0.0250140175 1.28239438e-08 -5.73353116e-08 1
LGIC_C 7 -0.710781698 0.453236853 0.00896483802 -0.827617296 0.552995934 0.0961514895
LGIC_C 8 -0.142094937 0.293620884 0.0250139976 2.45891128e-08 -3.68002333e-08 1
LGIC_C 9 -0.411658592 -0.285853304 0.0250140074 6.28883752e-09 7.55636663e-08 1
LGIC_C 10 -0.351525752 -0.599272476 0.0250140155 3.95603082e-08 3.05989652e-08 1
LGIC_C 11 0.162971269 0.539091953 0.025014009 -6.33660387e-09 4.96100877e-08 -1
LGIC_C 12 0.400957196 0.218641455 0.0250140101 -4.90669739e-08 -3.27854893e-08 1
LGIC_C 13 0.721555973 -0.11059819 0.0250140201 -4.96100859e-08 9.86807898e-09 1
LGIC_C 14 0.681701776 0.244861656 0.0250140155 -4.96100869e-08 6.3366408e-09 1
LGIC_C 15 -0.474375123 -0.350119957 0.0250140085 5.39043203e-09 6.47688584e-08 1
LGIC_C 16 0.633244597 -0.086204824 0.0250140155 -4.96100859e-08 9.86807898e-09 1
LGIC_C 17 -0.559837745 0.368863175 0.0250140151 -4.82586679e-08 1.31306769e-08 -1
LGIC_C 18 0.337011762 -0.467628315 0.0250140124 -2.81018481e-08 4.20574137e-08 1
LGIC_C 21 -0.0103114769 -0.223841408 0.025013994 -2.90231482e-08 4.96101036e-08 1
LGIC_C 22 0.206597056 0.581508059 0.0250140141 -9.86806672e-09 -4.96100854e-08 1
LGIC_C 23 -0.513691867 0.4384162 0.025014013 3.68002297e-08 -2.45891157e-08 1
LGIC_C 24 0.132989031 0.434608887 0.0250140061 -9.86806672e-09 -4.96100854e-08 1
LGIC_C 25 0.336813349 -0.0454329613 0.0250139982 -4.34088226e-08 8.63456802e-09 1
LGIC_C 27 -0.27824382 0.56059248 0.0250140199 3.27854968e-08 -4.90669676e-08 1
LGIC_C 28 0.660965728 0.122738241 0.025014013 -4.34088272e-08 -8.63453573e-09 1
LGIC_C 30 0.692811651 0.151595057 0.0250140166 -4.96100869e-08 6.3366408e-09 1
LGIC_C 31 -0.428751438 -0.439328109 0.0250140135 -5.56021111e-08 -1.45571543e-08 -1
LGIC_C 32 0.0650363191 0.100474995 0.025013989 1.3130701e-08 4.82586573e-08 -1
LGIC_C 33 -0.0156734674 0.629590582 0.0250140107 8.63455111e-09 -4.34088279e-08 1
LGIC_C 35 -0.163408191 -0.488713902 0.0250140027 -2.90231482e-08 4.96101036e-08 1
LGIC_C 36 0.450981901 -0.599364441 0.0250140164 -2.45891087e-08 3.68002429e-08 1
LGIC_C 37 0.0991023527 0.768538894 0.0250140175 -8.63455884e-09 -4.34088253e-08 1
LGIC_C 38 0.765148095 -0.341631558 0.0250140202 -3.05989503e-08 3.95603122e-08 1
LGIC_C 39 0.695413203 0.250137625 0.0250140156 -4.34088272e-08 -8.63453573e-09 1
LGIC_C 40 -0.691853143 0.00444629147 0.0250140134 4.34088279e-08 -2.48392273e-08 1
LGIC_C 41 -0.505082992 0.631864459 0.0250140189 2.45891128e-08 -3.68002333e-08 1
LGIC_C 42 -0.285348225 -0.706606033 0.0250140164 8.63456455e-09 4.34088336e-08 1
LGIC_C 43 -0.596692993 -0.462935868 0.0250140132 1.15916899e-08 4.97976879e-08 1
LGIC_C 44 0.293900397 0.506068038 0.0250140115 1.3130701e-08 4.82586573e-08 -1
LGIC_C 45 0.00120284677 -0.176338449 0.025013992 6.33663526e-09 4.9610097e-08 1
LGIC_C 46 -0.221187795 -0.196041421 0.0250139971 5.39043203e-09 6.47688584e-08 1
LGIC_C 47 0.527844404 -0.169956468 0.0250140157 -5.78784275e-08 1.15127558e-08 1
LGIC_C 48 -0.0985752907 -0.407825795 0.0250140018 8.63456455e-09 4.34088336e-08 1
LGIC_C 51 -0.611484136 -0.0172677047 0.02501401 4.34088238e-08 8.63459484e-09 1
LGIC_C 52 0.667469648 -0.18753869 0.0250140169 -4.34088182e-08 2.48392526e-08 1
LGIC_C 53 0.373097237 -0.106030143 0.0250140021 -4.34088182e-08 2.48392526e-08 1
LGIC_C 54 -0.0424317176 -0.215416486 0.0250139936 -4.89847109e-08 5.78784581e-08 1
LGIC_C 55 0.438075432 0.509537149 0.0250140136 1.3130701e-08 4.82586573e-08 -1
LGIC_C 56 -0.139031853 -0.235217778 0.0250139944 -5.56021111e-08 -1.45571543e-08 -1
LGIC_C 57 -0.0949459892 0.390561184 0.0250140056 -3.14742797e-08 4.96100914e-08 -1
LGIC_C 58 0.492226769 -0.114885065 0.0250140074 -4.34088182e-08 2.48392526e-08 1
LGIC_C 59 -0.365825247 -0.180033923 0.0250139986 1.45571809e-08 5.5602105e-08 1
LGIC_C 60 0.1334637 0.514075389 0.025014013 -3.14742949e-08 -4.96100822e-08 1
LGIC_C 61 -0.408330636 0.31433626 0.0250140093 4.20574045e-08 -2.81018523e-08 1
LGIC_C 62 -0.0396371804 0.376628093 0.0250140032 -3.14742797e-08 4.96100914e-08 -1
LGIC_C 63 0.257493444 -0.010107077 0.0250139961 -4.96100859e-08 9.86807898e-09 1
LGIC_C 64 -0.234332172 0.0155640184 0.0250139961 5.7878425e-08 4.89846948e-08 1
LGIC_C 65 0.0191198159 0.327449783 0.0250139994 -6.33660387e-09 4.96100877e-08 -1
LGIC_C 66 -0.218953118 -0.337111179 0.025014001 2.45891453e-08 3.68002268e-08 1
LGIC_C 67 -0.446977638 0.421616015 0.0250140179 6.28881943e-09 -7.55636452e-08 1
LGIC_C 68 -0.702044294 -0.126405063 0.0250140103 -4.34088282e-08 2.70157287e-08 -1
LGIC_C 69 -0.642259699 -0.321380217 0.0250140148 3.68002489e-08 2.45891179e-08 1
LGIC_C 70 -0.0542777755 0.374369 0.025014 8.63455111e-09 -4.34088279e-08 1
LGIC_C 72 0.152005189 0.414228731 0.0250140026 -8.63455884e-09 -4.34088253e-08 1
LGIC_C 73 -0.00841946457 0.0104430129 0.0250139839 1.31306824e-08 -4.82586643e-08 1
LGIC_C 74 0.541269209 0.502477226 0.025014016 -4.82586616e-08 -1.31306776e-08 1
LGIC_C 75 0.516964358 -0.591527065 0.0250140177 -2.45891087e-08 3.68002429e-08 1
LGIC_C 76 -0.722516294 0.035396174 0.0250140181 4.96100851e-08 2.90231542e-08 1
LGIC_C 77 0.355670464 -0.275846601 0.025014005 -3.05989503e-08 3.95603122e-08 1
LGIC_C 79 -0.627820718 -0.289464324 0.0250140049 1.15916899e-08 4.97976879e-08 1
LGIC_C 80 0.74099798 0.0177309645 0.0250140156 -4.34088272e-08 -8.63453573e-09 1
LGIC_C 81 0.0759003851 0.658318504 0.0250140154 -6.33660387e-09 4.96100877e-08 -1
LGIC_C 82 0.425121159 -0.2713221 0.025014007 -3.05989503e-08 3.95603122e-08 1
LGIC_C 83 -0.360597542 0.241444552 0.0250140038 -4.82586679e-08 1.31306769e-08 -1
LGIC_C 84 0.232663051 0.501722693 0.0250140109 -2.81018716e-08 -4.20573923e-08 1
LGIC_C 85 -0.0486158422 0.0664571957 0.0250139877 1.28239438e-08 -5.73353116e-08 1
LGIC_C 87 -0.328269958 -0.233284126 0.025014001 1.45571809e-08 5.5602105e-08 1
LGIC_C 88 -0.531856938 -0.475568261 0.0250140131 1.15916899e-08 4.97976879e-08 1
LGIC_C 89 0.233673069 -0.471418057 0.025014009 -1.31306721e-08 4.82586744e-08 1
LGIC_C 90 -0.373061512 -0.350354943 0.0250140081 1.45571809e-08 5.5602105e-08 1
LGIC_C 91 0.176120358 0.82471991 0.00664116833 0.194186548 0.976240951 0.0961519121
LGIC_C 92 0.192087151 -0.750208761 0.0250140192 6.33663526e-09 4.9610097e-08 1
LGIC_C 93 -0.0281425128 0.568117758 0.0250140113 -6.33661298e-09 -4.96100859e-08 1
LGIC_C 94 0.160323408 -0.0137684803 0.0250139916 -4.96100802e-08 3.14742968e-08 1
LGIC_C 95 -0.316438494 -0.455845897 0.0250140075 -5.56021111e-08 -1.45571543e-08 -1
LGIC_C 96 0.267213264 -0.101301608 0.0250139975 -4.96100859e-08 9.86807898e-09 1
LGIC_C 97 -0.40487671 0.0593895071 0.0250140016 4.96100851e-08 2.90231542e-08 1
LGIC_C 98 -0.312342407 -0.618130623 0.0250140145 3.95603082e-08 3.05989652e-08 1
LGIC_C 99 0.209256463 -0.0635078039 0.0250139956 -4.96100802e-08 3.14742968e-08 1
LGIC_C 100 -0.398903667 -0.431437185 0.0250140089 2.45891453e-08 3.68002268e-08 1
LGIC_C 101 -0.34962866 0.044479581 0.0250140011 4.96100897e-08 -9.86805572e-09 1
LGIC_C 102 -0.417589529 0.420273065 0.0250140127 1.28239438e-08 -5.73353116e-08 1
LGIC_C 103 -0.451818917 -0.0191387808 0.0250140024 -4.34088282e-08 2.70157287e-08 -1
LGIC_C 104 0.591980047 -0.226995676 0.0250140148 -4.96100859e-08 9.86807898e-09 1
LGIC_C 105 -0.291463496 0.134006523 0.0250139973 3.68002297e-08 -2.45891157e-08 1
LGIC_C 106 -0.277853099 0.752997099 0.0250140184 8.63455111e-09 -4.34088279e-08 1
LGIC_C 107 -0.666812251 -0.254444176 0.0250140144 4.34088238e-08 8.63459484e-09 1
LGIC_C 108 -0.0480875411 -0.476943045 0.0250140051 2.48392553e-08 4.34088306e-08 1
LGIC_C 110 -0.265417532 -0.72128023 0.0250140168 8.63456455e-09 4.34088336e-08 1
LGIC_C 111 -0.497085525 -0.0817444373 0.0250140056 -4.96100919e-08 2.90231703e-08 -1
LGIC_C 112 0.672172189 -0.0914754752 0.0250140194 -4.96100802e-08 3.14742968e-08 1
LGIC_C 113 -0.0523439757 -0.715112659 0.0250140156 2.48392553e-08 4.34088306e-08 1
LGIC_C 114 -0.353757616 0.396262089 0.0250140105 1.28239438e-08 -5.73353116e-08 1
LGIC_C 115 0.451655483 -0.403513532 0.025014013 -3.05989503e-08 3.95603122e-08 1
LGIC_C 116 0.116068848 -0.479139271 0.0250140098 1.00935263e-08 5.7878447e-08 1
LGIC_C 117 -0.192726103 -0.079503255 0.0250139895 4.96100935e-08 -4.19869172e-08 1
LGIC_C 118 -0.3107889 -0.345147513 0.0250140056 -5.56021111e-08 -1.45571543e-08 -1
LGIC_C 119 0.0825548295 0.463095463 0.0250140071 -9.86806672e-09 -4.96100854e-08 1
LGIC_C 120 0.0255150371 0.509253767 0.0250140084 -6.33660387e-09 4.96100877e-08 -1
LGIC_C 121 -0.501434098 -0.438040621 0.0250140109 1.15916899e-08 4.97976879e-08 1
LGIC_C 122 0.62586119 -0.382090512 0.0250140157 -3.68002179e-08 2.45891393e-08 1
LGIC_C 124 0.580715444 -0.468920136 0.0250140161 -3.68002179e-08 2.45891393e-08 1
LGIC_C 125 0.110627104 -0.169757591 0.0250139929 -1.31306721e-08 4.82586744e-08 1
LGIC_C 126 0.604134196 -0.397979144 0.0250140175 -3.05989503e-08 3.95603122e-08 1
LGIC_C 127 0.218575072 -0.260854858 0.0250139987 -1.31306721e-08 4.82586744e-08 1
LGIC_C 128 0.239139654 -0.295425974 0.025014 -2.45891087e-08 3.68002429e-08 1
LGIC_C 129 0.444115946 -0.0835870869 0.0250140032 -4.34088226e-08 8.63456802e-09 1
LGIC_C 130 -0.529403879 0.206351315 0.025014008 4.34088259e-08 -8.63455061e-09 1
LGIC_C 131 0.418675483 0.194967932 0.025014006 -4.82586616e-08 -1.31306776e-08 1
LGIC_C 132 -0.160280707 0.0594242839 0.0250139896 5.7878425e-08 4.89846948e-08 1
LGIC_C 133 -0.589893773 -0.0412785895 0.0250140092 4.34088238e-08 8.63459484e-09 1
LGIC_C 134 0.220999482 -0.630063165 0.0250140125 -8.63454093e-09 4.34088369e-08 1
LGIC_C 135 -0.242173198 -0.238215137 0.0250140028 6.28883752e-09 7.55636663e-08 1
LGIC_C 136 0.418238513 -0.331481994 0.0250140068 -3.68002179e-08 2.45891393e-08 1
LGIC_C 137 0.367263688 -0.395369393 0.0250140071 -1.31306721e-08 4.82586744e-08 1
LGIC_C 138 -0.689547789 -0.258534113 0.0250140066 4.96100935e-08 -4.19869172e-08 1
LGIC_C 139 0.140685443 -0.0196870622 0.0250139908 -4.96100802e-08 3.14742968e-08 1
LGIC_C 140 0.534231586 0.562727236 0.0250140171 -2.45891309e-08 -3.68002211e-08 1
LGIC_C 141 0.437015146 0.111535075 0.0250140032 -4.34088272e-08 -8.63453573e-09 1
LGIC_C 142 -0.418703694 -0.57257362 0.0250140173 3.95603082e-08 3.05989652e-08 1
LGIC_C 144 -0.45750378 -0.4936145 0.0250140159 -5.56021111e-08 -1.45571543e-08 -1
LGIC_C 145 0.20692764 0.0193357282 0.0250139934 -4.96100869e-08 6.3366408e-09 1
LGIC_C 146 0.0309159498 0.561019948 0.0250140114 -9.86806672e-09 -4.96100854e-08 1
LGIC_C 147 -0.357610695 -0.341709954 0.0250140044 1.15916899e-08 4.97976879e-08 1
LGIC_C 149 0.538115854 0.45727792 0.0250140143 -3.68002282e-08 -2.45891172e-08 1
LGIC_C 150 0.362385899 0.136946714 0.0250140003 -4.96100869e-08 6.3366408e-09 1
LGIC_C 151 -0.0953144055 -0.700010813 0.0250140144 8.63456455e-09 4.34088336e-08 1
LGIC_C 152 0.298859676 0.537092428 0.0250140131 1.3130701e-08 4.82586573e-08 -1
LGIC_C 153 0.161459089 -0.20492143 0.025013997 -1.28239349e-08 5.73353226e-08 1
LGIC_C 154 0.133760559 0.462214731 0.0250140075 -9.86806672e-09 -4.96100854e-08 1
LGIC_C 155 -0.51278458 0.160696093 0.0250140069 4.34088259e-08 -8.63455061e-09 1
LGIC_C 156 -0.245223605 0.0600459387 0.0250139944 4.34088259e-08 -8.63455061e-09 1
LGIC_C 157 -0.471682301 0.230898142 0.0250140037 6.28881943e-09 -7.55636452e-08 1
LGIC_C 158 0.3098058 0.170416335 0.0250140019 3.37890593e-08 4.80634111e-08 -1
LGIC_C 159 0.785203204 0.0933647473 0.0250140181 -4.34088272e-08 -8.63453573e-09 1
LGIC_C 160 -0.349818926 -0.106848306 0.0250139956 -4.34088282e-08 2.70157287e-08 -1
LGIC_C 161 -0.410964536 0.0480498656 0.0250140041 4.96100897e-08 -9.86805572e-09 1
LGIC_C 162 0.43192609 0.0491267517 0.0250140051 -4.96100911e-08 -9.86803575e-09 1
LGIC_C 163 0.345477593 -0.235213078 0.0250140044 -4.20573976e-08 2.81018683e-08 1
LGIC_C 164 0.29331024 -0.604554747 0.0250140163 -1.31306721e-08 4.82586744e-08 1
LGIC_C 165 -0.386119622 0.0287611647 0.0250140016 4.96100851e-08 2.90231542e-08 1
LGIC_C 166 -0.118698229 -0.687655807 0.025014016 2.48392553e-08 4.34088306e-08 1
LGIC_C 167 -0.56664559 0.5648661 0.025014018 3.68002297e-08 -2.45891157e-08 1
LGIC_C 168 -0.471125045 -0.2385123 0.0250140012 5.39043203e-09 6.47688584e-08 1
LGIC_C 169 0.664867432 -0.52818422 -0.0175694584 0.827616944 -0.552996408 0.0961517878
LGIC_C 171 -0.244342425 0.33523526 0.0250140056 1.28239438e-08 -5.73353116e-08 1
LGIC_C 172 0.281109072 0.127967179 0.0250139987 -4.20574004e-08 -2.81018564e-08 1
LGIC_C 173 0.661637735 0.299814112 0.025014015 -3.68002282e-08 -2.45891172e-08 1
LGIC_C 174 -0.0704448495 -0.500599618 0.0250140067 2.48392553e-08 4.34088306e-08 1
LGIC_C 175 0.431517458 -0.309521808 0.0250140127 -3.37890406e-08 4.80634332e-08 1
LGIC_C 177 0.304872679 0.359486863 0.0250140069 -2.81018716e-08 -4.20573923e-08 1
LGIC_C 178 0.131319499 -0.59823758 0.0250140121 6.33663526e-09 4.9610097e-08 1
LGIC_C 180 -0.11807733 0.265104223 0.0250139977 2.8101852e-08 -4.20574041e-08 1
LGIC_C 181 -0.659590971 -0.308896371 0.0250140068 5.39043203e-09 6.47688584e-08 1
LGIC_C 183 0.657001058 0.281183587 0.0250140186 -4.82586616e-08 -1.31306776e-08 1
LGIC_C 184 0.689935015 -0.0487238469 0.0250140144 -4.34088182e-08 2.48392526e-08 1
LGIC_C 185 0.378499485 -0.215089059 0.0250140033 -3.05989503e-08 3.95603122e-08 1
LGIC_C 186 -0.627507027 -0.285262218 0.0250140051 5.39043203e-09 6.47688584e-08 1
LGIC_C 188 -0.74500969 0.070971712 0.0250140162 4.34088259e-08 -8.63455061e-09 1
LGIC_C 189 -0.547157235 0.286865158 0.0250140143 4.20574045e-08 -2.81018523e-08 1
LGIC_C 190 0.350820682 -0.686420746 0.0250140171 -2.45891087e-08 3.68002429e-08 1
LGIC_C 191 -0.462824977 -0.257772174 0.0250140024 5.39043203e-09 6.47688584e-08 1
LGIC_C 192 -0.258457056 0.0994165219 0.0250139953 4.34088259e-08 -8.63455061e-09 1
LGIC_C 193 0.213631945 0.0788511754 0.0250139946 -4.96100911e-08 -9.86803575e-09 1
LGIC_C 194 -0.715261998 0.35520568 0.0250140183 3.68002297e-08 -2.45891157e-08 1
LGIC_C 195 0.373200354 0.391901175 0.0250140102 -2.81018716e-08 -4.20573923e-08 1
LGIC_C 196 0.743952607 0.366459622 0.0250140196 -3.68002282e-08 -2.45891172e-08 1
LGIC_C 197 -0.238546647 -0.552213279 0.0250140094 2.45891453e-08 3.68002268e-08 1
LGIC_C 198 0.487274259 -0.0680587112 0.025014005 -4.34088226e-08 8.63456802e-09 1
LGIC_C 199 0.648520895 0.231911416 0.0250140139 -4.96100869e-08 6.3366408e-09 1
LGIC_C 200 0.704367898 -0.324234704 0.0250140171 -3.68002179e-08 2.45891393e-08 1
LGIC_C 201 0.220363185 0.10489076 0.0250139955 -4.20574004e-08 -2.81018564e-08 1
LGIC_C 202 -0.0111279951 -0.317328641 0.0250139973 2.48392553e-08 4.34088306e-08 1
LGIC_C 203 -0.166694201 -0.0144651721 0.0250139911 -4.96100919e-08 2.90231703e-08 -1
LGIC_C 204 -0.384542317 0.562954238 0.0250140178 2.8101852e-08 -4.20574041e-08 1
LGIC_C 205 -0.0705516689 0.258511535 0.0250139968 9.86805557e-09 -4.96100883e-08 1
LGIC_C 206 0.693179673 -0.336934392 0.025014017 -3.68002179e-08 2.45891393e-08 1
LGIC_C 207 -0.133914456 -0.463228321 0.0250140035 -4.89847109e-08 5.78784581e-08 1
LGIC_C 208 -0.477978732 0.415993742 0.0250140118 -4.82586679e-08 1.31306769e-08 -1
LGIC_C 209 -0.0260723842 -0.0085637749 0.0250139871 -1.38908242e-07 -2.76307273e-08 -1
LGIC_C 210 0.112765328 0.290387174 0.0250139988 -9.86806672e-09 -4.96100854e-08 1
LGIC_C 212 -0.38371688 -0.552246599 0.0250140126 -5.56021111e-08 -1.45571543e-08 -1
LGIC_C 213 0.351654369 -0.394765952 0.0250140097 -2.81018481e-08 4.20574137e-08 1
LGIC_C 214 0.464931328 -0.073456052 0.025014004 -4.34088226e-08 8.63456802e-09 1
LGIC_C 215 -0.521200166 -0.0207415369 0.0250140061 4.34088238e-08 8.63459484e-09 1
LGIC_C 216 0.153159821 -0.216610364 0.0250139957 -1.31306721e-08 4.82586744e-08 1
LGIC_C 217 0.45146379 -0.363190517 0.0250140159 -3.37890406e-08 4.80634332e-08 1
LGIC_C 218 -0.276457401 0.476289065 0.0250140099 1.31306824e-08 -4.82586643e-08 1
LGIC_C 219 -0.260026004 -0.424805653 0.0250140065 3.95603082e-08 3.05989652e-08 1
LGIC_C 220 -0.7338414 -0.308396573 0.0250140178 3.68002489e-08 2.45891179e-08 1
LGIC_C 221 0.641250282 -0.442446707 0.0250140177 -3.68002179e-08 2.45891393e-08 1
LGIC_C 222 -0.518281411 -0.204687984 0.0250140033 5.7878436e-08 -4.89847332e-08 1
LGIC_C 223 0.217069456 0.383347687 0.0250140066 -4.80634192e-08 -3.37890445e-08 1
LGIC_C 224 -0.382691297 0.0509412063 0.0250140008 4.96100851e-08 2.90231542e-08 1
LGIC_C 225 0.226995271 -0.671197506 0.0250140143 -8.63454093e-09 4.34088369e-08 1
LGIC_C 226 0.384542975 -0.157480879 0.0250140013 -4.34088226e-08 8.63456802e-09 1
LGIC_C 227 -0.163644722 0.484922108 0.0250140057 8.63455111e-09 -4.34088279e-08 1
LGIC_C 228 0.264660003 -0.314438366 0.0250140019 -1.31306721e-08 4.82586744e-08 1
LGIC_C 229 -0.526683045 -0.0672251461 0.0250140067 4.34088238e-08 8.63459484e-09 1
LGIC_C 230 -0.674938285 -0.176958853 0.0250140078 -4.34088282e-08 2.70157287e-08 -1
LGIC_C 231 0.558192945 0.243437125 0.0250140136 -4.20574004e-08 -2.81018564e-08 1
LGIC_C 232 -0.305491104 0.799572455 -0.000653926048 -0.194186261 0.976241022 0.0961517721
LGIC_C 233 0.311933724 0.245077756 0.0250140015 -4.82586616e-08 -1.31306776e-08 1
LGIC_C 234 0.0254465532 -0.441225539 0.0250140026 -8.63454093e-09 4.34088369e-08 1
LGIC_C 235 0.369473946 0.447010045 0.0250140124 -2.81018716e-08 -4.20573923e-08 1
LGIC_C 236 0.302017306 -0.0101245903 0.0250139966 -4.34088182e-08 2.48392526e-08 1
LGIC_C 239 0.490840273 -0.216273233 0.0250140099 -4.20573976e-08 2.81018683e-08 1
LGIC_C 240 0.119551466 -0.228427584 0.0250139979 -1.28239349e-08 5.73353226e-08 1
LGIC_C 241 -0.149160435 0.196722807 0.0250139957 2.8101852e-08 -4.20574041e-08 1
LGIC_C 242 0.581631067 -0.317094932 0.0250140181 -3.37890406e-08 4.80634332e-08 1
LGIC_C 243 -0.676712163 0.247453304 0.0250140193 4.96100897e-08 -9.86805572e-09 1
LGIC_C 246 0.380572756 0.404278169 0.0250140078 1.3130701e-08 4.82586573e-08 -1
LGIC_C 247 -0.47306792 0.6426642 0.0250140186 2.45891128e-08 -3.68002333e-08 1
LGIC_C 248 0.114375201 -0.0592445848 0.0250139889 -3.68002179e-08 2.45891393e-08 1
LGIC_C 249 0.518894718 -0.0632578682 0.025014011 -4.96100802e-08 3.14742968e-08 1
LGIC_C 250 0.254507274 0.538907886 0.0250140137 -4.80634192e-08 -3.37890445e-08 1
LGIC_C 251 0.0229134786 0.56165438 0.025014011 -6.33660387e-09 4.96100877e-08 -1
LGIC_C 252 0.174610827 0.556771669 0.0250140164 -3.14742949e-08 -4.96100822e-08 1
LGIC_C 253 0.501724893 0.269691312 0.025014011 -4.82586616e-08 -1.31306776e-08 1
LGIC_C 255 -0.695594644 -0.0830000584 0.0250140112 -4.34088282e-08 2.70157287e-08 -1
LGIC_C 256 -0.314026071 0.569371709 0.0250140119 2.45891128e-08 -3.68002333e-08 1
LGIC_C 257 0.29946985 0.32147497 0.0250140024 -2.45891309e-08 -3.68002211e-08 1
LGIC_C 258 -0.306012113 0.560925553 0.0250140114 2.45891128e-08 -3.68002333e-08 1
LGIC_C 260 -0.0286552612 -0.595560235 0.0250140131 9.8680833e-09 4.96100963e-08 1
LGIC_C 261 0.0713508288 0.638511379 0.0250140116 -8.63455884e-09 -4.34088253e-08 1
LGIC_C 262 -0.326468224 0.377807886 0.0250140058 1.31306824e-08 -4.82586643e-08 1
LGIC_C 263 -0.672490952 -0.174293263 0.0250140078 -4.34088282e-08 2.70157287e-08 -1
LGIC_C 264 0.42119628 -0.358078197 0.0250140075 -3.68002179e-08 2.45891393e-08 1
LGIC_C 265 0.209419787 -0.0180076847 0.0250139956 -5.78784275e-08 1.15127558e-08 1
LGIC_C 266 -0.148472274 -0.343133358 0.0250139996 3.95603082e-08 3.05989652e-08 1
LGIC_C 267 -0.298693528 -0.250329826 0.0250140015 1.45571809e-08 5.5602105e-08 1
LGIC_C 268 -0.0464715299 -0.52869465 0.0250140081 -2.90231482e-08 4.96101036e-08 1
LGIC_C 269 -0.0969259391 0.588699321 0.0250140119 -6.33661298e-09 -4.96100859e-08 1
LGIC_C 271 -0.465953183 -0.416041603 0.0250140106 3.68002489e-08 2.45891179e-08 1
LGIC_C 272 -0.361214334 0.233946934 0.0250140038 -4.82586679e-08 1.31306769e-08 -1
LGIC_C 273 0.754220707 -0.166784258 0.0250140201 -4.34088182e-08 2.48392526e-08 1
LGIC_C 274 -0.32662827 0.411892629 0.0250140065 2.45891128e-08 -3.68002333e-08 1
LGIC_C 275 0.00122668881 -0.491690491 0.0250140076 6.33663526e-09 4.9610097e-08 1
LGIC_C 276 -0.0972911725 -0.464209388 0.0250140034 -2.90231482e-08 4.96101036e-08 1
LGIC_C 278 0.348677896 0.312799004 0.0250140038 -3.68002282e-08 -2.45891172e-08 1
LGIC_C 279 0.131919414 -0.0173423297 0.0250139891 -4.34088226e-08 8.63456802e-09 1
LGIC_C 280 -0.247556947 -0.164450299 0.025013996 1.45571809e-08 5.5602105e-08 1
LGIC_C 281 0.427690517 0.482273059 0.0250140201 -4.80634192e-08 -3.37890445e-08 1
LGIC_C 282 -0.245645943 -0.441284904 0.0250140065 3.95603082e-08 3.05989652e-08 1
LGIC_C 283 -0.265038386 -0.500464399 0.0250140064 7.55636799e-08 6.2887973e-09 1
LGIC_C 284 0.244183619 -0.762669226 0.0250140184 -8.63454093e-09 4.34088369e-08 1
LGIC_C 286 -0.581920532 0.00867591262 0.0250140119 4.96100851e-08 2.90231542e-08 1
LGIC_C 287 -0.0726700946 -0.118913743 0.0250139894 2.45891453e-08 3.68002268e-08 1
LGIC_C 288 0.0478701475 -0.417095176 0.0250140036 6.33663526e-09 4.9610097e-08 1
LGIC_C 289 0.0349985463 0.00543584687 0.0250139848 -4.34088272e-08 -8.63453573e-09 1
LGIC_C 290 -0.368706983 -0.546116046 0.0250140166 2.81018674e-08 4.20574117e-08 1
LGIC_C 291 -0.507619955 0.415301868 0.0250140122 3.68002297e-08 -2.45891157e-08 1
LGIC_C 292 0.382348786 0.391196104 0.0250140105 -2.81018716e-08 -4.20573923e-08 1
LGIC_C 293 -0.697908146 -0.0664903663 0.025014016 -4.96100919e-08 2.90231703e-08 -1
LGIC_C 295 -0.170465421 0.131855187 0.0250139943 6.28881943e-09 -7.55636452e-08 1
LGIC_C 296 0.493238199 0.228970026 0.0250140104 -4.20574004e-08 -2.81018564e-08 1
LGIC_C 297 0.0590793778 0.340834747 0.0250139986 -8.63455884e-09 -4.34088253e-08 1
LGIC_C 298 0.200062142 -0.529806882 0.0250140115 -9.86804037e-09 4.96101e-08 1
LGIC_C 299 -0.0329689211 -0.327680817 0.0250139998 9.8680833e-09 4.96100963e-08 1
LGIC_C 300 0.368190218 -0.0254331686 0.0250139998 -4.34088182e-08 2.48392526e-08 1
LGIC_C 301 0.136977022 0.399016063 0.0250140018 -8.63455884e-09 -4.34088253e-08 1
LGIC_C 302 0.394754998 0.351741634 0.0250140097 -4.20574004e-08 -2.81018564e-08 1
LGIC_C 303 -0.011734562 0.368048827 0.0250140016 9.86805557e-09 -4.96100883e-08 1
LGIC_C 304 -0.142687136 0.330815857 0.0250140011 1.31306824e-08 -4.82586643e-08 1
LGIC_C 305 -0.449139879 0.249518937 0.0250140059 3.68002297e-08 -2.45891157e-08 1
LGIC_C 306 0.226561998 0.09583154 0.0250139955 -4.20574004e-08 -2.81018564e-08 1
LGIC_C 307 -0.426683984 0.262291305 0.0250140073 -4.82586679e-08 1.31306769e-08 -1
LGIC_C 308 0.643697449 -0.301530889 0.0250140143 -3.68002179e-08 2.45891393e-08 1
LGIC_C 309 0.141956354 0.136643403 0.0250139918 -3.68002282e-08 -2.45891172e-08 1
LGIC_C 310 0.145752279 0.807253582 0.0250140196 -8.63455884e-09 -4.34088253e-08 1
LGIC_C 311 0.603269461 0.609480875 0.0219165022 0.552996265 0.827617084 0.0961514014
LGIC_C 312 0.28924553 0.211190399 0.0250140013 -4.20574004e-08 -2.81018564e-08 1
LGIC_C 313 0.68544893 0.331196352 0.0250140166 -3.68002282e-08 -2.45891172e-08 1
LGIC_C 314 -0.216951633 0.532321689 0.0250140082 8.63455111e-09 -4.34088279e-08 1
LGIC_C 315 -0.0567952204 0.0193134569 0.0250139863 4.96100897e-08 -9.86805572e-09 1
LGIC_C 318 -0.206388563 -0.39101292 0.0250140004 -5.56021111e-08 -1.45571543e-08 -1
LGIC_C 319 -0.510039301 -0.0927856013 0.0250140029 -4.34088282e-08 2.70157287e-08 -1
LGIC_C 320 0.386035024 0.601046906 0.0250140194 -2.81018716e-08 -4.20573923e-08 1
LGIC_C 322 0.585597772 0.232429375 0.0250140198 -5.78784335e-08 -1.15127284e-08 1
LGIC_C 323 -0.331346934 -0.57350639 0.0250140167 2.81018674e-08 4.20574117e-08 1
LGIC_C 324 0.0632322885 0.694883434 0.0250140173 -6.33660387e-09 4.96100877e-08 -1
LGIC_C 325 0.467921211 0.616433284 0.0250140174 -2.45891309e-08 -3.68002211e-08 1
LGIC_C 326 0.220976495 0.678714788 0.0250140155 -6.33660387e-09 4.96100877e-08 -1
LGIC_C 327 -0.331692375 -0.0458474513 0.0250139984 -4.96100919e-08 2.90231703e-08 -1
LGIC_C 328 -0.453264699 0.0819955079 0.025014005 4.34088279e-08 -2.48392273e-08 1
LGIC_C 329 0.611292476 -0.175732882 0.0250140153 -4.96100859e-08 9.86807898e-09 1
LGIC_C 330 0.337945608 -0.0103025482 0.0250140003 -4.96100802e-08 3.14742968e-08 1
LGIC_C 331 0.198348262 -0.118330975 0.025013994 -3.05989503e-08 3.95603122e-08 1
LGIC_C 332 -0.00279193071 -0.400701522 0.0250140031 9.8680833e-09 4.96100963e-08 1
LGIC_C 333 0.531286585 0.183321706 0.0250140079 -4.34088272e-08 -8.63453573e-09 1
LGIC_C 334 0.214954916 0.73983394 0.0250140172 -8.63455884e-09 -4.34088253e-08 1
LGIC_C 335 0.202277686 0.511072099 0.0250140072 -8.63455884e-09 -4.34088253e-08 1
LGIC_C 336 -0.686350563 0.00638851153 0.0250140132 4.34088279e-08 -2.48392273e-08 1
LGIC_C 337 -0.018607846 -0.0159675885 0.0250139844 5.39043203e-09 6.47688584e-08 1
LGIC_C 338 -0.220106112 0.348737741 0.0250140015 2.45891128e-08 -3.68002333e-08 1
LGIC_C 339 0.123941177 -0.183097396 0.0250139937 -1.31306721e-08 4.82586744e-08 1
LGIC_C 340 -0.284467951 0.564884275 0.025014015 2.8101852e-08 -4.20574041e-08 1
LGIC_C 341 0.0123584585 -0.722956841 0.0250140147 -8.63454093e-09 4.34088369e-08 1
LGIC_C 342 -0.79508085 -0.0831065906 0.0250140155 -4.34088282e-08 2.70157287e-08 -1
LGIC_C 343 0.222891688 0.486393546 0.0250140097 1.3130701e-08 4.82586573e-08 -1
LGIC_C 344 -0.131239158 0.0100572272 0.0250139904 5.7878425e-08 4.89846948e-08 1
LGIC_C 346 0.352929428 0.327347112 0.0250140043 -3.68002282e-08 -2.45891172e-08 1
LGIC_C 347 0.456088167 -0.134154399 0.0250140072 -4.96100859e-08 9.86807898e-09 1
LGIC_C 349 -0.215550864 -0.533254006 0.0250140034 -2.90231482e-08 4.96101036e-08 1
LGIC_C 350 -0.286486659 0.381021413 0.0250140043 2.45891128e-08 -3.68002333e-08 1
LGIC_C 352 -0.177824578 -0.284001317 0.025013999 3.95603082e-08 3.05989652e-08 1
LGIC_C 353 -0.311510539 0.137841898 0.0250140002 4.20574045e-08 -2.81018523e-08 1
LGIC_C 354 0.184848183 0.210498798 0.0250139973 -2.81018716e-08 -4.20573923e-08 1
LGIC_C 355 0.0638781937 -0.524418959 0.0250140129 1.00935263e-08 5.7878447e-08 1
LGIC_C 356 0.108408364 0.685941648 0.025014014 -8.63455884e-09 -4.34088253e-08 1
LGIC_C 357 0.729763873 0.18164661 0.0250140183 -4.96100869e-08 6.3366408e-09 1
LGIC_C 358 0.0961839221 -0.0548853536 0.0250139897 -4.90669481e-08 3.27855328e-08 1
LGIC_C 359 -0.272719691 0.221061827 0.0250140017 6.28881943e-09 -7.55636452e-08 1
LGIC_C 360 -0.502322019 0.451581245 0.0250140134 -4.82586679e-08 1.31306769e-08 -1
LGIC_C 361 0.609457721 -0.132474095 0.0250140148 -4.96100859e-08 9.86807898e-09 1
LGIC_C 362 -0.439499279 -0.090472317 0.0250140025 -4.96100919e-08 2.90231703e-08 -1
LGIC_C 363 -0.30550507 0.405640367 0.0250140069 1.31306824e-08 -4.82586643e-08 1
LGIC_C 365 0.583850897 -0.397166095 0.0250140189 -4.20573976e-08 2.81018683e-08 1
LGIC_C 366 -0.318375541 -0.71575113 0.0250140177 3.95603082e-08 3.05989652e-08 1
LGIC_C 367 0.398752739 -0.0886243683 0.0250140027 -4.34088182e-08 2.48392526e-08 1
LGIC_C 368 -0.155132784 -0.364238682 0.0250140005 3.95603082e-08 3.05989652e-08 1
LGIC_C 369 -0.130750899 -0.663424648 0.0250140123 -2.90231482e-08 4.96101036e-08 1
LGIC_C 370 -0.28843401 -0.631509798 0.0250140136 2.45891453e-08 3.68002268e-08 1
LGIC_C 371 0.252808673 0.0117616505 0.0250139943 -4.34088272e-08 -8.63453573e-09 1
LGIC_C 372 -0.0182146415 0.402588798 0.0250140009 8.63455111e-09 -4.34088279e-08 1
LGIC_C 373 -0.687421153 0.44642702 0.0250140195 3.68002297e-08 -2.45891157e-08 1
LGIC_C 374 0.0330642073 -0.148485047 0.0250139904 6.33663526e-09 4.9610097e-08 1
LGIC_C 375 0.163878275 -0.647621157 0.0250140191 1.00935263e-08 5.7878447e-08 1
LGIC_C 376 0.407416556 0.372405132 0.0250140108 -4.20574004e-08 -2.81018564e-08 1
LGIC_C 377 0.308416869 0.150452747 0.0250139983 -3.68002282e-08 -2.45891172e-08 1
LGIC_C 378 -0.583374886 0.0511905211 0.0250140107 4.96100851e-08 2.90231542e-08 1
LGIC_C 379 -0.033515291 -0.484308184 0.0250140076 9.8680833e-09 4.96100963e-08 1
LGIC_C 380 0.133487895 0.58563594 0.0250140136 -9.86806672e-09 -4.96100854e-08 1
LGIC_C 381 0.00691731412 0.646984592 0.0250140154 -9.86806672e-09 -4.96100854e-08 1
LGIC_C 382 0.536364157 -0.281028209 0.0250140149 -3.37890406e-08 4.80634332e-08 1
LGIC_C 384 -0.456128834 -0.441399353 0.0250140195 6.28883752e-09 7.55636663e-08 1
LGIC_C 386 0.474505774 -0.450292353 0.0250140118 -3.68002179e-08 2.45891393e-08 1
LGIC_C 387 0.539120249 -0.230874353 0.0250140125 -3.37890406e-08 4.80634332e-08 1
LGIC_C 388 -0.0172371502 0.433556576 0.0250140053 -3.14742797e-08 4.96100914e-08 -1
LGIC_C 390 0.522178171 -0.0863864187 0.025014008 -4.34088182e-08 2.48392526e-08 1
LGIC_C 392 -0.207652507 -0.552404559 0.0250140046 -2.90231482e-08 4.96101036e-08 1
LGIC_C 393 -0.046729321 -0.267935678 0.0250139953 8.63456455e-09 4.34088336e-08 1
LGIC_C 395 0.333996082 0.376242968 0.0250140058 1.3130701e-08 4.82586573e-08 -1
LGIC_C 396 0.264735983 0.391244823 0.0250140056 1.3130701e-08 4.82586573e-08 -1
LGIC_C 397 -0.657650224 0.268143534 0.0250140141 4.34088259e-08 -8.63455061e-09 1
LGIC_C 398 -0.560058652 0.243206397 0.0250140139 3.37890593e-08 -4.80634052e-08 1
LGIC_C 399 0.600330677 -0.150266836 0.0250140177 -4.96100802e-08 3.14742968e-08 1
NT 7181 1.18897014 -4.69833913 -2.61050979 0 0 0
NT 7817 1.11740045 4.80685135 -1.29538566 0 0 0
LGIC_O 4402 -0.0345878633 0.265675272 0.025013999 1.15127271e-08 -5.78784352e-08 1
LGIC_O 4401 -0.1840676 0.0972239463 0.0250139942 3.37890593e-08 -4.80634052e-08 1
LGIC_O 4400 -0.175025146 0.0137516014 0.0250139927 5.7878425e-08 4.89846948e-08 1
LGIC_O 8441 0.636913646 -0.12672076 0.0250140188 -4.96100802e-08 3.14742968e-08 1
LGIC_O 8440 0.314831804 -0.521242477 0.0250140191 -3.27854948e-08 4.90669785e-08 1
LGIC_O 8439 0.567487089 -0.204519113 0.0250140184 -5.78784275e-08 1.15127558e-08 1
LGIC_O 8438 -0.495463838 -0.478991786 0.0250140171 1.45571809e-08 5.5602105e-08 1
LGIC_O 8437 -0.0865332912 0.0753896135 0.0250139898 3.37890593e-08 -4.80634052e-08 1
LGIC_O 8436 0.281965125 0.349247805 0.0250140096 -3.27855134e-08 -4.90669575e-08 1
LGIC_O 8435 -0.281577291 0.489075666 0.0250140165 3.27854968e-08 -4.90669676e-08 1
LGIC_O 8434 -0.605092982 -0.110313414 0.0250140129 5.7878436e-08 -4.89847332e-08 1
LGIC_O 8433 0.701586212 -0.0117142491 0.0250140184 -4.96100802e-08 3.14742968e-08 1
LGIC_O 8432 0.426050556 0.664856809 0.0250140182 -2.45891309e-08 -3.68002211e-08 1
LGIC_O 8431 -0.53569519 -0.176489801 0.025014008 4.34088238e-08 8.63459484e-09 1
LGIC_O 8430 -0.206044735 -0.180448528 0.0250139982 6.28883752e-09 7.55636663e-08 1
LGIC_O 8429 0.342033035 -0.34268384 0.0250140113 -3.27854948e-08 4.90669785e-08 1
LGIC_O 8428 0.576112066 -0.314703408 0.0250140178 -3.37890406e-08 4.80634332e-08 1
LGIC_O 8427 0.236726308 -0.318077646 0.0250140066 -3.27854948e-08 4.90669785e-08 1
LGIC_O 8426 -0.0976488914 -0.110862836 0.0250139913 7.55636799e-08 6.2887973e-09 1
LGIC_O 8425 0.534646383 -0.195059479 0.0250140164 -5.78784275e-08 1.15127558e-08 1
LGIC_O 8424 0.219544679 -0.315091025 0.0250140059 -3.27854948e-08 4.90669785e-08 1
LGIC_O 8423 -0.608846757 -0.593779315 0.0250140203 3.68002489e-08 2.45891179e-08 1
LGIC_O 8422 0.564815598 -0.372450199 0.0250140202 -3.37890406e-08 4.80634332e-08 1
LGIC_O 8421 0.550750457 0.0902902064 0.0250140162 -5.78784335e-08 -1.15127284e-08 1
LGIC_O 8420 0.175418091 0.0610257495 0.0250139941 -5.78784335e-08 -1.15127284e-08 1
LGIC_O 8419 0.142777714 0.100831833 0.0250139936 -4.90669739e-08 -3.27854893e-08 1
LGIC_O 4418 0.0575220985 -0.190210297 0.0250139949 -1.15127059e-08 5.78784511e-08 1
LGIC_O 4417 -0.118754336 -0.170834128 0.0250139938 2.81018674e-08 4.20574117e-08 1
LGIC_O 4416 0.593239316 0.0786534269 0.0250140185 -5.78784335e-08 -1.15127284e-08 1
LGIC_O 4415 0.0853954366 -0.420999761 0.0250140086 -1.15127059e-08 5.78784511e-08 1
LGIC_O 4414 -0.374457097 -0.228026162 0.0250140026 3.68002489e-08 2.45891179e-08 1
LGIC_O 4413 0.577482781 -0.285169834 0.0250140164 -3.37890406e-08 4.80634332e-08 1
LGIC_O 4412 -0.484325859 0.306166979 0.0250140144 3.37890593e-08 -4.80634052e-08 1
LGIC_O 4411 0.44777829 -0.0963194904 0.0250140103 -5.78784275e-08 1.15127558e-08 1
LGIC_O 4410 0.28281874 -0.503567977 0.0250140172 -3.27854948e-08 4.90669785e-08 1
LGIC_O 4409 -0.116204576 -0.152585731 0.025013993 7.55636799e-08 6.2887973e-09 1
LGIC_O 4408 -0.333519821 0.289166147 0.0250140084 3.37890593e-08 -4.80634052e-08 1
LGIC_O 4407 -0.148720782 -0.636306108 0.0250140163 9.8680833e-09 4.96100963e-08 1
LGIC_O 4406 0.336173082 -0.328141715 0.0250140105 -4.90669481e-08 3.27855328e-08 1
LGIC_O 4405 -0.249510429 -0.168914007 0.0250139976 6.28883752e-09 7.55636663e-08 1
LGIC_O 4404 0.0811982327 0.141649416 0.0250139929 -3.27855134e-08 -4.90669575e-08 1
LGIC_O 4403 0.0533120499 -0.19689515 0.0250139952 -1.15127059e-08 5.78784511e-08 1
