LGIC_C 0 0.428825819 0.183921929 0.0250140064 -4.20574004e-08 -2.81018564e-08 1
LGIC_C 1 -0.248952912 0.0707865034 0.0250139947 4.34088259e-08 -8.63455061e-09 1
LGIC_C 2 -0.552158782 0.131561682 0.025014012 4.96100897e-08 -9.86805572e-09 1
LGIC_C 3 0.260351425 -0.690808444 0.0250140201 -9.86804037e-09 4.96101e-08 1
LGIC_C 4 -0.468328805 -0.220722862 0.0250140029 6.28883752e-09 7.55636663e-08 1
LGIC_C 5 0.0886270368 -0.596997789 0.0250140169 1.00935263e-08 5.7878447e-08 1
LGIC_C 6 -0.313591201 0.506313932 0.0250140163 1.28239438e-08 -5.73353116e-08 1
LGIC_C 7 -0.718704933 0.441073763 0.0107196998 -0.827617296 0.552995934 0.0961514895
LGIC_C 8 -0.146464802 0.305018106 0.0250139981 2.45891128e-08 -3.68002333e-08 1
LGIC_C 9 -0.420884366 -0.285769103 0.0250140075 6.28883752e-09 7.55636663e-08 1
LGIC_C 10 -0.337616133 -0.618113396 0.0250140155 3.95603082e-08 3.05989652e-08 1
LGIC_C 11 0.153600605 0.55178029 0.0250140097 -6.33660387e-09 4.96100877e-08 -1
LGIC_C 12 0.398116553 0.218697163 0.0250140099 -4.90669739e-08 -3.27854893e-08 1
LGIC_C 13 0.727215337 -0.0975268232 0.0250140203 -4.96100859e-08 9.86807898e-09 1
LGIC_C 14 0.676987907 0.252566844 0.0250140152 -4.96100869e-08 6.3366408e-09 1
LGIC_C 15 -0.478510303 -0.338072619 0.0250140077 5.39043203e-09 6.47688584e-08 1
LGIC_C 16 0.634570925 -0.0911965652 0.0250140156 -4.96100859e-08 9.86807898e-09 1
LGIC_C 17 -0.561590137 0.386440482 0.0250140154 -4.82586679e-08 1.31306769e-08 -1
LGIC_C 18 0.336858888 -0.471521252 0.0250140125 -2.81018481e-08 4.20574137e-08 1
LGIC_C 21 -0.0379595689 -0.224258181 0.0250139932 -2.90231482e-08 4.96101036e-08 1
LGIC_C 22 0.216783132 0.59801993 0.0250140151 -9.86806672e-09 -4.96100854e-08 1
LGIC_C 23 -0.526687617 0.449711945 0.0250140137 3.68002297e-08 -2.45891157e-08 1
LGIC_C 24 0.116837911 0.431949205 0.0250140058 -9.86806672e-09 -4.96100854e-08 1
LGIC_C 25 0.34912005 -0.0525141544 0.0250139988 -4.34088226e-08 8.63456802e-09 1
LGIC_C 27 -0.281092372 0.561492558 0.02501402 3.27854968e-08 -4.90669676e-08 1
LGIC_C 28 0.672388632 0.123857865 0.0250140135 -4.34088272e-08 -8.63453573e-09 1
LGIC_C 30 0.689992003 0.135392958 0.0250140166 -4.96100869e-08 6.3366408e-09 1
LGIC_C 31 -0.433522528 -0.439127925 0.0250140138 -5.56021111e-08 -1.45571543e-08 -1
LGIC_C 32 0.0549587072 0.109677641 0.0250139893 1.3130701e-08 4.82586573e-08 -1
LGIC_C 33 -0.0182051693 0.628952895 0.0250140107 8.63455111e-09 -4.34088279e-08 1
LGIC_C 35 -0.169179424 -0.474315119 0.0250140018 -2.90231482e-08 4.96101036e-08 1
LGIC_C 36 0.456380956 -0.598408906 0.0250140165 -2.45891087e-08 3.68002429e-08 1
LGIC_C 37 0.0986315285 0.796028999 0.0250140187 -8.63455884e-09 -4.34088253e-08 1
LGIC_C 38 0.770967239 -0.335844574 0.0250140201 -3.05989503e-08 3.95603122e-08 1
LGIC_C 39 0.698493995 0.256205154 0.0250140158 -4.34088272e-08 -8.63453573e-09 1
LGIC_C 40 -0.67088875 0.00102450263 0.0250140124 4.34088279e-08 -2.48392273e-08 1
LGIC_C 41 -0.548988535 0.621341536 0.0250140196 2.45891128e-08 -3.68002333e-08 1
LGIC_C 42 -0.285354691 -0.693397464 0.0250140158 8.63456455e-09 4.34088336e-08 1
LGIC_C 43 -0.601677254 -0.467289422 0.0250140135 1.15916899e-08 4.97976879e-08 1
LGIC_C 44 0.284396272 0.49686153 0.025014011 1.3130701e-08 4.82586573e-08 -1
LGIC_C 45 -0.00214853921 -0.180374533 0.0250139911 2.48392553e-08 4.34088306e-08 1
LGIC_C 46 -0.214418466 -0.209203854 0.0250139979 5.39043203e-09 6.47688584e-08 1
LGIC_C 47 0.532665432 -0.16387099 0.0250140159 -5.78784275e-08 1.15127558e-08 1
LGIC_C 48 -0.115143053 -0.405970036 0.0250140019 8.63456455e-09 4.34088336e-08 1
LGIC_C 51 -0.594722808 -0.0143497618 0.0250140092 4.34088238e-08 8.63459484e-09 1
LGIC_C 52 0.654870304 -0.188729131 0.0250140163 -4.34088182e-08 2.48392526e-08 1
LGIC_C 53 0.378324905 -0.101947699 0.0250140022 -4.34088182e-08 2.48392526e-08 1
LGIC_C 54 -0.0307324103 -0.211700938 0.025013994 -4.89847109e-08 5.78784581e-08 1
LGIC_C 55 0.431230013 0.523460114 0.0250140142 1.3130701e-08 4.82586573e-08 -1
LGIC_C 56 -0.146190448 -0.245414628 0.025013995 -5.56021111e-08 -1.45571543e-08 -1
LGIC_C 57 -0.0982191719 0.412440007 0.0250140068 -3.14742797e-08 4.96100914e-08 -1
LGIC_C 58 0.49147527 -0.114725891 0.0250140074 -4.34088182e-08 2.48392526e-08 1
LGIC_C 59 -0.355988519 -0.181088057 0.0250139985 1.45571809e-08 5.5602105e-08 1
LGIC_C 60 0.125341022 0.52276669 0.0250140131 -3.14742949e-08 -4.96100822e-08 1
LGIC_C 61 -0.421136162 0.312905251 0.0250140098 4.20574045e-08 -2.81018523e-08 1
LGIC_C 62 -0.052301637 0.384379195 0.025014004 -3.14742797e-08 4.96100914e-08 -1
LGIC_C 63 0.262616581 -0.0158126095 0.0250139964 -4.96100859e-08 9.86807898e-09 1
LGIC_C 64 -0.246858179 0.0244479575 0.0250139963 5.7878425e-08 4.89846948e-08 1
LGIC_C 65 0.00557010717 0.343360478 0.0250140003 -6.33660387e-09 4.96100877e-08 -1
LGIC_C 66 -0.223804298 -0.335662473 0.0250140011 2.45891453e-08 3.68002268e-08 1
LGIC_C 67 -0.449603273 0.416099205 0.0250140175 6.28881943e-09 -7.55636452e-08 1
LGIC_C 68 -0.698739118 -0.133050416 0.02501401 -4.34088282e-08 2.70157287e-08 -1
LGIC_C 69 -0.650899501 -0.296177018 0.0250140145 3.68002489e-08 2.45891179e-08 1
LGIC_C 70 -0.0570986389 0.367743894 0.0250139997 8.63455111e-09 -4.34088279e-08 1
LGIC_C 72 0.127933762 0.413369077 0.0250140023 -8.63455884e-09 -4.34088253e-08 1
LGIC_C 73 -0.00863582541 0.0150602773 0.0250139841 1.31306824e-08 -4.82586643e-08 1
LGIC_C 74 0.540844133 0.491683301 0.0250140158 -4.82586616e-08 -1.31306776e-08 1
LGIC_C 75 0.519581609 -0.596112902 0.0250140179 -2.45891087e-08 3.68002429e-08 1
LGIC_C 76 -0.714053308 0.052332772 0.0250140172 4.96100851e-08 2.90231542e-08 1
LGIC_C 77 0.333298966 -0.267773706 0.025014004 -3.05989503e-08 3.95603122e-08 1
LGIC_C 79 -0.626146917 -0.279452608 0.0250140044 1.15916899e-08 4.97976879e-08 1
LGIC_C 80 0.7338836 0.019969566 0.0250140153 -4.34088272e-08 -8.63453573e-09 1
LGIC_C 81 0.0637912648 0.647516568 0.025014015 -6.33660387e-09 4.96100877e-08 -1
LGIC_C 82 0.43265504 -0.278351643 0.0250140075 -3.05989503e-08 3.95603122e-08 1
LGIC_C 83 -0.362685388 0.222486276 0.0250140037 -4.82586679e-08 1.31306769e-08 -1
LGIC_C 84 0.212563097 0.506196631 0.0250140105 1.3130701e-08 4.82586573e-08 -1
LGIC_C 85 -0.031973342 0.0532459245 0.0250139867 1.28239438e-08 -5.73353116e-08 1
LGIC_C 87 -0.339041268 -0.223857477 0.0250140006 1.45571809e-08 5.5602105e-08 1
LGIC_C 88 -0.510810312 -0.458640646 0.025014012 1.15916899e-08 4.97976879e-08 1
LGIC_C 89 0.236238433 -0.485241508 0.0250140097 -1.31306721e-08 4.82586744e-08 1
LGIC_C 90 -0.367554559 -0.364836536 0.0250140089 1.45571809e-08 5.5602105e-08 1
LGIC_C 91 0.175746843 0.826550799 -0.0111937028 0.194186548 0.976240951 0.0961519121
LGIC_C 92 0.192753418 -0.750381599 0.0250140192 6.33663526e-09 4.9610097e-08 1
LGIC_C 93 -0.0218258404 0.563661072 0.0250140111 -6.33661298e-09 -4.96100859e-08 1
LGIC_C 94 0.170112206 -0.016349983 0.0250139922 -4.96100802e-08 3.14742968e-08 1
LGIC_C 95 -0.325170778 -0.447002145 0.0250140079 -5.56021111e-08 -1.45571543e-08 -1
LGIC_C 96 0.265892263 -0.0919515217 0.0250139973 -4.96100859e-08 9.86807898e-09 1
LGIC_C 97 -0.417082803 0.0669159205 0.025014002 4.96100851e-08 2.90231542e-08 1
LGIC_C 98 -0.307851113 -0.619370456 0.0250140144 3.95603082e-08 3.05989652e-08 1
LGIC_C 99 0.217297905 -0.048217564 0.0250139955 -4.96100802e-08 3.14742968e-08 1
LGIC_C 100 -0.397437204 -0.452703914 0.0250140097 2.45891453e-08 3.68002268e-08 1
LGIC_C 101 -0.350303004 0.0396332016 0.025014001 4.96100897e-08 -9.86805572e-09 1
LGIC_C 102 -0.410338965 0.436994456 0.0250140136 1.28239438e-08 -5.73353116e-08 1
LGIC_C 103 -0.435500038 -0.0204547833 0.0250140016 -4.34088282e-08 2.70157287e-08 -1
LGIC_C 104 0.592999223 -0.206930011 0.0250140147 -4.96100859e-08 9.86807898e-09 1
LGIC_C 105 -0.287394134 0.129751546 0.025013997 3.68002297e-08 -2.45891157e-08 1
LGIC_C 106 -0.264444411 0.750198468 0.0250140181 8.63455111e-09 -4.34088279e-08 1
LGIC_C 107 -0.654614709 -0.260051582 0.0250140139 4.34088238e-08 8.63459484e-09 1
LGIC_C 108 -0.0468063544 -0.481959254 0.0250140053 2.48392553e-08 4.34088306e-08 1
LGIC_C 110 -0.277473552 -0.716132386 0.0250140167 8.63456455e-09 4.34088336e-08 1
LGIC_C 111 -0.503215131 -0.100968139 0.0250140053 -4.96100919e-08 2.90231703e-08 -1
LGIC_C 112 0.68305063 -0.0973880731 0.0250140202 -4.96100802e-08 3.14742968e-08 1
LGIC_C 113 -0.0585710265 -0.702235138 0.0250140152 2.48392553e-08 4.34088306e-08 1
LGIC_C 114 -0.346441764 0.407387574 0.0250140111 1.28239438e-08 -5.73353116e-08 1
LGIC_C 115 0.462365486 -0.395743875 0.025014013 -3.05989503e-08 3.95603122e-08 1
LGIC_C 116 0.109899776 -0.475325777 0.0250140096 1.00935263e-08 5.7878447e-08 1
LGIC_C 117 -0.197915439 -0.0806074161 0.0250139897 -4.34088282e-08 2.70157287e-08 -1
LGIC_C 118 -0.319777606 -0.348135268 0.0250140061 -5.56021111e-08 -1.45571543e-08 -1
LGIC_C 119 0.0980586827 0.474270566 0.0250140078 -9.86806672e-09 -4.96100854e-08 1
LGIC_C 120 0.0178532408 0.508174711 0.0250140084 -6.33660387e-09 4.96100877e-08 -1
LGIC_C 121 -0.488600043 -0.472961282 0.0250140125 1.15916899e-08 4.97976879e-08 1
LGIC_C 122 0.619802021 -0.392580289 0.0250140157 -3.68002179e-08 2.45891393e-08 1
LGIC_C 124 0.572314186 -0.468050287 0.0250140158 -3.68002179e-08 2.45891393e-08 1
LGIC_C 125 0.13297831 -0.175913867 0.0250139935 -1.31306721e-08 4.82586744e-08 1
LGIC_C 126 0.608943799 -0.40041826 0.0250140177 -3.05989503e-08 3.95603122e-08 1
LGIC_C 127 0.205219413 -0.263957489 0.0250139987 -1.31306721e-08 4.82586744e-08 1
LGIC_C 128 0.239077141 -0.294836742 0.025014 -2.45891087e-08 3.68002429e-08 1
LGIC_C 129 0.442627911 -0.0724405278 0.0250140031 -4.34088226e-08 8.63456802e-09 1
LGIC_C 130 -0.534458686 0.201380831 0.0250140082 4.34088259e-08 -8.63455061e-09 1
LGIC_C 131 0.414937387 0.189414043 0.0250140057 -4.82586616e-08 -1.31306776e-08 1
LGIC_C 132 -0.154757624 0.0598061287 0.0250139893 5.7878425e-08 4.89846948e-08 1
LGIC_C 133 -0.58919923 -0.0497860676 0.0250140093 4.34088238e-08 8.63459484e-09 1
LGIC_C 134 0.229560846 -0.63821019 0.0250140129 -8.63454093e-09 4.34088369e-08 1
LGIC_C 135 -0.239101981 -0.247526054 0.0250140004 2.81018674e-08 4.20574117e-08 1
LGIC_C 136 0.412692718 -0.343267362 0.0250140069 -3.68002179e-08 2.45891393e-08 1
LGIC_C 137 0.361149022 -0.39266856 0.0250140069 -1.31306721e-08 4.82586744e-08 1
LGIC_C 138 -0.676475749 -0.252579266 0.0250140062 4.96100935e-08 -4.19869172e-08 1
LGIC_C 139 0.152486784 -0.00616074116 0.025013991 -4.96100802e-08 3.14742968e-08 1
LGIC_C 140 0.526317181 0.564353528 0.025014017 -2.45891309e-08 -3.68002211e-08 1
LGIC_C 141 0.45155367 0.106787769 0.0250140038 -4.34088272e-08 -8.63453573e-09 1
LGIC_C 142 -0.430657338 -0.566225555 0.0250140176 3.95603082e-08 3.05989652e-08 1
LGIC_C 144 -0.468091489 -0.486349152 0.0250140164 -5.56021111e-08 -1.45571543e-08 -1
LGIC_C 145 0.211573304 0.00441437647 0.0250139937 -4.96100869e-08 6.3366408e-09 1
LGIC_C 146 0.0557333753 0.540201699 0.0250140106 -9.86806672e-09 -4.96100854e-08 1
LGIC_C 147 -0.346020025 -0.33501566 0.0250140039 1.15916899e-08 4.97976879e-08 1
LGIC_C 149 0.515790735 0.458118274 0.0250140135 -3.68002282e-08 -2.45891172e-08 1
LGIC_C 150 0.367927159 0.138244795 0.0250140006 -4.96100869e-08 6.3366408e-09 1
LGIC_C 151 -0.0978441458 -0.705775636 0.0250140147 8.63456455e-09 4.34088336e-08 1
LGIC_C 152 0.283148469 0.526633507 0.0250140124 1.3130701e-08 4.82586573e-08 -1
LGIC_C 153 0.170781749 -0.204516986 0.0250139971 -1.28239349e-08 5.73353226e-08 1
LGIC_C 154 0.139946226 0.439056826 0.0250140064 -9.86806672e-09 -4.96100854e-08 1
LGIC_C 155 -0.501748624 0.142434739 0.0250140063 4.34088259e-08 -8.63455061e-09 1
LGIC_C 156 -0.2771564 0.0474733706 0.0250139957 4.34088259e-08 -8.63455061e-09 1
LGIC_C 157 -0.467116681 0.229570431 0.0250140036 6.28881943e-09 -7.55636452e-08 1
LGIC_C 158 0.326612544 0.164371239 0.0250140022 3.37890593e-08 4.80634111e-08 -1
LGIC_C 159 0.791480105 0.0925575308 0.0250140184 -4.34088272e-08 -8.63453573e-09 1
LGIC_C 160 -0.337320149 -0.10810255 0.025013995 -4.34088282e-08 2.70157287e-08 -1
LGIC_C 161 -0.397186353 0.0260251655 0.0250140032 4.96100897e-08 -9.86805572e-09 1
LGIC_C 162 0.43080764 0.0659373485 0.0250140053 -4.96100911e-08 -9.86803575e-09 1
LGIC_C 163 0.346209852 -0.227220462 0.0250140042 -4.20573976e-08 2.81018683e-08 1
LGIC_C 164 0.2888868 -0.584424833 0.0250140152 -1.31306721e-08 4.82586744e-08 1
LGIC_C 165 -0.360939919 0.0195415822 0.0250140006 4.96100851e-08 2.90231542e-08 1
LGIC_C 166 -0.126368553 -0.701459552 0.0250140168 2.48392553e-08 4.34088306e-08 1
LGIC_C 167 -0.567375992 0.540382584 0.0250140174 3.68002297e-08 -2.45891157e-08 1
LGIC_C 168 -0.484465712 -0.236422405 0.0250140012 5.39043203e-09 6.47688584e-08 1
LGIC_C 169 0.67042478 -0.521784094 -0.0285948318 0.827616944 -0.552996408 0.0961517878
LGIC_C 171 -0.228216359 0.340540593 0.0250140057 1.28239438e-08 -5.73353116e-08 1
LGIC_C 172 0.268341329 0.127403713 0.0250139981 -4.20574004e-08 -2.81018564e-08 1
LGIC_C 173 0.670351 0.311710741 0.0250140156 -3.68002282e-08 -2.45891172e-08 1
LGIC_C 174 -0.088182772 -0.508623862 0.0250140075 2.48392553e-08 4.34088306e-08 1
LGIC_C 175 0.422809112 -0.329258321 0.0250140133 -3.37890406e-08 4.80634332e-08 1
LGIC_C 177 0.303494912 0.353854096 0.0250140067 -2.81018716e-08 -4.20573923e-08 1
LGIC_C 178 0.124024863 -0.598144404 0.0250140121 6.33663526e-09 4.9610097e-08 1
LGIC_C 180 -0.125934141 0.236391618 0.0250139968 2.8101852e-08 -4.20574041e-08 1
LGIC_C 181 -0.665471828 -0.304208193 0.0250140065 5.39043203e-09 6.47688584e-08 1
LGIC_C 183 0.678524143 0.281886539 0.0250140197 -4.82586616e-08 -1.31306776e-08 1
LGIC_C 184 0.688750526 -0.0499466852 0.0250140144 -4.34088182e-08 2.48392526e-08 1
LGIC_C 185 0.380741727 -0.223805581 0.0250140037 -3.05989503e-08 3.95603122e-08 1
LGIC_C 186 -0.621032986 -0.273272928 0.0250140043 5.39043203e-09 6.47688584e-08 1
LGIC_C 188 -0.767795387 0.0615566494 0.0250140171 4.34088259e-08 -8.63455061e-09 1
LGIC_C 189 -0.55329601 0.306251761 0.0250140151 4.20574045e-08 -2.81018523e-08 1
LGIC_C 190 0.35234628 -0.698194411 0.0250140176 -2.45891087e-08 3.68002429e-08 1
LGIC_C 191 -0.469016152 -0.259432091 0.0250140026 5.39043203e-09 6.47688584e-08 1
LGIC_C 192 -0.256955754 0.0955966181 0.0250139952 4.34088259e-08 -8.63455061e-09 1
LGIC_C 193 0.215228687 0.0695419547 0.0250139946 -4.96100911e-08 -9.86803575e-09 1
LGIC_C 194 -0.719605524 0.356626305 0.0250140185 3.68002297e-08 -2.45891157e-08 1
LGIC_C 195 0.37773135 0.399845073 0.0250140107 -2.81018716e-08 -4.20573923e-08 1
LGIC_C 196 0.72118798 0.367884389 0.0250140188 -3.68002282e-08 -2.45891172e-08 1
LGIC_C 197 -0.243618365 -0.550086828 0.0250140095 2.45891453e-08 3.68002268e-08 1
LGIC_C 198 0.505725738 -0.0688996702 0.0250140058 -4.34088226e-08 8.63456802e-09 1
LGIC_C 199 0.662811983 0.224848991 0.0250140147 -4.96100869e-08 6.3366408e-09 1
LGIC_C 200 0.698700031 -0.314038463 0.0250140167 -3.68002179e-08 2.45891393e-08 1
LGIC_C 201 0.231275159 0.120380617 0.0250139964 -4.20574004e-08 -2.81018564e-08 1
LGIC_C 202 -0.0217612773 -0.34687263 0.0250139988 2.48392553e-08 4.34088306e-08 1
LGIC_C 203 -0.163975626 -0.00515222265 0.0250139912 4.96100935e-08 -4.19869172e-08 1
LGIC_C 204 -0.401982362 0.559893337 0.0250140181 2.8101852e-08 -4.20574041e-08 1
LGIC_C 205 -0.0557522277 0.247273203 0.0250139961 9.86805557e-09 -4.96100883e-08 1
LGIC_C 206 0.682796404 -0.353500486 0.025014017 -3.68002179e-08 2.45891393e-08 1
LGIC_C 207 -0.145563628 -0.458323483 0.0250140026 -4.89847109e-08 5.78784581e-08 1
LGIC_C 208 -0.465238614 0.422036969 0.0250140113 -4.82586679e-08 1.31306769e-08 -1
LGIC_C 209 -0.0300044345 0.00106290466 0.0250139875 -1.38908237e-07 2.76305608e-08 -1
LGIC_C 210 0.102314312 0.277396408 0.025013998 -9.86806672e-09 -4.96100854e-08 1
LGIC_C 212 -0.386208653 -0.559012237 0.0250140129 -5.56021111e-08 -1.45571543e-08 -1
LGIC_C 213 0.349551288 -0.386875046 0.0250140093 -2.81018481e-08 4.20574137e-08 1
LGIC_C 214 0.46246837 -0.0913241421 0.0250140041 -4.34088226e-08 8.63456802e-09 1
LGIC_C 215 -0.51529545 -0.0236134443 0.0250140058 4.34088238e-08 8.63459484e-09 1
LGIC_C 216 0.157251051 -0.214698261 0.0250139957 -1.31306721e-08 4.82586744e-08 1
LGIC_C 217 0.456456956 -0.364272217 0.0250140162 -3.37890406e-08 4.80634332e-08 1
LGIC_C 218 -0.285436483 0.485839021 0.0250140105 1.31306824e-08 -4.82586643e-08 1
LGIC_C 219 -0.268993427 -0.440069351 0.0250140074 3.95603082e-08 3.05989652e-08 1
LGIC_C 220 -0.728746325 -0.304499511 0.0250140176 3.68002489e-08 2.45891179e-08 1
LGIC_C 221 0.654130121 -0.42996426 0.0250140179 -3.68002179e-08 2.45891393e-08 1
LGIC_C 222 -0.525402128 -0.213180332 0.0250140033 5.7878436e-08 -4.89847332e-08 1
LGIC_C 223 0.216281999 0.384365998 0.0250140066 -4.80634192e-08 -3.37890445e-08 1
LGIC_C 224 -0.386074776 0.0475041059 0.025014001 4.96100851e-08 2.90231542e-08 1
LGIC_C 225 0.215954002 -0.665493233 0.025014014 -8.63454093e-09 4.34088369e-08 1
LGIC_C 226 0.385827567 -0.156139137 0.0250140013 -4.34088226e-08 8.63456802e-09 1
LGIC_C 227 -0.175855227 0.4843628 0.0250140058 8.63455111e-09 -4.34088279e-08 1
LGIC_C 228 0.258459515 -0.318134624 0.025014002 -1.31306721e-08 4.82586744e-08 1
LGIC_C 229 -0.528100187 -0.0659270898 0.0250140068 4.34088238e-08 8.63459484e-09 1
LGIC_C 230 -0.671702899 -0.17152802 0.0250140078 -4.34088282e-08 2.70157287e-08 -1
LGIC_C 231 0.564132682 0.235472702 0.0250140136 -4.20574004e-08 -2.81018564e-08 1
LGIC_C 232 -0.321864447 0.797370209 -0.011361534 -0.194186261 0.976241022 0.0961517721
LGIC_C 233 0.306130324 0.252468812 0.0250140013 -4.82586616e-08 -1.31306776e-08 1
LGIC_C 234 0.000920301833 -0.435384692 0.0250140021 -8.63454093e-09 4.34088369e-08 1
LGIC_C 235 0.37280618 0.449811282 0.0250140126 -2.81018716e-08 -4.20573923e-08 1
LGIC_C 236 0.28148436 0.00588141587 0.0250139972 -4.96100869e-08 6.3366408e-09 1
LGIC_C 239 0.490505551 -0.210375285 0.0250140098 -4.20573976e-08 2.81018683e-08 1
LGIC_C 240 0.13760818 -0.245124785 0.025013999 -1.28239349e-08 5.73353226e-08 1
LGIC_C 241 -0.161623978 0.196670254 0.0250139961 2.8101852e-08 -4.20574041e-08 1
LGIC_C 242 0.608350132 -0.314649114 0.0250140189 -3.37890406e-08 4.80634332e-08 1
LGIC_C 243 -0.658285669 0.250747745 0.0250140184 4.96100897e-08 -9.86805572e-09 1
LGIC_C 246 0.387748939 0.392241579 0.0250140072 -2.45891309e-08 -3.68002211e-08 1
LGIC_C 247 -0.466945561 0.631082576 0.025014018 2.45891128e-08 -3.68002333e-08 1
LGIC_C 248 0.109276626 -0.0721935877 0.025013989 -3.68002179e-08 2.45891393e-08 1
LGIC_C 249 0.510686477 -0.0499898405 0.0250140101 -4.96100802e-08 3.14742968e-08 1
LGIC_C 250 0.243435813 0.544374467 0.0250140133 -4.80634192e-08 -3.37890445e-08 1
LGIC_C 251 0.0184643747 0.573192003 0.0250140116 -6.33660387e-09 4.96100877e-08 -1
LGIC_C 252 0.171593943 0.52251407 0.0250140146 -3.14742949e-08 -4.96100822e-08 1
LGIC_C 253 0.501518209 0.274747149 0.025014011 -4.82586616e-08 -1.31306776e-08 1
LGIC_C 255 -0.711390534 -0.0971382951 0.0250140115 -4.34088282e-08 2.70157287e-08 -1
LGIC_C 256 -0.31694378 0.566053024 0.0250140119 2.45891128e-08 -3.68002333e-08 1
LGIC_C 257 0.306096678 0.32242815 0.0250140026 -2.45891309e-08 -3.68002211e-08 1
LGIC_C 258 -0.314543189 0.57626148 0.0250140122 2.45891128e-08 -3.68002333e-08 1
LGIC_C 260 -0.0450995527 -0.585729302 0.0250140127 9.8680833e-09 4.96100963e-08 1
LGIC_C 261 0.0780094882 0.648933502 0.0250140121 -8.63455884e-09 -4.34088253e-08 1
LGIC_C 262 -0.350847306 0.379990851 0.0250140062 1.31306824e-08 -4.82586643e-08 1
LGIC_C 263 -0.67756826 -0.146122714 0.0250140087 -4.34088282e-08 2.70157287e-08 -1
LGIC_C 264 0.425805822 -0.372537083 0.0250140081 -3.68002179e-08 2.45891393e-08 1
LGIC_C 265 0.201311393 -0.0209752509 0.0250139951 -5.78784275e-08 1.15127558e-08 1
LGIC_C 266 -0.153770614 -0.332001788 0.0250139995 3.95603082e-08 3.05989652e-08 1
LGIC_C 267 -0.310360978 -0.259081351 0.0250140022 1.45571809e-08 5.5602105e-08 1
LGIC_C 268 -0.0345373455 -0.511229695 0.0250140076 -2.90231482e-08 4.96101036e-08 1
LGIC_C 269 -0.077223677 0.575885541 0.0250140113 -6.33661298e-09 -4.96100859e-08 1
LGIC_C 271 -0.477955871 -0.410982328 0.0250140109 3.68002489e-08 2.45891179e-08 1
LGIC_C 272 -0.34942473 0.245611289 0.0250140034 -4.82586679e-08 1.31306769e-08 -1
LGIC_C 273 0.741855812 -0.193329874 0.0250140202 -4.34088182e-08 2.48392526e-08 1
LGIC_C 274 -0.330430343 0.425979817 0.0250140071 2.45891128e-08 -3.68002333e-08 1
LGIC_C 275 -0.00699379468 -0.482231764 0.0250140044 2.48392553e-08 4.34088306e-08 1
LGIC_C 276 -0.0987079774 -0.453068131 0.0250140028 -2.90231482e-08 4.96101036e-08 1
LGIC_C 278 0.350083771 0.308922751 0.0250140037 -3.68002282e-08 -2.45891172e-08 1
LGIC_C 279 0.134658957 -0.0192635401 0.0250139892 -4.34088226e-08 8.63456802e-09 1
LGIC_C 280 -0.248200483 -0.169406878 0.0250139963 1.45571809e-08 5.5602105e-08 1
LGIC_C 281 0.433678399 0.481320599 0.0250140204 -4.80634192e-08 -3.37890445e-08 1
LGIC_C 282 -0.263150515 -0.446270948 0.0250140073 3.95603082e-08 3.05989652e-08 1
LGIC_C 283 -0.267577913 -0.484881043 0.0250140065 7.55636799e-08 6.2887973e-09 1
LGIC_C 284 0.231597522 -0.757365197 0.0250140181 -8.63454093e-09 4.34088369e-08 1
LGIC_C 286 -0.596432411 0.00870630455 0.0250140126 4.96100851e-08 2.90231542e-08 1
LGIC_C 287 -0.0638295196 -0.126597535 0.0250139895 2.45891453e-08 3.68002268e-08 1
LGIC_C 288 0.0436074736 -0.427095804 0.0250140041 6.33663526e-09 4.9610097e-08 1
LGIC_C 289 0.0323718992 -0.00493144186 0.0250139847 -4.34088226e-08 8.63456802e-09 1
LGIC_C 290 -0.375306284 -0.541761193 0.0250140166 2.81018674e-08 4.20574117e-08 1
LGIC_C 291 -0.507974175 0.42591881 0.0250140124 3.68002297e-08 -2.45891157e-08 1
LGIC_C 292 0.389716948 0.402795363 0.0250140111 -2.81018716e-08 -4.20573923e-08 1
LGIC_C 293 -0.684011904 -0.0701921092 0.0250140152 -4.96100919e-08 2.90231703e-08 -1
LGIC_C 295 -0.18159077 0.130331723 0.0250139943 6.28881943e-09 -7.55636452e-08 1
LGIC_C 296 0.503501971 0.237255715 0.0250140111 -4.20574004e-08 -2.81018564e-08 1
LGIC_C 297 0.0424008328 0.353220817 0.025013999 -8.63455884e-09 -4.34088253e-08 1
LGIC_C 298 0.211988624 -0.531408619 0.0250140117 -9.86804037e-09 4.96101e-08 1
LGIC_C 299 -0.0293055742 -0.365003236 0.0250140016 9.8680833e-09 4.96100963e-08 1
LGIC_C 300 0.354206432 -0.0456207767 0.0250139997 -4.34088182e-08 2.48392526e-08 1
LGIC_C 301 0.149239731 0.393941606 0.0250140016 -8.63455884e-09 -4.34088253e-08 1
LGIC_C 302 0.389763543 0.359612155 0.0250140097 -4.20574004e-08 -2.81018564e-08 1
LGIC_C 303 -0.0152847013 0.360981756 0.0250140013 9.86805557e-09 -4.96100883e-08 1
LGIC_C 304 -0.130218151 0.320307483 0.0250139983 -6.33661298e-09 -4.96100859e-08 1
LGIC_C 305 -0.431560375 0.266265761 0.0250140057 3.68002297e-08 -2.45891157e-08 1
LGIC_C 306 0.206798399 0.0941159474 0.0250139948 3.37890593e-08 4.80634111e-08 -1
LGIC_C 307 -0.431907001 0.270628875 0.0250140077 -4.82586679e-08 1.31306769e-08 -1
LGIC_C 308 0.654977252 -0.306106028 0.0250140149 -3.68002179e-08 2.45891393e-08 1
LGIC_C 309 0.132122984 0.120320591 0.0250139911 -3.68002282e-08 -2.45891172e-08 1
LGIC_C 310 0.153549747 0.82123864 0.0250140202 -8.63455884e-09 -4.34088253e-08 1
LGIC_C 311 0.594064155 0.597618187 0.0250140199 -2.45891309e-08 -3.68002211e-08 1
LGIC_C 312 0.273438489 0.215348853 0.0250140008 -4.20574004e-08 -2.81018564e-08 1
LGIC_C 313 0.683621746 0.321974705 0.0250140163 -3.68002282e-08 -2.45891172e-08 1
LGIC_C 314 -0.224254907 0.539958289 0.0250140087 2.45891128e-08 -3.68002333e-08 1
LGIC_C 315 -0.0570980039 0.00588957152 0.0250139862 4.96100897e-08 -9.86805572e-09 1
LGIC_C 318 -0.200982988 -0.386351356 0.0250140001 -5.56021111e-08 -1.45571543e-08 -1
LGIC_C 319 -0.498544932 -0.0963539546 0.0250140023 -4.34088282e-08 2.70157287e-08 -1
LGIC_C 320 0.365571009 0.610609476 0.0250140192 -2.81018716e-08 -4.20573923e-08 1
LGIC_C 322 0.597071431 0.248486623 0.0250140153 -4.82586616e-08 -1.31306776e-08 1
LGIC_C 323 -0.324607762 -0.596916442 0.0250140175 2.81018674e-08 4.20574117e-08 1
LGIC_C 324 0.041464869 0.694756623 0.0250140175 -6.33660387e-09 4.96100877e-08 -1
LGIC_C 325 0.482964446 0.611517361 0.0250140176 -2.45891309e-08 -3.68002211e-08 1
LGIC_C 326 0.218740326 0.686343188 0.0250140159 -6.33660387e-09 4.96100877e-08 -1
LGIC_C 327 -0.325379923 -0.0553298259 0.0250139978 -4.96100919e-08 2.90231703e-08 -1
LGIC_C 328 -0.452635604 0.0777273712 0.0250140049 4.34088279e-08 -2.48392273e-08 1
LGIC_C 329 0.622900384 -0.190817989 0.025014016 -4.96100859e-08 9.86807898e-09 1
LGIC_C 330 0.349045721 -0.0457565194 0.025014002 -4.96100802e-08 3.14742968e-08 1
LGIC_C 331 0.203162599 -0.124604341 0.0250139944 -3.05989503e-08 3.95603122e-08 1
LGIC_C 332 -0.0128214069 -0.398958168 0.0250140032 9.8680833e-09 4.96100963e-08 1
LGIC_C 333 0.548720431 0.178210857 0.0250140086 -4.34088272e-08 -8.63453573e-09 1
LGIC_C 334 0.215021502 0.748737825 0.0250140176 -8.63455884e-09 -4.34088253e-08 1
LGIC_C 335 0.187638286 0.529642304 0.0250140079 -8.63455884e-09 -4.34088253e-08 1
LGIC_C 336 -0.669979444 0.00352491792 0.0250140124 4.34088279e-08 -2.48392273e-08 1
LGIC_C 337 -0.0194426453 -0.0169469057 0.0250139844 5.39043203e-09 6.47688584e-08 1
LGIC_C 338 -0.238181087 0.338123984 0.0250140016 2.45891128e-08 -3.68002333e-08 1
LGIC_C 339 0.125506224 -0.192827212 0.0250139942 -1.31306721e-08 4.82586744e-08 1
LGIC_C 340 -0.284191561 0.557706772 0.0250140147 2.8101852e-08 -4.20574041e-08 1
LGIC_C 341 -0.00864977416 -0.737278587 0.0250140153 8.63456455e-09 4.34088336e-08 1
LGIC_C 342 -0.801081307 -0.0838605091 0.0250140158 -4.34088282e-08 2.70157287e-08 -1
LGIC_C 343 0.214438745 0.472064923 0.0250140089 1.3130701e-08 4.82586573e-08 -1
LGIC_C 344 -0.119520547 0.00864516908 0.0250139897 5.7878425e-08 4.89846948e-08 1
LGIC_C 346 0.34509405 0.329835587 0.0250140041 -3.68002282e-08 -2.45891172e-08 1
LGIC_C 347 0.467560962 -0.140870716 0.0250140078 -4.96100859e-08 9.86807898e-09 1
LGIC_C 349 -0.20973802 -0.510741021 0.0250140025 -2.90231482e-08 4.96101036e-08 1
LGIC_C 350 -0.290718341 0.404400911 0.0250140053 2.45891128e-08 -3.68002333e-08 1
LGIC_C 352 -0.182465822 -0.276844194 0.0250139989 3.95603082e-08 3.05989652e-08 1
LGIC_C 353 -0.32544129 0.156744169 0.0250140014 4.20574045e-08 -2.81018523e-08 1
LGIC_C 354 0.1849335 0.213938152 0.0250139974 -2.81018716e-08 -4.20573923e-08 1
LGIC_C 355 0.068920915 -0.52032464 0.0250140127 1.00935263e-08 5.7878447e-08 1
LGIC_C 356 0.0994521721 0.682497197 0.0250140137 -8.63455884e-09 -4.34088253e-08 1
LGIC_C 357 0.707264805 0.190136628 0.0250140171 -4.96100869e-08 6.3366408e-09 1
LGIC_C 358 0.103577067 -0.0729142504 0.0250139907 -4.90669481e-08 3.27855328e-08 1
LGIC_C 359 -0.282635215 0.220121079 0.0250140017 6.28881943e-09 -7.55636452e-08 1
LGIC_C 360 -0.484340061 0.445217347 0.0250140125 -4.82586679e-08 1.31306769e-08 -1
LGIC_C 361 0.609887874 -0.124670966 0.0250140147 -4.96100859e-08 9.86807898e-09 1
LGIC_C 362 -0.452308301 -0.0999566924 0.0250140028 -4.96100919e-08 2.90231703e-08 -1
LGIC_C 363 -0.302320979 0.399148688 0.0250140065 1.31306824e-08 -4.82586643e-08 1
LGIC_C 365 0.583172032 -0.402051536 0.0250140191 -4.20573976e-08 2.81018683e-08 1
LGIC_C 366 -0.319787508 -0.70364238 0.0250140174 3.95603082e-08 3.05989652e-08 1
LGIC_C 367 0.40542544 -0.0979581172 0.0250140033 -4.34088182e-08 2.48392526e-08 1
LGIC_C 368 -0.154441062 -0.369962326 0.0250140007 3.95603082e-08 3.05989652e-08 1
LGIC_C 369 -0.121811441 -0.659412326 0.0250140124 -2.90231482e-08 4.96101036e-08 1
LGIC_C 370 -0.292871169 -0.616570921 0.0250140131 2.45891453e-08 3.68002268e-08 1
LGIC_C 371 0.26435082 0.00750029591 0.0250139948 -4.34088272e-08 -8.63453573e-09 1
LGIC_C 372 -0.0110729071 0.407433984 0.025014001 8.63455111e-09 -4.34088279e-08 1
LGIC_C 373 -0.696118101 0.473207446 0.0203238816 -0.827617296 0.552995934 0.0961514895
LGIC_C 374 0.0218527706 -0.160533903 0.0250139911 6.33663526e-09 4.9610097e-08 1
LGIC_C 375 0.15952644 -0.671277603 0.0250140205 1.00935263e-08 5.7878447e-08 1
LGIC_C 376 0.389543617 0.379177449 0.0250140103 -4.20574004e-08 -2.81018564e-08 1
LGIC_C 377 0.284797113 0.133875588 0.025013997 -3.68002282e-08 -2.45891172e-08 1
LGIC_C 378 -0.573503255 0.0532226314 0.0250140102 4.96100851e-08 2.90231542e-08 1
LGIC_C 379 -0.0448734472 -0.473042919 0.0250140071 9.8680833e-09 4.96100963e-08 1
LGIC_C 380 0.123095314 0.594811201 0.025014014 -9.86806672e-09 -4.96100854e-08 1
LGIC_C 381 0.00398028293 0.646913191 0.0250140154 -9.86806672e-09 -4.96100854e-08 1
LGIC_C 382 0.538108507 -0.288291944 0.0250140153 -3.37890406e-08 4.80634332e-08 1
LGIC_C 384 -0.45572446 -0.443786336 0.0250140196 6.28883752e-09 7.55636663e-08 1
LGIC_C 386 0.476936845 -0.42080776 0.0250140111 -3.68002179e-08 2.45891393e-08 1
LGIC_C 387 0.541926468 -0.233252246 0.0250140127 -3.37890406e-08 4.80634332e-08 1
LGIC_C 388 -0.00980192248 0.428031325 0.0250140048 -3.14742797e-08 4.96100914e-08 -1
LGIC_C 390 0.536213393 -0.0920977828 0.0250140088 -4.34088182e-08 2.48392526e-08 1
LGIC_C 392 -0.21131731 -0.541074942 0.0250140039 -2.90231482e-08 4.96101036e-08 1
LGIC_C 393 -0.0318875554 -0.26725032 0.0250139951 8.63456455e-09 4.34088336e-08 1
LGIC_C 395 0.346889742 0.383283467 0.0250140063 1.3130701e-08 4.82586573e-08 -1
LGIC_C 396 0.243456737 0.393835837 0.0250140055 1.3130701e-08 4.82586573e-08 -1
LGIC_C 397 -0.645681711 0.255630008 0.0250140135 4.34088259e-08 -8.63455061e-09 1
LGIC_C 398 -0.56467341 0.244366344 0.0250140141 3.37890593e-08 -4.80634052e-08 1
LGIC_C 399 0.585913747 -0.174767 0.0250140178 -4.96100802e-08 3.14742968e-08 1
NT 7181 1.49355512 -5.07434967 -0.944417755 0 0 0
NT 7817 -0.164564767 5.30938655 -0.5857358 0 0 0
LGIC_O 4402 -0.0345878633 0.265675272 0.025013999 1.15127271e-08 -5.78784352e-08 1
LGIC_O 4401 -0.1840676 0.0972239463 0.0250139942 3.37890593e-08 -4.80634052e-08 1
LGIC_O 4400 -0.175025146 0.0137516014 0.0250139927 5.7878425e-08 4.89846948e-08 1
LGIC_O 8441 0.636913646 -0.12672076 0.0250140188 -4.96100802e-08 3.14742968e-08 1
LGIC_O 8440 0.314831804 -0.521242477 0.0250140191 -3.27854948e-08 4.90669785e-08 1
LGIC_O 8439 0.567487089 -0.204519113 0.0250140184 -5.78784275e-08 1.15127558e-08 1
LGIC_O 8438 -0.495463838 -0.478991786 0.0250140171 1.45571809e-08 5.5602105e-08 1
LGIC_O 8437 -0.0865332912 0.0753896135 0.0250139898 3.37890593e-08 -4.80634052e-08 1
LGIC_O 8436 0.281965125 0.349247805 0.0250140096 -3.27855134e-08 -4.90669575e-08 1
LGIC_O 8435 -0.281577291 0.489075666 0.0250140165 3.27854968e-08 -4.90669676e-08 1
LGIC_O 8434 -0.605092982 -0.110313414 0.0250140129 5.7878436e-08 -4.89847332e-08 1
LGIC_O 8433 0.701586212 -0.0117142491 0.0250140184 -4.96100802e-08 3.14742968e-08 1
LGIC_O 8432 0.426050556 0.664856809 0.0250140182 -2.45891309e-08 -3.68002211e-08 1
LGIC_O 8431 -0.53569519 -0.176489801 0.025014008 4.34088238e-08 8.63459484e-09 1
LGIC_O 8430 -0.206044735 -0.180448528 0.0250139982 6.28883752e-09 7.55636663e-08 1
LGIC_O 8429 0.342033035 -0.34268384 0.0250140113 -3.27854948e-08 4.90669785e-08 1
LGIC_O 8428 0.576112066 -0.314703408 0.0250140178 -3.37890406e-08 4.80634332e-08 1
LGIC_O 8427 0.236726308 -0.318077646 0.0250140066 -3.27854948e-08 4.90669785e-08 1
LGIC_O 8426 -0.0976488914 -0.110862836 0.0250139913 7.55636799e-08 6.2887973e-09 1
LGIC_O 8425 0.534646383 -0.195059479 0.0250140164 -5.78784275e-08 1.15127558e-08 1
LGIC_O 8424 0.219544679 -0.315091025 0.0250140059 -3.27854948e-08 4.90669785e-08 1
LGIC_O 8423 -0.608846757 -0.593779315 0.0250140203 3.68002489e-08 2.45891179e-08 1
LGIC_O 8422 0.564815598 -0.372450199 0.0250140202 -3.37890406e-08 4.80634332e-08 1
LGIC_O 8421 0.550750457 0.0902902064 0.0250140162 -5.78784335e-08 -1.15127284e-08 1
LGIC_O 8420 0.175418091 0.0610257495 0.0250139941 -5.78784335e-08 -1.15127284e-08 1
LGIC_O 8419 0.142777714 0.100831833 0.0250139936 -4.90669739e-08 -3.27854893e-08 1
LGIC_O 4418 0.0575220985 -0.190210297 0.0250139949 -1.15127059e-08 5.78784511e-08 1
LGIC_O 4417 -0.118754336 -0.170834128 0.0250139938 2.81018674e-08 4.20574117e-08 1
LGIC_O 4416 0.593239316 0.0786534269 0.0250140185 -5.78784335e-08 -1.15127284e-08 1
LGIC_O 4415 0.0853954366 -0.420999761 0.0250140086 -1.15127059e-08 5.78784511e-08 1
LGIC_O 4414 -0.374457097 -0.228026162 0.0250140026 3.68002489e-08 2.45891179e-08 1
LGIC_O 4413 0.577482781 -0.285169834 0.0250140164 -3.37890406e-08 4.80634332e-08 1
LGIC_O 4412 -0.484325859 0.306166979 0.0250140144 3.37890593e-08 -4.80634052e-08 1
LGIC_O 4411 0.44777829 -0.0963194904 0.0250140103 -5.78784275e-08 1.15127558e-08 1
LGIC_O 4410 0.28281874 -0.503567977 0.0250140172 -3.27854948e-08 4.90669785e-08 1
LGIC_O 4409 -0.116204576 -0.152585731 0.025013993 7.55636799e-08 6.2887973e-09 1
LGIC_O 4408 -0.333519821 0.289166147 0.0250140084 3.37890593e-08 -4.80634052e-08 1
LGIC_O 4407 -0.148720782 -0.636306108 0.0250140163 9.8680833e-09 4.96100963e-08 1
LGIC_O 4406 0.336173082 -0.328141715 0.0250140105 -4.90669481e-08 3.27855328e-08 1
LGIC_O 4405 -0.249510429 -0.168914007 0.0250139976 6.28883752e-09 7.55636663e-08 1
LGIC_O 4404 0.0811982327 0.141649416 0.0250139929 -3.27855134e-08 -4.90669575e-08 1
LGIC_O 4403 0.0533120499 -0.19689515 0.0250139952 -1.15127059e-08 5.78784511e-08 1
