VGCC_O 2 0.119933892 -0.04777957 0.0466929781 -1.41802115e-06 2.82063236e-07 -1
VGCC_O 8 -0.134706799 0.0161271258 0.0466933331 -1.62059677e-06 3.22356891e-07 -1
CaBS 10 0.122477561 -0.0157463739 0.0752824995 0.999896301 0.01419805 -0.0024089266
CaBS 11 0.0919728633 -0.0135241881 0.075321083 -0.748611723 0.322508223 0.579283121
CaBS 13 0.0907659892 -0.023629849 0.0610676432 -0.999896295 -0.0141984568 0.00240892729
CaBS 14 0.092852233 -0.0258736488 0.0803904275 -0.321328743 -0.750213836 0.577864204
CaBS 15 0.100730125 -0.0273839749 0.0828102443 -0.321328743 -0.750213836 0.577864204
CaBS 16 0.109687345 -0.000256772794 0.0714709433 0.324116486 0.74980293 0.576839726
CaBS 17 0.12183972 -0.0269514362 0.0728916246 0.751399702 -0.322919474 0.575431578
CaBS 19 0.122496669 -0.0177607759 0.0713414165 0.999896301 0.01419805 -0.0024089266
CaBS 20 0.10499212 -0.0202975363 0.0535019101 -0.333750671 -0.131704002 -0.933415527
CaBS 21 0.100071961 -0.0229040991 0.0838493904 -0.329239867 -0.132369096 0.934922207
CaBS 22 0.104752595 -0.0116729642 0.0864237903 0.333750516 0.131703927 0.933415593
CaBS 23 0.0928073565 -0.0272717766 0.0636923028 -0.735818491 -0.677177075 0.00153536998
CaBS 24 0.100888743 -0.0139420766 0.0854058962 -0.329239867 -0.132369096 0.934922207
Ca 8 0.0187214847 0.113409719 1.28578491 0 0 0
Ca 6 0.307101766 0.360768384 0.482664359 0 0 0
Ca 4 0.389612342 -0.28884173 0.617331049 0 0 0
Ca 6 -0.299206927 0.248841532 0.0627278445 0 0 0
Ca 7 -0.573888413 0.100435745 0.384421507 0 0 0
Ca 4 -0.110943766 0.00249353642 0.717906075 0 0 0
Ca 8 0.244512396 0.191548988 0.106440917 0 0 0
Ca 4 0.188853716 0.445579131 0.512266876 0 0 0
Ca 1 -0.00956676501 0.13344107 0.621742286 0 0 0
Ca 4 0.046634744 0.274113122 0.419557422 0 0 0
Ca 4 0.0603790151 -0.709765902 0.609047359 0 0 0
Ca 1 -0.145331582 0.0746205402 0.373078707 0 0 0
Ca 1 -0.609463108 -0.0840435228 0.418666921 0 0 0
Ca 6 0.0503332397 -0.616652382 0.304123105 0 0 0
Ca 7 -0.306994203 0.179370444 0.496980121 0 0 0
Ca 4 -0.22824368 0.183009852 0.350499357 0 0 0
Ca 4 -0.415562031 0.556826259 0.307975157 0 0 0
Ca 4 -0.381460724 0.208744292 0.604472948 0 0 0
Ca 6 -0.240175605 0.147514729 0.63063981 0 0 0
Ca 8 -0.701541526 -0.0235435494 0.474401642 0 0 0
Ca 1 0.0715524491 0.634840573 0.105765872 0 0 0
Ca 6 0.152099948 -0.141731924 0.560639939 0 0 0
Ca 8 0.0204090195 0.154789394 0.356639834 0 0 0
Ca 8 -0.362077208 0.0739966948 0.19600074 0 0 0
Ca 1 -0.00201926374 0.516074804 0.757314852 0 0 0
Ca 7 -0.0771590897 -0.0304272753 0.277986952 0 0 0
Ca 1 0.0112480647 -0.0902951574 0.411820812 0 0 0
Ca 6 0.608338771 0.173314389 0.099745209 0 0 0
Ca 8 -0.0714722891 0.364880422 0.320879862 0 0 0
Ca 7 0.140934356 0.30482449 0.786245972 0 0 0
Ca 8 -0.00716895007 0.286745045 0.250109943 0 0 0
Ca 8 0.110294525 -0.51615069 0.527106559 0 0 0
Ca 4 -0.615576105 -0.158845105 0.720554278 0 0 0
Ca 7 -0.169671084 0.000226846724 0.598143219 0 0 0
Ca 6 0.159312082 -0.326414999 0.641894756 0 0 0
Ca 4 0.285146618 0.580272135 0.377139551 0 0 0
Ca 4 -0.271245161 -0.037239864 0.475121399 0 0 0
Ca 1 -0.175517338 0.654714795 0.329477545 0 0 0
Ca 7 -0.0639497157 0.521630617 0.182510311 0 0 0
Ca 1 0.350667386 0.154015536 0.0575487641 0 0 0
Ca 1 -0.223859982 -0.623264393 0.108232363 0 0 0
Ca 6 0.026577954 0.228384834 0.7671727 0 0 0
Ca 7 -0.520951574 0.32190849 0.261267068 0 0 0
Ca 4 -0.323560221 0.160208789 0.317714245 0 0 0
Ca 8 0.0224620606 0.538805265 0.421574869 0 0 0
Ca 4 0.134043084 -0.259281018 0.244076719 0 0 0
Ca 6 0.344944086 0.476654524 0.510302088 0 0 0
Ca 4 -0.00538831164 0.122303021 0.333121622 0 0 0
Ca 7 -0.311745485 0.0226650253 0.175903623 0 0 0
Ca 8 0.10201873 -0.302522126 0.434756237 0 0 0
Ca 1 -0.170469636 0.249659888 0.136630542 0 0 0
Ca 7 0.148303447 0.19580953 0.403097607 0 0 0
Ca 6 -0.014152239 0.356046277 0.551283138 0 0 0
Ca 7 -0.252852331 0.15091363 0.284927246 0 0 0
Ca 6 -0.417914441 0.454183031 0.105612752 0 0 0
Ca 4 -0.0111191743 0.219941074 0.347645936 0 0 0
Ca 6 0.0454544258 -0.224254155 0.490119613 0 0 0
Ca 4 -0.481626117 -0.471624828 0.433641968 0 0 0
Ca 4 -0.38989773 -0.105893111 0.332171346 0 0 0
Ca 6 0.0215482441 0.0921062701 0.161060531 0 0 0
Ca 4 -0.382502349 0.193700501 0.0856620992 0 0 0
Ca 1 -0.0976351452 -0.435431214 0.458749241 0 0 0
Ca 8 -0.0672693998 0.246713727 0.114060447 0 0 0
Ca 8 0.164904927 0.274364771 0.516581194 0 0 0
Ca 1 -0.416320895 0.120683148 0.37197409 0 0 0
Ca 1 0.0226503203 0.289879389 0.0755497253 0 0 0
Ca 8 -0.486708103 -0.220081574 0.305272932 0 0 0
Ca 1 -0.203426669 0.173931076 0.0496747473 0 0 0
Ca 8 -0.419514444 0.0486163887 0.448327909 0 0 0
Ca 4 -0.121444302 -0.365764353 0.0866805923 0 0 0
Ca 8 -0.346005371 0.119368402 0.154190215 0 0 0
Ca 8 -0.217924925 -0.0769589334 0.198764271 0 0 0
Ca 7 -0.212837449 -0.0528036966 0.213820697 0 0 0
Ca 8 -0.151668795 -0.263780631 0.573059078 0 0 0
Ca 4 0.0455246651 0.16300653 0.3866001 0 0 0
Ca 1 -0.19528002 0.228033228 0.117809894 0 0 0
Ca 8 -0.281151289 -0.0304900704 0.30580477 0 0 0
Ca 7 -0.420777064 0.0363269643 0.159587283 0 0 0
Ca 1 -0.143467699 0.155636636 0.128939951 0 0 0
Ca 6 -0.323607952 0.144262936 0.0780584863 0 0 0
Ca 1 -0.232449063 0.355295821 0.0978822784 0 0 0
Ca 4 0.0992958076 0.166443171 0.155013403 0 0 0
Ca 8 -0.292084837 -0.0633739749 0.178358862 0 0 0
Ca 4 -0.237657328 -0.109787811 0.102157607 0 0 0
Ca 6 -0.122419473 0.0209423889 0.114305802 0 0 0
Ca 1 -0.132404607 0.0155211894 0.0651021203 0 0 0
Ca 7 -0.0891249075 0.111461436 0.0618920934 0 0 0
Ca 8 -0.0840613581 -0.0386708536 0.0698732065 0 0 0
Ca 8 -0.0863687606 0.173628796 0.10088023 0 0 0
Ca 6 -0.14377166 0.0379530993 0.0467689221 0 0 0
Ca 7 -0.123561792 0.0928693511 0.063767425 0 0 0
Ca 6 -0.118612294 0.0195042875 0.0466865022 0 0 0
Ca 7 -0.159820398 0.0241710269 0.0539921153 0 0 0
VGCC_O 0 0.11238887 -0.0311459409 0.0466929927 -1.01287282e-06 -1.51427976e-07 -1
VGCC_O 7 -0.137449801 0.00579357966 0.0466933342 -1.62059625e-06 3.22356338e-07 -1
VGCC_O 4 -0.108229728 0.00324736392 0.0466932869 -8.10297798e-07 1.61178104e-07 -1
VGCC_O 6 -0.12622171 0.0241576588 0.046693322 -1.62059677e-06 3.22356891e-07 -1
VGCC_O 3 0.0772568984 -0.00428239309 0.046693036 -1.41802159e-06 2.82063681e-07 -1
VGCC_O 5 0.113746944 -0.0200409323 0.0466929896 -1.01287282e-06 -1.51427976e-07 -1
VGCC_O 9 0.0953603447 -0.018533153 0.0466930096 -1.14792244e-06 -1.24564753e-07 -1
VGCC_O 1 -0.126159285 0.0151063295 0.0466933189 -1.62059625e-06 3.22356338e-07 -1
TAG 41 -0.105784995 0.0105052503 0.0536665039 -0.333750681 -0.131703993 -0.933415524
TAG 73 0.105323475 -0.00357186878 0.063445091 -0.346545998 0.867982935 -0.355684546
TAG 71 -0.096079873 0.00270213046 0.0564810255 0.74861179 -0.322508554 -0.579282851
TAG 70 -0.118208439 0.00383577013 0.0653592954 -0.735818461 -0.677177107 0.0015353549
TAG 69 -0.119239302 0.00795267007 0.0681959954 -0.999896295 -0.0141984574 0.00240892698
TAG 67 -0.115078276 0.000454692191 0.0742448755 -0.735818461 -0.677177107 0.0015353549
TAG 65 0.119072188 -0.020557456 0.0800936336 0.751399702 -0.322919474 0.575431578
TAG 63 -0.104896891 0.0149528875 0.0527352849 0.329239713 0.132369034 -0.93492227
TAG 62 -0.0995730683 0.0302300905 0.0690462359 0.3213287 0.750213891 -0.577864158
TAG 59 -0.100018848 -0.00188752594 0.0603333581 0.344822933 -0.867729023 -0.35797135
TAG 55 -0.119337383 0.0151637023 0.0699872324 -0.999896295 -0.0141984574 0.00240892698
TAG 54 -0.104785227 0.0261860029 0.076486355 -0.344822968 0.867728888 0.357971643
TAG 53 -0.089146311 -0.000197085518 0.0670554248 0.74861179 -0.322508554 -0.579282851
TAG 52 -0.119278263 0.0119799944 0.0757618237 -0.999896295 -0.0141984574 0.00240892698
TAG 51 -0.102448777 0.00747370566 0.0865367572 -0.329239868 -0.132369105 0.934922205
TAG 45 -0.113699624 0.0170707545 0.0588716642 -0.751399624 0.322919173 -0.575431849
TAG 44 -0.11923843 0.00668793202 0.0611035411 -0.999896295 -0.0141984574 0.00240892698
