VGCC_O 2 0.119933892 -0.04777957 0.0466929781 -1.41802115e-06 2.82063236e-07 -1
CaBS 10 0.104861452 -0.00944721733 0.0534430356 0.329239702 0.132369043 -0.934922272
CaBS 11 0.11852722 -0.0082590028 0.0728526683 0.735818353 0.677177225 -0.00153536905
CaBS 13 0.0998586812 -0.0229027592 0.0557050091 -0.333750671 -0.131704002 -0.933415527
CaBS 14 0.0908255872 -0.0183644765 0.0629705146 -0.751399618 0.322919164 -0.575431861
CaBS 15 0.099225587 -0.00352566692 0.0700182491 -0.344822968 0.867728907 0.357971598
CaBS 16 0.115489851 -0.0218735748 0.0554896933 0.748611785 -0.322508546 -0.579282861
CaBS 17 0.102644982 -0.0255209257 0.0550781643 -0.333750671 -0.131704002 -0.933415527
CaBS 18 0.121771938 -0.0256015281 0.0737376732 0.751399702 -0.322919474 0.575431578
CaBS 19 0.109357262 -0.0342683377 0.0739717813 0.34654604 -0.867983022 0.355684293
CaBS 20 0.122439405 -0.0133012532 0.0738563158 0.999896301 0.01419805 -0.0024089266
CaBS 21 0.103044318 -0.0050087164 0.0621593263 -0.346545998 0.867982935 -0.355684546
CaBS 22 0.0926953269 -0.00969376806 0.0653948089 -0.751399618 0.322919164 -0.575431861
CaBS 23 0.0972830136 -0.0257273184 0.0824675217 -0.329239867 -0.132369096 0.934922207
CaBS 24 0.0930339496 -0.0149905703 0.0619801911 -0.751399618 0.322919164 -0.575431861
Ca 8 0.048923333 0.15034351 0.336687135 0 0 0
Ca 7 0.715644225 0.1005164 0.604801207 0 0 0
Ca 6 -0.421699103 0.20226611 0.591756978 0 0 0
Ca 4 0.467501442 0.55918401 0.187992224 0 0 0
Ca 7 -0.138510147 0.118907074 0.894056894 0 0 0
Ca 4 -0.306352909 0.00678658788 0.667870177 0 0 0
Ca 1 -0.00404949575 0.377810168 0.407647253 0 0 0
Ca 4 0.556208321 -0.0675574096 0.471018288 0 0 0
Ca 7 -0.357477387 -0.402516415 0.395723207 0 0 0
Ca 8 -0.270869834 0.2666696 0.900719855 0 0 0
Ca 7 -0.638439803 0.0854247318 0.270701876 0 0 0
Ca 4 0.564040108 0.544458431 0.217998657 0 0 0
Ca 1 0.229067227 0.231295103 0.336041441 0 0 0
Ca 4 0.214070011 -0.0182190711 0.635621507 0 0 0
Ca 1 0.650105666 -0.120992882 0.283167355 0 0 0
Ca 6 0.427216015 -0.109675709 0.52648594 0 0 0
Ca 6 0.558408877 -0.55237329 0.411979915 0 0 0
Ca 6 0.11348431 -0.672198038 0.534362677 0 0 0
Ca 1 0.188031818 -0.470443896 0.151262185 0 0 0
Ca 1 0.0325408276 0.229299135 0.605214568 0 0 0
Ca 1 -0.0885229733 -0.529065494 0.108451729 0 0 0
Ca 1 -0.313442711 0.115105275 0.0865779267 0 0 0
Ca 6 -0.641692206 0.468551865 0.167328116 0 0 0
Ca 1 -0.561155869 -0.347944736 0.355046004 0 0 0
Ca 6 -0.0408951909 -0.468675107 0.322618609 0 0 0
Ca 4 0.243583696 0.385615136 0.119386039 0 0 0
Ca 1 0.545620476 -0.390866908 0.329876452 0 0 0
Ca 4 0.254230321 -0.136344066 0.189924857 0 0 0
Ca 4 0.389088176 0.310612973 0.195825199 0 0 0
Ca 8 0.285720809 0.781072349 0.30462132 0 0 0
Ca 8 -0.549158212 -0.301190213 0.182555594 0 0 0
Ca 8 -0.152006048 0.0371348416 0.684070822 0 0 0
Ca 8 -0.0515115319 0.713957044 0.337204236 0 0 0
Ca 6 -0.25272464 0.433979316 0.492591639 0 0 0
Ca 7 -0.0842842862 0.170958113 0.241708261 0 0 0
Ca 1 -0.178560602 0.072044662 0.369472566 0 0 0
Ca 7 -0.206760937 0.52047464 0.501333936 0 0 0
Ca 8 -0.354087779 0.366441027 0.574727921 0 0 0
Ca 6 -0.344662019 -0.179994838 0.532459406 0 0 0
Ca 6 -0.0572075788 -0.167343566 0.341162679 0 0 0
Ca 7 -0.169169792 -0.0687147869 0.0638325228 0 0 0
Ca 3 -0.0812301542 0.0551775109 0.146782315 0 0 0
Ca 7 -0.639038214 -0.192624545 0.0966223074 0 0 0
Ca 6 -0.696974113 0.157630563 0.0882421922 0 0 0
Ca 1 -0.234551209 0.0408456233 0.235099791 0 0 0
Ca 8 -0.320186343 -0.201653692 0.407571869 0 0 0
Ca 1 -0.043992368 0.488205658 0.11000162 0 0 0
Ca 1 -0.261528759 -0.053828861 0.32071372 0 0 0
Ca 4 0.271606349 0.15584716 0.469752111 0 0 0
Ca 4 0.0664442055 0.280058056 0.168153463 0 0 0
Ca 6 -0.492007154 0.0157742252 0.584018895 0 0 0
Ca 7 0.112981664 -0.268183402 0.406449359 0 0 0
Ca 1 -0.15732598 -0.0617738133 0.179799068 0 0 0
Ca 6 -0.235836974 0.568607187 0.109408765 0 0 0
Ca 8 -0.217594314 0.0935281883 0.182682428 0 0 0
Ca 4 -0.505998005 0.315833521 0.225889898 0 0 0
Ca 6 -0.17593087 0.119723915 0.436608212 0 0 0
Ca 6 -0.0435447541 0.276595333 0.184840487 0 0 0
Ca 8 -0.151827209 0.0152658491 0.228442859 0 0 0
Ca 8 0.0389552041 0.127425172 0.122021899 0 0 0
Ca 6 -0.376861738 0.335132591 0.131988583 0 0 0
Ca 8 -0.0402034849 0.0194477912 0.0658231687 0 0 0
Ca 6 -0.254569642 0.121121155 0.197124301 0 0 0
Ca 6 -0.200530538 -0.00729905644 0.167366129 0 0 0
Ca 8 -0.165479223 -0.307779305 0.159699425 0 0 0
Ca 7 -0.292111431 -0.0342884655 0.165612574 0 0 0
Ca 4 -0.220608013 -0.176617843 0.11432387 0 0 0
Ca 1 -0.26932264 -0.0738570523 0.170399425 0 0 0
Ca 6 -0.0553496194 -0.185802203 0.109968205 0 0 0
Ca 7 -0.247406652 0.0937319268 0.343694736 0 0 0
Ca 1 -0.174850695 -0.217841191 0.219165606 0 0 0
Ca 6 -0.158292195 0.0467632566 0.0546018638 0 0 0
Ca 8 -0.215978749 3.52147328e-05 0.145045865 0 0 0
Ca 1 -0.159195297 0.160572952 0.0831442423 0 0 0
Ca 1 -0.111725625 0.0769372837 0.118101718 0 0 0
VGCC_O 0 0.11238887 -0.0311459409 0.0466929927 -1.01287282e-06 -1.51427976e-07 -1
Ca 6 -0.130973582 0.00791438667 0.0466638854 0 0 0
VGCC_O 4 -0.108229728 0.00324736392 0.0466932869 -8.10297798e-07 1.61178104e-07 -1
VGCC_O 8 -0.134706799 0.0161271258 0.0466933331 -1.62059677e-06 3.22356891e-07 -1
VGCC_O 5 0.113746944 -0.0200409323 0.0466929896 -1.01287282e-06 -1.51427976e-07 -1
VGCC_O 3 0.0772568984 -0.00428239309 0.046693036 -1.41802159e-06 2.82063681e-07 -1
VGCC_O 9 0.0953603447 -0.018533153 0.0466930096 -1.14792244e-06 -1.24564753e-07 -1
VGCC_O 6 -0.12622171 0.0241576588 0.046693322 -1.62059677e-06 3.22356891e-07 -1
VGCC_O 7 -0.137449801 0.00579357966 0.0466933342 -1.62059625e-06 3.22356338e-07 -1
VGCC_O 1 -0.126159285 0.0151063295 0.0466933189 -1.62059625e-06 3.22356338e-07 -1
TAG 41 -0.105784995 0.0105052503 0.0536665039 -0.333750681 -0.131703993 -0.933415524
TAG 71 -0.096079873 0.00270213046 0.0564810255 0.74861179 -0.322508554 -0.579282851
TAG 70 -0.118208439 0.00383577013 0.0653592954 -0.735818461 -0.677177107 0.0015353549
TAG 69 -0.119239302 0.00795267007 0.0681959954 -0.999896295 -0.0141984574 0.00240892698
TAG 67 -0.115078276 0.000454692191 0.0742448755 -0.735818461 -0.677177107 0.0015353549
TAG 65 0.119072188 -0.020557456 0.0800936336 0.751399702 -0.322919474 0.575431578
TAG 63 -0.104896891 0.0149528875 0.0527352849 0.329239713 0.132369034 -0.93492227
TAG 62 -0.0995730683 0.0302300905 0.0690462359 0.3213287 0.750213891 -0.577864158
TAG 59 -0.100018848 -0.00188752594 0.0603333581 0.344822933 -0.867729023 -0.35797135
TAG 55 -0.119337383 0.0151637023 0.0699872324 -0.999896295 -0.0141984574 0.00240892698
TAG 54 -0.104785227 0.0261860029 0.076486355 -0.344822968 0.867728888 0.357971643
TAG 53 -0.089146311 -0.000197085518 0.0670554248 0.74861179 -0.322508554 -0.579282851
TAG 52 -0.119278263 0.0119799944 0.0757618237 -0.999896295 -0.0141984574 0.00240892698
TAG 51 -0.102448777 0.00747370566 0.0865367572 -0.329239868 -0.132369105 0.934922205
TAG 45 -0.113699624 0.0170707545 0.0588716642 -0.751399624 0.322919173 -0.575431849
TAG 44 -0.11923843 0.00668793202 0.0611035411 -0.999896295 -0.0141984574 0.00240892698
