VGCC_O 6 -0.12622171 0.0241576588 0.046693322 -1.62059677e-06 3.22356891e-07 -1
CaBS 10 0.117279859 -0.0105123136 0.0589105365 0.321328636 0.750213906 -0.577864173
CaBS 11 0.100926881 -0.0217452476 0.0551597413 -0.333750671 -0.131704002 -0.933415527
CaBS 13 0.113312731 -0.00260295514 0.0684433141 0.735818353 0.677177225 -0.00153536905
CaBS 14 0.102318516 -0.00897051463 0.0532347099 -0.751399618 0.322919164 -0.575431861
CaBS 15 0.119943052 -0.0261483127 0.0758189924 0.751399702 -0.322919474 0.575431578
CaBS 16 0.115737515 -0.0124478557 0.0568482811 0.329239702 0.132369043 -0.934922272
CaBS 17 0.104163305 -0.0205492044 0.0856236009 -0.329239867 -0.132369096 0.934922207
CaBS 18 0.0905768511 -0.00872209505 0.070428066 -0.999896295 -0.0141984568 0.00240892729
CaBS 19 0.117591571 -0.0236475654 0.0802929246 0.751399702 -0.322919474 0.575431578
CaBS 20 0.11317309 -0.00468824359 0.0752725924 0.324116486 0.74980293 0.576839726
CaBS 21 0.0954278332 -0.00572024044 0.0716796718 -0.344822968 0.867728907 0.357971598
CaBS 22 0.0914517293 -0.0257935261 0.0659991095 -0.735818491 -0.677177075 0.00153536998
CaBS 23 0.121257904 -0.0112124182 0.0789108929 0.735818353 0.677177225 -0.00153536905
CaBS 24 0.100467914 -0.0283416765 0.0580534753 -0.324116536 -0.749802846 -0.576839807
Ca 8 0.330411663 -0.130646496 0.383231508 0 0 0
Ca 8 -0.529360118 -0.452747872 0.277939735 0 0 0
Ca 8 0.272657772 0.00597766282 0.324897939 0 0 0
Ca 4 0.236478964 0.22475001 0.482591984 0 0 0
Ca 8 0.505858718 -0.143007647 0.155739798 0 0 0
Ca 1 -0.265781272 0.0292924673 0.2996562 0 0 0
Ca 7 -0.0123134381 0.0605534699 0.473022999 0 0 0
Ca 4 0.110221347 -0.249385898 0.461822783 0 0 0
Ca 1 0.177804839 -0.694890661 0.481517492 0 0 0
Ca 8 -0.298318967 -0.166171446 0.531467483 0 0 0
Ca 4 -0.301386844 -0.112178512 0.527082777 0 0 0
Ca 4 0.343030061 0.0189483905 0.529094819 0 0 0
Ca 6 -0.119286747 0.231465771 0.0966686341 0 0 0
Ca 7 -0.129378294 0.456158209 0.396412282 0 0 0
Ca 2 0.259392155 -0.631304877 0.373957428 0 0 0
Ca 7 0.371717962 0.684256784 0.0552980135 0 0 0
Ca 4 -0.274746703 -0.309861312 0.159831689 0 0 0
Ca 6 0.0375811936 0.325095748 0.0973092008 0 0 0
Ca 8 -0.418209646 -0.145098342 0.280748529 0 0 0
Ca 7 -0.077852877 -0.705554683 0.259604356 0 0 0
Ca 4 -0.345745773 -0.200271562 0.757764965 0 0 0
Ca 4 -0.109225652 -0.16430936 0.0633474257 0 0 0
Ca 1 0.359537955 -0.17937389 0.257609923 0 0 0
Ca 4 0.106952306 0.346447342 0.578492858 0 0 0
Ca 4 0.0101683204 -0.0163148545 0.642602785 0 0 0
Ca 4 -0.25580204 0.151031005 0.255283221 0 0 0
Ca 4 -0.295525944 0.0714261329 0.13298678 0 0 0
Ca 8 -0.031317572 0.512129537 0.435852864 0 0 0
Ca 6 0.18493477 -0.377878752 0.547362803 0 0 0
Ca 7 -0.534978193 -0.152422485 0.511360375 0 0 0
Ca 1 0.522338724 0.5192738 0.0946305559 0 0 0
Ca 1 0.373157014 0.423504733 0.0719667069 0 0 0
Ca 6 -0.275060688 0.0177061517 0.66221322 0 0 0
Ca 4 -0.303871867 0.0884657585 0.190170344 0 0 0
Ca 6 -0.293131944 0.266400418 0.72780397 0 0 0
Ca 7 -0.302241452 -0.227492638 0.470875021 0 0 0
Ca 6 -0.523945723 -0.0945886434 0.243029891 0 0 0
Ca 8 -0.123706736 -0.152717193 0.406873935 0 0 0
Ca 4 0.0944275607 0.634490379 0.472181546 0 0 0
Ca 6 0.15195204 0.0264870688 0.290767389 0 0 0
Ca 6 0.0794705456 -0.179213682 0.148455996 0 0 0
Ca 8 0.202025734 0.172626621 0.419636689 0 0 0
Ca 7 -0.0461486106 -0.0851640949 0.275105005 0 0 0
Ca 1 0.0590827945 0.386980349 0.409766785 0 0 0
Ca 8 -0.070725533 -0.220820241 0.122327361 0 0 0
Ca 7 -0.672653291 0.0266273261 0.532488426 0 0 0
Ca 4 -0.112007866 -0.100209533 0.30378073 0 0 0
Ca 6 -0.339179563 0.364247733 0.388088711 0 0 0
Ca 8 0.213637141 -0.309983132 0.23149311 0 0 0
Ca 8 -0.330337053 0.0801191175 0.178109495 0 0 0
Ca 6 -0.0890344185 -0.0546289666 0.594713374 0 0 0
Ca 6 -0.25127013 -0.202304556 0.374846493 0 0 0
Ca 8 -0.169926261 0.219137824 0.293734417 0 0 0
Ca 1 -0.274524048 -0.579238828 0.235983459 0 0 0
Ca 1 -0.0948020264 0.471898845 0.177200324 0 0 0
Ca 7 -0.260801363 -0.267986723 0.105910189 0 0 0
Ca 4 0.075025519 0.0664385331 0.238060451 0 0 0
Ca 1 -0.305929121 -0.0581712748 0.140720355 0 0 0
Ca 8 -0.255573821 -0.28560298 0.173721335 0 0 0
Ca 4 -0.176057901 0.0101715615 0.501521687 0 0 0
Ca 4 0.0172017481 0.0145096525 0.34153985 0 0 0
Ca 8 -0.0160294808 0.135192807 0.328970442 0 0 0
Ca 4 0.160373669 -0.101453323 0.313584139 0 0 0
Ca 4 0.0429884221 0.156706949 0.265867747 0 0 0
Ca 8 -0.218001547 0.204748256 0.0795505541 0 0 0
Ca 7 -0.165373436 -0.20589825 0.267330552 0 0 0
Ca 7 -0.33986279 0.197234788 0.161578055 0 0 0
Ca 1 -0.107322416 -0.153966584 0.626869235 0 0 0
Ca 6 -0.245741134 -0.0666897914 0.299778941 0 0 0
Ca 8 -0.199804669 0.409141313 0.280677837 0 0 0
Ca 8 -0.200689199 0.0991043017 0.294736728 0 0 0
Ca 1 -0.365355067 -0.0133998879 0.435226227 0 0 0
Ca 8 0.161265972 -0.0739406564 0.434409862 0 0 0
Ca 1 -0.213004141 0.415851551 0.477211596 0 0 0
Ca 7 -0.600323989 0.300724183 0.299144926 0 0 0
Ca 7 -0.395561812 0.0126341362 0.10379479 0 0 0
Ca 1 -0.379380165 0.36731002 0.0535430168 0 0 0
Ca 3 0.0984388582 0.153864369 0.0640562879 0 0 0
Ca 4 0.05457473 -0.0201409185 0.168461852 0 0 0
Ca 7 -0.0178273474 0.15768796 0.0749841607 0 0 0
Ca 1 -0.221306499 0.182170584 0.179590175 0 0 0
Ca 6 -0.115743946 -0.184656688 0.0551759654 0 0 0
Ca 1 -0.15156229 -0.0662611443 0.18574371 0 0 0
Ca 1 -0.195395272 -0.0129336626 0.272912452 0 0 0
Ca 7 0.00778090701 0.141186637 0.235981434 0 0 0
Ca 2 0.0879826253 -0.208410518 0.289413314 0 0 0
Ca 4 -0.0616900367 -0.0912740442 0.0631368154 0 0 0
Ca 4 -0.119331075 0.0292352706 0.203996575 0 0 0
Ca 8 -0.0702010783 0.125111235 0.0724220277 0 0 0
Ca 4 -0.136499607 0.105360563 0.0631247759 0 0 0
Ca 8 -0.137542956 0.041578903 0.0797099629 0 0 0
Ca 1 -0.0778563031 0.0154912321 0.0466535334 0 0 0
VGCC_O 3 0.0772568984 -0.00428239309 0.046693036 -1.41802159e-06 2.82063681e-07 -1
Ca 8 -0.162122053 0.0713414556 0.0621796367 0 0 0
VGCC_O 8 -0.134706799 0.0161271258 0.0466933331 -1.62059677e-06 3.22356891e-07 -1
Ca 8 -0.152811744 0.0122521476 0.0540391533 0 0 0
VGCC_O 1 -0.126159285 0.0151063295 0.0466933189 -1.62059625e-06 3.22356338e-07 -1
VGCC_O 2 0.119933892 -0.04777957 0.0466929781 -1.41802115e-06 2.82063236e-07 -1
VGCC_O 4 -0.108229728 0.00324736392 0.0466932869 -8.10297798e-07 1.61178104e-07 -1
VGCC_O 9 0.0953603447 -0.018533153 0.0466930096 -1.14792244e-06 -1.24564753e-07 -1
VGCC_O 7 -0.137449801 0.00579357966 0.0466933342 -1.62059625e-06 3.22356338e-07 -1
VGCC_O 5 0.113746944 -0.0200409323 0.0466929896 -1.01287282e-06 -1.51427976e-07 -1
VGCC_O 0 0.11238887 -0.0311459409 0.0466929927 -1.01287282e-06 -1.51427976e-07 -1
TAG 41 -0.105784995 0.0105052503 0.0536665039 -0.333750681 -0.131703993 -0.933415524
TAG 71 -0.096079873 0.00270213046 0.0564810255 0.74861179 -0.322508554 -0.579282851
TAG 70 -0.118208439 0.00383577013 0.0653592954 -0.735818461 -0.677177107 0.0015353549
TAG 69 -0.119239302 0.00795267007 0.0681959954 -0.999896295 -0.0141984574 0.00240892698
TAG 67 -0.115078276 0.000454692191 0.0742448755 -0.735818461 -0.677177107 0.0015353549
TAG 65 0.119072188 -0.020557456 0.0800936336 0.751399702 -0.322919474 0.575431578
TAG 63 -0.104896891 0.0149528875 0.0527352849 0.329239713 0.132369034 -0.93492227
TAG 62 -0.0995730683 0.0302300905 0.0690462359 0.3213287 0.750213891 -0.577864158
TAG 59 -0.100018848 -0.00188752594 0.0603333581 0.344822933 -0.867729023 -0.35797135
TAG 55 -0.119337383 0.0151637023 0.0699872324 -0.999896295 -0.0141984574 0.00240892698
TAG 54 -0.104785227 0.0261860029 0.076486355 -0.344822968 0.867728888 0.357971643
TAG 53 -0.089146311 -0.000197085518 0.0670554248 0.74861179 -0.322508554 -0.579282851
TAG 52 -0.119278263 0.0119799944 0.0757618237 -0.999896295 -0.0141984574 0.00240892698
TAG 51 -0.102448777 0.00747370566 0.0865367572 -0.329239868 -0.132369105 0.934922205
TAG 45 -0.113699624 0.0170707545 0.0588716642 -0.751399624 0.322919173 -0.575431849
TAG 44 -0.11923843 0.00668793202 0.0611035411 -0.999896295 -0.0141984574 0.00240892698
