VGCC_O 0 0.11238887 -0.0311459409 0.0466929927 -1.01287282e-06 -1.51427976e-07 -1
CaBS 10 0.11431622 -0.00369120345 0.0693869063 0.735818353 0.677177225 -0.00153536905
CaBS 11 0.101096899 -0.0211829531 0.0844540151 -0.329239867 -0.132369096 0.934922207
CaBS 13 0.119359564 -0.0259901345 0.0627823967 0.748611785 -0.322508546 -0.579282861
CaBS 14 0.103281054 -0.0300194993 0.0586537303 -0.324116536 -0.749802846 -0.576839807
CaBS 15 0.101342052 -0.0360253619 0.0719318091 -0.321328743 -0.750213836 0.577864204
CaBS 16 0.112080899 -0.00899178769 0.057993617 0.321328636 0.750213906 -0.577864173
CaBS 17 0.110117086 -0.0356977635 0.0697003897 0.344822999 -0.867728964 -0.357971429
CaBS 19 0.122483265 -0.0158852132 0.0768318166 0.999896301 0.01419805 -0.0024089266
CaBS 20 0.0950488123 -0.0114506458 0.0613357054 -0.751399618 0.322919164 -0.575431861
CaBS 21 0.0941414609 -0.0226252685 0.0577100963 -0.333750671 -0.131704002 -0.933415527
CaBS 22 0.104745027 -0.0301893664 0.0814006745 -0.321328743 -0.750213836 0.577864204
CaBS 23 0.111583957 -0.0298006804 0.0568187501 0.344822999 -0.867728964 -0.357971429
CaBS 24 0.0987759804 -0.013088131 0.0555498457 -0.751399618 0.322919164 -0.575431861
Ca 4 0.613950642 0.136196556 0.178027027 0 0 0
Ca 7 0.712720719 -0.425511547 0.272885763 0 0 0
Ca 1 -0.173504522 0.0217620076 0.512507879 0 0 0
Ca 7 -0.263619503 -0.116486607 0.563281799 0 0 0
Ca 1 -0.527628824 -0.331480129 0.0650610454 0 0 0
Ca 4 0.649815716 0.0134684749 0.65247938 0 0 0
Ca 7 0.459914953 0.117324677 0.600113696 0 0 0
Ca 8 0.346694716 0.0666901794 0.24140814 0 0 0
Ca 6 -0.107288539 0.270488803 0.374825868 0 0 0
Ca 7 -0.240505101 0.210915413 0.561396155 0 0 0
Ca 4 -0.0703374038 0.145358989 0.642034364 0 0 0
Ca 4 -0.39327533 0.0458255788 0.385393498 0 0 0
Ca 1 -0.320767541 -0.254595602 0.259814559 0 0 0
Ca 1 0.390958958 0.577740047 0.074501953 0 0 0
Ca 8 0.0312933742 0.0824292684 1.20447204 0 0 0
Ca 1 -0.0759554918 -0.230133541 0.282857388 0 0 0
Ca 8 -0.397077903 0.194840267 0.447951536 0 0 0
Ca 4 -0.128441295 -0.193499544 0.263792669 0 0 0
Ca 4 -0.0619723484 -0.834424899 0.264579265 0 0 0
Ca 7 0.470353752 0.173402978 0.348843938 0 0 0
Ca 8 0.346189103 0.354868836 0.430214655 0 0 0
Ca 4 0.233721021 0.0175492838 0.477830257 0 0 0
Ca 8 -0.361292171 0.0584499203 0.213505463 0 0 0
Ca 1 -0.316916162 0.643076395 0.40433587 0 0 0
Ca 6 0.414384376 0.0292276795 0.322214282 0 0 0
Ca 6 -0.216209764 -0.0051618981 0.182931308 0 0 0
Ca 4 0.476351931 0.334014125 0.731705663 0 0 0
Ca 4 0.220006114 0.0744010445 0.302925036 0 0 0
Ca 7 0.0103786882 0.377199332 0.693861701 0 0 0
Ca 8 0.0341198287 -0.276584185 1.02372592 0 0 0
Ca 7 -0.304154609 -0.319333155 0.524144998 0 0 0
Ca 8 0.12117618 0.0158542254 0.486222592 0 0 0
Ca 7 -0.333219501 -0.320458085 0.17368408 0 0 0
Ca 1 0.220497667 0.495274375 0.417724926 0 0 0
Ca 8 -0.157980472 -0.71449686 0.429439376 0 0 0
Ca 8 0.303653635 -0.148901548 0.515828129 0 0 0
Ca 8 -0.0738960982 -0.00252937898 0.338198495 0 0 0
Ca 6 -0.522346303 -0.113736821 0.568197339 0 0 0
Ca 4 0.0531726053 -0.109687752 0.429372564 0 0 0
Ca 1 -0.376091702 -0.0112575818 0.32121803 0 0 0
Ca 6 -0.226958987 -0.0821188206 0.604635079 0 0 0
Ca 4 -0.430413497 0.480384485 0.381116732 0 0 0
Ca 8 -0.097936224 -0.453145428 0.452997858 0 0 0
Ca 1 -0.543194373 0.383470515 0.384941465 0 0 0
Ca 1 -0.210733603 -0.109435912 0.547974901 0 0 0
Ca 7 -0.405156263 0.334511196 0.111439153 0 0 0
Ca 8 -0.0730081973 0.341934551 0.316871415 0 0 0
Ca 8 -0.517866846 -0.448315902 0.384097819 0 0 0
Ca 3 0.27237962 -0.571620126 0.264675028 0 0 0
Ca 6 0.118908717 -0.0563172799 0.614507988 0 0 0
Ca 7 -0.193767817 0.36987865 0.131187805 0 0 0
Ca 7 -0.340653817 -0.167797373 0.200250414 0 0 0
Ca 8 0.398219198 0.263948407 0.535552808 0 0 0
Ca 6 -0.164456177 -0.167542201 0.23479292 0 0 0
Ca 2 -0.110652948 0.34048499 0.108936914 0 0 0
Ca 6 -0.169840286 0.351081757 0.553323798 0 0 0
Ca 4 0.00283592958 0.0625413792 0.546517622 0 0 0
Ca 4 0.141418495 0.318949383 0.148578113 0 0 0
Ca 1 -0.222907983 0.144992218 0.502374309 0 0 0
Ca 1 -0.60777251 0.296665947 0.229757928 0 0 0
Ca 1 -0.40883416 0.0276620869 0.475839501 0 0 0
Ca 4 -0.155660157 0.0977928136 0.207381634 0 0 0
Ca 8 0.113042855 -0.323410977 0.542838837 0 0 0
Ca 4 0.137969325 0.481828796 0.212396409 0 0 0
Ca 7 0.0164747022 -0.29752929 0.41840944 0 0 0
Ca 4 0.252395611 0.256644105 0.234291911 0 0 0
Ca 7 -0.326218285 0.0517817731 0.0712709004 0 0 0
Ca 8 0.150964325 -0.0295995363 0.138885856 0 0 0
Ca 8 0.137209893 -0.0462575918 0.426857075 0 0 0
Ca 6 -0.522791027 0.491980923 0.177592328 0 0 0
Ca 4 -0.371011485 -0.119207115 0.233890546 0 0 0
Ca 7 -0.040091373 0.201493715 0.2415687 0 0 0
Ca 6 -0.0588688997 0.135146922 0.259429236 0 0 0
Ca 1 -0.163572784 0.120290666 0.119711108 0 0 0
Ca 4 -0.0951673263 0.104334852 0.165929834 0 0 0
Ca 1 -0.182376337 0.197615883 0.230967144 0 0 0
Ca 8 -0.209907027 -0.130316229 0.340567174 0 0 0
Ca 1 -0.117652457 -0.0390997752 0.232477132 0 0 0
Ca 1 -0.122829888 0.107978865 0.0579949355 0 0 0
Ca 6 -0.050826298 0.182695224 0.102074462 0 0 0
Ca 8 -0.143153275 0.158480244 0.0845403665 0 0 0
Ca 1 -0.279758074 0.0308578448 0.121951148 0 0 0
Ca 6 0.102756343 0.0565063399 0.342649462 0 0 0
Ca 1 -0.228761857 0.131664849 0.0508606404 0 0 0
Ca 1 -0.00897998517 0.263231904 0.32389213 0 0 0
Ca 7 -0.131744434 0.101686613 0.282014318 0 0 0
Ca 1 -0.0330719375 0.0561883444 0.0806860595 0 0 0
Ca 1 0.0250690924 0.0135163338 0.104072883 0 0 0
Ca 8 -0.14280527 0.0483675557 0.0628042053 0 0 0
Ca 7 -0.197080527 -0.00785010369 0.107345699 0 0 0
Ca 4 -0.0534208752 0.0168369871 0.114827334 0 0 0
Ca 6 -0.111448558 0.0603161495 0.0579970302 0 0 0
Ca 1 -0.10044621 0.0101097108 0.0466228809 0 0 0
VGCC_O 2 0.119933892 -0.04777957 0.0466929781 -1.41802115e-06 2.82063236e-07 -1
VGCC_O 5 0.113746944 -0.0200409323 0.0466929896 -1.01287282e-06 -1.51427976e-07 -1
VGCC_O 6 -0.12622171 0.0241576588 0.046693322 -1.62059677e-06 3.22356891e-07 -1
VGCC_O 8 -0.134706799 0.0161271258 0.0466933331 -1.62059677e-06 3.22356891e-07 -1
VGCC_O 3 0.0772568984 -0.00428239309 0.046693036 -1.41802159e-06 2.82063681e-07 -1
VGCC_O 7 -0.137449801 0.00579357966 0.0466933342 -1.62059625e-06 3.22356338e-07 -1
VGCC_O 4 -0.108229728 0.00324736392 0.0466932869 -8.10297798e-07 1.61178104e-07 -1
VGCC_O 1 -0.126159285 0.0151063295 0.0466933189 -1.62059625e-06 3.22356338e-07 -1
VGCC_O 9 0.0953603447 -0.018533153 0.0466930096 -1.14792244e-06 -1.24564753e-07 -1
TAG 41 -0.105784995 0.0105052503 0.0536665039 -0.333750681 -0.131703993 -0.933415524
TAG 73 0.105323475 -0.00357186878 0.063445091 -0.346545998 0.867982935 -0.355684546
TAG 71 -0.096079873 0.00270213046 0.0564810255 0.74861179 -0.322508554 -0.579282851
TAG 70 -0.118208439 0.00383577013 0.0653592954 -0.735818461 -0.677177107 0.0015353549
TAG 69 -0.119239302 0.00795267007 0.0681959954 -0.999896295 -0.0141984574 0.00240892698
TAG 67 -0.115078276 0.000454692191 0.0742448755 -0.735818461 -0.677177107 0.0015353549
TAG 65 0.119072188 -0.020557456 0.0800936336 0.751399702 -0.322919474 0.575431578
TAG 63 -0.104896891 0.0149528875 0.0527352849 0.329239713 0.132369034 -0.93492227
TAG 62 -0.0995730683 0.0302300905 0.0690462359 0.3213287 0.750213891 -0.577864158
TAG 59 -0.100018848 -0.00188752594 0.0603333581 0.344822933 -0.867729023 -0.35797135
TAG 55 -0.119337383 0.0151637023 0.0699872324 -0.999896295 -0.0141984574 0.00240892698
TAG 54 -0.104785227 0.0261860029 0.076486355 -0.344822968 0.867728888 0.357971643
TAG 53 -0.089146311 -0.000197085518 0.0670554248 0.74861179 -0.322508554 -0.579282851
TAG 52 -0.119278263 0.0119799944 0.0757618237 -0.999896295 -0.0141984574 0.00240892698
TAG 51 -0.102448777 0.00747370566 0.0865367572 -0.329239868 -0.132369105 0.934922205
TAG 45 -0.113699624 0.0170707545 0.0588716642 -0.751399624 0.322919173 -0.575431849
TAG 44 -0.11923843 0.00668793202 0.0611035411 -0.999896295 -0.0141984574 0.00240892698
