VGCC_O 5 0.113746944 -0.0200409323 0.0466929896 -1.01287282e-06 -1.51427976e-07 -1
VGCC_O 6 -0.12622171 0.0241576588 0.046693322 -1.62059677e-06 3.22356891e-07 -1
CaBS 10 0.0907314079 -0.0173570727 0.0758506493 -0.748611723 0.322508223 0.579283121
CaBS 11 0.113578353 -0.0111718324 0.0831973582 0.333750516 0.131703927 0.933415593
CaBS 13 0.090735596 -0.0206407525 0.0660701016 -0.999896295 -0.0141984568 0.00240892729
CaBS 14 0.12182904 -0.0118696507 0.0627515868 0.735818353 0.677177225 -0.00153536905
CaBS 16 0.106673819 -0.0120087037 0.0857842134 0.333750516 0.131703927 0.933415593
CaBS 17 0.0963644735 -0.027858087 0.079767151 -0.321328743 -0.750213836 0.577864204
CaBS 19 0.108610305 -0.026477572 0.053080194 -0.333750671 -0.131704002 -0.933415527
CaBS 20 0.116959673 -0.0328146717 0.0701121003 0.34654604 -0.867983022 0.355684293
CaBS 21 0.11699086 -0.0065878931 0.0736049937 0.735818353 0.677177225 -0.00153536905
CaBS 22 0.114855934 -0.0305688309 0.0776423567 0.34654604 -0.867983022 0.355684293
CaBS 23 0.0908182133 -0.0249960577 0.0746922085 -0.999896295 -0.0141984568 0.00240892729
CaBS 24 0.122462452 -0.0154507669 0.0707536337 0.999896301 0.01419805 -0.0024089266
Ca 1 0.620430619 -0.312861224 0.0675058776 0 0 0
Ca 6 -0.161409248 0.138627104 1.00787289 0 0 0
Ca 1 0.250671704 -0.30529274 0.702355021 0 0 0
Ca 1 -0.226553407 -0.195843981 0.0559144268 0 0 0
CaBS_Ca 74 0.0963596679 -0.00894843815 0.0784426937 -0.748611723 0.322508223 0.579283121
Ca 4 0.314403999 -0.172565537 0.503662103 0 0 0
Ca 8 0.273322675 0.224212462 0.741852736 0 0 0
Ca 6 0.53765663 0.0674012941 0.102333821 0 0 0
Ca 4 0.087050871 0.37919718 0.643956584 0 0 0
Ca 1 -0.249270572 -0.222662738 0.790986936 0 0 0
Ca 7 0.3145825 -0.00809449533 0.169057425 0 0 0
Ca 6 0.103974441 0.339039536 0.185407681 0 0 0
Ca 6 0.464424405 -0.0831527756 0.333580444 0 0 0
Ca 1 -0.652255452 -0.389420398 0.589517069 0 0 0
Ca 7 0.0533820421 0.0735520717 0.417833307 0 0 0
Ca 4 0.266529501 -0.01481546 0.208070409 0 0 0
Ca 7 -0.367950783 0.17876324 0.243660577 0 0 0
Ca 7 -0.400352371 -0.0887263576 0.66279961 0 0 0
Ca 8 0.0139346919 0.255567731 0.633515886 0 0 0
Ca 8 -0.240766323 0.469141994 0.413018904 0 0 0
Ca 6 0.268061834 0.187817182 0.24895222 0 0 0
Ca 4 -0.314007533 -0.327059267 0.725100756 0 0 0
Ca 8 -0.326137893 0.514413851 0.56586197 0 0 0
Ca 8 0.036885478 -0.0276588698 0.164588493 0 0 0
Ca 8 -0.432998073 -0.107815226 0.732919417 0 0 0
Ca 1 -0.292540992 0.344355715 0.124082542 0 0 0
Ca 6 -0.00225406104 -0.556607332 0.163163714 0 0 0
Ca 4 -0.392582541 -0.373558251 0.297810969 0 0 0
Ca 6 -0.326833674 -0.337899091 0.238433915 0 0 0
Ca 8 0.0634240665 -0.160512805 0.774921617 0 0 0
Ca 6 -0.301474774 -0.120997761 0.292686988 0 0 0
Ca 7 -0.542574561 0.186287853 0.136534024 0 0 0
Ca 7 0.374151312 0.154883035 0.311863768 0 0 0
Ca 4 -0.478787834 0.0895726769 0.536884462 0 0 0
Ca 7 -0.644662489 -0.403882219 0.242686288 0 0 0
Ca 6 0.173581391 0.373958256 0.297814219 0 0 0
Ca 1 -0.175535942 -0.334852605 0.89669777 0 0 0
Ca 7 0.337037676 -0.115802637 0.119414793 0 0 0
Ca 6 -0.553406247 0.135575782 0.0763344322 0 0 0
Ca 1 0.120043233 0.360317227 0.553168761 0 0 0
Ca 7 -0.354542226 0.601316025 0.473136118 0 0 0
Ca 7 0.619118921 0.0399463469 0.294344531 0 0 0
Ca 8 0.0745263816 0.204862561 0.397837631 0 0 0
Ca 7 0.258714175 0.213610095 0.130828743 0 0 0
Ca 6 -0.46582366 0.151074622 0.352318355 0 0 0
Ca 8 -0.522855004 0.322669939 0.179674778 0 0 0
Ca 6 -0.211359312 -0.340673856 0.549963319 0 0 0
Ca 8 -0.503339388 0.287280838 0.604092979 0 0 0
Ca 1 0.0733168263 0.240832892 0.359077749 0 0 0
Ca 6 0.417188283 0.25562348 0.395699022 0 0 0
Ca 1 -0.248256789 -0.238419184 0.41744623 0 0 0
Ca 1 -0.338791622 -0.21756219 0.124799446 0 0 0
Ca 1 -0.134889185 -0.126966379 0.263012342 0 0 0
Ca 4 0.117249006 -0.540133184 0.402193608 0 0 0
Ca 1 0.142103987 -0.000696488052 0.144524673 0 0 0
Ca 7 -0.00254313839 0.0529274273 0.328407608 0 0 0
Ca 7 -0.0455453534 0.0558206951 0.317427697 0 0 0
Ca 1 0.0416965561 -0.0679243862 0.268421474 0 0 0
Ca 6 -0.17059177 0.531425797 0.308151906 0 0 0
Ca 1 -0.141027572 0.452184974 0.0804981167 0 0 0
Ca 6 0.0199453362 0.00322127781 0.454386847 0 0 0
Ca 1 -0.146536705 0.0789589376 0.34625709 0 0 0
Ca 1 -0.339689053 0.131655456 0.295514919 0 0 0
Ca 4 0.237308974 0.0772592736 0.269177323 0 0 0
Ca 6 -0.489239063 0.425605459 0.0806372332 0 0 0
Ca 7 0.189102934 0.217390883 0.0478752655 0 0 0
Ca 4 0.0362766744 0.178986311 0.301006759 0 0 0
Ca 6 -0.187668209 0.0538968064 0.0689670147 0 0 0
Ca 4 -0.293349917 -0.106927972 0.144012896 0 0 0
Ca 4 -0.324033506 0.291201271 0.176037151 0 0 0
Ca 8 -0.321536932 -0.0757854346 0.134488172 0 0 0
Ca 8 -0.285653652 0.0941702775 0.096466153 0 0 0
Ca 1 -0.449589967 0.101845053 0.0889500919 0 0 0
Ca 4 -0.330902039 -0.445670775 0.107224961 0 0 0
Ca 4 -0.00304555502 -0.0432378032 0.293588884 0 0 0
Ca 6 -0.0413904964 0.0756710561 0.184048903 0 0 0
Ca 8 -0.0474369708 0.111395076 0.144556914 0 0 0
Ca 7 -0.0242424049 0.00715687107 0.0515822451 0 0 0
Ca 7 -0.0968337115 0.0752398928 0.0568436601 0 0 0
Ca 4 -0.117174631 -0.0593032096 0.100213895 0 0 0
Ca 8 -0.157643825 -0.0253546709 0.0932576426 0 0 0
Ca 1 -0.0585192302 0.0312447479 0.048824764 0 0 0
Ca 1 -0.192159409 0.0779047684 0.0881849393 0 0 0
VGCC_O 8 -0.134706799 0.0161271258 0.0466933331 -1.62059677e-06 3.22356891e-07 -1
VGCC_O 3 0.0772568984 -0.00428239309 0.046693036 -1.41802159e-06 2.82063681e-07 -1
VGCC_O 0 0.11238887 -0.0311459409 0.0466929927 -1.01287282e-06 -1.51427976e-07 -1
VGCC_O 9 0.0953603447 -0.018533153 0.0466930096 -1.14792244e-06 -1.24564753e-07 -1
VGCC_O 2 0.119933892 -0.04777957 0.0466929781 -1.41802115e-06 2.82063236e-07 -1
VGCC_O 1 -0.126159285 0.0151063295 0.0466933189 -1.62059625e-06 3.22356338e-07 -1
VGCC_O 4 -0.108229728 0.00324736392 0.0466932869 -8.10297798e-07 1.61178104e-07 -1
VGCC_O 7 -0.137449801 0.00579357966 0.0466933342 -1.62059625e-06 3.22356338e-07 -1
TAG 41 -0.105784995 0.0105052503 0.0536665039 -0.333750681 -0.131703993 -0.933415524
TAG 73 0.105323475 -0.00357186878 0.063445091 -0.346545998 0.867982935 -0.355684546
TAG 71 -0.096079873 0.00270213046 0.0564810255 0.74861179 -0.322508554 -0.579282851
TAG 70 -0.118208439 0.00383577013 0.0653592954 -0.735818461 -0.677177107 0.0015353549
TAG 69 -0.119239302 0.00795267007 0.0681959954 -0.999896295 -0.0141984574 0.00240892698
TAG 67 -0.115078276 0.000454692191 0.0742448755 -0.735818461 -0.677177107 0.0015353549
TAG 65 0.119072188 -0.020557456 0.0800936336 0.751399702 -0.322919474 0.575431578
TAG 63 -0.104896891 0.0149528875 0.0527352849 0.329239713 0.132369034 -0.93492227
TAG 62 -0.0995730683 0.0302300905 0.0690462359 0.3213287 0.750213891 -0.577864158
TAG 59 -0.100018848 -0.00188752594 0.0603333581 0.344822933 -0.867729023 -0.35797135
TAG 55 -0.119337383 0.0151637023 0.0699872324 -0.999896295 -0.0141984574 0.00240892698
TAG 54 -0.104785227 0.0261860029 0.076486355 -0.344822968 0.867728888 0.357971643
TAG 53 -0.089146311 -0.000197085518 0.0670554248 0.74861179 -0.322508554 -0.579282851
TAG 52 -0.119278263 0.0119799944 0.0757618237 -0.999896295 -0.0141984574 0.00240892698
TAG 51 -0.102448777 0.00747370566 0.0865367572 -0.329239868 -0.132369105 0.934922205
TAG 45 -0.113699624 0.0170707545 0.0588716642 -0.751399624 0.322919173 -0.575431849
TAG 44 -0.11923843 0.00668793202 0.0611035411 -0.999896295 -0.0141984574 0.00240892698
