VGCC_O 9 0.0953603447 -0.018533153 0.0466930096 -1.14792244e-06 -1.24564753e-07 -1
VGCC_O 4 -0.108229728 0.00324736392 0.0466932869 -8.10297798e-07 1.61178104e-07 -1
VGCC_O 7 -0.137449801 0.00579357966 0.0466933342 -1.62059625e-06 3.22356338e-07 -1
CaBS 10 0.106450103 -0.0220692916 0.0862136956 -0.329239867 -0.132369096 0.934922207
CaBS 11 0.113105778 -0.0235109961 0.0543551439 0.329239702 0.132369043 -0.934922272
CaBS 12 0.10534586 -0.0288462576 0.08347847 -0.321328743 -0.750213836 0.577864204
CaBS 13 0.104515496 -0.0369571246 0.0673572607 0.344822999 -0.867728964 -0.357971429
CaBS 14 0.0907809284 -0.0248165365 0.0602741382 -0.999896295 -0.0141984568 0.00240892729
CaBS 15 0.122463364 -0.0147983104 0.0749774004 0.999896301 0.01419805 -0.0024089266
CaBS 16 0.0917400515 -0.0254997371 0.0592634305 -0.324116536 -0.749802846 -0.576839807
CaBS 17 0.115183377 -0.0103314156 0.0579796128 0.321328636 0.750213906 -0.577864173
CaBS 18 0.106861404 -0.0302235148 0.0569071813 -0.324116536 -0.749802846 -0.576839807
CaBS 19 0.0945196761 -0.0206226187 0.0572922903 -0.333750671 -0.131704002 -0.933415527
CaBS 20 0.110311216 -0.000250605129 0.0711123833 0.324116486 0.74980293 0.576839726
CaBS 21 0.0906725438 -0.0156508754 0.0693092257 -0.999896295 -0.0141984568 0.00240892729
CaBS 22 0.114300283 -0.0242270786 0.0552626891 0.748611785 -0.322508546 -0.579282861
CaBS 23 0.0906935987 -0.01638985 0.0736931167 -0.999896295 -0.0141984568 0.00240892729
CaBS 24 0.122496392 -0.0191260652 0.0631795401 0.999896301 0.01419805 -0.0024089266
CaBS 25 -0.0936380409 0.00374501058 0.0590560138 0.74861179 -0.322508554 -0.579282851
CaBS 26 -0.117120425 0.00266908547 0.0722163536 -0.735818461 -0.677177107 0.0015353549
CaBS 27 -0.108230847 -0.00180071379 0.0776539611 -0.321328736 -0.750213873 0.57786416
CaBS 28 -0.0902884812 0.0046168283 0.0765507183 0.75139969 -0.322919491 0.575431584
CaBS 29 -0.102024569 0.0106052244 0.08636098 0.333750517 0.131703937 0.933415591
CaBS 31 -0.10582443 0.0182007248 0.0866479349 0.333750517 0.131703937 0.933415591
CaBS 32 -0.099499378 -0.00117787339 0.0591135374 0.344822933 -0.867729023 -0.35797135
CaBS 34 -0.118302966 0.0145400669 0.076042318 -0.748611709 0.322508237 0.579283131
CaBS 36 -0.0991248534 -0.00232161356 0.0772435279 0.346545964 -0.867983059 0.355684276
CaBS 37 -0.108850958 0.0227580705 0.0585561673 -0.34654601 0.867982945 -0.355684509
CaBS 38 -0.105151798 0.0258398884 0.0769722359 -0.344822968 0.867728888 0.357971643
CaBS 39 -0.11626112 0.0192038262 0.0634135002 -0.751399624 0.322919173 -0.575431849
Ca 8 0.502396752 0.344731973 0.639892682 0 0 0
Ca 1 0.229684398 0.433460638 0.244859531 0 0 0
Ca 8 -0.199618255 -0.0302874132 0.228084165 0 0 0
Ca 4 -0.242984616 0.169014345 0.429127841 0 0 0
Ca 1 -0.0656049298 0.00806527637 0.163322677 0 0 0
Ca 6 0.362271318 0.220006087 0.290328119 0 0 0
Ca 8 -0.000521194149 -0.624410101 0.466579217 0 0 0
Ca 6 -0.437299723 0.553992061 0.447763562 0 0 0
Ca 4 0.253508927 0.380401616 0.11532896 0 0 0
Ca 8 -0.210258943 0.0838587077 0.636167326 0 0 0
Ca 8 0.453245835 -0.129216298 0.611158985 0 0 0
Ca 1 0.0938960988 -0.288788903 0.684890802 0 0 0
Ca 8 0.525258046 -0.488312596 0.481020106 0 0 0
Ca 7 -0.169548073 0.259521457 0.350635809 0 0 0
Ca 6 -0.0759800819 -0.145278522 0.579311286 0 0 0
Ca 1 -0.0691085374 0.339419477 0.59079421 0 0 0
Ca 8 0.136892769 -0.544003768 0.648773249 0 0 0
Ca 6 -0.640318598 0.0712577314 0.370835606 0 0 0
Ca 8 0.605540983 -0.133045005 0.280970096 0 0 0
Ca 6 0.225963073 -0.26681626 0.206671428 0 0 0
Ca 7 -0.0894583507 -0.561113598 0.536278331 0 0 0
Ca 6 0.131124703 0.0490277146 0.0891056009 0 0 0
Ca 8 0.35542663 0.100677436 0.16991896 0 0 0
Ca 6 0.246524361 -0.00937498507 0.243298615 0 0 0
Ca 1 -0.228867579 -0.0292729237 0.967674815 0 0 0
Ca 1 0.353581894 0.0941105683 0.855117492 0 0 0
Ca 7 0.0164256256 -0.136437863 0.918682344 0 0 0
Ca 4 0.140954274 0.106044541 0.245870798 0 0 0
Ca 7 -0.0579323229 0.326512962 0.889583784 0 0 0
Ca 7 -0.341628699 0.305115857 0.0566402426 0 0 0
Ca 8 0.118225251 -0.0538792499 0.59657854 0 0 0
Ca 8 0.124498046 -0.465319719 0.188972505 0 0 0
Ca 8 0.00488325469 0.0393108292 0.924791482 0 0 0
Ca 1 -0.0495043496 0.222949094 0.219602281 0 0 0
Ca 7 -0.289383397 0.204134763 0.400698229 0 0 0
Ca 7 0.0891123935 0.0177832758 0.383971287 0 0 0
Ca 7 0.306226152 -0.0670225991 0.323927755 0 0 0
Ca 8 -0.303225652 0.0924806442 0.276522351 0 0 0
Ca 1 -0.121575568 0.582703074 0.357120158 0 0 0
Ca 8 -0.0285102735 0.0989516959 0.36327748 0 0 0
Ca 4 -0.232573876 0.00240794712 0.543516126 0 0 0
Ca 8 -0.166226817 -0.202493691 0.185196037 0 0 0
Ca 7 0.00160460002 0.0936287949 0.251476441 0 0 0
Ca 6 0.120196813 0.27381177 0.335052471 0 0 0
Ca 4 -0.217649567 -0.0844865192 0.414985069 0 0 0
Ca 6 -0.50316488 -0.0190851161 0.131041979 0 0 0
Ca 4 -0.0195938535 0.196824321 0.447486631 0 0 0
Ca 6 -0.505933717 0.225261822 0.276176062 0 0 0
Ca 6 -0.0659197807 0.380727224 0.178001898 0 0 0
Ca 8 -0.324128154 0.284468172 0.273306002 0 0 0
Ca 6 -0.0899369326 -0.180989926 0.203069143 0 0 0
Ca 8 -0.17559423 0.200985084 0.168744478 0 0 0
Ca 1 0.0362122713 -0.161309617 0.561766019 0 0 0
Ca 8 0.20915739 0.365023541 0.456667332 0 0 0
Ca 4 -0.540604208 -0.275739739 0.470602961 0 0 0
Ca 8 -0.398849441 0.197030909 0.341086518 0 0 0
Ca 7 -0.244140121 0.169592404 0.350934783 0 0 0
Ca 6 -0.10315872 0.679597547 0.326729715 0 0 0
Ca 6 -0.180527843 -0.225228517 0.10650431 0 0 0
Ca 7 -0.201725437 0.233636872 0.0735622875 0 0 0
Ca 6 0.098593605 -0.126536007 0.349166509 0 0 0
Ca 8 0.0900818542 -0.083059987 0.171370986 0 0 0
Ca 8 -0.232543244 0.231279098 0.260257937 0 0 0
Ca 4 -0.259316117 -0.077438641 0.155361527 0 0 0
Ca 7 -0.0728184085 0.350112421 0.268877461 0 0 0
Ca 1 0.287432089 -0.0230384738 0.0764334318 0 0 0
Ca 1 0.112540054 -0.076209557 0.344536995 0 0 0
Ca 1 -0.133734476 0.13533057 0.173188131 0 0 0
Ca 6 -0.0402792144 0.114834054 0.564061244 0 0 0
Ca 4 -0.268254636 0.0508863972 0.143905601 0 0 0
Ca 1 -0.0769586989 -0.0531349072 0.153284539 0 0 0
Ca 6 -0.0593598918 0.114922312 0.111967947 0 0 0
Ca 8 0.0496221006 -0.0781128882 0.12216846 0 0 0
Ca 1 -0.163141024 0.249656752 0.29628302 0 0 0
Ca 6 -0.133473053 0.110888897 0.224517398 0 0 0
Ca 4 -0.0481026749 -0.0725775526 0.106805637 0 0 0
Ca 7 -0.207580068 0.0631353716 0.0823440091 0 0 0
Ca 4 -0.150613488 -0.0486988056 0.0583493895 0 0 0
Ca 7 -0.0617537527 0.0333355558 0.114552924 0 0 0
Ca 8 -0.144877016 0.0212768712 0.0544928445 0 0 0
VGCC_O 3 0.0772568984 -0.00428239309 0.046693036 -1.41802159e-06 2.82063681e-07 -1
VGCC_O 8 -0.134706799 0.0161271258 0.0466933331 -1.62059677e-06 3.22356891e-07 -1
VGCC_O 1 -0.126159285 0.0151063295 0.0466933189 -1.62059625e-06 3.22356338e-07 -1
VGCC_O 0 0.11238887 -0.0311459409 0.0466929927 -1.01287282e-06 -1.51427976e-07 -1
VGCC_O 5 0.113746944 -0.0200409323 0.0466929896 -1.01287282e-06 -1.51427976e-07 -1
VGCC_O 2 0.119933892 -0.04777957 0.0466929781 -1.41802115e-06 2.82063236e-07 -1
VGCC_O 6 -0.12622171 0.0241576588 0.046693322 -1.62059677e-06 3.22356891e-07 -1
TAG 41 -0.105784995 0.0105052503 0.0536665039 -0.333750681 -0.131703993 -0.933415524
TAG 45 -0.113699624 0.0170707545 0.0588716642 -0.751399624 0.322919173 -0.575431849
TAG 44 -0.11923843 0.00668793202 0.0611035411 -0.999896295 -0.0141984574 0.00240892698
