VGCC_O 4 -0.108229728 0.00324736392 0.0466932869 -8.10297798e-07 1.61178104e-07 -1
VGCC_O 9 0.0953603447 -0.018533153 0.0466930096 -1.14792244e-06 -1.24564753e-07 -1
CaBS 10 0.10821705 -0.00908762818 0.0837758309 0.324116486 0.74980293 0.576839726
CaBS 11 0.112274301 -0.0312537881 0.0784861487 0.34654604 -0.867983022 0.355684293
CaBS 13 0.110374146 -0.00824289277 0.0580168106 0.321328636 0.750213906 -0.577864173
CaBS 14 0.11708085 -0.010783548 0.0809998469 0.324116486 0.74980293 0.576839726
CaBS 15 0.115629613 -0.0311849482 0.0640712965 0.344822999 -0.867728964 -0.357971429
CaBS 16 0.0908084351 -0.0140433252 0.0654178428 -0.751399618 0.322919164 -0.575431861
CaBS 17 0.104239108 -0.0306297954 0.0589087072 -0.324116536 -0.749802846 -0.576839807
CaBS 19 0.118590534 -0.0272714041 0.0769548594 0.751399702 -0.322919474 0.575431578
CaBS 20 0.105452037 -0.0310558727 0.0806688723 -0.321328743 -0.750213836 0.577864204
CaBS 21 0.0941779713 -0.0287484608 0.0692590343 -0.735818491 -0.677177075 0.00153536998
CaBS 22 0.0911261779 -0.025414127 0.0773146713 -0.735818491 -0.677177075 0.00153536998
CaBS 23 0.0926861195 -0.0208676841 0.0591362866 -0.751399618 0.322919164 -0.575431861
CaBS 24 0.117016474 -0.0239507954 0.0808737216 0.751399702 -0.322919474 0.575431578
Ca 7 0.413225171 0.0442700534 0.440420358 0 0 0
Ca 6 -0.501877264 -0.128636641 0.500100839 0 0 0
Ca 3 -0.0559398998 0.521908825 0.199417909 0 0 0
Ca 1 0.381305371 0.260046672 0.458691157 0 0 0
Ca 1 0.0779904655 0.530920185 0.0641397695 0 0 0
Ca 7 0.450890386 0.130110766 0.064461751 0 0 0
Ca 6 -0.340480283 -0.136208931 0.544773982 0 0 0
Ca 6 -0.0451150742 -0.22155172 0.713156734 0 0 0
Ca 1 -0.472948311 -0.0170686705 0.842721864 0 0 0
Ca 4 0.442095074 0.645673505 0.335659518 0 0 0
Ca 7 -0.201668335 0.0454339537 0.398021267 0 0 0
Ca 1 0.144755265 -0.0453929443 0.95276435 0 0 0
Ca 1 0.00192754238 0.0284208094 0.610026457 0 0 0
Ca 1 -0.0927634983 0.366628602 0.123825759 0 0 0
Ca 8 0.201219178 0.086039174 0.556065569 0 0 0
Ca 4 0.228714368 -0.336703743 0.608036511 0 0 0
Ca 7 0.323016554 -0.00964617545 0.952200548 0 0 0
Ca 6 0.25134787 -0.61946076 0.545211101 0 0 0
Ca 6 -0.162463515 0.346353679 0.816796708 0 0 0
Ca 7 -0.0164230997 0.442931924 0.306879537 0 0 0
Ca 4 -0.508269148 0.306813868 0.166777253 0 0 0
Ca 1 0.239661568 -0.0463175153 0.120466203 0 0 0
Ca 8 0.583675051 0.305284985 0.324927549 0 0 0
Ca 6 -0.648404096 -0.324438061 0.660718585 0 0 0
Ca 7 0.0681278562 0.0587903003 0.222237366 0 0 0
Ca 4 0.041933947 0.532146793 0.100008084 0 0 0
Ca 6 0.192199829 -0.00352499468 0.336514301 0 0 0
Ca 6 0.0875453593 -0.394759458 0.512856093 0 0 0
Ca 8 0.48083136 0.309741712 0.0991061556 0 0 0
Ca 1 -0.0135591548 0.210503619 0.730589855 0 0 0
Ca 8 0.170551975 0.0380507851 0.125817482 0 0 0
Ca 4 0.176940423 0.295181383 0.441214923 0 0 0
Ca 8 0.156430685 0.105698018 0.57907135 0 0 0
Ca 6 -0.717076241 -0.204087967 0.370381776 0 0 0
Ca 4 -0.529358165 -0.264597469 0.232155588 0 0 0
Ca 7 0.0249174182 0.260326342 0.0831393872 0 0 0
Ca 8 0.436253901 0.337714097 0.207498993 0 0 0
Ca 8 0.0401338477 -0.0759924544 0.184536776 0 0 0
Ca 8 -0.626685233 0.317721693 0.240215643 0 0 0
Ca 7 -0.0372550955 -0.624901091 0.344275914 0 0 0
Ca 6 -0.149793295 -0.360332021 0.363584572 0 0 0
Ca 1 -0.297860169 -0.335162316 0.356424324 0 0 0
Ca 7 0.097486994 0.69958858 0.0991127996 0 0 0
Ca 8 -0.285425044 0.279732112 0.159030469 0 0 0
Ca 8 -0.087531545 -0.0793626513 0.656034711 0 0 0
Ca 1 0.033532185 0.295264768 0.38989281 0 0 0
Ca 1 0.441210711 0.366402896 0.244626648 0 0 0
Ca 6 0.422533464 -0.214423979 0.330439713 0 0 0
Ca 7 0.158070542 -0.234100068 0.169912461 0 0 0
Ca 6 -0.311330967 0.307437049 0.327346301 0 0 0
Ca 8 -0.176360151 0.240116144 0.126883523 0 0 0
Ca 7 -0.0360609983 -0.271952323 0.365240832 0 0 0
Ca 6 -0.493552738 0.0305480815 0.695042628 0 0 0
Ca 7 -0.197400061 0.0837657914 0.0527703187 0 0 0
Ca 1 0.062399482 -0.069315774 0.439418393 0 0 0
Ca 4 0.00447151537 0.404841759 0.338476045 0 0 0
Ca 1 -0.210753985 -0.326687445 0.272900658 0 0 0
Ca 6 -0.360425331 0.327310926 0.219142073 0 0 0
Ca 7 -0.187577414 -0.297520812 0.242817427 0 0 0
Ca 1 -0.239720674 -0.425846064 0.513992113 0 0 0
Ca 6 0.0382799215 0.314616161 0.223340408 0 0 0
Ca 6 -0.436242344 0.181410455 0.300817709 0 0 0
Ca 8 0.253389814 0.196758261 0.248688073 0 0 0
Ca 4 0.0601072551 -0.083987627 0.180320736 0 0 0
Ca 4 0.334464054 0.175940537 0.236418051 0 0 0
Ca 1 0.253600119 -0.344269086 0.3046424 0 0 0
Ca 7 -0.346267453 0.146859002 0.0720471413 0 0 0
Ca 1 -0.245617726 0.294507767 0.380298367 0 0 0
Ca 7 -0.0848858922 0.153299427 0.0698732964 0 0 0
Ca 7 -0.0817698575 -0.203386775 0.252677796 0 0 0
Ca 4 -0.280201318 -0.0692404712 0.188508108 0 0 0
Ca 7 0.0875336723 -0.0805545831 0.0489708113 0 0 0
Ca 7 -0.260448901 0.0813262499 0.21628315 0 0 0
Ca 6 -0.112630415 -0.0229022851 0.10523593 0 0 0
Ca 1 -0.021756769 -0.0804508518 0.319486069 0 0 0
Ca 1 -0.383067632 0.00823976344 0.176995828 0 0 0
Ca 8 -0.443586267 0.0420566529 0.0790028475 0 0 0
Ca 4 -0.0499058663 0.0609955971 0.300426123 0 0 0
Ca 7 -0.203733457 0.155531508 0.0515202831 0 0 0
Ca 4 -0.236330216 -0.201296659 0.156676291 0 0 0
Ca 6 -0.0267534852 0.269185581 0.0881915065 0 0 0
Ca 1 -0.261831816 0.0599380606 0.0694397832 0 0 0
Ca 6 -0.313810348 0.129538573 0.181848461 0 0 0
Ca 6 -0.142001183 0.127032363 0.0873639508 0 0 0
Ca 1 -0.0757452344 0.0224076901 0.0579801771 0 0 0
Ca 4 -0.0425274057 0.000748554339 0.0948103909 0 0 0
Ca 8 -0.153043238 0.00796846157 0.100505459 0 0 0
Ca 4 -0.178794233 0.0710189923 0.0783195135 0 0 0
Ca 4 -0.163959964 -0.0207192938 0.0567972802 0 0 0
Ca 6 -0.13469949 0.0221120218 0.0466699464 0 0 0
VGCC_O 1 -0.126159285 0.0151063295 0.0466933189 -1.62059625e-06 3.22356338e-07 -1
VGCC_O 2 0.119933892 -0.04777957 0.0466929781 -1.41802115e-06 2.82063236e-07 -1
VGCC_O 8 -0.134706799 0.0161271258 0.0466933331 -1.62059677e-06 3.22356891e-07 -1
VGCC_O 3 0.0772568984 -0.00428239309 0.046693036 -1.41802159e-06 2.82063681e-07 -1
VGCC_O 5 0.113746944 -0.0200409323 0.0466929896 -1.01287282e-06 -1.51427976e-07 -1
VGCC_O 7 -0.137449801 0.00579357966 0.0466933342 -1.62059625e-06 3.22356338e-07 -1
VGCC_O 6 -0.12622171 0.0241576588 0.046693322 -1.62059677e-06 3.22356891e-07 -1
VGCC_O 0 0.11238887 -0.0311459409 0.0466929927 -1.01287282e-06 -1.51427976e-07 -1
TAG 41 -0.105784995 0.0105052503 0.0536665039 -0.333750681 -0.131703993 -0.933415524
TAG 73 0.105323475 -0.00357186878 0.063445091 -0.346545998 0.867982935 -0.355684546
TAG 71 -0.096079873 0.00270213046 0.0564810255 0.74861179 -0.322508554 -0.579282851
TAG 70 -0.118208439 0.00383577013 0.0653592954 -0.735818461 -0.677177107 0.0015353549
TAG 69 -0.119239302 0.00795267007 0.0681959954 -0.999896295 -0.0141984574 0.00240892698
TAG 67 -0.115078276 0.000454692191 0.0742448755 -0.735818461 -0.677177107 0.0015353549
TAG 65 0.119072188 -0.020557456 0.0800936336 0.751399702 -0.322919474 0.575431578
TAG 63 -0.104896891 0.0149528875 0.0527352849 0.329239713 0.132369034 -0.93492227
TAG 62 -0.0995730683 0.0302300905 0.0690462359 0.3213287 0.750213891 -0.577864158
TAG 59 -0.100018848 -0.00188752594 0.0603333581 0.344822933 -0.867729023 -0.35797135
TAG 55 -0.119337383 0.0151637023 0.0699872324 -0.999896295 -0.0141984574 0.00240892698
TAG 54 -0.104785227 0.0261860029 0.076486355 -0.344822968 0.867728888 0.357971643
TAG 53 -0.089146311 -0.000197085518 0.0670554248 0.74861179 -0.322508554 -0.579282851
TAG 52 -0.119278263 0.0119799944 0.0757618237 -0.999896295 -0.0141984574 0.00240892698
TAG 51 -0.102448777 0.00747370566 0.0865367572 -0.329239868 -0.132369105 0.934922205
TAG 45 -0.113699624 0.0170707545 0.0588716642 -0.751399624 0.322919173 -0.575431849
TAG 44 -0.11923843 0.00668793202 0.0611035411 -0.999896295 -0.0141984574 0.00240892698
