VGCC_O 4 -0.108229728 0.00324736392 0.0466932869 -8.10297798e-07 1.61178104e-07 -1
VGCC_O 3 0.0772568984 -0.00428239309 0.046693036 -1.41802159e-06 2.82063681e-07 -1
VGCC_O 6 -0.12622171 0.0241576588 0.046693322 -1.62059677e-06 3.22356891e-07 -1
VGCC_O 8 -0.134706799 0.0161271258 0.0466933331 -1.62059677e-06 3.22356891e-07 -1
CaBS 10 0.110612686 -0.030259801 0.0569960699 0.344822999 -0.867728964 -0.357971429
CaBS 11 0.0976489214 -0.0226181991 0.0564549764 -0.333750671 -0.131704002 -0.933415527
CaBS 13 0.109748865 -0.0312891233 0.0808604724 0.34654604 -0.867983022 0.355684293
CaBS 14 0.103348388 -0.0145768465 0.0532824568 -0.333750671 -0.131704002 -0.933415527
CaBS 15 0.105096153 -0.00354121167 0.063741385 -0.346545998 0.867982935 -0.355684546
CaBS 16 0.100595039 -0.0284367061 0.0813684168 -0.321328743 -0.750213836 0.577864204
CaBS 17 0.105931009 -0.0351845125 0.0750742492 0.34654604 -0.867983022 0.355684293
CaBS 18 0.122282808 -0.012353071 0.0670043534 0.735818353 0.677177225 -0.00153536905
CaBS 19 0.0932093116 -0.0276933474 0.0703928671 -0.735818491 -0.677177075 0.00153536998
CaBS 20 0.109406962 -0.0326148678 0.0779583516 0.34654604 -0.867983022 0.355684293
CaBS 21 0.108490889 -0.0335479169 0.0629226572 0.344822999 -0.867728964 -0.357971429
CaBS 22 0.108758514 -0.00898290952 0.0833354734 0.324116486 0.74980293 0.576839726
CaBS 23 0.11685203 -0.0248059488 0.0806085603 0.751399702 -0.322919474 0.575431578
CaBS 24 0.100887915 -0.0220334356 0.0552143371 -0.333750671 -0.131704002 -0.933415527
CaBS 25 -0.0987548538 0.00144853942 0.0537220481 0.74861179 -0.322508554 -0.579282851
CaBS 28 -0.087521595 0.0146461521 0.0779437863 0.999896301 0.0141980506 -0.0024089266
CaBS 29 -0.0925994341 0.00412654423 0.0601857994 0.74861179 -0.322508554 -0.579282851
CaBS 31 -0.106941334 0.0251583198 0.0769005642 -0.344822968 0.867728888 0.357971643
CaBS 38 -0.100915857 -0.00238820329 0.0788260168 0.346545964 -0.867983059 0.355684276
Ca 4 0.156488938 -0.38744089 0.779645428 0 0 0
Ca 1 0.142529779 -0.500461933 0.300731227 0 0 0
Ca 4 -0.072700145 -0.0454156804 0.110046611 0 0 0
Ca 7 0.00352005683 0.165406675 0.402580276 0 0 0
Ca 8 -0.0228610188 -0.308909748 1.3712738 0 0 0
Ca 7 -0.095789301 0.355496065 0.481372681 0 0 0
Ca 4 0.482210586 0.0980302951 0.503273393 0 0 0
Ca 7 -0.302715777 -0.527998281 0.683873004 0 0 0
Ca 1 0.519607025 0.496052865 0.628150384 0 0 0
Ca 1 -0.0561928987 -0.185263319 0.583201999 0 0 0
Ca 6 -0.179000537 0.276376897 0.0799350031 0 0 0
Ca 4 0.102239302 0.444275041 0.451045714 0 0 0
Ca 1 0.154153452 0.0741101308 0.327541435 0 0 0
Ca 7 0.137727551 0.317841209 0.580203982 0 0 0
Ca 6 0.483968199 0.25282168 0.367759578 0 0 0
Ca 6 -0.488382308 0.0052653457 0.168584714 0 0 0
CaBS_Ca 56 0.101113309 -0.0282718664 0.0576000965 -0.324116536 -0.749802846 -0.576839807
Ca 1 -0.722975588 0.133527615 0.293630773 0 0 0
Ca 4 -0.489810414 0.144276175 0.500073372 0 0 0
Ca 8 -0.309795022 -0.163607406 0.407966712 0 0 0
Ca 6 -0.433487648 -0.108061421 0.576081519 0 0 0
Ca 1 0.230615146 -0.125243818 0.331661933 0 0 0
Ca 6 -0.00704068088 0.171228218 0.36061084 0 0 0
Ca 4 0.019113474 0.0278600643 0.508845303 0 0 0
Ca 7 -0.460221742 0.546511812 0.387675929 0 0 0
Ca 6 0.166990911 -0.197389551 0.288040436 0 0 0
Ca 6 -0.101495233 -0.608016844 0.368025495 0 0 0
Ca 7 -0.376197038 -0.01865423 0.229178796 0 0 0
Ca 7 0.129727593 0.535556011 0.215562418 0 0 0
Ca 1 0.0637494537 -0.420266154 0.294771677 0 0 0
CaBS_Ca 57 -0.116256574 0.0225985066 0.0653821257 -0.34654601 0.867982945 -0.355684509
Ca 6 0.641222915 0.444907927 0.275311886 0 0 0
Ca 1 -0.00594304924 -0.0179848685 0.180784855 0 0 0
Ca 6 -0.0621031197 0.525661478 0.359890631 0 0 0
Ca 4 -0.650002193 0.143391923 0.263786534 0 0 0
Ca 1 0.0670808725 0.211475129 0.49515256 0 0 0
Ca 1 -0.0851057143 -0.188603348 0.511126584 0 0 0
Ca 7 -0.409888511 -0.268983914 0.336363727 0 0 0
Ca 7 -0.420622597 0.291408822 0.16616665 0 0 0
Ca 6 -0.217001987 -0.449445043 0.357062708 0 0 0
Ca 4 0.146352044 0.230473606 0.487938239 0 0 0
Ca 7 0.101095701 -0.0222441047 0.376425138 0 0 0
Ca 1 0.294730104 0.547259513 0.276525703 0 0 0
Ca 6 -0.262582524 0.0658798641 0.0821686596 0 0 0
Ca 4 -0.00684973742 0.138380732 0.25240152 0 0 0
Ca 4 -0.316233365 0.146254149 0.358164713 0 0 0
Ca 6 -0.59088158 0.138797924 0.299190011 0 0 0
Ca 7 -0.119087301 0.158143187 0.0669026856 0 0 0
Ca 6 -0.263738499 0.123775733 0.194806661 0 0 0
Ca 8 -0.0364484724 0.0614337956 0.562566534 0 0 0
Ca 8 0.093254448 0.214636659 0.101381291 0 0 0
Ca 8 -0.203274924 0.301349843 0.0926259653 0 0 0
Ca 4 -0.207969436 -0.0415814404 0.255382595 0 0 0
Ca 8 -0.20134705 -0.303932523 0.0938281329 0 0 0
Ca 6 -0.219001645 0.217185769 0.145696424 0 0 0
Ca 1 -0.0235846335 -0.351969112 0.285083382 0 0 0
Ca 4 0.00222975357 -0.0955732467 0.146218498 0 0 0
Ca 6 -0.417192496 0.055083298 0.17087823 0 0 0
Ca 7 -0.245159483 0.220820109 0.241240587 0 0 0
Ca 6 -0.18482725 0.0696236757 0.0796128513 0 0 0
Ca 8 -0.0491306375 0.0738803236 0.0508197751 0 0 0
Ca 1 -0.121059654 -0.0216575686 0.119059819 0 0 0
Ca 1 -0.275526654 0.361478531 0.264883285 0 0 0
Ca 8 -0.296082744 0.27015197 0.23972544 0 0 0
Ca 8 -0.226361533 0.149971717 0.0736354935 0 0 0
Ca 8 -0.0395533233 0.0604506604 0.0769851644 0 0 0
Ca 6 -0.10487382 0.121336531 0.183404054 0 0 0
Ca 7 -0.296040053 0.225796643 0.0698606586 0 0 0
Ca 8 -0.162113751 0.0682602371 0.0622137201 0 0 0
Ca 8 -0.258444316 0.0479692427 0.0535505608 0 0 0
Ca 1 -0.161036203 0.0472484042 0.072763522 0 0 0
Ca 6 -0.088953956 0.0555313704 0.0538317274 0 0 0
Ca 8 -0.123344508 0.00291958048 0.0466612593 0 0 0
VGCC_O 0 0.11238887 -0.0311459409 0.0466929927 -1.01287282e-06 -1.51427976e-07 -1
VGCC_O 1 -0.126159285 0.0151063295 0.0466933189 -1.62059625e-06 3.22356338e-07 -1
VGCC_O 7 -0.137449801 0.00579357966 0.0466933342 -1.62059625e-06 3.22356338e-07 -1
VGCC_O 5 0.113746944 -0.0200409323 0.0466929896 -1.01287282e-06 -1.51427976e-07 -1
VGCC_O 2 0.119933892 -0.04777957 0.0466929781 -1.41802115e-06 2.82063236e-07 -1
VGCC_O 9 0.0953603447 -0.018533153 0.0466930096 -1.14792244e-06 -1.24564753e-07 -1
TAG 41 -0.105784995 0.0105052503 0.0536665039 -0.333750681 -0.131703993 -0.933415524
TAG 59 -0.100018848 -0.00188752594 0.0603333581 0.344822933 -0.867729023 -0.35797135
TAG 55 -0.119337383 0.0151637023 0.0699872324 -0.999896295 -0.0141984574 0.00240892698
TAG 54 -0.104785227 0.0261860029 0.076486355 -0.344822968 0.867728888 0.357971643
TAG 53 -0.089146311 -0.000197085518 0.0670554248 0.74861179 -0.322508554 -0.579282851
TAG 52 -0.119278263 0.0119799944 0.0757618237 -0.999896295 -0.0141984574 0.00240892698
TAG 51 -0.102448777 0.00747370566 0.0865367572 -0.329239868 -0.132369105 0.934922205
TAG 45 -0.113699624 0.0170707545 0.0588716642 -0.751399624 0.322919173 -0.575431849
TAG 44 -0.11923843 0.00668793202 0.0611035411 -0.999896295 -0.0141984574 0.00240892698
