VGCC_O 6 -0.12622171 0.0241576588 0.046693322 -1.62059677e-06 3.22356891e-07 -1
VGCC_O 2 0.119933892 -0.04777957 0.0466929781 -1.41802115e-06 2.82063236e-07 -1
VGCC_O 5 0.113746944 -0.0200409323 0.0466929896 -1.01287282e-06 -1.51427976e-07 -1
CaBS 10 0.1224084 -0.0125773346 0.0652534707 0.999896301 0.01419805 -0.0024089266
CaBS 11 0.101365045 -0.0224920959 0.0843630921 -0.329239867 -0.132369096 0.934922207
CaBS 13 0.113387507 -0.0304324656 0.0600875125 0.344822999 -0.867728964 -0.357971429
CaBS 14 0.1037725 -0.0346670025 0.0644186334 -0.324116536 -0.749802846 -0.576839807
CaBS 15 0.107513973 -0.0171493082 0.0532866553 0.329239702 0.132369043 -0.934922272
CaBS 16 0.106452165 -0.00169071015 0.0725314237 -0.344822968 0.867728907 0.357971598
CaBS 17 0.117117505 -0.0299269176 0.0624550497 0.344822999 -0.867728964 -0.357971429
CaBS 18 0.122148092 -0.0273471457 0.0671415328 0.748611785 -0.322508546 -0.579282861
CaBS 19 0.102938636 -0.00720565113 0.0825152551 -0.344822968 0.867728907 0.357971598
CaBS 20 0.0908981731 -0.0099016766 0.067624861 -0.751399618 0.322919164 -0.575431861
CaBS 21 0.0994842464 -0.032759202 0.0751390541 -0.321328743 -0.750213836 0.577864204
CaBS 22 0.115802097 -0.00707139708 0.062555989 0.321328636 0.750213906 -0.577864173
CaBS 23 0.115470832 -0.0245374436 0.0569481899 0.748611785 -0.322508546 -0.579282861
CaBS 24 0.117205647 -0.0258364932 0.0599133355 0.748611785 -0.322508546 -0.579282861
CaBS 25 -0.118603044 0.0123148875 0.0626056722 -0.751399624 0.322919173 -0.575431849
CaBS 28 -0.119147581 0.0159393725 0.0741717714 -0.748611709 0.322508237 0.579283131
CaBS 29 -0.107750735 0.0180101089 0.0861614086 -0.329239868 -0.132369105 0.934922205
CaBS 31 -0.118382496 0.00405142534 0.0770582333 -0.735818461 -0.677177107 0.0015353549
CaBS 38 -0.107325074 0.0027201574 0.0554331748 -0.324116588 -0.749802884 -0.576839729
Ca 4 0.157103711 -0.519630168 0.80516427 0 0 0
Ca 1 0.270785815 -0.347584558 0.326873695 0 0 0
Ca 7 -0.19224822 0.2372338 0.451638315 0 0 0
Ca 7 -0.114850238 0.485265796 0.33263805 0 0 0
Ca 4 0.527014368 0.248933603 0.421363877 0 0 0
Ca 1 -0.0454684998 -0.113421628 0.552446632 0 0 0
Ca 6 -0.134766018 0.115881706 0.312664406 0 0 0
Ca 4 -0.0315761465 0.528742881 0.38802474 0 0 0
Ca 1 0.280013468 0.0699862577 0.62319127 0 0 0
Ca 7 0.17893024 0.372948581 0.508540022 0 0 0
Ca 6 0.464745515 0.295426546 0.466659266 0 0 0
Ca 6 -0.332569756 0.0320913575 0.287928629 0 0 0
CaBS_Ca 56 0.103456761 -0.0259119524 0.0548430792 -0.333750671 -0.131704002 -0.933415527
Ca 4 -0.553251539 0.055266976 0.528647606 0 0 0
Ca 8 -0.224992967 0.103192169 0.403134898 0 0 0
Ca 6 -0.384787723 0.0712771394 0.755939584 0 0 0
Ca 1 0.165010708 0.137285908 0.24511261 0 0 0
Ca 6 -0.123030995 0.197156691 0.433016672 0 0 0
Ca 4 0.0165219801 0.136864244 0.484298837 0 0 0
Ca 6 0.196338206 -0.147623713 0.322484094 0 0 0
Ca 6 -0.4363881 -0.680212479 0.348930792 0 0 0
Ca 7 -0.374578515 0.192977123 0.602264873 0 0 0
Ca 7 0.0655712727 0.618118953 0.0724957327 0 0 0
Ca 1 -0.00166179123 -0.432593893 0.191674442 0 0 0
CaBS_Ca 57 -0.118907499 0.00460524124 0.0697144611 -0.735818461 -0.677177107 0.0015353549
Ca 1 -0.078771259 -0.236293577 0.125503505 0 0 0
Ca 6 -0.148546183 0.799227522 0.364763468 0 0 0
Ca 1 -0.076594173 -0.0232269174 0.493773238 0 0 0
Ca 1 0.0510873826 -0.22597535 0.520893074 0 0 0
Ca 7 -0.369564503 -0.161651175 0.307598035 0 0 0
Ca 7 -0.399530022 0.399030676 0.272742043 0 0 0
Ca 6 -0.122093428 -0.51740025 0.413171715 0 0 0
Ca 4 0.142762516 0.109860448 0.272730321 0 0 0
Ca 7 0.124980433 0.0982826305 0.194519169 0 0 0
Ca 1 0.362263887 0.670489041 0.0578958237 0 0 0
Ca 6 -0.323449777 0.0485689101 0.211058871 0 0 0
Ca 4 0.2167782 0.274162019 0.1477476 0 0 0
Ca 4 -0.163172628 0.0656219661 0.247455149 0 0 0
Ca 6 -0.790664591 0.306135092 0.341684901 0 0 0
Ca 6 -0.0826365397 0.0182455466 0.217273461 0 0 0
Ca 8 -0.150640585 -0.0594468958 0.653767299 0 0 0
Ca 8 0.0776643972 0.366415294 0.113839453 0 0 0
Ca 4 -0.278984844 0.0134813834 0.371732925 0 0 0
Ca 1 0.132201014 -0.229512352 0.352015801 0 0 0
Ca 4 -0.0578270134 0.0570871622 0.208032852 0 0 0
Ca 6 -0.39705502 0.0198886072 0.249043725 0 0 0
Ca 7 -0.0550430043 0.354533643 0.399922798 0 0 0
Ca 6 -0.542726659 0.137723519 0.157801602 0 0 0
Ca 1 -0.017181516 -0.0573928972 0.23109548 0 0 0
Ca 1 -0.188412864 0.476715063 0.289604013 0 0 0
Ca 8 -0.398985169 0.367318745 0.19118591 0 0 0
Ca 8 -0.265505213 -0.0215043616 0.0884757568 0 0 0
Ca 8 -0.149132886 0.114969139 0.156745108 0 0 0
Ca 6 -0.170813383 0.260663838 0.352078512 0 0 0
Ca 7 -0.401735699 0.120864513 0.155068954 0 0 0
Ca 8 -0.22148452 0.114236632 0.358654899 0 0 0
Ca 6 -0.0762074867 0.0351699411 0.188466386 0 0 0
Ca 8 -0.16204152 0.176270028 0.239244532 0 0 0
Ca 8 -0.352149187 0.0704455881 0.235355111 0 0 0
Ca 4 -0.138396141 -0.0270299609 0.0773013198 0 0 0
Ca 1 -0.10885453 0.0390954247 0.0828139729 0 0 0
Ca 7 -0.192834502 0.102100876 0.113502547 0 0 0
Ca 8 -0.0835496821 0.034375645 0.0545581379 0 0 0
Ca 7 -0.143306786 0.017771735 0.0697612073 0 0 0
Ca 8 -0.163728407 -0.0659513213 0.106372726 0 0 0
Ca 4 -0.0902806005 0.0256096847 0.0503268688 0 0 0
Ca 6 -0.0837524646 0.0920283062 0.0539523344 0 0 0
Ca 7 -0.179217771 0.0117777999 0.0475685094 0 0 0
Ca 1 -0.137024302 0.0216980578 0.115456484 0 0 0
Ca 4 -0.0702321718 0.00878456171 0.046734959 0 0 0
Ca 1 -0.122713873 0.0147776244 0.0466140459 0 0 0
VGCC_O 3 0.0772568984 -0.00428239309 0.046693036 -1.41802159e-06 2.82063681e-07 -1
VGCC_O 8 -0.134706799 0.0161271258 0.0466933331 -1.62059677e-06 3.22356891e-07 -1
VGCC_O 1 -0.126159285 0.0151063295 0.0466933189 -1.62059625e-06 3.22356338e-07 -1
VGCC_O 7 -0.137449801 0.00579357966 0.0466933342 -1.62059625e-06 3.22356338e-07 -1
VGCC_O 4 -0.108229728 0.00324736392 0.0466932869 -8.10297798e-07 1.61178104e-07 -1
VGCC_O 9 0.0953603447 -0.018533153 0.0466930096 -1.14792244e-06 -1.24564753e-07 -1
VGCC_O 0 0.11238887 -0.0311459409 0.0466929927 -1.01287282e-06 -1.51427976e-07 -1
TAG 41 -0.105784995 0.0105052503 0.0536665039 -0.333750681 -0.131703993 -0.933415524
TAG 59 -0.100018848 -0.00188752594 0.0603333581 0.344822933 -0.867729023 -0.35797135
TAG 55 -0.119337383 0.0151637023 0.0699872324 -0.999896295 -0.0141984574 0.00240892698
TAG 54 -0.104785227 0.0261860029 0.076486355 -0.344822968 0.867728888 0.357971643
TAG 53 -0.089146311 -0.000197085518 0.0670554248 0.74861179 -0.322508554 -0.579282851
TAG 52 -0.119278263 0.0119799944 0.0757618237 -0.999896295 -0.0141984574 0.00240892698
TAG 51 -0.102448777 0.00747370566 0.0865367572 -0.329239868 -0.132369105 0.934922205
TAG 45 -0.113699624 0.0170707545 0.0588716642 -0.751399624 0.322919173 -0.575431849
TAG 44 -0.11923843 0.00668793202 0.0611035411 -0.999896295 -0.0141984574 0.00240892698
