VGCC_O 1 -0.126159285 0.0151063295 0.0466933189 -1.62059625e-06 3.22356338e-07 -1
CaBS 10 0.119941875 -0.0314898583 0.0704394844 0.34654604 -0.867983022 0.355684293
CaBS 11 0.112208489 -0.00971445105 0.0571263649 0.321328636 0.750213906 -0.577864173
CaBS 13 0.118077626 -0.0108169187 0.0804831518 0.324116486 0.74980293 0.576839726
CaBS 14 0.122490324 -0.0162405121 0.0776679118 0.999896301 0.01419805 -0.0024089266
CaBS 15 0.0973618273 -0.00601711895 0.0652349964 -0.346545998 0.867982935 -0.355684546
CaBS 16 0.117130978 -0.00674901193 0.0696941878 0.735818353 0.677177225 -0.00153536905
CaBS 17 0.0905941189 -0.00983574104 0.0710316342 -0.999896295 -0.0141984568 0.00240892729
CaBS 19 0.0961172594 -0.0175943722 0.0829429369 -0.748611723 0.322508223 0.579283121
CaBS 20 0.0924143233 -0.0112062999 0.0649129456 -0.751399618 0.322919164 -0.575431861
CaBS 21 0.103392534 -0.0213069651 0.0542162852 -0.333750671 -0.131704002 -0.933415527
CaBS 22 0.0927409618 -0.0144357164 0.0626741462 -0.751399618 0.322919164 -0.575431861
CaBS 23 0.10763104 -0.00633126934 0.0805222576 0.324116486 0.74980293 0.576839726
CaBS 24 0.119370612 -0.018709853 0.0587434674 0.748611785 -0.322508546 -0.579282861
Ca 4 0.628518899 -0.0923556069 0.122675264 0 0 0
Ca 7 -0.218225248 -0.123575959 0.319228992 0 0 0
Ca 1 0.095005426 -0.579839291 0.649568332 0 0 0
Ca 8 -0.350384186 0.155262817 0.50887256 0 0 0
Ca 6 -0.0119832864 -0.437937269 0.685651198 0 0 0
Ca 8 -0.154742653 0.306815409 0.435306202 0 0 0
Ca 8 -0.454571248 0.0588997341 0.263293344 0 0 0
Ca 3 0.5366358 0.0768766229 0.507428135 0 0 0
Ca 1 0.333808412 0.436931765 0.570931208 0 0 0
Ca 1 0.206188297 -0.191013077 0.193503423 0 0 0
Ca 1 0.647162345 -0.316480517 0.0949967315 0 0 0
Ca 7 0.264959744 -0.051567628 0.151866074 0 0 0
Ca 7 0.380846699 -0.0946596285 0.345420798 0 0 0
Ca 4 -0.139432798 -0.172578675 0.538736663 0 0 0
Ca 1 -0.0771678545 0.0779521565 0.597463015 0 0 0
Ca 6 0.315305641 -0.157667475 0.692983192 0 0 0
Ca 7 0.273179592 -0.0657004317 1.03570783 0 0 0
Ca 4 0.280713487 0.290046611 0.602701983 0 0 0
Ca 6 -0.169821691 0.240080856 0.452336086 0 0 0
Ca 8 0.279135629 -0.0844132125 0.463024544 0 0 0
Ca 1 -0.135497128 -0.0508242677 0.415785085 0 0 0
Ca 7 -0.303570286 -0.0871881871 0.513858818 0 0 0
Ca 7 0.181314512 -0.410672076 0.171205569 0 0 0
Ca 1 -0.184124065 -0.11967384 0.72022122 0 0 0
Ca 6 -0.144362887 0.0167235179 0.512121876 0 0 0
Ca 4 0.053634136 0.694980404 0.624438901 0 0 0
Ca 6 -0.408703761 0.00484916585 0.286751096 0 0 0
Ca 8 -0.600412999 0.0161801242 0.43315125 0 0 0
Ca 8 0.359273112 -0.25956687 0.470024818 0 0 0
Ca 7 -0.348745808 0.552934329 0.748615128 0 0 0
Ca 6 -0.3826312 0.0104013691 0.0926179235 0 0 0
Ca 6 -0.276190223 -0.0362301712 0.605852227 0 0 0
Ca 6 -0.109385044 0.0821923237 0.806724426 0 0 0
Ca 6 0.526537102 -0.0474200363 0.465701774 0 0 0
Ca 6 -0.319773901 0.0784647757 0.236427023 0 0 0
Ca 8 0.45964735 0.262412628 0.478167771 0 0 0
Ca 8 0.0109737672 -0.265463928 0.443370015 0 0 0
Ca 8 0.233361449 0.203873049 0.338210627 0 0 0
Ca 8 -0.103611638 0.00402625039 0.20449942 0 0 0
Ca 1 -0.308497966 0.243001393 0.331741863 0 0 0
Ca 8 -0.358549978 0.128647892 0.665239704 0 0 0
Ca 8 0.277977358 -0.111188309 0.307393879 0 0 0
Ca 1 -0.608914798 -0.0647083023 0.162882129 0 0 0
Ca 7 -0.174068373 -0.0890786562 0.454803394 0 0 0
Ca 6 -0.0205869919 0.0310486809 0.255856675 0 0 0
Ca 4 0.345096765 -0.319042797 0.234636022 0 0 0
Ca 1 -0.284299986 0.285557642 0.0835006976 0 0 0
Ca 7 -0.23635005 -0.383853779 0.374904779 0 0 0
Ca 1 -0.313894064 -0.322245557 0.410811474 0 0 0
Ca 8 0.253755536 -0.498087497 0.292423991 0 0 0
Ca 7 -0.440055634 0.476339369 0.166512092 0 0 0
Ca 6 -0.228890484 0.184329371 0.141645906 0 0 0
Ca 4 0.130730715 -0.14906074 0.404474463 0 0 0
Ca 7 0.097727141 0.0190608942 0.324593319 0 0 0
Ca 1 0.102150382 0.122756217 0.396031245 0 0 0
Ca 1 -0.192257947 0.216039491 0.262712989 0 0 0
Ca 1 0.174839587 0.029711446 0.10040393 0 0 0
Ca 7 -0.499292612 0.322783195 0.406355978 0 0 0
Ca 1 0.173690325 0.143555323 0.142075487 0 0 0
Ca 1 -0.0270447056 0.278569501 0.206271628 0 0 0
Ca 7 0.148230453 -0.0559897072 0.211756509 0 0 0
Ca 8 0.000513018677 -0.138793109 0.294332555 0 0 0
Ca 4 0.301101089 -0.0510124509 0.196521186 0 0 0
Ca 6 -0.185281584 0.313764372 0.228553335 0 0 0
Ca 8 -0.0694346658 0.0445024519 0.0906714686 0 0 0
Ca 6 -0.0756952079 0.231874993 0.238474249 0 0 0
Ca 8 -0.0500966451 0.140177144 0.357584976 0 0 0
Ca 7 -0.124089874 0.0371303148 0.079484719 0 0 0
Ca 1 -0.208004392 -0.278342071 0.10699186 0 0 0
Ca 6 -0.300855417 0.0887742162 0.183802043 0 0 0
Ca 1 -0.167746314 0.096393485 0.111478307 0 0 0
Ca 6 -0.262896128 -0.17746354 0.435408426 0 0 0
Ca 6 -0.167034882 0.113897636 0.164346686 0 0 0
Ca 1 -0.203350093 0.104525441 0.327614523 0 0 0
Ca 7 0.0302958641 0.130876601 0.228361907 0 0 0
Ca 4 -0.0968000663 0.0489212879 0.108712994 0 0 0
Ca 8 -0.256226987 0.130252666 0.194934167 0 0 0
Ca 7 -0.098816347 -0.0448905365 0.116708242 0 0 0
Ca 4 0.0349936557 -0.0926890253 0.15328422 0 0 0
Ca 4 -0.186422298 0.0966767715 0.160696267 0 0 0
Ca 6 -0.186701599 0.153800049 0.0876695837 0 0 0
Ca 1 -0.0499410254 0.194523036 0.0496092316 0 0 0
Ca 8 -0.0715982877 0.0448426814 0.135505584 0 0 0
Ca 6 -0.107416981 -0.108611894 0.0534179081 0 0 0
Ca 7 -0.0957378576 0.0534729492 0.0751290304 0 0 0
Ca 4 -0.147120997 -0.0962447303 0.105976893 0 0 0
Ca 8 -0.119737519 0.141500138 0.10537018 0 0 0
Ca 7 -0.140821701 0.108357592 0.0787033684 0 0 0
Ca 6 -0.180356359 0.114992154 0.132217797 0 0 0
Ca 8 -0.187449617 0.138725455 0.0582217985 0 0 0
Ca 6 -0.188244696 0.01962381 0.0853448058 0 0 0
Ca 6 -0.200911426 0.0864107535 0.0616275455 0 0 0
Ca 6 -0.102766051 0.016369817 0.0518951897 0 0 0
Ca 8 -0.162600049 -0.0218248011 0.0600405653 0 0 0
VGCC_O 4 -0.108229728 0.00324736392 0.0466932869 -8.10297798e-07 1.61178104e-07 -1
VGCC_O 5 0.113746944 -0.0200409323 0.0466929896 -1.01287282e-06 -1.51427976e-07 -1
VGCC_O 2 0.119933892 -0.04777957 0.0466929781 -1.41802115e-06 2.82063236e-07 -1
VGCC_O 9 0.0953603447 -0.018533153 0.0466930096 -1.14792244e-06 -1.24564753e-07 -1
VGCC_O 0 0.11238887 -0.0311459409 0.0466929927 -1.01287282e-06 -1.51427976e-07 -1
VGCC_O 8 -0.134706799 0.0161271258 0.0466933331 -1.62059677e-06 3.22356891e-07 -1
VGCC_O 3 0.0772568984 -0.00428239309 0.046693036 -1.41802159e-06 2.82063681e-07 -1
VGCC_O 7 -0.137449801 0.00579357966 0.0466933342 -1.62059625e-06 3.22356338e-07 -1
VGCC_O 6 -0.12622171 0.0241576588 0.046693322 -1.62059677e-06 3.22356891e-07 -1
TAG 41 -0.105784995 0.0105052503 0.0536665039 -0.333750681 -0.131703993 -0.933415524
TAG 73 0.105323475 -0.00357186878 0.063445091 -0.346545998 0.867982935 -0.355684546
TAG 71 -0.096079873 0.00270213046 0.0564810255 0.74861179 -0.322508554 -0.579282851
TAG 70 -0.118208439 0.00383577013 0.0653592954 -0.735818461 -0.677177107 0.0015353549
TAG 69 -0.119239302 0.00795267007 0.0681959954 -0.999896295 -0.0141984574 0.00240892698
TAG 67 -0.115078276 0.000454692191 0.0742448755 -0.735818461 -0.677177107 0.0015353549
TAG 65 0.119072188 -0.020557456 0.0800936336 0.751399702 -0.322919474 0.575431578
TAG 63 -0.104896891 0.0149528875 0.0527352849 0.329239713 0.132369034 -0.93492227
TAG 62 -0.0995730683 0.0302300905 0.0690462359 0.3213287 0.750213891 -0.577864158
TAG 59 -0.100018848 -0.00188752594 0.0603333581 0.344822933 -0.867729023 -0.35797135
TAG 55 -0.119337383 0.0151637023 0.0699872324 -0.999896295 -0.0141984574 0.00240892698
TAG 54 -0.104785227 0.0261860029 0.076486355 -0.344822968 0.867728888 0.357971643
TAG 53 -0.089146311 -0.000197085518 0.0670554248 0.74861179 -0.322508554 -0.579282851
TAG 52 -0.119278263 0.0119799944 0.0757618237 -0.999896295 -0.0141984574 0.00240892698
TAG 51 -0.102448777 0.00747370566 0.0865367572 -0.329239868 -0.132369105 0.934922205
TAG 45 -0.113699624 0.0170707545 0.0588716642 -0.751399624 0.322919173 -0.575431849
TAG 44 -0.11923843 0.00668793202 0.0611035411 -0.999896295 -0.0141984574 0.00240892698
