VGCC_O 4 -0.108229728 0.00324736392 0.0466932869 -8.10297798e-07 1.61178104e-07 -1
VGCC_O 1 -0.126159285 0.0151063295 0.0466933189 -1.62059625e-06 3.22356338e-07 -1
CaBS 10 0.104887997 -0.0372361489 0.0710838175 0.34654604 -0.867983022 0.355684293
CaBS 11 0.10759721 -0.0207937046 0.0527999835 0.329239702 0.132369043 -0.934922272
CaBS 13 0.120899297 -0.0219983283 0.062549817 0.748611785 -0.322508546 -0.579282861
CaBS 14 0.109459129 -0.000821289436 0.0671431228 0.321328636 0.750213906 -0.577864173
CaBS 15 0.0962918885 -0.0310449466 0.0694751561 -0.735818491 -0.677177075 0.00153536998
CaBS 16 0.098108599 -0.00446784136 0.0682881393 -0.346545998 0.867982935 -0.355684546
CaBS 17 0.114212486 -0.0308441353 0.0775974436 0.34654604 -0.867983022 0.355684293
CaBS 19 0.0990032372 -0.0228955371 0.0560098614 -0.333750671 -0.131704002 -0.933415527
CaBS 20 0.11184709 -0.0316697133 0.0616027863 0.344822999 -0.867728964 -0.357971429
CaBS 21 0.0974078304 -0.00756098982 0.078048948 -0.344822968 0.867728907 0.357971598
CaBS 22 0.116255558 -0.0269253754 0.0592917485 0.748611785 -0.322508546 -0.579282861
CaBS 23 0.0934146767 -0.00899027473 0.0746601524 -0.748611723 0.322508223 0.579283121
CaBS 24 0.0985444941 -0.0157851301 0.0551706175 -0.333750671 -0.131704002 -0.933415527
Ca 6 -0.217474903 -0.040180406 0.533860768 0 0 0
Ca 8 -0.208621124 0.0430328502 0.600343166 0 0 0
Ca 6 0.256791185 0.0909270408 0.386277503 0 0 0
Ca 1 -0.717644364 0.105036216 0.565414849 0 0 0
Ca 7 -0.263162721 0.579207667 0.604987809 0 0 0
Ca 1 -0.372606106 -0.258941483 0.33206772 0 0 0
Ca 1 0.0918978519 0.153038353 0.241887384 0 0 0
Ca 4 -0.0967757899 -0.106048771 0.750715105 0 0 0
Ca 8 -0.263290717 0.0332893452 0.775932319 0 0 0
Ca 7 -0.153561544 -0.276535969 0.429060484 0 0 0
Ca 1 0.0185131275 0.522068115 0.762068832 0 0 0
Ca 1 -0.278215183 0.414323244 0.2012263 0 0 0
Ca 4 0.378837929 -0.626423325 0.398622877 0 0 0
Ca 7 0.164837451 0.05187411 0.0574234769 0 0 0
Ca 1 -0.0100016856 -0.0338449767 0.893863446 0 0 0
Ca 8 0.286153458 -0.043771196 0.207136604 0 0 0
Ca 7 0.0453365488 0.436998611 0.501832652 0 0 0
Ca 4 -0.128830733 0.216961801 0.285398736 0 0 0
Ca 4 0.171341721 -0.0892088442 0.316179124 0 0 0
Ca 8 -0.0516089439 -0.141555073 0.180845012 0 0 0
Ca 1 0.0844722875 -0.34584288 0.861959598 0 0 0
Ca 1 -0.129811778 -0.129612778 0.641005182 0 0 0
Ca 7 -0.657150624 0.0305881442 0.410119761 0 0 0
Ca 6 -0.247257948 -0.165251112 0.252464575 0 0 0
Ca 7 -0.432353654 0.493860537 0.545070118 0 0 0
Ca 8 0.201370317 0.267926018 0.056132099 0 0 0
Ca 8 0.088123265 0.0355460159 0.481331162 0 0 0
Ca 1 -0.6914745 -0.018160465 0.218801065 0 0 0
Ca 6 0.321638698 -0.0241324638 0.448753513 0 0 0
Ca 2 0.12240324 0.267328825 0.544351953 0 0 0
Ca 7 -0.466112393 -0.529510226 0.577772655 0 0 0
Ca 4 0.305019599 0.4127562 0.373958959 0 0 0
Ca 7 0.320538074 0.531962109 0.547532804 0 0 0
Ca 8 -0.170635474 -0.34247879 0.749124278 0 0 0
Ca 1 0.503738051 -0.204088328 0.222095819 0 0 0
Ca 8 -0.760877925 0.15059458 0.491486417 0 0 0
Ca 8 -0.2525996 0.500804491 0.577579754 0 0 0
Ca 7 -0.288479603 0.246585118 0.73958366 0 0 0
Ca 4 -0.0212612049 -0.447982242 0.27037167 0 0 0
Ca 1 -0.144018387 -0.254042328 0.436917639 0 0 0
Ca 6 0.243391057 -0.0191329272 0.155989371 0 0 0
Ca 4 -0.532779076 0.136694135 0.701788469 0 0 0
Ca 1 0.0874439669 0.0592917772 0.347948134 0 0 0
Ca 1 -0.198112339 0.489055216 0.224298319 0 0 0
Ca 7 -0.564737788 0.325969908 0.155973084 0 0 0
Ca 1 -0.403892292 0.248893794 0.301178735 0 0 0
Ca 6 -0.218839342 -0.343740207 0.123100736 0 0 0
Ca 1 -0.0942372461 -0.260659042 0.217601925 0 0 0
Ca 8 -0.449308962 0.262275005 0.050935489 0 0 0
Ca 7 0.111147808 0.170286373 0.388160826 0 0 0
Ca 1 -0.213036508 0.41521212 0.361391199 0 0 0
Ca 1 0.0119668635 0.146381569 0.256355214 0 0 0
Ca 7 -0.393124984 0.0151486056 0.0739862434 0 0 0
Ca 8 0.197905095 0.0867554679 0.221784525 0 0 0
Ca 6 -0.00247296399 -0.033026085 0.23303215 0 0 0
Ca 4 -0.33867369 0.0226375056 0.141728888 0 0 0
Ca 7 -0.0965457062 0.167434453 0.358638394 0 0 0
Ca 6 -0.428295449 -0.0143541228 0.233251365 0 0 0
Ca 7 0.0242206166 -0.120246733 0.497371303 0 0 0
Ca 7 -0.00416443181 -0.105532264 0.288047897 0 0 0
Ca 4 -0.0285911472 -0.342959298 0.250070342 0 0 0
Ca 8 -0.192488838 0.132737775 0.0508784103 0 0 0
Ca 4 -0.0399605348 0.14359218 0.158411426 0 0 0
Ca 1 -0.0900511179 0.0917331139 0.129362262 0 0 0
Ca 6 -0.290684589 -0.214316402 0.366054792 0 0 0
Ca 1 -0.0148494883 0.365941792 0.0696652018 0 0 0
Ca 8 0.0266687544 -0.133831252 0.654926865 0 0 0
Ca 1 -0.392034234 0.222728332 0.234964028 0 0 0
Ca 6 -0.368141543 0.272482125 0.456904816 0 0 0
Ca 4 -0.0141402338 0.0301442524 0.109320403 0 0 0
Ca 8 -0.305878017 0.222513683 0.208068057 0 0 0
Ca 6 0.056483998 -0.0410481392 0.432483756 0 0 0
Ca 1 -0.275484727 0.0873820961 0.363048614 0 0 0
Ca 7 -0.299348447 0.125435096 0.391013659 0 0 0
Ca 6 -0.202845741 0.14294464 0.0856347944 0 0 0
Ca 7 -0.231520798 0.0774213219 0.228990727 0 0 0
Ca 7 0.111146395 0.00446249724 0.303361085 0 0 0
Ca 8 0.0478581108 0.0335300698 0.229572525 0 0 0
Ca 1 -0.264383144 0.107348034 0.137427272 0 0 0
Ca 1 0.0896593848 0.104094428 0.307874056 0 0 0
Ca 1 0.0467474013 0.0646938109 0.138095348 0 0 0
Ca 7 0.139758393 0.209338263 0.215556555 0 0 0
Ca 7 -0.0934902797 0.115621278 0.105011603 0 0 0
Ca 6 -0.171245817 0.0373130815 0.188208665 0 0 0
Ca 4 -0.18408521 0.174868722 0.12054733 0 0 0
Ca 1 -0.19226822 -0.0600150519 0.0728715145 0 0 0
Ca 7 -0.098189563 0.0831938021 0.0837375497 0 0 0
Ca 6 -0.0532145351 0.0511887153 0.0681538428 0 0 0
Ca 1 -0.169227141 0.128935871 0.0763989191 0 0 0
Ca 7 -0.290353182 0.0683839478 0.0495971087 0 0 0
Ca 1 -0.0982993237 0.00940320432 0.0466852278 0 0 0
Ca 8 -0.100672448 0.0321932945 0.0466752219 0 0 0
Ca 4 -0.120500378 0.0368694022 0.0466291715 0 0 0
Ca 1 -0.0800055645 0.00186258638 0.0466127642 0 0 0
Ca 6 -0.082918578 -0.0419233889 0.0618239352 0 0 0
VGCC_O 5 0.113746944 -0.0200409323 0.0466929896 -1.01287282e-06 -1.51427976e-07 -1
VGCC_O 3 0.0772568984 -0.00428239309 0.046693036 -1.41802159e-06 2.82063681e-07 -1
VGCC_O 7 -0.137449801 0.00579357966 0.0466933342 -1.62059625e-06 3.22356338e-07 -1
VGCC_O 9 0.0953603447 -0.018533153 0.0466930096 -1.14792244e-06 -1.24564753e-07 -1
VGCC_O 8 -0.134706799 0.0161271258 0.0466933331 -1.62059677e-06 3.22356891e-07 -1
VGCC_O 6 -0.12622171 0.0241576588 0.046693322 -1.62059677e-06 3.22356891e-07 -1
VGCC_O 0 0.11238887 -0.0311459409 0.0466929927 -1.01287282e-06 -1.51427976e-07 -1
VGCC_O 2 0.119933892 -0.04777957 0.0466929781 -1.41802115e-06 2.82063236e-07 -1
TAG 41 -0.105784995 0.0105052503 0.0536665039 -0.333750681 -0.131703993 -0.933415524
TAG 73 0.105323475 -0.00357186878 0.063445091 -0.346545998 0.867982935 -0.355684546
TAG 71 -0.096079873 0.00270213046 0.0564810255 0.74861179 -0.322508554 -0.579282851
TAG 70 -0.118208439 0.00383577013 0.0653592954 -0.735818461 -0.677177107 0.0015353549
TAG 69 -0.119239302 0.00795267007 0.0681959954 -0.999896295 -0.0141984574 0.00240892698
TAG 67 -0.115078276 0.000454692191 0.0742448755 -0.735818461 -0.677177107 0.0015353549
TAG 65 0.119072188 -0.020557456 0.0800936336 0.751399702 -0.322919474 0.575431578
TAG 63 -0.104896891 0.0149528875 0.0527352849 0.329239713 0.132369034 -0.93492227
TAG 62 -0.0995730683 0.0302300905 0.0690462359 0.3213287 0.750213891 -0.577864158
TAG 59 -0.100018848 -0.00188752594 0.0603333581 0.344822933 -0.867729023 -0.35797135
TAG 55 -0.119337383 0.0151637023 0.0699872324 -0.999896295 -0.0141984574 0.00240892698
TAG 54 -0.104785227 0.0261860029 0.076486355 -0.344822968 0.867728888 0.357971643
TAG 53 -0.089146311 -0.000197085518 0.0670554248 0.74861179 -0.322508554 -0.579282851
TAG 52 -0.119278263 0.0119799944 0.0757618237 -0.999896295 -0.0141984574 0.00240892698
TAG 51 -0.102448777 0.00747370566 0.0865367572 -0.329239868 -0.132369105 0.934922205
TAG 45 -0.113699624 0.0170707545 0.0588716642 -0.751399624 0.322919173 -0.575431849
TAG 44 -0.11923843 0.00668793202 0.0611035411 -0.999896295 -0.0141984574 0.00240892698
