VGCC_O 2 0.119933892 -0.04777957 0.0466929781 -1.41802115e-06 2.82063236e-07 -1
VGCC_O 3 0.0772568984 -0.00428239309 0.046693036 -1.41802159e-06 2.82063681e-07 -1
CaBS 10 0.10747855 -0.00207268838 0.07444603 -0.344822968 0.867728907 0.357971598
CaBS 11 0.116799292 -0.0226726329 0.0818745954 0.751399702 -0.322919474 0.575431578
CaBS 13 0.116203904 -0.0278456291 0.0797490833 0.751399702 -0.322919474 0.575431578
CaBS 14 0.0997610075 -0.00888306936 0.082801876 -0.748611723 0.322508223 0.579283121
CaBS 15 0.102361293 -0.0312542659 0.0607755349 -0.324116536 -0.749802846 -0.576839807
CaBS 16 0.102610639 -0.0329005767 0.0766939842 -0.321328743 -0.750213836 0.577864204
CaBS 17 0.119778743 -0.0262840543 0.0634877414 0.748611785 -0.322508546 -0.579282861
CaBS 19 0.104068722 -0.0377294018 0.0706783485 0.34654604 -0.867983022 0.355684293
CaBS 20 0.110742219 -0.0328055498 0.063291785 0.344822999 -0.867728964 -0.357971429
CaBS 21 0.121776537 -0.0308422563 0.0702323133 0.34654604 -0.867983022 0.355684293
CaBS 22 0.109891751 -0.0276346239 0.0527852608 -0.333750671 -0.131704002 -0.933415527
CaBS 23 0.110348112 -0.0196371782 0.053932478 0.329239702 0.132369043 -0.934922272
CaBS 24 0.101099356 -0.00613830961 0.0781562812 -0.344822968 0.867728907 0.357971598
Ca 4 0.636634026 0.0104459941 0.0760603509 0 0 0
Ca 7 -0.0246859616 0.00701081639 0.353636713 0 0 0
Ca 8 -0.347117815 0.0167034785 0.583555997 0 0 0
Ca 6 -0.00781950599 -0.386475833 0.530845457 0 0 0
Ca 8 0.0466638191 0.427162261 0.256170751 0 0 0
Ca 8 -0.328668392 0.0348393269 0.250207515 0 0 0
Ca 3 0.44584911 -0.100515759 0.3663202 0 0 0
Ca 1 0.475029431 0.571800528 0.56745053 0 0 0
Ca 1 0.260613552 -0.131025085 0.427184332 0 0 0
Ca 1 0.540162681 -0.382073638 0.202493408 0 0 0
Ca 7 0.456511729 -0.0326153548 0.238627481 0 0 0
Ca 7 0.429624926 0.258503223 0.371682482 0 0 0
Ca 4 -0.164256953 0.00323231552 0.39910746 0 0 0
Ca 1 0.184153455 0.185835617 0.0929970906 0 0 0
Ca 6 0.413835787 -0.433770796 0.78509244 0 0 0
Ca 6 -0.118778053 0.349779097 0.537889381 0 0 0
Ca 8 0.0491282382 -0.286578593 0.535485961 0 0 0
Ca 1 0.0942169005 0.0142362571 0.38061395 0 0 0
Ca 7 -0.294953062 -0.290629133 0.602281367 0 0 0
Ca 7 0.106232 -0.588932292 0.435518321 0 0 0
Ca 1 -0.0491296715 -0.0126954385 0.932917765 0 0 0
Ca 6 -0.287406672 0.0389742 0.770399688 0 0 0
Ca 8 -0.315891312 -0.133870596 0.688187693 0 0 0
Ca 8 0.271898157 -0.3634697 0.567713061 0 0 0
Ca 6 -0.394633375 -0.0433731677 0.544483066 0 0 0
Ca 6 -0.157212646 0.189810624 0.688838962 0 0 0
Ca 6 0.268743985 0.0460630508 0.582762394 0 0 0
Ca 6 -0.163448042 0.110670386 0.208162179 0 0 0
Ca 8 0.402650064 0.470228153 0.596657264 0 0 0
Ca 8 -0.234135591 -0.338401386 0.393214064 0 0 0
Ca 8 0.053476771 0.330199163 0.400147075 0 0 0
Ca 8 0.101089505 -0.0930348411 0.15293815 0 0 0
Ca 1 -0.34601677 0.448018248 0.1575903 0 0 0
Ca 8 -0.139239457 0.000438418405 0.476015987 0 0 0
Ca 8 0.0587799033 -0.0222358897 0.328041978 0 0 0
Ca 1 -0.577660966 -0.112503273 0.407433558 0 0 0
Ca 7 0.0172025065 -0.144493248 0.661839336 0 0 0
Ca 6 -0.0841743447 0.0165924455 0.22067415 0 0 0
Ca 1 0.18942852 0.149686813 0.0929153222 0 0 0
Ca 7 0.0802634739 -0.29911189 0.356036017 0 0 0
Ca 1 -0.322468281 -0.36335636 0.382049039 0 0 0
Ca 8 0.156971378 -0.539831091 0.343426869 0 0 0
Ca 4 0.256863813 -0.243421625 0.36502156 0 0 0
Ca 7 -0.0793964572 0.12353103 0.392765493 0 0 0
Ca 1 0.0927530617 -0.00653818166 0.74738392 0 0 0
Ca 1 -0.125783284 0.0581958081 0.448638607 0 0 0
Ca 1 -0.141566536 -0.253099263 0.0873082945 0 0 0
Ca 7 -0.619240229 0.346857168 0.418513284 0 0 0
Ca 1 -0.000276722477 0.373456589 0.169644532 0 0 0
Ca 1 0.245142972 0.442004272 0.0778591374 0 0 0
Ca 7 -0.128028312 -0.0107711674 0.392906685 0 0 0
Ca 8 0.0206475812 -0.0702746578 0.188659435 0 0 0
Ca 4 0.477142686 -0.292398757 0.414108518 0 0 0
Ca 8 -0.0516731876 0.112521173 0.262891196 0 0 0
Ca 6 0.164785717 0.215639486 0.466085507 0 0 0
Ca 8 0.244131723 0.023912622 0.424108598 0 0 0
Ca 7 -0.236698306 -0.0984283726 0.261472037 0 0 0
Ca 6 -0.342427679 0.144818426 0.423194548 0 0 0
Ca 1 -0.231547533 0.0257771932 0.0708284436 0 0 0
Ca 6 -0.161678277 -0.0564600089 0.405949301 0 0 0
Ca 6 -0.112138621 0.352660006 0.13716409 0 0 0
Ca 1 -0.214003389 0.226465256 0.399407767 0 0 0
Ca 7 -0.0396580191 0.474118033 0.238058939 0 0 0
Ca 8 -0.315936886 0.0194640966 0.188860746 0 0 0
Ca 7 -0.310495131 -0.00344317876 0.113159641 0 0 0
Ca 4 -0.37349805 -0.00529840776 0.299063845 0 0 0
Ca 4 -0.329165726 0.0369865086 0.175320445 0 0 0
Ca 1 0.209684246 -0.117125144 0.0589985927 0 0 0
Ca 8 -0.138465305 0.357673171 0.163952149 0 0 0
Ca 6 -0.0318247357 -0.269373459 0.170276615 0 0 0
Ca 7 -0.211825854 -0.150982413 0.146477757 0 0 0
Ca 4 -0.285983817 -0.182285695 0.276223802 0 0 0
Ca 6 -0.161075602 0.429978885 0.209691674 0 0 0
Ca 8 -0.115581683 0.117772149 0.299725755 0 0 0
Ca 6 -0.423420052 -0.0589709436 0.288308738 0 0 0
Ca 4 -0.141153799 0.0491028826 0.0779142117 0 0 0
Ca 8 -0.125146717 0.10050139 0.0536033313 0 0 0
Ca 1 -0.290343439 0.0389322977 0.125886052 0 0 0
Ca 8 -0.171780251 0.411657379 0.272257971 0 0 0
Ca 7 -0.110872892 0.0577085462 0.294729312 0 0 0
Ca 4 0.0186232131 0.020585414 0.103502866 0 0 0
Ca 6 -0.0432094096 0.163683461 0.100311191 0 0 0
Ca 8 -0.0881049381 0.18934662 0.127143549 0 0 0
Ca 6 -0.20126241 0.0962797343 0.235062438 0 0 0
Ca 8 -0.0505360255 -0.0267759674 0.135372367 0 0 0
Ca 6 -0.0295356699 0.19038844 0.132223004 0 0 0
Ca 8 -0.115898728 0.0254198176 0.0941539147 0 0 0
Ca 8 -0.203069286 0.154191525 0.0918452554 0 0 0
Ca 8 -0.233984426 0.0129273494 0.13886651 0 0 0
Ca 4 -0.21872726 -0.00424551697 0.0490870531 0 0 0
Ca 6 -0.108743276 0.0419609333 0.0466767332 0 0 0
VGCC_O 0 0.11238887 -0.0311459409 0.0466929927 -1.01287282e-06 -1.51427976e-07 -1
Ca 8 -0.120880337 0.0657407548 0.0468910473 0 0 0
Ca 6 -0.164253365 0.0377518175 0.0522367824 0 0 0
VGCC_O 5 0.113746944 -0.0200409323 0.0466929896 -1.01287282e-06 -1.51427976e-07 -1
VGCC_O 4 -0.108229728 0.00324736392 0.0466932869 -8.10297798e-07 1.61178104e-07 -1
VGCC_O 6 -0.12622171 0.0241576588 0.046693322 -1.62059677e-06 3.22356891e-07 -1
VGCC_O 7 -0.137449801 0.00579357966 0.0466933342 -1.62059625e-06 3.22356338e-07 -1
VGCC_O 8 -0.134706799 0.0161271258 0.0466933331 -1.62059677e-06 3.22356891e-07 -1
VGCC_O 9 0.0953603447 -0.018533153 0.0466930096 -1.14792244e-06 -1.24564753e-07 -1
VGCC_O 1 -0.126159285 0.0151063295 0.0466933189 -1.62059625e-06 3.22356338e-07 -1
TAG 41 -0.105784995 0.0105052503 0.0536665039 -0.333750681 -0.131703993 -0.933415524
TAG 73 0.105323475 -0.00357186878 0.063445091 -0.346545998 0.867982935 -0.355684546
TAG 71 -0.096079873 0.00270213046 0.0564810255 0.74861179 -0.322508554 -0.579282851
TAG 70 -0.118208439 0.00383577013 0.0653592954 -0.735818461 -0.677177107 0.0015353549
TAG 69 -0.119239302 0.00795267007 0.0681959954 -0.999896295 -0.0141984574 0.00240892698
TAG 67 -0.115078276 0.000454692191 0.0742448755 -0.735818461 -0.677177107 0.0015353549
TAG 65 0.119072188 -0.020557456 0.0800936336 0.751399702 -0.322919474 0.575431578
TAG 63 -0.104896891 0.0149528875 0.0527352849 0.329239713 0.132369034 -0.93492227
TAG 62 -0.0995730683 0.0302300905 0.0690462359 0.3213287 0.750213891 -0.577864158
TAG 59 -0.100018848 -0.00188752594 0.0603333581 0.344822933 -0.867729023 -0.35797135
TAG 55 -0.119337383 0.0151637023 0.0699872324 -0.999896295 -0.0141984574 0.00240892698
TAG 54 -0.104785227 0.0261860029 0.076486355 -0.344822968 0.867728888 0.357971643
TAG 53 -0.089146311 -0.000197085518 0.0670554248 0.74861179 -0.322508554 -0.579282851
TAG 52 -0.119278263 0.0119799944 0.0757618237 -0.999896295 -0.0141984574 0.00240892698
TAG 51 -0.102448777 0.00747370566 0.0865367572 -0.329239868 -0.132369105 0.934922205
TAG 45 -0.113699624 0.0170707545 0.0588716642 -0.751399624 0.322919173 -0.575431849
TAG 44 -0.11923843 0.00668793202 0.0611035411 -0.999896295 -0.0141984574 0.00240892698
