VGCC_O 6 -0.12622171 0.0241576588 0.046693322 -1.62059677e-06 3.22356891e-07 -1
VGCC_O 2 0.119933892 -0.04777957 0.0466929781 -1.41802115e-06 2.82063236e-07 -1
VGCC_O 1 -0.126159285 0.0151063295 0.0466933189 -1.62059625e-06 3.22356338e-07 -1
VGCC_O 9 0.0953603447 -0.018533153 0.0466930096 -1.14792244e-06 -1.24564753e-07 -1
VGCC_O 5 0.113746944 -0.0200409323 0.0466929896 -1.01287282e-06 -1.51427976e-07 -1
CaBS 10 0.118037043 -0.0303619184 0.07504791 0.34654604 -0.867983022 0.355684293
CaBS 11 0.122430585 -0.0170498549 0.0776766197 0.751399702 -0.322919474 0.575431578
CaBS 13 0.0973709143 -0.0252769989 0.0825622342 -0.329239867 -0.132369096 0.934922207
CaBS 14 0.11879682 -0.00854446661 0.076152524 0.735818353 0.677177225 -0.00153536905
CaBS 15 0.107716178 -0.00877704461 0.0836535515 0.324116486 0.74980293 0.576839726
CaBS 16 0.112333261 -0.0315448752 0.0777183585 0.34654604 -0.867983022 0.355684293
CaBS 17 0.111633033 -0.00846289952 0.0810443964 0.324116486 0.74980293 0.576839726
CaBS 18 0.117602876 -0.0186470201 0.0566274857 0.329239702 0.132369043 -0.934922272
CaBS 19 0.103982598 -0.0286676822 0.0829522469 -0.321328743 -0.750213836 0.577864204
CaBS 20 0.118353478 -0.00809109331 0.0636441589 0.735818353 0.677177225 -0.00153536905
CaBS 21 0.107312112 -0.0171082451 0.0532213823 0.329239702 0.132369043 -0.934922272
CaBS 22 0.120809255 -0.0117446483 0.0592732195 0.321328636 0.750213906 -0.577864173
CaBS 23 0.119311326 -0.01811097 0.0583334315 0.748611785 -0.322508546 -0.579282861
CaBS 24 0.0970494978 -0.0318738171 0.0669811976 -0.735818491 -0.677177075 0.00153536998
CaBS 25 -0.101317068 0.012166068 0.0536013797 0.329239713 0.132369034 -0.93492227
CaBS 29 -0.11439006 0.0244725934 0.0681369339 -0.34654601 0.867982945 -0.355684509
CaBS 31 -0.102025696 -0.00548396089 0.0723527052 0.346545964 -0.867983059 0.355684276
CaBS 38 -0.112377622 0.00651350992 0.0829042926 -0.329239868 -0.132369105 0.934922205
Ca 1 0.450785977 -0.0555881826 0.364063874 0 0 0
Ca 7 -0.285237661 0.105526978 0.0610570408 0 0 0
Ca 4 0.402097176 -0.0727929968 0.813652119 0 0 0
Ca 1 0.0562980492 0.235819836 0.724771093 0 0 0
CaBS_Ca 56 0.119988261 -0.0302389676 0.0659767761 0.344822999 -0.867728964 -0.357971429
Ca 6 -0.122527301 0.278718534 0.592558063 0 0 0
CaBS_Ca 57 -0.0874290271 0.00699276754 0.0712583029 0.999896301 0.0141980506 -0.0024089266
Ca 1 0.190577394 -0.172422923 0.576012161 0 0 0
Ca 4 -0.359212521 0.177917628 0.378939247 0 0 0
Ca 4 0.134175987 0.303302252 0.0757872498 0 0 0
Ca 4 -0.196280527 -0.467436966 0.257456498 0 0 0
Ca 4 -0.389016163 0.280580203 0.348448368 0 0 0
Ca 4 -0.619600942 0.352389776 0.595558461 0 0 0
Ca 6 -0.200527308 0.247134879 0.743607557 0 0 0
Ca 1 -0.547513394 0.100294164 0.250612633 0 0 0
Ca 4 -0.0813244623 -0.397645388 0.632277143 0 0 0
Ca 6 -0.516022942 -0.100330459 0.379142432 0 0 0
Ca 6 -0.0789680066 -0.132538631 0.67157474 0 0 0
Ca 6 0.347580748 0.438331016 0.568431251 0 0 0
Ca 4 0.242148242 0.321794022 0.579921428 0 0 0
Ca 1 -0.225565371 -0.463412012 0.665858393 0 0 0
Ca 8 -0.188392228 0.341196527 0.120581052 0 0 0
Ca 1 -0.491969934 0.0671530463 0.586529971 0 0 0
Ca 6 -0.0977076586 -0.738333449 0.482712735 0 0 0
Ca 8 0.16054658 -0.0308015305 0.685864944 0 0 0
Ca 8 -0.0535724485 0.676742423 0.595366203 0 0 0
Ca 1 0.026638708 0.0487779749 0.175933191 0 0 0
Ca 4 0.0898907075 -0.293910528 0.289966938 0 0 0
Ca 1 -0.13242813 0.153402634 0.487541683 0 0 0
Ca 7 -0.0692121655 0.208775705 0.322817064 0 0 0
Ca 8 -0.648839048 -0.111228344 0.0983106262 0 0 0
Ca 6 -0.426033228 -0.129944462 0.517983296 0 0 0
Ca 8 0.0732547962 -0.248295697 0.39652442 0 0 0
Ca 1 -0.208458113 -0.159526101 0.658986666 0 0 0
Ca 1 -0.691243933 -0.314467557 0.279661547 0 0 0
Ca 1 0.0414141052 0.240812444 0.0482755004 0 0 0
Ca 1 -0.193114037 0.515970393 0.312858492 0 0 0
Ca 4 0.249781471 -0.199210802 0.705671847 0 0 0
Ca 1 -0.315016292 -0.225135476 0.050797895 0 0 0
Ca 6 0.0258136141 0.0473399426 0.405947837 0 0 0
Ca 1 0.107078228 0.161118424 0.194503908 0 0 0
Ca 8 -0.35623571 -0.32823539 0.316413497 0 0 0
Ca 1 -0.0160735183 0.503233469 0.328758302 0 0 0
Ca 1 -0.508391516 0.478647264 0.302261319 0 0 0
Ca 1 -0.651750054 -0.147184056 0.549109843 0 0 0
Ca 8 -0.579822595 -0.120729003 0.135312577 0 0 0
Ca 7 0.426847417 0.382488454 0.0872191353 0 0 0
Ca 7 -0.251350653 -0.037375185 0.306231671 0 0 0
Ca 7 0.173637572 0.0703611531 0.236010101 0 0 0
Ca 8 0.0341793646 0.0109259781 0.397361386 0 0 0
Ca 6 -0.232358894 -0.0480489913 0.113700348 0 0 0
Ca 6 -0.0259914365 -0.105204431 0.165357484 0 0 0
CaBS_Ca 60 -0.109407318 -0.000889819455 0.0612955672 -0.324116588 -0.749802884 -0.576839729
Ca 7 -0.337282146 -0.17786739 0.393886462 0 0 0
Ca 8 0.087178872 0.0658001648 0.11535172 0 0 0
Ca 7 -0.15370466 0.0135963348 0.102177106 0 0 0
Ca 4 -0.0524707112 0.0170212494 0.157590826 0 0 0
Ca 8 -0.518548262 0.0233586393 0.448260195 0 0 0
Ca 1 -0.302444256 -0.0375179188 0.223031253 0 0 0
Ca 7 -0.0677858757 -0.00345479623 0.181515651 0 0 0
Ca 8 0.0312854939 0.179049844 0.283279708 0 0 0
Ca 1 -0.0224713408 -0.158686083 0.31607035 0 0 0
Ca 7 -0.206612677 -0.040534271 0.266810516 0 0 0
Ca 8 -0.123232137 0.100594599 0.0577243022 0 0 0
Ca 7 0.0576399134 -0.0383405532 0.124837954 0 0 0
Ca 6 0.0160348122 0.0105375535 0.231205711 0 0 0
Ca 8 -0.0203988676 0.0449966026 0.0541154853 0 0 0
Ca 6 0.123746641 0.0487500513 0.230693169 0 0 0
Ca 6 -0.0796009609 -0.0720818254 0.121967349 0 0 0
Ca 6 0.0973543149 0.162262384 0.1329738 0 0 0
Ca 6 -0.232557013 -0.0568754019 0.106972417 0 0 0
Ca 1 -0.319309024 -0.1069501 0.239613727 0 0 0
Ca 1 -0.250344776 0.166948791 0.146021827 0 0 0
Ca 8 -0.096102389 0.0156605363 0.0905472129 0 0 0
Ca 1 -0.258706761 0.181959579 0.260286869 0 0 0
Ca 6 -0.110275568 -0.0440268632 0.248029846 0 0 0
Ca 1 -0.237269119 0.0161468304 0.155914996 0 0 0
Ca 6 -0.0809068298 0.0170287563 0.131024735 0 0 0
Ca 1 0.0176958223 -0.078409995 0.0623110358 0 0 0
Ca 4 -0.0798796688 -0.0451076984 0.0625694477 0 0 0
Ca 1 -0.155062651 0.0221234543 0.088336936 0 0 0
VGCC_O 3 0.0772568984 -0.00428239309 0.046693036 -1.41802159e-06 2.82063681e-07 -1
VGCC_O 8 -0.134706799 0.0161271258 0.0466933331 -1.62059677e-06 3.22356891e-07 -1
VGCC_O 7 -0.137449801 0.00579357966 0.0466933342 -1.62059625e-06 3.22356338e-07 -1
VGCC_O 4 -0.108229728 0.00324736392 0.0466932869 -8.10297798e-07 1.61178104e-07 -1
VGCC_O 0 0.11238887 -0.0311459409 0.0466929927 -1.01287282e-06 -1.51427976e-07 -1
TAG 41 -0.105784995 0.0105052503 0.0536665039 -0.333750681 -0.131703993 -0.933415524
TAG 59 -0.100018848 -0.00188752594 0.0603333581 0.344822933 -0.867729023 -0.35797135
TAG 55 -0.119337383 0.0151637023 0.0699872324 -0.999896295 -0.0141984574 0.00240892698
TAG 54 -0.104785227 0.0261860029 0.076486355 -0.344822968 0.867728888 0.357971643
TAG 53 -0.089146311 -0.000197085518 0.0670554248 0.74861179 -0.322508554 -0.579282851
TAG 52 -0.119278263 0.0119799944 0.0757618237 -0.999896295 -0.0141984574 0.00240892698
TAG 51 -0.102448777 0.00747370566 0.0865367572 -0.329239868 -0.132369105 0.934922205
TAG 45 -0.113699624 0.0170707545 0.0588716642 -0.751399624 0.322919173 -0.575431849
TAG 44 -0.11923843 0.00668793202 0.0611035411 -0.999896295 -0.0141984574 0.00240892698
