CaBS 10 0.11718059 -0.00681559707 0.0641031371 0.735818353 0.677177225 -0.00153536905
CaBS 11 0.0907568286 -0.0216683115 0.0688267688 -0.999896295 -0.0141984568 0.00240892729
CaBS 12 0.1161357 -0.0283899553 0.0795326798 0.751399702 -0.322919474 0.575431578
CaBS 13 0.0958382678 -0.0198653693 0.082788696 -0.329239867 -0.132369096 0.934922207
CaBS 14 0.107009406 -0.00448508847 0.0610243852 0.321328636 0.750213906 -0.577864173
CaBS 15 0.112436317 -0.0303393868 0.0589456356 0.344822999 -0.867728964 -0.357971429
CaBS 16 0.0950132934 -0.00885885665 0.0628365386 -0.751399618 0.322919164 -0.575431861
CaBS 17 0.122556402 -0.021918101 0.0716320766 0.999896301 0.01419805 -0.0024089266
CaBS 18 0.102257671 -0.0251841873 0.055169137 -0.333750671 -0.131704002 -0.933415527
CaBS 19 0.108075425 -0.00631057342 0.0802456633 0.324116486 0.74980293 0.576839726
CaBS 20 0.0986339539 -0.00458404539 0.0720138737 -0.344822968 0.867728907 0.357971598
CaBS 21 0.114230615 -0.00359347911 0.0714624577 0.735818353 0.677177225 -0.00153536905
CaBS 22 0.120619012 -0.0162486541 0.0804917918 0.751399702 -0.322919474 0.575431578
CaBS 23 0.101569808 -0.0127605643 0.0536621277 -0.333750671 -0.131704002 -0.933415527
CaBS 24 0.113306222 -0.0282690868 0.0562283931 0.748611785 -0.322508546 -0.579282861
CaBS 25 -0.103225295 0.029133393 0.0686328498 -0.34654601 0.867982945 -0.355684509
CaBS 26 -0.0944979884 0.0013350077 0.0802058158 0.75139969 -0.322919491 0.575431584
CaBS 27 -0.119091598 0.0219150148 0.0709172594 -0.748611709 0.322508237 0.579283131
CaBS 28 -0.104271575 0.00061228953 0.0829882537 -0.321328736 -0.750213873 0.57786416
CaBS 29 -0.108404657 0.0239926811 0.0611341737 -0.34654601 0.867982945 -0.355684509
CaBS 31 -0.0901529077 0.0202902624 0.0655434372 0.735818381 0.677177195 -0.00153536913
CaBS 34 -0.111107616 0.00463384722 0.0830854061 -0.329239868 -0.132369105 0.934922205
CaBS 36 -0.0995630617 0.025226047 0.0625552856 0.3213287 0.750213891 -0.577864158
CaBS 37 -0.10872568 0.0244856527 0.0768123149 -0.344822968 0.867728888 0.357971643
CaBS 38 -0.118822292 0.0126922329 0.076399947 -0.748611709 0.322508237 0.579283131
CaBS 39 -0.111924104 0.0188293478 0.0575400699 -0.751399624 0.322919173 -0.575431849
Ca 4 0.642356031 0.437570197 0.153213035 0 0 0
Ca 8 0.188224649 0.491474326 0.696895643 0 0 0
Ca 7 0.222437536 0.228673129 0.727556697 0 0 0
Ca 1 -0.151429665 0.303412959 0.309950288 0 0 0
Ca 1 0.116242249 0.409238708 0.833236338 0 0 0
Ca 8 -0.240607729 0.0722347944 0.700719228 0 0 0
Ca 7 0.0662879701 0.0584483685 0.232114206 0 0 0
Ca 1 0.0655324769 0.577209486 0.195856792 0 0 0
Ca 4 -0.610567991 -0.03284837 0.2304296 0 0 0
Ca 6 0.150510458 0.442523191 0.293638516 0 0 0
Ca 8 -0.429628557 -0.113164494 0.586283188 0 0 0
Ca 1 -0.296612334 0.0515454925 0.24808983 0 0 0
CaBS_Ca 46 -0.100560785 0.024494918 0.0784323599 0.324116492 0.749802901 0.576839761
Ca 1 0.158022281 0.119713479 0.361645579 0 0 0
Ca 1 0.335633592 -0.142455437 0.505055965 0 0 0
Ca 8 0.397335033 -0.232333847 0.351015899 0 0 0
Ca 1 0.262644198 -0.49192829 0.630854111 0 0 0
Ca 7 -0.324542915 0.387973571 0.780720341 0 0 0
Ca 6 -0.199153843 -0.0973334207 0.405593715 0 0 0
Ca 1 0.0600270753 0.141977662 0.671968442 0 0 0
Ca 1 -0.607560377 -0.348879603 0.525046064 0 0 0
Ca 7 0.037404934 -0.0251702206 0.513373479 0 0 0
Ca 4 0.0286154946 -0.0175538033 0.374354449 0 0 0
Ca 8 -0.295834568 -0.0537744785 0.173823261 0 0 0
Ca 8 -0.0467551145 0.450893606 0.601137912 0 0 0
Ca 6 -0.418629792 -0.114317436 0.268573488 0 0 0
Ca 8 0.125570715 0.0228814661 0.54536489 0 0 0
Ca 6 0.519828399 -0.249273521 0.508171009 0 0 0
Ca 2 0.311772531 0.3048543 0.312615372 0 0 0
Ca 1 -0.134421398 0.216797795 0.484898532 0 0 0
Ca 7 0.26725632 0.134702537 0.654885167 0 0 0
Ca 1 0.517556892 -0.00221462853 0.313393324 0 0 0
Ca 7 -0.714261004 -0.180632725 0.121750517 0 0 0
Ca 7 -0.575352188 -0.170101949 0.423398169 0 0 0
Ca 1 -0.542128552 -0.0761007104 0.130479399 0 0 0
Ca 1 -0.149668256 -0.066548138 0.493533331 0 0 0
Ca 8 -0.409140408 0.0826371209 0.29259552 0 0 0
Ca 8 0.400966556 0.122576345 0.412666381 0 0 0
Ca 4 -0.465850764 0.155793977 0.10809487 0 0 0
Ca 1 0.298953597 -0.068183832 0.469310048 0 0 0
Ca 1 -0.581695542 0.372367042 0.327652528 0 0 0
Ca 1 -0.311493436 -0.221240169 0.652278561 0 0 0
Ca 4 0.261702386 0.272162748 0.275289586 0 0 0
Ca 4 0.134256393 -0.0745447495 0.513435697 0 0 0
Ca 1 0.548617087 0.344084237 0.0719858782 0 0 0
Ca 6 -0.53466342 0.00826424811 0.403488426 0 0 0
Ca 1 -0.319287525 0.132207281 0.321858464 0 0 0
Ca 1 0.0815719173 0.477773239 0.234549772 0 0 0
Ca 7 -0.682480915 -0.379672765 0.436345 0 0 0
Ca 6 0.133724727 0.14892737 0.177123036 0 0 0
Ca 1 0.50879393 -0.288135323 0.180151022 0 0 0
Ca 7 -0.241986704 -0.278838523 0.687737303 0 0 0
Ca 1 -0.194979434 -0.260429556 0.338356294 0 0 0
Ca 6 -0.253545055 -0.312749511 0.155034681 0 0 0
Ca 7 -0.174892975 -0.0053277206 0.571494137 0 0 0
Ca 7 -0.342804293 -0.256469118 0.593664855 0 0 0
Ca 6 0.224067032 0.634520622 0.128382616 0 0 0
Ca 1 0.335641017 0.21910449 0.117829965 0 0 0
Ca 4 -0.355706037 0.190056552 0.244492154 0 0 0
Ca 6 -0.464635665 -0.287733013 0.0761849666 0 0 0
Ca 4 -0.0619922609 0.252501589 0.278401488 0 0 0
Ca 1 -0.0163639116 0.201813993 0.529546096 0 0 0
Ca 8 -0.34353185 -0.382069463 0.247901869 0 0 0
Ca 4 -0.126080247 -0.136264118 0.168412539 0 0 0
Ca 8 -0.371173643 0.318769243 0.457065309 0 0 0
Ca 6 -0.0926601036 0.337042655 0.178200693 0 0 0
Ca 4 -0.145153053 -0.205078167 0.265623714 0 0 0
Ca 8 -0.421531625 -0.128297278 0.115513986 0 0 0
Ca 7 -0.339258492 0.274846261 0.500874198 0 0 0
Ca 7 0.0819080704 -0.0283441223 0.170727965 0 0 0
Ca 6 -0.339249164 -0.0884290282 0.294530532 0 0 0
Ca 1 0.0559450978 -0.0400621919 0.136730491 0 0 0
Ca 4 -0.384404031 0.188034288 0.106495495 0 0 0
Ca 1 -0.289981668 0.27494121 0.0475259159 0 0 0
Ca 7 0.233630834 0.149042977 0.154628774 0 0 0
Ca 7 0.0886166526 0.091399816 0.325054201 0 0 0
Ca 6 -0.202992979 0.174148223 0.335977207 0 0 0
Ca 4 -0.12144556 -0.0462355856 0.176900631 0 0 0
Ca 8 -0.264897703 0.258380522 0.153172584 0 0 0
Ca 8 -0.363949892 0.0780281815 0.080372272 0 0 0
Ca 8 -0.213670663 0.130333981 0.0676695967 0 0 0
Ca 1 -0.112876659 0.057164581 0.0547743698 0 0 0
Ca 6 -0.198456048 0.00333504504 0.047227562 0 0 0
Ca 6 -0.104857652 0.0036318193 0.0466521148 0 0 0
Ca 7 -0.0926267713 0.0226789837 0.0466310816 0 0 0
VGCC_O 5 0.113746944 -0.0200409323 0.0466929896 -1.01287282e-06 -1.51427976e-07 -1
VGCC_O 3 0.0772568984 -0.00428239309 0.046693036 -1.41802159e-06 2.82063681e-07 -1
VGCC_O 0 0.11238887 -0.0311459409 0.0466929927 -1.01287282e-06 -1.51427976e-07 -1
VGCC_O 6 -0.12622171 0.0241576588 0.046693322 -1.62059677e-06 3.22356891e-07 -1
VGCC_O 1 -0.126159285 0.0151063295 0.0466933189 -1.62059625e-06 3.22356338e-07 -1
VGCC_O 4 -0.108229728 0.00324736392 0.0466932869 -8.10297798e-07 1.61178104e-07 -1
VGCC_O 8 -0.134706799 0.0161271258 0.0466933331 -1.62059677e-06 3.22356891e-07 -1
VGCC_O 9 0.0953603447 -0.018533153 0.0466930096 -1.14792244e-06 -1.24564753e-07 -1
VGCC_O 2 0.119933892 -0.04777957 0.0466929781 -1.41802115e-06 2.82063236e-07 -1
VGCC_O 7 -0.137449801 0.00579357966 0.0466933342 -1.62059625e-06 3.22356338e-07 -1
TAG 41 -0.105784995 0.0105052503 0.0536665039 -0.333750681 -0.131703993 -0.933415524
TAG 45 -0.113699624 0.0170707545 0.0588716642 -0.751399624 0.322919173 -0.575431849
TAG 44 -0.11923843 0.00668793202 0.0611035411 -0.999896295 -0.0141984574 0.00240892698
