VGCC_O 2 0.119933892 -0.04777957 0.0466929781 -1.41802115e-06 2.82063236e-07 -1
VGCC_O 5 0.113746944 -0.0200409323 0.0466929896 -1.01287282e-06 -1.51427976e-07 -1
VGCC_O 1 -0.126159285 0.0151063295 0.0466933189 -1.62059625e-06 3.22356338e-07 -1
VGCC_O 7 -0.137449801 0.00579357966 0.0466933342 -1.62059625e-06 3.22356338e-07 -1
CaBS 10 0.105255925 -0.028774102 0.0559252596 -0.324116536 -0.749802846 -0.576839807
CaBS 11 0.102279136 -0.0334332637 0.0758180854 -0.321328743 -0.750213836 0.577864204
CaBS 13 0.106531164 -0.0237514329 0.053438953 -0.333750671 -0.131704002 -0.933415527
CaBS 14 0.117224686 -0.0279927043 0.0611383832 0.748611785 -0.322508546 -0.579282861
CaBS 15 0.112761961 -0.0297233076 0.0577659322 0.344822999 -0.867728964 -0.357971429
CaBS 16 0.0907006166 -0.0175797546 0.0695926869 -0.999896295 -0.0141984568 0.00240892729
CaBS 17 0.10973073 -0.00149850782 0.0730606305 0.324116486 0.74980293 0.576839726
CaBS 18 0.112390468 -0.03275226 0.064750318 0.344822999 -0.867728964 -0.357971429
CaBS 19 0.100130723 -0.0100770576 0.0839443997 -0.748611723 0.322508223 0.579283121
CaBS 20 0.114504719 -0.0312896409 0.0762255429 0.34654604 -0.867983022 0.355684293
CaBS 21 0.122457961 -0.0161825016 0.0645767738 0.999896301 0.01419805 -0.0024089266
CaBS 22 0.097308799 -0.0107976431 0.0587510622 -0.751399618 0.322919164 -0.575431861
CaBS 23 0.11011881 -0.00920243188 0.0828564911 0.324116486 0.74980293 0.576839726
CaBS 24 0.0993573981 -0.0237476399 0.056003459 -0.333750671 -0.131704002 -0.933415527
Ca 1 0.487788623 0.039874564 0.591371338 0 0 0
Ca 8 0.201669679 0.354834344 0.415758651 0 0 0
Ca 6 -0.399655409 -0.255020048 0.750946341 0 0 0
Ca 1 0.181215367 0.250199112 0.339493337 0 0 0
Ca 8 0.141216168 0.352939242 0.138970448 0 0 0
Ca 8 -0.523505998 0.181169951 0.358444252 0 0 0
Ca 4 0.558037162 0.0783688995 0.742367969 0 0 0
Ca 1 0.0252773895 0.475519326 0.577989311 0 0 0
Ca 3 0.263463303 0.14681621 0.086756113 0 0 0
Ca 8 0.329470205 0.26129209 0.504018171 0 0 0
Ca 8 0.177814111 0.273347234 0.511123287 0 0 0
Ca 1 -0.324552723 0.37572578 0.0972825577 0 0 0
Ca 7 0.311552401 0.144092114 0.691785851 0 0 0
Ca 1 0.44650017 -0.0171419845 0.312609549 0 0 0
Ca 6 -0.569751241 0.345513092 0.109089987 0 0 0
Ca 1 -0.419387123 -0.0179172267 0.412985063 0 0 0
Ca 8 0.0455161805 0.225826209 0.414658282 0 0 0
Ca 1 0.396222483 0.179222111 0.147187323 0 0 0
Ca 8 0.459184773 0.208599926 0.0680943654 0 0 0
Ca 4 0.0602226514 0.477145672 0.533890608 0 0 0
Ca 6 -0.169775457 0.509634465 0.552013279 0 0 0
Ca 6 0.138333792 -0.163487209 0.407895837 0 0 0
Ca 7 -0.00699696836 -0.191238417 0.547465211 0 0 0
Ca 4 -0.572763306 0.489574743 0.358067369 0 0 0
Ca 8 -0.430036775 0.175794729 0.163645819 0 0 0
Ca 6 -0.308621283 0.124595243 0.322215784 0 0 0
Ca 4 0.0686833898 -0.428760696 0.0950369459 0 0 0
Ca 8 0.454117012 -0.367960107 0.242070187 0 0 0
Ca 4 0.0362003342 0.492733814 0.374229316 0 0 0
Ca 1 -0.29631669 0.121932618 0.251442671 0 0 0
Ca 4 -0.630897114 0.248824706 0.739740608 0 0 0
Ca 6 0.290675564 -0.132879751 0.533880467 0 0 0
Ca 1 -0.319497151 0.226828286 0.38443847 0 0 0
Ca 6 0.188183482 0.415855008 0.752843793 0 0 0
Ca 4 -0.406016241 0.382426486 0.0748935656 0 0 0
Ca 4 -0.317144645 0.0274729314 0.33103785 0 0 0
Ca 7 -0.142838789 -0.0417075638 0.717229108 0 0 0
Ca 4 -0.594010142 0.279795293 0.116132816 0 0 0
Ca 7 -0.289074933 -0.193820701 0.0616369808 0 0 0
Ca 8 -0.162182556 0.0726485588 0.252322797 0 0 0
Ca 8 -0.443086285 0.0590536857 0.841033833 0 0 0
Ca 8 -0.203801879 -0.403657966 0.205232821 0 0 0
Ca 6 -0.442367614 0.0564981521 0.416638036 0 0 0
Ca 8 -0.141606716 0.287293617 0.346712287 0 0 0
Ca 6 0.535515272 0.414051849 0.421710929 0 0 0
Ca 8 -0.190528213 0.0671543517 0.528209687 0 0 0
Ca 4 -0.597635796 0.107206958 0.200014163 0 0 0
Ca 4 -0.0581379734 -0.105203052 0.291916549 0 0 0
Ca 4 -0.259005262 -0.00821752035 0.505547667 0 0 0
Ca 7 -0.453687258 -0.0499673372 0.233304082 0 0 0
Ca 4 -0.231337782 0.00787072166 0.130107619 0 0 0
Ca 8 -0.622695209 0.161199813 0.206928208 0 0 0
Ca 4 -0.235443715 0.386994605 0.451766946 0 0 0
Ca 7 -0.392584055 -0.0677094806 0.26888169 0 0 0
Ca 1 -0.401406941 0.192641145 0.140899259 0 0 0
Ca 1 0.0521042709 0.656862786 0.0796504 0 0 0
Ca 1 -0.468094654 0.323982231 0.161550448 0 0 0
Ca 7 -0.471358952 -0.150417541 0.224622465 0 0 0
Ca 8 -0.62377524 0.311772443 0.134645301 0 0 0
Ca 8 -0.326552165 0.111545261 0.154866983 0 0 0
Ca 1 0.522070288 -0.0452207861 0.235377143 0 0 0
Ca 6 -0.113590808 0.243921869 0.0834484887 0 0 0
Ca 8 -0.102131526 -0.0925067363 0.132904603 0 0 0
Ca 4 -0.221070026 0.0682968361 0.306079812 0 0 0
Ca 1 -0.222871425 -0.0415558415 0.21093903 0 0 0
Ca 8 -0.286068979 -0.189102678 0.199640688 0 0 0
Ca 1 -0.0795885882 0.270827363 0.371649059 0 0 0
Ca 4 -0.209038922 0.0569145568 0.100955195 0 0 0
Ca 6 -0.252265694 0.182893005 0.159957396 0 0 0
Ca 6 -0.147209137 -0.0371743256 0.300153762 0 0 0
Ca 6 -0.235582403 0.0292323632 0.15018953 0 0 0
Ca 7 -0.199471739 0.0609332424 0.187390385 0 0 0
Ca 6 0.0521881659 0.16301781 0.111758649 0 0 0
Ca 8 0.0179638914 0.160298085 0.0770653698 0 0 0
Ca 6 -0.224052035 0.0906101549 0.1270972 0 0 0
Ca 1 -0.0650353407 -0.0110484251 0.0812869215 0 0 0
Ca 1 -0.152141642 0.00968471114 0.090930228 0 0 0
VGCC_O 6 -0.12622171 0.0241576588 0.046693322 -1.62059677e-06 3.22356891e-07 -1
VGCC_O 9 0.0953603447 -0.018533153 0.0466930096 -1.14792244e-06 -1.24564753e-07 -1
VGCC_O 0 0.11238887 -0.0311459409 0.0466929927 -1.01287282e-06 -1.51427976e-07 -1
VGCC_O 3 0.0772568984 -0.00428239309 0.046693036 -1.41802159e-06 2.82063681e-07 -1
VGCC_O 8 -0.134706799 0.0161271258 0.0466933331 -1.62059677e-06 3.22356891e-07 -1
VGCC_O 4 -0.108229728 0.00324736392 0.0466932869 -8.10297798e-07 1.61178104e-07 -1
TAG 41 -0.105784995 0.0105052503 0.0536665039 -0.333750681 -0.131703993 -0.933415524
TAG 71 -0.096079873 0.00270213046 0.0564810255 0.74861179 -0.322508554 -0.579282851
TAG 70 -0.118208439 0.00383577013 0.0653592954 -0.735818461 -0.677177107 0.0015353549
TAG 69 -0.119239302 0.00795267007 0.0681959954 -0.999896295 -0.0141984574 0.00240892698
TAG 67 -0.115078276 0.000454692191 0.0742448755 -0.735818461 -0.677177107 0.0015353549
TAG 65 0.119072188 -0.020557456 0.0800936336 0.751399702 -0.322919474 0.575431578
TAG 63 -0.104896891 0.0149528875 0.0527352849 0.329239713 0.132369034 -0.93492227
TAG 62 -0.0995730683 0.0302300905 0.0690462359 0.3213287 0.750213891 -0.577864158
TAG 59 -0.100018848 -0.00188752594 0.0603333581 0.344822933 -0.867729023 -0.35797135
TAG 55 -0.119337383 0.0151637023 0.0699872324 -0.999896295 -0.0141984574 0.00240892698
TAG 54 -0.104785227 0.0261860029 0.076486355 -0.344822968 0.867728888 0.357971643
TAG 53 -0.089146311 -0.000197085518 0.0670554248 0.74861179 -0.322508554 -0.579282851
TAG 52 -0.119278263 0.0119799944 0.0757618237 -0.999896295 -0.0141984574 0.00240892698
TAG 51 -0.102448777 0.00747370566 0.0865367572 -0.329239868 -0.132369105 0.934922205
TAG 45 -0.113699624 0.0170707545 0.0588716642 -0.751399624 0.322919173 -0.575431849
TAG 44 -0.11923843 0.00668793202 0.0611035411 -0.999896295 -0.0141984574 0.00240892698
