VGCC_O 0 0.11238887 -0.0311459409 0.0466929927 -1.01287282e-06 -1.51427976e-07 -1
VGCC_O 2 0.119933892 -0.04777957 0.0466929781 -1.41802115e-06 2.82063236e-07 -1
VGCC_O 7 -0.137449801 0.00579357966 0.0466933342 -1.62059625e-06 3.22356338e-07 -1
CaBS 10 0.12206725 -0.013204548 0.0591633434 0.748611785 -0.322508546 -0.579282861
CaBS 11 0.0989554215 -0.00452893741 0.0673139804 -0.346545998 0.867982935 -0.355684546
CaBS 13 0.122532897 -0.0209021516 0.0678637168 0.999896301 0.01419805 -0.0024089266
CaBS 14 0.0979017172 -0.0291708913 0.0789176031 -0.321328743 -0.750213836 0.577864204
CaBS 15 0.107639411 -0.000586885893 0.0684729616 -0.346545998 0.867982935 -0.355684546
CaBS 16 0.109769763 -0.0173207206 0.0854267527 0.333750516 0.131703927 0.933415593
CaBS 17 0.115450789 -0.00788467098 0.0613048045 0.321328636 0.750213906 -0.577864173
CaBS 18 0.118263493 -0.0175502641 0.0824221371 0.333750516 0.131703927 0.933415593
CaBS 19 0.0906299752 -0.0121283368 0.0724020872 -0.999896295 -0.0141984568 0.00240892729
CaBS 20 0.11960708 -0.0263839316 0.0761254819 0.751399702 -0.322919474 0.575431578
CaBS 21 0.100776226 -0.0138965959 0.085372712 -0.329239867 -0.132369096 0.934922207
CaBS 22 0.0978904869 -0.0250617809 0.0827756768 -0.329239867 -0.132369096 0.934922207
CaBS 23 0.0907634876 -0.0207759855 0.0768502395 -0.999896295 -0.0141984568 0.00240892729
CaBS 24 0.110025699 -0.00955467711 0.0833666735 0.324116486 0.74980293 0.576839726
CaBS 25 -0.0924804456 0.0172479978 0.0820111111 0.333750517 0.131703937 0.933415591
CaBS_Ca 57 -0.0992672139 -0.00315131002 0.0641208201 0.344822933 -0.867729023 -0.35797135
Ca 4 0.344169626 0.103635321 0.479806015 0 0 0
CaBS_Ca 64 -0.114151541 -0.000574357224 0.0645145572 -0.735818461 -0.677177107 0.0015353549
Ca 7 -0.294531947 0.227760791 0.403015397 0 0 0
Ca 8 0.379842479 0.19324813 0.879588366 0 0 0
Ca 6 0.704033603 0.207704113 0.464606312 0 0 0
Ca 7 0.203351596 -0.18442418 0.68514151 0 0 0
Ca 6 -0.00816987204 0.129628069 0.731725346 0 0 0
Ca 1 -0.0311820224 -0.327535993 0.794114563 0 0 0
Ca 1 -0.198221447 0.1503946 0.645506586 0 0 0
Ca 1 -0.279680244 -0.0552707538 0.671270169 0 0 0
Ca 7 -0.728789801 -0.375031352 0.179872712 0 0 0
Ca 1 -0.0405325395 0.286158198 0.375026847 0 0 0
Ca 6 0.687806492 0.112371923 0.388308825 0 0 0
Ca 6 -0.100799809 0.428781475 0.140007267 0 0 0
Ca 8 -0.107100251 0.408173233 0.300933919 0 0 0
Ca 7 0.261295519 0.138374842 0.221233386 0 0 0
Ca 8 0.364490436 -0.270946253 0.555491907 0 0 0
Ca 1 -0.101844642 0.110184262 0.504496856 0 0 0
Ca 4 -0.451957347 -0.177906058 0.603400772 0 0 0
Ca 1 0.0596319988 -0.567353986 0.584669587 0 0 0
Ca 6 -0.0147173243 -0.40817689 0.40854477 0 0 0
Ca 8 -0.583253524 0.0114081464 0.244016046 0 0 0
Ca 1 0.479143654 -0.259642289 0.0623391269 0 0 0
Ca 4 -0.320039015 0.0613499675 0.552773763 0 0 0
Ca 7 0.134621486 0.364966531 0.38932318 0 0 0
Ca 8 -0.410905634 -0.438709221 0.371262121 0 0 0
Ca 8 0.0398980633 0.183389879 0.254247316 0 0 0
Ca 1 0.0371780234 -0.215879247 0.477792798 0 0 0
Ca 6 -0.146989021 0.27608564 0.472740454 0 0 0
Ca 4 -0.0883758665 -0.183784777 0.305041015 0 0 0
Ca 6 -0.189841159 -0.0277333162 0.231601433 0 0 0
Ca 8 -0.0305602738 -0.100732616 0.411259707 0 0 0
Ca 4 -0.24891424 -0.0898876934 0.676953272 0 0 0
Ca 6 -0.0985534107 -0.50164518 0.310737942 0 0 0
CaBS_Ca 66 -0.0891333125 0.00645485926 0.0760737591 0.75139969 -0.322919491 0.575431584
Ca 6 0.456704274 0.0349968324 0.103511845 0 0 0
Ca 7 0.0377886727 0.0655123396 0.452173201 0 0 0
Ca 1 -0.421767915 0.280427417 0.264794119 0 0 0
Ca 7 -0.407196412 -0.282252023 0.275378862 0 0 0
Ca 4 -0.30131581 0.144168673 0.0902493154 0 0 0
Ca 4 0.186247341 0.515217329 0.374149122 0 0 0
Ca 8 0.251371806 -0.211235812 0.318702431 0 0 0
Ca 8 -0.307530481 -0.313402648 0.0653646242 0 0 0
Ca 4 -0.13416902 0.237778249 0.30426364 0 0 0
Ca 7 -0.316777559 -0.100435309 0.125517835 0 0 0
Ca 1 0.053459717 -0.106120843 0.519450713 0 0 0
Ca 6 -0.371827724 -0.0596317733 0.217949215 0 0 0
Ca 6 -0.0379023095 -0.123157922 0.374881433 0 0 0
Ca 4 0.0592546347 0.029815716 0.286991046 0 0 0
Ca 8 -0.21515898 -0.289370958 0.591656077 0 0 0
Ca 4 -0.365740544 0.11608413 0.122198785 0 0 0
Ca 4 -0.0415285617 -0.234318475 0.355152046 0 0 0
Ca 7 -0.149016865 -0.326936806 0.271589261 0 0 0
Ca 8 -0.0959876395 0.101556587 0.179872939 0 0 0
Ca 1 0.138107107 0.0667817277 0.0880931614 0 0 0
Ca 7 0.258204727 -0.294176683 0.147799416 0 0 0
Ca 6 -0.155460032 0.173078332 0.117359407 0 0 0
Ca 1 -0.139867455 -0.15755477 0.0575263207 0 0 0
Ca 4 -0.330818743 -0.0425366318 0.179132066 0 0 0
Ca 6 -0.153643762 0.0106344307 0.431511906 0 0 0
Ca 1 -0.412316593 0.240403457 0.207286198 0 0 0
Ca 4 0.172783419 -0.148121736 0.0822568406 0 0 0
Ca 8 -0.19215462 0.068212746 0.148227277 0 0 0
Ca 4 -0.291192381 0.114980423 0.198253174 0 0 0
Ca 1 -0.0470239432 -0.116961653 0.122687342 0 0 0
Ca 8 -0.215984896 0.106600196 0.110053231 0 0 0
Ca 6 -0.12649288 -0.183709802 0.186880459 0 0 0
Ca 7 -0.163979253 0.0397770692 0.0829050534 0 0 0
Ca 4 -0.248169738 0.0459486637 0.0838978118 0 0 0
Ca 7 -0.179744663 0.0204706201 0.0816408028 0 0 0
Ca 6 -0.111207614 -0.0481847651 0.223526429 0 0 0
Ca 7 -0.271878647 -0.0290122261 0.12840531 0 0 0
Ca 7 -0.187462994 0.0918532954 0.0881129402 0 0 0
Ca 1 -0.194857649 -0.101857807 0.0937745026 0 0 0
Ca 7 -0.0771300709 -0.0349236135 0.129646075 0 0 0
Ca 4 -0.124568692 0.129931149 0.0604918498 0 0 0
Ca 6 -0.0937278056 0.0121839744 0.0466564431 0 0 0
Ca 7 -0.164663719 0.0192469463 0.058728648 0 0 0
Ca 6 -0.175198932 0.052726927 0.0508130572 0 0 0
Ca 4 -0.124386102 0.00252432907 0.0466322031 0 0 0
VGCC_O 5 0.113746944 -0.0200409323 0.0466929896 -1.01287282e-06 -1.51427976e-07 -1
VGCC_O 3 0.0772568984 -0.00428239309 0.046693036 -1.41802159e-06 2.82063681e-07 -1
VGCC_O 4 -0.108229728 0.00324736392 0.0466932869 -8.10297798e-07 1.61178104e-07 -1
VGCC_O 1 -0.126159285 0.0151063295 0.0466933189 -1.62059625e-06 3.22356338e-07 -1
VGCC_O 9 0.0953603447 -0.018533153 0.0466930096 -1.14792244e-06 -1.24564753e-07 -1
VGCC_O 6 -0.12622171 0.0241576588 0.046693322 -1.62059677e-06 3.22356891e-07 -1
VGCC_O 8 -0.134706799 0.0161271258 0.0466933331 -1.62059677e-06 3.22356891e-07 -1
TAG 41 -0.105784995 0.0105052503 0.0536665039 -0.333750681 -0.131703993 -0.933415524
TAG 65 0.119072188 -0.020557456 0.0800936336 0.751399702 -0.322919474 0.575431578
TAG 63 -0.104896891 0.0149528875 0.0527352849 0.329239713 0.132369034 -0.93492227
TAG 62 -0.0995730683 0.0302300905 0.0690462359 0.3213287 0.750213891 -0.577864158
TAG 59 -0.100018848 -0.00188752594 0.0603333581 0.344822933 -0.867729023 -0.35797135
TAG 55 -0.119337383 0.0151637023 0.0699872324 -0.999896295 -0.0141984574 0.00240892698
TAG 54 -0.104785227 0.0261860029 0.076486355 -0.344822968 0.867728888 0.357971643
TAG 53 -0.089146311 -0.000197085518 0.0670554248 0.74861179 -0.322508554 -0.579282851
TAG 52 -0.119278263 0.0119799944 0.0757618237 -0.999896295 -0.0141984574 0.00240892698
TAG 51 -0.102448777 0.00747370566 0.0865367572 -0.329239868 -0.132369105 0.934922205
TAG 45 -0.113699624 0.0170707545 0.0588716642 -0.751399624 0.322919173 -0.575431849
TAG 44 -0.11923843 0.00668793202 0.0611035411 -0.999896295 -0.0141984574 0.00240892698
