VGCC_O 3 0.0772568984 -0.00428239309 0.046693036 -1.41802159e-06 2.82063681e-07 -1
VGCC_O 5 0.113746944 -0.0200409323 0.0466929896 -1.01287282e-06 -1.51427976e-07 -1
VGCC_O 0 0.11238887 -0.0311459409 0.0466929927 -1.01287282e-06 -1.51427976e-07 -1
VGCC_O 9 0.0953603447 -0.018533153 0.0466930096 -1.14792244e-06 -1.24564753e-07 -1
VGCC_O 7 -0.137449801 0.00579357966 0.0466933342 -1.62059625e-06 3.22356338e-07 -1
VGCC_O 4 -0.108229728 0.00324736392 0.0466932869 -8.10297798e-07 1.61178104e-07 -1
CaBS 10 0.107235596 -0.0288589586 0.0549232159 -0.324116536 -0.749802846 -0.576839807
CaBS 11 0.109941803 -0.00801306752 0.0814099576 0.324116486 0.74980293 0.576839726
CaBS 13 0.117521506 -0.0141730605 0.0572322669 0.329239702 0.132369043 -0.934922272
CaBS 14 0.122587476 -0.0244466136 0.069627389 0.999896301 0.01419805 -0.0024089266
CaBS 15 0.0998456688 -0.00797470075 0.0814000842 -0.344822968 0.867728907 0.357971598
CaBS 16 0.110439575 -0.00758723539 0.0589044026 0.321328636 0.750213906 -0.577864173
CaBS 17 0.0958333823 -0.0138779535 0.0589490635 -0.751399618 0.322919164 -0.575431861
CaBS 18 0.112924323 -0.0329359336 0.0737478561 0.34654604 -0.867983022 0.355684293
CaBS 19 0.119073961 -0.026651633 0.0766714016 0.751399702 -0.322919474 0.575431578
CaBS 20 0.120034306 -0.0301140164 0.0659502907 0.748611785 -0.322508546 -0.579282861
CaBS 21 0.116812445 -0.00641285144 0.0653028323 0.735818353 0.677177225 -0.00153536905
CaBS 22 0.121634109 -0.0116615102 0.0611323289 0.735818353 0.677177225 -0.00153536905
CaBS 23 0.107712275 -0.0349932878 0.0738053964 0.34654604 -0.867983022 0.355684293
CaBS 24 0.107718624 -0.0188351106 0.0863738332 0.333750516 0.131703927 0.933415593
Ca 8 0.13763016 0.36420879 0.443850385 0 0 0
Ca 6 0.633465871 0.529243782 0.051130825 0 0 0
Ca 6 0.30686884 0.579038319 0.403803653 0 0 0
Ca 8 0.0720326706 -0.108463791 0.388905851 0 0 0
Ca 6 0.19725611 0.140330333 0.220048166 0 0 0
Ca 1 -0.154572039 -0.0136493362 0.426629719 0 0 0
Ca 8 0.420749924 -0.410550149 0.236714929 0 0 0
Ca 8 0.203269624 -0.144854063 0.97366472 0 0 0
Ca 4 0.392119626 0.32714972 0.277258362 0 0 0
Ca 8 -0.283150734 -0.14818892 0.149271784 0 0 0
Ca 8 -0.617328958 0.39593395 0.309019464 0 0 0
Ca 1 -0.269034459 -0.282101941 0.759412971 0 0 0
Ca 4 0.200969442 0.428888853 0.153224965 0 0 0
Ca 6 -0.112558496 -0.00948591564 0.767425158 0 0 0
Ca 8 -0.547242217 -0.0301703224 0.339405992 0 0 0
Ca 8 -0.570387516 0.154665121 0.323558125 0 0 0
Ca 2 -0.0510442571 -0.274888314 0.32334769 0 0 0
Ca 4 0.447709921 0.279607169 0.504430897 0 0 0
Ca 8 0.447151782 0.0405777586 0.434578142 0 0 0
Ca 1 -0.101573536 -0.281353512 0.192400219 0 0 0
Ca 1 -0.133007198 0.483043727 0.0708050273 0 0 0
Ca 7 0.457093241 0.204909207 0.2351152 0 0 0
Ca 4 -0.463057817 -0.394823161 0.23477282 0 0 0
Ca 8 0.217967592 0.00817452059 0.628948645 0 0 0
Ca 8 -0.544537681 0.564621746 0.16351446 0 0 0
Ca 8 -0.0799729193 -0.35632534 0.62751182 0 0 0
Ca 8 -0.151028579 0.588414622 0.660934063 0 0 0
Ca 8 0.0520663291 -0.0435836938 0.490514253 0 0 0
Ca 1 -0.354397415 0.160120873 0.404445646 0 0 0
Ca 1 0.0128528257 0.402790984 0.721067852 0 0 0
Ca 8 0.0910043128 0.602461544 0.682811892 0 0 0
Ca 7 -0.365848358 -0.0121300174 0.313263181 0 0 0
Ca 1 0.302293163 0.17294297 0.0969979078 0 0 0
Ca 8 0.0121232294 0.53060977 0.286732496 0 0 0
Ca 8 -0.0113634912 -0.575501531 0.365323232 0 0 0
Ca 4 0.008404466 -0.129998527 0.350306859 0 0 0
Ca 4 -0.673327764 0.311198563 0.633643846 0 0 0
Ca 6 -0.544814478 0.0933940466 0.402100351 0 0 0
Ca 7 -0.0458300709 0.177221829 0.0497325332 0 0 0
Ca 6 0.198657156 0.224959878 0.0532969228 0 0 0
Ca 4 -0.00979553415 0.0630105371 0.0749803625 0 0 0
Ca 7 -0.404499903 0.0768584021 0.181547504 0 0 0
Ca 8 -0.487305725 0.27603629 0.20713308 0 0 0
Ca 1 -0.219817286 -0.0971640828 0.183415961 0 0 0
Ca 8 -0.366900435 0.284233261 0.148800954 0 0 0
Ca 4 -0.710189028 -0.0816229662 0.148832882 0 0 0
Ca 1 -0.394241036 0.0415372387 0.0955148204 0 0 0
Ca 6 -0.20761941 -0.257748238 0.178459418 0 0 0
Ca 4 0.336420318 0.140269891 0.327907237 0 0 0
Ca 7 -0.280825833 -0.0992502651 0.252192774 0 0 0
Ca 6 -0.151328176 0.379334089 0.148230231 0 0 0
Ca 1 -0.270030263 0.152476065 0.211668658 0 0 0
Ca 7 -0.254586366 0.00631519526 0.160605243 0 0 0
Ca 1 -0.0851159078 0.188866511 0.134253209 0 0 0
Ca 1 -0.500118608 -0.113860207 0.15366919 0 0 0
Ca 7 -0.428321903 -0.128891562 0.226170924 0 0 0
Ca 7 -0.309989126 0.148035519 0.138949482 0 0 0
Ca 8 -0.0125485894 0.0136841244 0.257600924 0 0 0
Ca 8 -0.0970590476 0.308792118 0.183351437 0 0 0
Ca 7 -0.3523006 0.145938476 0.217769843 0 0 0
Ca 4 -0.340896556 0.0797862223 0.0590412584 0 0 0
Ca 6 -0.299455232 0.0524319242 0.125969925 0 0 0
Ca 8 -0.202721552 -0.147064537 0.0759268476 0 0 0
Ca 4 0.0889411498 -0.0321889249 0.106033345 0 0 0
Ca 7 -0.0342480853 0.0725137334 0.170665584 0 0 0
Ca 8 0.0522724552 -7.47540904e-05 0.200994145 0 0 0
Ca 6 0.237496538 0.273131512 0.150407398 0 0 0
Ca 5 -0.0325279568 0.155958988 0.339143136 0 0 0
Ca 1 -0.0460649529 -0.198555868 0.193729265 0 0 0
Ca 6 -0.284242826 0.0837974936 0.22524242 0 0 0
Ca 7 0.0834044091 -0.0123006071 0.164384262 0 0 0
Ca 8 -0.346260643 -0.126755051 0.271487797 0 0 0
Ca 4 -0.0823047815 -0.151522711 0.270521584 0 0 0
Ca 8 -0.181966133 -0.285357792 0.111373037 0 0 0
Ca 7 -0.283299035 0.168001703 0.10752638 0 0 0
Ca 6 -0.305064031 0.160806236 0.316441 0 0 0
Ca 7 -0.198258996 0.054654967 0.275072381 0 0 0
Ca 6 -0.32917287 0.0263956068 0.192490588 0 0 0
Ca 7 -0.190111146 0.0149796722 0.207948615 0 0 0
Ca 1 -0.152890278 0.0991515821 0.0734436737 0 0 0
Ca 8 -0.156879601 0.0187132091 0.0941599724 0 0 0
Ca 4 -0.0506483357 0.05921595 0.216792613 0 0 0
Ca 1 -0.0597424682 0.0589273564 0.0466705362 0 0 0
Ca 1 -0.16359831 0.0228903738 0.131028178 0 0 0
Ca 6 -0.104137034 0.0785692275 0.0600405967 0 0 0
Ca 8 -0.115736874 0.00917202649 0.170962232 0 0 0
Ca 4 -0.125307634 0.0294381437 0.0466529043 0 0 0
Ca 1 -0.0859860327 -0.0310366538 0.0735546113 0 0 0
Ca 8 -0.0862525182 0.117256714 0.101110955 0 0 0
Ca 7 -0.143607646 0.00568206438 0.0466756978 0 0 0
Ca 4 -0.118095575 0.00323144002 0.0466169907 0 0 0
Ca 1 -0.140686699 0.0111215398 0.0466285456 0 0 0
VGCC_O 6 -0.12622171 0.0241576588 0.046693322 -1.62059677e-06 3.22356891e-07 -1
VGCC_O 2 0.119933892 -0.04777957 0.0466929781 -1.41802115e-06 2.82063236e-07 -1
VGCC_O 8 -0.134706799 0.0161271258 0.0466933331 -1.62059677e-06 3.22356891e-07 -1
VGCC_O 1 -0.126159285 0.0151063295 0.0466933189 -1.62059625e-06 3.22356338e-07 -1
TAG 41 -0.105784995 0.0105052503 0.0536665039 -0.333750681 -0.131703993 -0.933415524
TAG 71 -0.096079873 0.00270213046 0.0564810255 0.74861179 -0.322508554 -0.579282851
TAG 70 -0.118208439 0.00383577013 0.0653592954 -0.735818461 -0.677177107 0.0015353549
TAG 69 -0.119239302 0.00795267007 0.0681959954 -0.999896295 -0.0141984574 0.00240892698
TAG 67 -0.115078276 0.000454692191 0.0742448755 -0.735818461 -0.677177107 0.0015353549
TAG 65 0.119072188 -0.020557456 0.0800936336 0.751399702 -0.322919474 0.575431578
TAG 63 -0.104896891 0.0149528875 0.0527352849 0.329239713 0.132369034 -0.93492227
TAG 62 -0.0995730683 0.0302300905 0.0690462359 0.3213287 0.750213891 -0.577864158
TAG 59 -0.100018848 -0.00188752594 0.0603333581 0.344822933 -0.867729023 -0.35797135
TAG 55 -0.119337383 0.0151637023 0.0699872324 -0.999896295 -0.0141984574 0.00240892698
TAG 54 -0.104785227 0.0261860029 0.076486355 -0.344822968 0.867728888 0.357971643
TAG 53 -0.089146311 -0.000197085518 0.0670554248 0.74861179 -0.322508554 -0.579282851
TAG 52 -0.119278263 0.0119799944 0.0757618237 -0.999896295 -0.0141984574 0.00240892698
TAG 51 -0.102448777 0.00747370566 0.0865367572 -0.329239868 -0.132369105 0.934922205
TAG 45 -0.113699624 0.0170707545 0.0588716642 -0.751399624 0.322919173 -0.575431849
TAG 44 -0.11923843 0.00668793202 0.0611035411 -0.999896295 -0.0141984574 0.00240892698
