VGCC_O 7 -0.137449801 0.00579357966 0.0466933342 -1.62059625e-06 3.22356338e-07 -1
CaBS 10 0.106636083 -0.0116713693 0.0857501085 0.333750516 0.131703927 0.933415593
CaBS 11 0.122613471 -0.0262832368 0.0695924022 0.999896301 0.01419805 -0.0024089266
CaBS 13 0.120510642 -0.0139065079 0.0811045202 0.333750516 0.131703927 0.933415593
CaBS 14 0.104619829 -0.0299483705 0.08164393 -0.321328743 -0.750213836 0.577864204
CaBS 15 0.0979979815 -0.0326199916 0.0744933278 -0.321328743 -0.750213836 0.577864204
CaBS 16 0.0987859905 -0.0327597772 0.0647413697 -0.324116536 -0.749802846 -0.576839807
CaBS 17 0.105756289 -0.00719487686 0.0568095829 0.321328636 0.750213906 -0.577864173
CaBS 18 0.0972703188 -0.0119148967 0.081271071 -0.748611723 0.322508223 0.579283121
CaBS 19 0.100577924 -0.0357038831 0.0687060005 -0.735818491 -0.677177075 0.00153536998
CaBS 20 0.105291946 -0.0110179854 0.0533722432 0.329239702 0.132369043 -0.934922272
CaBS 21 0.0933779506 -0.0258210321 0.0807510692 -0.321328743 -0.750213836 0.577864204
CaBS 22 0.0911853401 -0.0254983231 0.0685330716 -0.735818491 -0.677177075 0.00153536998
CaBS 23 0.0996891871 -0.0208434806 0.0840063422 -0.329239867 -0.132369096 0.934922207
CaBS 24 0.105206065 -0.0329582779 0.0613920587 -0.324116536 -0.749802846 -0.576839807
Ca 4 -0.641775267 -0.0897645682 0.327989236 0 0 0
Ca 8 0.0697689777 -0.0633210886 0.700024823 0 0 0
Ca 1 0.65747751 -0.272348892 0.569725906 0 0 0
Ca 8 0.317163431 -0.606329466 0.201238663 0 0 0
Ca 6 -0.420877307 0.00333312433 0.714972447 0 0 0
Ca 4 0.0256248536 -0.0680210906 0.646091195 0 0 0
Ca 4 0.42871239 0.111700834 0.897351657 0 0 0
Ca 4 -0.578691784 -0.0011185859 0.577280246 0 0 0
Ca 8 0.479524175 0.451276238 0.472453123 0 0 0
Ca 7 -0.0606909724 -0.00975162986 0.10966358 0 0 0
Ca 7 0.0644503012 0.199599357 0.233788453 0 0 0
Ca 4 0.070699056 0.109531585 0.608879338 0 0 0
Ca 4 -0.19986953 0.600381075 0.0996405802 0 0 0
Ca 1 -0.147937587 0.36739041 0.210935829 0 0 0
Ca 1 -0.0937200605 -0.18935446 0.304035626 0 0 0
Ca 1 -0.0922787112 0.0497427051 0.376236906 0 0 0
Ca 4 -0.0685599347 0.372411425 0.53660687 0 0 0
Ca 2 0.314043572 -0.492501781 0.385107193 0 0 0
Ca 7 -0.226882431 0.0108658887 0.198160266 0 0 0
Ca 1 -0.23343402 0.128391356 0.404326142 0 0 0
Ca 6 0.466884382 0.129323182 0.14671169 0 0 0
Ca 4 0.227584723 0.130635456 0.185829271 0 0 0
Ca 4 -0.0538631869 0.202041088 0.639696173 0 0 0
Ca 8 -0.0719598997 -0.728049347 0.28123723 0 0 0
Ca 6 -0.103605124 -0.256089575 0.60476967 0 0 0
Ca 4 0.479008686 -0.00796094785 0.743288209 0 0 0
Ca 1 -0.405841113 -0.230558078 0.156991334 0 0 0
Ca 6 0.3813982 0.223171604 0.552511961 0 0 0
Ca 1 -0.259735667 0.263141549 0.518881465 0 0 0
Ca 4 0.203674148 -0.543014935 0.371080151 0 0 0
Ca 7 0.165128515 -0.119319303 0.122078529 0 0 0
Ca 4 0.465972092 -0.026618538 0.310178421 0 0 0
Ca 1 0.161271815 -0.0485834831 0.662593595 0 0 0
Ca 4 -0.328134882 0.257196121 0.279922164 0 0 0
Ca 7 -0.04016988 0.621674778 0.403007285 0 0 0
Ca 7 -0.145777389 0.1297948 0.634572054 0 0 0
Ca 4 -0.302237646 0.106711798 0.455415299 0 0 0
Ca 6 -0.264348661 0.421525285 0.234232683 0 0 0
Ca 6 -0.22669843 -0.508741553 0.413856915 0 0 0
Ca 7 -0.315910304 0.226345438 0.180675773 0 0 0
Ca 7 -0.204931701 -0.281365417 0.145344455 0 0 0
Ca 7 -0.365139367 0.182307909 0.136840445 0 0 0
Ca 6 -0.0938999964 -0.387629213 0.249985223 0 0 0
Ca 7 -0.109092679 0.106355762 0.471701446 0 0 0
Ca 8 -0.0136709138 0.388331832 0.170670761 0 0 0
Ca 8 0.0843050732 -0.0150546413 0.337463391 0 0 0
Ca 7 -0.34020839 0.0180151985 0.187622105 0 0 0
Ca 6 -0.284861616 -0.301336703 0.112515186 0 0 0
Ca 4 -0.340254561 -0.144203386 0.426748395 0 0 0
Ca 7 -0.30083555 -0.170530899 0.0597599086 0 0 0
Ca 8 -0.322118366 -0.156281596 0.270993833 0 0 0
Ca 7 -0.0889317942 0.29857564 0.170888784 0 0 0
Ca 1 -0.00846414618 0.119675302 0.0800759299 0 0 0
Ca 8 -0.539297179 -0.20497361 0.258629076 0 0 0
Ca 8 -0.20445614 0.00851804743 0.312546925 0 0 0
Ca 1 -0.628641609 -0.242230529 0.0537424828 0 0 0
Ca 4 -0.200906609 -0.125730025 0.229727258 0 0 0
Ca 1 -0.455538808 0.0433265135 0.135279515 0 0 0
Ca 7 -0.259579361 0.338224752 0.232665783 0 0 0
Ca 4 -0.152588848 0.165046879 0.22741729 0 0 0
Ca 7 -0.313373075 -0.350255777 0.239543819 0 0 0
Ca 8 -0.145102279 -0.0270636501 0.103013973 0 0 0
Ca 8 -0.250760008 0.0558221054 0.0562282877 0 0 0
Ca 7 -0.529915101 0.0246611438 0.0538481762 0 0 0
Ca 4 0.0178141132 0.089437402 0.270792427 0 0 0
Ca 8 0.0834597639 0.133870725 0.16216783 0 0 0
Ca 4 -0.0457234604 0.0128746458 0.266528568 0 0 0
Ca 1 -0.0998885751 0.0751812215 0.350779239 0 0 0
Ca 4 -0.0342285586 -0.178500796 0.153513686 0 0 0
Ca 7 -0.183056418 -0.0932036516 0.222838063 0 0 0
Ca 4 -0.0397521226 -0.159928021 0.154914391 0 0 0
Ca 8 -0.284852637 0.0185049422 0.229512349 0 0 0
Ca 6 -0.0207088208 -0.0187659432 0.0546738866 0 0 0
Ca 4 -0.0450611269 0.0428744588 0.0623308935 0 0 0
Ca 4 0.160903699 0.0916142958 0.176301687 0 0 0
Ca 8 -0.0398292546 0.128970368 0.191573425 0 0 0
Ca 8 -0.310502711 0.11159968 0.133914898 0 0 0
Ca 1 -0.242336836 -0.216623105 0.133328349 0 0 0
Ca 4 -0.333530827 0.061664931 0.131739336 0 0 0
Ca 1 -0.281397024 0.0723180976 0.127891419 0 0 0
Ca 6 -0.141731867 0.160196363 0.0766221778 0 0 0
Ca 8 0.104330696 -0.0124403629 0.269980261 0 0 0
Ca 6 -0.0759297998 -0.0114227999 0.183602866 0 0 0
Ca 7 -0.284746981 0.195307368 0.184212641 0 0 0
Ca 8 -0.207564386 -0.0429395427 0.0787062922 0 0 0
Ca 6 -0.140044776 0.0485782851 0.0698631666 0 0 0
Ca 7 -0.268831898 0.188947955 0.0467070334 0 0 0
Ca 7 -0.102309955 0.0663011049 0.0999132338 0 0 0
Ca 1 -0.179976649 0.0315321281 0.0544044401 0 0 0
Ca 8 -0.105701171 -0.0109672729 0.0587904764 0 0 0
VGCC_O 4 -0.108229728 0.00324736392 0.0466932869 -8.10297798e-07 1.61178104e-07 -1
VGCC_O 0 0.11238887 -0.0311459409 0.0466929927 -1.01287282e-06 -1.51427976e-07 -1
VGCC_O 5 0.113746944 -0.0200409323 0.0466929896 -1.01287282e-06 -1.51427976e-07 -1
VGCC_O 2 0.119933892 -0.04777957 0.0466929781 -1.41802115e-06 2.82063236e-07 -1
VGCC_O 6 -0.12622171 0.0241576588 0.046693322 -1.62059677e-06 3.22356891e-07 -1
VGCC_O 9 0.0953603447 -0.018533153 0.0466930096 -1.14792244e-06 -1.24564753e-07 -1
VGCC_O 1 -0.126159285 0.0151063295 0.0466933189 -1.62059625e-06 3.22356338e-07 -1
VGCC_O 8 -0.134706799 0.0161271258 0.0466933331 -1.62059677e-06 3.22356891e-07 -1
VGCC_O 3 0.0772568984 -0.00428239309 0.046693036 -1.41802159e-06 2.82063681e-07 -1
TAG 41 -0.105784995 0.0105052503 0.0536665039 -0.333750681 -0.131703993 -0.933415524
TAG 71 -0.096079873 0.00270213046 0.0564810255 0.74861179 -0.322508554 -0.579282851
TAG 70 -0.118208439 0.00383577013 0.0653592954 -0.735818461 -0.677177107 0.0015353549
TAG 69 -0.119239302 0.00795267007 0.0681959954 -0.999896295 -0.0141984574 0.00240892698
TAG 67 -0.115078276 0.000454692191 0.0742448755 -0.735818461 -0.677177107 0.0015353549
TAG 65 0.119072188 -0.020557456 0.0800936336 0.751399702 -0.322919474 0.575431578
TAG 63 -0.104896891 0.0149528875 0.0527352849 0.329239713 0.132369034 -0.93492227
TAG 62 -0.0995730683 0.0302300905 0.0690462359 0.3213287 0.750213891 -0.577864158
TAG 59 -0.100018848 -0.00188752594 0.0603333581 0.344822933 -0.867729023 -0.35797135
TAG 55 -0.119337383 0.0151637023 0.0699872324 -0.999896295 -0.0141984574 0.00240892698
TAG 54 -0.104785227 0.0261860029 0.076486355 -0.344822968 0.867728888 0.357971643
TAG 53 -0.089146311 -0.000197085518 0.0670554248 0.74861179 -0.322508554 -0.579282851
TAG 52 -0.119278263 0.0119799944 0.0757618237 -0.999896295 -0.0141984574 0.00240892698
TAG 51 -0.102448777 0.00747370566 0.0865367572 -0.329239868 -0.132369105 0.934922205
TAG 45 -0.113699624 0.0170707545 0.0588716642 -0.751399624 0.322919173 -0.575431849
TAG 44 -0.11923843 0.00668793202 0.0611035411 -0.999896295 -0.0141984574 0.00240892698
