VGCC_O 9 0.0953603447 -0.018533153 0.0466930096 -1.14792244e-06 -1.24564753e-07 -1
VGCC_O 7 -0.137449801 0.00579357966 0.0466933342 -1.62059625e-06 3.22356338e-07 -1
CaBS 10 0.0976764888 -0.0261080982 0.0569375408 -0.333750671 -0.131704002 -0.933415527
CaBS 11 0.0979918633 -0.0105119459 0.0814224538 -0.748611723 0.322508223 0.579283121
CaBS 13 0.0939214862 -0.0199537243 0.0814188617 -0.748611723 0.322508223 0.579283121
CaBS 14 0.119177045 -0.0089791733 0.0666457422 0.735818353 0.677177225 -0.00153536905
CaBS 15 0.090760073 -0.0228567891 0.0631684474 -0.999896295 -0.0141984568 0.00240892729
CaBS 16 0.100573527 -0.0120278191 0.0855659168 -0.329239867 -0.132369096 0.934922207
CaBS 17 0.121122008 -0.0274033691 0.0735751994 0.751399702 -0.322919474 0.575431578
CaBS 18 0.104816829 -0.0287234306 0.0833437561 -0.321328743 -0.750213836 0.577864204
CaBS 19 0.103830848 -0.00230979506 0.0715070614 -0.344822968 0.867728907 0.357971598
CaBS 20 0.122434381 -0.0138792778 0.0683639936 0.999896301 0.01419805 -0.0024089266
CaBS 21 0.109603529 -0.000518925077 0.0676159635 0.321328636 0.750213906 -0.577864173
CaBS 22 0.10565121 -0.0322569655 0.0792203027 -0.321328743 -0.750213836 0.577864204
CaBS 23 0.114936998 -0.0153436321 0.0833001997 0.333750516 0.131703927 0.933415593
CaBS 24 0.114957694 -0.0106392552 0.0574544655 0.321328636 0.750213906 -0.577864173
CaBS 25 -0.0875248969 0.0138319587 0.0717744364 0.999896301 0.0141980506 -0.0024089266
CaBS 29 -0.105250905 -0.0022245997 0.0787606849 -0.321328736 -0.750213873 0.57786416
CaBS 31 -0.115759831 0.0190303971 0.0626615919 -0.751399624 0.322919173 -0.575431849
CaBS 38 -0.096952706 -0.00109222674 0.0613590602 0.344822933 -0.867729023 -0.35797135
Ca 1 0.330160474 0.19787204 0.314280809 0 0 0
Ca 4 0.141049718 -0.0919024358 0.903579352 0 0 0
Ca 1 0.205376051 0.141697018 0.835006056 0 0 0
CaBS_Ca 56 0.10526968 -0.0291969232 0.0564671332 -0.324116536 -0.749802846 -0.576839807
Ca 6 -0.219328639 0.429351469 0.605106512 0 0 0
CaBS_Ca 57 -0.115720419 0.00752584527 0.0818704308 -0.329239868 -0.132369105 0.934922205
Ca 1 0.191545968 -0.0497658542 0.461300772 0 0 0
Ca 4 -0.383161493 0.361049227 0.499526421 0 0 0
Ca 4 -0.352070706 -0.256981185 0.343391737 0 0 0
Ca 4 -0.460393642 0.113245179 0.357895174 0 0 0
Ca 1 -0.278099884 -0.234597054 0.566036042 0 0 0
Ca 4 -0.0451046278 0.052150645 0.92719304 0 0 0
Ca 6 0.0873415984 -0.0527967432 0.230032471 0 0 0
Ca 6 -0.330124321 -0.440742645 0.523579465 0 0 0
Ca 4 0.00445391478 0.465340652 0.350186407 0 0 0
Ca 8 0.171688583 -0.411139804 0.697842525 0 0 0
Ca 4 -0.172384566 0.15426947 0.689804092 0 0 0
Ca 1 -0.216365887 0.179979576 0.577994394 0 0 0
Ca 7 -0.0798550378 0.527648297 0.583345146 0 0 0
Ca 6 -0.349170629 -0.220662368 0.289944755 0 0 0
Ca 8 0.0871101499 -0.43963414 0.481768483 0 0 0
Ca 1 0.0706658368 0.694352734 0.391685654 0 0 0
Ca 6 0.55334719 0.101829167 0.326155443 0 0 0
Ca 1 0.570928776 -0.0404511896 0.682677595 0 0 0
Ca 8 -0.693728292 -0.3913814 0.30751947 0 0 0
Ca 1 -0.0434552333 0.443138478 0.232229588 0 0 0
Ca 1 -0.566646777 0.506711436 0.439774843 0 0 0
Ca 7 0.740109079 0.161778151 0.215618369 0 0 0
Ca 7 -0.292990901 0.193293594 0.429225366 0 0 0
Ca 7 0.373172 0.210192703 0.421205786 0 0 0
Ca 8 -0.423917498 -0.0654572101 0.38536284 0 0 0
Ca 6 -0.537114968 -0.123586658 0.429137454 0 0 0
Ca 6 -0.44809053 0.100113374 0.305962628 0 0 0
CaBS_Ca 60 -0.10057204 0.0240760821 0.0789831063 0.324116492 0.749802901 0.576839761
Ca 8 -0.149178219 0.0205118472 0.0491704484 0 0 0
Ca 7 -0.0244228601 0.0559993245 0.153827772 0 0 0
Ca 8 -0.375872952 0.0408522327 0.352049842 0 0 0
Ca 1 -0.501312622 0.0263894392 0.287746553 0 0 0
Ca 8 0.155486727 -0.338243482 0.266367015 0 0 0
Ca 7 -0.312675217 0.083204902 0.304915483 0 0 0
Ca 7 0.173091053 0.138188412 0.114654591 0 0 0
Ca 6 0.372339403 0.184678779 0.31681648 0 0 0
Ca 6 0.0928474052 -0.22097557 0.415031334 0 0 0
Ca 1 -0.394528535 -0.208425053 0.498017735 0 0 0
Ca 6 0.342573398 0.354332791 0.0657310289 0 0 0
Ca 4 -0.125567551 0.271569658 0.308622932 0 0 0
Ca 1 0.331632973 0.561177376 0.41220111 0 0 0
Ca 6 -0.126817889 0.155040221 0.417603037 0 0 0
Ca 6 -0.0570642125 0.158084968 0.0504820135 0 0 0
Ca 7 -0.191790096 0.577555137 0.252434014 0 0 0
Ca 7 0.00981378732 0.207115057 0.458978958 0 0 0
Ca 7 -0.285551561 -0.276060793 0.563825725 0 0 0
Ca 7 -0.0651567448 0.0629938524 0.311423257 0 0 0
Ca 4 0.00738609199 -0.023896591 0.0954530996 0 0 0
Ca 1 -0.013603005 0.190295042 0.210465798 0 0 0
Ca 7 0.304633186 -0.0590062918 0.196158871 0 0 0
Ca 1 -0.312567858 -0.361475631 0.0811324402 0 0 0
Ca 4 -0.171833605 0.369302707 0.188422039 0 0 0
Ca 6 -0.148031595 0.1711261 0.0696341523 0 0 0
Ca 8 -0.0901303818 0.193001243 0.252283555 0 0 0
Ca 4 -0.258599525 -0.213260306 0.122693024 0 0 0
Ca 6 -0.152628533 0.0598156819 0.18262325 0 0 0
Ca 7 -0.133550248 -0.100782512 0.497467229 0 0 0
Ca 8 -0.0283944425 -0.183223761 0.327168844 0 0 0
Ca 4 0.0292677557 -0.352092977 0.586175821 0 0 0
Ca 1 -0.212227253 -0.26363611 0.141628842 0 0 0
Ca 4 0.0298368003 -0.237830462 0.115453186 0 0 0
Ca 8 -0.114660464 -0.374024926 0.174622222 0 0 0
Ca 7 -0.335735446 0.11482609 0.0639670502 0 0 0
Ca 8 -0.140538128 0.00251380422 0.156163126 0 0 0
Ca 1 -0.229881473 0.00648190369 0.126176067 0 0 0
Ca 7 0.117939625 0.413659623 0.135088824 0 0 0
Ca 8 -0.242558524 0.0234418822 0.226509759 0 0 0
Ca 1 -0.185144508 -0.117390188 0.238628024 0 0 0
Ca 7 -0.30658395 -0.0947052422 0.219368529 0 0 0
Ca 7 0.0454521495 0.142211565 0.175024747 0 0 0
Ca 4 -0.173731997 -0.337587583 0.259867808 0 0 0
Ca 1 -0.0139926072 -0.0105391215 0.216636178 0 0 0
Ca 4 -0.230217 -0.0146779114 0.223284489 0 0 0
Ca 6 -0.303548089 0.136088345 0.116423431 0 0 0
Ca 4 -0.0860069571 0.112372151 0.0952753048 0 0 0
Ca 4 -0.194447167 -0.022371896 0.0898849518 0 0 0
Ca 7 -0.166007276 0.0539205169 0.123179959 0 0 0
Ca 1 -0.0804763188 0.0381337523 0.139241289 0 0 0
Ca 6 -0.079119901 0.0555684191 0.10084699 0 0 0
Ca 6 -0.147476656 0.159670809 0.138017198 0 0 0
Ca 6 -0.202389194 0.00036777954 0.0484882053 0 0 0
Ca 7 -0.0721982708 0.0596547397 0.0856910058 0 0 0
Ca 8 -0.0934786645 -0.0212428187 0.138596363 0 0 0
Ca 4 -0.0729367683 0.0470001208 0.0678781634 0 0 0
Ca 6 -0.160388844 -0.0163907361 0.0500432497 0 0 0
Ca 8 -0.145101073 0.0280350151 0.0478281969 0 0 0
Ca 6 -0.119256099 0.0074991516 0.0466477605 0 0 0
VGCC_O 1 -0.126159285 0.0151063295 0.0466933189 -1.62059625e-06 3.22356338e-07 -1
VGCC_O 5 0.113746944 -0.0200409323 0.0466929896 -1.01287282e-06 -1.51427976e-07 -1
VGCC_O 3 0.0772568984 -0.00428239309 0.046693036 -1.41802159e-06 2.82063681e-07 -1
VGCC_O 0 0.11238887 -0.0311459409 0.0466929927 -1.01287282e-06 -1.51427976e-07 -1
VGCC_O 2 0.119933892 -0.04777957 0.0466929781 -1.41802115e-06 2.82063236e-07 -1
VGCC_O 4 -0.108229728 0.00324736392 0.0466932869 -8.10297798e-07 1.61178104e-07 -1
VGCC_O 6 -0.12622171 0.0241576588 0.046693322 -1.62059677e-06 3.22356891e-07 -1
VGCC_O 8 -0.134706799 0.0161271258 0.0466933331 -1.62059677e-06 3.22356891e-07 -1
TAG 41 -0.105784995 0.0105052503 0.0536665039 -0.333750681 -0.131703993 -0.933415524
TAG 59 -0.100018848 -0.00188752594 0.0603333581 0.344822933 -0.867729023 -0.35797135
TAG 55 -0.119337383 0.0151637023 0.0699872324 -0.999896295 -0.0141984574 0.00240892698
TAG 54 -0.104785227 0.0261860029 0.076486355 -0.344822968 0.867728888 0.357971643
TAG 53 -0.089146311 -0.000197085518 0.0670554248 0.74861179 -0.322508554 -0.579282851
TAG 52 -0.119278263 0.0119799944 0.0757618237 -0.999896295 -0.0141984574 0.00240892698
TAG 51 -0.102448777 0.00747370566 0.0865367572 -0.329239868 -0.132369105 0.934922205
TAG 45 -0.113699624 0.0170707545 0.0588716642 -0.751399624 0.322919173 -0.575431849
TAG 44 -0.11923843 0.00668793202 0.0611035411 -0.999896295 -0.0141984574 0.00240892698
