VGCC_O 9 0.0953603447 -0.018533153 0.0466930096 -1.14792244e-06 -1.24564753e-07 -1
VGCC_O 2 0.119933892 -0.04777957 0.0466929781 -1.41802115e-06 2.82063236e-07 -1
VGCC_O 3 0.0772568984 -0.00428239309 0.046693036 -1.41802159e-06 2.82063681e-07 -1
CaBS 10 0.102733526 -0.00844770185 0.0853284297 -0.344822968 0.867728907 0.357971598
CaBS 11 0.101191935 -0.0170251434 0.0543989671 -0.333750671 -0.131704002 -0.933415527
CaBS 13 0.118636754 -0.017482114 0.0822790586 0.333750516 0.131703927 0.933415593
CaBS 14 0.0964546343 -0.0100945945 0.0602609662 -0.751399618 0.322919164 -0.575431861
CaBS 15 0.0907600645 -0.0205409695 0.0768145957 -0.999896295 -0.0141984568 0.00240892729
CaBS 16 0.0989788386 -0.0108262222 0.0828728983 -0.748611723 0.322508223 0.579283121
CaBS 17 0.122402546 -0.0282054973 0.0714529343 0.751399702 -0.322919474 0.575431578
CaBS 19 0.0974136481 -0.0065588118 0.0638626049 -0.346545998 0.867982935 -0.355684546
CaBS 20 0.116371006 -0.0091944888 0.0793331631 0.324116486 0.74980293 0.576839726
CaBS 21 0.102935094 -0.0356440175 0.073312722 -0.321328743 -0.750213836 0.577864204
CaBS 22 0.111303696 -0.00978735594 0.0829510351 0.324116486 0.74980293 0.576839726
CaBS 23 0.0933420698 -0.0179216793 0.0795387635 -0.748611723 0.322508223 0.579283121
CaBS 24 0.10963477 -0.0318414764 0.0796237182 0.34654604 -0.867983022 0.355684293
Ca 8 -0.0516517815 -0.0376445549 1.06316179 0 0 0
Ca 8 0.00766347096 0.0693501084 1.2816382 0 0 0
Ca 6 -0.172068075 0.430939019 0.456704431 0 0 0
Ca 4 0.262156915 0.150580889 0.223543077 0 0 0
Ca 6 -0.310576529 -0.325869577 0.301969457 0 0 0
Ca 7 -0.340170595 -0.206149251 0.452223732 0 0 0
Ca 8 -0.231978303 0.189646479 0.20052895 0 0 0
Ca 4 0.408427873 -0.0771400176 0.367246777 0 0 0
Ca 8 0.125636834 -0.137651246 0.495961679 0 0 0
Ca 6 -0.632374819 -0.133348438 0.18837858 0 0 0
Ca 4 -0.31728593 0.121256043 0.422044407 0 0 0
Ca 1 -0.269622819 -0.126815796 0.672499242 0 0 0
Ca 4 -0.226989134 -0.0304640787 0.580565448 0 0 0
Ca 4 0.113398358 -0.240932781 0.530206243 0 0 0
Ca 1 -0.460713888 0.21630834 0.418805997 0 0 0
Ca 1 0.236221506 0.534602594 0.455098393 0 0 0
Ca 7 -0.203095875 0.189284486 0.770128423 0 0 0
Ca 1 -0.177388646 0.0249041904 0.221135236 0 0 0
Ca 8 -0.422440162 -0.0484388949 0.1369119 0 0 0
Ca 1 -0.433529603 -0.354038544 0.376731282 0 0 0
Ca 1 -0.259201786 0.312023259 0.857874074 0 0 0
Ca 4 -0.53297196 0.181004622 0.78480756 0 0 0
Ca 8 -0.249216104 -0.546989266 0.068057731 0 0 0
Ca 6 0.109794445 0.0247367647 0.264214807 0 0 0
Ca 6 -0.334410074 0.285499513 0.510536453 0 0 0
Ca 7 -0.482185828 0.0912828354 0.63109102 0 0 0
Ca 4 -0.755694847 0.283186793 0.232753479 0 0 0
Ca 7 -0.626243359 -0.060529467 0.147927662 0 0 0
Ca 4 -0.0471556363 -0.0589983444 0.144253164 0 0 0
Ca 4 -0.16879752 0.410875363 0.571308306 0 0 0
Ca 4 -0.218067051 -0.0459528247 0.311821469 0 0 0
Ca 4 0.22737044 0.449827576 0.181851669 0 0 0
Ca 6 -0.169274512 0.158303004 0.301626312 0 0 0
Ca 1 0.399440198 0.0821623893 0.372741242 0 0 0
Ca 4 -0.189403042 -0.0188541257 0.0913563482 0 0 0
Ca 7 -0.291786597 0.201511468 0.475939338 0 0 0
Ca 8 -0.595510608 -0.161754022 0.495843718 0 0 0
Ca 1 0.387023568 0.246179522 0.209722681 0 0 0
Ca 7 0.131860893 -0.623204326 0.471170984 0 0 0
Ca 6 0.395465002 0.132862951 0.401262363 0 0 0
Ca 8 -0.30556004 0.299221927 0.602679233 0 0 0
Ca 1 -0.388723456 0.00990882742 0.108607301 0 0 0
Ca 8 -0.276600742 0.191043718 0.759748262 0 0 0
Ca 1 0.161291026 0.136138896 0.192591476 0 0 0
Ca 7 -0.262126341 0.00508765954 0.336450158 0 0 0
Ca 1 0.0781447351 0.611373984 0.535429361 0 0 0
Ca 7 -0.426199135 0.149440135 0.544106967 0 0 0
Ca 1 -0.0796576896 -0.00294854273 0.151041073 0 0 0
Ca 6 0.231148144 0.172511891 0.435768364 0 0 0
Ca 8 0.0368857083 0.232265177 0.0678564898 0 0 0
Ca 7 -0.140924823 0.26177925 0.822228607 0 0 0
Ca 8 -0.323056667 -0.0158777017 0.15648858 0 0 0
Ca 8 -0.444122604 0.417393944 0.72863747 0 0 0
Ca 4 0.0410025795 0.434713598 0.0720800145 0 0 0
Ca 8 -0.0259062922 0.0261719861 0.0690443185 0 0 0
Ca 8 -0.0360833375 -0.30761936 0.4314827 0 0 0
Ca 4 -0.433579512 0.236123035 0.209840964 0 0 0
Ca 7 -0.126423691 0.0555261397 0.174395158 0 0 0
Ca 6 0.281174777 -0.276767888 0.44146617 0 0 0
Ca 6 -0.217634939 -0.12515236 0.284380035 0 0 0
Ca 4 0.310522809 0.122840828 0.153409396 0 0 0
Ca 4 -0.0802812586 -0.0567110855 0.456891544 0 0 0
Ca 1 -0.313452549 -0.021701742 0.125096955 0 0 0
Ca 1 -0.400702859 0.00392336289 0.242500442 0 0 0
Ca 7 -0.412705022 0.398271175 0.153910121 0 0 0
Ca 8 -0.438281611 0.046180974 0.627561895 0 0 0
Ca 1 -0.0249901984 0.590841624 0.250416657 0 0 0
Ca 6 -0.159175273 0.0484806474 0.377136338 0 0 0
Ca 1 0.193915303 -0.189643941 0.324914347 0 0 0
Ca 6 -0.0660538679 0.251444213 0.483625822 0 0 0
Ca 1 -0.140284623 0.193338799 0.165538418 0 0 0
Ca 7 -0.41325366 0.307309176 0.254025733 0 0 0
Ca 1 0.0643422928 0.0163695776 0.269589323 0 0 0
Ca 7 -0.368835651 -0.183867084 0.162847091 0 0 0
Ca 6 -0.153816342 0.407781892 0.439784599 0 0 0
Ca 6 0.00773569831 0.286813793 0.185858882 0 0 0
Ca 4 -0.304832076 0.108943515 0.218058084 0 0 0
Ca 1 0.018782153 -0.0814593552 0.145813207 0 0 0
Ca 1 -0.227983307 0.117646674 0.110855211 0 0 0
Ca 8 0.015574022 0.168796107 0.180833994 0 0 0
Ca 7 -0.231945514 0.10892112 0.047830889 0 0 0
Ca 4 -0.0747770307 0.0289003349 0.207064239 0 0 0
Ca 6 0.263989963 0.2770117 0.12323526 0 0 0
Ca 3 0.0241615524 0.0226394283 0.0514971832 0 0 0
Ca 4 -0.0941770243 -0.0619596985 0.202278198 0 0 0
Ca 4 -0.186586693 0.0342480753 0.134206979 0 0 0
Ca 6 0.0119080647 0.241456156 0.0994815957 0 0 0
Ca 7 -0.237075724 0.131394229 0.0878205001 0 0 0
Ca 8 -0.177845216 0.0688086561 0.166181308 0 0 0
Ca 1 -0.200604691 0.0332236024 0.223067939 0 0 0
Ca 1 -0.0857248681 0.0916147597 0.0693246078 0 0 0
Ca 7 -0.000235435099 -0.0557491085 0.167453434 0 0 0
Ca 6 0.00188159563 0.0134264871 0.108183223 0 0 0
Ca 7 -0.123589263 0.173249175 0.253060744 0 0 0
Ca 6 -0.126586191 0.150652295 0.098974162 0 0 0
Ca 6 -0.0843661131 0.0110243743 0.0499571311 0 0 0
Ca 4 -0.10392729 -0.0682142253 0.0530929268 0 0 0
Ca 7 -0.175185877 0.0396454945 0.0513193862 0 0 0
Ca 4 -0.054867097 -0.0229426712 0.0489419015 0 0 0
Ca 6 -0.13343299 0.0237933395 0.0466838029 0 0 0
VGCC_O 7 -0.137449801 0.00579357966 0.0466933342 -1.62059625e-06 3.22356338e-07 -1
VGCC_O 6 -0.12622171 0.0241576588 0.046693322 -1.62059677e-06 3.22356891e-07 -1
VGCC_O 0 0.11238887 -0.0311459409 0.0466929927 -1.01287282e-06 -1.51427976e-07 -1
VGCC_O 4 -0.108229728 0.00324736392 0.0466932869 -8.10297798e-07 1.61178104e-07 -1
VGCC_O 1 -0.126159285 0.0151063295 0.0466933189 -1.62059625e-06 3.22356338e-07 -1
VGCC_O 5 0.113746944 -0.0200409323 0.0466929896 -1.01287282e-06 -1.51427976e-07 -1
VGCC_O 8 -0.134706799 0.0161271258 0.0466933331 -1.62059677e-06 3.22356891e-07 -1
TAG 41 -0.105784995 0.0105052503 0.0536665039 -0.333750681 -0.131703993 -0.933415524
TAG 73 0.105323475 -0.00357186878 0.063445091 -0.346545998 0.867982935 -0.355684546
TAG 71 -0.096079873 0.00270213046 0.0564810255 0.74861179 -0.322508554 -0.579282851
TAG 70 -0.118208439 0.00383577013 0.0653592954 -0.735818461 -0.677177107 0.0015353549
TAG 69 -0.119239302 0.00795267007 0.0681959954 -0.999896295 -0.0141984574 0.00240892698
TAG 67 -0.115078276 0.000454692191 0.0742448755 -0.735818461 -0.677177107 0.0015353549
TAG 65 0.119072188 -0.020557456 0.0800936336 0.751399702 -0.322919474 0.575431578
TAG 63 -0.104896891 0.0149528875 0.0527352849 0.329239713 0.132369034 -0.93492227
TAG 62 -0.0995730683 0.0302300905 0.0690462359 0.3213287 0.750213891 -0.577864158
TAG 59 -0.100018848 -0.00188752594 0.0603333581 0.344822933 -0.867729023 -0.35797135
TAG 55 -0.119337383 0.0151637023 0.0699872324 -0.999896295 -0.0141984574 0.00240892698
TAG 54 -0.104785227 0.0261860029 0.076486355 -0.344822968 0.867728888 0.357971643
TAG 53 -0.089146311 -0.000197085518 0.0670554248 0.74861179 -0.322508554 -0.579282851
TAG 52 -0.119278263 0.0119799944 0.0757618237 -0.999896295 -0.0141984574 0.00240892698
TAG 51 -0.102448777 0.00747370566 0.0865367572 -0.329239868 -0.132369105 0.934922205
TAG 45 -0.113699624 0.0170707545 0.0588716642 -0.751399624 0.322919173 -0.575431849
TAG 44 -0.11923843 0.00668793202 0.0611035411 -0.999896295 -0.0141984574 0.00240892698
