VGCC_O 2 0.119933892 -0.04777957 0.0466929781 -1.41802115e-06 2.82063236e-07 -1
VGCC_O 7 -0.137449801 0.00579357966 0.0466933342 -1.62059625e-06 3.22356338e-07 -1
VGCC_O 4 -0.108229728 0.00324736392 0.0466932869 -8.10297798e-07 1.61178104e-07 -1
VGCC_O 5 0.113746944 -0.0200409323 0.0466929896 -1.01287282e-06 -1.51427976e-07 -1
CaBS 10 0.110055912 -0.0127102554 0.084673906 0.333750516 0.131703927 0.933415593
CaBS 11 0.102291884 -0.00582217836 0.060907324 -0.346545998 0.867982935 -0.355684546
CaBS 12 0.120781397 -0.0176953416 0.0794679004 0.751399702 -0.322919474 0.575431578
CaBS 13 0.103283837 -0.00802081102 0.0848237369 -0.344822968 0.867728907 0.357971598
CaBS 14 0.115583005 -0.0269197035 0.0584194455 0.748611785 -0.322508546 -0.579282861
CaBS 15 0.0983073514 -0.0311665804 0.0765522521 -0.321328743 -0.750213836 0.577864204
CaBS 16 0.0973772854 -0.0133741422 0.0572157604 -0.751399618 0.322919164 -0.575431861
CaBS 17 0.118199284 -0.0104976131 0.0594408798 0.321328636 0.750213906 -0.577864173
CaBS 18 0.122440381 -0.0143301286 0.0681971863 0.999896301 0.01419805 -0.0024089266
CaBS 19 0.0996398486 -0.00626853286 0.0770660457 -0.344822968 0.867728907 0.357971598
CaBS 20 0.111380084 -0.0305261999 0.0811329387 0.34654604 -0.867983022 0.355684293
CaBS 21 0.0949219037 -0.0295534242 0.0707547461 -0.735818491 -0.677177075 0.00153536998
CaBS 22 0.109868145 -0.00236209766 0.0653702025 0.321328636 0.750213906 -0.577864173
CaBS 23 0.119259304 -0.0282047611 0.0755577988 0.751399702 -0.322919474 0.575431578
CaBS 24 0.0927828806 -0.0260909735 0.0594459986 -0.324116536 -0.749802846 -0.576839807
CaBS 25 -0.111201479 0.0232200658 0.061973712 -0.34654601 0.867982945 -0.355684509
CaBS 26 -0.119288613 0.0114322391 0.0682372339 -0.999896295 -0.0141984574 0.00240892698
CaBS 27 -0.0975287637 0.0172553268 0.0838151451 0.333750517 0.131703937 0.933415591
CaBS 28 -0.119362389 0.0219912659 0.0705248618 -0.748611709 0.322508237 0.579283131
CaBS 29 -0.107482182 -0.000250618852 0.0593830029 -0.324116588 -0.749802884 -0.576839729
CaBS 31 -0.0996877481 -0.0042529493 0.0663861257 0.344822933 -0.867729023 -0.35797135
CaBS 36 -0.102228972 -0.00080025983 0.0822902226 -0.321328736 -0.750213873 0.57786416
CaBS 38 -0.107071266 -0.00252198232 0.0773623719 -0.321328736 -0.750213873 0.57786416
CaBS 39 -0.0987894419 0.0181720899 0.0841365568 0.333750517 0.131703937 0.933415591
Ca 1 0.191184258 -0.0522057534 1.35439909 0 0 0
Ca 7 0.0494093982 0.034565674 0.225098171 0 0 0
CaBS_Ca 46 -0.115184434 0.0233610347 0.0661983421 -0.34654601 0.867982945 -0.355684509
Ca 1 -0.203128917 0.0343214438 0.352622685 0 0 0
Ca 1 -0.371739887 -0.338489878 0.136798609 0 0 0
Ca 7 -0.163889636 0.120558645 0.445870279 0 0 0
Ca 1 -0.443539222 -0.333955818 0.320030696 0 0 0
Ca 7 -0.36616067 0.0703532937 0.755612728 0 0 0
Ca 6 -0.164644994 -0.432782763 0.44513206 0 0 0
Ca 8 -0.0982736429 0.433794754 0.449262256 0 0 0
Ca 7 0.614258359 -0.259710184 0.567664027 0 0 0
Ca 1 0.246494821 0.101826153 0.0699742172 0 0 0
Ca 4 0.130204526 0.465836956 0.209824906 0 0 0
Ca 4 0.22164933 -0.00152931303 0.71606254 0 0 0
Ca 1 -0.347861481 -0.29333389 0.492097529 0 0 0
Ca 1 0.236818715 0.146512404 0.767764698 0 0 0
Ca 6 0.0193581404 -0.436619419 0.368667071 0 0 0
Ca 1 -0.317025463 -0.02518767 0.702894206 0 0 0
Ca 6 0.38859591 0.528267826 0.276378671 0 0 0
Ca 4 0.0884668569 0.115266671 0.637473196 0 0 0
Ca 8 -0.587526136 -0.116884922 0.433366262 0 0 0
Ca 4 -0.418893814 0.0361968824 0.900548638 0 0 0
Ca 7 0.24339648 -0.505438947 0.497320181 0 0 0
Ca 7 0.746531135 0.317929588 0.0816381217 0 0 0
Ca 6 -0.211279568 0.268661953 0.675729247 0 0 0
Ca 1 0.185857616 0.106764759 0.201911765 0 0 0
Ca 6 -0.0628462306 0.40612632 0.834453949 0 0 0
Ca 8 0.0704289527 0.377443055 0.504918234 0 0 0
Ca 6 0.323460798 -0.275462906 0.188302628 0 0 0
Ca 6 -0.450594384 0.0654856226 0.0495424952 0 0 0
Ca 8 -0.0013486842 0.0495670531 0.631486413 0 0 0
Ca 7 -0.242529028 -0.174071358 0.285690357 0 0 0
Ca 8 -0.544353734 -0.137689339 0.331776119 0 0 0
Ca 4 -0.374065972 0.0496116614 0.295751286 0 0 0
Ca 4 -0.365065213 -0.579831073 0.070054494 0 0 0
CaBS_Ca 47 -0.0975081909 -0.00262131825 0.0645305239 0.344822933 -0.867729023 -0.35797135
Ca 6 0.411094439 0.117066511 0.248006186 0 0 0
Ca 8 -0.637944824 -0.32568622 0.399133141 0 0 0
Ca 6 -0.487461796 -0.097983429 0.190365713 0 0 0
Ca 1 0.086314822 -0.249034603 0.213412225 0 0 0
Ca 6 0.287966831 0.0869242117 0.732098668 0 0 0
Ca 4 0.144933717 0.048634175 0.541796706 0 0 0
Ca 8 0.125863497 0.100833463 0.0953837946 0 0 0
Ca 7 0.327201448 -0.145033384 0.137810384 0 0 0
Ca 4 -0.274540425 -0.0348390283 0.210716921 0 0 0
Ca 7 0.120673699 0.0975915055 0.494915784 0 0 0
Ca 6 -0.0764687926 0.670081781 0.710353867 0 0 0
Ca 4 -0.511803475 -0.414067221 0.142845854 0 0 0
Ca 8 0.107747139 -0.0868292154 0.26611392 0 0 0
Ca 4 0.0991019088 0.0268369143 0.387856651 0 0 0
Ca 6 -0.056996458 0.603944524 0.472906755 0 0 0
Ca 1 -0.37122927 -0.201709001 0.498124356 0 0 0
Ca 7 -0.441726455 0.110840305 0.214795057 0 0 0
Ca 6 -0.497204501 0.346286401 0.470874198 0 0 0
Ca 7 -0.400340827 0.0363442136 0.0966509305 0 0 0
Ca 6 -0.622329034 -0.0368908271 0.335308059 0 0 0
Ca 6 -0.222822713 0.259703445 0.103138806 0 0 0
Ca 6 -0.0964850759 0.01070999 0.31177012 0 0 0
Ca 6 -0.0170968508 0.239631979 0.156027164 0 0 0
Ca 1 -0.456160321 0.073587998 0.445885382 0 0 0
Ca 6 -0.100382697 -0.132014478 0.304746725 0 0 0
Ca 6 -0.0427528004 0.159417372 0.321923995 0 0 0
Ca 6 -0.150338866 -0.101767688 0.0864818437 0 0 0
Ca 1 -0.201109496 0.0734909887 0.120180626 0 0 0
Ca 7 -0.157701083 0.226555786 0.427213818 0 0 0
Ca 7 -0.302249952 -0.0310357216 0.238859264 0 0 0
CaBS_Ca 48 -0.0928322271 0.0108164361 0.0830443799 0.333750517 0.131703937 0.933415591
Ca 8 -0.120563788 -0.000359472326 0.335390295 0 0 0
Ca 7 -0.10592791 -0.0324502851 0.0813258589 0 0 0
Ca 8 0.134367067 -0.180552216 0.178949455 0 0 0
Ca 6 -0.174183979 0.151686198 0.338050944 0 0 0
Ca 6 -0.192748919 -0.00532598286 0.258907776 0 0 0
Ca 7 0.00494607897 0.0784229447 0.261775973 0 0 0
Ca 7 -0.0163830394 0.309819996 0.128754571 0 0 0
Ca 8 -0.206296204 0.00713979854 0.191225858 0 0 0
Ca 7 -0.13131549 0.0816316387 0.155276033 0 0 0
Ca 4 0.0280921173 -0.212492902 0.15456196 0 0 0
Ca 4 -0.208034529 0.061106539 0.140251864 0 0 0
Ca 8 -0.281244568 0.194781986 0.0997995249 0 0 0
Ca 7 -0.305440198 0.107040529 0.112631357 0 0 0
Ca 7 -0.139893724 -0.0807243506 0.13421468 0 0 0
Ca 7 0.0152191888 -0.0442261344 0.139504226 0 0 0
Ca 7 -0.313170886 -0.0765050462 0.103540669 0 0 0
Ca 8 -0.155417178 0.13519812 0.0838020273 0 0 0
Ca 7 -0.187811779 0.0248852102 0.181083984 0 0 0
Ca 7 -0.123944076 0.00665321668 0.108676628 0 0 0
VGCC_O 9 0.0953603447 -0.018533153 0.0466930096 -1.14792244e-06 -1.24564753e-07 -1
Ca 8 -0.129217396 0.0424660036 0.0466839458 0 0 0
VGCC_O 1 -0.126159285 0.0151063295 0.0466933189 -1.62059625e-06 3.22356338e-07 -1
VGCC_O 8 -0.134706799 0.0161271258 0.0466933331 -1.62059677e-06 3.22356891e-07 -1
VGCC_O 0 0.11238887 -0.0311459409 0.0466929927 -1.01287282e-06 -1.51427976e-07 -1
VGCC_O 6 -0.12622171 0.0241576588 0.046693322 -1.62059677e-06 3.22356891e-07 -1
VGCC_O 3 0.0772568984 -0.00428239309 0.046693036 -1.41802159e-06 2.82063681e-07 -1
TAG 41 -0.105784995 0.0105052503 0.0536665039 -0.333750681 -0.131703993 -0.933415524
TAG 45 -0.113699624 0.0170707545 0.0588716642 -0.751399624 0.322919173 -0.575431849
TAG 44 -0.11923843 0.00668793202 0.0611035411 -0.999896295 -0.0141984574 0.00240892698
