VGCC_O 2 0.119933892 -0.04777957 0.0466929781 -1.41802115e-06 2.82063236e-07 -1
VGCC_O 1 -0.126159285 0.0151063295 0.0466933189 -1.62059625e-06 3.22356338e-07 -1
VGCC_O 7 -0.137449801 0.00579357966 0.0466933342 -1.62059625e-06 3.22356338e-07 -1
CaBS 10 0.0997814933 -0.00482174079 0.0736954403 -0.344822968 0.867728907 0.357971598
CaBS 11 0.122426825 -0.0132490469 0.068942301 0.999896301 0.01419805 -0.0024089266
CaBS 13 0.119317735 -0.0156516955 0.0576554726 0.329239702 0.132369043 -0.934922272
CaBS 14 0.0958130961 -0.00659367083 0.074167993 -0.344822968 0.867728907 0.357971598
CaBS 16 0.106569719 -0.00421189373 0.0783637334 0.324116486 0.74980293 0.576839726
CaBS 17 0.104903793 -0.0291837533 0.0566556002 -0.324116536 -0.749802846 -0.576839807
CaBS 19 0.102994364 -0.0129255308 0.0862913323 -0.329239867 -0.132369096 0.934922207
CaBS 20 0.0949771773 -0.00672294665 0.0658359348 -0.346545998 0.867982935 -0.355684546
CaBS 21 0.111451619 -0.00321772179 0.0651398964 0.321328636 0.750213906 -0.577864173
CaBS 22 0.105829212 -0.00669752684 0.0574958189 0.321328636 0.750213906 -0.577864173
CaBS 23 0.111992316 -0.0300270087 0.0817546219 0.34654604 -0.867983022 0.355684293
CaBS 24 0.0967461722 -0.0107584522 0.0799498774 -0.748611723 0.322508223 0.579283121
Ca 6 0.0208633243 0.234367519 0.775547657 0 0 0
Ca 1 -0.468404364 0.194718994 0.660147474 0 0 0
CaBS_Ca 74 0.121206722 -0.0111582294 0.078282131 0.735818353 0.677177225 -0.00153536905
Ca 6 -0.157515359 0.382149503 0.453780502 0 0 0
Ca 6 0.217632279 0.256410766 0.136543785 0 0 0
Ca 8 0.0531310269 0.401363656 0.277622818 0 0 0
Ca 8 0.177563744 -0.452604952 0.0844280835 0 0 0
Ca 1 -0.65162272 0.488943969 0.231201862 0 0 0
Ca 6 -0.309544639 -0.12350451 0.220620732 0 0 0
Ca 7 0.120627776 0.235600791 0.270044218 0 0 0
Ca 7 0.615645267 -0.0527977568 0.11344897 0 0 0
Ca 1 0.328662655 0.21413916 0.572366238 0 0 0
Ca 7 -0.439225402 0.228211919 0.181701796 0 0 0
Ca 8 0.454061802 0.398749218 0.300074463 0 0 0
Ca 6 -0.218411387 0.400306482 0.432856404 0 0 0
Ca 1 -0.0435128775 -0.150423729 0.491639263 0 0 0
Ca 7 -0.133638438 0.757101216 0.167501422 0 0 0
Ca 1 0.510012596 -0.374315579 0.560990266 0 0 0
Ca 1 -0.374563874 -0.44239243 0.374424504 0 0 0
Ca 4 0.612221034 0.334280492 0.170828702 0 0 0
Ca 4 0.0683996167 0.247266856 0.0897160489 0 0 0
Ca 7 0.260846612 0.265442574 0.0709996146 0 0 0
Ca 1 0.0831256352 -0.0230857118 0.798130405 0 0 0
Ca 1 0.154901063 0.458282963 0.664830062 0 0 0
Ca 7 0.297825963 -0.573464012 0.141629188 0 0 0
Ca 6 -0.170255279 -0.0600747352 0.426618953 0 0 0
Ca 6 0.25069122 0.458328651 0.263461026 0 0 0
Ca 4 0.000294502515 -0.0963774809 0.722723953 0 0 0
Ca 1 -0.164639422 0.272814605 0.660028071 0 0 0
Ca 8 0.0229538983 -0.405602639 0.0649803038 0 0 0
Ca 7 0.14214475 0.138547163 0.505341518 0 0 0
Ca 7 0.0285553909 0.0252892573 0.336692635 0 0 0
Ca 8 -0.156276672 0.2434236 0.317000906 0 0 0
Ca 1 -0.147981423 0.232957811 0.722057074 0 0 0
Ca 1 0.135160387 -0.672773341 0.50734161 0 0 0
Ca 6 -0.258903823 -0.112631175 0.640214959 0 0 0
Ca 4 -0.184036554 -0.238958643 0.558636393 0 0 0
Ca 6 -0.00865651058 0.00613073282 0.337709464 0 0 0
Ca 8 0.177386745 -0.176131354 0.417959417 0 0 0
Ca 7 -0.00417607467 -0.240582695 0.417556025 0 0 0
Ca 7 -0.0650076642 -0.57661272 0.434426517 0 0 0
Ca 1 -0.419516435 0.06795684 0.133739214 0 0 0
Ca 4 -0.413029433 0.0894894633 0.611392224 0 0 0
Ca 7 -0.169148456 0.291533976 0.0926662452 0 0 0
Ca 8 -0.0503699143 0.31744323 0.354874477 0 0 0
Ca 4 0.0927413672 -0.135305981 0.403995631 0 0 0
Ca 4 -0.232450983 0.113685514 0.375852787 0 0 0
Ca 6 -0.0871368699 -0.314716252 0.44902472 0 0 0
Ca 6 -0.318258928 -0.0416280398 0.219925516 0 0 0
Ca 6 0.0749142059 -0.175244138 0.222706447 0 0 0
Ca 1 0.270156833 -0.192727662 0.199544304 0 0 0
Ca 4 0.0985507008 -0.21654927 0.210855223 0 0 0
Ca 4 0.0395581575 0.243080043 0.167255938 0 0 0
Ca 8 -0.100095856 -0.0135634391 0.280959844 0 0 0
Ca 8 0.0934790404 0.0815965672 0.21437096 0 0 0
Ca 7 -0.15974751 -0.0109752707 0.138319065 0 0 0
Ca 6 -0.173456038 0.19629804 0.219894871 0 0 0
Ca 1 0.176462993 0.0259217522 0.0551459155 0 0 0
Ca 8 -0.130534489 -0.185941082 0.0595163702 0 0 0
Ca 1 0.0194174259 0.180275789 0.157817436 0 0 0
Ca 1 -0.305481645 0.0753054291 0.141455868 0 0 0
Ca 8 0.00294422198 0.0505487989 0.428228185 0 0 0
Ca 1 -0.101057869 -0.0844415629 0.0779202584 0 0 0
Ca 6 -0.214113229 -0.0839972248 0.0949154117 0 0 0
Ca 6 -0.221097422 -0.165307448 0.132912828 0 0 0
Ca 8 -0.175773755 -0.0141045995 0.162495228 0 0 0
Ca 6 -0.251676384 0.0450141926 0.0515609498 0 0 0
Ca 6 -0.143860723 0.00181643721 0.122568031 0 0 0
Ca 7 -0.0111595326 0.0210285777 0.19390307 0 0 0
Ca 6 -0.156727708 0.0617964253 0.0622684031 0 0 0
Ca 4 -0.151297734 0.00790167796 0.142666119 0 0 0
Ca 6 -0.116012885 -0.0536258703 0.115004531 0 0 0
Ca 6 -0.0716941673 0.0397127872 0.0511138196 0 0 0
Ca 4 -0.122434371 -0.0935006501 0.0868738861 0 0 0
Ca 1 -0.120329343 -0.0186333402 0.0468865698 0 0 0
Ca 7 -0.12743655 -0.000797310851 0.0482554843 0 0 0
VGCC_O 3 0.0772568984 -0.00428239309 0.046693036 -1.41802159e-06 2.82063681e-07 -1
VGCC_O 8 -0.134706799 0.0161271258 0.0466933331 -1.62059677e-06 3.22356891e-07 -1
VGCC_O 9 0.0953603447 -0.018533153 0.0466930096 -1.14792244e-06 -1.24564753e-07 -1
VGCC_O 5 0.113746944 -0.0200409323 0.0466929896 -1.01287282e-06 -1.51427976e-07 -1
VGCC_O 0 0.11238887 -0.0311459409 0.0466929927 -1.01287282e-06 -1.51427976e-07 -1
VGCC_O 4 -0.108229728 0.00324736392 0.0466932869 -8.10297798e-07 1.61178104e-07 -1
VGCC_O 6 -0.12622171 0.0241576588 0.046693322 -1.62059677e-06 3.22356891e-07 -1
TAG 41 -0.105784995 0.0105052503 0.0536665039 -0.333750681 -0.131703993 -0.933415524
TAG 73 0.105323475 -0.00357186878 0.063445091 -0.346545998 0.867982935 -0.355684546
TAG 71 -0.096079873 0.00270213046 0.0564810255 0.74861179 -0.322508554 -0.579282851
TAG 70 -0.118208439 0.00383577013 0.0653592954 -0.735818461 -0.677177107 0.0015353549
TAG 69 -0.119239302 0.00795267007 0.0681959954 -0.999896295 -0.0141984574 0.00240892698
TAG 67 -0.115078276 0.000454692191 0.0742448755 -0.735818461 -0.677177107 0.0015353549
TAG 65 0.119072188 -0.020557456 0.0800936336 0.751399702 -0.322919474 0.575431578
TAG 63 -0.104896891 0.0149528875 0.0527352849 0.329239713 0.132369034 -0.93492227
TAG 62 -0.0995730683 0.0302300905 0.0690462359 0.3213287 0.750213891 -0.577864158
TAG 59 -0.100018848 -0.00188752594 0.0603333581 0.344822933 -0.867729023 -0.35797135
TAG 55 -0.119337383 0.0151637023 0.0699872324 -0.999896295 -0.0141984574 0.00240892698
TAG 54 -0.104785227 0.0261860029 0.076486355 -0.344822968 0.867728888 0.357971643
TAG 53 -0.089146311 -0.000197085518 0.0670554248 0.74861179 -0.322508554 -0.579282851
TAG 52 -0.119278263 0.0119799944 0.0757618237 -0.999896295 -0.0141984574 0.00240892698
TAG 51 -0.102448777 0.00747370566 0.0865367572 -0.329239868 -0.132369105 0.934922205
TAG 45 -0.113699624 0.0170707545 0.0588716642 -0.751399624 0.322919173 -0.575431849
TAG 44 -0.11923843 0.00668793202 0.0611035411 -0.999896295 -0.0141984574 0.00240892698
