CaBS 10 0.109802825 -0.0276290961 0.0528162771 -0.333750671 -0.131704002 -0.933415527
CaBS 11 0.110051245 -0.00565002358 0.0782768707 0.324116486 0.74980293 0.576839726
CaBS 12 0.118512339 -0.0230662946 0.0794167813 0.751399702 -0.322919474 0.575431578
CaBS 13 0.0975025252 -0.0288373037 0.0791287084 -0.321328743 -0.750213836 0.577864204
CaBS 14 0.114729674 -0.0296686151 0.0595287944 0.344822999 -0.867728964 -0.357971429
CaBS 15 0.118667066 -0.0200145796 0.080927293 0.751399702 -0.322919474 0.575431578
CaBS 16 0.121509195 -0.0115078185 0.0690540844 0.735818353 0.677177225 -0.00153536905
CaBS 17 0.106082362 -0.0364294297 0.0718887896 0.34654604 -0.867983022 0.355684293
CaBS 18 0.100906986 -0.0193348812 0.0548267548 -0.333750671 -0.131704002 -0.933415527
CaBS 19 0.122570671 -0.0225542787 0.0738052911 0.999896301 0.01419805 -0.0024089266
CaBS 20 0.0907077521 -0.0170597671 0.0756193355 -0.999896295 -0.0141984568 0.00240892729
CaBS 21 0.107599041 -0.0311262682 0.0817713498 -0.321328743 -0.750213836 0.577864204
CaBS 22 0.0906553074 -0.0140497077 0.0715922003 -0.999896295 -0.0141984568 0.00240892729
CaBS 23 0.0935772821 -0.0280996321 0.0675485042 -0.735818491 -0.677177075 0.00153536998
CaBS 24 0.101135379 -0.00772970938 0.0573791345 -0.346545998 0.867982935 -0.355684546
CaBS 25 -0.096419222 0.00467815015 0.0549423576 0.74861179 -0.322508554 -0.579282851
CaBS 26 -0.101954484 -0.00653058382 0.0697236753 0.344822933 -0.867729023 -0.35797135
CaBS 27 -0.106153028 0.0245429348 0.079151618 -0.344822968 0.867728888 0.357971643
CaBS 28 -0.0875646039 0.0170541377 0.0742842086 0.999896301 0.0141980506 -0.0024089266
CaBS 29 -0.117790062 0.00340308414 0.0750273486 -0.735818461 -0.677177107 0.0015353549
CaBS 31 -0.119202633 0.0198705285 0.0719120078 -0.748611709 0.322508237 0.579283131
CaBS 32 -0.0985236641 -0.0038880598 0.0728351561 0.346545964 -0.867983059 0.355684276
CaBS 34 -0.112106975 -0.001515239 0.0636254083 -0.324116588 -0.749802884 -0.576839729
CaBS 36 -0.104483562 0.00184048929 0.0549800097 -0.324116588 -0.749802884 -0.576839729
CaBS 37 -0.118300094 0.00472731377 0.0589908605 -0.324116588 -0.749802884 -0.576839729
CaBS 38 -0.10773098 -0.00296899476 0.0630562692 -0.324116588 -0.749802884 -0.576839729
CaBS 39 -0.0903579246 0.0143807694 0.057774286 0.329239713 0.132369034 -0.93492227
Ca 7 0.343455596 -0.0502632853 0.200095868 0 0 0
Ca 1 0.00152622301 -0.353268182 0.395483466 0 0 0
Ca 6 -0.040689618 0.182242455 0.600272294 0 0 0
Ca 7 -0.109407508 -0.230638953 0.30240918 0 0 0
Ca 8 0.173639553 -0.129832968 0.688437723 0 0 0
Ca 1 0.389776564 0.0994431029 0.48120197 0 0 0
Ca 6 -0.402299649 -0.135182523 0.117316021 0 0 0
Ca 4 -0.0424804349 0.126657878 0.493144158 0 0 0
Ca 4 -0.273849575 0.22341746 0.389897471 0 0 0
Ca 8 0.422552475 0.0279067039 0.869696954 0 0 0
Ca 6 -0.581122276 -0.176788412 0.556835845 0 0 0
Ca 1 -0.368257253 0.0734245166 0.36683366 0 0 0
Ca 7 0.67414668 0.460757695 0.135130564 0 0 0
Ca 4 0.0531129438 -0.197702049 0.532738356 0 0 0
Ca 8 -0.309272669 0.216123863 0.100579945 0 0 0
Ca 8 -0.0532001468 0.71606889 0.592170759 0 0 0
Ca 1 0.3308689 0.224330909 0.547686682 0 0 0
Ca 7 -0.331448547 0.40677663 0.435149629 0 0 0
Ca 8 -0.261922761 -0.00124198469 0.501740409 0 0 0
Ca 8 -0.125620302 0.600522083 0.208617053 0 0 0
Ca 8 0.305223532 0.454494473 0.0670363147 0 0 0
Ca 1 -0.479072341 0.256843207 0.0488364264 0 0 0
Ca 8 -0.611790914 0.475315093 0.0542207451 0 0 0
Ca 1 0.327978382 0.233982542 0.676670675 0 0 0
Ca 7 -0.242471364 0.201014489 0.438585825 0 0 0
Ca 1 0.182430963 0.233791783 0.705100567 0 0 0
Ca 4 0.163213761 0.312068487 0.0605278793 0 0 0
Ca 7 0.393193238 0.0464161719 0.57591523 0 0 0
Ca 7 -0.033783242 -0.0877807633 0.438260962 0 0 0
Ca 8 0.0940339381 -0.278030337 0.522363081 0 0 0
Ca 1 -0.364064341 -0.0572803112 0.620753602 0 0 0
Ca 6 0.354458715 0.420286593 0.165057018 0 0 0
CaBS_Ca 42 -0.0987161075 0.0246615713 0.062293413 0.3213287 0.750213891 -0.577864158
Ca 8 -0.675212153 0.12669029 0.475669762 0 0 0
Ca 7 0.109736729 0.353474021 0.228956991 0 0 0
Ca 6 -0.0209272203 -0.267073418 0.525668577 0 0 0
Ca 1 -0.445235251 -0.2974954 0.291213315 0 0 0
Ca 1 0.257823728 0.0312939813 0.272184312 0 0 0
Ca 8 -0.272647221 -0.248937505 0.395097084 0 0 0
Ca 7 0.319942239 -0.175561239 0.269156778 0 0 0
Ca 1 0.0796763453 0.384532926 0.209455614 0 0 0
Ca 6 -0.290542317 0.243764428 0.475895463 0 0 0
Ca 8 -0.374637193 -0.612182078 0.57329751 0 0 0
CaBS_Ca 43 -0.107191948 0.0254886496 0.0636032595 -0.34654601 0.867982945 -0.355684509
Ca 6 0.0784969727 0.249121135 0.366493873 0 0 0
Ca 7 -0.413189651 0.169478248 0.118369472 0 0 0
Ca 8 -0.231549179 -0.0995197992 0.193425849 0 0 0
Ca 6 -0.00848093243 0.193032337 0.406665905 0 0 0
Ca 8 -0.184236058 0.56382853 0.335779127 0 0 0
Ca 6 -0.169354695 0.195206833 0.184513671 0 0 0
Ca 7 -0.197204119 0.169598829 0.153888017 0 0 0
Ca 6 -0.228849367 0.276265637 0.501275557 0 0 0
Ca 4 0.0436240258 0.038612262 0.068014755 0 0 0
Ca 4 -0.289331481 -0.453950554 0.345901543 0 0 0
Ca 8 -0.291720612 -0.349379413 0.459865324 0 0 0
Ca 1 0.0709696161 0.0870064077 0.150130447 0 0 0
Ca 1 -0.0343879591 0.187608195 0.603854977 0 0 0
Ca 8 -0.213273678 -0.251207043 0.36981983 0 0 0
Ca 6 -0.311013775 0.170114246 0.169131592 0 0 0
Ca 7 -0.27921634 0.182350226 0.434203089 0 0 0
Ca 1 -0.263719291 0.147923164 0.0708186194 0 0 0
Ca 7 -0.231482291 -0.131168243 0.251612617 0 0 0
Ca 8 -0.0367540256 -0.0306229556 0.37267151 0 0 0
Ca 8 -0.253166183 0.113887956 0.23142947 0 0 0
Ca 8 -0.0928425184 -0.0502806046 0.297990386 0 0 0
Ca 1 -0.251353261 -0.286095482 0.358498995 0 0 0
Ca 6 -0.173079945 0.0137190206 0.26965379 0 0 0
Ca 1 -0.245800621 0.0548575782 0.160589231 0 0 0
Ca 8 -0.455331547 0.183800477 0.0818094857 0 0 0
Ca 7 -0.234425956 -0.0645028283 0.179413553 0 0 0
Ca 7 -0.157683842 0.0423820138 0.101162241 0 0 0
Ca 6 -0.0931625985 0.119080322 0.131230179 0 0 0
Ca 6 -0.245459624 0.0609733758 0.220613928 0 0 0
Ca 4 -0.105783044 0.0536770241 0.0470418261 0 0 0
Ca 1 -0.151772068 0.0159125228 0.0510933441 0 0 0
Ca 7 -0.140275562 0.0344564722 0.0479603542 0 0 0
VGCC_O 2 0.119933892 -0.04777957 0.0466929781 -1.41802115e-06 2.82063236e-07 -1
VGCC_O 7 -0.137449801 0.00579357966 0.0466933342 -1.62059625e-06 3.22356338e-07 -1
VGCC_O 8 -0.134706799 0.0161271258 0.0466933331 -1.62059677e-06 3.22356891e-07 -1
VGCC_O 3 0.0772568984 -0.00428239309 0.046693036 -1.41802159e-06 2.82063681e-07 -1
VGCC_O 9 0.0953603447 -0.018533153 0.0466930096 -1.14792244e-06 -1.24564753e-07 -1
VGCC_O 0 0.11238887 -0.0311459409 0.0466929927 -1.01287282e-06 -1.51427976e-07 -1
VGCC_O 4 -0.108229728 0.00324736392 0.0466932869 -8.10297798e-07 1.61178104e-07 -1
VGCC_O 1 -0.126159285 0.0151063295 0.0466933189 -1.62059625e-06 3.22356338e-07 -1
VGCC_O 5 0.113746944 -0.0200409323 0.0466929896 -1.01287282e-06 -1.51427976e-07 -1
VGCC_O 6 -0.12622171 0.0241576588 0.046693322 -1.62059677e-06 3.22356891e-07 -1
TAG 41 -0.105784995 0.0105052503 0.0536665039 -0.333750681 -0.131703993 -0.933415524
