VGCC_O 1 -0.126159285 0.0151063295 0.0466933189 -1.62059625e-06 3.22356338e-07 -1
VGCC_O 5 0.113746944 -0.0200409323 0.0466929896 -1.01287282e-06 -1.51427976e-07 -1
VGCC_O 3 0.0772568984 -0.00428239309 0.046693036 -1.41802159e-06 2.82063681e-07 -1
VGCC_O 6 -0.12622171 0.0241576588 0.046693322 -1.62059677e-06 3.22356891e-07 -1
CaBS 10 0.122546208 -0.0219875825 0.0669915348 0.999896301 0.01419805 -0.0024089266
CaBS 11 0.105751742 -0.0273719286 0.0852169992 -0.329239867 -0.132369096 0.934922207
CaBS 13 0.122476001 -0.0157519288 0.0746023985 0.999896301 0.01419805 -0.0024089266
CaBS 14 0.0906612894 -0.014291831 0.0726481077 -0.999896295 -0.0141984568 0.00240892729
CaBS 15 0.11428259 -0.0044159258 0.0651585217 0.321328636 0.750213906 -0.577864173
CaBS 16 0.106621548 -0.00249507311 0.0648080915 -0.346545998 0.867982935 -0.355684546
CaBS 17 0.11538855 -0.00673113755 0.0766832109 0.324116486 0.74980293 0.576839726
CaBS 18 0.105383901 -0.0064867736 0.0819870184 0.324116486 0.74980293 0.576839726
CaBS 19 0.12048606 -0.0232605623 0.0627185208 0.748611785 -0.322508546 -0.579282861
CaBS 20 0.0996108291 -0.00340138866 0.0700880884 -0.344822968 0.867728907 0.357971598
CaBS 21 0.116174332 -0.005704302 0.0719974081 0.735818353 0.677177225 -0.00153536905
CaBS 22 0.0971915417 -0.00844960349 0.060221843 -0.751399618 0.322919164 -0.575431861
CaBS 23 0.116316387 -0.0229519456 0.0823484294 0.751399702 -0.322919474 0.575431578
CaBS 24 0.0955800932 -0.0302727294 0.0689382609 -0.735818491 -0.677177075 0.00153536998
Ca 8 -0.150728932 -0.360558136 0.83804848 0 0 0
Ca 4 -0.263938829 -0.213257882 0.986991724 0 0 0
Ca 7 0.0988278455 0.359038694 0.568247926 0 0 0
Ca 7 0.357979813 0.182045057 0.619331097 0 0 0
Ca 4 -0.127255476 -0.10689616 0.252931209 0 0 0
Ca 1 0.165652398 0.105538886 0.147266102 0 0 0
Ca 1 0.224669071 0.377073431 0.576817038 0 0 0
Ca 7 -0.342969582 -0.119448189 0.453669006 0 0 0
Ca 6 0.465714846 0.552140727 0.178835859 0 0 0
Ca 4 -0.156653184 -0.25245516 0.36204848 0 0 0
Ca 6 -0.00899854599 0.603355195 0.604294601 0 0 0
Ca 7 -0.404697921 -0.517946757 0.274040656 0 0 0
Ca 4 0.0149207688 0.533561207 0.521619914 0 0 0
Ca 7 0.014864731 0.333295136 0.232487074 0 0 0
Ca 7 -0.33941609 0.211120659 0.521306407 0 0 0
Ca 7 -0.479561115 -0.436202554 0.211511719 0 0 0
Ca 7 -0.234058965 0.335767128 0.285272588 0 0 0
Ca 8 -0.433462386 -0.132716749 0.464336992 0 0 0
Ca 8 -0.194129528 -0.137979056 0.0754207371 0 0 0
Ca 4 -0.160835121 0.0467643826 0.460693288 0 0 0
Ca 7 -0.240869804 0.173809503 0.105423031 0 0 0
Ca 4 0.394136581 0.633561672 0.363708509 0 0 0
Ca 1 -0.272670505 -0.155255752 0.676915241 0 0 0
Ca 4 0.503216291 -0.0684357474 0.436098539 0 0 0
Ca 4 0.136033299 0.0784625385 0.587074856 0 0 0
Ca 1 -0.283352871 0.316032763 0.255423168 0 0 0
Ca 6 -0.655207623 0.039570976 0.230846415 0 0 0
Ca 8 0.217788833 0.356531673 0.446269054 0 0 0
Ca 1 -0.111842376 0.0675991972 0.530921302 0 0 0
Ca 1 -0.612144943 0.486788998 0.146288198 0 0 0
Ca 7 -0.24173664 -0.446382624 0.235783407 0 0 0
Ca 8 0.580187378 0.176171638 0.131326837 0 0 0
Ca 1 -0.262753081 -0.0834667065 0.0867265563 0 0 0
Ca 1 0.021275837 0.0207227013 0.174413576 0 0 0
Ca 8 0.0161253453 -0.0481193029 0.0541918632 0 0 0
Ca 6 0.562308766 0.125313892 0.145313965 0 0 0
Ca 1 0.0533848798 -0.0717927774 0.216632847 0 0 0
Ca 8 -0.161514311 0.281182601 0.266110143 0 0 0
Ca 8 -0.12951892 0.465962573 0.0988102125 0 0 0
Ca 7 0.219763033 -0.0678582 0.272650939 0 0 0
Ca 8 0.269803023 0.0719530943 0.370147294 0 0 0
Ca 8 0.0574160912 0.35211335 0.330864791 0 0 0
Ca 8 0.102785871 -0.128904665 0.202701214 0 0 0
Ca 8 -0.402831367 0.128626594 0.218805691 0 0 0
Ca 4 -0.147096403 0.0868979545 0.252831061 0 0 0
Ca 4 -0.41569967 0.237498478 0.569771375 0 0 0
Ca 6 -0.192382787 -0.062803527 0.895678342 0 0 0
Ca 1 0.0976151735 -0.405536978 0.303780541 0 0 0
Ca 1 -0.355504549 -0.127211868 0.250360481 0 0 0
Ca 4 0.0538569219 0.0413860777 0.457345969 0 0 0
Ca 6 0.0510561022 0.0755195437 0.183496238 0 0 0
Ca 7 -0.0629255058 -0.012733498 0.584242801 0 0 0
Ca 6 0.280489852 0.689898824 0.327397468 0 0 0
Ca 6 -0.476815825 -0.0937843284 0.194916148 0 0 0
Ca 6 -0.183974473 0.038620531 0.253871135 0 0 0
Ca 1 -0.302320053 -0.0572101079 0.466192306 0 0 0
Ca 8 0.0825250839 0.105319318 0.0785561188 0 0 0
Ca 7 -0.422007328 0.0879500179 0.276253865 0 0 0
Ca 8 -0.180777174 0.269778372 0.390440123 0 0 0
Ca 8 -0.245686751 0.244098302 0.21717429 0 0 0
Ca 4 0.0718749387 -0.114273709 0.456334979 0 0 0
Ca 1 -0.783200552 0.0588801015 0.111455793 0 0 0
Ca 6 0.131866267 0.102366033 0.274737355 0 0 0
Ca 7 -0.337506412 -0.189440315 0.271716523 0 0 0
Ca 6 -0.112735963 -0.114189302 0.158896053 0 0 0
Ca 4 -0.154835613 -0.00594960766 0.192286147 0 0 0
Ca 7 0.025472112 0.138585245 0.295254796 0 0 0
Ca 1 0.000467180129 0.169159373 0.15604803 0 0 0
Ca 2 0.206679198 0.0738513378 0.161810661 0 0 0
Ca 8 -0.367894111 0.285003109 0.131710764 0 0 0
Ca 6 0.0169453638 -0.0205462977 0.241198165 0 0 0
Ca 2 0.15598969 -0.0919862446 0.120169094 0 0 0
Ca 8 -0.211542532 -0.157312956 0.263351888 0 0 0
Ca 4 0.0416861523 0.115213746 0.199507055 0 0 0
Ca 6 -0.124051198 -0.052391626 0.145216943 0 0 0
Ca 8 -0.293089473 0.114872342 0.105174686 0 0 0
Ca 8 -0.104323213 -0.0400920923 0.107840138 0 0 0
Ca 4 -0.0515931897 -0.0445124793 0.0615911985 0 0 0
Ca 4 -0.140868924 -0.0043973629 0.0623942566 0 0 0
Ca 6 -0.166792876 0.01528341 0.0602718931 0 0 0
VGCC_O 7 -0.137449801 0.00579357966 0.0466933342 -1.62059625e-06 3.22356338e-07 -1
VGCC_O 0 0.11238887 -0.0311459409 0.0466929927 -1.01287282e-06 -1.51427976e-07 -1
VGCC_O 4 -0.108229728 0.00324736392 0.0466932869 -8.10297798e-07 1.61178104e-07 -1
VGCC_O 2 0.119933892 -0.04777957 0.0466929781 -1.41802115e-06 2.82063236e-07 -1
VGCC_O 9 0.0953603447 -0.018533153 0.0466930096 -1.14792244e-06 -1.24564753e-07 -1
VGCC_O 8 -0.134706799 0.0161271258 0.0466933331 -1.62059677e-06 3.22356891e-07 -1
TAG 41 -0.105784995 0.0105052503 0.0536665039 -0.333750681 -0.131703993 -0.933415524
TAG 71 -0.096079873 0.00270213046 0.0564810255 0.74861179 -0.322508554 -0.579282851
TAG 70 -0.118208439 0.00383577013 0.0653592954 -0.735818461 -0.677177107 0.0015353549
TAG 69 -0.119239302 0.00795267007 0.0681959954 -0.999896295 -0.0141984574 0.00240892698
TAG 67 -0.115078276 0.000454692191 0.0742448755 -0.735818461 -0.677177107 0.0015353549
TAG 65 0.119072188 -0.020557456 0.0800936336 0.751399702 -0.322919474 0.575431578
TAG 63 -0.104896891 0.0149528875 0.0527352849 0.329239713 0.132369034 -0.93492227
TAG 62 -0.0995730683 0.0302300905 0.0690462359 0.3213287 0.750213891 -0.577864158
TAG 59 -0.100018848 -0.00188752594 0.0603333581 0.344822933 -0.867729023 -0.35797135
TAG 55 -0.119337383 0.0151637023 0.0699872324 -0.999896295 -0.0141984574 0.00240892698
TAG 54 -0.104785227 0.0261860029 0.076486355 -0.344822968 0.867728888 0.357971643
TAG 53 -0.089146311 -0.000197085518 0.0670554248 0.74861179 -0.322508554 -0.579282851
TAG 52 -0.119278263 0.0119799944 0.0757618237 -0.999896295 -0.0141984574 0.00240892698
TAG 51 -0.102448777 0.00747370566 0.0865367572 -0.329239868 -0.132369105 0.934922205
TAG 45 -0.113699624 0.0170707545 0.0588716642 -0.751399624 0.322919173 -0.575431849
TAG 44 -0.11923843 0.00668793202 0.0611035411 -0.999896295 -0.0141984574 0.00240892698
