VGCC_O 2 0.119933892 -0.04777957 0.0466929781 -1.41802115e-06 2.82063236e-07 -1
CaBS 10 0.104474115 -0.0299086893 0.0816144201 -0.321328743 -0.750213836 0.577864204
CaBS 11 0.111127286 -0.0313580335 0.0601539031 0.344822999 -0.867728964 -0.357971429
CaBS 13 0.119325644 -0.010278416 0.0603517793 0.321328636 0.750213906 -0.577864173
CaBS 14 0.118086552 -0.0222155777 0.0590358357 0.748611785 -0.322508546 -0.579282861
CaBS 15 0.0919647893 -0.00924283186 0.066601801 -0.751399618 0.322919164 -0.575431861
CaBS 16 0.0944841395 -0.0181783199 0.0811575496 -0.748611723 0.322508223 0.579283121
CaBS 17 0.106678242 -0.0348439589 0.0643182178 0.344822999 -0.867728964 -0.357971429
CaBS 19 0.122560296 -0.0223931298 0.0704486835 0.999896301 0.01419805 -0.0024089266
CaBS 20 0.0923181157 -0.0267165225 0.0741216168 -0.735818491 -0.677177075 0.00153536998
CaBS 21 0.0929934442 -0.0274561134 0.0715718733 -0.735818491 -0.677177075 0.00153536998
CaBS 22 0.110289944 -0.0201880553 0.0856453353 0.333750516 0.131703927 0.933415593
CaBS 23 0.0907704483 -0.0216543485 0.0745623401 -0.999896295 -0.0141984568 0.00240892729
CaBS 24 0.118750465 -0.0275702934 0.0765782905 0.751399702 -0.322919474 0.575431578
Ca 4 0.447429152 0.263784945 0.211078547 0 0 0
Ca 8 0.266154319 -0.187101447 0.361242979 0 0 0
Ca 6 0.125315048 0.400953721 0.381703617 0 0 0
Ca 1 -0.0158824282 0.273579553 0.950795637 0 0 0
Ca 8 0.121252564 0.138636216 0.36509183 0 0 0
Ca 8 -0.62381319 0.237952942 0.592017623 0 0 0
Ca 6 0.2716299 -0.0126208589 0.787247366 0 0 0
Ca 8 -0.460773502 0.123918269 0.0633395461 0 0 0
Ca 8 -0.062800528 0.455958678 0.0952713941 0 0 0
Ca 6 -0.284811675 -0.175482596 0.605298546 0 0 0
Ca 8 0.437147486 0.2510361 0.636177551 0 0 0
Ca 6 0.362023561 -0.157248734 0.664946836 0 0 0
Ca 8 -0.11921446 0.309499345 0.369813618 0 0 0
Ca 8 0.397979114 -0.35571181 0.134323109 0 0 0
Ca 4 -0.0380688777 -0.00653659201 0.204590094 0 0 0
Ca 1 0.433678841 0.134121098 0.379431888 0 0 0
Ca 1 0.125348802 -0.478489957 0.250133728 0 0 0
Ca 6 0.255525296 -0.125663391 0.664285593 0 0 0
Ca 8 -0.363443287 -0.558180489 0.65838487 0 0 0
Ca 4 0.171170291 -0.231566135 0.283512599 0 0 0
Ca 1 -0.00336386633 0.197034851 0.0858069542 0 0 0
Ca 7 0.566957529 0.408277469 0.276637491 0 0 0
Ca 1 -0.350780194 -0.236818353 0.355889967 0 0 0
Ca 6 -0.107212522 -0.179255633 0.355178207 0 0 0
Ca 7 0.170926048 -0.011283847 0.777810712 0 0 0
Ca 7 0.0974290795 0.334949649 0.660990344 0 0 0
Ca 7 -0.32801655 0.115725226 0.882876584 0 0 0
Ca 6 0.39028849 0.35019503 0.359225994 0 0 0
Ca 8 -0.316903169 -0.0542217416 0.508477507 0 0 0
Ca 7 0.0813087086 0.323358595 0.645618649 0 0 0
Ca 8 -0.326058709 -0.0372627733 0.44028595 0 0 0
Ca 7 0.274971694 0.324702526 0.28504633 0 0 0
Ca 1 -0.33554616 0.356387431 0.734455552 0 0 0
Ca 4 0.0244044446 0.609269747 0.246379956 0 0 0
Ca 8 0.397650494 0.301622864 0.762930527 0 0 0
Ca 7 -0.527988402 -0.172233655 0.409926749 0 0 0
Ca 7 -0.78778925 0.00748782482 0.220885396 0 0 0
Ca 1 -0.077644495 0.440381274 0.390687196 0 0 0
Ca 7 0.24966252 -0.135906296 0.530645918 0 0 0
Ca 6 -0.290441488 0.361421849 0.11323905 0 0 0
Ca 4 -0.0598752387 -0.140266382 0.346649799 0 0 0
Ca 1 -0.141788165 -0.396120753 0.268647343 0 0 0
Ca 6 -0.306384004 -0.13800235 0.0843420124 0 0 0
Ca 1 0.176949187 0.0522189201 0.0826812749 0 0 0
Ca 6 -0.0382856944 -0.178450292 0.184894946 0 0 0
Ca 6 0.175196438 0.460959578 0.146535816 0 0 0
Ca 6 -0.198617156 -0.182952809 0.133987327 0 0 0
Ca 8 -0.107030657 0.311352423 0.215579924 0 0 0
Ca 6 -0.440992339 0.186028076 0.0949222214 0 0 0
Ca 1 -0.304060584 -0.0739201954 0.147689905 0 0 0
Ca 1 0.0139860713 0.0643987555 0.311874107 0 0 0
Ca 4 -0.0846998829 -0.114323838 0.152640526 0 0 0
Ca 8 0.0395992494 0.0777321743 0.374699049 0 0 0
Ca 1 -0.487196609 -0.137319718 0.178603024 0 0 0
Ca 3 0.164632454 -0.266921568 0.206702617 0 0 0
Ca 7 0.0539226889 -0.0927399976 0.230419662 0 0 0
Ca 1 -0.042102219 0.160817324 0.192971937 0 0 0
Ca 7 -0.0598112198 0.0761786698 0.140337033 0 0 0
Ca 1 -0.0945351644 0.038165967 0.159059827 0 0 0
Ca 4 -0.0133592245 0.00367195905 0.0935963387 0 0 0
Ca 7 -0.320049085 0.0628611113 0.151090857 0 0 0
Ca 6 -0.536565993 0.0190499589 0.0873349357 0 0 0
Ca 8 -0.139876025 -0.0897942246 0.0927426225 0 0 0
Ca 1 -0.237783395 -0.0916941999 0.181995091 0 0 0
Ca 8 -0.242572575 -0.154095957 0.0936743499 0 0 0
Ca 6 0.0267133867 0.103660975 0.119073163 0 0 0
Ca 1 0.0426127332 0.076790811 0.150105326 0 0 0
Ca 8 -0.287555367 -0.00661694055 0.0864953409 0 0 0
Ca 4 -0.140761282 0.0870502157 0.102773192 0 0 0
Ca 4 -0.131261741 0.0363886058 0.0466669404 0 0 0
VGCC_O 6 -0.12622171 0.0241576588 0.046693322 -1.62059677e-06 3.22356891e-07 -1
VGCC_O 0 0.11238887 -0.0311459409 0.0466929927 -1.01287282e-06 -1.51427976e-07 -1
VGCC_O 8 -0.134706799 0.0161271258 0.0466933331 -1.62059677e-06 3.22356891e-07 -1
VGCC_O 4 -0.108229728 0.00324736392 0.0466932869 -8.10297798e-07 1.61178104e-07 -1
VGCC_O 5 0.113746944 -0.0200409323 0.0466929896 -1.01287282e-06 -1.51427976e-07 -1
VGCC_O 9 0.0953603447 -0.018533153 0.0466930096 -1.14792244e-06 -1.24564753e-07 -1
VGCC_O 7 -0.137449801 0.00579357966 0.0466933342 -1.62059625e-06 3.22356338e-07 -1
VGCC_O 3 0.0772568984 -0.00428239309 0.046693036 -1.41802159e-06 2.82063681e-07 -1
VGCC_O 1 -0.126159285 0.0151063295 0.0466933189 -1.62059625e-06 3.22356338e-07 -1
TAG 41 -0.105784995 0.0105052503 0.0536665039 -0.333750681 -0.131703993 -0.933415524
TAG 73 0.105323475 -0.00357186878 0.063445091 -0.346545998 0.867982935 -0.355684546
TAG 71 -0.096079873 0.00270213046 0.0564810255 0.74861179 -0.322508554 -0.579282851
TAG 70 -0.118208439 0.00383577013 0.0653592954 -0.735818461 -0.677177107 0.0015353549
TAG 69 -0.119239302 0.00795267007 0.0681959954 -0.999896295 -0.0141984574 0.00240892698
TAG 67 -0.115078276 0.000454692191 0.0742448755 -0.735818461 -0.677177107 0.0015353549
TAG 65 0.119072188 -0.020557456 0.0800936336 0.751399702 -0.322919474 0.575431578
TAG 63 -0.104896891 0.0149528875 0.0527352849 0.329239713 0.132369034 -0.93492227
TAG 62 -0.0995730683 0.0302300905 0.0690462359 0.3213287 0.750213891 -0.577864158
TAG 59 -0.100018848 -0.00188752594 0.0603333581 0.344822933 -0.867729023 -0.35797135
TAG 55 -0.119337383 0.0151637023 0.0699872324 -0.999896295 -0.0141984574 0.00240892698
TAG 54 -0.104785227 0.0261860029 0.076486355 -0.344822968 0.867728888 0.357971643
TAG 53 -0.089146311 -0.000197085518 0.0670554248 0.74861179 -0.322508554 -0.579282851
TAG 52 -0.119278263 0.0119799944 0.0757618237 -0.999896295 -0.0141984574 0.00240892698
TAG 51 -0.102448777 0.00747370566 0.0865367572 -0.329239868 -0.132369105 0.934922205
TAG 45 -0.113699624 0.0170707545 0.0588716642 -0.751399624 0.322919173 -0.575431849
TAG 44 -0.11923843 0.00668793202 0.0611035411 -0.999896295 -0.0141984574 0.00240892698
