VGCC_O 8 -0.134706799 0.0161271258 0.0466933331 -1.62059677e-06 3.22356891e-07 -1
VGCC_O 2 0.119933892 -0.04777957 0.0466929781 -1.41802115e-06 2.82063236e-07 -1
CaBS 10 0.094978103 -0.0166179301 0.0585282762 -0.751399618 0.322919164 -0.575431861
CaBS 11 0.122504501 -0.0193172167 0.06541865 0.999896301 0.01419805 -0.0024089266
CaBS 13 0.114985326 -0.0119959487 0.0566473745 0.329239702 0.132369043 -0.934922272
CaBS 14 0.1118302 -0.0295672241 0.0830345938 0.34654604 -0.867983022 0.355684293
CaBS 15 0.100116087 -0.0326351541 0.0756514428 -0.321328743 -0.750213836 0.577864204
CaBS 16 0.121345092 -0.0233582721 0.0755539146 0.751399702 -0.322919474 0.575431578
CaBS 17 0.100308833 -0.0146099438 0.0851071182 -0.329239867 -0.132369096 0.934922207
CaBS 18 0.0997859662 -0.00401401528 0.0717418094 -0.344822968 0.867728907 0.357971598
CaBS 19 0.122458148 -0.0144990128 0.0745765248 0.999896301 0.01419805 -0.0024089266
CaBS 20 0.120926205 -0.0108727238 0.0697682905 0.735818353 0.677177225 -0.00153536905
CaBS 21 0.0999047901 -0.0171686518 0.0548794456 -0.333750671 -0.131704002 -0.933415527
CaBS 22 0.100559253 -0.027819791 0.0573237826 -0.324116536 -0.749802846 -0.576839807
CaBS 23 0.0949420905 -0.0242172153 0.0576484464 -0.333750671 -0.131704002 -0.933415527
CaBS 24 0.115600097 -0.0203201065 0.0837652782 0.333750516 0.131703927 0.933415593
CaBS 25 -0.0923864208 -0.000278445847 0.0637850045 0.344822933 -0.867729023 -0.35797135
CaBS 38 -0.0974464045 0.0282291259 0.0716190601 0.735818381 0.677177195 -0.00153536913
CaBS_Ca 56 0.0984964721 -0.0277749129 0.0584244898 -0.324116536 -0.749802846 -0.576839807
CaBS_Ca 57 -0.108943142 0.0214738088 0.083903597 -0.344822968 0.867728888 0.357971643
Ca 8 -0.292573475 0.0376381497 0.269534102 0 0 0
Ca 1 0.192897713 0.412989177 0.369119224 0 0 0
Ca 4 0.317371745 0.0422902989 0.14890203 0 0 0
CaBS_Ca 64 -0.116690233 0.00220672035 0.0744573321 -0.735818461 -0.677177107 0.0015353549
Ca 1 -0.607046979 0.120485793 0.466011777 0 0 0
Ca 8 0.280760993 -0.419046111 0.311382899 0 0 0
Ca 7 0.330617738 0.420486342 0.136878158 0 0 0
Ca 4 -0.471053449 -0.0577827703 0.810284392 0 0 0
Ca 6 -0.520567343 -0.0854529595 0.143554959 0 0 0
Ca 7 0.342130767 0.0313491616 0.395491672 0 0 0
Ca 1 0.599348107 -0.107527808 0.258879013 0 0 0
Ca 8 0.137361713 0.376235749 0.385689727 0 0 0
Ca 8 0.371671244 0.46146572 0.134437675 0 0 0
Ca 6 0.232716426 0.075962242 0.682143958 0 0 0
Ca 4 -0.251407996 -0.111373526 0.665034037 0 0 0
Ca 7 -0.316541768 -0.149165406 0.490211972 0 0 0
Ca 4 0.147465164 0.424306392 0.189760128 0 0 0
Ca 6 -0.174731682 0.422387793 0.433678918 0 0 0
Ca 6 -0.663922884 0.313605115 0.279993087 0 0 0
Ca 6 0.57496084 0.218655755 0.431235995 0 0 0
Ca 4 -0.40214018 -0.21556411 0.433295336 0 0 0
Ca 7 -0.354919765 -0.198518995 0.722930271 0 0 0
Ca 6 -0.625427715 -0.196863792 0.753272281 0 0 0
Ca 8 -0.492621635 0.181895523 0.304888428 0 0 0
Ca 6 -0.5861537 0.113641472 0.663876422 0 0 0
Ca 8 -0.383370001 -0.277927246 0.435048402 0 0 0
Ca 4 -0.393525778 0.265128115 0.303230308 0 0 0
Ca 1 -0.595060337 -0.0552291093 0.678524142 0 0 0
Ca 1 -0.46635253 0.293397095 0.154067735 0 0 0
Ca 8 0.338268323 -0.271101673 0.459810818 0 0 0
Ca 6 -0.532619724 -0.0351595589 0.220856876 0 0 0
Ca 1 0.0127758208 -0.280752392 0.585334791 0 0 0
Ca 7 0.325700361 0.407533278 0.524396395 0 0 0
Ca 7 -0.162381055 -0.33552765 0.150177255 0 0 0
Ca 1 -0.30732612 0.130123269 0.220194521 0 0 0
Ca 7 -0.464036814 0.098267533 0.0633356457 0 0 0
Ca 8 0.170839767 -0.113651765 0.202476327 0 0 0
Ca 8 0.127829127 0.214401214 0.206310554 0 0 0
Ca 1 -0.116008287 0.260819272 0.524388342 0 0 0
Ca 1 -0.0602131548 -0.0549150626 0.444507513 0 0 0
Ca 8 -0.00848548944 -0.0294154047 0.777791927 0 0 0
Ca 8 0.00715011517 0.137357489 0.26223478 0 0 0
Ca 6 -0.585444294 0.210318337 0.07106111 0 0 0
Ca 6 -0.23343512 0.0708802534 0.646797585 0 0 0
Ca 1 -0.276529645 -0.11376179 0.182764301 0 0 0
Ca 6 0.00323361907 -0.253444261 0.504320585 0 0 0
Ca 6 0.0983830232 -0.118498694 0.110326563 0 0 0
Ca 8 -0.164137891 0.266037173 0.368617836 0 0 0
Ca 6 0.123087395 -0.173668147 0.214927256 0 0 0
Ca 4 -0.596236081 0.364800298 0.0799747122 0 0 0
Ca 8 0.502861655 -0.153720814 0.546097147 0 0 0
Ca 6 -0.146033897 0.227637205 0.530184455 0 0 0
Ca 8 -0.239712103 0.232346236 0.511456301 0 0 0
Ca 1 -0.49519781 -0.408879009 0.561734149 0 0 0
Ca 8 -0.310646302 0.00405245131 0.320320116 0 0 0
Ca 7 0.0782637949 0.10851434 0.161639683 0 0 0
Ca 6 -0.412149589 -0.139612899 0.463653227 0 0 0
Ca 1 -0.148959478 0.0994589759 0.0890542978 0 0 0
Ca 6 -0.380604548 -0.181011157 0.15803249 0 0 0
Ca 7 -0.403479374 -0.496453623 0.175010323 0 0 0
Ca 1 -0.088870951 -0.0327540533 0.0885029358 0 0 0
Ca 6 -0.0124720286 -0.00133799064 0.218340706 0 0 0
Ca 7 -0.605416167 0.0905080818 0.340758327 0 0 0
Ca 8 -0.0834441498 0.0629218114 0.0976579515 0 0 0
Ca 7 -0.0381835253 0.0873572671 0.310860319 0 0 0
Ca 8 -0.175151938 -0.00765526883 0.0633338219 0 0 0
Ca 7 -0.204806336 -0.0729196075 0.11857853 0 0 0
Ca 7 -0.0657367943 0.0833401401 0.0901730195 0 0 0
Ca 6 -0.0696152747 0.0949677987 0.0750293518 0 0 0
Ca 1 -0.156687311 0.0618981238 0.167278337 0 0 0
Ca 8 -0.0779789822 0.0795339412 0.209555435 0 0 0
Ca 7 -0.198973268 0.135455942 0.221381583 0 0 0
Ca 7 -0.153324687 0.0858280779 0.124036487 0 0 0
Ca 1 -0.0581337959 -0.0193030611 0.187265698 0 0 0
Ca 8 -0.0893822498 0.0642993852 0.132550898 0 0 0
Ca 1 -0.095125706 0.0823140983 0.0641340925 0 0 0
Ca 4 -0.132942327 0.086302302 0.0597657898 0 0 0
Ca 7 -0.133632032 0.0867324035 0.0836802251 0 0 0
Ca 1 -0.0499222305 0.0251326292 0.0531399425 0 0 0
Ca 6 -0.130413068 0.0281907439 0.0466309554 0 0 0
Ca 4 -0.104813375 0.0287176123 0.0466487315 0 0 0
Ca 6 -0.145960717 0.0433526529 0.0654985176 0 0 0
VGCC_O 0 0.11238887 -0.0311459409 0.0466929927 -1.01287282e-06 -1.51427976e-07 -1
VGCC_O 9 0.0953603447 -0.018533153 0.0466930096 -1.14792244e-06 -1.24564753e-07 -1
VGCC_O 1 -0.126159285 0.0151063295 0.0466933189 -1.62059625e-06 3.22356338e-07 -1
VGCC_O 3 0.0772568984 -0.00428239309 0.046693036 -1.41802159e-06 2.82063681e-07 -1
VGCC_O 4 -0.108229728 0.00324736392 0.0466932869 -8.10297798e-07 1.61178104e-07 -1
VGCC_O 6 -0.12622171 0.0241576588 0.046693322 -1.62059677e-06 3.22356891e-07 -1
VGCC_O 5 0.113746944 -0.0200409323 0.0466929896 -1.01287282e-06 -1.51427976e-07 -1
VGCC_O 7 -0.137449801 0.00579357966 0.0466933342 -1.62059625e-06 3.22356338e-07 -1
TAG 41 -0.105784995 0.0105052503 0.0536665039 -0.333750681 -0.131703993 -0.933415524
TAG 63 -0.104896891 0.0149528875 0.0527352849 0.329239713 0.132369034 -0.93492227
TAG 62 -0.0995730683 0.0302300905 0.0690462359 0.3213287 0.750213891 -0.577864158
TAG 59 -0.100018848 -0.00188752594 0.0603333581 0.344822933 -0.867729023 -0.35797135
TAG 55 -0.119337383 0.0151637023 0.0699872324 -0.999896295 -0.0141984574 0.00240892698
TAG 54 -0.104785227 0.0261860029 0.076486355 -0.344822968 0.867728888 0.357971643
TAG 53 -0.089146311 -0.000197085518 0.0670554248 0.74861179 -0.322508554 -0.579282851
TAG 52 -0.119278263 0.0119799944 0.0757618237 -0.999896295 -0.0141984574 0.00240892698
TAG 51 -0.102448777 0.00747370566 0.0865367572 -0.329239868 -0.132369105 0.934922205
TAG 45 -0.113699624 0.0170707545 0.0588716642 -0.751399624 0.322919173 -0.575431849
TAG 44 -0.11923843 0.00668793202 0.0611035411 -0.999896295 -0.0141984574 0.00240892698
