VGCC_O 2 0.119933892 -0.04777957 0.0466929781 -1.41802115e-06 2.82063236e-07 -1
VGCC_O 8 -0.134706799 0.0161271258 0.0466933331 -1.62059677e-06 3.22356891e-07 -1
VGCC_O 9 0.0953603447 -0.018533153 0.0466930096 -1.14792244e-06 -1.24564753e-07 -1
CaBS 10 0.108996143 -0.00868981618 0.0828209771 0.324116486 0.74980293 0.576839726
CaBS 11 0.109464224 -0.0323739233 0.0784905429 0.34654604 -0.867983022 0.355684293
CaBS 13 0.0908984939 -0.0251978461 0.0635892469 -0.735818491 -0.677177075 0.00153536998
CaBS 14 0.106886206 -0.0027242211 0.0754547687 -0.344822968 0.867728907 0.357971598
CaBS 15 0.122418533 -0.013788881 0.0623184824 0.999896301 0.01419805 -0.0024089266
CaBS 16 0.0934758941 -0.0279697148 0.0762590055 -0.735818491 -0.677177075 0.00153536998
CaBS 17 0.116110217 -0.0224533969 0.082897421 0.751399702 -0.322919474 0.575431578
CaBS 18 0.090817951 -0.0248234372 0.0756008105 -0.999896295 -0.0141984568 0.00240892729
CaBS 19 0.115524969 -0.031258531 0.075307423 0.34654604 -0.867983022 0.355684293
CaBS 20 0.0999873727 -0.00643930187 0.0616466487 -0.346545998 0.867982935 -0.355684546
CaBS 21 0.122513766 -0.0195766394 0.0677353855 0.999896301 0.01419805 -0.0024089266
CaBS 22 0.104057359 -0.0145380853 0.053023489 -0.333750671 -0.131704002 -0.933415527
CaBS 23 0.108046945 -0.000405020144 0.0685197081 -0.346545998 0.867982935 -0.355684546
CaBS 24 0.0907041408 -0.0187311866 0.0642688414 -0.999896295 -0.0141984568 0.00240892729
CaBS 25 -0.10022788 -0.00384883525 0.0648862533 0.344822933 -0.867729023 -0.35797135
CaBS 38 -0.109664143 0.0262693715 0.0715845604 -0.344822968 0.867728888 0.357971643
CaBS_Ca 56 0.111031237 -0.018462257 0.0543393944 0.329239702 0.132369043 -0.934922272
CaBS_Ca 57 -0.107324704 -0.0013877754 0.0786939323 -0.321328736 -0.750213873 0.57786416
Ca 7 -0.493674183 0.150951991 0.12339299 0 0 0
Ca 3 0.603548497 -0.273613515 0.528105591 0 0 0
Ca 6 -0.250814228 0.526502026 0.533651806 0 0 0
Ca 6 -0.0239681645 0.428432752 0.505157996 0 0 0
Ca 1 0.566342174 0.1999659 0.480406351 0 0 0
Ca 8 -0.0678220303 0.109428455 0.580358226 0 0 0
Ca 4 0.063409748 -0.21271726 0.512082028 0 0 0
Ca 8 -0.0545750914 0.37994934 0.715315831 0 0 0
Ca 6 0.492460409 -0.166755631 0.346853664 0 0 0
Ca 1 0.290137824 0.0456419486 0.94841237 0 0 0
Ca 1 -0.106044616 0.253562129 0.437145858 0 0 0
Ca 6 -0.272625392 0.313362174 0.787192164 0 0 0
Ca 4 -0.295279583 0.310370085 0.520291557 0 0 0
Ca 6 -0.25017837 -0.239397431 0.278011323 0 0 0
Ca 8 0.259465025 0.141471263 0.0852574777 0 0 0
Ca 7 0.150549694 0.090995085 0.341602408 0 0 0
Ca 8 -0.60220164 0.170004017 0.501514946 0 0 0
Ca 4 -0.272451974 0.187354048 0.624188237 0 0 0
Ca 8 -0.146436934 0.273495095 0.643759648 0 0 0
Ca 1 0.338521288 0.107037795 0.905752583 0 0 0
Ca 1 0.104234203 -0.165603032 0.587537472 0 0 0
Ca 1 -0.0337672695 0.136141539 0.144453074 0 0 0
Ca 1 -0.0903028681 -0.54259207 0.166370589 0 0 0
Ca 4 0.0325356483 0.255386232 0.872151161 0 0 0
Ca 1 -0.0273730869 0.214112501 0.991176018 0 0 0
Ca 1 -0.464690152 0.280126297 0.155173549 0 0 0
Ca 8 -0.367508775 -0.204129531 0.282787911 0 0 0
Ca 1 0.427074352 -0.402497508 0.437621265 0 0 0
Ca 1 -0.261413992 -0.502726782 0.446285511 0 0 0
Ca 1 0.32443107 0.460383205 0.431304162 0 0 0
Ca 8 -0.590486276 0.265001562 0.089772979 0 0 0
Ca 7 0.228628054 0.166320174 0.41580227 0 0 0
Ca 1 0.137280968 0.0665624871 0.541241379 0 0 0
Ca 8 0.16021838 0.153063485 0.570424258 0 0 0
Ca 4 0.0521998818 0.151699068 0.414296736 0 0 0
Ca 6 -0.496724707 -0.451865583 0.484402254 0 0 0
Ca 6 -0.485854909 -0.282566572 0.342893102 0 0 0
Ca 7 -0.32561399 -0.571079929 0.376816176 0 0 0
Ca 7 0.222347063 -0.0750584933 0.146177805 0 0 0
Ca 7 -0.668453863 0.512882964 0.211504093 0 0 0
Ca 6 -0.149510203 -0.0522351806 0.141065038 0 0 0
Ca 8 -0.0629816912 -0.348237907 0.502065026 0 0 0
Ca 6 -0.518029098 0.277192613 0.0668764098 0 0 0
Ca 7 -0.0437910798 -0.289546833 0.327996965 0 0 0
Ca 7 -0.14491474 0.235309186 0.343583651 0 0 0
Ca 7 -0.25599655 0.0209253386 0.102204571 0 0 0
Ca 1 -0.202460594 0.156531356 0.188803451 0 0 0
Ca 1 0.0361337475 0.167200122 0.432579247 0 0 0
Ca 1 -0.145684708 0.196669815 0.329683927 0 0 0
Ca 7 0.30660828 0.0688733444 0.405621868 0 0 0
Ca 4 -0.188282153 -0.233135977 0.348468294 0 0 0
Ca 4 0.394856796 0.0570431133 0.112915402 0 0 0
Ca 4 -0.332890951 -0.103106713 0.248536924 0 0 0
Ca 7 0.166959931 0.334697208 0.0832997275 0 0 0
Ca 7 0.00719323916 0.63162397 0.129389472 0 0 0
Ca 7 -0.308702476 -0.329709444 0.331560505 0 0 0
Ca 4 0.0894911203 -0.0409067217 0.270202631 0 0 0
Ca 1 -0.356882841 -0.32707934 0.236217041 0 0 0
Ca 4 -0.30738675 0.0608847846 0.299116882 0 0 0
Ca 8 0.34544666 -0.0151426263 0.0973362788 0 0 0
Ca 7 -0.533483015 0.165990997 0.151793642 0 0 0
Ca 8 -0.291067501 -0.164050357 0.284976539 0 0 0
Ca 6 0.415948929 0.0240395154 0.133150562 0 0 0
Ca 1 0.231654714 0.152976759 0.251243803 0 0 0
Ca 1 -0.363155575 -0.189662181 0.219223473 0 0 0
Ca 6 -0.339486002 -0.012502958 0.421748919 0 0 0
Ca 4 0.0916948158 0.412773856 0.0959109874 0 0 0
Ca 8 -0.119879178 0.0732300684 0.102133513 0 0 0
Ca 8 -0.174039911 0.00327038428 0.118617952 0 0 0
Ca 1 -0.401932745 -0.0785224787 0.137028436 0 0 0
Ca 8 -0.112245577 -0.0902127671 0.0482378232 0 0 0
Ca 8 -0.121808852 0.116956128 0.242156119 0 0 0
Ca 1 -0.387181907 0.0673814315 0.283169604 0 0 0
Ca 2 0.332998243 -0.180974223 0.257787753 0 0 0
Ca 6 -0.171951604 0.049691274 0.0743634132 0 0 0
Ca 1 -0.208721035 0.189041639 0.0995228563 0 0 0
Ca 6 -0.214714465 0.131320065 0.170128311 0 0 0
Ca 1 -0.0654886905 0.0274841011 0.177340496 0 0 0
Ca 8 -0.110859604 0.0654947599 0.0667899901 0 0 0
Ca 4 -0.199315284 0.0707702328 0.21261589 0 0 0
Ca 7 -0.127190812 0.03892839 0.0839627596 0 0 0
Ca 1 -0.102460173 -0.1092693 0.0963756217 0 0 0
Ca 6 -0.0133589855 -0.125141104 0.0966758298 0 0 0
Ca 1 -0.0615917146 0.0545821182 0.0789860138 0 0 0
Ca 7 -0.0655329577 -0.169814317 0.0710436378 0 0 0
Ca 7 -0.158668208 -0.0230272196 0.115853737 0 0 0
Ca 6 -0.126209688 -0.0310376175 0.214594046 0 0 0
CaBS_Ca 64 -0.114912583 0.0216015232 0.0629981111 -0.751399624 0.322919173 -0.575431849
Ca 4 -0.0830846081 -0.0576069993 0.147435405 0 0 0
Ca 6 -0.176822848 -0.0217015553 0.0963676159 0 0 0
Ca 8 -0.192889781 0.0991763402 0.185066899 0 0 0
Ca 6 -0.180581634 -0.102711282 0.107064836 0 0 0
Ca 6 -0.0882760291 0.0169194489 0.0466780388 0 0 0
Ca 7 -0.204008466 0.0690306521 0.099522531 0 0 0
Ca 4 -0.106400121 -0.00914927344 0.0606717351 0 0 0
Ca 1 -0.113398772 -0.0204049404 0.0680575856 0 0 0
Ca 4 -0.08303575 -0.0705168846 0.107832991 0 0 0
Ca 1 -0.141489267 0.0149073796 0.0466797591 0 0 0
VGCC_O 6 -0.12622171 0.0241576588 0.046693322 -1.62059677e-06 3.22356891e-07 -1
VGCC_O 4 -0.108229728 0.00324736392 0.0466932869 -8.10297798e-07 1.61178104e-07 -1
VGCC_O 5 0.113746944 -0.0200409323 0.0466929896 -1.01287282e-06 -1.51427976e-07 -1
VGCC_O 1 -0.126159285 0.0151063295 0.0466933189 -1.62059625e-06 3.22356338e-07 -1
VGCC_O 7 -0.137449801 0.00579357966 0.0466933342 -1.62059625e-06 3.22356338e-07 -1
VGCC_O 0 0.11238887 -0.0311459409 0.0466929927 -1.01287282e-06 -1.51427976e-07 -1
VGCC_O 3 0.0772568984 -0.00428239309 0.046693036 -1.41802159e-06 2.82063681e-07 -1
TAG 41 -0.105784995 0.0105052503 0.0536665039 -0.333750681 -0.131703993 -0.933415524
TAG 63 -0.104896891 0.0149528875 0.0527352849 0.329239713 0.132369034 -0.93492227
TAG 62 -0.0995730683 0.0302300905 0.0690462359 0.3213287 0.750213891 -0.577864158
TAG 59 -0.100018848 -0.00188752594 0.0603333581 0.344822933 -0.867729023 -0.35797135
TAG 55 -0.119337383 0.0151637023 0.0699872324 -0.999896295 -0.0141984574 0.00240892698
TAG 54 -0.104785227 0.0261860029 0.076486355 -0.344822968 0.867728888 0.357971643
TAG 53 -0.089146311 -0.000197085518 0.0670554248 0.74861179 -0.322508554 -0.579282851
TAG 52 -0.119278263 0.0119799944 0.0757618237 -0.999896295 -0.0141984574 0.00240892698
TAG 51 -0.102448777 0.00747370566 0.0865367572 -0.329239868 -0.132369105 0.934922205
TAG 45 -0.113699624 0.0170707545 0.0588716642 -0.751399624 0.322919173 -0.575431849
TAG 44 -0.11923843 0.00668793202 0.0611035411 -0.999896295 -0.0141984574 0.00240892698
