VGCC_O 8 -0.134706799 0.0161271258 0.0466933331 -1.62059677e-06 3.22356891e-07 -1
VGCC_O 2 0.119933892 -0.04777957 0.0466929781 -1.41802115e-06 2.82063236e-07 -1
VGCC_O 6 -0.12622171 0.0241576588 0.046693322 -1.62059677e-06 3.22356891e-07 -1
VGCC_O 7 -0.137449801 0.00579357966 0.0466933342 -1.62059625e-06 3.22356338e-07 -1
CaBS 10 0.121126734 -0.0258297382 0.0649768255 0.748611785 -0.322508546 -0.579282861
CaBS 11 0.0979708713 -0.0328738374 0.0674845228 -0.735818491 -0.677177075 0.00153536998
CaBS 13 0.1095121 -0.0155964818 0.054210164 0.329239702 0.132369043 -0.934922272
CaBS 14 0.117474411 -0.0194557375 0.0567082546 0.748611785 -0.322508546 -0.579282861
CaBS 15 0.108410471 -0.020299828 0.0531563039 0.329239702 0.132369043 -0.934922272
CaBS 16 0.120351117 -0.0102523827 0.0677626225 0.735818353 0.677177225 -0.00153536905
CaBS 17 0.102145588 -0.0360778235 0.072310517 -0.321328743 -0.750213836 0.577864204
CaBS 18 0.0978218177 -0.00792327925 0.0601351896 -0.346545998 0.867982935 -0.355684546
CaBS 19 0.115270902 -0.0304189997 0.0776036867 0.34654604 -0.867983022 0.355684293
CaBS 20 0.106180337 -0.0116824008 0.0859146208 0.333750516 0.131703927 0.933415593
CaBS 21 0.116355553 -0.0330295063 0.0692418133 0.344822999 -0.867728964 -0.357971429
CaBS 22 0.0954203033 -0.0111136614 0.0784342055 -0.748611723 0.322508223 0.579283121
CaBS 23 0.0988161711 -0.030869126 0.0622668565 -0.324116536 -0.749802846 -0.576839807
CaBS 24 0.111418854 -0.0324497115 0.0630810081 0.344822999 -0.867728964 -0.357971429
Ca 1 0.0583611967 0.368436056 0.538182534 0 0 0
Ca 8 -0.14121853 0.214949128 0.463252908 0 0 0
Ca 7 0.164338212 -0.0519618172 0.795265187 0 0 0
Ca 4 -0.751568529 0.223287846 0.381574527 0 0 0
Ca 6 0.253187995 0.350627996 0.412798297 0 0 0
Ca 6 0.28839903 0.464567931 0.0711275467 0 0 0
Ca 6 0.0710449312 -0.620064516 0.462856362 0 0 0
Ca 8 0.197505985 -0.525683653 0.565382193 0 0 0
Ca 6 0.177930834 0.14970473 0.17243366 0 0 0
Ca 8 0.307299599 0.181100756 0.317513106 0 0 0
Ca 6 0.151052017 -0.0430086373 0.758304661 0 0 0
Ca 1 0.0910753074 0.0558521513 0.334637766 0 0 0
Ca 8 0.341848792 0.0965946819 0.492035075 0 0 0
Ca 4 -0.477603663 0.371933205 0.219565127 0 0 0
Ca 8 0.163198164 0.289717616 0.774285713 0 0 0
Ca 4 0.350062696 0.258187273 0.18068667 0 0 0
Ca 8 0.125742064 -0.0402372484 0.260061268 0 0 0
Ca 7 0.442344216 0.379331167 0.750129335 0 0 0
Ca 8 -0.162816985 -0.0598584523 0.454343934 0 0 0
Ca 8 0.199896209 0.497717947 0.654115658 0 0 0
Ca 1 -0.169585373 -0.357050897 0.48566064 0 0 0
Ca 4 0.147484277 0.346843927 0.0837296932 0 0 0
Ca 6 0.0554970684 0.00971344037 0.288811076 0 0 0
Ca 6 -0.0433229334 -0.281669035 0.130355656 0 0 0
Ca 1 0.0449372878 0.0154449459 0.256648068 0 0 0
Ca 8 -0.480973098 -0.00730709526 0.513170065 0 0 0
Ca 8 0.0732548137 -0.0067917173 0.171273613 0 0 0
Ca 2 -0.118134491 -0.174460266 0.412519233 0 0 0
Ca 4 0.321566115 0.166349976 0.153127768 0 0 0
Ca 8 0.217596031 0.309379273 0.21227815 0 0 0
Ca 1 -0.0372305972 -0.543748055 0.28649529 0 0 0
Ca 7 -0.183277998 -0.14444152 0.102075674 0 0 0
Ca 1 0.0173336916 -0.266124101 0.271967128 0 0 0
Ca 7 0.0899634218 -0.113925482 0.294456817 0 0 0
Ca 4 -0.0234001865 0.194710413 0.253151971 0 0 0
Ca 4 -0.113881658 -0.0582284322 0.525520979 0 0 0
Ca 8 0.291202058 0.145879986 0.467329279 0 0 0
Ca 4 -0.478538705 0.0682126112 0.204672564 0 0 0
Ca 4 -0.492440022 -0.0192615639 0.214434429 0 0 0
Ca 4 0.673868688 0.0367578178 0.489731362 0 0 0
Ca 8 -0.647315591 0.296068542 0.0703272114 0 0 0
Ca 1 -0.440450077 0.176550127 0.0706318935 0 0 0
Ca 7 -0.118839003 -0.00361218284 0.235413557 0 0 0
Ca 8 -0.202328043 -0.161780016 0.21864997 0 0 0
Ca 8 -0.152045982 0.0514639955 0.247477801 0 0 0
Ca 6 -0.173847143 -0.367165477 0.478335849 0 0 0
Ca 8 -0.374195534 -0.163240031 0.154692636 0 0 0
Ca 1 -0.527569643 -0.164144578 0.165256182 0 0 0
Ca 1 -0.309281062 0.268551212 0.178640361 0 0 0
Ca 4 -0.666384667 0.272996428 0.232177256 0 0 0
Ca 1 -0.0504912964 0.17959927 0.531013481 0 0 0
Ca 8 -0.356500503 0.208433309 0.157825253 0 0 0
Ca 7 0.0334829 0.127387395 0.0804600918 0 0 0
Ca 7 -0.230137232 0.309571292 0.309919407 0 0 0
Ca 1 -0.178460149 0.0784599247 0.225479705 0 0 0
Ca 1 -0.273772182 0.112880302 0.166970077 0 0 0
Ca 8 -0.357519388 0.100459087 0.349042191 0 0 0
Ca 8 -0.111932539 -0.39200607 0.373611903 0 0 0
Ca 6 -0.137600497 0.0725575881 0.154196464 0 0 0
Ca 1 -0.142128993 -0.24048331 0.168734168 0 0 0
Ca 4 0.00363891262 -0.0335254895 0.11082096 0 0 0
Ca 4 -0.099996141 0.107097641 0.0966881323 0 0 0
Ca 4 0.0106330248 0.172048517 0.390109492 0 0 0
Ca 4 -0.0667766089 0.00863657021 0.439953714 0 0 0
Ca 6 -0.299406191 0.0240441262 0.100770708 0 0 0
Ca 7 -0.476626842 -0.242404353 0.198734929 0 0 0
Ca 6 -0.256938695 0.0260046764 0.258069423 0 0 0
Ca 1 -0.144198574 0.0799199498 0.219371469 0 0 0
Ca 4 -0.0650781578 -0.04588937 0.157261757 0 0 0
Ca 8 -0.131100438 0.156666939 0.0485395209 0 0 0
Ca 7 -0.209001799 0.015272636 0.119835529 0 0 0
Ca 7 -0.21885556 0.00774024118 0.118200948 0 0 0
Ca 6 -0.0988243822 0.120955334 0.0664381705 0 0 0
Ca 4 -0.0935852107 0.075072864 0.0534238409 0 0 0
Ca 7 -0.118149622 -0.00978490182 0.0851370328 0 0 0
Ca 7 -0.170519787 0.0198439136 0.0696278148 0 0 0
Ca 7 -0.0748325015 0.0927523565 0.0561197649 0 0 0
VGCC_O 1 -0.126159285 0.0151063295 0.0466933189 -1.62059625e-06 3.22356338e-07 -1
VGCC_O 4 -0.108229728 0.00324736392 0.0466932869 -8.10297798e-07 1.61178104e-07 -1
VGCC_O 3 0.0772568984 -0.00428239309 0.046693036 -1.41802159e-06 2.82063681e-07 -1
VGCC_O 5 0.113746944 -0.0200409323 0.0466929896 -1.01287282e-06 -1.51427976e-07 -1
VGCC_O 9 0.0953603447 -0.018533153 0.0466930096 -1.14792244e-06 -1.24564753e-07 -1
VGCC_O 0 0.11238887 -0.0311459409 0.0466929927 -1.01287282e-06 -1.51427976e-07 -1
TAG 41 -0.105784995 0.0105052503 0.0536665039 -0.333750681 -0.131703993 -0.933415524
TAG 71 -0.096079873 0.00270213046 0.0564810255 0.74861179 -0.322508554 -0.579282851
TAG 70 -0.118208439 0.00383577013 0.0653592954 -0.735818461 -0.677177107 0.0015353549
TAG 69 -0.119239302 0.00795267007 0.0681959954 -0.999896295 -0.0141984574 0.00240892698
TAG 67 -0.115078276 0.000454692191 0.0742448755 -0.735818461 -0.677177107 0.0015353549
TAG 65 0.119072188 -0.020557456 0.0800936336 0.751399702 -0.322919474 0.575431578
TAG 63 -0.104896891 0.0149528875 0.0527352849 0.329239713 0.132369034 -0.93492227
TAG 62 -0.0995730683 0.0302300905 0.0690462359 0.3213287 0.750213891 -0.577864158
TAG 59 -0.100018848 -0.00188752594 0.0603333581 0.344822933 -0.867729023 -0.35797135
TAG 55 -0.119337383 0.0151637023 0.0699872324 -0.999896295 -0.0141984574 0.00240892698
TAG 54 -0.104785227 0.0261860029 0.076486355 -0.344822968 0.867728888 0.357971643
TAG 53 -0.089146311 -0.000197085518 0.0670554248 0.74861179 -0.322508554 -0.579282851
TAG 52 -0.119278263 0.0119799944 0.0757618237 -0.999896295 -0.0141984574 0.00240892698
TAG 51 -0.102448777 0.00747370566 0.0865367572 -0.329239868 -0.132369105 0.934922205
TAG 45 -0.113699624 0.0170707545 0.0588716642 -0.751399624 0.322919173 -0.575431849
TAG 44 -0.11923843 0.00668793202 0.0611035411 -0.999896295 -0.0141984574 0.00240892698
