VGCC_O 4 -0.108229728 0.00324736392 0.0466932869 -8.10297798e-07 1.61178104e-07 -1
CaBS 10 0.0952719146 -0.0299498705 0.0636425205 -0.735818491 -0.677177075 0.00153536998
CaBS 11 0.122429375 -0.013677069 0.0674779487 0.999896301 0.01419805 -0.0024089266
CaBS 13 0.112440023 -0.0253216386 0.0538643373 0.329239702 0.132369043 -0.934922272
CaBS 14 0.119307663 -0.0104803334 0.060079641 0.321328636 0.750213906 -0.577864173
CaBS 15 0.118151063 -0.0216676915 0.0588141744 0.748611785 -0.322508546 -0.579282861
CaBS 16 0.0955898096 -0.0302668311 0.0761962126 -0.735818491 -0.677177075 0.00153536998
CaBS 17 0.0966556104 -0.0314297948 0.0740492876 -0.735818491 -0.677177075 0.00153536998
CaBS 18 0.102839137 -0.00663032719 0.081024816 -0.344822968 0.867728907 0.357971598
CaBS 19 0.0967994551 -0.0271485639 0.0809301685 -0.321328743 -0.750213836 0.577864204
CaBS 20 0.122511542 -0.0180527312 0.0757938091 0.999896301 0.01419805 -0.0024089266
CaBS 21 0.110305876 -0.0230304182 0.086040693 0.333750516 0.131703927 0.933415593
CaBS 22 0.10498885 -0.00622937798 0.0818744163 0.324116486 0.74980293 0.576839726
CaBS 23 0.121430971 -0.0291361426 0.0672107932 0.748611785 -0.322508546 -0.579282861
CaBS 24 0.0995854803 -0.0219949872 0.0838067873 -0.329239867 -0.132369096 0.934922207
Ca 8 -0.127759502 -0.454087359 0.819550644 0 0 0
Ca 4 -0.269292047 -0.219813929 0.986898351 0 0 0
Ca 7 0.131735343 0.467059701 0.613723223 0 0 0
Ca 7 0.343768508 0.136601424 0.621365433 0 0 0
Ca 4 -0.0295319349 -0.133126692 0.203978016 0 0 0
Ca 1 0.152115382 0.130252716 0.170663183 0 0 0
Ca 1 0.206831019 0.365720955 0.486325413 0 0 0
Ca 7 -0.334511595 -0.122272681 0.519065002 0 0 0
Ca 6 0.505049672 0.493025247 0.286139492 0 0 0
Ca 4 -0.248999947 -0.148032861 0.355004068 0 0 0
Ca 6 -0.0136420153 0.556531011 0.662952978 0 0 0
Ca 7 -0.284825083 -0.495967344 0.257357561 0 0 0
Ca 4 -0.0262682082 0.548221055 0.562372505 0 0 0
Ca 7 -0.00767634977 0.359819625 0.257930012 0 0 0
Ca 7 -0.296312716 0.216030015 0.450934934 0 0 0
Ca 7 -0.44858836 -0.259586772 0.207840635 0 0 0
Ca 7 -0.132147477 0.394370712 0.278264861 0 0 0
Ca 8 -0.388092602 -0.173756166 0.565366453 0 0 0
Ca 8 -0.252302621 -0.0882393292 0.129797913 0 0 0
Ca 4 -0.152688881 0.151270717 0.481924503 0 0 0
Ca 7 -0.225726932 0.170673575 0.0965689313 0 0 0
Ca 4 0.345386012 0.60573715 0.360010698 0 0 0
Ca 1 -0.213003112 -0.172814518 0.663167438 0 0 0
Ca 4 0.356661942 -0.17830618 0.437301314 0 0 0
Ca 4 0.13492427 0.0671993276 0.654189131 0 0 0
Ca 1 -0.425468204 0.318704882 0.216011499 0 0 0
Ca 6 -0.6115175 0.107086153 0.285752279 0 0 0
Ca 8 0.316052083 0.352233569 0.494086975 0 0 0
Ca 1 -0.144073638 -0.00167245672 0.415220982 0 0 0
Ca 1 -0.627139315 0.465018983 0.229232709 0 0 0
Ca 7 -0.248528014 -0.501095133 0.307446607 0 0 0
Ca 8 0.625364083 0.161768971 0.0585908202 0 0 0
Ca 1 -0.318932132 -0.106766166 0.158099778 0 0 0
Ca 1 0.0636257105 0.00787592662 0.147731124 0 0 0
Ca 8 0.0117244287 -0.0554526653 0.115247871 0 0 0
Ca 6 0.585932121 0.0720411116 0.282331435 0 0 0
Ca 1 0.0227483535 -0.111579889 0.142967896 0 0 0
Ca 8 -0.181286598 0.3377776 0.28709476 0 0 0
Ca 8 -0.195662464 0.520570796 0.211399711 0 0 0
Ca 7 0.202693197 -0.122956022 0.317973361 0 0 0
Ca 8 0.287524805 0.128764774 0.405319202 0 0 0
Ca 8 0.0939358216 0.40630346 0.351173817 0 0 0
Ca 8 0.0418170086 -0.140971021 0.156824024 0 0 0
Ca 8 -0.431387442 0.210447943 0.197439034 0 0 0
Ca 4 -0.171997841 0.0622660118 0.266385169 0 0 0
Ca 4 -0.401261824 0.227812967 0.577878046 0 0 0
Ca 6 -0.146825218 0.0893918516 0.917174932 0 0 0
Ca 1 0.160853318 -0.436255992 0.315996575 0 0 0
Ca 1 -0.390119042 -0.13105006 0.314050728 0 0 0
Ca 4 0.0170463443 0.0146101135 0.447679805 0 0 0
Ca 6 -0.0235996174 -0.0453340205 0.242878941 0 0 0
Ca 7 -0.0280139782 -0.0466559432 0.377073377 0 0 0
Ca 6 0.280886161 0.66758723 0.241697275 0 0 0
Ca 6 -0.435689032 -0.104048932 0.184682414 0 0 0
Ca 6 -0.142791043 -0.108134416 0.289181144 0 0 0
Ca 1 -0.308364995 -0.0488069923 0.492517987 0 0 0
Ca 8 0.0232600203 0.0531059921 0.0727116056 0 0 0
Ca 7 -0.346749817 0.119975167 0.29868475 0 0 0
Ca 8 -0.190061708 0.246743232 0.364992179 0 0 0
Ca 8 -0.230554463 0.201295338 0.155585741 0 0 0
Ca 4 0.045660718 -0.0571361857 0.401463962 0 0 0
Ca 1 -0.672222762 0.0679956905 0.185780382 0 0 0
Ca 6 0.156970802 0.115402662 0.268481442 0 0 0
Ca 7 -0.294811264 -0.113500292 0.254910464 0 0 0
Ca 6 -0.0907547603 -0.111027441 0.110440082 0 0 0
Ca 4 -0.140401845 0.0859584291 0.217634459 0 0 0
Ca 7 0.09220158 0.0511352064 0.315938764 0 0 0
Ca 1 -0.101317798 0.150004136 0.117913936 0 0 0
Ca 2 0.168323723 0.00291412483 0.119186109 0 0 0
Ca 8 -0.383657374 0.276036671 0.167498739 0 0 0
Ca 6 -0.0583482951 -0.0625747715 0.127917824 0 0 0
Ca 2 0.170182787 -0.140938117 0.124527635 0 0 0
Ca 8 -0.209055711 -0.124996647 0.230460169 0 0 0
Ca 6 -0.0822526341 -0.0647975249 0.0583801377 0 0 0
Ca 4 -0.00966192591 0.0268525855 0.102884322 0 0 0
Ca 6 -0.114194371 -0.158839313 0.105027161 0 0 0
Ca 8 -0.227104968 0.083754545 0.0799816662 0 0 0
Ca 1 -0.0386840663 0.00348905755 0.0789158036 0 0 0
Ca 8 -0.106798083 0.0149975825 0.0466899491 0 0 0
VGCC_O 3 0.0772568984 -0.00428239309 0.046693036 -1.41802159e-06 2.82063681e-07 -1
VGCC_O 5 0.113746944 -0.0200409323 0.0466929896 -1.01287282e-06 -1.51427976e-07 -1
VGCC_O 6 -0.12622171 0.0241576588 0.046693322 -1.62059677e-06 3.22356891e-07 -1
VGCC_O 2 0.119933892 -0.04777957 0.0466929781 -1.41802115e-06 2.82063236e-07 -1
VGCC_O 1 -0.126159285 0.0151063295 0.0466933189 -1.62059625e-06 3.22356338e-07 -1
VGCC_O 7 -0.137449801 0.00579357966 0.0466933342 -1.62059625e-06 3.22356338e-07 -1
VGCC_O 0 0.11238887 -0.0311459409 0.0466929927 -1.01287282e-06 -1.51427976e-07 -1
VGCC_O 9 0.0953603447 -0.018533153 0.0466930096 -1.14792244e-06 -1.24564753e-07 -1
VGCC_O 8 -0.134706799 0.0161271258 0.0466933331 -1.62059677e-06 3.22356891e-07 -1
TAG 41 -0.105784995 0.0105052503 0.0536665039 -0.333750681 -0.131703993 -0.933415524
TAG 71 -0.096079873 0.00270213046 0.0564810255 0.74861179 -0.322508554 -0.579282851
TAG 70 -0.118208439 0.00383577013 0.0653592954 -0.735818461 -0.677177107 0.0015353549
TAG 69 -0.119239302 0.00795267007 0.0681959954 -0.999896295 -0.0141984574 0.00240892698
TAG 67 -0.115078276 0.000454692191 0.0742448755 -0.735818461 -0.677177107 0.0015353549
TAG 65 0.119072188 -0.020557456 0.0800936336 0.751399702 -0.322919474 0.575431578
TAG 63 -0.104896891 0.0149528875 0.0527352849 0.329239713 0.132369034 -0.93492227
TAG 62 -0.0995730683 0.0302300905 0.0690462359 0.3213287 0.750213891 -0.577864158
TAG 59 -0.100018848 -0.00188752594 0.0603333581 0.344822933 -0.867729023 -0.35797135
TAG 55 -0.119337383 0.0151637023 0.0699872324 -0.999896295 -0.0141984574 0.00240892698
TAG 54 -0.104785227 0.0261860029 0.076486355 -0.344822968 0.867728888 0.357971643
TAG 53 -0.089146311 -0.000197085518 0.0670554248 0.74861179 -0.322508554 -0.579282851
TAG 52 -0.119278263 0.0119799944 0.0757618237 -0.999896295 -0.0141984574 0.00240892698
TAG 51 -0.102448777 0.00747370566 0.0865367572 -0.329239868 -0.132369105 0.934922205
TAG 45 -0.113699624 0.0170707545 0.0588716642 -0.751399624 0.322919173 -0.575431849
TAG 44 -0.11923843 0.00668793202 0.0611035411 -0.999896295 -0.0141984574 0.00240892698
LGIC_C 0 0.496438869 0.226897391 0.0250140105 -4.20574004e-08 -2.81018564e-08 1
LGIC_C 1 -0.328079496 0.070979812 0.0250139981 4.34088259e-08 -8.63455061e-09 1
LGIC_C 2 -0.52717615 0.0847418363 0.0250140103 4.96100897e-08 -9.86805572e-09 1
LGIC_C 3 0.259032913 -0.643644398 0.0250140177 -9.86804037e-09 4.96101e-08 1
LGIC_C 4 -0.351795532 -0.240520722 0.0250140036 6.28883752e-09 7.55636663e-08 1
LGIC_C 5 0.00968273302 -0.532993994 0.025014014 1.00935263e-08 5.7878447e-08 1
LGIC_C 6 -0.322303414 0.456917952 0.0250140136 1.28239438e-08 -5.73353116e-08 1
LGIC_C 7 -0.702061592 0.459931698 0.0250140204 3.68002297e-08 -2.45891157e-08 1
LGIC_C 8 -0.223790136 0.283578951 0.0250139992 2.45891128e-08 -3.68002333e-08 1
LGIC_C 9 -0.455661345 -0.273084735 0.0250140067 6.28883752e-09 7.55636663e-08 1
LGIC_C 10 -0.398773152 -0.624981275 0.0250140182 3.95603082e-08 3.05989652e-08 1
LGIC_C 11 0.180263811 0.557998792 0.0250140098 -6.33660387e-09 4.96100877e-08 -1
LGIC_C 12 0.366649036 0.164450023 0.0250140066 -4.90669739e-08 -3.27854893e-08 1
LGIC_C 13 0.716112958 -0.136464548 0.0250140201 -4.96100859e-08 9.86807898e-09 1
LGIC_C 14 0.659361047 0.2288629 0.0250140145 -4.96100869e-08 6.3366408e-09 1
LGIC_C 15 -0.445485204 -0.348727763 0.0250140082 5.39043203e-09 6.47688584e-08 1
LGIC_C 16 0.647278771 -0.122191799 0.0250140165 -4.96100859e-08 9.86807898e-09 1
LGIC_C 17 -0.523076172 0.337775955 0.0250140129 -4.82586679e-08 1.31306769e-08 -1
LGIC_C 18 0.281323047 -0.426324715 0.0250140091 -2.81018481e-08 4.20574137e-08 1
LGIC_C 19 -0.332118389 0.291138658 0.0250140085 3.37890593e-08 -4.80634052e-08 1
LGIC_C 20 0.144299286 -0.37463949 0.0250140066 -1.15127059e-08 5.78784511e-08 1
LGIC_C 21 -0.0231762573 -0.174732614 0.0250139912 -2.90231482e-08 4.96101036e-08 1
LGIC_C 22 0.166382826 0.632381844 0.0250140163 -9.86806672e-09 -4.96100854e-08 1
LGIC_C 23 -0.437527458 0.399686132 0.0250140092 3.68002297e-08 -2.45891157e-08 1
LGIC_C 24 0.111573702 0.474163405 0.0250140079 -9.86806672e-09 -4.96100854e-08 1
LGIC_C 25 0.404599911 0.0225152451 0.025014001 -4.34088272e-08 -8.63453573e-09 1
LGIC_C 26 -0.0416627585 0.269560398 0.0250139994 1.15127271e-08 -5.78784352e-08 1
LGIC_C 27 -0.269256369 0.480392006 0.0250140157 3.27854968e-08 -4.90669676e-08 1
LGIC_C 28 0.668662753 0.0727867831 0.0250140129 -4.34088272e-08 -8.63453573e-09 1
LGIC_C 29 -0.59797303 -0.0812055934 0.0250140139 5.7878436e-08 -4.89847332e-08 1
LGIC_C 30 0.656292855 0.0730394423 0.0250140153 -4.96100869e-08 6.3366408e-09 1
LGIC_C 31 -0.379960114 -0.46580285 0.0250140125 3.95603082e-08 3.05989652e-08 1
LGIC_C 32 0.0429743208 0.0834827871 0.0250139879 1.3130701e-08 4.82586573e-08 -1
LGIC_C 33 -0.0321912609 0.622975928 0.0250140106 8.63455111e-09 -4.34088279e-08 1
LGIC_C 34 0.231041543 -0.450578855 0.0250140129 -3.27854948e-08 4.90669785e-08 1
LGIC_C 35 -0.176775752 -0.514625707 0.0250140036 -2.90231482e-08 4.96101036e-08 1
LGIC_C 36 0.528460292 -0.607589455 0.0250140186 -2.45891087e-08 3.68002429e-08 1
LGIC_C 37 0.148377109 0.773052349 0.0250140181 -8.63455884e-09 -4.34088253e-08 1
LGIC_C 38 0.735733703 -0.311674103 0.0250140181 -3.05989503e-08 3.95603122e-08 1
LGIC_C 39 0.690187252 0.328478133 0.0250140167 -3.68002282e-08 -2.45891172e-08 1
LGIC_C 40 -0.726556357 0.0365019707 0.0250140157 4.34088279e-08 -2.48392273e-08 1
LGIC_C 41 -0.52589607 0.609290882 0.0250140186 2.45891128e-08 -3.68002333e-08 1
LGIC_C 42 -0.25505858 -0.661384075 0.0250140142 8.63456455e-09 4.34088336e-08 1
LGIC_C 43 -0.567708257 -0.526769783 0.0250140161 1.15916899e-08 4.97976879e-08 1
LGIC_C 44 0.316803027 0.546662554 0.0250140138 1.3130701e-08 4.82586573e-08 -1
LGIC_C 45 0.00799280744 -0.237006583 0.0250139949 6.33663526e-09 4.9610097e-08 1
LGIC_C 46 -0.204776354 -0.192383029 0.0250139968 5.39043203e-09 6.47688584e-08 1
LGIC_C 47 0.504884715 -0.181697747 0.0250140145 -5.78784275e-08 1.15127558e-08 1
LGIC_C 48 -0.0405187567 -0.424558772 0.025014002 8.63456455e-09 4.34088336e-08 1
LGIC_C 49 -0.528244396 -0.202343649 0.0250140079 4.34088238e-08 8.63459484e-09 1
LGIC_C 50 0.278075371 -0.306328458 0.0250140074 -3.27854948e-08 4.90669785e-08 1
LGIC_C 51 -0.57442538 -0.0041875059 0.0250140081 -4.34088282e-08 2.70157287e-08 -1
LGIC_C 52 0.633546648 -0.198613019 0.0250140157 -4.34088182e-08 2.48392526e-08 1
LGIC_C 53 0.346845828 -0.097360981 0.0250140007 -4.34088182e-08 2.48392526e-08 1
LGIC_C 54 -0.0197840236 -0.236996129 0.025013996 -4.89847109e-08 5.78784581e-08 1
LGIC_C 55 0.430625291 0.527234527 0.0250140132 -2.45891309e-08 -3.68002211e-08 1
LGIC_C 56 -0.150616153 -0.23989154 0.0250139951 -5.56021111e-08 -1.45571543e-08 -1
LGIC_C 57 -0.072772447 0.43524584 0.0250140072 -3.14742797e-08 4.96100914e-08 -1
LGIC_C 58 0.423397909 -0.0323680597 0.0250140024 -4.34088182e-08 2.48392526e-08 1
LGIC_C 59 -0.391077229 -0.189109646 0.0250139994 1.45571809e-08 5.5602105e-08 1
LGIC_C 60 0.131001544 0.509980731 0.0250140127 -3.14742949e-08 -4.96100822e-08 1
LGIC_C 61 -0.416750908 0.366872619 0.0250140111 4.20574045e-08 -2.81018523e-08 1
LGIC_C 62 -0.0889625069 0.421018845 0.025014007 -3.14742797e-08 4.96100914e-08 -1
LGIC_C 63 0.208811095 -0.0384038305 0.025013994 -4.96100859e-08 9.86807898e-09 1
LGIC_C 64 -0.263948785 0.0172290786 0.0250139977 5.7878425e-08 4.89846948e-08 1
LGIC_C 65 0.0481190684 0.327090755 0.025014 -9.86806672e-09 -4.96100854e-08 1
LGIC_C 66 -0.274092256 -0.289275842 0.0250140006 2.45891453e-08 3.68002268e-08 1
LGIC_C 67 -0.475722801 0.420076334 0.025014018 6.28881943e-09 -7.55636452e-08 1
LGIC_C 68 -0.619727687 -0.110527725 0.0250140072 -4.34088282e-08 2.70157287e-08 -1
LGIC_C 69 -0.700413488 -0.322209711 0.025014017 3.68002489e-08 2.45891179e-08 1
LGIC_C 70 -0.0102865092 0.430469163 0.025014002 8.63455111e-09 -4.34088279e-08 1
LGIC_C 71 0.608058995 0.14371874 0.0250140201 -5.78784335e-08 -1.15127284e-08 1
LGIC_C 72 0.122180576 0.341791128 0.0250139994 -6.33660387e-09 4.96100877e-08 -1
LGIC_C 73 -0.0298158794 0.0114577391 0.0250139849 4.34088279e-08 -2.48392273e-08 1
LGIC_C 74 0.517479181 0.467596887 0.0250140144 -4.82586616e-08 -1.31306776e-08 1
LGIC_C 75 0.527067918 -0.599032853 0.0250140182 -2.45891087e-08 3.68002429e-08 1
LGIC_C 76 -0.665394094 0.0863501044 0.0250140138 4.96100851e-08 2.90231542e-08 1
LGIC_C 77 0.327992347 -0.217119017 0.0250140019 -3.05989503e-08 3.95603122e-08 1
LGIC_C 78 0.255734731 0.35530095 0.0250140091 -3.27855134e-08 -4.90669575e-08 1
LGIC_C 79 -0.590143521 -0.253916666 0.0250140027 1.15916899e-08 4.97976879e-08 1
LGIC_C 80 0.689285402 -0.0503053977 0.0250140136 -4.34088226e-08 8.63456802e-09 1
LGIC_C 81 0.0579516413 0.690838698 0.0250140172 -6.33660387e-09 4.96100877e-08 -1
LGIC_C 82 0.474894079 -0.350062488 0.0250140116 -3.05989503e-08 3.95603122e-08 1
LGIC_C 83 -0.352741828 0.284130787 0.025014004 -4.82586679e-08 1.31306769e-08 -1
LGIC_C 84 0.234636488 0.51468938 0.0250140112 1.3130701e-08 4.82586573e-08 -1
LGIC_C 85 -0.0586495946 0.131974011 0.0250139916 1.28239438e-08 -5.73353116e-08 1
LGIC_C 86 0.54662707 -0.340272781 0.025014018 -3.37890406e-08 4.80634332e-08 1
LGIC_C 87 -0.352399252 -0.250599686 0.0250140023 1.45571809e-08 5.5602105e-08 1
LGIC_C 88 -0.565614498 -0.49236372 0.0250140143 1.15916899e-08 4.97976879e-08 1
LGIC_C 89 0.307379765 -0.525294453 0.0250140126 -1.31306721e-08 4.82586744e-08 1
LGIC_C 90 -0.342501878 -0.31950509 0.025014006 1.45571809e-08 5.5602105e-08 1
LGIC_C 91 0.129692706 0.801204114 0.0250140192 -8.63455884e-09 -4.34088253e-08 1
LGIC_C 92 0.235262162 -0.659594572 0.0250140145 6.33663526e-09 4.9610097e-08 1
LGIC_C 93 -0.0847471166 0.569192439 0.025014011 -6.33661298e-09 -4.96100859e-08 1
LGIC_C 94 0.146628591 -0.0540779252 0.0250139922 -4.96100802e-08 3.14742968e-08 1
LGIC_C 95 -0.331302751 -0.366888743 0.025014007 -5.56021111e-08 -1.45571543e-08 -1
LGIC_C 96 0.338984204 -0.0205799537 0.0250140003 -4.96100859e-08 9.86807898e-09 1
LGIC_C 97 -0.41618366 0.0956201103 0.0250140011 4.96100851e-08 2.90231542e-08 1
LGIC_C 98 -0.332507071 -0.540075243 0.0250140129 3.95603082e-08 3.05989652e-08 1
LGIC_C 99 0.237677686 -0.0473833329 0.0250139965 -4.96100802e-08 3.14742968e-08 1
LGIC_C 100 -0.343926852 -0.472901294 0.0250140091 2.45891453e-08 3.68002268e-08 1
LGIC_C 101 -0.366999021 -0.000222822912 0.0250140015 4.96100897e-08 -9.86805572e-09 1
LGIC_C 102 -0.320714664 0.440196187 0.0250140126 1.28239438e-08 -5.73353116e-08 1
LGIC_C 103 -0.435783066 -0.0240673317 0.0250140024 4.34088238e-08 8.63459484e-09 1
LGIC_C 104 0.569442429 -0.237708133 0.025014019 -4.90669481e-08 3.27855328e-08 1
LGIC_C 105 -0.357219859 0.124853391 0.0250140019 4.34088279e-08 -2.48392273e-08 1
LGIC_C 106 -0.285577613 0.743976055 0.025014018 8.63455111e-09 -4.34088279e-08 1
LGIC_C 107 -0.73157424 -0.278340116 0.0250140174 4.34088238e-08 8.63459484e-09 1
LGIC_C 108 -0.0482101198 -0.515771748 0.0250140068 2.48392553e-08 4.34088306e-08 1
LGIC_C 109 0.194640957 0.105061665 0.025013994 -4.82586616e-08 -1.31306776e-08 1
LGIC_C 110 -0.149566254 -0.706056416 0.0250140152 8.63456455e-09 4.34088336e-08 1
LGIC_C 111 -0.519373757 -0.164476255 0.0250140043 -4.96100919e-08 2.90231703e-08 -1
LGIC_C 112 0.720739926 -0.032353595 0.02501402 -4.96100802e-08 3.14742968e-08 1
LGIC_C 113 -0.0287903313 -0.700117064 0.0250140144 2.48392553e-08 4.34088306e-08 1
LGIC_C 114 -0.344902382 0.413858997 0.0250140114 1.28239438e-08 -5.73353116e-08 1
LGIC_C 115 0.496542436 -0.409674049 0.0250140146 -3.05989503e-08 3.95603122e-08 1
LGIC_C 116 0.173530381 -0.450091189 0.0250140075 1.00935263e-08 5.7878447e-08 1
LGIC_C 117 -0.175794235 -0.0204522874 0.0250139914 -4.96100919e-08 2.90231703e-08 -1
LGIC_C 118 -0.337535539 -0.344948254 0.0250140072 3.95603082e-08 3.05989652e-08 1
LGIC_C 119 0.0896776282 0.43983491 0.025014006 -9.86806672e-09 -4.96100854e-08 1
LGIC_C 120 0.0445462331 0.498787939 0.0250140084 -9.86806672e-09 -4.96100854e-08 1
LGIC_C 121 -0.421011504 -0.40112601 0.0250140081 1.15916899e-08 4.97976879e-08 1
LGIC_C 122 0.588660239 -0.346416857 0.0250140134 -3.68002179e-08 2.45891393e-08 1
LGIC_C 123 0.34677385 -0.337215726 0.0250140113 -4.90669481e-08 3.27855328e-08 1
LGIC_C 124 0.507035253 -0.435073965 0.0250140126 -3.68002179e-08 2.45891393e-08 1
LGIC_C 125 0.144524265 -0.170596087 0.0250139934 -1.31306721e-08 4.82586744e-08 1
LGIC_C 126 0.64550946 -0.356115336 0.0250140171 -3.05989503e-08 3.95603122e-08 1
LGIC_C 127 0.264194588 -0.287746649 0.0250140006 -1.31306721e-08 4.82586744e-08 1
LGIC_C 128 0.256166507 -0.359801271 0.0250140028 -2.45891087e-08 3.68002429e-08 1
LGIC_C 129 0.405411053 -0.0983509218 0.0250140017 -4.34088226e-08 8.63456802e-09 1
LGIC_C 130 -0.659834962 0.184449057 0.0250140135 4.34088259e-08 -8.63455061e-09 1
LGIC_C 131 0.391975789 0.275008679 0.0250140058 -4.82586616e-08 -1.31306776e-08 1
LGIC_C 132 -0.243588848 0.0569697768 0.0250139946 5.7878425e-08 4.89846948e-08 1
LGIC_C 133 -0.58127442 -0.0580120204 0.025014009 4.34088238e-08 8.63459484e-09 1
LGIC_C 134 0.330890655 -0.650886412 0.0250140153 -2.45891087e-08 3.68002429e-08 1
LGIC_C 135 -0.344808635 -0.281006324 0.0250140066 6.28883752e-09 7.55636663e-08 1
LGIC_C 136 0.403663519 -0.27327828 0.0250140048 -3.68002179e-08 2.45891393e-08 1
LGIC_C 137 0.373989886 -0.307989645 0.0250140069 -3.05989503e-08 3.95603122e-08 1
LGIC_C 138 -0.687088544 -0.193640744 0.0250140092 4.96100935e-08 -4.19869172e-08 1
LGIC_C 139 0.187596775 -0.0103720521 0.0250139929 -4.96100802e-08 3.14742968e-08 1
LGIC_C 140 0.419144947 0.572732323 0.0250140146 -2.45891309e-08 -3.68002211e-08 1
LGIC_C 141 0.506600506 0.0451098323 0.0250140056 -4.34088272e-08 -8.63453573e-09 1
LGIC_C 142 -0.469144695 -0.533639759 0.0250140181 3.95603082e-08 3.05989652e-08 1
LGIC_C 143 -0.085372885 -0.17458038 0.025013993 2.81018674e-08 4.20574117e-08 1
LGIC_C 144 -0.443989466 -0.462266741 0.025014015 3.95603082e-08 3.05989652e-08 1
LGIC_C 145 0.171910487 0.00830306554 0.0250139917 -4.96100869e-08 6.3366408e-09 1
LGIC_C 146 0.00984802697 0.583702165 0.0250140122 -6.33660387e-09 4.96100877e-08 -1
LGIC_C 147 -0.344791071 -0.331696101 0.0250140038 1.15916899e-08 4.97976879e-08 1
LGIC_C 148 0.432699186 -0.0911722227 0.0250140093 -5.78784275e-08 1.15127558e-08 1
LGIC_C 149 0.526663937 0.521724888 0.0250140155 -3.68002282e-08 -2.45891172e-08 1
LGIC_C 150 0.431385952 0.154831111 0.0250140037 -4.96100869e-08 6.3366408e-09 1
LGIC_C 151 -0.106609765 -0.724618167 0.0250140156 8.63456455e-09 4.34088336e-08 1
LGIC_C 152 0.294479164 0.620072877 0.0250140176 -2.81018716e-08 -4.20573923e-08 1
LGIC_C 153 0.145614287 -0.148027725 0.0250139936 -1.28239349e-08 5.73353226e-08 1
LGIC_C 154 0.178876748 0.511531825 0.0250140104 -9.86806672e-09 -4.96100854e-08 1
LGIC_C 155 -0.61012012 0.0887145336 0.0250140105 4.34088259e-08 -8.63455061e-09 1
LGIC_C 156 -0.282422527 0.0315949332 0.0250139958 4.34088259e-08 -8.63455061e-09 1
LGIC_C 157 -0.394172863 0.301321839 0.0250140085 6.28881943e-09 -7.55636452e-08 1
LGIC_C 158 0.406955666 0.184755019 0.0250140059 3.37890593e-08 4.80634111e-08 -1
LGIC_C 159 0.757922643 0.194807213 0.0250140178 -4.34088272e-08 -8.63453573e-09 1
LGIC_C 160 -0.243374268 -0.0920484779 0.0250139914 -4.34088282e-08 2.70157287e-08 -1
LGIC_C 161 -0.418457022 0.106118747 0.0250140051 4.96100897e-08 -9.86805572e-09 1
LGIC_C 162 0.460285087 -0.0434566539 0.0250140104 -5.78784275e-08 1.15127558e-08 1
LGIC_C 163 0.345703296 -0.225194544 0.0250140041 -4.20573976e-08 2.81018683e-08 1
LGIC_C 164 0.242822672 -0.593936161 0.0250140112 6.33663526e-09 4.9610097e-08 1
LGIC_C 165 -0.343097469 0.0583324932 0.0250139986 4.96100851e-08 2.90231542e-08 1
LGIC_C 166 -0.169658638 -0.675928256 0.0250140168 2.48392553e-08 4.34088306e-08 1
LGIC_C 167 -0.534563844 0.5322706 0.0250140161 -4.82586679e-08 1.31306769e-08 -1
LGIC_C 168 -0.596045634 -0.237408426 0.0250140112 4.34088238e-08 8.63459484e-09 1
LGIC_C 169 0.680476964 -0.454878375 0.0250140195 -3.68002179e-08 2.45891393e-08 1
LGIC_C 170 0.484973996 -0.355005497 0.0250140167 -3.37890406e-08 4.80634332e-08 1
LGIC_C 171 -0.179973316 0.274325493 0.0250140013 1.28239438e-08 -5.73353116e-08 1
LGIC_C 172 0.375485119 0.175165762 0.025014004 -4.20574004e-08 -2.81018564e-08 1
LGIC_C 173 0.675467173 0.311695194 0.0250140158 -3.68002282e-08 -2.45891172e-08 1
LGIC_C 174 -0.0558143286 -0.556692214 0.0250140088 2.48392553e-08 4.34088306e-08 1
LGIC_C 175 0.412686814 -0.265957732 0.02501401 -3.37890406e-08 4.80634332e-08 1
LGIC_C 176 -0.592108375 -0.587195837 0.0250140193 1.15916899e-08 4.97976879e-08 1
LGIC_C 177 0.317946614 0.332554524 0.0250140062 -2.81018716e-08 -4.20573923e-08 1
LGIC_C 178 0.0690346635 -0.641025002 0.0250140146 6.33663526e-09 4.9610097e-08 1
LGIC_C 179 -0.265696382 -0.188729902 0.0250139992 6.28883752e-09 7.55636663e-08 1
LGIC_C 180 -0.15963067 0.231362058 0.0250139975 2.8101852e-08 -4.20574041e-08 1
LGIC_C 181 -0.666521568 -0.291495449 0.0250140057 5.39043203e-09 6.47688584e-08 1
LGIC_C 182 0.0844018049 -0.20549583 0.0250139961 -1.15127059e-08 5.78784511e-08 1
LGIC_C 183 0.68057138 0.306330983 0.0250140201 -4.82586616e-08 -1.31306776e-08 1
LGIC_C 184 0.75376399 -0.0186503471 0.0250140164 -4.34088182e-08 2.48392526e-08 1
LGIC_C 185 0.418570882 -0.137259385 0.0250140048 -4.34088182e-08 2.48392526e-08 1
LGIC_C 186 -0.627118998 -0.331412677 0.0250140081 5.39043203e-09 6.47688584e-08 1
LGIC_C 187 0.163079795 0.072772836 0.0250139936 -4.90669739e-08 -3.27854893e-08 1
LGIC_C 188 -0.726999687 0.07666402 0.0250140155 4.34088259e-08 -8.63455061e-09 1
LGIC_C 189 -0.48628142 0.270563852 0.0250140113 4.20574045e-08 -2.81018523e-08 1
LGIC_C 190 0.342584957 -0.724354704 0.0250140183 -2.45891087e-08 3.68002429e-08 1
LGIC_C 191 -0.429853105 -0.267635463 0.0250140029 5.39043203e-09 6.47688584e-08 1
LGIC_C 192 -0.319648839 0.125823941 0.0250139982 4.34088259e-08 -8.63455061e-09 1
LGIC_C 193 0.279318083 0.0713468624 0.0250139978 -4.96100911e-08 -9.86803575e-09 1
LGIC_C 194 -0.629323683 0.408111284 0.0250140165 3.68002297e-08 -2.45891157e-08 1
LGIC_C 195 0.344715105 0.390922459 0.0250140094 -2.81018716e-08 -4.20573923e-08 1
LGIC_C 196 0.741619622 0.400603228 0.0250140204 -3.68002282e-08 -2.45891172e-08 1
LGIC_C 197 -0.218736229 -0.490874257 0.0250140067 2.45891453e-08 3.68002268e-08 1
LGIC_C 198 0.539876989 0.039050314 0.025014007 -4.34088272e-08 -8.63453573e-09 1
LGIC_C 199 0.616983437 0.230327123 0.0250140124 -4.96100869e-08 6.3366408e-09 1
LGIC_C 200 0.710220908 -0.267648291 0.0250140164 -4.34088226e-08 8.63456802e-09 1
LGIC_C 201 0.22916818 0.10638827 0.0250139959 -4.20574004e-08 -2.81018564e-08 1
LGIC_C 202 -0.0443064937 -0.331810405 0.0250139987 2.48392553e-08 4.34088306e-08 1
LGIC_C 203 -0.190839802 -0.0750034794 0.0250139907 5.7878436e-08 -4.89847332e-08 1
LGIC_C 204 -0.382825336 0.510350491 0.0250140155 2.8101852e-08 -4.20574041e-08 1
LGIC_C 205 -0.0936690479 0.244447207 0.0250139963 9.86805557e-09 -4.96100883e-08 1
LGIC_C 206 0.637755377 -0.386661321 0.0250140162 -3.68002179e-08 2.45891393e-08 1
LGIC_C 207 -0.126377649 -0.4550648 0.0250140034 -4.89847109e-08 5.78784581e-08 1
LGIC_C 208 -0.516355356 0.37839047 0.0250140132 -4.82586679e-08 1.31306769e-08 -1
LGIC_C 209 -0.037607824 -0.0177143248 0.0250139891 -1.17760821e-07 -7.86851768e-08 -1
LGIC_C 210 0.0582336452 0.24845558 0.0250139962 -9.86806672e-09 -4.96100854e-08 1
LGIC_C 211 0.598693152 -0.154660053 0.0250140197 -5.78784275e-08 1.15127558e-08 1
LGIC_C 212 -0.33819098 -0.461640386 0.0250140088 -5.56021111e-08 -1.45571543e-08 -1
LGIC_C 213 0.390497248 -0.406456918 0.0250140113 -2.81018481e-08 4.20574137e-08 1
LGIC_C 214 0.514335198 -0.0889298531 0.0250140063 -4.34088226e-08 8.63456802e-09 1
LGIC_C 215 -0.448353086 -0.00111008979 0.0250140027 4.34088238e-08 8.63459484e-09 1
LGIC_C 216 0.196811642 -0.15705318 0.0250139955 -3.05989503e-08 3.95603122e-08 1
LGIC_C 217 0.480436863 -0.416339835 0.0250140195 -3.37890406e-08 4.80634332e-08 1
LGIC_C 218 -0.274211155 0.372904518 0.0250140049 1.31306824e-08 -4.82586643e-08 1
LGIC_C 219 -0.221774035 -0.46052348 0.0250140061 3.95603082e-08 3.05989652e-08 1
LGIC_C 220 -0.708566086 -0.347591043 0.0250140179 3.68002489e-08 2.45891179e-08 1
LGIC_C 221 0.706419069 -0.462907057 0.000206569865 0.827616944 -0.552996408 0.0961517878
LGIC_C 222 -0.564242147 -0.185561268 0.0250140059 -4.96100919e-08 2.90231703e-08 -1
LGIC_C 223 0.271225384 0.461045528 0.0250140119 -4.80634192e-08 -3.37890445e-08 1
LGIC_C 224 -0.369055694 0.0787744673 0.0250139993 4.96100851e-08 2.90231542e-08 1
LGIC_C 225 0.187743241 -0.611415017 0.0250140114 -8.63454093e-09 4.34088369e-08 1
LGIC_C 226 0.341652413 -0.244156311 0.0250140018 -3.68002179e-08 2.45891393e-08 1
LGIC_C 227 -0.152286226 0.486169172 0.0250140057 8.63455111e-09 -4.34088279e-08 1
LGIC_C 228 0.26768152 -0.321175951 0.0250140022 -1.31306721e-08 4.82586744e-08 1
LGIC_C 229 -0.548463804 -0.0655488701 0.0250140076 4.34088238e-08 8.63459484e-09 1
LGIC_C 230 -0.656611952 -0.262854115 0.0250140047 -4.34088282e-08 2.70157287e-08 -1
LGIC_C 231 0.516453122 0.299157285 0.0250140151 3.37890593e-08 4.80634111e-08 -1
LGIC_C 232 -0.243056586 0.748713086 0.0250140179 8.63455111e-09 -4.34088279e-08 1
LGIC_C 233 0.369258866 0.231776657 0.0250140041 -4.82586616e-08 -1.31306776e-08 1
LGIC_C 234 -0.0804003422 -0.46687847 0.0250140042 8.63456455e-09 4.34088336e-08 1
LGIC_C 235 0.27317648 0.467234973 0.0250140106 -2.81018716e-08 -4.20573923e-08 1
LGIC_C 236 0.32991489 -0.0140900066 0.0250139979 -4.34088182e-08 2.48392526e-08 1
LGIC_C 237 0.683516784 -0.0255522849 0.0250140179 -4.96100802e-08 3.14742968e-08 1
LGIC_C 238 -0.162061944 0.0199448072 0.0250139917 5.7878425e-08 4.89846948e-08 1
LGIC_C 239 0.515809375 -0.291594355 0.0250140131 -4.20573976e-08 2.81018683e-08 1
LGIC_C 240 0.116423635 -0.203584074 0.0250139964 -1.28239349e-08 5.73353226e-08 1
LGIC_C 241 -0.1098527 0.253420731 0.025013997 2.8101852e-08 -4.20574041e-08 1
LGIC_C 242 0.609556269 -0.307465671 0.0250140186 -3.37890406e-08 4.80634332e-08 1
LGIC_C 243 -0.596097497 0.208126201 0.0250140149 4.96100897e-08 -9.86805572e-09 1
LGIC_C 244 0.583761036 -0.204592533 0.0250140194 -5.78784275e-08 1.15127558e-08 1
LGIC_C 245 -0.46859898 -0.420725864 0.0250140135 1.45571809e-08 5.5602105e-08 1
LGIC_C 246 0.412363562 0.491282038 0.0250140115 -2.45891309e-08 -3.68002211e-08 1
LGIC_C 247 -0.457187074 0.675701037 0.0250140194 2.45891128e-08 -3.68002333e-08 1
LGIC_C 248 0.132421359 -0.146647538 0.0250139919 -2.45891087e-08 3.68002429e-08 1
LGIC_C 249 0.497790112 -0.0462024514 0.0250140094 -4.96100802e-08 3.14742968e-08 1
LGIC_C 250 0.235953008 0.518023834 0.0250140121 -4.80634192e-08 -3.37890445e-08 1
LGIC_C 251 0.0100047317 0.65589557 0.0250140157 -6.33660387e-09 4.96100877e-08 -1
LGIC_C 252 0.1346854 0.63212542 0.0250140189 -3.14742949e-08 -4.96100822e-08 1
LGIC_C 253 0.531806224 0.318034429 0.0250140131 -4.82586616e-08 -1.31306776e-08 1
LGIC_C 254 -0.481691392 0.289585506 0.0250140135 3.37890593e-08 -4.80634052e-08 1
LGIC_C 255 -0.82401442 -0.0146806362 0.0250140186 -4.34088282e-08 2.70157287e-08 -1
LGIC_C 256 -0.300735603 0.56058651 0.0250140113 2.45891128e-08 -3.68002333e-08 1
LGIC_C 257 0.313670591 0.318100653 0.0250140027 1.3130701e-08 4.82586573e-08 -1
LGIC_C 258 -0.270706896 0.572722369 0.025014011 2.45891128e-08 -3.68002333e-08 1
LGIC_C 259 0.266529556 -0.314788612 0.0250140074 -3.27854948e-08 4.90669785e-08 1
LGIC_C 260 -0.0404831553 -0.571093134 0.025014012 9.8680833e-09 4.96100963e-08 1
LGIC_C 261 0.0983428516 0.572179901 0.0250140089 -8.63455884e-09 -4.34088253e-08 1
LGIC_C 262 -0.350200487 0.324030121 0.0250140071 4.20574045e-08 -2.81018523e-08 1
LGIC_C 263 -0.686018419 -0.269766323 0.025014006 4.96100935e-08 -4.19869172e-08 1
LGIC_C 264 0.487079625 -0.317719794 0.025014009 -3.68002179e-08 2.45891393e-08 1
LGIC_C 265 0.176264001 0.0258627037 0.0250139922 -4.96100911e-08 -9.86803575e-09 1
LGIC_C 266 -0.12674352 -0.329539837 0.0250140007 2.48392553e-08 4.34088306e-08 1
LGIC_C 267 -0.290490895 -0.255998196 0.0250140017 1.45571809e-08 5.5602105e-08 1
LGIC_C 268 -0.043756039 -0.499233263 0.0250140067 -2.90231482e-08 4.96101036e-08 1
LGIC_C 269 -0.037908582 0.685456597 0.025014017 -6.33661298e-09 -4.96100859e-08 1
LGIC_C 270 -0.0952457267 -0.0980194516 0.0250139911 7.55636799e-08 6.2887973e-09 1
LGIC_C 271 -0.498032821 -0.400100138 0.0250140114 3.68002489e-08 2.45891179e-08 1
LGIC_C 272 -0.395379096 0.295243015 0.0250140062 -4.82586679e-08 1.31306769e-08 -1
LGIC_C 273 0.702363547 -0.0884661496 0.0250140159 -4.34088182e-08 2.48392526e-08 1
LGIC_C 274 -0.33659393 0.399507331 0.0250140062 2.45891128e-08 -3.68002333e-08 1
LGIC_C 275 0.0270570966 -0.568018792 0.0250140112 6.33663526e-09 4.9610097e-08 1
LGIC_C 276 -0.0972314962 -0.44066517 0.0250140023 -2.90231482e-08 4.96101036e-08 1
LGIC_C 277 0.637058773 -0.0678598462 0.025014017 -4.96100802e-08 3.14742968e-08 1
LGIC_C 278 0.30361626 0.278052543 0.0250140013 -3.68002282e-08 -2.45891172e-08 1
LGIC_C 279 0.0811864666 -0.0902837058 0.0250139885 -2.45891087e-08 3.68002429e-08 1
LGIC_C 280 -0.288365702 -0.12205375 0.0250139942 1.45571809e-08 5.5602105e-08 1
LGIC_C 281 0.326702056 0.632092045 0.0250140203 -4.80634192e-08 -3.37890445e-08 1
LGIC_C 282 -0.272924999 -0.486370443 0.0250140089 3.95603082e-08 3.05989652e-08 1
LGIC_C 283 -0.236855295 -0.499267207 0.0250140043 7.55636799e-08 6.2887973e-09 1
LGIC_C 284 0.200847761 -0.749953202 0.0250140175 -8.63454093e-09 4.34088369e-08 1
LGIC_C 285 -0.227270235 0.53708615 0.0250140171 3.27854968e-08 -4.90669676e-08 1
LGIC_C 286 -0.493813775 0.0133752432 0.0250140074 4.96100851e-08 2.90231542e-08 1
LGIC_C 287 -0.0501223627 -0.127058157 0.0250139892 8.63456455e-09 4.34088336e-08 1
LGIC_C 288 0.0433682 -0.358164405 0.0250140007 6.33663526e-09 4.9610097e-08 1
LGIC_C 289 -0.00752829786 -0.0172816024 0.0250139841 2.45891453e-08 3.68002268e-08 1
LGIC_C 290 -0.384606056 -0.522332174 0.025014016 2.81018674e-08 4.20574117e-08 1
LGIC_C 291 -0.493885349 0.413169872 0.0250140116 3.68002297e-08 -2.45891157e-08 1
LGIC_C 292 0.432413604 0.468561304 0.0250140151 -2.81018716e-08 -4.20573923e-08 1
LGIC_C 293 -0.63276734 -0.0425608911 0.0250140134 -4.96100919e-08 2.90231703e-08 -1
LGIC_C 294 0.0486387863 -0.183766935 0.0250139944 -1.15127059e-08 5.78784511e-08 1
LGIC_C 295 -0.160337413 0.143142387 0.0250139951 6.28881943e-09 -7.55636452e-08 1
LGIC_C 296 0.517675123 0.283076041 0.025014013 -4.20574004e-08 -2.81018564e-08 1
LGIC_C 297 0.0628389923 0.312145201 0.0250139974 -8.63455884e-09 -4.34088253e-08 1
LGIC_C 298 0.034294312 -0.523593495 0.0250140095 -9.86804037e-09 4.96101e-08 1
LGIC_C 299 -0.0953143788 -0.31695292 0.0250139999 9.8680833e-09 4.96100963e-08 1
LGIC_C 300 0.39906772 -0.0333557379 0.0250140014 -4.34088182e-08 2.48392526e-08 1
LGIC_C 301 0.0987333008 0.381925633 0.0250140007 -8.63455884e-09 -4.34088253e-08 1
LGIC_C 302 0.373005982 0.350569649 0.0250140088 -4.20574004e-08 -2.81018564e-08 1
LGIC_C 303 -0.0448160713 0.315372138 0.0250139994 9.86805557e-09 -4.96100883e-08 1
LGIC_C 304 -0.180964948 0.399590551 0.0250140049 1.31306824e-08 -4.82586643e-08 1
LGIC_C 305 -0.44698576 0.21734666 0.0250140051 3.68002297e-08 -2.45891157e-08 1
LGIC_C 306 0.183332718 0.102060785 0.0250139944 3.37890593e-08 4.80634111e-08 -1
LGIC_C 307 -0.427014359 0.278136226 0.0250140075 -4.82586679e-08 1.31306769e-08 -1
LGIC_C 308 0.623355034 -0.26360787 0.0250140127 -3.68002179e-08 2.45891393e-08 1
LGIC_C 309 0.162200656 0.130529804 0.0250139924 -3.68002282e-08 -2.45891172e-08 1
LGIC_C 310 0.0573633291 0.794459467 0.0250140182 -8.63455884e-09 -4.34088253e-08 1
LGIC_C 311 0.561544516 0.591146347 0.0250140188 -2.45891309e-08 -3.68002211e-08 1
LGIC_C 312 0.329475048 0.226404087 0.0250140035 -4.20574004e-08 -2.81018564e-08 1
LGIC_C 313 0.635349798 0.346117943 0.0250140151 -3.68002282e-08 -2.45891172e-08 1
LGIC_C 314 -0.240778585 0.483137287 0.025014007 2.45891128e-08 -3.68002333e-08 1
LGIC_C 315 -0.093000035 0.00308071541 0.0250139879 4.96100897e-08 -9.86805572e-09 1
LGIC_C 316 -0.242226155 -0.196375475 0.0250139996 6.28883752e-09 7.55636663e-08 1
LGIC_C 317 -0.399319481 -0.180221849 0.0250140024 3.68002489e-08 2.45891179e-08 1
LGIC_C 318 -0.158870315 -0.3512143 0.0250139972 -5.56021111e-08 -1.45571543e-08 -1
LGIC_C 319 -0.535156809 -0.05294975 0.0250140051 -4.34088282e-08 2.70157287e-08 -1
LGIC_C 320 0.428046107 0.596299312 0.0250140204 -2.81018716e-08 -4.20573923e-08 1
LGIC_C 321 0.614427933 -0.322050636 0.0250140195 -3.37890406e-08 4.80634332e-08 1
LGIC_C 322 0.561636121 0.205794776 0.0250140181 -5.78784335e-08 -1.15127284e-08 1
LGIC_C 323 -0.304687776 -0.670645867 0.02501402 2.81018674e-08 4.20574117e-08 1
LGIC_C 324 0.0126834935 0.722215599 0.025014019 -6.33660387e-09 4.96100877e-08 -1
LGIC_C 325 0.436880573 0.643457805 0.0250140177 -2.45891309e-08 -3.68002211e-08 1
LGIC_C 326 0.192241139 0.665379968 0.0250140151 -6.33660387e-09 4.96100877e-08 -1
LGIC_C 327 -0.317195135 -0.0277747171 0.0250139982 -4.96100919e-08 2.90231703e-08 -1
LGIC_C 328 -0.418455238 0.0227067851 0.025014002 4.34088279e-08 -2.48392273e-08 1
LGIC_C 329 0.654451821 -0.178265449 0.0250140175 -4.96100859e-08 9.86807898e-09 1
LGIC_C 330 0.372197659 -0.0324757001 0.0250140027 -4.96100802e-08 3.14742968e-08 1
LGIC_C 331 0.263026118 -0.0632319174 0.0250139962 -4.34088182e-08 2.48392526e-08 1
LGIC_C 332 -0.0110927138 -0.349588095 0.0250140007 9.8680833e-09 4.96100963e-08 1
LGIC_C 333 0.485662656 0.172069408 0.0250140058 -4.34088272e-08 -8.63453573e-09 1
LGIC_C 334 0.259132102 0.807139375 0.0174893662 0.194186548 0.976240951 0.0961519121
LGIC_C 335 0.181223945 0.623515755 0.0250140131 -6.33660387e-09 4.96100877e-08 -1
LGIC_C 336 -0.751942587 0.0253277056 0.0250140165 4.34088279e-08 -2.48392273e-08 1
LGIC_C 337 -0.0648947957 -0.00251778482 0.0250139864 4.96100935e-08 -4.19869172e-08 1
LGIC_C 338 -0.160105668 0.270581683 0.0250139972 2.45891128e-08 -3.68002333e-08 1
LGIC_C 339 0.17547013 -0.253475153 0.0250139978 -1.31306721e-08 4.82586744e-08 1
LGIC_C 340 -0.278133236 0.619743871 0.0250140172 2.8101852e-08 -4.20574041e-08 1
LGIC_C 341 -0.0320611268 -0.702787823 0.025014014 8.63456455e-09 4.34088336e-08 1
LGIC_C 342 -0.858454631 -0.0165160858 -0.0138099101 -0.976240825 -0.194187339 0.0961515894
LGIC_C 343 0.27277401 0.437914458 0.025014008 1.3130701e-08 4.82586573e-08 -1
LGIC_C 344 -0.138661657 0.0363510226 0.0250139895 5.7878425e-08 4.89846948e-08 1
LGIC_C 345 -0.0822466112 -0.0927306524 0.0250139901 7.55636799e-08 6.2887973e-09 1
LGIC_C 346 0.375565665 0.350088077 0.0250140057 -3.68002282e-08 -2.45891172e-08 1
LGIC_C 347 0.452457692 -0.207438894 0.0250140122 -4.90669481e-08 3.27855328e-08 1
LGIC_C 348 -0.13247943 -0.633864897 0.025014016 9.8680833e-09 4.96100963e-08 1
LGIC_C 349 -0.120327237 -0.575036933 0.0250140083 -2.90231482e-08 4.96101036e-08 1
LGIC_C 350 -0.224081284 0.375828593 0.0250140026 2.45891128e-08 -3.68002333e-08 1
LGIC_C 351 -0.100109778 0.0787483353 0.0250139904 3.37890593e-08 -4.80634052e-08 1
LGIC_C 352 -0.170457794 -0.375628793 0.0250140015 3.95603082e-08 3.05989652e-08 1
LGIC_C 353 -0.305952468 0.131101961 0.0250139998 4.20574045e-08 -2.81018523e-08 1
LGIC_C 354 0.177529371 0.250409801 0.0250139988 -2.81018716e-08 -4.20573923e-08 1
LGIC_C 355 0.097416245 -0.526759677 0.0250140127 1.00935263e-08 5.7878447e-08 1
LGIC_C 356 0.124658708 0.762754092 0.0250140174 -8.63455884e-09 -4.34088253e-08 1
LGIC_C 357 0.751435249 0.18715979 0.0250140193 -4.96100869e-08 6.3366408e-09 1
LGIC_C 358 0.0767504898 -0.0659461138 0.0250139892 -4.90669481e-08 3.27855328e-08 1
LGIC_C 359 -0.179292606 0.171225026 0.0250139973 6.28881943e-09 -7.55636452e-08 1
LGIC_C 360 -0.476467231 0.435303704 0.0250140115 3.68002297e-08 -2.45891157e-08 1
LGIC_C 361 0.585930139 -0.137210481 0.0250140137 -4.96100859e-08 9.86807898e-09 1
LGIC_C 362 -0.395558532 -0.128888255 0.0250139992 -4.96100919e-08 2.90231703e-08 -1
LGIC_C 363 -0.433081463 0.387177702 0.0250140124 4.20574045e-08 -2.81018523e-08 1
LGIC_C 364 0.103976714 0.159656052 0.0250139945 -3.27855134e-08 -4.90669575e-08 1
LGIC_C 365 0.616329918 -0.302935181 0.0250140177 -4.20573976e-08 2.81018683e-08 1
LGIC_C 366 -0.266619333 -0.67207231 0.025014019 2.48392553e-08 4.34088306e-08 1
LGIC_C 367 0.412800767 -0.141758503 0.0250140047 -4.34088182e-08 2.48392526e-08 1
LGIC_C 368 -0.101580263 -0.29538919 0.0250139986 2.48392553e-08 4.34088306e-08 1
LGIC_C 369 -0.078366083 -0.610424258 0.0250140112 -2.90231482e-08 4.96101036e-08 1
LGIC_C 370 -0.417462145 -0.531430591 0.0250140131 2.45891453e-08 3.68002268e-08 1
LGIC_C 371 0.180248169 0.113678041 0.0250139927 -3.68002282e-08 -2.45891172e-08 1
LGIC_C 372 -0.0775772498 0.431518995 0.0250140027 8.63455111e-09 -4.34088279e-08 1
LGIC_C 373 -0.546916813 0.531508072 0.0250140165 3.68002297e-08 -2.45891157e-08 1
LGIC_C 374 0.10459455 -0.268382385 0.0250139959 6.33663526e-09 4.9610097e-08 1
LGIC_C 375 0.186038618 -0.588060968 0.0250140154 1.00935263e-08 5.7878447e-08 1
LGIC_C 376 0.459646579 0.39224331 0.0250140136 -4.20574004e-08 -2.81018564e-08 1
LGIC_C 377 0.30477753 0.174895272 0.0250139988 -3.68002282e-08 -2.45891172e-08 1
LGIC_C 378 -0.637571686 0.0767256847 0.0250140127 4.96100851e-08 2.90231542e-08 1
LGIC_C 379 -0.0693683814 -0.468645525 0.0250140072 9.8680833e-09 4.96100963e-08 1
LGIC_C 380 0.118708628 0.618239312 0.0250140151 -9.86806672e-09 -4.96100854e-08 1
LGIC_C 381 0.00385419068 0.62991264 0.0250140145 -6.33660387e-09 4.96100877e-08 -1
LGIC_C 382 0.572393369 -0.289335457 0.0250140165 -3.37890406e-08 4.80634332e-08 1
LGIC_C 383 0.30074473 -0.471645645 0.0250140162 -3.27854948e-08 4.90669785e-08 1
LGIC_C 384 -0.470281525 -0.405953089 0.0250140169 6.28883752e-09 7.55636663e-08 1
LGIC_C 385 0.597614696 0.0632965034 0.0250140186 -5.78784335e-08 -1.15127284e-08 1
LGIC_C 386 0.563880488 -0.419662485 0.0250140143 -3.68002179e-08 2.45891393e-08 1
LGIC_C 387 0.530637008 -0.262693818 0.0250140138 -3.37890406e-08 4.80634332e-08 1
LGIC_C 388 -0.0429299376 0.476381781 0.0250140073 9.86805557e-09 -4.96100883e-08 1
LGIC_C 389 0.401668836 -0.326447211 0.0250140093 -4.20573976e-08 2.81018683e-08 1
LGIC_C 390 0.551864603 0.0419815865 0.0250140103 -4.96100869e-08 6.3366408e-09 1
LGIC_C 391 -0.22964769 0.137599616 0.0250139976 3.37890593e-08 -4.80634052e-08 1
LGIC_C 392 -0.18284125 -0.599638082 0.0250140077 -2.90231482e-08 4.96101036e-08 1
LGIC_C 393 -0.00277385122 -0.322732429 0.0250139973 8.63456455e-09 4.34088336e-08 1
LGIC_C 394 0.416151251 0.66388055 0.0250140179 -2.45891309e-08 -3.68002211e-08 1
LGIC_C 395 0.330582119 0.475792175 0.0250140106 1.3130701e-08 4.82586573e-08 -1
LGIC_C 396 0.24552807 0.443269617 0.0250140079 1.3130701e-08 4.82586573e-08 -1
LGIC_C 397 -0.640401596 0.202227497 0.0250140128 4.34088259e-08 -8.63455061e-09 1
LGIC_C 398 -0.585879397 0.252458717 0.0250140152 3.37890593e-08 -4.80634052e-08 1
LGIC_C 399 0.550904515 -0.149512977 0.0250140153 -4.96100802e-08 3.14742968e-08 1
