VGCC_O 9 0.0953603447 -0.018533153 0.0466930096 -1.14792244e-06 -1.24564753e-07 -1
VGCC_O 3 0.0772568984 -0.00428239309 0.046693036 -1.41802159e-06 2.82063681e-07 -1
VGCC_O 1 -0.126159285 0.0151063295 0.0466933189 -1.62059625e-06 3.22356338e-07 -1
VGCC_O 8 -0.134706799 0.0161271258 0.0466933331 -1.62059677e-06 3.22356891e-07 -1
CaBS 10 0.0961605622 -0.00604666079 0.0663333061 -0.346545998 0.867982935 -0.355684546
CaBS 11 0.0989427152 -0.0109159181 0.0828761526 -0.748611723 0.322508223 0.579283121
CaBS 13 0.0989819429 -0.0171688144 0.0842775512 -0.329239867 -0.132369096 0.934922207
CaBS 14 0.106398786 -0.0314576545 0.0806737095 -0.321328743 -0.750213836 0.577864204
CaBS 15 0.111046784 -0.033505726 0.0652824018 0.344822999 -0.867728964 -0.357971429
CaBS 16 0.108601309 -0.0308043468 0.0566845499 -0.324116536 -0.749802846 -0.576839807
CaBS 17 0.116891047 -0.0211255438 0.0826229735 0.751399702 -0.322919474 0.575431578
CaBS 19 0.0952904232 -0.022502926 0.0572820126 -0.333750671 -0.131704002 -0.933415527
CaBS 20 0.102058468 -0.0224169814 0.0846179214 -0.329239867 -0.132369096 0.934922207
CaBS 21 0.0998919559 -0.0349518555 0.0716420942 -0.735818491 -0.677177075 0.00153536998
CaBS 22 0.103412381 -0.00614453231 0.0590289698 -0.346545998 0.867982935 -0.355684546
CaBS 23 0.0993038782 -0.0284354712 0.058829446 -0.324116536 -0.749802846 -0.576839807
CaBS 24 0.113178654 -0.023220336 0.0850403047 0.333750516 0.131703927 0.933415593
Ca 4 0.254835148 0.296844948 0.286015632 0 0 0
Ca 4 0.0491031555 -0.0205030748 0.246737003 0 0 0
Ca 1 0.148324732 -0.573693148 0.702367121 0 0 0
Ca 1 -0.245168456 0.24803614 0.476616073 0 0 0
Ca 6 -0.48705047 0.46965626 0.363916489 0 0 0
Ca 6 0.187969124 -0.138908037 0.454145672 0 0 0
Ca 1 0.0335526655 0.622911209 0.177336235 0 0 0
Ca 8 -0.382555465 0.172669945 0.832908378 0 0 0
Ca 6 -0.194337252 0.0273881286 0.886530081 0 0 0
Ca 8 -0.159328834 -0.088517303 1.17089097 0 0 0
Ca 4 -0.134619187 0.0343180335 0.30003988 0 0 0
Ca 1 0.231122482 0.339857819 0.713565929 0 0 0
Ca 6 -0.342059396 -0.555811778 0.45001688 0 0 0
CaBS_Ca 72 0.0957869752 -0.0250506362 0.0820364873 -0.329239867 -0.132369096 0.934922207
Ca 8 -0.0343451335 0.535866643 0.288440593 0 0 0
Ca 4 0.424467516 0.262510338 0.33471294 0 0 0
Ca 8 -0.271976456 0.211446292 0.280183497 0 0 0
Ca 8 0.201983032 -0.216295643 0.693373702 0 0 0
Ca 4 -0.108490663 0.559518789 0.497649352 0 0 0
Ca 7 0.544879086 0.335796931 0.244656569 0 0 0
Ca 4 0.337606918 0.111004898 0.701208716 0 0 0
Ca 8 -0.261381738 -0.260737374 0.253482677 0 0 0
Ca 4 0.0983437215 0.365803793 0.887493974 0 0 0
Ca 8 -0.261168893 -0.292923408 0.429022213 0 0 0
Ca 6 -0.496262949 0.280825396 0.302074561 0 0 0
Ca 1 0.363340671 0.48335769 0.720550522 0 0 0
Ca 6 0.118708229 -0.423955094 0.694594717 0 0 0
Ca 4 -0.0659341562 0.149370425 0.359098805 0 0 0
Ca 1 -0.316899357 0.176605062 0.458319361 0 0 0
Ca 1 0.281273231 0.495993419 0.16940705 0 0 0
Ca 4 -0.0257304815 0.0379200904 0.54019418 0 0 0
Ca 8 -0.00616996968 -0.360398675 0.635722163 0 0 0
Ca 6 -0.255759962 -0.571247663 0.118144604 0 0 0
Ca 7 -0.0234355108 0.484609457 0.304906297 0 0 0
Ca 6 -0.166879813 -0.0401089202 0.0685843701 0 0 0
Ca 1 -0.346752025 0.12147902 0.272577275 0 0 0
Ca 8 -0.32557037 0.416714519 0.528833881 0 0 0
Ca 8 0.501403079 0.208875493 0.370124504 0 0 0
Ca 6 -0.135970988 0.441336706 0.73366485 0 0 0
Ca 6 0.235328762 0.0717804638 0.0596557659 0 0 0
Ca 6 0.117532821 -0.0702921855 0.462132843 0 0 0
Ca 6 0.0582552516 0.158300924 0.398405834 0 0 0
Ca 1 -0.0590687749 0.147254507 0.372699291 0 0 0
Ca 1 -0.515603025 0.188525187 0.298615278 0 0 0
Ca 8 0.507556213 -0.000897944745 0.586294348 0 0 0
Ca 7 -0.261366579 0.0792398391 0.0806902559 0 0 0
Ca 8 0.00560177809 0.413097055 0.265687997 0 0 0
Ca 7 -0.227386086 0.0194101393 0.599806063 0 0 0
Ca 7 -0.220114821 -0.127782001 0.150099524 0 0 0
Ca 6 0.246046338 0.391370733 0.277823647 0 0 0
Ca 8 -0.123035248 -0.0906999889 0.318484001 0 0 0
Ca 4 0.388465149 0.45316798 0.157574664 0 0 0
Ca 8 -0.222404036 0.11264622 0.185828112 0 0 0
Ca 6 0.112452027 0.191318645 0.142779783 0 0 0
Ca 7 -0.0239696749 0.0799830639 0.367307582 0 0 0
Ca 4 -0.187847812 -0.0877444884 0.104410221 0 0 0
Ca 6 -0.158593219 -0.033092881 0.33062948 0 0 0
Ca 7 -0.0488870489 0.0862374602 0.329108986 0 0 0
Ca 8 -0.0497478699 0.0354139375 0.0967773224 0 0 0
Ca 7 -0.333890538 0.126570663 0.21192752 0 0 0
Ca 6 -0.00804904965 -0.130609148 0.0822507916 0 0 0
Ca 7 -0.197543433 0.0877216931 0.365640714 0 0 0
Ca 1 -0.122804999 0.0406264942 0.127310888 0 0 0
Ca 8 -0.406283992 0.0508722828 0.122011524 0 0 0
Ca 7 -0.101455007 0.311710183 0.41496121 0 0 0
Ca 1 0.13445631 0.278359997 0.159951167 0 0 0
Ca 8 -0.277675977 0.00896886454 0.0657748432 0 0 0
Ca 4 -0.267219976 -0.0591563026 0.0490034272 0 0 0
Ca 6 -0.0693902959 0.0605988442 0.312734909 0 0 0
Ca 1 -0.233681065 0.0917142668 0.172817135 0 0 0
Ca 4 -0.108206669 -0.159092633 0.200258998 0 0 0
Ca 1 -0.0304772287 0.0467727113 0.237711905 0 0 0
Ca 4 0.0613825956 0.0756309916 0.0933237464 0 0 0
Ca 4 -0.137350971 0.155596587 0.305113858 0 0 0
Ca 8 0.169520696 0.123556333 0.177948305 0 0 0
Ca 7 -0.178610327 0.0298492769 0.122167446 0 0 0
Ca 4 0.0789320069 -0.0910501912 0.229682832 0 0 0
Ca 1 -0.27258605 0.0297009824 0.0969212813 0 0 0
Ca 8 -0.156276869 0.065116196 0.116577653 0 0 0
Ca 8 -0.0764865459 -0.0723847615 0.126557272 0 0 0
Ca 8 -0.0498319591 0.115014666 0.0751313674 0 0 0
Ca 6 -0.108201374 0.0404408236 0.0698322788 0 0 0
Ca 8 -0.166680998 -0.0224023275 0.0720589191 0 0 0
Ca 6 -0.128634683 -0.00411429162 0.0475325783 0 0 0
Ca 6 -0.117906809 0.0265732836 0.046683076 0 0 0
VGCC_O 7 -0.137449801 0.00579357966 0.0466933342 -1.62059625e-06 3.22356338e-07 -1
VGCC_O 0 0.11238887 -0.0311459409 0.0466929927 -1.01287282e-06 -1.51427976e-07 -1
VGCC_O 2 0.119933892 -0.04777957 0.0466929781 -1.41802115e-06 2.82063236e-07 -1
VGCC_O 5 0.113746944 -0.0200409323 0.0466929896 -1.01287282e-06 -1.51427976e-07 -1
VGCC_O 6 -0.12622171 0.0241576588 0.046693322 -1.62059677e-06 3.22356891e-07 -1
VGCC_O 4 -0.108229728 0.00324736392 0.0466932869 -8.10297798e-07 1.61178104e-07 -1
TAG 41 -0.105784995 0.0105052503 0.0536665039 -0.333750681 -0.131703993 -0.933415524
TAG 71 -0.096079873 0.00270213046 0.0564810255 0.74861179 -0.322508554 -0.579282851
TAG 70 -0.118208439 0.00383577013 0.0653592954 -0.735818461 -0.677177107 0.0015353549
TAG 69 -0.119239302 0.00795267007 0.0681959954 -0.999896295 -0.0141984574 0.00240892698
TAG 67 -0.115078276 0.000454692191 0.0742448755 -0.735818461 -0.677177107 0.0015353549
TAG 65 0.119072188 -0.020557456 0.0800936336 0.751399702 -0.322919474 0.575431578
TAG 63 -0.104896891 0.0149528875 0.0527352849 0.329239713 0.132369034 -0.93492227
TAG 62 -0.0995730683 0.0302300905 0.0690462359 0.3213287 0.750213891 -0.577864158
TAG 59 -0.100018848 -0.00188752594 0.0603333581 0.344822933 -0.867729023 -0.35797135
TAG 55 -0.119337383 0.0151637023 0.0699872324 -0.999896295 -0.0141984574 0.00240892698
TAG 54 -0.104785227 0.0261860029 0.076486355 -0.344822968 0.867728888 0.357971643
TAG 53 -0.089146311 -0.000197085518 0.0670554248 0.74861179 -0.322508554 -0.579282851
TAG 52 -0.119278263 0.0119799944 0.0757618237 -0.999896295 -0.0141984574 0.00240892698
TAG 51 -0.102448777 0.00747370566 0.0865367572 -0.329239868 -0.132369105 0.934922205
TAG 45 -0.113699624 0.0170707545 0.0588716642 -0.751399624 0.322919173 -0.575431849
TAG 44 -0.11923843 0.00668793202 0.0611035411 -0.999896295 -0.0141984574 0.00240892698
LGIC_C 0 0.49786114 0.235095756 0.0250140108 -4.20574004e-08 -2.81018564e-08 1
LGIC_C 1 -0.32204048 0.0604263293 0.0250139978 4.34088259e-08 -8.63455061e-09 1
LGIC_C 2 -0.524788333 0.0917782812 0.0250140102 4.96100897e-08 -9.86805572e-09 1
LGIC_C 3 0.251278872 -0.63289355 0.0250140171 -9.86804037e-09 4.96101e-08 1
LGIC_C 4 -0.365030052 -0.230603624 0.0250140029 6.28883752e-09 7.55636663e-08 1
LGIC_C 5 0.0233352877 -0.530495663 0.0250140137 1.00935263e-08 5.7878447e-08 1
LGIC_C 6 -0.318655336 0.455631552 0.0250140135 1.28239438e-08 -5.73353116e-08 1
LGIC_C 7 -0.699965202 0.452345383 0.0250140202 3.68002297e-08 -2.45891157e-08 1
LGIC_C 8 -0.212690538 0.285963873 0.025013999 2.45891128e-08 -3.68002333e-08 1
LGIC_C 9 -0.469261353 -0.270080629 0.0250140066 6.28883752e-09 7.55636663e-08 1
LGIC_C 10 -0.379629232 -0.618253822 0.0250140172 3.95603082e-08 3.05989652e-08 1
LGIC_C 11 0.175453796 0.571045737 0.0250140105 -6.33660387e-09 4.96100877e-08 -1
LGIC_C 12 0.361174187 0.150458425 0.0250140059 -4.90669739e-08 -3.27854893e-08 1
LGIC_C 13 0.702298674 -0.121799568 0.0250140193 -4.96100859e-08 9.86807898e-09 1
LGIC_C 14 0.656740503 0.225704661 0.0250140144 -4.96100869e-08 6.3366408e-09 1
LGIC_C 15 -0.446718394 -0.344029579 0.0250140079 5.39043203e-09 6.47688584e-08 1
LGIC_C 16 0.654987017 -0.118854288 0.0250140169 -4.96100859e-08 9.86807898e-09 1
LGIC_C 17 -0.529225556 0.343012429 0.0250140133 -4.82586679e-08 1.31306769e-08 -1
LGIC_C 18 0.273179559 -0.429312764 0.025014009 -2.81018481e-08 4.20574137e-08 1
LGIC_C 19 -0.335768194 0.284428002 0.0250140083 3.37890593e-08 -4.80634052e-08 1
LGIC_C 20 0.142676495 -0.364283846 0.025014006 -1.15127059e-08 5.78784511e-08 1
LGIC_C 21 -0.0132190251 -0.164956453 0.025013991 -2.90231482e-08 4.96101036e-08 1
LGIC_C 22 0.15593897 0.638627626 0.0250140165 -9.86806672e-09 -4.96100854e-08 1
LGIC_C 23 -0.455489654 0.401323285 0.0250140099 3.68002297e-08 -2.45891157e-08 1
LGIC_C 24 0.125206022 0.471831407 0.0250140079 -9.86806672e-09 -4.96100854e-08 1
LGIC_C 25 0.413285449 0.0217905573 0.0250140014 -4.34088272e-08 -8.63453573e-09 1
LGIC_C 26 -0.0461758582 0.278294779 0.0250139999 1.15127271e-08 -5.78784352e-08 1
LGIC_C 27 -0.259793534 0.482463209 0.0250140155 3.27854968e-08 -4.90669676e-08 1
LGIC_C 28 0.657939286 0.0744032922 0.0250140124 -4.34088272e-08 -8.63453573e-09 1
LGIC_C 29 -0.597908583 -0.0926182287 0.0250140134 5.7878436e-08 -4.89847332e-08 1
LGIC_C 30 0.648615178 0.0559924998 0.0250140151 -4.96100869e-08 6.3366408e-09 1
LGIC_C 31 -0.390705836 -0.473630175 0.0250140132 3.95603082e-08 3.05989652e-08 1
LGIC_C 32 0.0394929453 0.0869032081 0.025013988 1.3130701e-08 4.82586573e-08 -1
LGIC_C 33 -0.0226285474 0.614647739 0.0250140101 8.63455111e-09 -4.34088279e-08 1
LGIC_C 34 0.223560386 -0.455456657 0.0250140129 -3.27854948e-08 4.90669785e-08 1
LGIC_C 35 -0.178559944 -0.518866187 0.0250140038 -2.90231482e-08 4.96101036e-08 1
LGIC_C 36 0.541999988 -0.603735878 0.0250140188 -2.45891087e-08 3.68002429e-08 1
LGIC_C 37 0.150500108 0.767324836 0.0250140179 -8.63455884e-09 -4.34088253e-08 1
LGIC_C 38 0.747093421 -0.315998096 0.0250140186 -3.05989503e-08 3.95603122e-08 1
LGIC_C 39 0.700942225 0.313370133 0.0250140167 -3.68002282e-08 -2.45891172e-08 1
LGIC_C 40 -0.726362628 0.0336320702 0.0250140156 4.34088279e-08 -2.48392273e-08 1
LGIC_C 41 -0.511967745 0.622060507 0.0250140188 2.45891128e-08 -3.68002333e-08 1
LGIC_C 42 -0.24774622 -0.640916025 0.0250140132 8.63456455e-09 4.34088336e-08 1
LGIC_C 43 -0.566028488 -0.540623231 0.0250140167 1.15916899e-08 4.97976879e-08 1
LGIC_C 44 0.311568054 0.545111442 0.0250140137 1.3130701e-08 4.82586573e-08 -1
LGIC_C 45 0.0211430488 -0.23493542 0.0250139948 6.33663526e-09 4.9610097e-08 1
LGIC_C 46 -0.218421326 -0.195014206 0.025013997 5.39043203e-09 6.47688584e-08 1
LGIC_C 47 0.483290718 -0.185277624 0.0250140133 -5.78784275e-08 1.15127558e-08 1
LGIC_C 48 -0.044002335 -0.440096319 0.0250140027 8.63456455e-09 4.34088336e-08 1
LGIC_C 49 -0.527439614 -0.214301386 0.025014008 4.34088238e-08 8.63459484e-09 1
LGIC_C 50 0.28029977 -0.305792856 0.0250140074 -3.27854948e-08 4.90669785e-08 1
LGIC_C 51 -0.593358666 -0.00621338793 0.0250140089 -4.34088282e-08 2.70157287e-08 -1
LGIC_C 52 0.637487822 -0.193189304 0.0250140157 -4.34088182e-08 2.48392526e-08 1
LGIC_C 53 0.352143223 -0.0889939798 0.0250140007 -4.34088182e-08 2.48392526e-08 1
LGIC_C 54 -0.0298068374 -0.216055016 0.0250139943 -4.89847109e-08 5.78784581e-08 1
LGIC_C 55 0.417146491 0.533275307 0.0250140131 -2.45891309e-08 -3.68002211e-08 1
LGIC_C 56 -0.152793857 -0.250612558 0.0250139954 -5.56021111e-08 -1.45571543e-08 -1
LGIC_C 57 -0.0794961372 0.433234528 0.0250140073 -3.14742797e-08 4.96100914e-08 -1
LGIC_C 58 0.442044144 -0.0390624628 0.0250140034 -4.34088182e-08 2.48392526e-08 1
LGIC_C 59 -0.387553015 -0.199446897 0.025014 1.45571809e-08 5.5602105e-08 1
LGIC_C 60 0.134828397 0.509433481 0.0250140128 -3.14742949e-08 -4.96100822e-08 1
LGIC_C 61 -0.409931953 0.363440469 0.0250140107 4.20574045e-08 -2.81018523e-08 1
LGIC_C 62 -0.091726541 0.436092177 0.0250140078 -3.14742797e-08 4.96100914e-08 -1
LGIC_C 63 0.210968243 -0.0301662401 0.025013994 -4.96100859e-08 9.86807898e-09 1
LGIC_C 64 -0.256098899 0.0374163886 0.0250139962 5.7878425e-08 4.89846948e-08 1
LGIC_C 65 0.0590809538 0.330331301 0.0250140002 -9.86806672e-09 -4.96100854e-08 1
LGIC_C 66 -0.282796813 -0.290395107 0.0250140009 2.45891453e-08 3.68002268e-08 1
LGIC_C 67 -0.479151076 0.405912089 0.025014017 6.28881943e-09 -7.55636452e-08 1
LGIC_C 68 -0.607464963 -0.0915508052 0.0250140072 -4.34088282e-08 2.70157287e-08 -1
LGIC_C 69 -0.703071106 -0.313857299 0.0250140168 3.68002489e-08 2.45891179e-08 1
LGIC_C 70 -0.023260966 0.430265054 0.0250140021 8.63455111e-09 -4.34088279e-08 1
LGIC_C 71 0.598146627 0.143216864 0.0250140195 -5.78784335e-08 -1.15127284e-08 1
LGIC_C 72 0.107914164 0.33677509 0.0250139993 -6.33660387e-09 4.96100877e-08 -1
LGIC_C 73 -0.0266230246 0.0210148223 0.0250139848 3.68002297e-08 -2.45891157e-08 1
LGIC_C 74 0.515174293 0.453087629 0.025014014 -4.82586616e-08 -1.31306776e-08 1
LGIC_C 75 0.542511017 -0.596037046 0.0250140185 -2.45891087e-08 3.68002429e-08 1
LGIC_C 76 -0.664505668 0.0842179182 0.0250140138 4.96100851e-08 2.90231542e-08 1
LGIC_C 77 0.331835995 -0.228248346 0.0250140024 -3.05989503e-08 3.95603122e-08 1
LGIC_C 78 0.243871994 0.371104302 0.0250140095 -3.27855134e-08 -4.90669575e-08 1
LGIC_C 79 -0.600528516 -0.256995895 0.025014003 1.15916899e-08 4.97976879e-08 1
LGIC_C 80 0.686417708 -0.0449703629 0.0250140134 -4.34088226e-08 8.63456802e-09 1
LGIC_C 81 0.0753056899 0.685271539 0.0250140168 -6.33660387e-09 4.96100877e-08 -1
LGIC_C 82 0.496468474 -0.354447393 0.0250140124 -3.05989503e-08 3.95603122e-08 1
LGIC_C 83 -0.363786407 0.270011324 0.0250140044 -4.82586679e-08 1.31306769e-08 -1
LGIC_C 84 0.245999208 0.498147536 0.0250140105 1.3130701e-08 4.82586573e-08 -1
LGIC_C 85 -0.0559485073 0.128119808 0.0250139913 1.28239438e-08 -5.73353116e-08 1
LGIC_C 86 0.527285833 -0.341315747 0.0250140174 -3.37890406e-08 4.80634332e-08 1
LGIC_C 87 -0.349238199 -0.243832689 0.0250140019 1.45571809e-08 5.5602105e-08 1
LGIC_C 88 -0.568884982 -0.504412195 0.025014015 1.15916899e-08 4.97976879e-08 1
LGIC_C 89 0.301528559 -0.521807423 0.0250140124 -1.31306721e-08 4.82586744e-08 1
LGIC_C 90 -0.345937531 -0.329453128 0.0250140066 1.45571809e-08 5.5602105e-08 1
LGIC_C 91 0.129756152 0.796907369 0.025014019 -8.63455884e-09 -4.34088253e-08 1
LGIC_C 92 0.220361549 -0.662344576 0.0250140147 6.33663526e-09 4.9610097e-08 1
LGIC_C 93 -0.085108073 0.561301261 0.0250140106 -6.33661298e-09 -4.96100859e-08 1
LGIC_C 94 0.15142159 -0.0443545675 0.0250139921 -4.96100802e-08 3.14742968e-08 1
LGIC_C 95 -0.310312757 -0.363281253 0.0250140058 -5.56021111e-08 -1.45571543e-08 -1
LGIC_C 96 0.336048066 -0.0190357347 0.0250140001 -4.96100859e-08 9.86807898e-09 1
LGIC_C 97 -0.414464313 0.100238222 0.0250140009 4.96100851e-08 2.90231542e-08 1
LGIC_C 98 -0.331521591 -0.533243217 0.0250140127 3.95603082e-08 3.05989652e-08 1
LGIC_C 99 0.239046276 -0.0409074863 0.0250139964 -4.96100802e-08 3.14742968e-08 1
LGIC_C 100 -0.335392958 -0.485424289 0.0250140094 2.45891453e-08 3.68002268e-08 1
LGIC_C 101 -0.363190072 0.00943024336 0.0250140014 4.96100897e-08 -9.86805572e-09 1
LGIC_C 102 -0.334082065 0.439764647 0.0250140128 1.28239438e-08 -5.73353116e-08 1
LGIC_C 103 -0.432834554 -0.0332412208 0.0250140023 4.34088238e-08 8.63459484e-09 1
LGIC_C 104 0.578728489 -0.236620765 0.0250140143 -4.96100859e-08 9.86807898e-09 1
LGIC_C 105 -0.35944295 0.121709692 0.0250140019 4.34088279e-08 -2.48392273e-08 1
LGIC_C 106 -0.292512978 0.732301161 0.0250140176 8.63455111e-09 -4.34088279e-08 1
LGIC_C 107 -0.723722247 -0.286070649 0.0250140171 4.34088238e-08 8.63459484e-09 1
LGIC_C 108 -0.0534715257 -0.530765332 0.0250140076 2.48392553e-08 4.34088306e-08 1
LGIC_C 109 0.179745389 0.119240018 0.0250139935 -4.82586616e-08 -1.31306776e-08 1
LGIC_C 110 -0.167079844 -0.70480531 0.0250140153 8.63456455e-09 4.34088336e-08 1
LGIC_C 111 -0.514778425 -0.171318561 0.0250140038 -4.96100919e-08 2.90231703e-08 -1
LGIC_C 112 0.716063844 -0.0252760652 0.0250140195 -4.96100802e-08 3.14742968e-08 1
LGIC_C 113 -0.03609175 -0.686066294 0.0250140139 2.48392553e-08 4.34088306e-08 1
LGIC_C 114 -0.351181339 0.410865652 0.0250140113 1.28239438e-08 -5.73353116e-08 1
LGIC_C 115 0.508447437 -0.423387082 0.0250140155 -3.05989503e-08 3.95603122e-08 1
LGIC_C 116 0.175506024 -0.451293272 0.0250140076 1.00935263e-08 5.7878447e-08 1
LGIC_C 117 -0.18612123 -0.0194325702 0.0250139919 -4.96100919e-08 2.90231703e-08 -1
LGIC_C 118 -0.33139404 -0.333109132 0.0250140065 -5.56021111e-08 -1.45571543e-08 -1
LGIC_C 119 0.0840647665 0.422807102 0.0250140051 -9.86806672e-09 -4.96100854e-08 1
LGIC_C 120 0.0383252055 0.516720863 0.0250140093 -9.86806672e-09 -4.96100854e-08 1
LGIC_C 121 -0.43836674 -0.399136687 0.0250140082 1.15916899e-08 4.97976879e-08 1
LGIC_C 122 0.601606348 -0.332764527 0.0250140136 -3.68002179e-08 2.45891393e-08 1
LGIC_C 123 0.347881283 -0.339294008 0.0250140114 -4.90669481e-08 3.27855328e-08 1
LGIC_C 124 0.504317532 -0.42772162 0.0250140123 -3.68002179e-08 2.45891393e-08 1
LGIC_C 125 0.136895525 -0.171961329 0.0250139933 -1.31306721e-08 4.82586744e-08 1
LGIC_C 126 0.640489702 -0.343771506 0.0250140164 -3.05989503e-08 3.95603122e-08 1
LGIC_C 127 0.26087819 -0.285923934 0.0250140005 -1.31306721e-08 4.82586744e-08 1
LGIC_C 128 0.256716705 -0.363995762 0.0250140029 -2.45891087e-08 3.68002429e-08 1
LGIC_C 129 0.389028493 -0.0922838958 0.0250140009 -4.34088226e-08 8.63456802e-09 1
LGIC_C 130 -0.657302887 0.169118628 0.0250140133 4.34088259e-08 -8.63455061e-09 1
LGIC_C 131 0.38027225 0.28289869 0.0250140053 -4.82586616e-08 -1.31306776e-08 1
LGIC_C 132 -0.246486816 0.0478389824 0.0250139952 5.7878425e-08 4.89846948e-08 1
LGIC_C 133 -0.579215145 -0.0559427765 0.0250140089 4.34088238e-08 8.63459484e-09 1
LGIC_C 134 0.330235024 -0.662317922 0.0250140157 -2.45891087e-08 3.68002429e-08 1
LGIC_C 135 -0.344748494 -0.271816324 0.0250140059 6.28883752e-09 7.55636663e-08 1
LGIC_C 136 0.406421537 -0.283495934 0.0250140052 -3.68002179e-08 2.45891393e-08 1
LGIC_C 137 0.369272603 -0.30211435 0.0250140065 -3.05989503e-08 3.95603122e-08 1
LGIC_C 138 -0.675342124 -0.205417516 0.0250140082 4.96100935e-08 -4.19869172e-08 1
LGIC_C 139 0.17251419 -0.0032294297 0.0250139919 -4.96100802e-08 3.14742968e-08 1
LGIC_C 140 0.414255787 0.560999421 0.0250140141 -2.45891309e-08 -3.68002211e-08 1
LGIC_C 141 0.512227726 0.0493141485 0.0250140059 -4.34088272e-08 -8.63453573e-09 1
LGIC_C 142 -0.467979382 -0.555520813 0.0250140188 3.95603082e-08 3.05989652e-08 1
LGIC_C 143 -0.0910346751 -0.166866349 0.0250139928 2.81018674e-08 4.20574117e-08 1
LGIC_C 144 -0.442446177 -0.471326603 0.0250140152 3.95603082e-08 3.05989652e-08 1
LGIC_C 145 0.168967313 0.0117324592 0.0250139915 -4.96100869e-08 6.3366408e-09 1
LGIC_C 146 0.0100466899 0.586587191 0.0250140123 -6.33660387e-09 4.96100877e-08 -1
LGIC_C 147 -0.356117835 -0.326747968 0.0250140036 1.15916899e-08 4.97976879e-08 1
LGIC_C 148 0.415112815 -0.0996434116 0.0250140084 -5.78784275e-08 1.15127558e-08 1
LGIC_C 149 0.539912622 0.534120592 0.0250140162 -3.68002282e-08 -2.45891172e-08 1
LGIC_C 150 0.449292002 0.154741144 0.0250140045 -4.96100869e-08 6.3366408e-09 1
LGIC_C 151 -0.086358835 -0.724059759 0.0250140154 8.63456455e-09 4.34088336e-08 1
LGIC_C 152 0.278916082 0.619747839 0.0250140172 -2.81018716e-08 -4.20573923e-08 1
LGIC_C 153 0.143078664 -0.157576966 0.0250139941 -1.28239349e-08 5.73353226e-08 1
LGIC_C 154 0.181024927 0.523097749 0.025014011 -9.86806672e-09 -4.96100854e-08 1
LGIC_C 155 -0.610111297 0.084977858 0.0250140105 4.34088259e-08 -8.63455061e-09 1
LGIC_C 156 -0.28973453 0.0285444166 0.0250139961 4.34088259e-08 -8.63455061e-09 1
LGIC_C 157 -0.403208419 0.287903192 0.0250140076 6.28881943e-09 -7.55636452e-08 1
LGIC_C 158 0.396283309 0.201132221 0.0250140063 3.37890593e-08 4.80634111e-08 -1
LGIC_C 159 0.751673553 0.213586236 0.0250140177 -4.34088272e-08 -8.63453573e-09 1
LGIC_C 160 -0.243440882 -0.0820848721 0.0250139916 -4.34088282e-08 2.70157287e-08 -1
LGIC_C 161 -0.430919406 0.11092064 0.0250140057 4.96100897e-08 -9.86805572e-09 1
LGIC_C 162 0.453200301 -0.0528372003 0.0250140101 -5.78784275e-08 1.15127558e-08 1
LGIC_C 163 0.361035544 -0.217120855 0.0250140045 -4.20573976e-08 2.81018683e-08 1
LGIC_C 164 0.220491154 -0.584902913 0.0250140109 6.33663526e-09 4.9610097e-08 1
LGIC_C 165 -0.342523069 0.0662272708 0.0250139983 4.96100851e-08 2.90231542e-08 1
LGIC_C 166 -0.18196442 -0.678745296 0.0250140172 2.48392553e-08 4.34088306e-08 1
LGIC_C 167 -0.53648199 0.518496975 0.025014016 -4.82586679e-08 1.31306769e-08 -1
LGIC_C 168 -0.59990638 -0.225840104 0.0250140113 4.34088238e-08 8.63459484e-09 1
LGIC_C 169 0.675617113 -0.463502101 0.0250140195 -3.68002179e-08 2.45891393e-08 1
LGIC_C 170 0.493408216 -0.351325904 0.0250140168 -3.37890406e-08 4.80634332e-08 1
LGIC_C 171 -0.183918882 0.254970251 0.0250140002 1.28239438e-08 -5.73353116e-08 1
LGIC_C 172 0.367937181 0.170027811 0.0250140035 -4.20574004e-08 -2.81018564e-08 1
LGIC_C 173 0.671102503 0.320456723 0.0250140158 -3.68002282e-08 -2.45891172e-08 1
LGIC_C 174 -0.0521973852 -0.553273953 0.0250140086 2.48392553e-08 4.34088306e-08 1
LGIC_C 175 0.414760535 -0.261169911 0.0250140098 -3.37890406e-08 4.80634332e-08 1
LGIC_C 176 -0.5965209 -0.586428866 0.0250140194 1.15916899e-08 4.97976879e-08 1
LGIC_C 177 0.309716925 0.336078722 0.0250140061 -2.81018716e-08 -4.20573923e-08 1
LGIC_C 178 0.0652451608 -0.637750358 0.0250140145 6.33663526e-09 4.9610097e-08 1
LGIC_C 179 -0.283174599 -0.190986259 0.0250139994 6.28883752e-09 7.55636663e-08 1
LGIC_C 180 -0.140054042 0.222716185 0.0250139966 2.8101852e-08 -4.20574041e-08 1
LGIC_C 181 -0.656239988 -0.29255031 0.0250140057 5.39043203e-09 6.47688584e-08 1
LGIC_C 182 0.0903389144 -0.200782332 0.0250139942 -2.81018481e-08 4.20574137e-08 1
LGIC_C 183 0.67610202 0.30860466 0.0250140199 -4.82586616e-08 -1.31306776e-08 1
LGIC_C 184 0.767212273 -0.0145475327 0.0250140169 -4.34088182e-08 2.48392526e-08 1
LGIC_C 185 0.404725142 -0.139300278 0.0250140043 -4.34088182e-08 2.48392526e-08 1
LGIC_C 186 -0.639523002 -0.34812264 0.0250140092 5.39043203e-09 6.47688584e-08 1
LGIC_C 187 0.149390263 0.0729461837 0.025013993 -4.90669739e-08 -3.27854893e-08 1
LGIC_C 188 -0.724035671 0.0771817678 0.0250140154 4.34088259e-08 -8.63455061e-09 1
LGIC_C 189 -0.494462905 0.265729699 0.0250140115 4.20574045e-08 -2.81018523e-08 1
LGIC_C 190 0.360049068 -0.724047954 0.0250140187 -2.45891087e-08 3.68002429e-08 1
LGIC_C 191 -0.434467603 -0.256978439 0.0250140022 5.39043203e-09 6.47688584e-08 1
LGIC_C 192 -0.314640919 0.120180864 0.025013998 4.34088259e-08 -8.63455061e-09 1
LGIC_C 193 0.271374443 0.067322912 0.0250139974 -4.96100911e-08 -9.86803575e-09 1
LGIC_C 194 -0.648887192 0.388596894 0.0250140167 3.68002297e-08 -2.45891157e-08 1
LGIC_C 195 0.345335264 0.387448071 0.0250140093 -2.81018716e-08 -4.20573923e-08 1
LGIC_C 196 0.746756575 0.397638767 0.0248086609 0.827617292 0.55299599 0.0961512016
LGIC_C 197 -0.220744143 -0.47496129 0.0250140062 2.45891453e-08 3.68002268e-08 1
LGIC_C 198 0.543818605 0.0424847391 0.0250140072 -4.34088272e-08 -8.63453573e-09 1
LGIC_C 199 0.618802028 0.234077215 0.0250140124 -4.96100869e-08 6.3366408e-09 1
LGIC_C 200 0.710401511 -0.265436684 0.0250140164 -4.34088226e-08 8.63456802e-09 1
LGIC_C 201 0.237088154 0.10117338 0.0250139961 -4.20574004e-08 -2.81018564e-08 1
LGIC_C 202 -0.0399302026 -0.342925558 0.0250139991 2.48392553e-08 4.34088306e-08 1
LGIC_C 203 -0.182850453 -0.0748587232 0.0250139902 -4.96100919e-08 2.90231703e-08 -1
LGIC_C 204 -0.368058431 0.531649383 0.025014016 2.8101852e-08 -4.20574041e-08 1
LGIC_C 205 -0.0887102297 0.23570094 0.0250139958 9.86805557e-09 -4.96100883e-08 1
LGIC_C 206 0.631628589 -0.375161992 0.0250140157 -3.68002179e-08 2.45891393e-08 1
LGIC_C 207 -0.130349199 -0.443705474 0.0250140025 -4.89847109e-08 5.78784581e-08 1
LGIC_C 208 -0.512180281 0.35757809 0.0250140127 -4.82586679e-08 1.31306769e-08 -1
LGIC_C 209 -0.0417000105 -0.00703177769 0.0250139893 -1.38908242e-07 -2.76307273e-08 -1
LGIC_C 210 0.0676017165 0.235602914 0.0250139956 -9.86806672e-09 -4.96100854e-08 1
LGIC_C 211 0.60272184 -0.14291013 0.0250140198 -5.78784275e-08 1.15127558e-08 1
LGIC_C 212 -0.329371323 -0.465506039 0.0250140084 -5.56021111e-08 -1.45571543e-08 -1
LGIC_C 213 0.389646423 -0.416248789 0.0250140117 -2.81018481e-08 4.20574137e-08 1
LGIC_C 214 0.511104758 -0.0729531041 0.025014006 -4.34088226e-08 8.63456802e-09 1
LGIC_C 215 -0.453659144 -0.0107736516 0.025014003 4.34088238e-08 8.63459484e-09 1
LGIC_C 216 0.199735078 -0.15510187 0.0250139955 -3.05989503e-08 3.95603122e-08 1
LGIC_C 217 0.485917282 -0.405755532 0.0250140191 -3.37890406e-08 4.80634332e-08 1
LGIC_C 218 -0.280766736 0.369788778 0.0250140048 1.31306824e-08 -4.82586643e-08 1
LGIC_C 219 -0.223289 -0.453940227 0.025014006 3.95603082e-08 3.05989652e-08 1
LGIC_C 220 -0.687182978 -0.339921828 0.0250140169 3.68002489e-08 2.45891179e-08 1
LGIC_C 221 0.699813025 -0.471923714 0.00521006336 0.827616944 -0.552996408 0.0961517878
LGIC_C 222 -0.556847897 -0.202477137 0.025014005 -4.96100919e-08 2.90231703e-08 -1
LGIC_C 223 0.267177421 0.451312918 0.0250140113 -4.80634192e-08 -3.37890445e-08 1
LGIC_C 224 -0.36796029 0.0890839771 0.0250139989 4.96100851e-08 2.90231542e-08 1
LGIC_C 225 0.169598324 -0.609754106 0.0250140112 -8.63454093e-09 4.34088369e-08 1
LGIC_C 226 0.345365078 -0.254142829 0.0250140022 -3.68002179e-08 2.45891393e-08 1
LGIC_C 227 -0.153228382 0.475609456 0.0250140052 8.63455111e-09 -4.34088279e-08 1
LGIC_C 228 0.279546716 -0.3230312 0.0250140025 -1.31306721e-08 4.82586744e-08 1
LGIC_C 229 -0.54099867 -0.0728420744 0.0250140074 4.34088238e-08 8.63459484e-09 1
LGIC_C 230 -0.642147044 -0.257015894 0.0250140042 -4.34088282e-08 2.70157287e-08 -1
LGIC_C 231 0.5083792 0.297741065 0.0250140147 3.37890593e-08 4.80634111e-08 -1
LGIC_C 232 -0.25234553 0.769342733 0.0250140188 8.63455111e-09 -4.34088279e-08 1
LGIC_C 233 0.375172272 0.224253074 0.0250140043 -4.82586616e-08 -1.31306776e-08 1
LGIC_C 234 -0.0836091877 -0.460044952 0.0250140039 8.63456455e-09 4.34088336e-08 1
LGIC_C 235 0.269916705 0.457670924 0.0250140101 -2.81018716e-08 -4.20573923e-08 1
LGIC_C 236 0.333880822 -0.0212438095 0.0250139982 -4.34088182e-08 2.48392526e-08 1
LGIC_C 237 0.686406612 -0.0367660339 0.0250140184 -4.96100802e-08 3.14742968e-08 1
LGIC_C 238 -0.171190535 0.0143149183 0.0250139925 5.7878425e-08 4.89846948e-08 1
LGIC_C 239 0.51821034 -0.300705295 0.0250140135 -4.20573976e-08 2.81018683e-08 1
LGIC_C 240 0.116132793 -0.211448891 0.0250139968 -1.28239349e-08 5.73353226e-08 1
LGIC_C 241 -0.114890696 0.268486696 0.0250139978 2.8101852e-08 -4.20574041e-08 1
LGIC_C 242 0.612286815 -0.310643723 0.0250140188 -3.37890406e-08 4.80634332e-08 1
LGIC_C 243 -0.601925164 0.206014384 0.0250140152 4.96100897e-08 -9.86805572e-09 1
LGIC_C 244 0.572516574 -0.220647326 0.0250140189 -5.78784275e-08 1.15127558e-08 1
LGIC_C 245 -0.454669737 -0.413899124 0.0250140129 1.45571809e-08 5.5602105e-08 1
LGIC_C 246 0.406695442 0.488800405 0.0250140112 -2.45891309e-08 -3.68002211e-08 1
LGIC_C 247 -0.467209868 0.669988367 0.0250140194 2.45891128e-08 -3.68002333e-08 1
LGIC_C 248 0.14787117 -0.130499581 0.0250139919 -3.68002179e-08 2.45891393e-08 1
LGIC_C 249 0.51028312 -0.0419566503 0.0250140099 -4.96100802e-08 3.14742968e-08 1
LGIC_C 250 0.238243266 0.511314911 0.025014012 -4.80634192e-08 -3.37890445e-08 1
LGIC_C 251 0.00294583294 0.66039662 0.025014016 -6.33660387e-09 4.96100877e-08 -1
LGIC_C 252 0.135297432 0.640773825 0.0250140193 -3.14742949e-08 -4.96100822e-08 1
LGIC_C 253 0.525180047 0.316176869 0.0250140127 -4.82586616e-08 -1.31306776e-08 1
LGIC_C 254 -0.486249506 0.287991454 0.0250140135 3.37890593e-08 -4.80634052e-08 1
LGIC_C 255 -0.823772047 -0.0230268858 0.0250140184 -4.34088282e-08 2.70157287e-08 -1
LGIC_C 256 -0.286526048 0.554083229 0.0250140107 2.45891128e-08 -3.68002333e-08 1
LGIC_C 257 0.304133655 0.323387446 0.0250140029 1.3130701e-08 4.82586573e-08 -1
LGIC_C 258 -0.277268078 0.568577311 0.025014011 2.45891128e-08 -3.68002333e-08 1
LGIC_C 259 0.258964591 -0.316665802 0.0250140073 -3.27854948e-08 4.90669785e-08 1
LGIC_C 260 -0.0375093367 -0.572903896 0.025014012 9.8680833e-09 4.96100963e-08 1
LGIC_C 261 0.108210257 0.580399946 0.0250140094 -8.63455884e-09 -4.34088253e-08 1
LGIC_C 262 -0.347713937 0.336868256 0.0250140074 4.20574045e-08 -2.81018523e-08 1
LGIC_C 263 -0.683586089 -0.254374141 0.0250140065 4.96100935e-08 -4.19869172e-08 1
LGIC_C 264 0.480961306 -0.316278273 0.0250140087 -3.68002179e-08 2.45891393e-08 1
LGIC_C 265 0.155955772 0.0187793659 0.0250139912 -4.96100911e-08 -9.86803575e-09 1
LGIC_C 266 -0.113721488 -0.322733279 0.0250140001 2.48392553e-08 4.34088306e-08 1
LGIC_C 267 -0.278026376 -0.266718151 0.0250140021 1.45571809e-08 5.5602105e-08 1
LGIC_C 268 -0.0483053403 -0.492138967 0.0250140062 -2.90231482e-08 4.96101036e-08 1
LGIC_C 269 -0.026336359 0.683363606 0.025014017 -6.33661298e-09 -4.96100859e-08 1
LGIC_C 270 -0.0873736912 -0.0981333251 0.0250139905 7.55636799e-08 6.2887973e-09 1
LGIC_C 271 -0.499364597 -0.405357463 0.0250140116 3.68002489e-08 2.45891179e-08 1
LGIC_C 272 -0.393163027 0.284437928 0.025014006 -4.82586679e-08 1.31306769e-08 -1
LGIC_C 273 0.706027665 -0.0904719368 0.0250140161 -4.34088182e-08 2.48392526e-08 1
LGIC_C 274 -0.339731641 0.386930313 0.0250140059 2.45891128e-08 -3.68002333e-08 1
LGIC_C 275 0.0271365519 -0.576549953 0.0250140117 6.33663526e-09 4.9610097e-08 1
LGIC_C 276 -0.0946644585 -0.434051355 0.025014002 -2.90231482e-08 4.96101036e-08 1
LGIC_C 277 0.618904121 -0.0574637708 0.0250140157 -4.96100802e-08 3.14742968e-08 1
LGIC_C 278 0.288553434 0.270145858 0.0250140005 -3.68002282e-08 -2.45891172e-08 1
LGIC_C 279 0.08466033 -0.0753638089 0.0250139882 -3.68002179e-08 2.45891393e-08 1
LGIC_C 280 -0.277833814 -0.131242716 0.0250139946 1.45571809e-08 5.5602105e-08 1
LGIC_C 281 0.321569516 0.626239597 0.0250140199 -4.80634192e-08 -3.37890445e-08 1
LGIC_C 282 -0.27338707 -0.480868816 0.0250140088 3.95603082e-08 3.05989652e-08 1
LGIC_C 283 -0.242828485 -0.498329461 0.0250140048 7.55636799e-08 6.2887973e-09 1
LGIC_C 284 0.186848635 -0.758435995 0.0250140178 -8.63454093e-09 4.34088369e-08 1
LGIC_C 285 -0.245540206 0.539026537 0.0250140178 3.27854968e-08 -4.90669676e-08 1
LGIC_C 286 -0.508126605 0.0054964292 0.0250140083 4.96100851e-08 2.90231542e-08 1
LGIC_C 287 -0.0416205618 -0.125339716 0.025013989 8.63456455e-09 4.34088336e-08 1
LGIC_C 288 0.0359156547 -0.361449947 0.0250140009 6.33663526e-09 4.9610097e-08 1
LGIC_C 289 -0.0199266392 -0.0293289335 0.0250139848 2.45891453e-08 3.68002268e-08 1
LGIC_C 290 -0.381768983 -0.520911067 0.0250140159 2.81018674e-08 4.20574117e-08 1
LGIC_C 291 -0.493405176 0.413145449 0.0250140116 3.68002297e-08 -2.45891157e-08 1
LGIC_C 292 0.430075617 0.466784224 0.025014015 -2.81018716e-08 -4.20573923e-08 1
LGIC_C 293 -0.646173602 -0.0360016527 0.0250140143 -4.96100919e-08 2.90231703e-08 -1
LGIC_C 294 0.061306969 -0.179243529 0.0250139943 -1.15127059e-08 5.78784511e-08 1
LGIC_C 295 -0.173391336 0.160552263 0.0250139965 6.28881943e-09 -7.55636452e-08 1
LGIC_C 296 0.517003267 0.289681289 0.0250140131 -4.20574004e-08 -2.81018564e-08 1
LGIC_C 297 0.071135782 0.299025336 0.0250139969 -8.63455884e-09 -4.34088253e-08 1
LGIC_C 298 0.0388012034 -0.51760609 0.0250140093 -9.86804037e-09 4.96101e-08 1
LGIC_C 299 -0.0877661673 -0.318108322 0.0250139999 9.8680833e-09 4.96100963e-08 1
LGIC_C 300 0.40100372 -0.0538063505 0.025014002 -4.34088182e-08 2.48392526e-08 1
LGIC_C 301 0.0850303841 0.383638852 0.0250140006 -8.63455884e-09 -4.34088253e-08 1
LGIC_C 302 0.372969595 0.330936216 0.0250140082 -4.20574004e-08 -2.81018564e-08 1
LGIC_C 303 -0.05409702 0.336186699 0.0250140005 9.86805557e-09 -4.96100883e-08 1
LGIC_C 304 -0.181150892 0.397540468 0.0250140048 1.31306824e-08 -4.82586643e-08 1
LGIC_C 305 -0.447871847 0.212793197 0.025014005 3.68002297e-08 -2.45891157e-08 1
LGIC_C 306 0.194147354 0.0882103301 0.0250139941 3.37890593e-08 4.80634111e-08 -1
LGIC_C 307 -0.431358872 0.288853174 0.0250140079 -4.82586679e-08 1.31306769e-08 -1
LGIC_C 308 0.607745208 -0.27160779 0.0250140123 -3.68002179e-08 2.45891393e-08 1
LGIC_C 309 0.153252443 0.121119085 0.0250139919 -3.68002282e-08 -2.45891172e-08 1
LGIC_C 310 0.0596355747 0.810644807 0.025014019 -8.63455884e-09 -4.34088253e-08 1
LGIC_C 311 0.559295498 0.583762981 0.0250140185 -2.45891309e-08 -3.68002211e-08 1
LGIC_C 312 0.339080957 0.203568199 0.0250140032 -4.20574004e-08 -2.81018564e-08 1
LGIC_C 313 0.624781567 0.334561689 0.0250140145 -3.68002282e-08 -2.45891172e-08 1
LGIC_C 314 -0.242105385 0.47278625 0.0250140066 2.45891128e-08 -3.68002333e-08 1
LGIC_C 315 -0.0957091745 0.00444814647 0.0250139881 4.96100897e-08 -9.86805572e-09 1
LGIC_C 316 -0.253818574 -0.194109209 0.0250139995 6.28883752e-09 7.55636663e-08 1
LGIC_C 317 -0.398220436 -0.184322572 0.0250140024 3.68002489e-08 2.45891179e-08 1
LGIC_C 318 -0.1586194 -0.333233812 0.0250139969 -5.56021111e-08 -1.45571543e-08 -1
LGIC_C 319 -0.535942897 -0.0525922798 0.0250140051 -4.34088282e-08 2.70157287e-08 -1
LGIC_C 320 0.424535691 0.58273585 0.0250140197 -2.81018716e-08 -4.20573923e-08 1
LGIC_C 321 0.603358502 -0.323126987 0.0250140191 -3.37890406e-08 4.80634332e-08 1
LGIC_C 322 0.563966861 0.204003247 0.0250140182 -5.78784335e-08 -1.15127284e-08 1
LGIC_C 323 -0.310698171 -0.668850673 0.0250140201 2.81018674e-08 4.20574117e-08 1
LGIC_C 324 0.00589063406 0.7100618 0.0250140185 -6.33660387e-09 4.96100877e-08 -1
LGIC_C 325 0.421352963 0.650574069 0.0250140176 -2.45891309e-08 -3.68002211e-08 1
LGIC_C 326 0.19619029 0.666489245 0.0250140151 -6.33660387e-09 4.96100877e-08 -1
LGIC_C 327 -0.312118468 -0.0159165977 0.0250139983 -4.96100919e-08 2.90231703e-08 -1
LGIC_C 328 -0.398594849 0.0168528085 0.025014001 4.34088279e-08 -2.48392273e-08 1
LGIC_C 329 0.642652604 -0.181152046 0.0250140169 -4.96100859e-08 9.86807898e-09 1
LGIC_C 330 0.363272048 -0.0321297067 0.0250140023 -4.96100802e-08 3.14742968e-08 1
LGIC_C 331 0.266843283 -0.0644561933 0.0250139964 -4.34088182e-08 2.48392526e-08 1
LGIC_C 332 -0.00630743281 -0.347897536 0.0250140006 9.8680833e-09 4.96100963e-08 1
LGIC_C 333 0.470768617 0.172506372 0.0250140052 -4.34088272e-08 -8.63453573e-09 1
LGIC_C 334 0.252584259 0.809011686 0.0117034759 0.194186548 0.976240951 0.0961519121
LGIC_C 335 0.173657632 0.625487079 0.0250140132 -6.33660387e-09 4.96100877e-08 -1
LGIC_C 336 -0.753213841 0.0288143964 0.0250140167 4.34088279e-08 -2.48392273e-08 1
LGIC_C 337 -0.057959768 -0.00316897403 0.0250139861 -4.96100919e-08 2.90231703e-08 -1
LGIC_C 338 -0.159599761 0.276604905 0.0250139974 2.45891128e-08 -3.68002333e-08 1
LGIC_C 339 0.16733885 -0.255237833 0.0250139977 -1.31306721e-08 4.82586744e-08 1
LGIC_C 340 -0.285553681 0.617899018 0.0250140173 2.8101852e-08 -4.20574041e-08 1
LGIC_C 341 -0.0324743256 -0.711400173 0.0250140144 8.63456455e-09 4.34088336e-08 1
LGIC_C 342 -0.85893019 -0.0164635054 -0.0185321347 -0.976240825 -0.194187339 0.0961515894
LGIC_C 343 0.269118623 0.450472147 0.0250140085 1.3130701e-08 4.82586573e-08 -1
LGIC_C 344 -0.155547663 0.0343042212 0.0250139906 5.7878425e-08 4.89846948e-08 1
LGIC_C 345 -0.0794645096 -0.0837305692 0.0250139898 7.55636799e-08 6.2887973e-09 1
LGIC_C 346 0.362379385 0.338188541 0.0250140049 -3.68002282e-08 -2.45891172e-08 1
LGIC_C 347 0.439103695 -0.216887549 0.0250140119 -4.90669481e-08 3.27855328e-08 1
LGIC_C 348 -0.139034317 -0.631224784 0.0250140159 9.8680833e-09 4.96100963e-08 1
LGIC_C 349 -0.107326192 -0.592642016 0.0250140095 -2.90231482e-08 4.96101036e-08 1
LGIC_C 350 -0.219037992 0.386973372 0.0250140029 2.45891128e-08 -3.68002333e-08 1
LGIC_C 351 -0.100890277 0.0909341747 0.0250139911 3.37890593e-08 -4.80634052e-08 1
LGIC_C 352 -0.163072719 -0.362019151 0.0250140008 3.95603082e-08 3.05989652e-08 1
LGIC_C 353 -0.300569422 0.125306585 0.0250139994 -4.82586679e-08 1.31306769e-08 -1
LGIC_C 354 0.174475153 0.238793397 0.0250139982 -2.81018716e-08 -4.20573923e-08 1
LGIC_C 355 0.11391915 -0.534404894 0.025014013 1.00935263e-08 5.7878447e-08 1
LGIC_C 356 0.11379938 0.762431585 0.0250140173 -8.63455884e-09 -4.34088253e-08 1
LGIC_C 357 0.749770688 0.204098905 0.0250140191 -4.96100869e-08 6.3366408e-09 1
LGIC_C 358 0.0819747315 -0.0622067512 0.0250139893 -4.90669481e-08 3.27855328e-08 1
LGIC_C 359 -0.19249435 0.155339786 0.0250139962 6.28881943e-09 -7.55636452e-08 1
LGIC_C 360 -0.472508759 0.44149772 0.0250140115 3.68002297e-08 -2.45891157e-08 1
LGIC_C 361 0.574762374 -0.132636903 0.0250140131 -4.96100859e-08 9.86807898e-09 1
LGIC_C 362 -0.388546067 -0.107014854 0.0250139994 -4.96100919e-08 2.90231703e-08 -1
LGIC_C 363 -0.426559536 0.376809999 0.0250140118 4.20574045e-08 -2.81018523e-08 1
LGIC_C 364 0.0857578793 0.159398098 0.0250139939 -3.27855134e-08 -4.90669575e-08 1
LGIC_C 365 0.615545321 -0.314435231 0.025014018 -4.20573976e-08 2.81018683e-08 1
LGIC_C 366 -0.269965854 -0.702758789 0.0250140205 2.48392553e-08 4.34088306e-08 1
LGIC_C 367 0.408721507 -0.133351663 0.0250140043 -4.34088182e-08 2.48392526e-08 1
LGIC_C 368 -0.103673716 -0.26639813 0.0250139974 2.48392553e-08 4.34088306e-08 1
LGIC_C 369 -0.0791937658 -0.603464662 0.0250140109 -2.90231482e-08 4.96101036e-08 1
LGIC_C 370 -0.429019241 -0.521760681 0.025014013 2.45891453e-08 3.68002268e-08 1
LGIC_C 371 0.190583464 0.11689022 0.0250139931 -3.68002282e-08 -2.45891172e-08 1
LGIC_C 372 -0.0649049249 0.432268098 0.0250140026 8.63455111e-09 -4.34088279e-08 1
LGIC_C 373 -0.547997865 0.513529018 0.0250140161 3.68002297e-08 -2.45891157e-08 1
LGIC_C 374 0.0945532633 -0.271533294 0.0250139961 6.33663526e-09 4.9610097e-08 1
LGIC_C 375 0.175354246 -0.59209224 0.0250140157 1.00935263e-08 5.7878447e-08 1
LGIC_C 376 0.466880473 0.398751969 0.0250140141 -4.20574004e-08 -2.81018564e-08 1
LGIC_C 377 0.309145416 0.178673622 0.025013999 -3.68002282e-08 -2.45891172e-08 1
LGIC_C 378 -0.632766384 0.0499839794 0.0250140132 4.96100851e-08 2.90231542e-08 1
LGIC_C 379 -0.0772076478 -0.461569744 0.0250140069 9.8680833e-09 4.96100963e-08 1
LGIC_C 380 0.113311446 0.621042399 0.0250140152 -9.86806672e-09 -4.96100854e-08 1
LGIC_C 381 0.0117122507 0.619831665 0.0250140139 -6.33660387e-09 4.96100877e-08 -1
LGIC_C 382 0.567111635 -0.29466943 0.0250140165 -3.37890406e-08 4.80634332e-08 1
LGIC_C 383 0.306077674 -0.489826037 0.0250140173 -3.27854948e-08 4.90669785e-08 1
LGIC_C 384 -0.485019439 -0.393954847 0.025014016 6.28883752e-09 7.55636663e-08 1
LGIC_C 385 0.592699773 0.0603904125 0.0250140182 -5.78784335e-08 -1.15127284e-08 1
LGIC_C 386 0.547406639 -0.421592414 0.0250140137 -3.68002179e-08 2.45891393e-08 1
LGIC_C 387 0.539731692 -0.258768312 0.0250140139 -3.37890406e-08 4.80634332e-08 1
LGIC_C 388 -0.0448797487 0.471405613 0.0250140071 9.86805557e-09 -4.96100883e-08 1
LGIC_C 389 0.403474256 -0.325022001 0.0250140093 -4.20573976e-08 2.81018683e-08 1
LGIC_C 390 0.55389923 0.0417960264 0.0250140104 -4.96100869e-08 6.3366408e-09 1
LGIC_C 391 -0.2221367 0.138627004 0.0250139974 3.37890593e-08 -4.80634052e-08 1
LGIC_C 392 -0.182968981 -0.596281479 0.0250140075 -2.90231482e-08 4.96101036e-08 1
LGIC_C 393 -0.0102672808 -0.313724187 0.0250139969 8.63456455e-09 4.34088336e-08 1
LGIC_C 394 0.423879129 0.661285614 0.025014018 -2.45891309e-08 -3.68002211e-08 1
LGIC_C 395 0.315012527 0.476595013 0.0250140104 1.3130701e-08 4.82586573e-08 -1
LGIC_C 396 0.249042831 0.432195141 0.0250140074 1.3130701e-08 4.82586573e-08 -1
LGIC_C 397 -0.635127399 0.189724531 0.0250140125 4.34088259e-08 -8.63455061e-09 1
LGIC_C 398 -0.581147842 0.256595848 0.0250140152 3.37890593e-08 -4.80634052e-08 1
LGIC_C 399 0.560072197 -0.157365145 0.025014016 -4.96100802e-08 3.14742968e-08 1
