VGCC_O 3 0.0772568984 -0.00428239309 0.046693036 -1.41802159e-06 2.82063681e-07 -1
VGCC_C 8 -0.134706799 0.0161271258 0.0466933331 -1.62059677e-06 3.22356891e-07 -1
CaBS 10 0.111790993 -0.0109362311 0.055672505 0.329239702 0.132369043 -0.934922272
CaBS 11 0.111282957 -0.00394579384 0.0641008882 0.321328636 0.750213906 -0.577864173
CaBS 12 0.102207441 -0.032065659 0.0775537153 -0.321328743 -0.750213836 0.577864204
CaBS 13 0.122436343 -0.0146277615 0.0647668717 0.999896301 0.01419805 -0.0024089266
CaBS 14 0.10624721 -0.0226973962 0.0860533162 -0.329239867 -0.132369096 0.934922207
CaBS 15 0.0944500169 -0.0159675328 0.0798826262 -0.748611723 0.322508223 0.579283121
CaBS 16 0.113015159 -0.0151239741 0.0555106909 0.329239702 0.132369043 -0.934922272
CaBS 17 0.0907861245 -0.0226019501 0.0754839203 -0.999896295 -0.0141984568 0.00240892729
CaBS 18 0.119169085 -0.0216140232 0.0600998937 0.748611785 -0.322508546 -0.579282861
CaBS 19 0.0906441953 -0.0134997463 0.0702213142 -0.999896295 -0.0141984568 0.00240892729
CaBS 20 0.103969101 -0.00464067643 0.0621564384 -0.346545998 0.867982935 -0.355684546
CaBS 21 0.108366848 -0.0301328129 0.0834880548 -0.321328743 -0.750213836 0.577864204
CaBS 22 0.0990955892 -0.0208084942 0.0838022557 -0.329239867 -0.132369096 0.934922207
CaBS 23 0.120527037 -0.0201218592 0.0610240416 0.748611785 -0.322508546 -0.579282861
CaBS 24 0.114447993 -0.0310727414 0.0768101151 0.34654604 -0.867983022 0.355684293
CaBS 25 -0.101949638 -0.00140997148 0.0577813392 -0.324116588 -0.749802884 -0.576839729
CaBS 26 -0.102307828 -0.0039321556 0.0764144883 0.346545964 -0.867983059 0.355684276
CaBS 28 -0.111139133 -0.00283280863 0.0647942318 -0.324116588 -0.749802884 -0.576839729
CaBS 29 -0.108525525 0.0240704031 0.0614416025 -0.34654601 0.867982945 -0.355684509
CaBS 31 -0.100022342 0.0216620488 0.0576729254 0.3213287 0.750213891 -0.577864158
CaBS 38 -0.112359905 0.000267645269 0.078043199 -0.321328736 -0.750213873 0.57786416
CaBS 39 -0.111318824 0.0219576784 0.0804422692 -0.344822968 0.867728888 0.357971643
CaBS_Ca 46 -0.119334392 0.0153939741 0.072586166 -0.999896295 -0.0141984574 0.00240892698
Ca 7 -0.103254482 0.352085292 0.662733547 0 0 0
Ca 4 -0.0692254998 0.414136562 0.66085738 0 0 0
Ca 6 -0.0798179399 -0.500743566 0.627984076 0 0 0
Ca 1 -0.141707123 -0.217121059 0.632630156 0 0 0
Ca 4 0.343824858 0.404223552 0.635036115 0 0 0
Ca 8 -0.64950789 -0.366407893 0.473083843 0 0 0
Ca 6 -0.346173858 0.358008252 0.143205547 0 0 0
Ca 6 -0.11601288 0.453661658 0.694949286 0 0 0
Ca 8 -0.255948333 0.190061925 0.902149956 0 0 0
Ca 4 0.20811292 -0.00666434853 0.444171457 0 0 0
CaBS_Ca 47 -0.106534115 0.00126019821 0.0825712889 -0.321328736 -0.750213873 0.57786416
Ca 6 0.232480479 0.560753979 0.142162519 0 0 0
Ca 8 -0.51471012 -0.0748103325 0.659405081 0 0 0
Ca 1 0.391818417 -0.321632696 0.075259979 0 0 0
Ca 6 0.215488333 -0.117777701 0.716381672 0 0 0
Ca 4 0.28466479 -0.360049449 0.587371282 0 0 0
Ca 8 -0.092006955 0.220074792 0.194270452 0 0 0
Ca 4 0.311395293 0.38492665 0.562397406 0 0 0
Ca 7 0.607159055 0.328910408 0.202816545 0 0 0
Ca 8 0.299508273 -0.257673774 0.628059959 0 0 0
Ca 6 -0.784044329 -0.107320902 0.554530955 0 0 0
Ca 6 -0.0372556403 -0.00424017516 0.497136755 0 0 0
Ca 6 0.473944037 -0.159689646 0.661975671 0 0 0
Ca 6 0.031966258 0.0915126701 0.0563812361 0 0 0
Ca 1 0.0820496674 0.387149369 0.425217585 0 0 0
Ca 6 0.0672782286 -0.0420407073 0.128372239 0 0 0
CaBS_Ca 48 -0.100629108 0.00950568262 0.0534669846 0.329239713 0.132369034 -0.93492227
Ca 6 -0.432459508 0.106778172 0.52831543 0 0 0
Ca 6 -0.453817035 0.5099685 0.0917366377 0 0 0
Ca 8 0.359644586 0.469594221 0.204367467 0 0 0
Ca 4 -0.178327271 -0.635512837 0.311550015 0 0 0
Ca 8 -0.00941391441 -0.0887132495 0.834389047 0 0 0
Ca 8 -0.199775162 0.197576402 0.123316905 0 0 0
Ca 1 -0.220284487 -0.0642015582 0.380836307 0 0 0
Ca 4 -0.608986502 0.44694773 0.484751753 0 0 0
Ca 8 0.0346827169 0.090989224 0.247990617 0 0 0
Ca 6 0.102423712 -0.224152324 0.235794762 0 0 0
Ca 4 -0.599564117 0.102950221 0.520941305 0 0 0
Ca 4 0.0647210419 0.245325164 0.506671687 0 0 0
Ca 4 -0.729191692 0.0978012254 0.543923049 0 0 0
Ca 4 0.267778599 -0.179309043 0.324479765 0 0 0
Ca 8 -0.0652270931 0.0412951125 0.261722706 0 0 0
Ca 6 0.487779312 0.381140693 0.207252314 0 0 0
Ca 7 -0.556058672 -0.0839221242 0.302807766 0 0 0
Ca 6 -0.266519756 -0.241642666 0.162831937 0 0 0
Ca 7 0.0374245322 0.0566476946 0.419310885 0 0 0
Ca 6 -0.47598198 0.119785399 0.122889158 0 0 0
Ca 8 -0.373250709 0.68798795 0.243329029 0 0 0
CaBS_Ca 49 -0.111822412 0.00877861247 0.0560688608 -0.333750681 -0.131703993 -0.933415524
Ca 6 0.111698238 -0.03767529 0.17750223 0 0 0
Ca 7 -0.0724402706 0.276887346 0.107931209 0 0 0
Ca 4 -0.00410987835 -0.121280076 0.102008316 0 0 0
Ca 7 0.124760034 -0.0147894075 0.357716346 0 0 0
Ca 8 0.0349187006 -0.0561416261 0.22393756 0 0 0
Ca 6 -0.36648204 -0.0273578812 0.309414699 0 0 0
Ca 4 -0.214196128 -0.0851978071 0.599173411 0 0 0
Ca 4 0.126588698 0.219035186 0.121951079 0 0 0
Ca 6 0.231297852 0.0544992259 0.202943838 0 0 0
Ca 1 -0.100580966 -0.324837954 0.17015651 0 0 0
Ca 1 -0.250328549 0.0725997702 0.462423212 0 0 0
Ca 7 -0.617132162 -0.0130409304 0.134445871 0 0 0
Ca 4 -0.0208895112 -0.364436758 0.0882783238 0 0 0
Ca 6 0.0905174132 -0.0893001637 0.124798098 0 0 0
Ca 4 -0.0286115015 -0.0613399916 0.417932114 0 0 0
Ca 4 -0.266945132 0.368086197 0.148356684 0 0 0
Ca 4 0.196561114 -0.0215599237 0.133875422 0 0 0
Ca 8 0.320884989 0.0155337385 0.288342161 0 0 0
Ca 4 -0.218292693 -0.00584759162 0.153936459 0 0 0
Ca 8 -0.24818963 0.268995068 0.0670573115 0 0 0
Ca 1 -0.154260784 -0.0626451115 0.324556293 0 0 0
Ca 6 -0.407750096 -0.122072204 0.223451537 0 0 0
Ca 6 0.00709293 -0.0430999176 0.22211169 0 0 0
Ca 6 -0.264926452 -0.110971835 0.110307846 0 0 0
Ca 4 0.146966331 0.158274285 0.159655715 0 0 0
Ca 1 -0.136479611 0.140001286 0.188450882 0 0 0
Ca 4 -0.137879909 0.0869065457 0.215596104 0 0 0
Ca 6 -0.320095005 0.240884837 0.164260124 0 0 0
Ca 8 -0.27540301 -0.0293165387 0.13026231 0 0 0
Ca 4 0.0794731734 0.0470480045 0.0617773546 0 0 0
Ca 8 -0.223345879 0.0931386207 0.111512524 0 0 0
Ca 6 -0.0670799817 -0.0484525011 0.0631783906 0 0 0
CaBS_Ca 50 -0.108590167 -0.00395045385 0.0746632504 -0.321328736 -0.750213873 0.57786416
Ca 8 -0.291161445 -0.0360944103 0.13031095 0 0 0
Ca 8 -0.113908648 -0.00120543153 0.142362337 0 0 0
Ca 8 -0.0976394666 -0.0417877895 0.102154435 0 0 0
Ca 4 -0.143376403 -0.00553192269 0.0572934013 0 0 0
Ca 7 -0.121329751 0.0538343503 0.0479715479 0 0 0
VGCC_O 7 -0.137449801 0.00579357966 0.0466933342 -1.62059625e-06 3.22356338e-07 -1
Ca 7 -0.184839567 0.0286446717 0.0875325027 0 0 0
VGCC_O 6 -0.12622171 0.0241576588 0.046693322 -1.62059677e-06 3.22356891e-07 -1
VGCC_O 5 0.113746944 -0.0200409323 0.0466929896 -1.01287282e-06 -1.51427976e-07 -1
VGCC_O 4 -0.108229728 0.00324736392 0.0466932869 -8.10297798e-07 1.61178104e-07 -1
VGCC_O 9 0.0953603447 -0.018533153 0.0466930096 -1.14792244e-06 -1.24564753e-07 -1
VGCC_O 1 -0.126159285 0.0151063295 0.0466933189 -1.62059625e-06 3.22356338e-07 -1
VGCC_O 0 0.11238887 -0.0311459409 0.0466929927 -1.01287282e-06 -1.51427976e-07 -1
VGCC_O 2 0.119933892 -0.04777957 0.0466929781 -1.41802115e-06 2.82063236e-07 -1
TAG 41 -0.105784995 0.0105052503 0.0536665039 -0.333750681 -0.131703993 -0.933415524
TAG 45 -0.113699624 0.0170707545 0.0588716642 -0.751399624 0.322919173 -0.575431849
TAG 44 -0.11923843 0.00668793202 0.0611035411 -0.999896295 -0.0141984574 0.00240892698
LGIC_C 0 0.509558244 0.227617739 0.0250140114 3.37890593e-08 4.80634111e-08 -1
LGIC_C 1 -0.371337052 0.0421663696 0.0250139998 4.34088259e-08 -8.63455061e-09 1
LGIC_C 2 -0.576693542 0.0946556262 0.0250140128 4.96100897e-08 -9.86805572e-09 1
LGIC_C 3 0.25703386 -0.647779798 0.0250140179 -9.86804037e-09 4.96101e-08 1
LGIC_C 4 -0.41577988 -0.23263226 0.0250140034 6.28883752e-09 7.55636663e-08 1
LGIC_C 5 0.0263010805 -0.529047518 0.0250140136 1.00935263e-08 5.7878447e-08 1
LGIC_C 6 -0.314518145 0.473165658 0.0250140144 1.28239438e-08 -5.73353116e-08 1
LGIC_C 7 -0.704950387 0.412308934 0.0250140194 3.68002297e-08 -2.45891157e-08 1
LGIC_C 8 -0.180271026 0.27010547 0.0250139976 2.45891128e-08 -3.68002333e-08 1
LGIC_C 9 -0.445043563 -0.275297462 0.0250140068 6.28883752e-09 7.55636663e-08 1
LGIC_C 10 -0.417532284 -0.611179509 0.0250140185 3.95603082e-08 3.05989652e-08 1
LGIC_C 11 0.142503193 0.564154993 0.0250140104 -6.33660387e-09 4.96100877e-08 -1
LGIC_C 12 0.383152018 0.173580748 0.0250140077 -4.90669739e-08 -3.27854893e-08 1
LGIC_C 13 0.717716791 -0.101743653 0.0250140198 -4.96100859e-08 9.86807898e-09 1
LGIC_C 14 0.665328933 0.262889135 0.0250140146 -4.96100869e-08 6.3366408e-09 1
LGIC_C 15 -0.47230762 -0.347294415 0.0250140083 5.39043203e-09 6.47688584e-08 1
LGIC_C 16 0.622413343 -0.166103827 0.0250140157 -4.96100859e-08 9.86807898e-09 1
LGIC_C 17 -0.545169703 0.345041195 0.0250140141 -4.82586679e-08 1.31306769e-08 -1
LGIC_C 18 0.297537947 -0.491825414 0.0250140123 -2.81018481e-08 4.20574137e-08 1
LGIC_C 19 -0.3387985 0.278457832 0.0250140081 3.37890593e-08 -4.80634052e-08 1
LGIC_C 20 0.0992337242 -0.415192647 0.0250140084 -1.15127059e-08 5.78784511e-08 1
LGIC_C 21 -0.0107408239 -0.154577105 0.0250139906 -2.90231482e-08 4.96101036e-08 1
LGIC_C 22 0.131249792 0.60481594 0.0250140146 -9.86806672e-09 -4.96100854e-08 1
LGIC_C 23 -0.442198558 0.40277145 0.0250140094 3.68002297e-08 -2.45891157e-08 1
LGIC_C 24 0.143239301 0.450424325 0.025014007 -9.86806672e-09 -4.96100854e-08 1
LGIC_C 25 0.376156891 0.00128518222 0.0250139996 -4.34088272e-08 -8.63453573e-09 1
LGIC_C 26 -0.0582390435 0.273636147 0.0250139998 1.15127271e-08 -5.78784352e-08 1
LGIC_C 27 -0.249290039 0.523322744 0.0250140171 3.27854968e-08 -4.90669676e-08 1
LGIC_C 28 0.69903262 0.111334187 0.0250140145 -4.34088272e-08 -8.63453573e-09 1
LGIC_C 29 -0.618486144 -0.103437904 0.025014014 5.7878436e-08 -4.89847332e-08 1
LGIC_C 30 0.663447937 0.154218418 0.0250140152 -4.96100869e-08 6.3366408e-09 1
LGIC_C 31 -0.404668956 -0.419340074 0.0250140119 -5.56021111e-08 -1.45571543e-08 -1
LGIC_C 32 0.0901133167 0.0936841929 0.0250139897 -2.81018716e-08 -4.20573923e-08 1
LGIC_C 33 -0.0280258079 0.625964064 0.0250140107 8.63455111e-09 -4.34088279e-08 1
LGIC_C 34 0.288957418 -0.496178514 0.025014017 -3.27854948e-08 4.90669785e-08 1
LGIC_C 35 -0.179216198 -0.510947411 0.0250140034 -2.90231482e-08 4.96101036e-08 1
LGIC_C 36 0.52760837 -0.620009956 0.025014019 -2.45891087e-08 3.68002429e-08 1
LGIC_C 37 0.112690252 0.791623534 0.0250140186 -8.63455884e-09 -4.34088253e-08 1
LGIC_C 38 0.732100309 -0.310232007 0.0250140179 -3.05989503e-08 3.95603122e-08 1
LGIC_C 39 0.694085357 0.306509049 0.0250140163 -3.68002282e-08 -2.45891172e-08 1
LGIC_C 40 -0.682560028 0.0521822945 0.0250140142 4.34088279e-08 -2.48392273e-08 1
LGIC_C 41 -0.538069357 0.608891957 0.0250140189 2.45891128e-08 -3.68002333e-08 1
LGIC_C 42 -0.261611955 -0.656234232 0.025014014 8.63456455e-09 4.34088336e-08 1
LGIC_C 43 -0.557483467 -0.491138158 0.0250140142 1.15916899e-08 4.97976879e-08 1
LGIC_C 44 0.34374888 0.555817592 0.0250140146 1.3130701e-08 4.82586573e-08 -1
LGIC_C 45 -0.00735774664 -0.271802435 0.0250139952 2.48392553e-08 4.34088306e-08 1
LGIC_C 46 -0.216142416 -0.190360335 0.0250139967 5.39043203e-09 6.47688584e-08 1
LGIC_C 47 0.504689184 -0.186175916 0.0250140146 -5.78784275e-08 1.15127558e-08 1
LGIC_C 48 -0.111846609 -0.378917657 0.0250140007 8.63456455e-09 4.34088336e-08 1
LGIC_C 49 -0.513137348 -0.163326436 0.0250140069 4.34088238e-08 8.63459484e-09 1
LGIC_C 50 0.226524177 -0.333771241 0.025014007 -3.27854948e-08 4.90669785e-08 1
LGIC_C 51 -0.576285054 -0.0113790271 0.0250140084 4.34088238e-08 8.63459484e-09 1
LGIC_C 52 0.645873618 -0.175364583 0.0250140156 -4.34088182e-08 2.48392526e-08 1
LGIC_C 53 0.342720972 -0.0764894358 0.025014 -4.34088182e-08 2.48392526e-08 1
LGIC_C 54 -0.0401373033 -0.223338128 0.0250139942 -4.89847109e-08 5.78784581e-08 1
LGIC_C 55 0.396246269 0.484396565 0.0250140108 -2.45891309e-08 -3.68002211e-08 1
LGIC_C 56 -0.110879054 -0.21587356 0.0250139926 -5.56021111e-08 -1.45571543e-08 -1
LGIC_C 57 -0.0809936839 0.440039044 0.0250140077 -3.14742797e-08 4.96100914e-08 -1
LGIC_C 58 0.458486413 -0.0848861066 0.0250140052 -4.34088182e-08 2.48392526e-08 1
LGIC_C 59 -0.462953864 -0.213989621 0.0250140019 1.45571809e-08 5.5602105e-08 1
LGIC_C 60 0.0886810406 0.529379074 0.0250140123 -3.14742949e-08 -4.96100822e-08 1
LGIC_C 61 -0.404581366 0.336768584 0.0250140098 4.20574045e-08 -2.81018523e-08 1
LGIC_C 62 -0.0271726921 0.39996565 0.025014004 -3.14742797e-08 4.96100914e-08 -1
LGIC_C 63 0.194520802 -0.0545387704 0.0250139934 -4.96100859e-08 9.86807898e-09 1
LGIC_C 64 -0.257211607 0.00167594128 0.0250139981 5.7878425e-08 4.89846948e-08 1
LGIC_C 65 0.00967261054 0.307358884 0.0250139986 -9.86806672e-09 -4.96100854e-08 1
LGIC_C 66 -0.244253353 -0.348005178 0.0250140021 2.45891453e-08 3.68002268e-08 1
LGIC_C 67 -0.453672629 0.43859061 0.0250140193 6.28881943e-09 -7.55636452e-08 1
LGIC_C 68 -0.662540958 -0.123540022 0.0250140087 -4.34088282e-08 2.70157287e-08 -1
LGIC_C 69 -0.717137073 -0.364724836 0.0250140186 3.68002489e-08 2.45891179e-08 1
LGIC_C 70 -0.0229664526 0.392284516 0.0250140005 8.63455111e-09 -4.34088279e-08 1
LGIC_C 71 0.535291557 0.11292114 0.0250140155 -5.78784335e-08 -1.15127284e-08 1
LGIC_C 72 0.155515911 0.398226339 0.025014002 -6.33660387e-09 4.96100877e-08 -1
LGIC_C 73 -0.00896221329 -8.81142612e-05 0.0250139837 4.34088279e-08 -2.48392273e-08 1
LGIC_C 74 0.506329168 0.503752156 0.0250140143 -4.82586616e-08 -1.31306776e-08 1
LGIC_C 75 0.50294825 -0.616379567 0.0250140183 -2.45891087e-08 3.68002429e-08 1
LGIC_C 76 -0.66881667 0.054140238 0.0250140149 4.96100851e-08 2.90231542e-08 1
LGIC_C 77 0.329974137 -0.229072523 0.0250140024 -3.05989503e-08 3.95603122e-08 1
LGIC_C 78 0.260682057 0.384827412 0.0250140107 -3.27855134e-08 -4.90669575e-08 1
LGIC_C 79 -0.56360189 -0.258859353 0.0250140027 1.15916899e-08 4.97976879e-08 1
LGIC_C 80 0.712565609 -0.032450252 0.0250140144 -4.34088226e-08 8.63456802e-09 1
LGIC_C 81 0.0869486448 0.692299211 0.0250140171 -6.33660387e-09 4.96100877e-08 -1
LGIC_C 82 0.477719425 -0.306581015 0.02501401 -3.05989503e-08 3.95603122e-08 1
LGIC_C 83 -0.360124912 0.239231471 0.0250140038 -4.82586679e-08 1.31306769e-08 -1
LGIC_C 84 0.220384327 0.517074063 0.0250140111 1.3130701e-08 4.82586573e-08 -1
LGIC_C 85 -0.0698978143 0.102864799 0.0250139901 1.28239438e-08 -5.73353116e-08 1
LGIC_C 86 0.554450179 -0.329833241 0.0250140178 -3.37890406e-08 4.80634332e-08 1
LGIC_C 87 -0.299912253 -0.248513005 0.0250140014 1.45571809e-08 5.5602105e-08 1
LGIC_C 88 -0.623913956 -0.523677099 0.0250140165 1.15916899e-08 4.97976879e-08 1
LGIC_C 89 0.247628911 -0.486843369 0.02501401 -1.31306721e-08 4.82586744e-08 1
LGIC_C 90 -0.367275281 -0.318841135 0.0250140063 1.45571809e-08 5.5602105e-08 1
LGIC_C 91 0.184290675 0.773213939 0.0250140184 -8.63455884e-09 -4.34088253e-08 1
LGIC_C 92 0.221862782 -0.693016581 0.0250140162 6.33663526e-09 4.9610097e-08 1
LGIC_C 93 -0.0760366141 0.57161149 0.0250140111 -6.33661298e-09 -4.96100859e-08 1
LGIC_C 94 0.146516305 -0.0414597526 0.0250139918 -4.96100802e-08 3.14742968e-08 1
LGIC_C 95 -0.320591403 -0.420382358 0.0250140072 -5.56021111e-08 -1.45571543e-08 -1
LGIC_C 96 0.335633958 -0.0190367457 0.0250140001 -4.96100859e-08 9.86807898e-09 1
LGIC_C 97 -0.394711028 0.0365832584 0.0250140018 4.96100851e-08 2.90231542e-08 1
LGIC_C 98 -0.34374219 -0.569943313 0.0250140143 3.95603082e-08 3.05989652e-08 1
LGIC_C 99 0.211031986 -0.0566407298 0.0250139955 -4.96100802e-08 3.14742968e-08 1
LGIC_C 100 -0.338146685 -0.509898951 0.0250140103 2.45891453e-08 3.68002268e-08 1
LGIC_C 101 -0.380093629 0.0278985036 0.0250140024 4.96100897e-08 -9.86805572e-09 1
LGIC_C 102 -0.353495195 0.435891125 0.0250140128 1.28239438e-08 -5.73353116e-08 1
LGIC_C 103 -0.446174814 -0.00475104521 0.0250140025 -4.34088282e-08 2.70157287e-08 -1
LGIC_C 104 0.580988226 -0.25486019 0.0250140201 -4.90669481e-08 3.27855328e-08 1
LGIC_C 105 -0.280033178 0.105602204 0.0250139981 4.34088279e-08 -2.48392273e-08 1
LGIC_C 106 -0.304067585 0.785360481 0.02501402 8.63455111e-09 -4.34088279e-08 1
LGIC_C 107 -0.756506517 -0.248027071 0.0250140182 4.34088238e-08 8.63459484e-09 1
LGIC_C 108 -0.0615874317 -0.526427123 0.0250140076 2.48392553e-08 4.34088306e-08 1
LGIC_C 109 0.179362069 0.081260514 0.025013993 -4.82586616e-08 -1.31306776e-08 1
LGIC_C 110 -0.211289694 -0.685570932 0.0250140148 8.63456455e-09 4.34088336e-08 1
LGIC_C 111 -0.508241031 -0.135900264 0.0250140045 -4.96100919e-08 2.90231703e-08 -1
LGIC_C 112 0.719252276 -0.00514261183 0.0250140191 -4.96100802e-08 3.14742968e-08 1
LGIC_C 113 -0.0414597529 -0.70612829 0.0250140149 2.48392553e-08 4.34088306e-08 1
LGIC_C 114 -0.343039998 0.398328809 0.0250140105 1.28239438e-08 -5.73353116e-08 1
LGIC_C 115 0.538563667 -0.364238988 0.0250140141 -3.05989503e-08 3.95603122e-08 1
LGIC_C 116 0.145190285 -0.435182911 0.025014007 1.00935263e-08 5.7878447e-08 1
LGIC_C 117 -0.212873095 -0.016425466 0.0250139932 4.96100935e-08 -4.19869172e-08 1
LGIC_C 118 -0.303380223 -0.33408409 0.0250140055 3.95603082e-08 3.05989652e-08 1
LGIC_C 119 0.0906851446 0.410863989 0.0250140045 -9.86806672e-09 -4.96100854e-08 1
LGIC_C 120 0.0254023212 0.503081535 0.0250140085 -9.86806672e-09 -4.96100854e-08 1
LGIC_C 121 -0.435440981 -0.396793295 0.025014008 1.15916899e-08 4.97976879e-08 1
LGIC_C 122 0.633753915 -0.346624697 0.0250140151 -3.68002179e-08 2.45891393e-08 1
LGIC_C 123 0.342660494 -0.313187136 0.0250140103 -4.90669481e-08 3.27855328e-08 1
LGIC_C 124 0.490408045 -0.424760405 0.0250140117 -3.68002179e-08 2.45891393e-08 1
LGIC_C 125 0.118277159 -0.153318619 0.0250139922 -1.31306721e-08 4.82586744e-08 1
LGIC_C 126 0.614354599 -0.364452486 0.0250140164 -3.05989503e-08 3.95603122e-08 1
LGIC_C 127 0.243928168 -0.337886708 0.0250140027 -1.31306721e-08 4.82586744e-08 1
LGIC_C 128 0.219628879 -0.351357094 0.0250140016 -2.45891087e-08 3.68002429e-08 1
LGIC_C 129 0.470216862 -0.0885425511 0.0250140044 -4.34088226e-08 8.63456802e-09 1
LGIC_C 130 -0.635246774 0.193294358 0.0250140125 4.34088259e-08 -8.63455061e-09 1
LGIC_C 131 0.428178126 0.264372402 0.0250140074 -4.82586616e-08 -1.31306776e-08 1
LGIC_C 132 -0.218942915 0.0725830656 0.0250139924 5.7878425e-08 4.89846948e-08 1
LGIC_C 133 -0.605675704 -0.0344820594 0.0250140099 4.34088238e-08 8.63459484e-09 1
LGIC_C 134 0.282845311 -0.650969347 0.0250140141 -2.45891087e-08 3.68002429e-08 1
LGIC_C 135 -0.284510866 -0.264550874 0.025014005 6.28883752e-09 7.55636663e-08 1
LGIC_C 136 0.371099331 -0.282414232 0.0250140038 -3.68002179e-08 2.45891393e-08 1
LGIC_C 137 0.356978405 -0.36210899 0.0250140054 -1.31306721e-08 4.82586744e-08 1
LGIC_C 138 -0.69872348 -0.218953544 0.0250140087 4.96100935e-08 -4.19869172e-08 1
LGIC_C 139 0.132379533 -0.0152029817 0.0250139903 -4.96100802e-08 3.14742968e-08 1
LGIC_C 140 0.427961089 0.560505821 0.0250140144 -2.45891309e-08 -3.68002211e-08 1
LGIC_C 141 0.465622582 0.132183167 0.0250140046 -4.34088272e-08 -8.63453573e-09 1
LGIC_C 142 -0.49431576 -0.539496882 0.0250140193 3.95603082e-08 3.05989652e-08 1
LGIC_C 143 -0.123507434 -0.174236042 0.025013994 2.81018674e-08 4.20574117e-08 1
LGIC_C 144 -0.448999327 -0.454873132 0.0250140149 -5.56021111e-08 -1.45571543e-08 -1
LGIC_C 145 0.215473341 0.0100072505 0.0250139939 -4.96100869e-08 6.3366408e-09 1
LGIC_C 146 0.0104263996 0.581477965 0.0250140122 -9.86806672e-09 -4.96100854e-08 1
LGIC_C 147 -0.321872062 -0.332918663 0.0250140034 2.45891453e-08 3.68002268e-08 1
LGIC_C 148 0.431866487 -0.0714759478 0.025014009 -5.78784275e-08 1.15127558e-08 1
LGIC_C 149 0.554511921 0.502612389 0.025014016 -3.68002282e-08 -2.45891172e-08 1
LGIC_C 150 0.428867363 0.174347412 0.0250140034 -4.96100869e-08 6.3366408e-09 1
LGIC_C 151 -0.105474086 -0.730085987 0.0250140158 8.63456455e-09 4.34088336e-08 1
LGIC_C 152 0.244101145 0.587341314 0.0250140148 1.3130701e-08 4.82586573e-08 -1
LGIC_C 153 0.171359099 -0.226620193 0.0250139984 -1.28239349e-08 5.73353226e-08 1
LGIC_C 154 0.145053353 0.519862331 0.0250140105 -9.86806672e-09 -4.96100854e-08 1
LGIC_C 155 -0.603606844 0.115678586 0.0250140105 4.34088259e-08 -8.63455061e-09 1
LGIC_C 156 -0.238141313 0.0264215619 0.0250139938 4.34088259e-08 -8.63455061e-09 1
LGIC_C 157 -0.417775344 0.293969832 0.0250140081 6.28881943e-09 -7.55636452e-08 1
LGIC_C 158 0.359576603 0.175249183 0.0250140038 3.37890593e-08 4.80634111e-08 -1
LGIC_C 159 0.78496288 0.157111559 0.0250140187 -4.34088272e-08 -8.63453573e-09 1
LGIC_C 160 -0.257116457 -0.0667582211 0.0250139926 -4.34088282e-08 2.70157287e-08 -1
LGIC_C 161 -0.447697055 0.0896200698 0.0250140064 4.96100897e-08 -9.86805572e-09 1
LGIC_C 162 0.456442935 -0.00526593463 0.0250140097 -5.78784275e-08 1.15127558e-08 1
LGIC_C 163 0.378616087 -0.254483603 0.0250140063 -4.20573976e-08 2.81018683e-08 1
LGIC_C 164 0.223806252 -0.596436206 0.0250140114 6.33663526e-09 4.9610097e-08 1
LGIC_C 165 -0.306416376 0.0475602043 0.0250139971 4.96100851e-08 2.90231542e-08 1
LGIC_C 166 -0.137998877 -0.679099496 0.0250140162 2.48392553e-08 4.34088306e-08 1
LGIC_C 167 -0.572111683 0.539479596 0.0250140176 3.68002297e-08 -2.45891157e-08 1
LGIC_C 168 -0.563988573 -0.253391304 0.0250140027 5.39043203e-09 6.47688584e-08 1
LGIC_C 169 0.642496637 -0.478011026 0.0250140186 -3.68002179e-08 2.45891393e-08 1
LGIC_C 170 0.544895842 -0.351167791 0.0250140185 -3.37890406e-08 4.80634332e-08 1
LGIC_C 171 -0.210084469 0.325630087 0.0250140046 1.28239438e-08 -5.73353116e-08 1
LGIC_C 172 0.342002289 0.146435418 0.0250140018 3.37890593e-08 4.80634111e-08 -1
LGIC_C 173 0.687176468 0.31722268 0.0250140163 -3.68002282e-08 -2.45891172e-08 1
LGIC_C 174 -0.0703725605 -0.500357806 0.0250140067 2.48392553e-08 4.34088306e-08 1
LGIC_C 175 0.412384583 -0.284911899 0.0250140109 -3.37890406e-08 4.80634332e-08 1
LGIC_C 176 -0.605803042 -0.600441568 0.0250140202 1.15916899e-08 4.97976879e-08 1
LGIC_C 177 0.300265192 0.333291808 0.0250140057 -2.81018716e-08 -4.20573923e-08 1
LGIC_C 178 0.0705510948 -0.637661586 0.0250140144 6.33663526e-09 4.9610097e-08 1
LGIC_C 179 -0.237368612 -0.16679645 0.0250139973 6.28883752e-09 7.55636663e-08 1
LGIC_C 180 -0.141554435 0.262333834 0.0250139983 2.8101852e-08 -4.20574041e-08 1
LGIC_C 181 -0.643113541 -0.302622242 0.0250140063 5.39043203e-09 6.47688584e-08 1
LGIC_C 182 0.0744658259 -0.182495914 0.0250139946 -1.15127059e-08 5.78784511e-08 1
LGIC_C 183 0.657729726 0.325956612 0.0250140193 -4.82586616e-08 -1.31306776e-08 1
LGIC_C 184 0.716289402 -0.0476327329 0.0250140155 -4.34088182e-08 2.48392526e-08 1
LGIC_C 185 0.366959031 -0.121728503 0.0250140022 -4.34088182e-08 2.48392526e-08 1
LGIC_C 186 -0.602682044 -0.315803914 0.0250140069 5.39043203e-09 6.47688584e-08 1
LGIC_C 187 0.145003095 0.105944751 0.0250139938 -4.90669739e-08 -3.27854893e-08 1
LGIC_C 188 -0.753721663 0.0970904765 0.0250140168 4.34088259e-08 -8.63455061e-09 1
LGIC_C 189 -0.561808883 0.283234025 0.0250140149 4.20574045e-08 -2.81018523e-08 1
LGIC_C 190 0.326029577 -0.748508235 0.0250140188 -2.45891087e-08 3.68002429e-08 1
LGIC_C 191 -0.406421041 -0.235712964 0.0250140007 5.39043203e-09 6.47688584e-08 1
LGIC_C 192 -0.30291624 0.10183704 0.0250139973 4.34088259e-08 -8.63455061e-09 1
LGIC_C 193 0.294261192 0.0631611297 0.0250139985 -4.96100911e-08 -9.86803575e-09 1
LGIC_C 194 -0.674314778 0.366050691 0.0250140171 3.68002297e-08 -2.45891157e-08 1
LGIC_C 195 0.391809946 0.39128397 0.0250140107 -2.81018716e-08 -4.20573923e-08 1
LGIC_C 196 0.683027842 0.374870487 0.0250140176 -3.68002282e-08 -2.45891172e-08 1
LGIC_C 197 -0.264360718 -0.525104589 0.0250140091 2.45891453e-08 3.68002268e-08 1
LGIC_C 198 0.526601388 0.036471091 0.0250140064 -4.34088272e-08 -8.63453573e-09 1
LGIC_C 199 0.608239665 0.235125329 0.0250140119 -4.96100869e-08 6.3366408e-09 1
LGIC_C 200 0.724257926 -0.29311048 0.0250140172 -4.34088226e-08 8.63456802e-09 1
LGIC_C 201 0.256598192 0.115436395 0.0250139973 -4.20574004e-08 -2.81018564e-08 1
LGIC_C 202 -0.0331866646 -0.306144024 0.0250139974 2.48392553e-08 4.34088306e-08 1
LGIC_C 203 -0.16684376 -0.0341809079 0.0250139906 -4.96100919e-08 2.90231703e-08 -1
LGIC_C 204 -0.36963487 0.558215788 0.0250140171 2.8101852e-08 -4.20574041e-08 1
LGIC_C 205 -0.104533893 0.257738949 0.0250139971 9.86805557e-09 -4.96100883e-08 1
LGIC_C 206 0.648735302 -0.375842166 0.0250140163 -3.68002179e-08 2.45891393e-08 1
LGIC_C 207 -0.152003775 -0.439384638 0.0250140012 -4.89847109e-08 5.78784581e-08 1
LGIC_C 208 -0.507879112 0.344059199 0.0250140123 -4.82586679e-08 1.31306769e-08 -1
LGIC_C 209 -0.00291302146 -0.00058518764 0.0250139837 -1.38908242e-07 -2.76307273e-08 -1
LGIC_C 210 0.0739328996 0.251856374 0.0250139965 -9.86806672e-09 -4.96100854e-08 1
LGIC_C 211 0.558267436 -0.198863741 0.0250140178 -5.78784275e-08 1.15127558e-08 1
LGIC_C 212 -0.372936717 -0.482192569 0.025014011 -5.56021111e-08 -1.45571543e-08 -1
LGIC_C 213 0.370101349 -0.395738981 0.0250140103 -2.81018481e-08 4.20574137e-08 1
LGIC_C 214 0.46766314 -0.0601776478 0.0250140041 -4.34088226e-08 8.63456802e-09 1
LGIC_C 215 -0.457186248 -0.0390532525 0.0250140034 4.34088238e-08 8.63459484e-09 1
LGIC_C 216 0.226892445 -0.175582793 0.0250139971 -3.05989503e-08 3.95603122e-08 1
LGIC_C 217 0.495493405 -0.397734745 0.0250140191 -3.37890406e-08 4.80634332e-08 1
LGIC_C 218 -0.263309547 0.400275288 0.025014006 1.31306824e-08 -4.82586643e-08 1
LGIC_C 219 -0.208691818 -0.457738327 0.0250140055 3.95603082e-08 3.05989652e-08 1
LGIC_C 220 -0.73316838 -0.350376164 0.0250140189 3.68002489e-08 2.45891179e-08 1
LGIC_C 221 0.677049457 -0.453326199 0.0250140193 -3.68002179e-08 2.45891393e-08 1
LGIC_C 222 -0.564182831 -0.147696069 0.025014007 -4.96100919e-08 2.90231703e-08 -1
LGIC_C 223 0.224779454 0.404917167 0.0250140077 -4.80634192e-08 -3.37890445e-08 1
LGIC_C 224 -0.393096731 0.0597441908 0.025014001 4.96100851e-08 2.90231542e-08 1
LGIC_C 225 0.205597532 -0.645298897 0.025014013 -8.63454093e-09 4.34088369e-08 1
LGIC_C 226 0.408152154 -0.225477555 0.0250140038 -3.68002179e-08 2.45891393e-08 1
LGIC_C 227 -0.165545388 0.521629594 0.0250140073 8.63455111e-09 -4.34088279e-08 1
LGIC_C 228 0.265318355 -0.318497766 0.0250140021 -1.31306721e-08 4.82586744e-08 1
LGIC_C 229 -0.505765771 -0.0933385795 0.025014006 4.34088238e-08 8.63459484e-09 1
LGIC_C 230 -0.660395606 -0.205297211 0.0250140064 -4.34088282e-08 2.70157287e-08 -1
LGIC_C 231 0.541927434 0.261364136 0.0250140141 3.37890593e-08 4.80634111e-08 -1
LGIC_C 232 -0.273879758 0.77937191 0.0250140195 8.63455111e-09 -4.34088279e-08 1
LGIC_C 233 0.306463908 0.237915274 0.0250140012 -4.82586616e-08 -1.31306776e-08 1
LGIC_C 234 -0.0824924591 -0.457024102 0.0250140038 8.63456455e-09 4.34088336e-08 1
LGIC_C 235 0.290450587 0.4585317 0.0250140107 -2.81018716e-08 -4.20573923e-08 1
LGIC_C 236 0.295806887 -0.0148242206 0.0250139964 -4.34088182e-08 2.48392526e-08 1
LGIC_C 237 0.655181551 -0.0201079678 0.0250140164 -4.96100802e-08 3.14742968e-08 1
LGIC_C 238 -0.163581515 0.0212091236 0.0250139917 5.7878425e-08 4.89846948e-08 1
LGIC_C 239 0.483924981 -0.302660001 0.0250140121 -4.20573976e-08 2.81018683e-08 1
LGIC_C 240 0.125580993 -0.162110188 0.0250139941 -1.28239349e-08 5.73353226e-08 1
LGIC_C 241 -0.0990418778 0.220937648 0.0250139953 2.8101852e-08 -4.20574041e-08 1
LGIC_C 242 0.648436929 -0.319643852 0.0250140205 -3.37890406e-08 4.80634332e-08 1
LGIC_C 243 -0.664303869 0.218243213 0.0250140184 4.96100897e-08 -9.86805572e-09 1
LGIC_C 244 0.559025792 -0.174019252 0.0250140176 -5.78784275e-08 1.15127558e-08 1
LGIC_C 245 -0.49870788 -0.46240687 0.0250140162 1.45571809e-08 5.5602105e-08 1
LGIC_C 246 0.398007026 0.447207095 0.0250140095 -2.45891309e-08 -3.68002211e-08 1
LGIC_C 247 -0.504004266 0.616976865 0.0250140184 2.45891128e-08 -3.68002333e-08 1
LGIC_C 248 0.0958914053 -0.0912423518 0.025013989 -3.68002179e-08 2.45891393e-08 1
LGIC_C 249 0.49827111 -0.00907136002 0.0250140082 -4.96100802e-08 3.14742968e-08 1
LGIC_C 250 0.225656242 0.51339494 0.0250140114 -4.80634192e-08 -3.37890445e-08 1
LGIC_C 251 0.0417274067 0.668827407 0.0250140162 -6.33660387e-09 4.96100877e-08 -1
LGIC_C 252 0.13550854 0.582038678 0.0250140164 -3.14742949e-08 -4.96100822e-08 1
LGIC_C 253 0.495413785 0.334912033 0.0250140115 -4.82586616e-08 -1.31306776e-08 1
LGIC_C 254 -0.458104 0.284482353 0.0250140124 3.37890593e-08 -4.80634052e-08 1
LGIC_C 255 -0.777310987 -0.0849244647 0.0250140147 -4.34088282e-08 2.70157287e-08 -1
LGIC_C 256 -0.299554868 0.500637758 0.0250140091 2.45891128e-08 -3.68002333e-08 1
LGIC_C 257 0.287716719 0.292702568 0.0250140011 -2.45891309e-08 -3.68002211e-08 1
LGIC_C 258 -0.286095338 0.561462282 0.025014011 2.45891128e-08 -3.68002333e-08 1
LGIC_C 259 0.230080717 -0.3311217 0.025014007 -3.27854948e-08 4.90669785e-08 1
LGIC_C 260 -0.0275177527 -0.6193293 0.0250140142 9.8680833e-09 4.96100963e-08 1
LGIC_C 261 0.0823612729 0.60934847 0.0250140104 -8.63455884e-09 -4.34088253e-08 1
LGIC_C 262 -0.351042619 0.333608377 0.0250140074 4.20574045e-08 -2.81018523e-08 1
LGIC_C 263 -0.68850473 -0.258757609 0.0250140062 -4.34088282e-08 2.70157287e-08 -1
LGIC_C 264 0.457890332 -0.310063181 0.0250140077 -3.68002179e-08 2.45891393e-08 1
LGIC_C 265 0.21275689 0.0198486584 0.025013994 -4.96100911e-08 -9.86803575e-09 1
LGIC_C 266 -0.135146015 -0.331544807 0.025014001 2.48392553e-08 4.34088306e-08 1
LGIC_C 267 -0.286179527 -0.259317703 0.0250140018 1.45571809e-08 5.5602105e-08 1
LGIC_C 268 -0.079033743 -0.520752926 0.0250140068 -2.90231482e-08 4.96101036e-08 1
LGIC_C 269 -0.0741770636 0.670349993 0.025014016 -6.33661298e-09 -4.96100859e-08 1
LGIC_C 270 -0.0926475735 -0.125280555 0.0250139911 7.55636799e-08 6.2887973e-09 1
LGIC_C 271 -0.495053777 -0.443406435 0.0250140124 3.68002489e-08 2.45891179e-08 1
LGIC_C 272 -0.417180745 0.289750304 0.0250140072 -4.82586679e-08 1.31306769e-08 -1
LGIC_C 273 0.739840708 -0.196953546 0.0250140202 -4.34088182e-08 2.48392526e-08 1
LGIC_C 274 -0.354373198 0.363993546 0.0250140054 2.45891128e-08 -3.68002333e-08 1
LGIC_C 275 0.0399848892 -0.591293866 0.0250140123 6.33663526e-09 4.9610097e-08 1
LGIC_C 276 -0.148056554 -0.513355805 0.0250140044 -2.90231482e-08 4.96101036e-08 1
LGIC_C 277 0.675707221 -0.0976588474 0.0250140198 -4.96100802e-08 3.14742968e-08 1
LGIC_C 278 0.288920986 0.252417218 0.0250140001 -3.68002282e-08 -2.45891172e-08 1
LGIC_C 279 0.0623395071 -0.085649033 0.0250139879 -2.45891087e-08 3.68002429e-08 1
LGIC_C 280 -0.281927097 -0.130112427 0.0250139946 1.45571809e-08 5.5602105e-08 1
LGIC_C 281 0.363871584 0.574429655 0.0250140201 -4.80634192e-08 -3.37890445e-08 1
LGIC_C 282 -0.239773871 -0.423967914 0.0250140057 3.95603082e-08 3.05989652e-08 1
LGIC_C 283 -0.256876293 -0.482881578 0.0250140057 7.55636799e-08 6.2887973e-09 1
LGIC_C 284 0.241616962 -0.788868489 0.0250140196 -8.63454093e-09 4.34088369e-08 1
LGIC_C 285 -0.274775299 0.494630617 0.0250140166 3.27854968e-08 -4.90669676e-08 1
LGIC_C 286 -0.528920843 0.0180804692 0.025014009 4.96100851e-08 2.90231542e-08 1
LGIC_C 287 -0.0709081376 -0.142582996 0.0250139902 2.45891453e-08 3.68002268e-08 1
LGIC_C 288 0.0234221781 -0.346639273 0.0250140003 6.33663526e-09 4.9610097e-08 1
LGIC_C 289 0.0254442539 0.0236459254 0.0250139848 -3.68002282e-08 -2.45891172e-08 1
LGIC_C 290 -0.354154194 -0.515179172 0.0250140149 2.81018674e-08 4.20574117e-08 1
LGIC_C 291 -0.515445612 0.462366894 0.0250140136 3.68002297e-08 -2.45891157e-08 1
LGIC_C 292 0.433752728 0.455730188 0.0250140146 -2.81018716e-08 -4.20573923e-08 1
LGIC_C 293 -0.669011016 -0.0477837224 0.0250140151 -4.96100919e-08 2.90231703e-08 -1
LGIC_C 294 0.0564325938 -0.178986198 0.0250139942 -1.15127059e-08 5.78784511e-08 1
LGIC_C 295 -0.175740801 0.114643686 0.025013993 6.28881943e-09 -7.55636452e-08 1
LGIC_C 296 0.493738921 0.278629864 0.0250140118 -4.20574004e-08 -2.81018564e-08 1
LGIC_C 297 0.0230125745 0.372712156 0.0250139996 -8.63455884e-09 -4.34088253e-08 1
LGIC_C 298 0.0828688053 -0.505216872 0.0250140091 -9.86804037e-09 4.96101e-08 1
LGIC_C 299 -0.0996006529 -0.311936292 0.0250139997 9.8680833e-09 4.96100963e-08 1
LGIC_C 300 0.425831398 -0.0494033244 0.0250140029 -4.34088182e-08 2.48392526e-08 1
LGIC_C 301 0.105021438 0.374011435 0.0250140004 -8.63455884e-09 -4.34088253e-08 1
LGIC_C 302 0.405889101 0.323928261 0.0250140094 -4.20574004e-08 -2.81018564e-08 1
LGIC_C 303 -0.0476642651 0.373588947 0.0250140023 9.86805557e-09 -4.96100883e-08 1
LGIC_C 304 -0.126570469 0.394049076 0.025014002 -6.33661298e-09 -4.96100859e-08 1
LGIC_C 305 -0.431891855 0.225812256 0.0250140047 3.68002297e-08 -2.45891157e-08 1
LGIC_C 306 0.16683292 0.105111907 0.0250139939 3.37890593e-08 4.80634111e-08 -1
LGIC_C 307 -0.409904204 0.264610093 0.0250140065 -4.82586679e-08 1.31306769e-08 -1
LGIC_C 308 0.636668497 -0.25474403 0.0250140131 -4.34088226e-08 8.63456802e-09 1
LGIC_C 309 0.123675432 0.120519686 0.0250139908 -3.68002282e-08 -2.45891172e-08 1
LGIC_C 310 0.0979801639 0.788885264 0.0250140184 -8.63455884e-09 -4.34088253e-08 1
LGIC_C 311 0.593851469 0.605086773 0.0250140201 -2.45891309e-08 -3.68002211e-08 1
LGIC_C 312 0.29684224 0.214535979 0.0250140018 -4.20574004e-08 -2.81018564e-08 1
LGIC_C 313 0.686321589 0.358423968 0.0250140173 -3.68002282e-08 -2.45891172e-08 1
LGIC_C 314 -0.259984681 0.50324488 0.0250140082 2.45891128e-08 -3.68002333e-08 1
LGIC_C 315 -0.0968620156 0.021060994 0.0250139883 4.96100897e-08 -9.86805572e-09 1
LGIC_C 316 -0.218215479 -0.206543579 0.0250140002 6.28883752e-09 7.55636663e-08 1
LGIC_C 317 -0.379080198 -0.205666764 0.0250140023 3.68002489e-08 2.45891179e-08 1
LGIC_C 318 -0.212635524 -0.336846272 0.025014 -5.56021111e-08 -1.45571543e-08 -1
LGIC_C 319 -0.505815311 -0.06529796 0.0250140035 -4.34088282e-08 2.70157287e-08 -1
LGIC_C 320 0.434021071 0.568518716 0.0250140194 -2.81018716e-08 -4.20573923e-08 1
LGIC_C 321 0.596134264 -0.280930719 0.0250140169 -3.37890406e-08 4.80634332e-08 1
LGIC_C 322 0.525164078 0.240315281 0.0250140117 -4.82586616e-08 -1.31306776e-08 1
LGIC_C 323 -0.321351362 -0.669264537 0.0250140204 2.81018674e-08 4.20574117e-08 1
LGIC_C 324 0.0312494814 0.692017127 0.0250140174 -6.33660387e-09 4.96100877e-08 -1
LGIC_C 325 0.474907039 0.631911237 0.0250140182 -2.45891309e-08 -3.68002211e-08 1
LGIC_C 326 0.184896842 0.655846629 0.0250140146 -6.33660387e-09 4.96100877e-08 -1
LGIC_C 327 -0.29356522 -0.0213711793 0.0250139972 -4.96100919e-08 2.90231703e-08 -1
LGIC_C 328 -0.395601902 0.021977658 0.025014001 4.34088279e-08 -2.48392273e-08 1
LGIC_C 329 0.59164281 -0.200455363 0.0250140146 -4.96100859e-08 9.86807898e-09 1
LGIC_C 330 0.387966841 -0.0660415573 0.0250140045 -4.96100802e-08 3.14742968e-08 1
LGIC_C 331 0.235292345 -0.0825852798 0.0250139955 -4.34088182e-08 2.48392526e-08 1
LGIC_C 332 -0.02717891 -0.363160789 0.0250140015 9.8680833e-09 4.96100963e-08 1
LGIC_C 333 0.45573065 0.18687019 0.0250140046 -4.34088272e-08 -8.63453573e-09 1
LGIC_C 334 0.230288148 0.813812119 0.00799294609 0.194186548 0.976240951 0.0961519121
LGIC_C 335 0.180227655 0.584344947 0.0250140111 -6.33660387e-09 4.96100877e-08 -1
LGIC_C 336 -0.751887565 0.0175023129 0.0250140163 4.34088279e-08 -2.48392273e-08 1
LGIC_C 337 -0.0474331725 -0.00923477059 0.0250139856 5.7878436e-08 -4.89847332e-08 1
LGIC_C 338 -0.182866886 0.332510543 0.025014 2.45891128e-08 -3.68002333e-08 1
LGIC_C 339 0.159863374 -0.193327316 0.0250139947 -1.31306721e-08 4.82586744e-08 1
LGIC_C 340 -0.331393646 0.598743358 0.0250140178 2.8101852e-08 -4.20574041e-08 1
LGIC_C 341 -0.0408408135 -0.714332337 0.0250140146 8.63456455e-09 4.34088336e-08 1
LGIC_C 342 -0.840324766 -0.00375950105 0.0250140196 -4.34088282e-08 2.70157287e-08 -1
LGIC_C 343 0.276652894 0.474908804 0.0250140098 1.3130701e-08 4.82586573e-08 -1
LGIC_C 344 -0.151155837 0.00722923277 0.0250139916 5.7878425e-08 4.89846948e-08 1
LGIC_C 345 -0.119649872 -0.163469384 0.0250139933 7.55636799e-08 6.2887973e-09 1
LGIC_C 346 0.332891181 0.323098145 0.0250140034 -3.68002282e-08 -2.45891172e-08 1
LGIC_C 347 0.483292628 -0.167209723 0.0250140089 -4.96100859e-08 9.86807898e-09 1
LGIC_C 348 -0.155941441 -0.598570448 0.0250140145 9.8680833e-09 4.96100963e-08 1
LGIC_C 349 -0.184023852 -0.528747494 0.0250140041 -2.90231482e-08 4.96101036e-08 1
LGIC_C 350 -0.237956746 0.344272011 0.0250140018 2.45891128e-08 -3.68002333e-08 1
LGIC_C 351 -0.107687691 0.0839793689 0.025013991 3.37890593e-08 -4.80634052e-08 1
LGIC_C 352 -0.20276679 -0.298983664 0.0250140004 3.95603082e-08 3.05989652e-08 1
LGIC_C 353 -0.348929851 0.162699687 0.0250140025 4.20574045e-08 -2.81018523e-08 1
LGIC_C 354 0.139989572 0.201451655 0.0250139957 -2.81018716e-08 -4.20573923e-08 1
LGIC_C 355 0.112031645 -0.56087205 0.0250140146 1.00935263e-08 5.7878447e-08 1
LGIC_C 356 0.11253082 0.685917039 0.025014014 -8.63455884e-09 -4.34088253e-08 1
LGIC_C 357 0.757288234 0.164927099 0.0250140198 -4.96100869e-08 6.3366408e-09 1
LGIC_C 358 0.0734572724 -0.000673088212 0.0250139869 -4.96100859e-08 9.86807898e-09 1
LGIC_C 359 -0.253519673 0.201388435 0.0250140001 6.28881943e-09 -7.55636452e-08 1
LGIC_C 360 -0.501362873 0.440043578 0.0250140125 3.68002297e-08 -2.45891157e-08 1
LGIC_C 361 0.600363958 -0.169555747 0.0250140147 -4.96100859e-08 9.86807898e-09 1
LGIC_C 362 -0.441398503 -0.103424555 0.0250140022 -4.96100919e-08 2.90231703e-08 -1
LGIC_C 363 -0.344186401 0.464719975 0.0250140102 1.31306824e-08 -4.82586643e-08 1
LGIC_C 364 0.0770064605 0.152869579 0.0250139933 -3.27855134e-08 -4.90669575e-08 1
LGIC_C 365 0.604330853 -0.319621987 0.0250140176 -4.20573976e-08 2.81018683e-08 1
LGIC_C 366 -0.324582274 -0.701568809 0.0250140176 3.95603082e-08 3.05989652e-08 1
LGIC_C 367 0.423016336 -0.141269388 0.0250140051 -4.34088182e-08 2.48392526e-08 1
LGIC_C 368 -0.11642468 -0.296157192 0.025013999 2.48392553e-08 4.34088306e-08 1
LGIC_C 369 -0.103865034 -0.593889669 0.0250140097 -2.90231482e-08 4.96101036e-08 1
LGIC_C 370 -0.390209561 -0.560451393 0.0250140135 2.45891453e-08 3.68002268e-08 1
LGIC_C 371 0.212267071 0.0773017783 0.0250139931 -4.34088272e-08 -8.63453573e-09 1
LGIC_C 372 -0.0835294274 0.451962247 0.0250140036 8.63455111e-09 -4.34088279e-08 1
LGIC_C 373 -0.598692002 0.525103968 0.0250140182 3.68002297e-08 -2.45891157e-08 1
LGIC_C 374 0.0752992283 -0.203359919 0.0250139928 6.33663526e-09 4.9610097e-08 1
LGIC_C 375 0.152124279 -0.63267793 0.0250140183 1.00935263e-08 5.7878447e-08 1
LGIC_C 376 0.393060593 0.387342684 0.0250140107 -4.20574004e-08 -2.81018564e-08 1
LGIC_C 377 0.325601089 0.134415827 0.0250139985 -4.34088272e-08 -8.63453573e-09 1
LGIC_C 378 -0.62851914 0.102318218 0.0250140115 4.96100851e-08 2.90231542e-08 1
LGIC_C 379 -0.0160754209 -0.481009215 0.0250140073 9.8680833e-09 4.96100963e-08 1
LGIC_C 380 0.0811510134 0.623137282 0.025014015 -9.86806672e-09 -4.96100854e-08 1
LGIC_C 381 0.00098422928 0.641128457 0.0250140151 -9.86806672e-09 -4.96100854e-08 1
LGIC_C 382 0.577941151 -0.286747656 0.0250140165 -3.37890406e-08 4.80634332e-08 1
LGIC_C 383 0.329216549 -0.494522393 0.0250140183 -3.27854948e-08 4.90669785e-08 1
LGIC_C 384 -0.455350394 -0.391971689 0.0250140157 6.28883752e-09 7.55636663e-08 1
LGIC_C 385 0.594073608 0.062909126 0.0250140183 -5.78784335e-08 -1.15127284e-08 1
LGIC_C 386 0.513896798 -0.464384493 0.0250140136 -3.68002179e-08 2.45891393e-08 1
LGIC_C 387 0.539279093 -0.245985378 0.0250140133 -3.37890406e-08 4.80634332e-08 1
LGIC_C 388 0.000247644776 0.447291629 0.0250140055 -3.14742797e-08 4.96100914e-08 -1
LGIC_C 389 0.369673645 -0.371667213 0.0250140136 -3.27854948e-08 4.90669785e-08 1
LGIC_C 390 0.555212797 0.0273587232 0.0250140106 -4.96100869e-08 6.3366408e-09 1
LGIC_C 391 -0.205617245 0.100120971 0.025013995 3.37890593e-08 -4.80634052e-08 1
LGIC_C 392 -0.186065655 -0.567966065 0.025014006 -2.90231482e-08 4.96101036e-08 1
LGIC_C 393 -0.00980721101 -0.313443534 0.0250139969 8.63456455e-09 4.34088336e-08 1
LGIC_C 394 0.421016102 0.661656106 0.025014018 -2.45891309e-08 -3.68002211e-08 1
LGIC_C 395 0.341242174 0.422658095 0.0250140081 1.3130701e-08 4.82586573e-08 -1
LGIC_C 396 0.27353737 0.431777422 0.0250140077 1.3130701e-08 4.82586573e-08 -1
LGIC_C 397 -0.669936729 0.233902059 0.0250140144 4.34088259e-08 -8.63455061e-09 1
LGIC_C 398 -0.587601054 0.246690592 0.025014015 3.37890593e-08 -4.80634052e-08 1
LGIC_C 399 0.60888683 -0.144447607 0.025014018 -4.96100802e-08 3.14742968e-08 1
