VGCC_O 9 0.0953603447 -0.018533153 0.0466930096 -1.14792244e-06 -1.24564753e-07 -1
VGCC_O 3 0.0772568984 -0.00428239309 0.046693036 -1.41802159e-06 2.82063681e-07 -1
CaBS 10 0.0967748357 -0.0195417043 0.0831643409 -0.329239867 -0.132369096 0.934922207
CaBS 11 0.105898582 -0.0349816188 0.0756009681 0.34654604 -0.867983022 0.355684293
CaBS 13 0.117985795 -0.0237371516 0.0597527439 0.748611785 -0.322508546 -0.579282861
CaBS 14 0.110220571 -0.00613497154 0.0606680282 0.321328636 0.750213906 -0.577864173
CaBS 15 0.0906069357 -0.0109648538 0.0696965525 -0.999896295 -0.0141984568 0.00240892729
CaBS 16 0.0999812141 -0.00479147386 0.0656738712 -0.346545998 0.867982935 -0.355684546
CaBS 17 0.0996428067 -0.0180498325 0.0843855421 -0.329239867 -0.132369096 0.934922207
CaBS 18 0.105130205 -0.00483537545 0.0605500384 -0.346545998 0.867982935 -0.355684546
CaBS 19 0.09618085 -0.0282182366 0.0603018512 -0.324116536 -0.749802846 -0.576839807
CaBS 20 0.11778549 -0.0269394936 0.0781923477 0.751399702 -0.322919474 0.575431578
CaBS 21 0.0970531929 -0.00699020732 0.0631610573 -0.346545998 0.867982935 -0.355684546
CaBS 22 0.119837497 -0.0150050621 0.0579300629 0.329239702 0.132369043 -0.934922272
CaBS 23 0.0914467316 -0.0120969596 0.0738465687 -0.748611723 0.322508223 0.579283121
CaBS 24 0.10743689 -0.0016184107 0.0733047236 -0.344822968 0.867728907 0.357971598
Ca 4 0.447825462 -0.170291381 0.647369649 0 0 0
CaBS_Ca 64 -0.0929782064 0.00523656453 0.0590783189 0.74861179 -0.322508554 -0.579282851
Ca 6 -0.347175006 -0.530879519 0.616285137 0 0 0
Ca 1 0.0512226412 -0.529994512 0.606403488 0 0 0
Ca 8 0.205466624 0.708719874 0.121607565 0 0 0
Ca 6 0.12192808 -0.47732617 0.473379351 0 0 0
Ca 1 0.61315736 -0.00361682399 0.355406356 0 0 0
Ca 7 0.49310206 0.0279608842 0.316389426 0 0 0
Ca 8 -0.148995549 -0.458553727 0.42760873 0 0 0
Ca 1 -0.117541078 -0.214177596 0.476412072 0 0 0
Ca 8 -0.0785529598 0.0599565062 0.894635951 0 0 0
Ca 6 -0.266363252 0.251515297 0.387933639 0 0 0
Ca 6 0.35739356 0.220860088 0.44092737 0 0 0
Ca 7 0.353383499 0.342536716 0.207496957 0 0 0
Ca 4 -0.0461031182 0.321513732 0.10560824 0 0 0
Ca 4 0.384367997 0.0299949116 0.3123753 0 0 0
Ca 4 -0.244538209 -0.114563704 0.422284271 0 0 0
Ca 7 -0.185136606 -0.674493022 0.364941357 0 0 0
Ca 6 -0.702774377 -0.149974505 0.56350031 0 0 0
Ca 4 -0.169507207 0.0630712095 0.359745627 0 0 0
Ca 8 -0.0716549651 -0.299894787 0.88850181 0 0 0
Ca 4 -0.549588599 0.342125573 0.430164583 0 0 0
Ca 1 0.314124579 -0.0476290172 0.653344874 0 0 0
Ca 7 0.218715018 -0.24356753 0.344381418 0 0 0
Ca 4 -0.464766176 -0.325656762 0.321761234 0 0 0
Ca 6 0.321594399 0.550684608 0.188612869 0 0 0
Ca 4 0.215451904 0.0209964403 0.660419534 0 0 0
Ca 1 0.0653483609 -0.0393141137 0.331468929 0 0 0
Ca 8 -0.383810189 0.209249692 0.233199094 0 0 0
Ca 6 0.1510243 0.0393612786 0.17228884 0 0 0
Ca 7 0.30363603 0.203634952 0.335879274 0 0 0
Ca 7 -0.454915023 0.316880032 0.435886573 0 0 0
Ca 6 -0.0275248174 0.274110944 0.484798363 0 0 0
Ca 8 0.125602815 -0.0491471134 0.299146984 0 0 0
Ca 6 -0.437908415 0.101339255 0.861476886 0 0 0
Ca 8 -0.544211045 0.313054133 0.245525605 0 0 0
Ca 7 -0.15104416 -0.122448952 0.467201031 0 0 0
Ca 4 0.0926941618 0.187819033 0.075135571 0 0 0
Ca 6 0.162024262 0.0479813302 0.228409108 0 0 0
Ca 8 -0.476765114 0.383009741 0.0560062637 0 0 0
Ca 4 0.00583488084 -0.0661699134 0.263452565 0 0 0
Ca 8 -0.0406802038 -0.406525783 0.598706336 0 0 0
Ca 8 -0.695498231 0.000557604449 0.374083805 0 0 0
Ca 6 -0.153497873 -0.0618633984 0.129504059 0 0 0
Ca 1 0.1873022 0.0016029464 0.38295317 0 0 0
Ca 4 -0.289591128 -0.522439042 0.446702605 0 0 0
Ca 1 -0.0394185885 0.182135352 0.0783866852 0 0 0
Ca 7 -0.353053196 0.00501440558 0.144136923 0 0 0
Ca 8 -0.405218541 0.562412148 0.292893342 0 0 0
Ca 7 -0.0818675519 -0.185940112 0.0973450339 0 0 0
Ca 6 0.250270419 0.217853887 0.232248053 0 0 0
Ca 1 -0.15935363 -0.12132715 0.225502101 0 0 0
Ca 7 -0.167722166 -0.152367967 0.453806204 0 0 0
Ca 1 -0.241364915 0.0518978774 0.0724635398 0 0 0
Ca 6 -0.148774321 -0.0554758321 0.237055329 0 0 0
Ca 6 -0.300589312 0.259806088 0.128861246 0 0 0
Ca 4 -0.204424684 0.025993148 0.346418559 0 0 0
Ca 4 -0.080362661 -0.0596830631 0.246273353 0 0 0
Ca 8 -0.61100347 -0.216058578 0.165502675 0 0 0
Ca 6 -0.503363547 0.382290707 0.198331399 0 0 0
Ca 8 -0.219964159 0.0809786056 0.0877092909 0 0 0
Ca 7 -0.075360596 -0.0697796384 0.091157124 0 0 0
Ca 6 -0.578736403 0.196467201 0.279034522 0 0 0
Ca 8 0.262562086 0.0979406031 0.211380354 0 0 0
CaBS_Ca 68 -0.0995188384 -0.00406134262 0.0733818968 0.346545964 -0.867983059 0.355684276
Ca 1 -0.116338543 0.170202198 0.182952839 0 0 0
Ca 8 -0.202108353 -0.0419173425 0.139635009 0 0 0
Ca 4 -0.230448266 0.0805851022 0.0769010259 0 0 0
Ca 8 0.129047608 0.0501680579 0.0960219782 0 0 0
Ca 7 0.0287786771 0.1051114 0.189086655 0 0 0
Ca 6 -0.189421832 -0.0788219798 0.312465239 0 0 0
Ca 7 -0.40117364 -0.100224692 0.251407161 0 0 0
Ca 4 0.017018642 -0.0287044728 0.0479747449 0 0 0
Ca 6 -0.0200303799 0.000707035249 0.119593549 0 0 0
Ca 1 -0.0936249882 -0.142970518 0.194917889 0 0 0
Ca 6 -0.10705902 0.0615873295 0.0970707054 0 0 0
Ca 8 -0.227078863 0.064757083 0.102669589 0 0 0
Ca 8 -0.0550272771 0.0182302499 0.0769246443 0 0 0
Ca 4 -0.116563392 -0.0470964726 0.101390688 0 0 0
Ca 7 -0.154458009 0.060862589 0.0503036021 0 0 0
Ca 8 -0.153892194 0.124060708 0.0727821383 0 0 0
Ca 8 -0.129389011 0.0229042133 0.0466767649 0 0 0
VGCC_O 2 0.119933892 -0.04777957 0.0466929781 -1.41802115e-06 2.82063236e-07 -1
VGCC_O 5 0.113746944 -0.0200409323 0.0466929896 -1.01287282e-06 -1.51427976e-07 -1
VGCC_O 8 -0.134706799 0.0161271258 0.0466933331 -1.62059677e-06 3.22356891e-07 -1
VGCC_O 1 -0.126159285 0.0151063295 0.0466933189 -1.62059625e-06 3.22356338e-07 -1
VGCC_O 4 -0.108229728 0.00324736392 0.0466932869 -8.10297798e-07 1.61178104e-07 -1
VGCC_O 7 -0.137449801 0.00579357966 0.0466933342 -1.62059625e-06 3.22356338e-07 -1
VGCC_O 6 -0.12622171 0.0241576588 0.046693322 -1.62059677e-06 3.22356891e-07 -1
VGCC_O 0 0.11238887 -0.0311459409 0.0466929927 -1.01287282e-06 -1.51427976e-07 -1
TAG 41 -0.105784995 0.0105052503 0.0536665039 -0.333750681 -0.131703993 -0.933415524
TAG 69 -0.119239302 0.00795267007 0.0681959954 -0.999896295 -0.0141984574 0.00240892698
TAG 67 -0.115078276 0.000454692191 0.0742448755 -0.735818461 -0.677177107 0.0015353549
TAG 65 0.119072188 -0.020557456 0.0800936336 0.751399702 -0.322919474 0.575431578
TAG 63 -0.104896891 0.0149528875 0.0527352849 0.329239713 0.132369034 -0.93492227
TAG 62 -0.0995730683 0.0302300905 0.0690462359 0.3213287 0.750213891 -0.577864158
TAG 59 -0.100018848 -0.00188752594 0.0603333581 0.344822933 -0.867729023 -0.35797135
TAG 55 -0.119337383 0.0151637023 0.0699872324 -0.999896295 -0.0141984574 0.00240892698
TAG 54 -0.104785227 0.0261860029 0.076486355 -0.344822968 0.867728888 0.357971643
TAG 53 -0.089146311 -0.000197085518 0.0670554248 0.74861179 -0.322508554 -0.579282851
TAG 52 -0.119278263 0.0119799944 0.0757618237 -0.999896295 -0.0141984574 0.00240892698
TAG 51 -0.102448777 0.00747370566 0.0865367572 -0.329239868 -0.132369105 0.934922205
TAG 45 -0.113699624 0.0170707545 0.0588716642 -0.751399624 0.322919173 -0.575431849
TAG 44 -0.11923843 0.00668793202 0.0611035411 -0.999896295 -0.0141984574 0.00240892698
LGIC_C 0 0.521286749 0.227562676 0.0250140116 -4.20574004e-08 -2.81018564e-08 1
LGIC_C 1 -0.337079429 0.0580669897 0.0250139984 4.34088259e-08 -8.63455061e-09 1
LGIC_C 2 -0.540401558 0.0823986534 0.0250140109 4.96100897e-08 -9.86805572e-09 1
LGIC_C 3 0.238898328 -0.660563062 0.0250140184 -9.86804037e-09 4.96101e-08 1
LGIC_C 4 -0.398378202 -0.226879328 0.0250140029 6.28883752e-09 7.55636663e-08 1
LGIC_C 5 0.0560307049 -0.519441369 0.0250140127 1.00935263e-08 5.7878447e-08 1
LGIC_C 6 -0.324561486 0.477973011 0.0250140148 1.28239438e-08 -5.73353116e-08 1
LGIC_C 7 -0.682506259 0.427617021 0.0250140189 3.68002297e-08 -2.45891157e-08 1
LGIC_C 8 -0.227515964 0.288312433 0.0250139995 2.45891128e-08 -3.68002333e-08 1
LGIC_C 9 -0.429886129 -0.259119649 0.0250140055 6.28883752e-09 7.55636663e-08 1
LGIC_C 10 -0.449078413 -0.615075547 0.0250140198 3.95603082e-08 3.05989652e-08 1
LGIC_C 11 0.153771359 0.564800501 0.0250140103 -6.33660387e-09 4.96100877e-08 -1
LGIC_C 12 0.372969187 0.158988398 0.0250140068 -4.90669739e-08 -3.27854893e-08 1
LGIC_C 13 0.726456421 -0.10289881 0.0250140203 -4.96100859e-08 9.86807898e-09 1
LGIC_C 14 0.655818932 0.239779711 0.0250140142 -4.96100869e-08 6.3366408e-09 1
LGIC_C 15 -0.43812201 -0.318781696 0.0250140062 5.39043203e-09 6.47688584e-08 1
LGIC_C 16 0.634495654 -0.155470994 0.0250140162 -4.96100859e-08 9.86807898e-09 1
LGIC_C 17 -0.540879881 0.34819799 0.0250140139 -4.82586679e-08 1.31306769e-08 -1
LGIC_C 18 0.279325321 -0.44718713 0.0250140099 -2.81018481e-08 4.20574137e-08 1
LGIC_C 19 -0.320441212 0.284651082 0.0250140078 3.37890593e-08 -4.80634052e-08 1
LGIC_C 20 0.128285207 -0.412613442 0.0250140086 -1.15127059e-08 5.78784511e-08 1
LGIC_C 21 -0.0260805717 -0.190832033 0.0250139919 -2.90231482e-08 4.96101036e-08 1
LGIC_C 22 0.153123919 0.628681032 0.025014016 -9.86806672e-09 -4.96100854e-08 1
LGIC_C 23 -0.433013999 0.418811034 0.0250140095 3.68002297e-08 -2.45891157e-08 1
LGIC_C 24 0.121322659 0.443654441 0.0250140065 -9.86806672e-09 -4.96100854e-08 1
LGIC_C 25 0.367873854 -0.0163810193 0.0250139993 -4.34088226e-08 8.63456802e-09 1
LGIC_C 26 -0.0484278019 0.251193563 0.0250139984 1.15127271e-08 -5.78784352e-08 1
LGIC_C 27 -0.263464375 0.516084806 0.0250140172 3.27854968e-08 -4.90669676e-08 1
LGIC_C 28 0.67873926 0.103670043 0.0250140136 -4.34088272e-08 -8.63453573e-09 1
LGIC_C 29 -0.608102623 -0.116644546 0.0250140128 5.7878436e-08 -4.89847332e-08 1
LGIC_C 30 0.650283309 0.0866841904 0.0250140149 -4.96100869e-08 6.3366408e-09 1
LGIC_C 31 -0.397351302 -0.44018475 0.0250140124 3.95603082e-08 3.05989652e-08 1
LGIC_C 32 0.0674541333 0.0802443289 0.0250139885 -2.81018716e-08 -4.20573923e-08 1
LGIC_C 33 -0.0331570606 0.634590258 0.0250140111 8.63455111e-09 -4.34088279e-08 1
LGIC_C 34 0.24370314 -0.498995119 0.0250140157 -3.27854948e-08 4.90669785e-08 1
LGIC_C 35 -0.164375491 -0.507149984 0.0250140036 -2.90231482e-08 4.96101036e-08 1
LGIC_C 36 0.540233872 -0.617958424 0.0250140193 -2.45891087e-08 3.68002429e-08 1
LGIC_C 37 0.120910683 0.756251917 0.0250140171 -8.63455884e-09 -4.34088253e-08 1
LGIC_C 38 0.725367471 -0.306842786 0.0250140176 -3.05989503e-08 3.95603122e-08 1
LGIC_C 39 0.722922077 0.332933833 0.025014018 -3.68002282e-08 -2.45891172e-08 1
LGIC_C 40 -0.673885583 0.0356377342 0.0250140134 4.34088279e-08 -2.48392273e-08 1
LGIC_C 41 -0.52807866 0.617438641 0.025014019 2.45891128e-08 -3.68002333e-08 1
LGIC_C 42 -0.277444017 -0.677810297 0.0250140151 8.63456455e-09 4.34088336e-08 1
LGIC_C 43 -0.589244076 -0.515324588 0.0250140157 1.15916899e-08 4.97976879e-08 1
LGIC_C 44 0.346083388 0.558530168 0.0250140148 1.3130701e-08 4.82586573e-08 -1
LGIC_C 45 0.00708749915 -0.240876277 0.0250139951 6.33663526e-09 4.9610097e-08 1
LGIC_C 46 -0.212662726 -0.180230187 0.0250139961 5.39043203e-09 6.47688584e-08 1
LGIC_C 47 0.503267989 -0.202037864 0.0250140147 -5.78784275e-08 1.15127558e-08 1
LGIC_C 48 -0.0566827707 -0.386240816 0.0250140005 8.63456455e-09 4.34088336e-08 1
LGIC_C 49 -0.487738773 -0.170729145 0.0250140059 4.34088238e-08 8.63459484e-09 1
LGIC_C 50 0.237084474 -0.313439884 0.0250140064 -3.27854948e-08 4.90669785e-08 1
LGIC_C 51 -0.573091778 -0.0238705671 0.0250140075 -4.34088282e-08 2.70157287e-08 -1
LGIC_C 52 0.66421187 -0.166640349 0.0250140162 -4.34088182e-08 2.48392526e-08 1
LGIC_C 53 0.326258467 -0.0770086789 0.0250139993 -4.34088182e-08 2.48392526e-08 1
LGIC_C 54 -0.0330561262 -0.231095828 0.025013995 -4.89847109e-08 5.78784581e-08 1
LGIC_C 55 0.43288764 0.484781778 0.0250140117 -2.45891309e-08 -3.68002211e-08 1
LGIC_C 56 -0.123475491 -0.229469097 0.0250139935 -5.56021111e-08 -1.45571543e-08 -1
LGIC_C 57 -0.0689461153 0.419832678 0.0250140063 -3.14742797e-08 4.96100914e-08 -1
LGIC_C 58 0.439828162 -0.0552702226 0.0250140037 -4.34088182e-08 2.48392526e-08 1
LGIC_C 59 -0.426080344 -0.181954947 0.0250139996 1.45571809e-08 5.5602105e-08 1
LGIC_C 60 0.108525153 0.508296032 0.0250140119 -3.14742949e-08 -4.96100822e-08 1
LGIC_C 61 -0.400078342 0.345305961 0.0250140098 4.20574045e-08 -2.81018523e-08 1
LGIC_C 62 -0.0252491 0.407606743 0.0250140043 -3.14742797e-08 4.96100914e-08 -1
LGIC_C 63 0.190459927 -0.0446411229 0.0250139931 -4.96100859e-08 9.86807898e-09 1
LGIC_C 64 -0.225807474 0.0275068473 0.025013995 5.7878425e-08 4.89846948e-08 1
LGIC_C 65 0.0216524962 0.31068788 0.0250139989 -9.86806672e-09 -4.96100854e-08 1
LGIC_C 66 -0.273172061 -0.313643575 0.0250140015 2.45891453e-08 3.68002268e-08 1
LGIC_C 67 -0.468775004 0.432917435 0.0250140189 6.28881943e-09 -7.55636452e-08 1
LGIC_C 68 -0.654287296 -0.103985773 0.0250140089 -4.34088282e-08 2.70157287e-08 -1
LGIC_C 69 -0.707055005 -0.37344128 0.0250140185 3.68002489e-08 2.45891179e-08 1
LGIC_C 70 -0.0105718016 0.395731469 0.0250140005 8.63455111e-09 -4.34088279e-08 1
LGIC_C 71 0.545083506 0.148315499 0.0250140165 -5.78784335e-08 -1.15127284e-08 1
LGIC_C 72 0.149446852 0.363412839 0.0250140003 -8.63455884e-09 -4.34088253e-08 1
LGIC_C 73 -0.0147701321 0.00709075871 0.025013984 3.68002297e-08 -2.45891157e-08 1
LGIC_C 74 0.497319457 0.49460667 0.0250140137 -4.82586616e-08 -1.31306776e-08 1
LGIC_C 75 0.504307164 -0.59267664 0.0250140174 -2.45891087e-08 3.68002429e-08 1
LGIC_C 76 -0.686992296 0.0691020535 0.0250140153 4.96100851e-08 2.90231542e-08 1
LGIC_C 77 0.320626497 -0.23851235 0.0250140025 -3.05989503e-08 3.95603122e-08 1
LGIC_C 78 0.2600726 0.3721548 0.02501401 -3.27855134e-08 -4.90669575e-08 1
LGIC_C 79 -0.569298744 -0.254991368 0.0250140025 1.15916899e-08 4.97976879e-08 1
LGIC_C 80 0.700273038 -0.0608316168 0.0250140142 -4.34088226e-08 8.63456802e-09 1
LGIC_C 81 0.0554589368 0.680153242 0.0250140167 -6.33660387e-09 4.96100877e-08 -1
LGIC_C 82 0.510798165 -0.313782021 0.0250140113 -3.05989503e-08 3.95603122e-08 1
LGIC_C 83 -0.367142155 0.262293252 0.0250140044 -4.82586679e-08 1.31306769e-08 -1
LGIC_C 84 0.219452676 0.508488383 0.0250140108 -2.81018716e-08 -4.20573923e-08 1
LGIC_C 85 -0.0713941168 0.134478965 0.0250139919 1.28239438e-08 -5.73353116e-08 1
LGIC_C 86 0.566074979 -0.330498908 0.0250140182 -3.37890406e-08 4.80634332e-08 1
LGIC_C 87 -0.309425779 -0.238725487 0.025014001 1.45571809e-08 5.5602105e-08 1
LGIC_C 88 -0.597133005 -0.518159213 0.025014016 1.15916899e-08 4.97976879e-08 1
LGIC_C 89 0.253032509 -0.49532444 0.0250140105 -1.31306721e-08 4.82586744e-08 1
LGIC_C 90 -0.370197471 -0.325426688 0.0250140067 1.45571809e-08 5.5602105e-08 1
LGIC_C 91 0.141416739 0.802090183 0.0250140193 -8.63455884e-09 -4.34088253e-08 1
LGIC_C 92 0.240028994 -0.701416891 0.0250140165 6.33663526e-09 4.9610097e-08 1
LGIC_C 93 -0.0781430746 0.580509102 0.0250140116 -6.33661298e-09 -4.96100859e-08 1
LGIC_C 94 0.161920375 -0.0559800532 0.025013993 -4.96100802e-08 3.14742968e-08 1
LGIC_C 95 -0.322779549 -0.403173049 0.0250140071 -5.56021111e-08 -1.45571543e-08 -1
LGIC_C 96 0.331361041 -0.0239568144 0.0250139999 -4.96100859e-08 9.86807898e-09 1
LGIC_C 97 -0.399098071 0.0662498674 0.0250140011 4.96100851e-08 2.90231542e-08 1
LGIC_C 98 -0.336575239 -0.552408247 0.0250140135 3.95603082e-08 3.05989652e-08 1
LGIC_C 99 0.225323837 -0.0716872141 0.0250139967 -4.96100802e-08 3.14742968e-08 1
LGIC_C 100 -0.351966512 -0.500949835 0.0250140103 2.45891453e-08 3.68002268e-08 1
LGIC_C 101 -0.372279876 0.0222443141 0.025014002 4.96100897e-08 -9.86805572e-09 1
LGIC_C 102 -0.328651478 0.44632036 0.0250140131 1.28239438e-08 -5.73353116e-08 1
LGIC_C 103 -0.456342788 -0.0320493381 0.0250140033 4.34088238e-08 8.63459484e-09 1
LGIC_C 104 0.597270177 -0.247479033 0.0250140153 -4.96100859e-08 9.86807898e-09 1
LGIC_C 105 -0.320107619 0.091727338 0.0250139994 4.34088279e-08 -2.48392273e-08 1
LGIC_C 106 -0.294758216 0.800677627 0.00980105858 -0.194186377 0.976241021 0.0961515493
LGIC_C 107 -0.746576026 -0.257794581 0.0250140179 4.34088238e-08 8.63459484e-09 1
LGIC_C 108 -0.0378062801 -0.500287653 0.0250140059 2.48392553e-08 4.34088306e-08 1
LGIC_C 109 0.200260089 0.0977797042 0.0250139942 -4.82586616e-08 -1.31306776e-08 1
LGIC_C 110 -0.183388198 -0.705452992 0.0250140154 8.63456455e-09 4.34088336e-08 1
LGIC_C 111 -0.518523284 -0.148818594 0.0250140047 -4.96100919e-08 2.90231703e-08 -1
LGIC_C 112 0.735185014 -0.0192377593 0.0250140203 -4.96100802e-08 3.14742968e-08 1
LGIC_C 113 -0.0113575632 -0.697024817 0.0250140138 2.48392553e-08 4.34088306e-08 1
LGIC_C 114 -0.368768237 0.409285514 0.0250140115 1.28239438e-08 -5.73353116e-08 1
LGIC_C 115 0.513665849 -0.380622939 0.025014014 -3.05989503e-08 3.95603122e-08 1
LGIC_C 116 0.179938759 -0.467311378 0.0250140085 1.00935263e-08 5.7878447e-08 1
LGIC_C 117 -0.191182025 -0.046495938 0.0250139914 -4.96100919e-08 2.90231703e-08 -1
LGIC_C 118 -0.324389883 -0.336535026 0.0250140062 -5.56021111e-08 -1.45571543e-08 -1
LGIC_C 119 0.0780565222 0.404943063 0.0250140041 -9.86806672e-09 -4.96100854e-08 1
LGIC_C 120 0.0192850668 0.465930808 0.0250140066 -9.86806672e-09 -4.96100854e-08 1
LGIC_C 121 -0.447966314 -0.41469199 0.0250140091 1.15916899e-08 4.97976879e-08 1
LGIC_C 122 0.617205392 -0.332842222 0.0250140141 -3.68002179e-08 2.45891393e-08 1
LGIC_C 123 0.346747933 -0.272737661 0.0250140092 -4.90669481e-08 3.27855328e-08 1
LGIC_C 124 0.500967305 -0.41928343 0.025014012 -3.68002179e-08 2.45891393e-08 1
LGIC_C 125 0.139175864 -0.164904887 0.025013993 -1.31306721e-08 4.82586744e-08 1
LGIC_C 126 0.632688583 -0.353576085 0.0250140166 -3.05989503e-08 3.95603122e-08 1
LGIC_C 127 0.239496935 -0.30697264 0.0250140012 -1.31306721e-08 4.82586744e-08 1
LGIC_C 128 0.226569326 -0.364190649 0.0250140022 -2.45891087e-08 3.68002429e-08 1
LGIC_C 129 0.451120502 -0.115150672 0.0250140038 -4.34088226e-08 8.63456802e-09 1
LGIC_C 130 -0.637241624 0.229137054 0.0250140129 4.34088259e-08 -8.63455061e-09 1
LGIC_C 131 0.411268907 0.255940215 0.0250140064 -4.82586616e-08 -1.31306776e-08 1
LGIC_C 132 -0.257093875 0.0974154111 0.0250139934 5.7878425e-08 4.89846948e-08 1
LGIC_C 133 -0.619767489 -0.0529033808 0.0250140106 4.34088238e-08 8.63459484e-09 1
LGIC_C 134 0.31209181 -0.652803345 0.0250140149 -2.45891087e-08 3.68002429e-08 1
LGIC_C 135 -0.308328273 -0.268916572 0.0250140055 6.28883752e-09 7.55636663e-08 1
LGIC_C 136 0.420542837 -0.247878925 0.0250140048 -3.68002179e-08 2.45891393e-08 1
LGIC_C 137 0.366668869 -0.304977851 0.0250140065 -3.05989503e-08 3.95603122e-08 1
LGIC_C 138 -0.707759063 -0.199145544 0.02501401 4.96100935e-08 -4.19869172e-08 1
LGIC_C 139 0.175211263 -0.0169232262 0.0250139924 -4.96100802e-08 3.14742968e-08 1
LGIC_C 140 0.453693247 0.582296755 0.0250140158 -2.45891309e-08 -3.68002211e-08 1
LGIC_C 141 0.502363069 0.103836163 0.0250140059 -4.34088272e-08 -8.63453573e-09 1
LGIC_C 142 -0.470886296 -0.523786632 0.0250140179 3.95603082e-08 3.05989652e-08 1
LGIC_C 143 -0.0874789838 -0.172349628 0.025013993 2.81018674e-08 4.20574117e-08 1
LGIC_C 144 -0.467372098 -0.474113157 0.0250140163 3.95603082e-08 3.05989652e-08 1
LGIC_C 145 0.209150028 0.0157349177 0.0250139935 -4.96100869e-08 6.3366408e-09 1
LGIC_C 146 0.00240034705 0.590721723 0.0250140126 -6.33660387e-09 4.96100877e-08 -1
LGIC_C 147 -0.315540292 -0.333581548 0.0250140033 2.45891453e-08 3.68002268e-08 1
LGIC_C 148 0.431988786 -0.0791942698 0.0250140091 -5.78784275e-08 1.15127558e-08 1
LGIC_C 149 0.571389813 0.522711432 0.0250140171 -3.68002282e-08 -2.45891172e-08 1
LGIC_C 150 0.39925241 0.162185545 0.025014002 -4.96100869e-08 6.3366408e-09 1
LGIC_C 151 -0.124339169 -0.734876426 0.0250140162 8.63456455e-09 4.34088336e-08 1
LGIC_C 152 0.267090641 0.60735784 0.0250140163 -2.81018716e-08 -4.20573923e-08 1
LGIC_C 153 0.16233312 -0.182923553 0.0250139958 -1.28239349e-08 5.73353226e-08 1
LGIC_C 154 0.182307835 0.509812928 0.0250140104 -9.86806672e-09 -4.96100854e-08 1
LGIC_C 155 -0.610623386 0.125383077 0.0250140109 4.34088259e-08 -8.63455061e-09 1
LGIC_C 156 -0.266865025 0.00875483995 0.0250139949 4.34088259e-08 -8.63455061e-09 1
LGIC_C 157 -0.38335451 0.279985969 0.0250140068 6.28881943e-09 -7.55636452e-08 1
LGIC_C 158 0.378856061 0.173100309 0.0250140044 3.37890593e-08 4.80634111e-08 -1
LGIC_C 159 0.78188566 0.162603989 0.0250140186 -4.34088272e-08 -8.63453573e-09 1
LGIC_C 160 -0.25355165 -0.0585306085 0.0250139927 -4.34088282e-08 2.70157287e-08 -1
LGIC_C 161 -0.430155781 0.0953279708 0.0250140056 4.96100897e-08 -9.86805572e-09 1
LGIC_C 162 0.45657992 -0.018374923 0.0250140099 -5.78784275e-08 1.15127558e-08 1
LGIC_C 163 0.364705448 -0.23178372 0.0250140051 -4.20573976e-08 2.81018683e-08 1
LGIC_C 164 0.243643517 -0.59964006 0.0250140114 6.33663526e-09 4.9610097e-08 1
LGIC_C 165 -0.327822396 0.0441663579 0.0250139982 4.96100851e-08 2.90231542e-08 1
LGIC_C 166 -0.186811661 -0.686553434 0.0250140177 2.48392553e-08 4.34088306e-08 1
LGIC_C 167 -0.560451154 0.53992503 0.0250140174 -4.82586679e-08 1.31306769e-08 -1
LGIC_C 168 -0.555543442 -0.250252355 0.0250140024 5.39043203e-09 6.47688584e-08 1
LGIC_C 169 0.684071355 -0.456530652 0.0250140196 -3.68002179e-08 2.45891393e-08 1
LGIC_C 170 0.518496137 -0.346945368 0.0250140174 -3.37890406e-08 4.80634332e-08 1
LGIC_C 171 -0.189813562 0.292960607 0.0250140025 1.28239438e-08 -5.73353116e-08 1
LGIC_C 172 0.382227913 0.162852857 0.0250140039 -4.20574004e-08 -2.81018564e-08 1
LGIC_C 173 0.673503997 0.29238994 0.0250140152 -3.68002282e-08 -2.45891172e-08 1
LGIC_C 174 -0.0765644691 -0.527517416 0.025014008 2.48392553e-08 4.34088306e-08 1
LGIC_C 175 0.434872429 -0.306549329 0.0250140127 -3.37890406e-08 4.80634332e-08 1
LGIC_C 176 -0.610625468 -0.585834982 0.0250140195 1.15916899e-08 4.97976879e-08 1
LGIC_C 177 0.309873586 0.325263165 0.0250140056 -2.81018716e-08 -4.20573923e-08 1
LGIC_C 178 0.0732357234 -0.617586044 0.0250140134 6.33663526e-09 4.9610097e-08 1
LGIC_C 179 -0.252679863 -0.168028433 0.0250139975 6.28883752e-09 7.55636663e-08 1
LGIC_C 180 -0.154588986 0.266754753 0.0250139988 2.8101852e-08 -4.20574041e-08 1
LGIC_C 181 -0.624884692 -0.317510995 0.0250140072 5.39043203e-09 6.47688584e-08 1
LGIC_C 182 0.0791220341 -0.165588187 0.0250139924 -2.81018481e-08 4.20574137e-08 1
LGIC_C 183 0.66069951 0.318123226 0.0250140193 -4.82586616e-08 -1.31306776e-08 1
LGIC_C 184 0.70962552 -0.0377037908 0.025014015 -4.34088182e-08 2.48392526e-08 1
LGIC_C 185 0.387271438 -0.107979566 0.0250140027 -4.34088182e-08 2.48392526e-08 1
LGIC_C 186 -0.61286535 -0.315541228 0.025014007 5.39043203e-09 6.47688584e-08 1
LGIC_C 187 0.160654085 0.0754829489 0.0250139936 -4.90669739e-08 -3.27854893e-08 1
LGIC_C 188 -0.746735404 0.0975279233 0.0250140165 4.34088259e-08 -8.63455061e-09 1
LGIC_C 189 -0.523831865 0.302942393 0.0250140138 4.20574045e-08 -2.81018523e-08 1
LGIC_C 190 0.332004018 -0.753243023 0.0250140191 -2.45891087e-08 3.68002429e-08 1
LGIC_C 191 -0.424826337 -0.242743934 0.0250140012 5.39043203e-09 6.47688584e-08 1
LGIC_C 192 -0.290403932 0.109474888 0.0250139968 4.34088259e-08 -8.63455061e-09 1
LGIC_C 193 0.305072499 0.0743204094 0.0250139991 -4.96100911e-08 -9.86803575e-09 1
LGIC_C 194 -0.674459084 0.359618054 0.0250140169 3.68002297e-08 -2.45891157e-08 1
LGIC_C 195 0.352586043 0.380624168 0.0250140092 -2.81018716e-08 -4.20573923e-08 1
LGIC_C 196 0.718680809 0.383453873 0.0250140191 -3.68002282e-08 -2.45891172e-08 1
LGIC_C 197 -0.250309109 -0.506657563 0.025014008 2.45891453e-08 3.68002268e-08 1
LGIC_C 198 0.5399043 0.0245531214 0.0250140069 -4.34088272e-08 -8.63453573e-09 1
LGIC_C 199 0.616690515 0.248630584 0.0250140122 -4.96100869e-08 6.3366408e-09 1
LGIC_C 200 0.728772582 -0.304451209 0.0250140175 -3.68002179e-08 2.45891393e-08 1
LGIC_C 201 0.217416912 0.139887215 0.0250139963 -4.20574004e-08 -2.81018564e-08 1
LGIC_C 202 -0.0244966155 -0.312101814 0.0250139974 2.48392553e-08 4.34088306e-08 1
LGIC_C 203 -0.183089447 -0.0689320868 0.0250139905 5.7878436e-08 -4.89847332e-08 1
LGIC_C 204 -0.358317992 0.543500713 0.0250140162 2.8101852e-08 -4.20574041e-08 1
LGIC_C 205 -0.07745669 0.236726931 0.0250139958 9.86805557e-09 -4.96100883e-08 1
LGIC_C 206 0.615386876 -0.362738889 0.0250140148 -3.68002179e-08 2.45891393e-08 1
LGIC_C 207 -0.127232545 -0.453798113 0.0250140032 -4.89847109e-08 5.78784581e-08 1
LGIC_C 208 -0.529256417 0.364419882 0.0250140136 -4.82586679e-08 1.31306769e-08 -1
LGIC_C 209 -0.00583319217 -0.00827435276 0.0250139847 -7.86852791e-08 -1.17760747e-07 -1
LGIC_C 210 0.0446317723 0.240492927 0.0250139956 -9.86806672e-09 -4.96100854e-08 1
LGIC_C 211 0.607859145 -0.167469921 0.0250140203 -5.78784275e-08 1.15127558e-08 1
LGIC_C 212 -0.344146754 -0.467004204 0.0250140092 -5.56021111e-08 -1.45571543e-08 -1
LGIC_C 213 0.407258141 -0.444015696 0.0250140133 -2.81018481e-08 4.20574137e-08 1
LGIC_C 214 0.492574688 -0.104274411 0.0250140055 -4.34088226e-08 8.63456802e-09 1
LGIC_C 215 -0.427591758 -0.0606272197 0.0250140023 4.34088238e-08 8.63459484e-09 1
LGIC_C 216 0.186524496 -0.168972722 0.0250139956 -3.05989503e-08 3.95603122e-08 1
LGIC_C 217 0.496849714 -0.404864672 0.0250140195 -3.37890406e-08 4.80634332e-08 1
LGIC_C 218 -0.249943939 0.384104669 0.0250140051 1.31306824e-08 -4.82586643e-08 1
LGIC_C 219 -0.204384321 -0.439014719 0.0250140048 3.95603082e-08 3.05989652e-08 1
LGIC_C 220 -0.720842455 -0.349384237 0.0250140184 3.68002489e-08 2.45891179e-08 1
LGIC_C 221 0.708449996 -0.456686031 0.0185044712 0.827616944 -0.552996408 0.0961517878
LGIC_C 222 -0.583323131 -0.177697548 0.0250140071 -4.96100919e-08 2.90231703e-08 -1
LGIC_C 223 0.293259033 0.415451419 0.0250140114 -4.80634192e-08 -3.37890445e-08 1
LGIC_C 224 -0.356729026 0.0744953148 0.0250139988 4.96100851e-08 2.90231542e-08 1
LGIC_C 225 0.184830585 -0.623200657 0.0250140119 -8.63454093e-09 4.34088369e-08 1
LGIC_C 226 0.350584054 -0.217729611 0.0250140015 -3.68002179e-08 2.45891393e-08 1
LGIC_C 227 -0.186395933 0.487370307 0.025014006 8.63455111e-09 -4.34088279e-08 1
LGIC_C 228 0.263816408 -0.329059857 0.0250140026 -1.31306721e-08 4.82586744e-08 1
LGIC_C 229 -0.53742549 -0.070908968 0.0250140072 4.34088238e-08 8.63459484e-09 1
LGIC_C 230 -0.690863165 -0.217105411 0.0250140074 -4.34088282e-08 2.70157287e-08 -1
LGIC_C 231 0.527936056 0.268945234 0.025014014 3.37890593e-08 4.80634111e-08 -1
LGIC_C 232 -0.247180944 0.758416627 0.0250140183 8.63455111e-09 -4.34088279e-08 1
LGIC_C 233 0.336332983 0.24623504 0.0250140027 -4.82586616e-08 -1.31306776e-08 1
LGIC_C 234 -0.093117967 -0.451048864 0.0250140036 8.63456455e-09 4.34088336e-08 1
LGIC_C 235 0.267473593 0.447291971 0.0250140096 -2.81018716e-08 -4.20573923e-08 1
LGIC_C 236 0.303507758 -0.0317655395 0.0250139972 -4.34088182e-08 2.48392526e-08 1
LGIC_C 237 0.662822693 -0.0296687542 0.025014017 -4.96100802e-08 3.14742968e-08 1
LGIC_C 238 -0.14770669 0.00645113567 0.0250139915 5.7878425e-08 4.89846948e-08 1
LGIC_C 239 0.508831395 -0.279745381 0.0250140125 -4.20573976e-08 2.81018683e-08 1
LGIC_C 240 0.101500584 -0.158267645 0.0250139936 -1.28239349e-08 5.73353226e-08 1
LGIC_C 241 -0.113211056 0.242289013 0.0250139966 2.8101852e-08 -4.20574041e-08 1
LGIC_C 242 0.613084431 -0.311610915 0.0250140189 -3.37890406e-08 4.80634332e-08 1
LGIC_C 243 -0.624566344 0.235378475 0.0250140166 4.96100897e-08 -9.86805572e-09 1
LGIC_C 244 0.574509919 -0.200237395 0.0250140188 -5.78784275e-08 1.15127558e-08 1
LGIC_C 245 -0.496544718 -0.465150454 0.0250140163 1.45571809e-08 5.5602105e-08 1
LGIC_C 246 0.408295065 0.455822846 0.0250140101 -2.45891309e-08 -3.68002211e-08 1
LGIC_C 247 -0.47825308 0.645946345 0.0250140188 2.45891128e-08 -3.68002333e-08 1
LGIC_C 248 0.142323847 -0.118354859 0.0250139914 -3.68002179e-08 2.45891393e-08 1
LGIC_C 249 0.473561903 -0.000317096496 0.0250140067 -4.96100802e-08 3.14742968e-08 1
LGIC_C 250 0.218829477 0.504721873 0.0250140108 -4.80634192e-08 -3.37890445e-08 1
LGIC_C 251 0.0313012777 0.666105602 0.0250140161 -6.33660387e-09 4.96100877e-08 -1
LGIC_C 252 0.127531235 0.569962687 0.0250140155 -3.14742949e-08 -4.96100822e-08 1
LGIC_C 253 0.503879567 0.333604848 0.0250140119 -4.82586616e-08 -1.31306776e-08 1
LGIC_C 254 -0.451781236 0.294281469 0.0250140127 3.37890593e-08 -4.80634052e-08 1
LGIC_C 255 -0.804864183 -0.078803785 0.0250140161 -4.34088282e-08 2.70157287e-08 -1
LGIC_C 256 -0.302102616 0.551846386 0.025014011 2.45891128e-08 -3.68002333e-08 1
LGIC_C 257 0.302263167 0.304759835 0.0250140019 1.3130701e-08 4.82586573e-08 -1
LGIC_C 258 -0.24057204 0.549479272 0.0250140094 2.45891128e-08 -3.68002333e-08 1
LGIC_C 259 0.280009559 -0.315852706 0.0250140079 -3.27854948e-08 4.90669785e-08 1
LGIC_C 260 -0.000360208181 -0.572930717 0.0250140117 9.8680833e-09 4.96100963e-08 1
LGIC_C 261 0.0865819547 0.606629926 0.0250140103 -8.63455884e-09 -4.34088253e-08 1
LGIC_C 262 -0.358764286 0.319605755 0.0250140073 4.20574045e-08 -2.81018523e-08 1
LGIC_C 263 -0.685056535 -0.278523238 0.0250140056 4.96100935e-08 -4.19869172e-08 1
LGIC_C 264 0.442334226 -0.321944287 0.0250140074 -3.68002179e-08 2.45891393e-08 1
LGIC_C 265 0.21123757 0.0314774579 0.025013994 -4.96100911e-08 -9.86803575e-09 1
LGIC_C 266 -0.140981459 -0.349655098 0.0250140019 2.48392553e-08 4.34088306e-08 1
LGIC_C 267 -0.26482211 -0.257281796 0.0250140014 1.45571809e-08 5.5602105e-08 1
LGIC_C 268 -0.0680921573 -0.511395809 0.0250140066 -2.90231482e-08 4.96101036e-08 1
LGIC_C 269 -0.0418129735 0.665679153 0.025014016 -6.33661298e-09 -4.96100859e-08 1
LGIC_C 270 -0.0968089991 -0.0995832823 0.0250139912 7.55636799e-08 6.2887973e-09 1
LGIC_C 271 -0.490380572 -0.457742999 0.0250140126 3.68002489e-08 2.45891179e-08 1
LGIC_C 272 -0.399773807 0.301551295 0.0250140065 -4.82586679e-08 1.31306769e-08 -1
LGIC_C 273 0.702669402 -0.163343806 0.0250140178 -4.34088182e-08 2.48392526e-08 1
LGIC_C 274 -0.350005461 0.390897738 0.0250140063 2.45891128e-08 -3.68002333e-08 1
LGIC_C 275 0.0467068457 -0.557457426 0.0250140106 6.33663526e-09 4.9610097e-08 1
LGIC_C 276 -0.15681389 -0.489613758 0.025014003 -2.90231482e-08 4.96101036e-08 1
LGIC_C 277 0.651614611 -0.0692014863 0.0250140177 -4.96100802e-08 3.14742968e-08 1
LGIC_C 278 0.294669454 0.286695903 0.0250140011 -3.68002282e-08 -2.45891172e-08 1
LGIC_C 279 0.0650367896 -0.127033254 0.0250139895 -2.45891087e-08 3.68002429e-08 1
LGIC_C 280 -0.285663875 -0.142677928 0.0250139953 1.45571809e-08 5.5602105e-08 1
LGIC_C 281 0.359044548 0.589653511 0.0250140204 -4.80634192e-08 -3.37890445e-08 1
LGIC_C 282 -0.270626053 -0.460515122 0.0250140081 3.95603082e-08 3.05989652e-08 1
LGIC_C 283 -0.26081969 -0.491155541 0.0250140061 7.55636799e-08 6.2887973e-09 1
LGIC_C 284 0.2160924 -0.762439476 0.0250140182 -8.63454093e-09 4.34088369e-08 1
LGIC_C 285 -0.251992477 0.497665272 0.025014016 3.27854968e-08 -4.90669676e-08 1
LGIC_C 286 -0.502161719 0.0128499246 0.0250140078 4.96100851e-08 2.90231542e-08 1
LGIC_C 287 -0.0689211014 -0.118971364 0.0250139893 2.45891453e-08 3.68002268e-08 1
LGIC_C 288 0.018871034 -0.333845542 0.0250139997 6.33663526e-09 4.9610097e-08 1
LGIC_C 289 0.00985229182 -0.00691697502 0.0250139838 -3.68002179e-08 2.45891393e-08 1
LGIC_C 290 -0.348929688 -0.507377672 0.0250140144 2.81018674e-08 4.20574117e-08 1
LGIC_C 291 -0.468492771 0.414343469 0.0250140107 3.68002297e-08 -2.45891157e-08 1
LGIC_C 292 0.429953031 0.462409113 0.0250140148 -2.81018716e-08 -4.20573923e-08 1
LGIC_C 293 -0.624433594 -0.0219950759 0.0250140136 -4.96100919e-08 2.90231703e-08 -1
LGIC_C 294 0.0582060714 -0.182334552 0.0250139945 -1.15127059e-08 5.78784511e-08 1
LGIC_C 295 -0.157537892 0.156359144 0.0250139961 6.28881943e-09 -7.55636452e-08 1
LGIC_C 296 0.512653462 0.277799523 0.0250140126 -4.20574004e-08 -2.81018564e-08 1
LGIC_C 297 0.0401854864 0.326503552 0.0250139978 -8.63455884e-09 -4.34088253e-08 1
LGIC_C 298 0.0401806647 -0.501133703 0.0250140085 -9.86804037e-09 4.96101e-08 1
LGIC_C 299 -0.120527023 -0.308227509 0.0250139997 9.8680833e-09 4.96100963e-08 1
LGIC_C 300 0.430488474 -0.0332076302 0.0250140027 -4.34088182e-08 2.48392526e-08 1
LGIC_C 301 0.0836880181 0.371575635 0.0250140001 -8.63455884e-09 -4.34088253e-08 1
LGIC_C 302 0.386914679 0.352302659 0.0250140094 -4.20574004e-08 -2.81018564e-08 1
LGIC_C 303 -0.0266248963 0.352649786 0.025014001 9.86805557e-09 -4.96100883e-08 1
LGIC_C 304 -0.180756291 0.382799383 0.0250140041 1.31306824e-08 -4.82586643e-08 1
LGIC_C 305 -0.432765404 0.248090501 0.0250140053 3.68002297e-08 -2.45891157e-08 1
LGIC_C 306 0.164938119 0.108118485 0.025013994 3.37890593e-08 4.80634111e-08 -1
LGIC_C 307 -0.403817814 0.279665972 0.0250140064 -4.82586679e-08 1.31306769e-08 -1
LGIC_C 308 0.624712257 -0.246810471 0.0250140125 -4.34088226e-08 8.63456802e-09 1
LGIC_C 309 0.138722799 0.122752692 0.0250139914 -3.68002282e-08 -2.45891172e-08 1
LGIC_C 310 0.101321191 0.80691985 0.0250140192 -8.63455884e-09 -4.34088253e-08 1
LGIC_C 311 0.548770274 0.607991112 0.0250140191 -2.45891309e-08 -3.68002211e-08 1
LGIC_C 312 0.294392341 0.228022562 0.025014002 -4.20574004e-08 -2.81018564e-08 1
LGIC_C 313 0.675697988 0.358899718 0.0250140169 -3.68002282e-08 -2.45891172e-08 1
LGIC_C 314 -0.234893788 0.500613961 0.0250140075 2.45891128e-08 -3.68002333e-08 1
LGIC_C 315 -0.0746513674 0.0220182891 0.0250139872 4.96100897e-08 -9.86805572e-09 1
LGIC_C 316 -0.249960753 -0.208326433 0.0250140005 6.28883752e-09 7.55636663e-08 1
LGIC_C 317 -0.41821155 -0.200905546 0.0250140036 3.68002489e-08 2.45891179e-08 1
LGIC_C 318 -0.212766456 -0.348223461 0.0250140002 -5.56021111e-08 -1.45571543e-08 -1
LGIC_C 319 -0.525194183 -0.0748551355 0.025014004 -4.34088282e-08 2.70157287e-08 -1
LGIC_C 320 0.409320706 0.564431088 0.0250140185 -2.81018716e-08 -4.20573923e-08 1
LGIC_C 321 0.59445003 -0.292764181 0.0250140174 -3.37890406e-08 4.80634332e-08 1
LGIC_C 322 0.547326526 0.207968793 0.0250140173 -5.78784335e-08 -1.15127284e-08 1
LGIC_C 323 -0.306347874 -0.661212068 0.0250140197 2.81018674e-08 4.20574117e-08 1
LGIC_C 324 0.00682985198 0.687864111 0.0250140173 -6.33660387e-09 4.96100877e-08 -1
LGIC_C 325 0.461659473 0.660010595 0.0250140189 -2.45891309e-08 -3.68002211e-08 1
LGIC_C 326 0.163020771 0.610832536 0.0250140125 -6.33660387e-09 4.96100877e-08 -1
LGIC_C 327 -0.313226406 -0.0327427276 0.0250139979 -4.96100919e-08 2.90231703e-08 -1
LGIC_C 328 -0.437341001 0.0199605136 0.0250140028 4.34088279e-08 -2.48392273e-08 1
LGIC_C 329 0.657993645 -0.209660294 0.0250140179 -4.96100859e-08 9.86807898e-09 1
LGIC_C 330 0.386004713 -0.0649967716 0.0250140044 -4.96100802e-08 3.14742968e-08 1
LGIC_C 331 0.255368454 -0.0712975677 0.0250139961 -4.34088182e-08 2.48392526e-08 1
LGIC_C 332 -0.0455575771 -0.32837455 0.025014 9.8680833e-09 4.96100963e-08 1
LGIC_C 333 0.47029406 0.166355729 0.0250140051 -4.34088272e-08 -8.63453573e-09 1
LGIC_C 334 0.236347345 0.812480185 0.0092791879 0.194186548 0.976240951 0.0961519121
LGIC_C 335 0.202344944 0.60080705 0.0250140118 -6.33660387e-09 4.96100877e-08 -1
LGIC_C 336 -0.739867416 0.00370185132 0.0250140155 4.34088279e-08 -2.48392273e-08 1
LGIC_C 337 -0.0508883509 -0.00339850795 0.0250139857 -4.96100919e-08 2.90231703e-08 -1
LGIC_C 338 -0.165390799 0.30685751 0.0250139986 2.45891128e-08 -3.68002333e-08 1
LGIC_C 339 0.183937732 -0.221219815 0.0250139963 -1.31306721e-08 4.82586744e-08 1
LGIC_C 340 -0.312753376 0.601197662 0.0250140173 2.8101852e-08 -4.20574041e-08 1
LGIC_C 341 -0.0520495189 -0.728221767 0.0250140153 8.63456455e-09 4.34088336e-08 1
LGIC_C 342 -0.853492707 -0.0267165785 0.0159683396 -0.976240825 -0.194187339 0.0961515894
LGIC_C 343 0.257713347 0.463101927 0.025014009 1.3130701e-08 4.82586573e-08 -1
LGIC_C 344 -0.119171493 0.0414397765 0.0250139881 5.7878425e-08 4.89846948e-08 1
LGIC_C 345 -0.0995311052 -0.110554023 0.0250139915 7.55636799e-08 6.2887973e-09 1
LGIC_C 346 0.359243823 0.337614025 0.0250140048 -3.68002282e-08 -2.45891172e-08 1
LGIC_C 347 0.447082362 -0.211254467 0.0250140121 -4.90669481e-08 3.27855328e-08 1
LGIC_C 348 -0.136595845 -0.6241793 0.0250140156 9.8680833e-09 4.96100963e-08 1
LGIC_C 349 -0.178427966 -0.535016985 0.0250140046 -2.90231482e-08 4.96101036e-08 1
LGIC_C 350 -0.255691949 0.396199832 0.0250140041 2.45891128e-08 -3.68002333e-08 1
LGIC_C 351 -0.119341758 0.053328876 0.0250139899 3.37890593e-08 -4.80634052e-08 1
LGIC_C 352 -0.154209757 -0.36527581 0.0250140005 3.95603082e-08 3.05989652e-08 1
LGIC_C 353 -0.323416123 0.163712953 0.0250140015 4.20574045e-08 -2.81018523e-08 1
LGIC_C 354 0.142255851 0.221993211 0.0250139966 -2.81018716e-08 -4.20573923e-08 1
LGIC_C 355 0.0988373192 -0.569643963 0.0250140152 1.00935263e-08 5.7878447e-08 1
LGIC_C 356 0.118682867 0.723892567 0.0250140157 -8.63455884e-09 -4.34088253e-08 1
LGIC_C 357 0.756942954 0.159708399 0.0250140198 -4.96100869e-08 6.3366408e-09 1
LGIC_C 358 0.037462508 -0.0324251213 0.0250139861 -4.90669481e-08 3.27855328e-08 1
LGIC_C 359 -0.214644778 0.194678632 0.0250139993 6.28881943e-09 -7.55636452e-08 1
LGIC_C 360 -0.478585684 0.416232676 0.0250140111 3.68002297e-08 -2.45891157e-08 1
LGIC_C 361 0.58672304 -0.153284647 0.0250140139 -4.96100859e-08 9.86807898e-09 1
LGIC_C 362 -0.414865685 -0.116201834 0.0250140005 -4.96100919e-08 2.90231703e-08 -1
LGIC_C 363 -0.397302266 0.395003613 0.0250140111 4.20574045e-08 -2.81018523e-08 1
LGIC_C 364 0.113796476 0.139749697 0.0250139938 -3.27855134e-08 -4.90669575e-08 1
LGIC_C 365 0.599808302 -0.317930735 0.0250140174 -4.20573976e-08 2.81018683e-08 1
LGIC_C 366 -0.290365794 -0.699726879 0.0250140162 3.95603082e-08 3.05989652e-08 1
LGIC_C 367 0.389552743 -0.163613433 0.0250140016 -3.05989503e-08 3.95603122e-08 1
LGIC_C 368 -0.105872135 -0.279180433 0.025013998 2.48392553e-08 4.34088306e-08 1
LGIC_C 369 -0.0912081737 -0.600998365 0.0250140104 -2.90231482e-08 4.96101036e-08 1
LGIC_C 370 -0.38467551 -0.55905867 0.0250140133 2.45891453e-08 3.68002268e-08 1
LGIC_C 371 0.185521562 0.110707682 0.0250139928 -3.68002282e-08 -2.45891172e-08 1
LGIC_C 372 -0.084298947 0.447338917 0.0250140034 8.63455111e-09 -4.34088279e-08 1
LGIC_C 373 -0.553999484 0.546815501 0.0250140171 3.68002297e-08 -2.45891157e-08 1
LGIC_C 374 0.0713861166 -0.214706008 0.0250139934 6.33663526e-09 4.9610097e-08 1
LGIC_C 375 0.171951856 -0.612495207 0.0250140169 1.00935263e-08 5.7878447e-08 1
LGIC_C 376 0.415205793 0.390589035 0.0250140117 -4.20574004e-08 -2.81018564e-08 1
LGIC_C 377 0.315496971 0.152234076 0.0250139986 -3.68002282e-08 -2.45891172e-08 1
LGIC_C 378 -0.662032217 0.0769204922 0.0250140139 4.96100851e-08 2.90231542e-08 1
LGIC_C 379 -0.0124419674 -0.513481414 0.0250140088 9.8680833e-09 4.96100963e-08 1
LGIC_C 380 0.0919845428 0.602833921 0.0250140141 -9.86806672e-09 -4.96100854e-08 1
LGIC_C 381 0.0132462656 0.624629516 0.0250140144 -9.86806672e-09 -4.96100854e-08 1
LGIC_C 382 0.595188463 -0.284632392 0.025014017 -3.37890406e-08 4.80634332e-08 1
LGIC_C 383 0.331910256 -0.510153014 0.0250140191 -3.27854948e-08 4.90669785e-08 1
LGIC_C 384 -0.480550006 -0.380102695 0.025014015 6.28883752e-09 7.55636663e-08 1
LGIC_C 385 0.624508016 0.0598687835 0.0250140201 -5.78784335e-08 -1.15127284e-08 1
LGIC_C 386 0.52408831 -0.471185463 0.0250140141 -3.68002179e-08 2.45891393e-08 1
LGIC_C 387 0.531165154 -0.25499121 0.0250140134 -3.37890406e-08 4.80634332e-08 1
LGIC_C 388 -0.00408268248 0.474552899 0.0250140069 9.86805557e-09 -4.96100883e-08 1
LGIC_C 389 0.340757765 -0.366674381 0.0250140124 -3.27854948e-08 4.90669785e-08 1
LGIC_C 390 0.532114955 0.0240338336 0.0250140095 -4.96100869e-08 6.3366408e-09 1
LGIC_C 391 -0.200558517 0.119953321 0.0250139958 3.37890593e-08 -4.80634052e-08 1
LGIC_C 392 -0.217896809 -0.571427414 0.0250140052 -2.90231482e-08 4.96101036e-08 1
LGIC_C 393 0.00784558511 -0.298738876 0.0250139963 -8.63454093e-09 4.34088369e-08 1
LGIC_C 394 0.398760584 0.626584992 0.0250140161 -2.45891309e-08 -3.68002211e-08 1
LGIC_C 395 0.337248033 0.477492457 0.0250140107 1.3130701e-08 4.82586573e-08 -1
LGIC_C 396 0.269701189 0.391376457 0.0250140057 1.3130701e-08 4.82586573e-08 -1
LGIC_C 397 -0.643650918 0.210799882 0.025014013 4.34088259e-08 -8.63455061e-09 1
LGIC_C 398 -0.567521345 0.235636099 0.0250140138 3.37890593e-08 -4.80634052e-08 1
LGIC_C 399 0.598711599 -0.149782285 0.0250140176 -4.96100802e-08 3.14742968e-08 1
