VGCC_O 6 -0.12622171 0.0241576588 0.046693322 -1.62059677e-06 3.22356891e-07 -1
VGCC_O 2 0.119933892 -0.04777957 0.0466929781 -1.41802115e-06 2.82063236e-07 -1
VGCC_O 0 0.11238887 -0.0311459409 0.0466929927 -1.01287282e-06 -1.51427976e-07 -1
VGCC_O 5 0.113746944 -0.0200409323 0.0466929896 -1.01287282e-06 -1.51427976e-07 -1
VGCC_O 3 0.0772568984 -0.00428239309 0.046693036 -1.41802159e-06 2.82063681e-07 -1
CaBS 10 0.0907346281 -0.0205230429 0.0663621135 -0.999896295 -0.0141984568 0.00240892729
CaBS 11 0.109764856 -0.0307454979 0.0573567195 0.344822999 -0.867728964 -0.357971429
CaBS 13 0.107724696 -0.00294237911 0.0634249583 0.321328636 0.750213906 -0.577864173
CaBS 14 0.113051678 -0.0130077829 0.0836447256 0.333750516 0.131703927 0.933415593
CaBS 15 0.11924496 -0.0319139791 0.0700835034 0.34654604 -0.867983022 0.355684293
CaBS 16 0.112640838 -0.0105370382 0.0831741897 0.324116486 0.74980293 0.576839726
CaBS 17 0.0952067543 -0.0140612009 0.0596644809 -0.751399618 0.322919164 -0.575431861
CaBS 18 0.107147722 -0.0298741509 0.0831459528 -0.321328743 -0.750213836 0.577864204
CaBS 19 0.119401018 -0.00922502181 0.0655517597 0.735818353 0.677177225 -0.00153536905
CaBS 20 0.0986310207 -0.0270124487 0.0821253458 -0.321328743 -0.750213836 0.577864204
CaBS 21 0.119187052 -0.0089674129 0.0766284603 0.735818353 0.677177225 -0.00153536905
CaBS 22 0.0948774505 -0.0110722417 0.0777096132 -0.748611723 0.322508223 0.579283121
CaBS 23 0.111653875 -0.0282975848 0.085436892 0.751399702 -0.322919474 0.575431578
CaBS 24 0.0961943858 -0.0177011799 0.0831020718 -0.748611723 0.322508223 0.579283121
Ca 1 -0.10333026 0.612013554 0.32056227 0 0 0
Ca 8 -0.421841578 -0.305250099 0.228291586 0 0 0
Ca 8 0.0503893517 0.21882666 1.15540543 0 0 0
Ca 6 -0.161283703 -0.276236886 0.46806478 0 0 0
Ca 6 0.0143019546 0.142847049 0.635529064 0 0 0
Ca 1 -0.0674342293 -0.17518912 0.532365023 0 0 0
Ca 6 -0.14932754 0.258985061 0.849535815 0 0 0
Ca 8 -0.650770411 0.277854858 0.237120525 0 0 0
Ca 7 -0.348591107 0.117924001 0.462150146 0 0 0
Ca 8 -0.128303947 -0.0608750321 0.192801921 0 0 0
Ca 6 -0.347345761 0.244668826 0.422085191 0 0 0
Ca 7 -0.552583933 -0.269730031 0.117604552 0 0 0
Ca 6 0.489026888 0.276172912 0.498039498 0 0 0
Ca 8 -0.198205244 0.496335736 0.174602966 0 0 0
Ca 8 0.2225351 -0.153751516 0.382779014 0 0 0
Ca 7 -0.396094214 0.344634618 0.420434814 0 0 0
Ca 8 -0.10266508 -0.16883273 0.146973974 0 0 0
Ca 6 -0.140247491 0.1642836 0.651672265 0 0 0
Ca 6 0.0918115502 -0.213321434 0.603777396 0 0 0
Ca 6 -0.480960181 0.140142419 0.26494189 0 0 0
Ca 4 -0.098925639 0.559135895 0.282149059 0 0 0
Ca 6 -0.398172499 0.21866962 0.589113205 0 0 0
Ca 6 -0.446043863 0.103445298 0.328417662 0 0 0
Ca 8 -0.324293394 0.29357863 0.16717301 0 0 0
Ca 6 -0.187136856 -0.10394321 0.292161341 0 0 0
Ca 8 -0.106699315 0.133937752 0.26348699 0 0 0
Ca 6 -0.521516019 -0.0621286892 0.451514419 0 0 0
Ca 6 0.0901858428 0.132578438 0.268055145 0 0 0
Ca 4 0.0639657891 -0.0168471832 0.296648107 0 0 0
Ca 1 0.478554627 -0.138289066 0.565713971 0 0 0
Ca 8 -0.348113352 0.283487806 0.637253349 0 0 0
Ca 8 0.0967585293 -0.172626122 0.144966357 0 0 0
Ca 8 0.209048777 0.34226152 0.0704860868 0 0 0
Ca 8 -0.00838878508 0.0821923018 0.386265385 0 0 0
Ca 6 -0.0406238054 0.384405615 0.268984085 0 0 0
Ca 8 0.064750957 0.0651508069 0.276202483 0 0 0
Ca 7 -0.275124785 -0.283156188 0.379376791 0 0 0
Ca 1 -0.312955285 0.100895439 0.311121216 0 0 0
Ca 4 -0.248740576 -0.187392468 0.289027741 0 0 0
Ca 6 -0.256387902 -0.207932729 0.562976975 0 0 0
Ca 1 -0.398294686 0.436963261 0.121547362 0 0 0
Ca 7 0.0179547111 0.275114901 0.434750541 0 0 0
Ca 7 -0.334955709 -0.23713923 0.254054221 0 0 0
Ca 1 -0.20905442 0.00292941149 0.27707286 0 0 0
Ca 7 -0.0472406336 0.158982676 0.255180956 0 0 0
Ca 7 -0.16492636 0.0866430543 0.153460437 0 0 0
Ca 8 -0.323705468 -0.0280296262 0.188094102 0 0 0
Ca 7 -0.115471854 0.0307776176 0.200568065 0 0 0
Ca 8 -0.221980985 -0.118878687 0.104431041 0 0 0
Ca 7 -0.327176313 0.371866884 0.187423053 0 0 0
Ca 8 0.00268535743 -0.013716108 0.242505757 0 0 0
Ca 6 -0.133300555 -0.0122390958 0.392587018 0 0 0
Ca 8 -0.319370203 -0.0792236302 0.258630354 0 0 0
Ca 8 -0.262774397 0.202437871 0.252352071 0 0 0
Ca 6 -0.156157445 0.087786573 0.054445138 0 0 0
Ca 8 -0.190239136 0.118211777 0.0997738441 0 0 0
Ca 4 -0.115217529 0.108887392 0.0872770381 0 0 0
Ca 1 -0.324068245 0.175489336 0.0685545194 0 0 0
Ca 6 0.0542227594 0.204174404 0.116591475 0 0 0
Ca 8 -0.339928911 -0.109918661 0.121904398 0 0 0
Ca 7 -0.317932371 0.0500131065 0.138102029 0 0 0
Ca 6 -0.222170878 0.0808897225 0.292984687 0 0 0
Ca 8 -0.112008873 0.0468065681 0.167103464 0 0 0
Ca 7 -0.0733117167 0.0156070174 0.216485076 0 0 0
Ca 1 0.081102371 -0.0652002137 0.0821562304 0 0 0
Ca 7 -0.159276947 0.0515248797 0.218639156 0 0 0
Ca 6 -0.151788915 -0.173907663 0.18930242 0 0 0
Ca 6 -0.239275567 -0.0222228428 0.128508199 0 0 0
Ca 8 -0.0347052026 0.150170662 0.106032933 0 0 0
Ca 6 -0.176124764 0.0252102008 0.100305362 0 0 0
Ca 8 -0.0952137597 -0.0662639204 0.14862475 0 0 0
Ca 4 -0.19391896 0.0315022484 0.19150014 0 0 0
Ca 7 -0.0347239572 -0.0531950942 0.127179901 0 0 0
VGCC_O 8 -0.134706799 0.0161271258 0.0466933331 -1.62059677e-06 3.22356891e-07 -1
VGCC_O 9 0.0953603447 -0.018533153 0.0466930096 -1.14792244e-06 -1.24564753e-07 -1
VGCC_O 7 -0.137449801 0.00579357966 0.0466933342 -1.62059625e-06 3.22356338e-07 -1
VGCC_O 4 -0.108229728 0.00324736392 0.0466932869 -8.10297798e-07 1.61178104e-07 -1
VGCC_O 1 -0.126159285 0.0151063295 0.0466933189 -1.62059625e-06 3.22356338e-07 -1
TAG 41 -0.105784995 0.0105052503 0.0536665039 -0.333750681 -0.131703993 -0.933415524
TAG 71 -0.096079873 0.00270213046 0.0564810255 0.74861179 -0.322508554 -0.579282851
TAG 70 -0.118208439 0.00383577013 0.0653592954 -0.735818461 -0.677177107 0.0015353549
TAG 69 -0.119239302 0.00795267007 0.0681959954 -0.999896295 -0.0141984574 0.00240892698
TAG 67 -0.115078276 0.000454692191 0.0742448755 -0.735818461 -0.677177107 0.0015353549
TAG 65 0.119072188 -0.020557456 0.0800936336 0.751399702 -0.322919474 0.575431578
TAG 63 -0.104896891 0.0149528875 0.0527352849 0.329239713 0.132369034 -0.93492227
TAG 62 -0.0995730683 0.0302300905 0.0690462359 0.3213287 0.750213891 -0.577864158
TAG 59 -0.100018848 -0.00188752594 0.0603333581 0.344822933 -0.867729023 -0.35797135
TAG 55 -0.119337383 0.0151637023 0.0699872324 -0.999896295 -0.0141984574 0.00240892698
TAG 54 -0.104785227 0.0261860029 0.076486355 -0.344822968 0.867728888 0.357971643
TAG 53 -0.089146311 -0.000197085518 0.0670554248 0.74861179 -0.322508554 -0.579282851
TAG 52 -0.119278263 0.0119799944 0.0757618237 -0.999896295 -0.0141984574 0.00240892698
TAG 51 -0.102448777 0.00747370566 0.0865367572 -0.329239868 -0.132369105 0.934922205
TAG 45 -0.113699624 0.0170707545 0.0588716642 -0.751399624 0.322919173 -0.575431849
TAG 44 -0.11923843 0.00668793202 0.0611035411 -0.999896295 -0.0141984574 0.00240892698
LGIC_C 0 0.502114792 0.216605815 0.0250140104 -4.20574004e-08 -2.81018564e-08 1
LGIC_C 1 -0.339738087 0.0845477469 0.0250139987 4.34088259e-08 -8.63455061e-09 1
LGIC_C 2 -0.498971386 0.0851164211 0.0250140089 4.96100897e-08 -9.86805572e-09 1
LGIC_C 3 0.244136936 -0.667309518 0.0250140187 -9.86804037e-09 4.96101e-08 1
LGIC_C 4 -0.363597558 -0.234129447 0.0250140032 6.28883752e-09 7.55636663e-08 1
LGIC_C 5 0.0186646683 -0.534293742 0.025014014 1.00935263e-08 5.7878447e-08 1
LGIC_C 6 -0.332110409 0.446076445 0.0250140131 1.28239438e-08 -5.73353116e-08 1
LGIC_C 7 -0.682552438 0.454442208 0.0250140196 3.68002297e-08 -2.45891157e-08 1
LGIC_C 8 -0.233985625 0.282136662 0.0250139994 2.45891128e-08 -3.68002333e-08 1
LGIC_C 9 -0.461858104 -0.253382376 0.0250140053 6.28883752e-09 7.55636663e-08 1
LGIC_C 10 -0.394375221 -0.605203076 0.0250140174 3.95603082e-08 3.05989652e-08 1
LGIC_C 11 0.181318918 0.547035543 0.0250140093 -6.33660387e-09 4.96100877e-08 -1
LGIC_C 12 0.373444995 0.163529983 0.0250140069 -4.90669739e-08 -3.27854893e-08 1
LGIC_C 13 0.70982577 -0.116221777 0.0250140196 -4.96100859e-08 9.86807898e-09 1
LGIC_C 14 0.664671158 0.236704929 0.0250140147 -4.96100869e-08 6.3366408e-09 1
LGIC_C 15 -0.452430411 -0.346593327 0.0250140081 5.39043203e-09 6.47688584e-08 1
LGIC_C 16 0.642505277 -0.139516947 0.0250140165 -4.96100859e-08 9.86807898e-09 1
LGIC_C 17 -0.530019849 0.33032984 0.0250140132 -4.82586679e-08 1.31306769e-08 -1
LGIC_C 18 0.286900481 -0.427718245 0.0250140093 -2.81018481e-08 4.20574137e-08 1
LGIC_C 19 -0.330027571 0.285492776 0.0250140081 3.37890593e-08 -4.80634052e-08 1
LGIC_C 20 0.135120819 -0.379566484 0.0250140068 -1.15127059e-08 5.78784511e-08 1
LGIC_C 21 -0.022786672 -0.192999208 0.0250139921 -2.90231482e-08 4.96101036e-08 1
LGIC_C 22 0.149475257 0.6438296 0.0250140167 -9.86806672e-09 -4.96100854e-08 1
LGIC_C 23 -0.42040905 0.391387195 0.0250140084 3.68002297e-08 -2.45891157e-08 1
LGIC_C 24 0.115317812 0.466233273 0.0250140075 -9.86806672e-09 -4.96100854e-08 1
LGIC_C 25 0.388734302 -0.00215507942 0.0250140001 -4.34088226e-08 8.63456802e-09 1
LGIC_C 26 -0.0474867623 0.268915307 0.0250139994 1.15127271e-08 -5.78784352e-08 1
LGIC_C 27 -0.26113049 0.489070289 0.0250140158 3.27854968e-08 -4.90669676e-08 1
LGIC_C 28 0.665216148 0.0783296857 0.0250140128 -4.34088272e-08 -8.63453573e-09 1
LGIC_C 29 -0.618143453 -0.0973492374 0.0250140143 5.7878436e-08 -4.89847332e-08 1
LGIC_C 30 0.654463114 0.0644196919 0.0250140153 -4.96100869e-08 6.3366408e-09 1
LGIC_C 31 -0.389920431 -0.469268725 0.025014013 3.95603082e-08 3.05989652e-08 1
LGIC_C 32 0.0331043528 0.0787337856 0.0250139875 1.3130701e-08 4.82586573e-08 -1
LGIC_C 33 -0.0296531875 0.627311726 0.0250140108 8.63455111e-09 -4.34088279e-08 1
LGIC_C 34 0.23305985 -0.470346755 0.0250140139 -3.27854948e-08 4.90669785e-08 1
LGIC_C 35 -0.162880207 -0.516819459 0.0250140041 -2.90231482e-08 4.96101036e-08 1
LGIC_C 36 0.541750819 -0.60614827 0.0250140189 -2.45891087e-08 3.68002429e-08 1
LGIC_C 37 0.118260415 0.760753362 0.0250140173 -8.63455884e-09 -4.34088253e-08 1
LGIC_C 38 0.727999081 -0.307908835 0.0250140177 -3.05989503e-08 3.95603122e-08 1
LGIC_C 39 0.712421116 0.336146404 0.0250140177 -3.68002282e-08 -2.45891172e-08 1
LGIC_C 40 -0.726723902 0.0373621952 0.0250140157 4.34088279e-08 -2.48392273e-08 1
LGIC_C 41 -0.531383146 0.611723461 0.0250140188 2.45891128e-08 -3.68002333e-08 1
LGIC_C 42 -0.270141418 -0.666559931 0.0250140145 8.63456455e-09 4.34088336e-08 1
LGIC_C 43 -0.569657653 -0.530354526 0.0250140163 1.15916899e-08 4.97976879e-08 1
LGIC_C 44 0.324487375 0.544870701 0.0250140138 1.3130701e-08 4.82586573e-08 -1
LGIC_C 45 0.0216294133 -0.227701426 0.0250139944 6.33663526e-09 4.9610097e-08 1
LGIC_C 46 -0.200370373 -0.182456854 0.0250139961 5.39043203e-09 6.47688584e-08 1
LGIC_C 47 0.514727506 -0.19949454 0.0250140153 -5.78784275e-08 1.15127558e-08 1
LGIC_C 48 -0.06656709 -0.405633062 0.0250140014 8.63456455e-09 4.34088336e-08 1
LGIC_C 49 -0.535199222 -0.182693617 0.0250140081 4.34088238e-08 8.63459484e-09 1
LGIC_C 50 0.284077663 -0.314072644 0.0250140079 -3.27854948e-08 4.90669785e-08 1
LGIC_C 51 -0.574212088 -0.0275941115 0.0250140075 -4.34088282e-08 2.70157287e-08 -1
LGIC_C 52 0.644295835 -0.188885786 0.0250140159 -4.34088182e-08 2.48392526e-08 1
LGIC_C 53 0.343400558 -0.0879574245 0.0250140003 -4.34088182e-08 2.48392526e-08 1
LGIC_C 54 -0.0270583986 -0.251013267 0.0250139964 -4.89847109e-08 5.78784581e-08 1
LGIC_C 55 0.421561134 0.50208962 0.0250140121 -2.45891309e-08 -3.68002211e-08 1
LGIC_C 56 -0.149998964 -0.246017672 0.0250139952 -5.56021111e-08 -1.45571543e-08 -1
LGIC_C 57 -0.0660858575 0.417998942 0.0250140061 -3.14742797e-08 4.96100914e-08 -1
LGIC_C 58 0.427572913 -0.028459334 0.0250140025 -4.34088182e-08 2.48392526e-08 1
LGIC_C 59 -0.410177944 -0.180949832 0.0250139993 1.45571809e-08 5.5602105e-08 1
LGIC_C 60 0.138384937 0.515215859 0.0250140132 -3.14742949e-08 -4.96100822e-08 1
LGIC_C 61 -0.412185679 0.363864738 0.0250140108 4.20574045e-08 -2.81018523e-08 1
LGIC_C 62 -0.0604576273 0.435800503 0.0250140068 -3.14742797e-08 4.96100914e-08 -1
LGIC_C 63 0.195309026 -0.0351008564 0.0250139933 -4.96100859e-08 9.86807898e-09 1
LGIC_C 64 -0.254876998 0.0252962141 0.0250139968 5.7878425e-08 4.89846948e-08 1
LGIC_C 65 0.0399844273 0.324484707 0.0250139998 -9.86806672e-09 -4.96100854e-08 1
LGIC_C 66 -0.258695229 -0.310308769 0.025014001 2.45891453e-08 3.68002268e-08 1
LGIC_C 67 -0.474570555 0.420966647 0.0250140181 6.28881943e-09 -7.55636452e-08 1
LGIC_C 68 -0.634759106 -0.105284015 0.025014008 -4.34088282e-08 2.70157287e-08 -1
LGIC_C 69 -0.702544247 -0.344668864 0.0250140176 3.68002489e-08 2.45891179e-08 1
LGIC_C 70 -0.0155515588 0.412557938 0.0250140013 8.63455111e-09 -4.34088279e-08 1
LGIC_C 71 0.575653234 0.131667113 0.0250140181 -5.78784335e-08 -1.15127284e-08 1
LGIC_C 72 0.133810003 0.359206048 0.0250140002 -6.33660387e-09 4.96100877e-08 -1
LGIC_C 73 -0.0399824868 0.0177890394 0.0250139852 3.68002297e-08 -2.45891157e-08 1
LGIC_C 74 0.487350016 0.484541585 0.0250140131 -4.82586616e-08 -1.31306776e-08 1
LGIC_C 75 0.52171553 -0.587653346 0.0250140177 -2.45891087e-08 3.68002429e-08 1
LGIC_C 76 -0.671657232 0.0579467896 0.0250140149 4.96100851e-08 2.90231542e-08 1
LGIC_C 77 0.32571464 -0.20241767 0.0250140012 -3.05989503e-08 3.95603122e-08 1
LGIC_C 78 0.260064902 0.354534501 0.0250140092 -3.27855134e-08 -4.90669575e-08 1
LGIC_C 79 -0.582642123 -0.246007887 0.0250140022 1.15916899e-08 4.97976879e-08 1
LGIC_C 80 0.703142555 -0.0675306119 0.0250140143 -4.34088226e-08 8.63456802e-09 1
LGIC_C 81 0.0584697618 0.677218443 0.0250140165 -6.33660387e-09 4.96100877e-08 -1
LGIC_C 82 0.493163398 -0.332834786 0.0250140115 -3.05989503e-08 3.95603122e-08 1
LGIC_C 83 -0.343224114 0.282290675 0.0250140035 -4.82586679e-08 1.31306769e-08 -1
LGIC_C 84 0.229355704 0.521001961 0.0250140114 1.3130701e-08 4.82586573e-08 -1
LGIC_C 85 -0.0586329424 0.13693191 0.0250139919 1.28239438e-08 -5.73353116e-08 1
LGIC_C 86 0.552075364 -0.332749862 0.0250140179 -3.37890406e-08 4.80634332e-08 1
LGIC_C 87 -0.337563191 -0.265269362 0.0250140029 1.45571809e-08 5.5602105e-08 1
LGIC_C 88 -0.567999741 -0.485708457 0.025014014 1.15916899e-08 4.97976879e-08 1
LGIC_C 89 0.303343077 -0.508294633 0.0250140117 -1.31306721e-08 4.82586744e-08 1
LGIC_C 90 -0.358830954 -0.315814383 0.025014006 1.45571809e-08 5.5602105e-08 1
LGIC_C 91 0.138549155 0.818282732 0.02501402 -8.63455884e-09 -4.34088253e-08 1
LGIC_C 92 0.235484186 -0.665528654 0.0250140148 6.33663526e-09 4.9610097e-08 1
LGIC_C 93 -0.0714010931 0.588170431 0.025014012 -6.33661298e-09 -4.96100859e-08 1
LGIC_C 94 0.152441946 -0.061424847 0.0250139927 -4.96100802e-08 3.14742968e-08 1
LGIC_C 95 -0.32558818 -0.379944373 0.0250140069 -5.56021111e-08 -1.45571543e-08 -1
LGIC_C 96 0.331452629 -0.0187923961 0.0250139999 -4.96100859e-08 9.86807898e-09 1
LGIC_C 97 -0.406703324 0.081372534 0.0250140011 4.96100851e-08 2.90231542e-08 1
LGIC_C 98 -0.313620184 -0.521155651 0.0250140116 3.95603082e-08 3.05989652e-08 1
LGIC_C 99 0.241549234 -0.0553810772 0.0250139969 -4.96100802e-08 3.14742968e-08 1
LGIC_C 100 -0.34723237 -0.466767298 0.025014009 2.45891453e-08 3.68002268e-08 1
LGIC_C 101 -0.379723356 0.022585477 0.0250140023 4.96100897e-08 -9.86805572e-09 1
LGIC_C 102 -0.330683774 0.442762724 0.0250140129 1.28239438e-08 -5.73353116e-08 1
LGIC_C 103 -0.440422446 -0.0318982165 0.0250140027 4.34088238e-08 8.63459484e-09 1
LGIC_C 104 0.573018242 -0.239804299 0.0250140192 -4.90669481e-08 3.27855328e-08 1
LGIC_C 105 -0.340172012 0.114850612 0.0250140009 4.34088279e-08 -2.48392273e-08 1
LGIC_C 106 -0.290697951 0.761977767 0.0250140189 8.63455111e-09 -4.34088279e-08 1
LGIC_C 107 -0.740094287 -0.275827252 0.0250140178 4.34088238e-08 8.63459484e-09 1
LGIC_C 108 -0.0479011565 -0.492317802 0.0250140058 2.48392553e-08 4.34088306e-08 1
LGIC_C 109 0.19405564 0.110387813 0.0250139941 -4.82586616e-08 -1.31306776e-08 1
LGIC_C 110 -0.157003793 -0.708457872 0.0250140153 8.63456455e-09 4.34088336e-08 1
LGIC_C 111 -0.528565429 -0.147324054 0.0250140052 -4.96100919e-08 2.90231703e-08 -1
LGIC_C 112 0.71935664 -0.0397134267 0.0250140202 -4.96100802e-08 3.14742968e-08 1
LGIC_C 113 -0.0239751863 -0.701660582 0.0250140143 2.48392553e-08 4.34088306e-08 1
LGIC_C 114 -0.351704756 0.409458513 0.0250140113 1.28239438e-08 -5.73353116e-08 1
LGIC_C 115 0.483956434 -0.399790966 0.0250140139 -3.05989503e-08 3.95603122e-08 1
LGIC_C 116 0.18029376 -0.452097949 0.0250140076 1.00935263e-08 5.7878447e-08 1
LGIC_C 117 -0.183518827 -0.03270085 0.0250139914 -4.96100919e-08 2.90231703e-08 -1
LGIC_C 118 -0.334165218 -0.336604103 0.0250140068 3.95603082e-08 3.05989652e-08 1
LGIC_C 119 0.0918138047 0.441114839 0.0250140061 -9.86806672e-09 -4.96100854e-08 1
LGIC_C 120 0.0153764475 0.486806453 0.0250140076 -9.86806672e-09 -4.96100854e-08 1
LGIC_C 121 -0.429495406 -0.408566725 0.0250140086 1.15916899e-08 4.97976879e-08 1
LGIC_C 122 0.603993137 -0.361768464 0.0250140144 -3.68002179e-08 2.45891393e-08 1
LGIC_C 123 0.351470214 -0.320320015 0.025014011 -4.90669481e-08 3.27855328e-08 1
LGIC_C 124 0.502498388 -0.44439275 0.0250140126 -3.68002179e-08 2.45891393e-08 1
LGIC_C 125 0.149878646 -0.169950525 0.0250139934 -1.31306721e-08 4.82586744e-08 1
LGIC_C 126 0.622216457 -0.359936833 0.0250140165 -3.05989503e-08 3.95603122e-08 1
LGIC_C 127 0.239054239 -0.287796279 0.0250140003 -1.31306721e-08 4.82586744e-08 1
LGIC_C 128 0.252797963 -0.351841372 0.0250140024 -2.45891087e-08 3.68002429e-08 1
LGIC_C 129 0.414976331 -0.106835986 0.0250140022 -4.34088226e-08 8.63456802e-09 1
LGIC_C 130 -0.65647276 0.192872009 0.0250140134 4.34088259e-08 -8.63455061e-09 1
LGIC_C 131 0.390173176 0.258080434 0.0250140055 -4.82586616e-08 -1.31306776e-08 1
LGIC_C 132 -0.257887078 0.077066398 0.0250139944 5.7878425e-08 4.89846948e-08 1
LGIC_C 133 -0.592169096 -0.0636028534 0.0250140095 4.34088238e-08 8.63459484e-09 1
LGIC_C 134 0.334712523 -0.656918538 0.0250140156 -2.45891087e-08 3.68002429e-08 1
LGIC_C 135 -0.313571286 -0.259106588 0.0250140048 6.28883752e-09 7.55636663e-08 1
LGIC_C 136 0.412137384 -0.252988218 0.0250140046 -3.68002179e-08 2.45891393e-08 1
LGIC_C 137 0.380133695 -0.309332128 0.0250140071 -3.05989503e-08 3.95603122e-08 1
LGIC_C 138 -0.696136327 -0.202385821 0.0250140093 4.96100935e-08 -4.19869172e-08 1
LGIC_C 139 0.166548038 -0.0100902877 0.0250139918 -4.96100802e-08 3.14742968e-08 1
LGIC_C 140 0.44171654 0.567105296 0.025014015 -2.45891309e-08 -3.68002211e-08 1
LGIC_C 141 0.504811529 0.0627255207 0.0250140057 -4.34088272e-08 -8.63453573e-09 1
LGIC_C 142 -0.462456133 -0.551630899 0.0250140184 3.95603082e-08 3.05989652e-08 1
LGIC_C 143 -0.0836270983 -0.187368483 0.0250139935 2.81018674e-08 4.20574117e-08 1
LGIC_C 144 -0.459751233 -0.467139099 0.0250140157 3.95603082e-08 3.05989652e-08 1
LGIC_C 145 0.206582232 0.0117602336 0.0250139934 -4.96100869e-08 6.3366408e-09 1
LGIC_C 146 0.0120142017 0.594740525 0.0250140129 -9.86806672e-09 -4.96100854e-08 1
LGIC_C 147 -0.34066352 -0.342288105 0.0250140042 2.45891453e-08 3.68002268e-08 1
LGIC_C 148 0.407497992 -0.0618095589 0.0250140075 -5.78784275e-08 1.15127558e-08 1
LGIC_C 149 0.534921623 0.527920085 0.0250140159 -3.68002282e-08 -2.45891172e-08 1
LGIC_C 150 0.426488807 0.153540322 0.0250140034 -4.96100869e-08 6.3366408e-09 1
LGIC_C 151 -0.1185862 -0.708634326 0.025014015 8.63456455e-09 4.34088336e-08 1
LGIC_C 152 0.28298738 0.600728606 0.0250140165 -2.81018716e-08 -4.20573923e-08 1
LGIC_C 153 0.140463084 -0.150771261 0.0250139937 -1.28239349e-08 5.73353226e-08 1
LGIC_C 154 0.166915603 0.511912964 0.0250140103 -9.86806672e-09 -4.96100854e-08 1
LGIC_C 155 -0.606486391 0.114968196 0.0250140106 4.34088259e-08 -8.63455061e-09 1
LGIC_C 156 -0.277179835 0.0371891816 0.0250139956 4.34088259e-08 -8.63455061e-09 1
LGIC_C 157 -0.397467261 0.282529053 0.0250140071 6.28881943e-09 -7.55636452e-08 1
LGIC_C 158 0.415531352 0.201542444 0.025014007 3.37890593e-08 4.80634111e-08 -1
LGIC_C 159 0.748583335 0.182664175 0.0250140173 -4.34088272e-08 -8.63453573e-09 1
LGIC_C 160 -0.250535041 -0.0970830165 0.0250139915 -4.34088282e-08 2.70157287e-08 -1
LGIC_C 161 -0.425298845 0.0895047367 0.0250140053 4.96100897e-08 -9.86805572e-09 1
LGIC_C 162 0.459311798 -0.0382119547 0.0250140103 -5.78784275e-08 1.15127558e-08 1
LGIC_C 163 0.366812129 -0.226697914 0.025014005 -4.20573976e-08 2.81018683e-08 1
LGIC_C 164 0.241968145 -0.573799865 0.0250140141 -1.31306721e-08 4.82586744e-08 1
LGIC_C 165 -0.35714445 0.0593857427 0.0250139993 4.96100851e-08 2.90231542e-08 1
LGIC_C 166 -0.171765163 -0.680579226 0.0250140171 2.48392553e-08 4.34088306e-08 1
LGIC_C 167 -0.543346435 0.542405936 0.0250140166 -4.82586679e-08 1.31306769e-08 -1
LGIC_C 168 -0.581175337 -0.228487177 0.0250140105 4.34088238e-08 8.63459484e-09 1
LGIC_C 169 0.700111357 -0.449988284 0.0250140201 -3.68002179e-08 2.45891393e-08 1
LGIC_C 170 0.4817802 -0.354189498 0.0250140165 -3.37890406e-08 4.80634332e-08 1
LGIC_C 171 -0.18520737 0.29156141 0.0250140024 1.28239438e-08 -5.73353116e-08 1
LGIC_C 172 0.380352805 0.170987344 0.025014004 -4.20574004e-08 -2.81018564e-08 1
LGIC_C 173 0.671465265 0.303964892 0.0250140154 -3.68002282e-08 -2.45891172e-08 1
LGIC_C 174 -0.0857012133 -0.559473728 0.0250140097 2.48392553e-08 4.34088306e-08 1
LGIC_C 175 0.416641003 -0.27654246 0.0250140106 -3.37890406e-08 4.80634332e-08 1
LGIC_C 176 -0.57492706 -0.582911867 0.0250140188 2.45891453e-08 3.68002268e-08 1
LGIC_C 177 0.322287162 0.335885628 0.0250140064 -2.81018716e-08 -4.20573923e-08 1
LGIC_C 178 0.0781376821 -0.645064593 0.0250140147 6.33663526e-09 4.9610097e-08 1
LGIC_C 179 -0.254420438 -0.178763851 0.0250139983 6.28883752e-09 7.55636663e-08 1
LGIC_C 180 -0.161179194 0.254545107 0.0250139985 2.8101852e-08 -4.20574041e-08 1
LGIC_C 181 -0.642908198 -0.308452106 0.0250140067 5.39043203e-09 6.47688584e-08 1
LGIC_C 182 0.079868518 -0.197132883 0.0250139956 -1.15127059e-08 5.78784511e-08 1
LGIC_C 183 0.665367181 0.344508473 0.0250140199 -4.82586616e-08 -1.31306776e-08 1
LGIC_C 184 0.746254688 -0.0416069112 0.0250140167 -4.34088182e-08 2.48392526e-08 1
LGIC_C 185 0.397693447 -0.127290684 0.0250140037 -4.34088182e-08 2.48392526e-08 1
LGIC_C 186 -0.618523521 -0.328618712 0.0250140078 5.39043203e-09 6.47688584e-08 1
LGIC_C 187 0.173286889 0.0800691196 0.0250139944 -4.90669739e-08 -3.27854893e-08 1
LGIC_C 188 -0.731521285 0.0962153123 0.0250140159 4.34088259e-08 -8.63455061e-09 1
LGIC_C 189 -0.48543297 0.296910865 0.025014012 4.20574045e-08 -2.81018523e-08 1
LGIC_C 190 0.33032854 -0.723666858 0.025014018 -2.45891087e-08 3.68002429e-08 1
LGIC_C 191 -0.439498373 -0.274564879 0.0250140034 5.39043203e-09 6.47688584e-08 1
LGIC_C 192 -0.30242439 0.116901066 0.0250139974 4.34088259e-08 -8.63455061e-09 1
LGIC_C 193 0.275299487 0.0710316191 0.0250139976 -4.96100911e-08 -9.86803575e-09 1
LGIC_C 194 -0.646350948 0.412267428 0.0250140172 3.68002297e-08 -2.45891157e-08 1
LGIC_C 195 0.347910246 0.390362034 0.0250140094 -2.81018716e-08 -4.20573923e-08 1
LGIC_C 196 0.730331985 0.421593141 0.0250140205 -3.68002282e-08 -2.45891172e-08 1
LGIC_C 197 -0.208677472 -0.478722531 0.025014006 2.45891453e-08 3.68002268e-08 1
LGIC_C 198 0.556140835 0.0225487287 0.0250140076 -4.34088272e-08 -8.63453573e-09 1
LGIC_C 199 0.602570788 0.241407572 0.0250140116 -4.96100869e-08 6.3366408e-09 1
LGIC_C 200 0.705983278 -0.259857597 0.0250140161 -4.34088226e-08 8.63456802e-09 1
LGIC_C 201 0.232235278 0.115831544 0.0250139963 -4.20574004e-08 -2.81018564e-08 1
LGIC_C 202 -0.0327668088 -0.341495102 0.0250139989 2.48392553e-08 4.34088306e-08 1
LGIC_C 203 -0.210415601 -0.0747127892 0.0250139915 -4.96100919e-08 2.90231703e-08 -1
LGIC_C 204 -0.375828628 0.501669579 0.0250140149 2.8101852e-08 -4.20574041e-08 1
LGIC_C 205 -0.0842687861 0.246120292 0.0250139963 9.86805557e-09 -4.96100883e-08 1
LGIC_C 206 0.623161689 -0.398022418 0.0250140159 -3.68002179e-08 2.45891393e-08 1
LGIC_C 207 -0.151306524 -0.457276318 0.0250140023 -4.89847109e-08 5.78784581e-08 1
LGIC_C 208 -0.512309771 0.373447024 0.0250140129 -4.82586679e-08 1.31306769e-08 -1
LGIC_C 209 -0.0295594681 0.00038479305 0.0250139874 -1.38908237e-07 2.76305608e-08 -1
LGIC_C 210 0.0551152178 0.237586021 0.0250139956 -9.86806672e-09 -4.96100854e-08 1
LGIC_C 211 0.608212375 -0.16335551 0.0250140203 -5.78784275e-08 1.15127558e-08 1
LGIC_C 212 -0.344972148 -0.440993989 0.0250140089 -5.56021111e-08 -1.45571543e-08 -1
LGIC_C 213 0.40194443 -0.42576875 0.0250140124 -2.81018481e-08 4.20574137e-08 1
LGIC_C 214 0.512413214 -0.0868349775 0.0250140062 -4.34088226e-08 8.63456802e-09 1
LGIC_C 215 -0.429179505 -0.0155765629 0.0250140015 -4.34088282e-08 2.70157287e-08 -1
LGIC_C 216 0.193904986 -0.170242888 0.0250139959 -3.05989503e-08 3.95603122e-08 1
LGIC_C 217 0.49805874 -0.403045586 0.0250140194 -3.37890406e-08 4.80634332e-08 1
LGIC_C 218 -0.283648948 0.362957734 0.0250140045 1.31306824e-08 -4.82586643e-08 1
LGIC_C 219 -0.222879271 -0.44232761 0.0250140056 3.95603082e-08 3.05989652e-08 1
LGIC_C 220 -0.721412782 -0.344036741 0.0250140183 3.68002489e-08 2.45891179e-08 1
LGIC_C 221 0.700224938 -0.469466959 0.0157940663 0.827616944 -0.552996408 0.0961517878
LGIC_C 222 -0.57587488 -0.15471681 0.0250140074 -4.96100919e-08 2.90231703e-08 -1
LGIC_C 223 0.278132554 0.442841902 0.0250140116 -4.80634192e-08 -3.37890445e-08 1
LGIC_C 224 -0.370113605 0.0774653907 0.0250139994 4.96100851e-08 2.90231542e-08 1
LGIC_C 225 0.203487293 -0.650828708 0.0250140132 -8.63454093e-09 4.34088369e-08 1
LGIC_C 226 0.335308019 -0.232758384 0.0250140013 -3.68002179e-08 2.45891393e-08 1
LGIC_C 227 -0.161058056 0.488981031 0.0250140059 8.63455111e-09 -4.34088279e-08 1
LGIC_C 228 0.268974195 -0.315148027 0.025014002 -1.31306721e-08 4.82586744e-08 1
LGIC_C 229 -0.556641207 -0.0642996182 0.025014008 4.34088238e-08 8.63459484e-09 1
LGIC_C 230 -0.67697534 -0.244489894 0.0250140061 -4.34088282e-08 2.70157287e-08 -1
LGIC_C 231 0.511439357 0.279609294 0.025014014 3.37890593e-08 4.80634111e-08 -1
LGIC_C 232 -0.24140456 0.734494163 0.0250140172 8.63455111e-09 -4.34088279e-08 1
LGIC_C 233 0.365208983 0.244363639 0.0250140041 -4.82586616e-08 -1.31306776e-08 1
LGIC_C 234 -0.0904659636 -0.455776452 0.0250140038 8.63456455e-09 4.34088336e-08 1
LGIC_C 235 0.290673397 0.455609205 0.0250140106 -2.81018716e-08 -4.20573923e-08 1
LGIC_C 236 0.313460422 -0.0146973404 0.0250139972 -4.34088182e-08 2.48392526e-08 1
LGIC_C 237 0.67449501 -0.0360557153 0.0250140178 -4.96100802e-08 3.14742968e-08 1
LGIC_C 238 -0.147505226 0.00207156952 0.0250139917 5.7878425e-08 4.89846948e-08 1
LGIC_C 239 0.534315078 -0.294719857 0.025014014 -4.20573976e-08 2.81018683e-08 1
LGIC_C 240 0.112037045 -0.18888712 0.0250139955 -1.28239349e-08 5.73353226e-08 1
LGIC_C 241 -0.115850338 0.249506997 0.025013997 2.8101852e-08 -4.20574041e-08 1
LGIC_C 242 0.609084243 -0.306438683 0.0250140185 -3.37890406e-08 4.80634332e-08 1
LGIC_C 243 -0.61076823 0.21123021 0.0250140157 4.96100897e-08 -9.86805572e-09 1
LGIC_C 244 0.579183588 -0.191881309 0.025014019 -5.78784275e-08 1.15127558e-08 1
LGIC_C 245 -0.468214415 -0.427828716 0.0250140138 1.45571809e-08 5.5602105e-08 1
LGIC_C 246 0.42508851 0.480853945 0.0250140114 -2.45891309e-08 -3.68002211e-08 1
LGIC_C 247 -0.454603566 0.676443904 0.0250140193 2.45891128e-08 -3.68002333e-08 1
LGIC_C 248 0.16168442 -0.124818696 0.0250139922 -3.68002179e-08 2.45891393e-08 1
LGIC_C 249 0.482172107 -0.0310946373 0.0250140081 -4.96100802e-08 3.14742968e-08 1
LGIC_C 250 0.235328825 0.514673217 0.0250140119 -4.80634192e-08 -3.37890445e-08 1
LGIC_C 251 0.0250974605 0.667214243 0.0250140162 -6.33660387e-09 4.96100877e-08 -1
LGIC_C 252 0.120439792 0.615047529 0.0250140176 -3.14742949e-08 -4.96100822e-08 1
LGIC_C 253 0.516533095 0.313796478 0.0250140123 -4.82586616e-08 -1.31306776e-08 1
LGIC_C 254 -0.461353751 0.28983135 0.0250140128 3.37890593e-08 -4.80634052e-08 1
LGIC_C 255 -0.812742967 -0.0202369952 0.025014018 -4.34088282e-08 2.70157287e-08 -1
LGIC_C 256 -0.292138129 0.550886156 0.0250140107 2.45891128e-08 -3.68002333e-08 1
LGIC_C 257 0.305212355 0.308683137 0.0250140022 1.3130701e-08 4.82586573e-08 -1
LGIC_C 258 -0.250124577 0.570272509 0.0250140104 2.45891128e-08 -3.68002333e-08 1
LGIC_C 259 0.262543509 -0.315866807 0.0250140073 -3.27854948e-08 4.90669785e-08 1
LGIC_C 260 -0.0187279319 -0.581430491 0.0250140123 9.8680833e-09 4.96100963e-08 1
LGIC_C 261 0.0851102426 0.585164836 0.0250140094 -8.63455884e-09 -4.34088253e-08 1
LGIC_C 262 -0.349421961 0.315051033 0.0250140068 4.20574045e-08 -2.81018523e-08 1
LGIC_C 263 -0.684106964 -0.270777576 0.0250140058 4.96100935e-08 -4.19869172e-08 1
LGIC_C 264 0.466056672 -0.314351013 0.0250140081 -3.68002179e-08 2.45891393e-08 1
LGIC_C 265 0.182190671 0.0243014202 0.0250139925 -4.96100911e-08 -9.86803575e-09 1
LGIC_C 266 -0.140976341 -0.339900499 0.0250139992 3.95603082e-08 3.05989652e-08 1
LGIC_C 267 -0.287696446 -0.253400701 0.0250140015 1.45571809e-08 5.5602105e-08 1
LGIC_C 268 -0.0568986962 -0.503842196 0.0250140066 -2.90231482e-08 4.96101036e-08 1
LGIC_C 269 -0.0293477039 0.690202591 0.0250140173 -6.33661298e-09 -4.96100859e-08 1
LGIC_C 270 -0.0859846179 -0.0991389145 0.0250139904 7.55636799e-08 6.2887973e-09 1
LGIC_C 271 -0.487446416 -0.41787953 0.0250140115 3.68002489e-08 2.45891179e-08 1
LGIC_C 272 -0.407352601 0.318043895 0.0250140071 -4.82586679e-08 1.31306769e-08 -1
LGIC_C 273 0.701104595 -0.12336658 0.0250140167 -4.34088182e-08 2.48392526e-08 1
LGIC_C 274 -0.352360979 0.398656029 0.0250140066 2.45891128e-08 -3.68002333e-08 1
LGIC_C 275 0.0366467576 -0.570713842 0.0250140113 6.33663526e-09 4.9610097e-08 1
LGIC_C 276 -0.0934461473 -0.450529087 0.0250140029 -2.90231482e-08 4.96101036e-08 1
LGIC_C 277 0.642541857 -0.0629524251 0.0250140171 -4.96100802e-08 3.14742968e-08 1
LGIC_C 278 0.300469173 0.289930594 0.0250140014 -3.68002282e-08 -2.45891172e-08 1
LGIC_C 279 0.0669537759 -0.0807190763 0.0250139878 -2.45891087e-08 3.68002429e-08 1
LGIC_C 280 -0.285653777 -0.12209495 0.0250139942 1.45571809e-08 5.5602105e-08 1
LGIC_C 281 0.339121619 0.603273931 0.0250140199 -4.80634192e-08 -3.37890445e-08 1
LGIC_C 282 -0.289219562 -0.462795597 0.0250140089 3.95603082e-08 3.05989652e-08 1
LGIC_C 283 -0.247379651 -0.494987089 0.0250140051 7.55636799e-08 6.2887973e-09 1
LGIC_C 284 0.194650074 -0.763172549 0.025014018 -8.63454093e-09 4.34088369e-08 1
LGIC_C 285 -0.2355802 0.534523214 0.0250140172 3.27854968e-08 -4.90669676e-08 1
LGIC_C 286 -0.496309373 0.0190885027 0.0250140073 4.96100851e-08 2.90231542e-08 1
LGIC_C 287 -0.0740273968 -0.132279336 0.0250139899 2.45891453e-08 3.68002268e-08 1
LGIC_C 288 0.0359067413 -0.344548582 0.0250140001 6.33663526e-09 4.9610097e-08 1
LGIC_C 289 -0.00826266037 -0.0291945969 0.0250139846 8.63456455e-09 4.34088336e-08 1
LGIC_C 290 -0.364504001 -0.516179541 0.0250140152 2.81018674e-08 4.20574117e-08 1
LGIC_C 291 -0.49278122 0.414398581 0.0250140116 3.68002297e-08 -2.45891157e-08 1
LGIC_C 292 0.442305266 0.47886851 0.0250140158 -2.81018716e-08 -4.20573923e-08 1
LGIC_C 293 -0.646102816 -0.0179542273 0.0250140148 -4.96100919e-08 2.90231703e-08 -1
LGIC_C 294 0.0464531799 -0.165651227 0.0250139934 -1.15127059e-08 5.78784511e-08 1
LGIC_C 295 -0.158645454 0.153834491 0.0250139959 6.28881943e-09 -7.55636452e-08 1
LGIC_C 296 0.51895113 0.258596459 0.0250140123 -4.20574004e-08 -2.81018564e-08 1
LGIC_C 297 0.0488787122 0.320647695 0.0250139976 -8.63455884e-09 -4.34088253e-08 1
LGIC_C 298 0.0338423305 -0.509619636 0.0250140088 -9.86804037e-09 4.96101e-08 1
LGIC_C 299 -0.095191412 -0.325410384 0.0250140003 9.8680833e-09 4.96100963e-08 1
LGIC_C 300 0.39784661 -0.0274607398 0.0250140012 -4.34088182e-08 2.48392526e-08 1
LGIC_C 301 0.0867920553 0.371471032 0.0250140001 -8.63455884e-09 -4.34088253e-08 1
LGIC_C 302 0.365352193 0.356190368 0.0250140086 -4.20574004e-08 -2.81018564e-08 1
LGIC_C 303 -0.0463848387 0.339719736 0.0250140006 9.86805557e-09 -4.96100883e-08 1
LGIC_C 304 -0.180958873 0.397492754 0.0250140048 1.31306824e-08 -4.82586643e-08 1
LGIC_C 305 -0.440106621 0.235217891 0.0250140052 3.68002297e-08 -2.45891157e-08 1
LGIC_C 306 0.182435522 0.100544926 0.0250139943 3.37890593e-08 4.80634111e-08 -1
LGIC_C 307 -0.41907436 0.289093204 0.0250140073 -4.82586679e-08 1.31306769e-08 -1
LGIC_C 308 0.654920817 -0.280312641 0.0250140142 -3.68002179e-08 2.45891393e-08 1
LGIC_C 309 0.149754062 0.124028321 0.0250139918 -3.68002282e-08 -2.45891172e-08 1
LGIC_C 310 0.0718525724 0.796777452 0.0250140185 -8.63455884e-09 -4.34088253e-08 1
LGIC_C 311 0.555590416 0.591211019 0.0250140187 -2.45891309e-08 -3.68002211e-08 1
LGIC_C 312 0.328044317 0.22880541 0.0250140035 -4.20574004e-08 -2.81018564e-08 1
LGIC_C 313 0.662505014 0.333303475 0.0250140158 -3.68002282e-08 -2.45891172e-08 1
LGIC_C 314 -0.243197229 0.48243836 0.025014007 2.45891128e-08 -3.68002333e-08 1
LGIC_C 315 -0.0658809865 0.00708855882 0.0250139866 4.96100897e-08 -9.86805572e-09 1
LGIC_C 316 -0.238670843 -0.206234251 0.0250140003 6.28883752e-09 7.55636663e-08 1
LGIC_C 317 -0.391040715 -0.204372384 0.0250140027 3.68002489e-08 2.45891179e-08 1
LGIC_C 318 -0.174703381 -0.364196404 0.0250139983 -5.56021111e-08 -1.45571543e-08 -1
LGIC_C 319 -0.543374595 -0.0589643586 0.0250140053 -4.34088282e-08 2.70157287e-08 -1
LGIC_C 320 0.445834814 0.585409426 0.0250140204 -2.81018716e-08 -4.20573923e-08 1
LGIC_C 321 0.627175912 -0.308584523 0.0250140192 -3.37890406e-08 4.80634332e-08 1
LGIC_C 322 0.593326056 0.212083684 0.02501402 -5.78784335e-08 -1.15127284e-08 1
LGIC_C 323 -0.317376842 -0.665958444 0.0250140202 2.81018674e-08 4.20574117e-08 1
LGIC_C 324 0.00515128036 0.721049325 0.025014019 -6.33660387e-09 4.96100877e-08 -1
LGIC_C 325 0.450729229 0.648505912 0.0250140182 -2.45891309e-08 -3.68002211e-08 1
LGIC_C 326 0.192707904 0.639891693 0.0250140138 -6.33660387e-09 4.96100877e-08 -1
LGIC_C 327 -0.305610725 -0.0213497033 0.0250139978 -4.96100919e-08 2.90231703e-08 -1
LGIC_C 328 -0.433837715 0.0209226989 0.0250140026 4.34088279e-08 -2.48392273e-08 1
LGIC_C 329 0.655960017 -0.186632366 0.0250140176 -4.96100859e-08 9.86807898e-09 1
LGIC_C 330 0.38424722 -0.035414849 0.0250140034 -4.96100802e-08 3.14742968e-08 1
LGIC_C 331 0.240154966 -0.0814005802 0.0250139957 -4.34088182e-08 2.48392526e-08 1
LGIC_C 332 -0.00630801667 -0.340825284 0.0250140002 9.8680833e-09 4.96100963e-08 1
LGIC_C 333 0.476940545 0.16888652 0.0250140054 -4.34088272e-08 -8.63453573e-09 1
LGIC_C 334 0.261088314 0.808004142 0.00475856082 0.194186548 0.976240951 0.0961519121
LGIC_C 335 0.184714342 0.62321444 0.025014013 -6.33660387e-09 4.96100877e-08 -1
LGIC_C 336 -0.77041367 0.0195764715 0.0250140172 4.34088279e-08 -2.48392273e-08 1
LGIC_C 337 -0.0586223102 -0.0149874867 0.0250139856 4.96100935e-08 -4.19869172e-08 1
LGIC_C 338 -0.157670408 0.284698086 0.0250139976 2.45891128e-08 -3.68002333e-08 1
LGIC_C 339 0.170483768 -0.244091737 0.0250139972 -1.31306721e-08 4.82586744e-08 1
LGIC_C 340 -0.275438731 0.619788706 0.0250140171 2.8101852e-08 -4.20574041e-08 1
LGIC_C 341 -0.0365097603 -0.697132557 0.0250140138 8.63456455e-09 4.34088336e-08 1
LGIC_C 342 -0.855314021 -0.026498795 -0.00208388854 -0.976240825 -0.194187339 0.0961515894
LGIC_C 343 0.26286868 0.46635117 0.0250140092 1.3130701e-08 4.82586573e-08 -1
LGIC_C 344 -0.145458978 0.0243821064 0.0250139905 5.7878425e-08 4.89846948e-08 1
LGIC_C 345 -0.0923555025 -0.0961302005 0.0250139909 7.55636799e-08 6.2887973e-09 1
LGIC_C 346 0.366312168 0.344170938 0.0250140052 -3.68002282e-08 -2.45891172e-08 1
LGIC_C 347 0.462806729 -0.214345044 0.025014013 -4.90669481e-08 3.27855328e-08 1
LGIC_C 348 -0.111835503 -0.62493907 0.0250140153 9.8680833e-09 4.96100963e-08 1
LGIC_C 349 -0.123421569 -0.547180915 0.0250140068 -2.90231482e-08 4.96101036e-08 1
LGIC_C 350 -0.224840633 0.386349365 0.025014003 2.45891128e-08 -3.68002333e-08 1
LGIC_C 351 -0.125257972 0.061251856 0.0250139905 3.37890593e-08 -4.80634052e-08 1
LGIC_C 352 -0.158177595 -0.368351805 0.0250140008 3.95603082e-08 3.05989652e-08 1
LGIC_C 353 -0.317686272 0.133901361 0.0250140004 4.20574045e-08 -2.81018523e-08 1
LGIC_C 354 0.169655457 0.242735721 0.0250139982 -2.81018716e-08 -4.20573923e-08 1
LGIC_C 355 0.0898676749 -0.518931811 0.0250140124 1.00935263e-08 5.7878447e-08 1
LGIC_C 356 0.125723315 0.767161323 0.0250140176 -8.63455884e-09 -4.34088253e-08 1
LGIC_C 357 0.728160291 0.180457825 0.0250140182 -4.96100869e-08 6.3366408e-09 1
LGIC_C 358 0.0789869221 -0.0538003267 0.0250139889 -4.90669481e-08 3.27855328e-08 1
LGIC_C 359 -0.180121662 0.164243754 0.0250139968 6.28881943e-09 -7.55636452e-08 1
LGIC_C 360 -0.481115376 0.426708139 0.0250140115 3.68002297e-08 -2.45891157e-08 1
LGIC_C 361 0.600200449 -0.145949674 0.0250140144 -4.96100859e-08 9.86807898e-09 1
LGIC_C 362 -0.394163925 -0.114783585 0.0250139995 -4.96100919e-08 2.90231703e-08 -1
LGIC_C 363 -0.425377268 0.389674964 0.0250140121 4.20574045e-08 -2.81018523e-08 1
LGIC_C 364 0.110101096 0.16727322 0.0250139951 -3.27855134e-08 -4.90669575e-08 1
LGIC_C 365 0.625778698 -0.282166279 0.0250140175 -4.20573976e-08 2.81018683e-08 1
LGIC_C 366 -0.288523983 -0.655392279 0.0250140147 3.95603082e-08 3.05989652e-08 1
LGIC_C 367 0.42153293 -0.15194922 0.0250140053 -4.34088182e-08 2.48392526e-08 1
LGIC_C 368 -0.13075385 -0.29514942 0.0250139975 3.95603082e-08 3.05989652e-08 1
LGIC_C 369 -0.0727435146 -0.617895678 0.0250140118 -2.90231482e-08 4.96101036e-08 1
LGIC_C 370 -0.390053952 -0.521403976 0.025014012 2.45891453e-08 3.68002268e-08 1
LGIC_C 371 0.175147881 0.111411989 0.0250139924 -3.68002282e-08 -2.45891172e-08 1
LGIC_C 372 -0.0672859395 0.432484781 0.0250140026 8.63455111e-09 -4.34088279e-08 1
LGIC_C 373 -0.55016632 0.540870535 0.0250140168 3.68002297e-08 -2.45891157e-08 1
LGIC_C 374 0.121718875 -0.249564625 0.0250139969 -1.31306721e-08 4.82586744e-08 1
LGIC_C 375 0.195670376 -0.588343649 0.0250140153 1.00935263e-08 5.7878447e-08 1
LGIC_C 376 0.44850157 0.40246943 0.0250140134 -4.20574004e-08 -2.81018564e-08 1
LGIC_C 377 0.315072868 0.179615652 0.0250139993 -3.68002282e-08 -2.45891172e-08 1
LGIC_C 378 -0.643218224 0.0805283347 0.0250140128 4.96100851e-08 2.90231542e-08 1
LGIC_C 379 -0.0555746173 -0.472749854 0.0250140072 9.8680833e-09 4.96100963e-08 1
LGIC_C 380 0.0923501082 0.610032588 0.0250140144 -9.86806672e-09 -4.96100854e-08 1
LGIC_C 381 0.000466702803 0.635778873 0.0250140148 -9.86806672e-09 -4.96100854e-08 1
LGIC_C 382 0.571406087 -0.274199579 0.0250140157 -3.37890406e-08 4.80634332e-08 1
LGIC_C 383 0.296158202 -0.495283446 0.0250140172 -3.27854948e-08 4.90669785e-08 1
LGIC_C 384 -0.474591144 -0.408513643 0.0250140171 6.28883752e-09 7.55636663e-08 1
LGIC_C 385 0.59668211 0.0703821016 0.0250140186 -5.78784335e-08 -1.15127284e-08 1
LGIC_C 386 0.540379754 -0.415494336 0.0250140133 -3.68002179e-08 2.45891393e-08 1
LGIC_C 387 0.551200981 -0.250622085 0.0250140139 -3.37890406e-08 4.80634332e-08 1
LGIC_C 388 -0.0493822506 0.48106211 0.0250140076 9.86805557e-09 -4.96100883e-08 1
LGIC_C 389 0.391335778 -0.357912773 0.0250140097 -4.20573976e-08 2.81018683e-08 1
LGIC_C 390 0.546284426 0.0357376805 0.0250140101 -4.96100869e-08 6.3366408e-09 1
LGIC_C 391 -0.20732938 0.128530913 0.0250139965 3.37890593e-08 -4.80634052e-08 1
LGIC_C 392 -0.186996291 -0.610578535 0.0250140081 -2.90231482e-08 4.96101036e-08 1
LGIC_C 393 0.00883876371 -0.323686434 0.0250139974 -8.63454093e-09 4.34088369e-08 1
LGIC_C 394 0.402763668 0.636713573 0.0250140166 -2.45891309e-08 -3.68002211e-08 1
LGIC_C 395 0.326210201 0.471509308 0.0250140103 1.3130701e-08 4.82586573e-08 -1
LGIC_C 396 0.24428161 0.41688487 0.0250140066 1.3130701e-08 4.82586573e-08 -1
LGIC_C 397 -0.64853135 0.216001965 0.0250140133 4.34088259e-08 -8.63455061e-09 1
LGIC_C 398 -0.578132531 0.243734164 0.0250140145 3.37890593e-08 -4.80634052e-08 1
LGIC_C 399 0.563000631 -0.152384703 0.025014016 -4.96100802e-08 3.14742968e-08 1
