VGCC_O 0 0.11238887 -0.0311459409 0.0466929927 -1.01287282e-06 -1.51427976e-07 -1
VGCC_O 5 0.113746944 -0.0200409323 0.0466929896 -1.01287282e-06 -1.51427976e-07 -1
VGCC_O 6 -0.12622171 0.0241576588 0.046693322 -1.62059677e-06 3.22356891e-07 -1
CaBS 10 0.118656019 -0.0310743642 0.0727062421 0.34654604 -0.867983022 0.355684293
CaBS 11 0.106069071 -0.0310230908 0.0810545409 -0.321328743 -0.750213836 0.577864204
CaBS 12 0.110634449 -0.00382536798 0.0755774065 0.324116486 0.74980293 0.576839726
CaBS 13 0.112206951 -0.0341377275 0.071514037 0.34654604 -0.867983022 0.355684293
CaBS 14 0.117180832 -0.0264296071 0.060211475 0.748611785 -0.322508546 -0.579282861
CaBS 15 0.0912562216 -0.0212434777 0.0786925744 -0.748611723 0.322508223 0.579283121
CaBS 16 0.114953468 -0.0147688484 0.0562435604 0.329239702 0.132369043 -0.934922272
CaBS 17 0.0910563418 -0.0221692989 0.0605340159 -0.751399618 0.322919164 -0.575431861
CaBS 18 0.092312694 -0.0267105027 0.0741783613 -0.735818491 -0.677177075 0.00153536998
CaBS 19 0.107680351 -0.00469006184 0.078361233 0.324116486 0.74980293 0.576839726
CaBS 20 0.121204701 -0.0253072239 0.0647866792 0.748611785 -0.322508546 -0.579282861
CaBS 21 0.110745159 -0.0282583935 0.0529127587 0.748611785 -0.322508546 -0.579282861
CaBS 22 0.119323126 -0.00912374528 0.0728907584 0.735818353 0.677177225 -0.00153536905
CaBS 23 0.122413945 -0.0125893536 0.0674843893 0.999896301 0.01419805 -0.0024089266
CaBS 24 0.121116476 -0.0299555708 0.0721501847 0.751399702 -0.322919474 0.575431578
CaBS 25 -0.0940338175 0.0245065307 0.0652281558 0.735818381 0.677177195 -0.00153536913
CaBS 26 -0.118008549 0.0180787707 0.0744526697 -0.748611709 0.322508237 0.579283131
CaBS 27 -0.0890255697 0.0144351918 0.0804114547 0.75139969 -0.322919491 0.575431584
CaBS 28 -0.106429759 -0.00792248861 0.0687867814 0.344822933 -0.867729023 -0.35797135
CaBS 29 -0.110115886 0.0148140278 0.0848759922 -0.329239868 -0.132369105 0.934922205
CaBS 31 -0.0893294812 0.00155023327 0.0658459145 0.74861179 -0.322508554 -0.579282851
CaBS 34 -0.103500892 0.00856626968 0.0863209353 -0.329239868 -0.132369105 0.934922205
CaBS 36 -0.0947467056 -0.00291919448 0.0715195763 0.346545964 -0.867983059 0.355684276
CaBS 38 -0.102484928 0.0212988652 0.0558320688 0.3213287 0.750213891 -0.577864158
CaBS 39 -0.10266224 0.0156882518 0.0858717748 0.333750517 0.131703937 0.933415591
Ca 4 0.129468526 0.626939661 0.237594777 0 0 0
Ca 7 0.230263161 0.285793395 0.697649705 0 0 0
Ca 1 -0.237270113 0.0138837294 0.567744884 0 0 0
Ca 1 -0.171232378 0.11211337 0.84528041 0 0 0
Ca 7 -0.0178673975 -0.153225066 0.328060516 0 0 0
Ca 1 -0.314933141 0.521211845 0.132550996 0 0 0
Ca 6 0.589714705 0.450374968 0.424603503 0 0 0
Ca 8 -0.157773828 0.225992948 1.03446317 0 0 0
Ca 1 -0.651338987 0.0189044471 0.434163185 0 0 0
CaBS_Ca 46 -0.0875160606 0.012184965 0.0657349418 0.999896301 0.0141980506 -0.0024089266
Ca 1 0.208303793 0.209844048 0.313635494 0 0 0
Ca 1 -0.242073031 -0.363481281 0.606207629 0 0 0
Ca 8 -0.241474779 -0.448879684 0.467918928 0 0 0
Ca 7 -0.498644178 0.0215223396 0.729615287 0 0 0
Ca 6 -0.016562847 -0.0936386969 0.442999277 0 0 0
Ca 1 0.00520955084 -0.237107561 0.568456704 0 0 0
Ca 7 -0.0557230579 0.140675938 0.567083297 0 0 0
Ca 4 -0.0901302417 -0.0245460375 0.707277617 0 0 0
Ca 6 -0.273711185 -0.180836198 0.213113247 0 0 0
Ca 8 0.107426019 0.125340679 0.504508279 0 0 0
Ca 6 0.685569668 -0.327393919 0.517577825 0 0 0
Ca 2 -0.0979935242 0.334387807 0.514492605 0 0 0
Ca 1 -0.00389076972 0.452439445 0.517505162 0 0 0
Ca 7 0.362143155 -0.0802729941 0.523884649 0 0 0
Ca 1 0.454466101 -0.0727893005 0.581648749 0 0 0
Ca 7 -0.623419911 0.00763396227 0.398036118 0 0 0
Ca 1 0.152718571 -0.445263155 0.219173468 0 0 0
Ca 8 -0.633491595 0.130508459 0.0903479974 0 0 0
Ca 8 0.379140292 -0.225623683 0.259459106 0 0 0
Ca 1 -0.291665739 -0.124779384 0.587292332 0 0 0
Ca 4 0.0911380889 0.104432093 0.278350017 0 0 0
Ca 4 0.150960495 -0.0629118561 0.622845037 0 0 0
Ca 1 -0.34505561 0.272039818 0.120183096 0 0 0
Ca 1 0.135535876 0.0906344974 0.599994472 0 0 0
Ca 6 -0.0359888956 -0.15247861 0.307636204 0 0 0
Ca 1 0.391350587 0.0711758856 0.411114642 0 0 0
Ca 1 -0.43445013 -0.0168197057 0.218295867 0 0 0
Ca 6 -0.313994159 -0.505347332 0.345303104 0 0 0
Ca 7 0.0629024032 0.0648333032 0.785027622 0 0 0
Ca 6 0.235829437 0.610720923 0.0875570636 0 0 0
Ca 4 -0.396067479 0.0134089144 0.252733078 0 0 0
Ca 6 -0.429905576 -0.00262845139 0.185956071 0 0 0
Ca 4 0.0881070931 -0.135375854 0.349444889 0 0 0
Ca 1 0.0759396795 -0.0717561593 0.150828282 0 0 0
Ca 8 -0.598399479 0.0338236831 0.399746533 0 0 0
Ca 4 -0.185619369 0.109509778 0.413487818 0 0 0
Ca 7 -0.503000896 0.271665805 0.496769604 0 0 0
Ca 7 -0.0236931449 -0.603261168 0.295527989 0 0 0
Ca 6 -0.690887928 0.00165665989 0.36589274 0 0 0
Ca 1 0.219625247 0.329686389 0.284111628 0 0 0
Ca 4 -0.68195779 -0.158184086 0.058414601 0 0 0
Ca 7 0.207449981 0.292734529 0.285592401 0 0 0
Ca 7 0.206288925 0.434385916 0.333083975 0 0 0
Ca 6 -0.205462776 -0.0689897214 0.467127292 0 0 0
Ca 4 -0.377207722 0.0142919705 0.0721192854 0 0 0
Ca 8 -0.37134246 -0.0256119706 0.294301206 0 0 0
Ca 8 -0.441737851 0.0828138166 0.126333524 0 0 0
Ca 6 -0.25224562 -0.269127845 0.23774005 0 0 0
Ca 8 -0.433623948 0.0407918807 0.471795666 0 0 0
Ca 1 -0.0637920319 0.0468083468 0.132528949 0 0 0
Ca 4 -0.204475127 -0.211990953 0.234462103 0 0 0
Ca 6 -0.140060454 0.0305215369 0.368540912 0 0 0
Ca 8 -0.112014614 0.146148099 0.206930468 0 0 0
Ca 8 -0.0206856276 -0.177876793 0.0488909236 0 0 0
Ca 7 -0.194847711 0.171993054 0.0705906421 0 0 0
Ca 6 -0.304523589 0.070336919 0.109563045 0 0 0
Ca 1 0.0271468939 0.116242062 0.117652097 0 0 0
Ca 6 -0.0568860987 0.199179114 0.103577566 0 0 0
Ca 8 -0.241662538 0.100940037 0.182361884 0 0 0
Ca 7 -0.155789343 0.00267839518 0.111366525 0 0 0
Ca 8 -0.218937773 -0.0970063777 0.329140588 0 0 0
Ca 4 -0.114098747 0.0446527091 0.205984225 0 0 0
Ca 6 -0.172754851 0.0422777527 0.106923139 0 0 0
Ca 1 -0.00604899737 -0.143307132 0.157302322 0 0 0
Ca 8 -0.145806659 -0.0270957928 0.15383465 0 0 0
Ca 7 -0.19051656 0.0487091666 0.0924677472 0 0 0
Ca 4 0.045133132 0.105448991 0.0622972873 0 0 0
CaBS_Ca 47 -0.10974263 -0.00508162008 0.0725538687 -0.321328736 -0.750213873 0.57786416
Ca 6 -0.0227437117 0.0514192742 0.0906184745 0 0 0
Ca 8 -0.204499345 0.0330050469 0.0483848352 0 0 0
Ca 1 -0.0606898607 0.0552278453 0.0646312805 0 0 0
Ca 7 -0.09371589 0.0148680223 0.0466514346 0 0 0
Ca 6 -0.155165181 0.00642723768 0.0466579158 0 0 0
VGCC_O 9 0.0953603447 -0.018533153 0.0466930096 -1.14792244e-06 -1.24564753e-07 -1
VGCC_O 1 -0.126159285 0.0151063295 0.0466933189 -1.62059625e-06 3.22356338e-07 -1
VGCC_O 8 -0.134706799 0.0161271258 0.0466933331 -1.62059677e-06 3.22356891e-07 -1
VGCC_O 4 -0.108229728 0.00324736392 0.0466932869 -8.10297798e-07 1.61178104e-07 -1
VGCC_O 2 0.119933892 -0.04777957 0.0466929781 -1.41802115e-06 2.82063236e-07 -1
VGCC_O 3 0.0772568984 -0.00428239309 0.046693036 -1.41802159e-06 2.82063681e-07 -1
VGCC_O 7 -0.137449801 0.00579357966 0.0466933342 -1.62059625e-06 3.22356338e-07 -1
TAG 41 -0.105784995 0.0105052503 0.0536665039 -0.333750681 -0.131703993 -0.933415524
TAG 45 -0.113699624 0.0170707545 0.0588716642 -0.751399624 0.322919173 -0.575431849
TAG 44 -0.11923843 0.00668793202 0.0611035411 -0.999896295 -0.0141984574 0.00240892698
LGIC_C 0 0.508168616 0.217131459 0.0250140109 3.37890593e-08 4.80634111e-08 -1
LGIC_C 1 -0.375473457 0.03936407 0.0250139999 4.34088259e-08 -8.63455061e-09 1
LGIC_C 2 -0.581210827 0.101223879 0.0250140131 4.96100897e-08 -9.86805572e-09 1
LGIC_C 3 0.247154034 -0.645558106 0.0250140177 -9.86804037e-09 4.96101e-08 1
LGIC_C 4 -0.427831263 -0.234915655 0.0250140037 6.28883752e-09 7.55636663e-08 1
LGIC_C 5 0.0276682105 -0.525898226 0.0250140134 1.00935263e-08 5.7878447e-08 1
LGIC_C 6 -0.316855687 0.486743908 0.0250140152 1.28239438e-08 -5.73353116e-08 1
LGIC_C 7 -0.707142554 0.413876427 0.0250140195 3.68002297e-08 -2.45891157e-08 1
LGIC_C 8 -0.174737557 0.267210182 0.0250139974 2.45891128e-08 -3.68002333e-08 1
LGIC_C 9 -0.43852506 -0.267793496 0.0250140062 6.28883752e-09 7.55636663e-08 1
LGIC_C 10 -0.408320438 -0.617186299 0.0250140183 3.95603082e-08 3.05989652e-08 1
LGIC_C 11 0.154085102 0.555269279 0.0250140098 -6.33660387e-09 4.96100877e-08 -1
LGIC_C 12 0.396265515 0.183397265 0.0250140087 -4.90669739e-08 -3.27854893e-08 1
LGIC_C 13 0.715981995 -0.111182829 0.0250140198 -4.96100859e-08 9.86807898e-09 1
LGIC_C 14 0.666733739 0.250346868 0.0250140147 -4.96100869e-08 6.3366408e-09 1
LGIC_C 15 -0.481760383 -0.347970156 0.0250140084 5.39043203e-09 6.47688584e-08 1
LGIC_C 16 0.629218943 -0.172551996 0.0250140161 -4.96100859e-08 9.86807898e-09 1
LGIC_C 17 -0.543845493 0.351734354 0.0250140141 -4.82586679e-08 1.31306769e-08 -1
LGIC_C 18 0.290393494 -0.482532542 0.0250140117 -2.81018481e-08 4.20574137e-08 1
LGIC_C 19 -0.344339384 0.284661185 0.0250140086 3.37890593e-08 -4.80634052e-08 1
LGIC_C 20 0.0948593048 -0.415067267 0.0250140083 -1.15127059e-08 5.78784511e-08 1
LGIC_C 21 -0.00517942637 -0.151457543 0.0250139906 -2.90231482e-08 4.96101036e-08 1
LGIC_C 22 0.118476515 0.605366646 0.0250140145 -9.86806672e-09 -4.96100854e-08 1
LGIC_C 23 -0.442021215 0.411267821 0.0250140096 3.68002297e-08 -2.45891157e-08 1
LGIC_C 24 0.13770169 0.446774205 0.0250140068 -9.86806672e-09 -4.96100854e-08 1
LGIC_C 25 0.372527629 -0.00131655035 0.0250139994 -4.34088226e-08 8.63456802e-09 1
LGIC_C 26 -0.045272161 0.27209324 0.0250139995 1.15127271e-08 -5.78784352e-08 1
LGIC_C 27 -0.241113936 0.522272599 0.0250140168 3.27854968e-08 -4.90669676e-08 1
LGIC_C 28 0.692255791 0.115484177 0.0250140143 -4.34088272e-08 -8.63453573e-09 1
LGIC_C 29 -0.621148686 -0.10548803 0.0250140141 5.7878436e-08 -4.89847332e-08 1
LGIC_C 30 0.662408135 0.152737082 0.0250140151 -4.96100869e-08 6.3366408e-09 1
LGIC_C 31 -0.407968066 -0.418359776 0.025014012 -5.56021111e-08 -1.45571543e-08 -1
LGIC_C 32 0.0917543348 0.0991756998 0.02501399 -2.81018716e-08 -4.20573923e-08 1
LGIC_C 33 -0.0371291129 0.635847074 0.0250140112 8.63455111e-09 -4.34088279e-08 1
LGIC_C 34 0.284572698 -0.502687148 0.0250140172 -3.27854948e-08 4.90669785e-08 1
LGIC_C 35 -0.182357458 -0.50908332 0.0250140032 -2.90231482e-08 4.96101036e-08 1
LGIC_C 36 0.519214283 -0.616174329 0.0250140187 -2.45891087e-08 3.68002429e-08 1
LGIC_C 37 0.120374909 0.77848147 0.0250140181 -8.63455884e-09 -4.34088253e-08 1
LGIC_C 38 0.739018302 -0.315634303 0.0250140183 -3.05989503e-08 3.95603122e-08 1
LGIC_C 39 0.694941899 0.314355839 0.0250140165 -3.68002282e-08 -2.45891172e-08 1
LGIC_C 40 -0.67741386 0.0395926537 0.0250140137 4.34088279e-08 -2.48392273e-08 1
LGIC_C 41 -0.532470672 0.593578929 0.0250140182 2.45891128e-08 -3.68002333e-08 1
LGIC_C 42 -0.267573847 -0.657483145 0.0250140141 8.63456455e-09 4.34088336e-08 1
LGIC_C 43 -0.555966944 -0.503520982 0.0250140148 1.15916899e-08 4.97976879e-08 1
LGIC_C 44 0.336255361 0.54951121 0.0250140142 1.3130701e-08 4.82586573e-08 -1
LGIC_C 45 -0.0149328101 -0.277569739 0.0250139957 2.48392553e-08 4.34088306e-08 1
LGIC_C 46 -0.215071605 -0.189093733 0.0250139966 5.39043203e-09 6.47688584e-08 1
LGIC_C 47 0.498461796 -0.184515711 0.0250140142 -5.78784275e-08 1.15127558e-08 1
LGIC_C 48 -0.107567698 -0.37517735 0.0250140005 8.63456455e-09 4.34088336e-08 1
LGIC_C 49 -0.51499316 -0.175219138 0.0250140071 4.34088238e-08 8.63459484e-09 1
LGIC_C 50 0.218216594 -0.344578052 0.0250140073 -3.27854948e-08 4.90669785e-08 1
LGIC_C 51 -0.578109775 -0.0178239094 0.0250140085 4.34088238e-08 8.63459484e-09 1
LGIC_C 52 0.641427631 -0.177385268 0.0250140155 -4.34088182e-08 2.48392526e-08 1
LGIC_C 53 0.343423574 -0.0700958449 0.0250139999 -4.34088182e-08 2.48392526e-08 1
LGIC_C 54 -0.0401454645 -0.213307379 0.0250139936 -4.89847109e-08 5.78784581e-08 1
LGIC_C 55 0.403523747 0.483439135 0.025014011 -2.45891309e-08 -3.68002211e-08 1
LGIC_C 56 -0.110645182 -0.212259719 0.0250139925 -5.56021111e-08 -1.45571543e-08 -1
LGIC_C 57 -0.0798321058 0.441071536 0.0250140077 -3.14742797e-08 4.96100914e-08 -1
LGIC_C 58 0.461648713 -0.0810791165 0.0250140053 -4.34088182e-08 2.48392526e-08 1
LGIC_C 59 -0.449566831 -0.211693486 0.0250140016 1.45571809e-08 5.5602105e-08 1
LGIC_C 60 0.0879488114 0.53348207 0.0250140125 -3.14742949e-08 -4.96100822e-08 1
LGIC_C 61 -0.39577702 0.331380317 0.0250140092 4.20574045e-08 -2.81018523e-08 1
LGIC_C 62 -0.0338171917 0.400212161 0.0250140042 -3.14742797e-08 4.96100914e-08 -1
LGIC_C 63 0.202284154 -0.0569995519 0.0250139938 -4.96100859e-08 9.86807898e-09 1
LGIC_C 64 -0.252304028 0.00971532377 0.0250139974 5.7878425e-08 4.89846948e-08 1
LGIC_C 65 0.00501499675 0.312396874 0.0250139988 -9.86806672e-09 -4.96100854e-08 1
LGIC_C 66 -0.240454369 -0.347354599 0.0250140019 2.45891453e-08 3.68002268e-08 1
LGIC_C 67 -0.458355975 0.441616063 0.0250140195 6.28881943e-09 -7.55636452e-08 1
LGIC_C 68 -0.674743686 -0.120425984 0.0250140093 -4.34088282e-08 2.70157287e-08 -1
LGIC_C 69 -0.70564237 -0.363524303 0.0250140182 3.68002489e-08 2.45891179e-08 1
LGIC_C 70 -0.0292236125 0.384730544 0.0250140002 8.63455111e-09 -4.34088279e-08 1
LGIC_C 71 0.544704252 0.101042651 0.0250140159 -5.78784335e-08 -1.15127284e-08 1
LGIC_C 72 0.16035265 0.400133598 0.0250140021 -6.33660387e-09 4.96100877e-08 -1
LGIC_C 73 -0.0181053563 0.0146185476 0.0250139843 3.68002297e-08 -2.45891157e-08 1
LGIC_C 74 0.509300637 0.506357551 0.0250140145 -4.82586616e-08 -1.31306776e-08 1
LGIC_C 75 0.502162576 -0.611827977 0.0250140181 -2.45891087e-08 3.68002429e-08 1
LGIC_C 76 -0.678669592 0.0506107489 0.0250140155 4.96100851e-08 2.90231542e-08 1
LGIC_C 77 0.328961505 -0.221351121 0.025014002 -3.05989503e-08 3.95603122e-08 1
LGIC_C 78 0.270646875 0.36743179 0.0250140102 -3.27855134e-08 -4.90669575e-08 1
LGIC_C 79 -0.576718722 -0.264692736 0.0250140031 1.15916899e-08 4.97976879e-08 1
LGIC_C 80 0.721497265 -0.028101986 0.0250140148 -4.34088226e-08 8.63456802e-09 1
LGIC_C 81 0.0809072958 0.700155822 0.0250140175 -6.33660387e-09 4.96100877e-08 -1
LGIC_C 82 0.469185659 -0.305417551 0.0250140097 -3.05989503e-08 3.95603122e-08 1
LGIC_C 83 -0.35547627 0.245724469 0.0250140037 -4.82586679e-08 1.31306769e-08 -1
LGIC_C 84 0.222739843 0.509130343 0.0250140108 1.3130701e-08 4.82586573e-08 -1
LGIC_C 85 -0.0821470943 0.100091053 0.0250139901 1.28239438e-08 -5.73353116e-08 1
LGIC_C 86 0.56859456 -0.322380184 0.0250140179 -3.37890406e-08 4.80634332e-08 1
LGIC_C 87 -0.302247522 -0.246235243 0.0250140013 1.45571809e-08 5.5602105e-08 1
LGIC_C 88 -0.624584316 -0.529621376 0.0250140169 1.15916899e-08 4.97976879e-08 1
LGIC_C 89 0.248249307 -0.485540915 0.0250140099 -1.31306721e-08 4.82586744e-08 1
LGIC_C 90 -0.360357181 -0.313018025 0.0250140059 1.45571809e-08 5.5602105e-08 1
LGIC_C 91 0.184672058 0.772436943 0.0250140184 -8.63455884e-09 -4.34088253e-08 1
LGIC_C 92 0.221672048 -0.706457744 0.0250140169 6.33663526e-09 4.9610097e-08 1
LGIC_C 93 -0.0722755529 0.572200335 0.0250140112 -6.33661298e-09 -4.96100859e-08 1
LGIC_C 94 0.14771397 -0.0496612842 0.0250139921 -4.96100802e-08 3.14742968e-08 1
LGIC_C 95 -0.323198624 -0.42674289 0.0250140074 -5.56021111e-08 -1.45571543e-08 -1
LGIC_C 96 0.332120034 -0.0133868782 0.0250139998 -4.96100859e-08 9.86807898e-09 1
LGIC_C 97 -0.404785657 0.0394276254 0.0250140022 4.96100851e-08 2.90231542e-08 1
LGIC_C 98 -0.349231388 -0.566857058 0.0250140144 3.95603082e-08 3.05989652e-08 1
LGIC_C 99 0.212297763 -0.0633031264 0.0250139957 -4.96100802e-08 3.14742968e-08 1
LGIC_C 100 -0.347633789 -0.505551128 0.0250140104 2.45891453e-08 3.68002268e-08 1
LGIC_C 101 -0.380379979 0.0236658953 0.0250140024 4.96100897e-08 -9.86805572e-09 1
LGIC_C 102 -0.35643599 0.438167873 0.025014013 1.28239438e-08 -5.73353116e-08 1
LGIC_C 103 -0.457876445 -0.0145133733 0.0250140028 -4.34088282e-08 2.70157287e-08 -1
LGIC_C 104 0.581601737 -0.240679081 0.0250140145 -4.96100859e-08 9.86807898e-09 1
LGIC_C 105 -0.283015984 0.101535444 0.0250139981 4.34088279e-08 -2.48392273e-08 1
LGIC_C 106 -0.307592865 0.79644935 0.0250140205 8.63455111e-09 -4.34088279e-08 1
LGIC_C 107 -0.748778529 -0.256975908 0.025014018 4.34088238e-08 8.63459484e-09 1
LGIC_C 108 -0.0644622307 -0.516970674 0.0250140073 2.48392553e-08 4.34088306e-08 1
LGIC_C 109 0.178995621 0.079809766 0.0250139929 -4.82586616e-08 -1.31306776e-08 1
LGIC_C 110 -0.2114964 -0.695610756 0.0250140153 8.63456455e-09 4.34088336e-08 1
LGIC_C 111 -0.514973777 -0.14238953 0.0250140047 -4.96100919e-08 2.90231703e-08 -1
LGIC_C 112 0.724726341 -0.00824990859 0.0250140194 -4.96100802e-08 3.14742968e-08 1
LGIC_C 113 -0.0494533489 -0.714955858 0.0250140155 2.48392553e-08 4.34088306e-08 1
LGIC_C 114 -0.340477685 0.402472105 0.0250140107 1.28239438e-08 -5.73353116e-08 1
LGIC_C 115 0.533100893 -0.363985982 0.0250140139 -3.05989503e-08 3.95603122e-08 1
LGIC_C 116 0.134068936 -0.423991434 0.0250140064 1.00935263e-08 5.7878447e-08 1
LGIC_C 117 -0.210699795 -0.0222898766 0.0250139928 4.96100935e-08 -4.19869172e-08 1
LGIC_C 118 -0.30013627 -0.330106815 0.0250140052 3.95603082e-08 3.05989652e-08 1
LGIC_C 119 0.0950950176 0.416421296 0.0250140049 -9.86806672e-09 -4.96100854e-08 1
LGIC_C 120 0.01862692 0.511981077 0.0250140088 -9.86806672e-09 -4.96100854e-08 1
LGIC_C 121 -0.434504648 -0.396855922 0.025014008 1.15916899e-08 4.97976879e-08 1
LGIC_C 122 0.64229176 -0.34404011 0.0250140153 -3.68002179e-08 2.45891393e-08 1
LGIC_C 123 0.347826702 -0.31654448 0.0250140107 -4.90669481e-08 3.27855328e-08 1
LGIC_C 124 0.504285469 -0.425617915 0.0250140123 -3.68002179e-08 2.45891393e-08 1
LGIC_C 125 0.12444341 -0.156730535 0.0250139924 -1.31306721e-08 4.82586744e-08 1
LGIC_C 126 0.611524862 -0.363603512 0.0250140163 -3.05989503e-08 3.95603122e-08 1
LGIC_C 127 0.248745826 -0.352393135 0.0250140035 -1.31306721e-08 4.82586744e-08 1
LGIC_C 128 0.210026771 -0.330693962 0.0250140006 -2.45891087e-08 3.68002429e-08 1
LGIC_C 129 0.472368173 -0.0932223391 0.0250140045 -4.34088226e-08 8.63456802e-09 1
LGIC_C 130 -0.638801718 0.199857807 0.0250140127 4.34088259e-08 -8.63455061e-09 1
LGIC_C 131 0.409700706 0.273243319 0.0250140066 -4.82586616e-08 -1.31306776e-08 1
LGIC_C 132 -0.209061989 0.0734676572 0.0250139918 5.7878425e-08 4.89846948e-08 1
LGIC_C 133 -0.60405748 -0.0361141252 0.0250140098 4.34088238e-08 8.63459484e-09 1
LGIC_C 134 0.282826607 -0.654761494 0.0250140143 -2.45891087e-08 3.68002429e-08 1
LGIC_C 135 -0.281730018 -0.253723975 0.0250140042 6.28883752e-09 7.55636663e-08 1
LGIC_C 136 0.3605352 -0.269642743 0.0250140031 -3.68002179e-08 2.45891393e-08 1
LGIC_C 137 0.356116409 -0.360799732 0.0250140053 -1.31306721e-08 4.82586744e-08 1
LGIC_C 138 -0.703454861 -0.218725797 0.025014009 4.96100935e-08 -4.19869172e-08 1
LGIC_C 139 0.124413116 -0.0171094002 0.0250139899 -4.96100802e-08 3.14742968e-08 1
LGIC_C 140 0.433967637 0.552106455 0.0250140142 -2.45891309e-08 -3.68002211e-08 1
LGIC_C 141 0.462568424 0.125834076 0.0250140044 -4.34088272e-08 -8.63453573e-09 1
LGIC_C 142 -0.492370551 -0.539595698 0.0250140192 3.95603082e-08 3.05989652e-08 1
LGIC_C 143 -0.127572559 -0.176709628 0.0250139943 2.81018674e-08 4.20574117e-08 1
LGIC_C 144 -0.450701637 -0.462656644 0.0250140151 -5.56021111e-08 -1.45571543e-08 -1
LGIC_C 145 0.217164591 0.00438467855 0.025013994 -4.96100869e-08 6.3366408e-09 1
LGIC_C 146 0.00137119838 0.58684487 0.0250140124 -6.33660387e-09 4.96100877e-08 -1
LGIC_C 147 -0.325055692 -0.343106907 0.0250140039 2.45891453e-08 3.68002268e-08 1
LGIC_C 148 0.437333885 -0.0755352187 0.0250140094 -5.78784275e-08 1.15127558e-08 1
LGIC_C 149 0.554705733 0.515136331 0.0250140163 -3.68002282e-08 -2.45891172e-08 1
LGIC_C 150 0.430728416 0.168599812 0.0250140035 -4.96100869e-08 6.3366408e-09 1
LGIC_C 151 -0.103610797 -0.72328096 0.0250140155 8.63456455e-09 4.34088336e-08 1
LGIC_C 152 0.249839179 0.584293793 0.0250140147 1.3130701e-08 4.82586573e-08 -1
LGIC_C 153 0.176470085 -0.22969514 0.0250139987 -1.28239349e-08 5.73353226e-08 1
LGIC_C 154 0.145021645 0.534377438 0.0250140112 -9.86806672e-09 -4.96100854e-08 1
LGIC_C 155 -0.619762225 0.104989468 0.0250140111 4.34088259e-08 -8.63455061e-09 1
LGIC_C 156 -0.237046608 0.0354276906 0.0250139939 4.34088259e-08 -8.63455061e-09 1
LGIC_C 157 -0.420860664 0.282397647 0.0250140073 6.28881943e-09 -7.55636452e-08 1
LGIC_C 158 0.352257223 0.171335585 0.0250140034 3.37890593e-08 4.80634111e-08 -1
LGIC_C 159 0.793481307 0.15953808 0.0250140191 -4.34088272e-08 -8.63453573e-09 1
LGIC_C 160 -0.259823239 -0.0620235633 0.0250139929 -4.34088282e-08 2.70157287e-08 -1
LGIC_C 161 -0.450937662 0.0930370892 0.0250140066 4.96100897e-08 -9.86805572e-09 1
LGIC_C 162 0.459788982 -0.00335179148 0.0250140099 -5.78784275e-08 1.15127558e-08 1
LGIC_C 163 0.375723306 -0.25275326 0.0250140061 -4.20573976e-08 2.81018683e-08 1
LGIC_C 164 0.218432725 -0.592501304 0.0250140112 6.33663526e-09 4.9610097e-08 1
LGIC_C 165 -0.308719606 0.0579204606 0.0250139969 4.96100851e-08 2.90231542e-08 1
LGIC_C 166 -0.141529666 -0.672511871 0.025014016 2.48392553e-08 4.34088306e-08 1
LGIC_C 167 -0.565901505 0.548040517 0.0250140176 3.68002297e-08 -2.45891157e-08 1
LGIC_C 168 -0.563348206 -0.250990572 0.0250140025 5.39043203e-09 6.47688584e-08 1
LGIC_C 169 0.649659297 -0.480956199 0.025014019 -3.68002179e-08 2.45891393e-08 1
LGIC_C 170 0.55668226 -0.36103671 0.0250140194 -3.37890406e-08 4.80634332e-08 1
LGIC_C 171 -0.207350103 0.324831459 0.0250140046 1.28239438e-08 -5.73353116e-08 1
LGIC_C 172 0.336519449 0.154813121 0.0250140021 3.37890593e-08 4.80634111e-08 -1
LGIC_C 173 0.684398588 0.31241139 0.0250140161 -3.68002282e-08 -2.45891172e-08 1
LGIC_C 174 -0.0721170068 -0.49971295 0.0250140067 2.48392553e-08 4.34088306e-08 1
LGIC_C 175 0.410320072 -0.29581985 0.0250140113 -3.37890406e-08 4.80634332e-08 1
LGIC_C 176 -0.597072015 -0.605186417 0.0250140202 2.45891453e-08 3.68002268e-08 1
LGIC_C 177 0.299082827 0.340336831 0.025014006 -2.81018716e-08 -4.20573923e-08 1
LGIC_C 178 0.0767697174 -0.632055777 0.0250140141 6.33663526e-09 4.9610097e-08 1
LGIC_C 179 -0.248683666 -0.176894812 0.0250139982 6.28883752e-09 7.55636663e-08 1
LGIC_C 180 -0.149512327 0.27622632 0.0250139991 2.8101852e-08 -4.20574041e-08 1
LGIC_C 181 -0.642870506 -0.292620317 0.0250140056 5.39043203e-09 6.47688584e-08 1
LGIC_C 182 0.0829409097 -0.187673804 0.0250139935 -2.81018481e-08 4.20574137e-08 1
LGIC_C 183 0.663612364 0.335861491 0.0250140197 -4.82586616e-08 -1.31306776e-08 1
LGIC_C 184 0.720490001 -0.0407789637 0.0250140155 -4.34088182e-08 2.48392526e-08 1
LGIC_C 185 0.364919875 -0.13490029 0.0250140024 -4.34088182e-08 2.48392526e-08 1
LGIC_C 186 -0.590894363 -0.319825948 0.0250140071 5.39043203e-09 6.47688584e-08 1
LGIC_C 187 0.147393255 0.113284472 0.0250139942 -4.90669739e-08 -3.27854893e-08 1
LGIC_C 188 -0.752909782 0.0955814748 0.0250140168 4.34088259e-08 -8.63455061e-09 1
LGIC_C 189 -0.554698123 0.278540381 0.0250140144 4.20574045e-08 -2.81018523e-08 1
LGIC_C 190 0.32851698 -0.739801268 0.0250140185 -2.45891087e-08 3.68002429e-08 1
LGIC_C 191 -0.414296741 -0.239937969 0.025014001 5.39043203e-09 6.47688584e-08 1
LGIC_C 192 -0.296757979 0.0993283557 0.025013997 4.34088259e-08 -8.63455061e-09 1
LGIC_C 193 0.294741713 0.0683725591 0.0250139985 -4.96100911e-08 -9.86803575e-09 1
LGIC_C 194 -0.679842809 0.37362892 0.0250140175 3.68002297e-08 -2.45891157e-08 1
LGIC_C 195 0.394614288 0.395113452 0.025014011 -2.81018716e-08 -4.20573923e-08 1
LGIC_C 196 0.685836124 0.380945825 0.0250140179 -3.68002282e-08 -2.45891172e-08 1
LGIC_C 197 -0.257934632 -0.529192416 0.0250140091 2.45891453e-08 3.68002268e-08 1
LGIC_C 198 0.527166143 0.023851729 0.0250140063 -4.34088272e-08 -8.63453573e-09 1
LGIC_C 199 0.600559667 0.242702072 0.0250140115 -4.96100869e-08 6.3366408e-09 1
LGIC_C 200 0.730634829 -0.289147843 0.0250140174 -4.34088226e-08 8.63456802e-09 1
LGIC_C 201 0.252120555 0.112339558 0.025013997 -4.20574004e-08 -2.81018564e-08 1
LGIC_C 202 -0.0281205745 -0.293385203 0.0250139967 2.48392553e-08 4.34088306e-08 1
LGIC_C 203 -0.164183728 -0.0322302728 0.0250139905 -4.96100919e-08 2.90231703e-08 -1
LGIC_C 204 -0.359537554 0.556257872 0.0250140168 2.8101852e-08 -4.20574041e-08 1
LGIC_C 205 -0.102861051 0.256420408 0.025013997 9.86805557e-09 -4.96100883e-08 1
LGIC_C 206 0.654493292 -0.381598131 0.0250140167 -3.68002179e-08 2.45891393e-08 1
LGIC_C 207 -0.155379994 -0.447619513 0.0250140015 -4.89847109e-08 5.78784581e-08 1
LGIC_C 208 -0.507372227 0.351825343 0.0250140124 -4.82586679e-08 1.31306769e-08 -1
LGIC_C 209 0.0102225829 -0.0112375738 0.0250139853 7.8685202e-08 -1.1776077e-07 -1
LGIC_C 210 0.0663322352 0.24784821 0.0250139962 -9.86806672e-09 -4.96100854e-08 1
LGIC_C 211 0.556955646 -0.192898033 0.0250140177 -5.78784275e-08 1.15127558e-08 1
LGIC_C 212 -0.365276046 -0.486803119 0.0250140107 -5.56021111e-08 -1.45571543e-08 -1
LGIC_C 213 0.375377783 -0.397069077 0.0250140105 -2.81018481e-08 4.20574137e-08 1
LGIC_C 214 0.459444909 -0.071287199 0.0250140038 -4.34088226e-08 8.63456802e-09 1
LGIC_C 215 -0.457284115 -0.0307791804 0.0250140034 4.34088238e-08 8.63459484e-09 1
LGIC_C 216 0.231526927 -0.176557285 0.0250139973 -3.05989503e-08 3.95603122e-08 1
LGIC_C 217 0.486219534 -0.407857486 0.0250140193 -3.37890406e-08 4.80634332e-08 1
LGIC_C 218 -0.268223822 0.392975586 0.0250140058 1.31306824e-08 -4.82586643e-08 1
LGIC_C 219 -0.20995401 -0.471250011 0.025014006 3.95603082e-08 3.05989652e-08 1
LGIC_C 220 -0.737551284 -0.353081103 0.0250140191 3.68002489e-08 2.45891179e-08 1
LGIC_C 221 0.680843783 -0.449289666 0.0250140193 -3.68002179e-08 2.45891393e-08 1
LGIC_C 222 -0.569121976 -0.155306801 0.025014007 -4.96100919e-08 2.90231703e-08 -1
LGIC_C 223 0.225249295 0.400847101 0.0250140076 -4.80634192e-08 -3.37890445e-08 1
LGIC_C 224 -0.394884049 0.0481859362 0.0250140014 4.96100851e-08 2.90231542e-08 1
LGIC_C 225 0.201446328 -0.643717734 0.0250140129 -8.63454093e-09 4.34088369e-08 1
LGIC_C 226 0.402418999 -0.221199913 0.0250140035 -3.68002179e-08 2.45891393e-08 1
LGIC_C 227 -0.173964398 0.524090973 0.0250140075 8.63455111e-09 -4.34088279e-08 1
LGIC_C 228 0.264282349 -0.322445192 0.0250140023 -1.31306721e-08 4.82586744e-08 1
LGIC_C 229 -0.50567599 -0.0861065919 0.025014006 4.34088238e-08 8.63459484e-09 1
LGIC_C 230 -0.659386579 -0.200373715 0.0250140065 -4.34088282e-08 2.70157287e-08 -1
LGIC_C 231 0.546150376 0.269804852 0.0250140147 3.37890593e-08 4.80634111e-08 -1
LGIC_C 232 -0.267925218 0.785745967 0.0250140197 8.63455111e-09 -4.34088279e-08 1
LGIC_C 233 0.298270503 0.232648998 0.0250140007 -4.82586616e-08 -1.31306776e-08 1
LGIC_C 234 -0.0805855779 -0.453512706 0.0250140036 8.63456455e-09 4.34088336e-08 1
LGIC_C 235 0.287575473 0.459387239 0.0250140107 -2.81018716e-08 -4.20573923e-08 1
LGIC_C 236 0.298494495 -0.0229811858 0.0250139968 -4.34088182e-08 2.48392526e-08 1
LGIC_C 237 0.663398776 -0.0200416138 0.0250140168 -4.96100802e-08 3.14742968e-08 1
LGIC_C 238 -0.154984459 0.0100149836 0.0250139917 5.7878425e-08 4.89846948e-08 1
LGIC_C 239 0.477196681 -0.299616465 0.0250140117 -4.20573976e-08 2.81018683e-08 1
LGIC_C 240 0.141682703 -0.151108814 0.0250139937 -1.28239349e-08 5.73353226e-08 1
LGIC_C 241 -0.0919029574 0.221596326 0.0250139952 2.8101852e-08 -4.20574041e-08 1
LGIC_C 242 0.648465133 -0.31818835 0.0250140204 -3.37890406e-08 4.80634332e-08 1
LGIC_C 243 -0.654993008 0.22218988 0.025014018 4.96100897e-08 -9.86805572e-09 1
LGIC_C 244 0.551292183 -0.166809224 0.0250140171 -5.78784275e-08 1.15127558e-08 1
LGIC_C 245 -0.496502236 -0.464182873 0.0250140163 1.45571809e-08 5.5602105e-08 1
LGIC_C 246 0.394375526 0.45110681 0.0250140096 -2.45891309e-08 -3.68002211e-08 1
LGIC_C 247 -0.496993585 0.615650827 0.0250140181 2.45891128e-08 -3.68002333e-08 1
LGIC_C 248 0.0897327631 -0.0820389376 0.0250139885 -3.68002179e-08 2.45891393e-08 1
LGIC_C 249 0.502053348 -0.00309366771 0.0250140082 -4.96100802e-08 3.14742968e-08 1
LGIC_C 250 0.229867426 0.515740334 0.0250140117 -4.80634192e-08 -3.37890445e-08 1
LGIC_C 251 0.042604323 0.674370535 0.0250140165 -6.33660387e-09 4.96100877e-08 -1
LGIC_C 252 0.151855307 0.572220076 0.0250140164 -3.14742949e-08 -4.96100822e-08 1
LGIC_C 253 0.492969564 0.332368821 0.0250140114 -4.82586616e-08 -1.31306776e-08 1
LGIC_C 254 -0.45993772 0.294254245 0.025014013 3.37890593e-08 -4.80634052e-08 1
LGIC_C 255 -0.773975802 -0.0787957621 0.0250140147 -4.34088282e-08 2.70157287e-08 -1
LGIC_C 256 -0.291521633 0.505807242 0.0250140091 2.45891128e-08 -3.68002333e-08 1
LGIC_C 257 0.292448055 0.303422972 0.0250140017 1.3130701e-08 4.82586573e-08 -1
LGIC_C 258 -0.289912971 0.562203548 0.0250140111 2.45891128e-08 -3.68002333e-08 1
LGIC_C 259 0.227807004 -0.326930432 0.0250140067 -3.27854948e-08 4.90669785e-08 1
LGIC_C 260 -0.0299399398 -0.624668644 0.0250140145 9.8680833e-09 4.96100963e-08 1
LGIC_C 261 0.0748669507 0.610398647 0.0250140104 -8.63455884e-09 -4.34088253e-08 1
LGIC_C 262 -0.340191376 0.33654965 0.025014007 4.20574045e-08 -2.81018523e-08 1
LGIC_C 263 -0.68854752 -0.246275121 0.0250140065 -4.34088282e-08 2.70157287e-08 -1
LGIC_C 264 0.455850181 -0.315079083 0.0250140078 -3.68002179e-08 2.45891393e-08 1
LGIC_C 265 0.213848064 0.0323962015 0.0250139942 -4.96100911e-08 -9.86803575e-09 1
LGIC_C 266 -0.139234528 -0.332589565 0.0250139989 3.95603082e-08 3.05989652e-08 1
LGIC_C 267 -0.280778706 -0.261335399 0.0250140019 1.45571809e-08 5.5602105e-08 1
LGIC_C 268 -0.0869978295 -0.520329115 0.0250140065 -2.90231482e-08 4.96101036e-08 1
LGIC_C 269 -0.0816031744 0.6678259 0.0250140159 -6.33661298e-09 -4.96100859e-08 1
LGIC_C 270 -0.0968629723 -0.13401956 0.0250139914 7.55636799e-08 6.2887973e-09 1
LGIC_C 271 -0.49520065 -0.443665566 0.0250140124 3.68002489e-08 2.45891179e-08 1
LGIC_C 272 -0.413231202 0.297337753 0.0250140071 -4.82586679e-08 1.31306769e-08 -1
LGIC_C 273 0.736797521 -0.20406997 0.0250140203 -4.34088182e-08 2.48392526e-08 1
LGIC_C 274 -0.348019704 0.357145053 0.025014005 2.45891128e-08 -3.68002333e-08 1
LGIC_C 275 0.043152331 -0.593026105 0.0250140124 6.33663526e-09 4.9610097e-08 1
LGIC_C 276 -0.136847719 -0.517982273 0.0250140049 -2.90231482e-08 4.96101036e-08 1
LGIC_C 277 0.667368256 -0.0952392142 0.0250140193 -4.96100802e-08 3.14742968e-08 1
LGIC_C 278 0.287845485 0.251111618 0.025014 -3.68002282e-08 -2.45891172e-08 1
LGIC_C 279 0.0658204053 -0.084332599 0.025013988 -2.45891087e-08 3.68002429e-08 1
LGIC_C 280 -0.28282293 -0.135612688 0.0250139949 1.45571809e-08 5.5602105e-08 1
LGIC_C 281 0.366559086 0.580637686 0.0250140205 -4.80634192e-08 -3.37890445e-08 1
LGIC_C 282 -0.242682608 -0.433612333 0.0250140061 3.95603082e-08 3.05989652e-08 1
LGIC_C 283 -0.246048534 -0.483101307 0.0250140049 7.55636799e-08 6.2887973e-09 1
LGIC_C 284 0.252366591 -0.791002157 0.0250140197 -8.63454093e-09 4.34088369e-08 1
LGIC_C 285 -0.275751826 0.489530482 0.0250140163 3.27854968e-08 -4.90669676e-08 1
LGIC_C 286 -0.528244675 0.0147113481 0.025014009 4.96100851e-08 2.90231542e-08 1
LGIC_C 287 -0.0682895718 -0.154479806 0.0250139906 2.45891453e-08 3.68002268e-08 1
LGIC_C 288 0.0222249431 -0.348627317 0.0250140004 6.33663526e-09 4.9610097e-08 1
LGIC_C 289 0.0291695955 0.0194641906 0.0250139848 -3.68002282e-08 -2.45891172e-08 1
LGIC_C 290 -0.365455387 -0.512815854 0.0250140151 2.81018674e-08 4.20574117e-08 1
LGIC_C 291 -0.526514095 0.455254086 0.0250140138 3.68002297e-08 -2.45891157e-08 1
LGIC_C 292 0.442593656 0.453267456 0.0250140148 -2.81018716e-08 -4.20573923e-08 1
LGIC_C 293 -0.675324579 -0.0614760305 0.025014015 -4.96100919e-08 2.90231703e-08 -1
LGIC_C 294 0.0630318671 -0.189209981 0.0250139949 -1.15127059e-08 5.78784511e-08 1
LGIC_C 295 -0.175924054 0.115308786 0.0250139931 6.28881943e-09 -7.55636452e-08 1
LGIC_C 296 0.500137239 0.285815762 0.0250140123 -4.20574004e-08 -2.81018564e-08 1
LGIC_C 297 0.0177084596 0.374863988 0.0250139997 -8.63455884e-09 -4.34088253e-08 1
LGIC_C 298 0.0831463991 -0.501370907 0.0250140089 -9.86804037e-09 4.96101e-08 1
LGIC_C 299 -0.0972251701 -0.316086371 0.0250139999 9.8680833e-09 4.96100963e-08 1
LGIC_C 300 0.427223601 -0.045511353 0.0250140029 -4.34088182e-08 2.48392526e-08 1
LGIC_C 301 0.0975968409 0.372260774 0.0250140003 -8.63455884e-09 -4.34088253e-08 1
LGIC_C 302 0.405745437 0.328946042 0.0250140096 -4.20574004e-08 -2.81018564e-08 1
LGIC_C 303 -0.0561281076 0.374417695 0.0250140024 9.86805557e-09 -4.96100883e-08 1
LGIC_C 304 -0.132182137 0.395892208 0.0250140021 -6.33661298e-09 -4.96100859e-08 1
LGIC_C 305 -0.42855337 0.222344484 0.0250140045 3.68002297e-08 -2.45891157e-08 1
LGIC_C 306 0.173414835 0.106482177 0.0250139942 3.37890593e-08 4.80634111e-08 -1
LGIC_C 307 -0.414665411 0.262531544 0.0250140067 -4.82586679e-08 1.31306769e-08 -1
LGIC_C 308 0.627600019 -0.266165754 0.0250140129 -3.68002179e-08 2.45891393e-08 1
LGIC_C 309 0.124801681 0.119211394 0.0250139908 -3.68002282e-08 -2.45891172e-08 1
LGIC_C 310 0.107577645 0.798620225 0.0250140189 -8.63455884e-09 -4.34088253e-08 1
LGIC_C 311 0.606522159 0.605961414 0.0250140205 1.3130701e-08 4.82586573e-08 -1
LGIC_C 312 0.291228192 0.198975202 0.0250140011 -4.20574004e-08 -2.81018564e-08 1
LGIC_C 313 0.684315447 0.360381246 0.0250140173 -3.68002282e-08 -2.45891172e-08 1
LGIC_C 314 -0.261442358 0.506985925 0.0250140084 2.45891128e-08 -3.68002333e-08 1
LGIC_C 315 -0.0980795881 0.0215503295 0.0250139883 4.96100897e-08 -9.86805572e-09 1
LGIC_C 316 -0.216800809 -0.203682393 0.025014 6.28883752e-09 7.55636663e-08 1
LGIC_C 317 -0.367463541 -0.216910311 0.0250140021 3.68002489e-08 2.45891179e-08 1
LGIC_C 318 -0.197822917 -0.348440151 0.0250139993 -5.56021111e-08 -1.45571543e-08 -1
LGIC_C 319 -0.503440315 -0.0612509276 0.0250140035 -4.34088282e-08 2.70157287e-08 -1
LGIC_C 320 0.431431184 0.576561556 0.0250140196 -2.81018716e-08 -4.20573923e-08 1
LGIC_C 321 0.591052616 -0.274985342 0.0250140164 -3.37890406e-08 4.80634332e-08 1
LGIC_C 322 0.523858108 0.244577201 0.0250140117 -4.82586616e-08 -1.31306776e-08 1
LGIC_C 323 -0.317217354 -0.672416702 0.0250140204 2.81018674e-08 4.20574117e-08 1
LGIC_C 324 0.0304862967 0.687454741 0.0250140172 -6.33660387e-09 4.96100877e-08 -1
LGIC_C 325 0.471190829 0.636696955 0.0250140183 -2.45891309e-08 -3.68002211e-08 1
LGIC_C 326 0.181085698 0.6526476 0.0250140145 -6.33660387e-09 4.96100877e-08 -1
LGIC_C 327 -0.300971172 -0.0259207972 0.0250139975 -4.96100919e-08 2.90231703e-08 -1
LGIC_C 328 -0.397625639 0.0172605677 0.025014001 4.34088279e-08 -2.48392273e-08 1
LGIC_C 329 0.580083034 -0.200286825 0.025014014 -4.96100859e-08 9.86807898e-09 1
LGIC_C 330 0.386032386 -0.0603180675 0.0250140043 -4.96100802e-08 3.14742968e-08 1
LGIC_C 331 0.231201665 -0.0899403388 0.0250139955 -4.34088182e-08 2.48392526e-08 1
LGIC_C 332 -0.0258516026 -0.371762742 0.0250140019 9.8680833e-09 4.96100963e-08 1
LGIC_C 333 0.474313394 0.185724046 0.0250140054 -4.34088272e-08 -8.63453573e-09 1
LGIC_C 334 0.230962963 0.812587014 0.0190687365 0.194186548 0.976240951 0.0961519121
LGIC_C 335 0.183945606 0.582035806 0.025014011 -6.33660387e-09 4.96100877e-08 -1
LGIC_C 336 -0.747074309 0.0190500995 0.0250140162 4.34088279e-08 -2.48392273e-08 1
LGIC_C 337 -0.0503322153 -0.0130990668 0.0250139856 5.7878436e-08 -4.89847332e-08 1
LGIC_C 338 -0.187766567 0.328980441 0.025014 2.45891128e-08 -3.68002333e-08 1
LGIC_C 339 0.162772542 -0.197115046 0.0250139949 -1.31306721e-08 4.82586744e-08 1
LGIC_C 340 -0.325981144 0.607117297 0.025014018 2.8101852e-08 -4.20574041e-08 1
LGIC_C 341 -0.0410248316 -0.719532567 0.0250140148 8.63456455e-09 4.34088336e-08 1
LGIC_C 342 -0.834379659 -0.00983528351 0.0250140192 -4.34088282e-08 2.70157287e-08 -1
LGIC_C 343 0.275285671 0.476962431 0.0250140099 1.3130701e-08 4.82586573e-08 -1
LGIC_C 344 -0.148254015 0.00418181301 0.0250139916 5.7878425e-08 4.89846948e-08 1
LGIC_C 345 -0.113516447 -0.159126784 0.0250139929 7.55636799e-08 6.2887973e-09 1
LGIC_C 346 0.341256141 0.320063222 0.0250140037 -3.68002282e-08 -2.45891172e-08 1
LGIC_C 347 0.479664339 -0.168230736 0.0250140087 -4.96100859e-08 9.86807898e-09 1
LGIC_C 348 -0.152680883 -0.595171492 0.0250140143 9.8680833e-09 4.96100963e-08 1
LGIC_C 349 -0.185117813 -0.532182749 0.0250140043 -2.90231482e-08 4.96101036e-08 1
LGIC_C 350 -0.237951335 0.356403477 0.0250140022 2.45891128e-08 -3.68002333e-08 1
LGIC_C 351 -0.0984143983 0.0925939152 0.0250139911 3.37890593e-08 -4.80634052e-08 1
LGIC_C 352 -0.19768723 -0.302430728 0.0250140003 3.95603082e-08 3.05989652e-08 1
LGIC_C 353 -0.342898134 0.154135279 0.025014002 4.20574045e-08 -2.81018523e-08 1
LGIC_C 354 0.135331237 0.190138862 0.0250139951 -2.81018716e-08 -4.20573923e-08 1
LGIC_C 355 0.0990500556 -0.563040143 0.0250140148 1.00935263e-08 5.7878447e-08 1
LGIC_C 356 0.117655735 0.693147834 0.0250140144 -8.63455884e-09 -4.34088253e-08 1
LGIC_C 357 0.746847136 0.157968249 0.0250140193 -4.96100869e-08 6.3366408e-09 1
LGIC_C 358 0.0678625061 -0.0119993956 0.0250139867 -4.96100859e-08 9.86807898e-09 1
LGIC_C 359 -0.254238991 0.210964294 0.0250140008 6.28881943e-09 -7.55636452e-08 1
LGIC_C 360 -0.495626068 0.444785951 0.0250140124 3.68002297e-08 -2.45891157e-08 1
LGIC_C 361 0.600353106 -0.177196076 0.0250140148 -4.96100859e-08 9.86807898e-09 1
LGIC_C 362 -0.446365007 -0.104253759 0.0250140024 -4.96100919e-08 2.90231703e-08 -1
LGIC_C 363 -0.349573802 0.459074471 0.02501401 1.31306824e-08 -4.82586643e-08 1
LGIC_C 364 0.0768795045 0.161540366 0.0250139937 -3.27855134e-08 -4.90669575e-08 1
LGIC_C 365 0.608842791 -0.308067567 0.0250140175 -4.20573976e-08 2.81018683e-08 1
LGIC_C 366 -0.333479854 -0.698043316 0.0250140178 3.95603082e-08 3.05989652e-08 1
LGIC_C 367 0.414705021 -0.130501896 0.0250140045 -4.34088182e-08 2.48392526e-08 1
LGIC_C 368 -0.114756483 -0.292276551 0.0250139988 2.48392553e-08 4.34088306e-08 1
LGIC_C 369 -0.107226546 -0.601267072 0.0250140099 -2.90231482e-08 4.96101036e-08 1
LGIC_C 370 -0.377887065 -0.564770557 0.0250140133 2.45891453e-08 3.68002268e-08 1
LGIC_C 371 0.212205736 0.0787086221 0.0250139931 -4.34088272e-08 -8.63453573e-09 1
LGIC_C 372 -0.0778235257 0.44700448 0.0250140033 8.63455111e-09 -4.34088279e-08 1
LGIC_C 373 -0.607401901 0.521079191 0.0250140184 3.68002297e-08 -2.45891157e-08 1
LGIC_C 374 0.0676253909 -0.202670611 0.0250139929 6.33663526e-09 4.9610097e-08 1
LGIC_C 375 0.153032517 -0.623786315 0.0250140178 1.00935263e-08 5.7878447e-08 1
LGIC_C 376 0.393910374 0.380689496 0.0250140105 -4.20574004e-08 -2.81018564e-08 1
LGIC_C 377 0.324907598 0.146695895 0.0250139988 -3.68002282e-08 -2.45891172e-08 1
LGIC_C 378 -0.617227705 0.0926829197 0.0250140112 4.96100851e-08 2.90231542e-08 1
LGIC_C 379 -0.0217098788 -0.479532079 0.0250140072 9.8680833e-09 4.96100963e-08 1
LGIC_C 380 0.0831806004 0.631587261 0.0250140154 -9.86806672e-09 -4.96100854e-08 1
LGIC_C 381 0.0030793012 0.647514137 0.0250140154 -6.33660387e-09 4.96100877e-08 -1
LGIC_C 382 0.564665571 -0.290194081 0.0250140163 -3.37890406e-08 4.80634332e-08 1
LGIC_C 383 0.332312785 -0.494280164 0.0250140184 -3.27854948e-08 4.90669785e-08 1
LGIC_C 384 -0.455903003 -0.400140056 0.0250140163 6.28883752e-09 7.55636663e-08 1
LGIC_C 385 0.603198413 0.0618185755 0.0250140189 -5.78784335e-08 -1.15127284e-08 1
LGIC_C 386 0.51036136 -0.457227844 0.0250140133 -3.68002179e-08 2.45891393e-08 1
LGIC_C 387 0.542220106 -0.253571354 0.0250140137 -3.37890406e-08 4.80634332e-08 1
LGIC_C 388 -0.000426022111 0.453705459 0.0250140058 -3.14742797e-08 4.96100914e-08 -1
LGIC_C 389 0.359675005 -0.371403389 0.0250140132 -3.27854948e-08 4.90669785e-08 1
LGIC_C 390 0.551280701 0.0354716611 0.0250140104 -4.96100869e-08 6.3366408e-09 1
LGIC_C 391 -0.195564872 0.087413305 0.0250139941 3.37890593e-08 -4.80634052e-08 1
LGIC_C 392 -0.190172179 -0.571418089 0.0250140061 -2.90231482e-08 4.96101036e-08 1
LGIC_C 393 -0.0115683931 -0.312857689 0.0250139969 8.63456455e-09 4.34088336e-08 1
LGIC_C 394 0.428781568 0.665780879 0.0250140183 -2.45891309e-08 -3.68002211e-08 1
LGIC_C 395 0.340216378 0.427442506 0.0250140084 1.3130701e-08 4.82586573e-08 -1
LGIC_C 396 0.272560436 0.429057688 0.0250140075 1.3130701e-08 4.82586573e-08 -1
LGIC_C 397 -0.675377906 0.249067593 0.0250140147 4.34088259e-08 -8.63455061e-09 1
LGIC_C 398 -0.5797038 0.245335669 0.0250140147 3.37890593e-08 -4.80634052e-08 1
LGIC_C 399 0.614374459 -0.149959916 0.0250140184 -4.96100802e-08 3.14742968e-08 1
