VGCC_O 7 -0.137449801 0.00579357966 0.0466933342 -1.62059625e-06 3.22356338e-07 -1
VGCC_O 8 -0.134706799 0.0161271258 0.0466933331 -1.62059677e-06 3.22356891e-07 -1
VGCC_O 2 0.119933892 -0.04777957 0.0466929781 -1.41802115e-06 2.82063236e-07 -1
VGCC_O 6 -0.12622171 0.0241576588 0.046693322 -1.62059677e-06 3.22356891e-07 -1
VGCC_O 5 0.113746944 -0.0200409323 0.0466929896 -1.01287282e-06 -1.51427976e-07 -1
CaBS 10 0.0992038257 -0.0340507517 0.0733063644 -0.321328743 -0.750213836 0.577864204
CaBS 11 0.103916117 -0.0376862319 0.0685472663 0.344822999 -0.867728964 -0.357971429
CaBS 13 0.0997838331 -0.00449819828 0.0665818663 -0.346545998 0.867982935 -0.355684546
CaBS 14 0.104862513 -0.00186643646 0.0680560044 -0.346545998 0.867982935 -0.355684546
CaBS 15 0.122296252 -0.0237611501 0.0653365422 0.748611785 -0.322508546 -0.579282861
CaBS 16 0.121215566 -0.0216743542 0.0766680277 0.751399702 -0.322919474 0.575431578
CaBS 17 0.109593071 -0.0326852982 0.0776051522 0.34654604 -0.867983022 0.355684293
CaBS 18 0.0907798996 -0.0229196221 0.0710277309 -0.999896295 -0.0141984568 0.00240892729
CaBS 19 0.102288494 -0.0314842636 0.0783535838 -0.321328743 -0.750213836 0.577864204
CaBS 20 0.122440043 -0.0140576806 0.0696626848 0.999896301 0.01419805 -0.0024089266
CaBS 21 0.106931871 -0.014654037 0.0534349517 0.329239702 0.132369043 -0.934922272
CaBS 22 0.115677662 -0.0231068644 0.0830955407 0.751399702 -0.322919474 0.575431578
CaBS 23 0.0955271723 -0.00497740964 0.0699747283 -0.344822968 0.867728907 0.357971598
CaBS 24 0.102385659 -0.00672845905 0.0808258683 -0.344822968 0.867728907 0.357971598
CaBS 25 -0.0980216414 -0.00436588032 0.071179997 0.346545964 -0.867983059 0.355684276
CaBS 29 -0.110552509 0.0227861698 0.0602825714 -0.34654601 0.867982945 -0.355684509
CaBS 38 -0.099578917 0.0249124584 0.0621393516 0.3213287 0.750213891 -0.577864158
CaBS_Ca 56 0.122443367 -0.0155358054 0.0623306567 0.999896301 0.01419805 -0.0024089266
CaBS_Ca 57 -0.11662099 0.00976663115 0.0808734957 -0.748611709 0.322508237 0.579283131
Ca 8 0.605203342 0.184696739 0.535156513 0 0 0
Ca 4 -0.214746032 -0.112333537 0.276841349 0 0 0
Ca 4 0.112589647 -0.551781287 0.287270876 0 0 0
Ca 1 -0.204232996 0.501905219 0.386883778 0 0 0
Ca 7 0.183680676 -0.141601871 0.267711045 0 0 0
Ca 7 -0.629016204 0.16573131 0.336984135 0 0 0
Ca 3 0.395780084 -0.192701896 0.346670435 0 0 0
Ca 6 0.218222564 0.216630398 0.474133032 0 0 0
Ca 6 -0.118579758 -0.0390922888 0.436852499 0 0 0
Ca 8 -0.52848948 0.203628123 0.384974675 0 0 0
Ca 7 -0.607680034 0.127045142 0.104167981 0 0 0
Ca 7 -0.3843493 0.16908578 0.661185032 0 0 0
Ca 6 0.476019211 -0.627588405 0.112109755 0 0 0
Ca 1 -0.313212458 0.00115494994 0.400993229 0 0 0
Ca 8 0.337138285 0.151465859 0.680638113 0 0 0
Ca 6 -0.150535179 0.253143908 0.778647895 0 0 0
Ca 1 0.149304427 -0.151605601 0.40887996 0 0 0
Ca 8 0.155200204 0.168708056 0.634982943 0 0 0
Ca 4 -0.194643283 -0.0862667615 0.657466907 0 0 0
Ca 8 0.186453765 -0.156615426 0.603789817 0 0 0
Ca 6 0.194502407 0.295740516 0.290436324 0 0 0
Ca 1 0.00285024437 -0.00488127898 0.60259184 0 0 0
Ca 1 -0.382122375 0.140333466 0.92205991 0 0 0
Ca 4 -0.0197805271 0.327965029 0.528059153 0 0 0
Ca 7 -0.448163031 0.321731611 0.130673176 0 0 0
Ca 7 0.0450339318 0.183220278 0.581830251 0 0 0
Ca 1 0.587301227 0.280410514 0.284780007 0 0 0
Ca 6 -0.418132286 0.141621997 0.556145951 0 0 0
Ca 4 -0.484434103 -0.238564457 0.38506429 0 0 0
Ca 6 -0.281183867 0.160557884 0.614354454 0 0 0
Ca 6 -0.551549767 -0.14266981 0.282241647 0 0 0
Ca 4 -0.0643673582 0.119172614 0.654906095 0 0 0
Ca 8 0.283257253 0.262504165 0.0551664729 0 0 0
Ca 8 -0.31048738 0.142119714 0.202156523 0 0 0
Ca 6 -0.730996546 -0.000295221928 0.209604375 0 0 0
Ca 7 0.411360477 0.464931858 0.178485355 0 0 0
Ca 1 -0.117221756 -0.500167458 0.223140326 0 0 0
Ca 7 -0.828071392 0.141978525 0.357855278 0 0 0
Ca 6 -0.461114326 -0.337788697 0.381264846 0 0 0
Ca 6 -0.366647706 -0.459954464 0.375494374 0 0 0
Ca 6 0.350401283 0.27815328 0.228052698 0 0 0
Ca 6 0.244316935 0.180613711 0.095175484 0 0 0
Ca 8 0.0970686692 0.159179506 0.19622778 0 0 0
Ca 6 0.0060714915 0.311491713 0.283857262 0 0 0
Ca 6 -0.586165131 0.367358584 0.0581642434 0 0 0
Ca 7 -0.344889579 0.124558145 0.146086425 0 0 0
Ca 7 -0.427993011 -0.17560287 0.213146396 0 0 0
Ca 1 -0.064782904 -0.604173192 0.406142544 0 0 0
Ca 7 -0.0597714442 0.145333327 0.50328713 0 0 0
Ca 4 -0.295462281 0.310032244 0.411612321 0 0 0
Ca 8 -0.399883078 0.127111558 0.404580924 0 0 0
Ca 7 -0.664276826 -0.0944705882 0.389370157 0 0 0
Ca 4 0.264100634 0.209978756 0.298028979 0 0 0
Ca 6 0.102328477 -0.199815302 0.642454787 0 0 0
Ca 1 -0.0900144214 0.260432433 0.176137082 0 0 0
Ca 8 -0.413228592 0.149532116 0.712099752 0 0 0
Ca 1 0.228981017 0.106858087 0.212790254 0 0 0
Ca 1 -0.258811726 -0.139148353 0.305588603 0 0 0
Ca 1 0.0802368074 0.0831694687 0.451895302 0 0 0
Ca 1 -0.256927443 -0.10887026 0.321728343 0 0 0
Ca 4 0.263056118 -0.0139392037 0.393470425 0 0 0
Ca 1 -0.406969365 0.19651234 0.170521614 0 0 0
Ca 8 -0.251710091 -0.335635588 0.637764846 0 0 0
Ca 6 0.0899839393 0.0820651172 0.153887723 0 0 0
Ca 6 -0.0378686826 0.37256918 0.424299688 0 0 0
Ca 7 -0.390592834 0.0981237154 0.153136692 0 0 0
Ca 1 -0.151939784 0.321731066 0.239548464 0 0 0
Ca 4 0.322998775 0.352434306 0.133907836 0 0 0
Ca 6 -0.104566484 0.216785487 0.484537414 0 0 0
Ca 1 -0.237483733 0.1730612 0.122565517 0 0 0
Ca 6 0.0768725419 0.221544818 0.288942713 0 0 0
Ca 8 -0.188976728 0.100830812 0.210302359 0 0 0
Ca 1 -0.00669284575 0.233870819 0.234841195 0 0 0
Ca 1 -0.293870933 0.0199844386 0.13374423 0 0 0
Ca 8 -0.0961203475 0.28598709 0.06020951 0 0 0
Ca 6 -0.0836826316 0.188937955 0.120498198 0 0 0
Ca 1 0.0314581657 -0.0407546302 0.114056153 0 0 0
Ca 8 -0.288368797 0.104262593 0.140602853 0 0 0
Ca 6 -0.227505512 0.0414306478 0.0742826376 0 0 0
Ca 7 -0.0806508687 0.00782721702 0.133425389 0 0 0
Ca 4 -0.262940462 0.19483303 0.235743684 0 0 0
Ca 1 -0.143851154 -0.0473093825 0.140501205 0 0 0
Ca 1 -0.25434195 -0.0389745222 0.264731783 0 0 0
Ca 4 -0.0595181913 0.0152367286 0.059808031 0 0 0
Ca 7 -0.189964805 0.0229809591 0.0863352821 0 0 0
Ca 8 -0.190065745 0.159847633 0.0922594713 0 0 0
Ca 6 -0.130478676 0.054642801 0.0482094902 0 0 0
VGCC_O 4 -0.108229728 0.00324736392 0.0466932869 -8.10297798e-07 1.61178104e-07 -1
VGCC_O 0 0.11238887 -0.0311459409 0.0466929927 -1.01287282e-06 -1.51427976e-07 -1
VGCC_O 1 -0.126159285 0.0151063295 0.0466933189 -1.62059625e-06 3.22356338e-07 -1
VGCC_O 9 0.0953603447 -0.018533153 0.0466930096 -1.14792244e-06 -1.24564753e-07 -1
VGCC_O 3 0.0772568984 -0.00428239309 0.046693036 -1.41802159e-06 2.82063681e-07 -1
TAG 41 -0.105784995 0.0105052503 0.0536665039 -0.333750681 -0.131703993 -0.933415524
TAG 63 -0.104896891 0.0149528875 0.0527352849 0.329239713 0.132369034 -0.93492227
TAG 62 -0.0995730683 0.0302300905 0.0690462359 0.3213287 0.750213891 -0.577864158
TAG 59 -0.100018848 -0.00188752594 0.0603333581 0.344822933 -0.867729023 -0.35797135
TAG 55 -0.119337383 0.0151637023 0.0699872324 -0.999896295 -0.0141984574 0.00240892698
TAG 54 -0.104785227 0.0261860029 0.076486355 -0.344822968 0.867728888 0.357971643
TAG 53 -0.089146311 -0.000197085518 0.0670554248 0.74861179 -0.322508554 -0.579282851
TAG 52 -0.119278263 0.0119799944 0.0757618237 -0.999896295 -0.0141984574 0.00240892698
TAG 51 -0.102448777 0.00747370566 0.0865367572 -0.329239868 -0.132369105 0.934922205
TAG 45 -0.113699624 0.0170707545 0.0588716642 -0.751399624 0.322919173 -0.575431849
TAG 44 -0.11923843 0.00668793202 0.0611035411 -0.999896295 -0.0141984574 0.00240892698
LGIC_C 0 0.530584947 0.220075589 0.0250140118 3.37890593e-08 4.80634111e-08 -1
LGIC_C 1 -0.355408433 0.0465161112 0.0250139991 4.34088259e-08 -8.63455061e-09 1
LGIC_C 2 -0.538632499 0.0817211885 0.0250140108 4.96100897e-08 -9.86805572e-09 1
LGIC_C 3 0.239043892 -0.665977647 0.0250140186 -9.86804037e-09 4.96101e-08 1
LGIC_C 4 -0.415691354 -0.233935229 0.0250140035 6.28883752e-09 7.55636663e-08 1
LGIC_C 5 0.050178729 -0.527515871 0.0250140133 1.00935263e-08 5.7878447e-08 1
LGIC_C 6 -0.3183072 0.474257138 0.0250140145 1.28239438e-08 -5.73353116e-08 1
LGIC_C 7 -0.686128715 0.436340196 0.0250140192 3.68002297e-08 -2.45891157e-08 1
LGIC_C 8 -0.217099041 0.28170478 0.025013999 2.45891128e-08 -3.68002333e-08 1
LGIC_C 9 -0.443206459 -0.279647645 0.0250140071 6.28883752e-09 7.55636663e-08 1
LGIC_C 10 -0.429896107 -0.615493781 0.0250140191 3.95603082e-08 3.05989652e-08 1
LGIC_C 11 0.145512573 0.558951605 0.0250140101 -6.33660387e-09 4.96100877e-08 -1
LGIC_C 12 0.366247829 0.156131646 0.0250140063 -4.90669739e-08 -3.27854893e-08 1
LGIC_C 13 0.721369779 -0.0965120926 0.02501402 -4.96100859e-08 9.86807898e-09 1
LGIC_C 14 0.65314313 0.261232017 0.025014014 -4.96100869e-08 6.3366408e-09 1
LGIC_C 15 -0.439843149 -0.308827082 0.0250140056 5.39043203e-09 6.47688584e-08 1
LGIC_C 16 0.638107003 -0.164062943 0.0250140165 -4.96100859e-08 9.86807898e-09 1
LGIC_C 17 -0.537320021 0.335650653 0.0250140136 -4.82586679e-08 1.31306769e-08 -1
LGIC_C 18 0.30120016 -0.450328273 0.0250140106 -2.81018481e-08 4.20574137e-08 1
LGIC_C 19 -0.311803318 0.275452634 0.0250140071 3.37890593e-08 -4.80634052e-08 1
LGIC_C 20 0.121959909 -0.420401815 0.025014009 -1.15127059e-08 5.78784511e-08 1
LGIC_C 21 -0.0312053381 -0.186479778 0.0250139916 -2.90231482e-08 4.96101036e-08 1
LGIC_C 22 0.156496521 0.621078301 0.0250140156 -9.86806672e-09 -4.96100854e-08 1
LGIC_C 23 -0.432633354 0.417860085 0.0250140095 3.68002297e-08 -2.45891157e-08 1
LGIC_C 24 0.123350307 0.447199388 0.0250140067 -9.86806672e-09 -4.96100854e-08 1
LGIC_C 25 0.367961553 0.00134330166 0.0250139992 -4.34088272e-08 -8.63453573e-09 1
LGIC_C 26 -0.044239956 0.256642532 0.0250139986 1.15127271e-08 -5.78784352e-08 1
LGIC_C 27 -0.263976886 0.529255832 0.0250140179 3.27854968e-08 -4.90669676e-08 1
LGIC_C 28 0.692982559 0.0906214671 0.0250140141 -4.34088272e-08 -8.63453573e-09 1
LGIC_C 29 -0.601819404 -0.132109582 0.0250140116 5.7878436e-08 -4.89847332e-08 1
LGIC_C 30 0.642750644 0.118512308 0.0250140144 -4.96100869e-08 6.3366408e-09 1
LGIC_C 31 -0.388894796 -0.416601443 0.0250140114 3.95603082e-08 3.05989652e-08 1
LGIC_C 32 0.0662524385 0.0812786067 0.0250139885 -2.81018716e-08 -4.20573923e-08 1
LGIC_C 33 -0.017797135 0.624036321 0.0250140105 8.63455111e-09 -4.34088279e-08 1
LGIC_C 34 0.234256129 -0.489975353 0.0250140149 -3.27854948e-08 4.90669785e-08 1
LGIC_C 35 -0.160582505 -0.536536941 0.0250140052 -2.90231482e-08 4.96101036e-08 1
LGIC_C 36 0.537129854 -0.589703158 0.0250140181 -2.45891087e-08 3.68002429e-08 1
LGIC_C 37 0.117698236 0.782921422 0.0250140183 -8.63455884e-09 -4.34088253e-08 1
LGIC_C 38 0.73712661 -0.30723113 0.0250140179 -3.05989503e-08 3.95603122e-08 1
LGIC_C 39 0.711210241 0.330813902 0.0250140176 -3.68002282e-08 -2.45891172e-08 1
LGIC_C 40 -0.677451974 0.044677572 0.0250140138 4.34088279e-08 -2.48392273e-08 1
LGIC_C 41 -0.50020232 0.624402601 0.0250140185 2.45891128e-08 -3.68002333e-08 1
LGIC_C 42 -0.252989211 -0.672862641 0.0250140146 8.63456455e-09 4.34088336e-08 1
LGIC_C 43 -0.583205075 -0.517018014 0.0250140157 1.15916899e-08 4.97976879e-08 1
LGIC_C 44 0.345076961 0.553678502 0.0250140145 1.3130701e-08 4.82586573e-08 -1
LGIC_C 45 -0.00843890016 -0.239169739 0.0250139938 2.48392553e-08 4.34088306e-08 1
LGIC_C 46 -0.201672899 -0.185394001 0.0250139963 5.39043203e-09 6.47688584e-08 1
LGIC_C 47 0.504062605 -0.199795699 0.0250140147 -5.78784275e-08 1.15127558e-08 1
LGIC_C 48 -0.0624524797 -0.391140847 0.0250140008 8.63456455e-09 4.34088336e-08 1
LGIC_C 49 -0.490189034 -0.167032956 0.025014006 4.34088238e-08 8.63459484e-09 1
LGIC_C 50 0.236537967 -0.314433526 0.0250140064 -3.27854948e-08 4.90669785e-08 1
LGIC_C 51 -0.563144526 -0.0200743674 0.0250140072 -4.34088282e-08 2.70157287e-08 -1
LGIC_C 52 0.666271802 -0.175017874 0.0250140165 -4.34088182e-08 2.48392526e-08 1
LGIC_C 53 0.317913081 -0.0804885438 0.025013999 -4.34088182e-08 2.48392526e-08 1
LGIC_C 54 -0.0350675001 -0.221446181 0.0250139943 -4.89847109e-08 5.78784581e-08 1
LGIC_C 55 0.423070446 0.490780968 0.0250140117 -2.45891309e-08 -3.68002211e-08 1
LGIC_C 56 -0.119254415 -0.224549333 0.0250139932 -5.56021111e-08 -1.45571543e-08 -1
LGIC_C 57 -0.0659861122 0.421960535 0.0250140063 -3.14742797e-08 4.96100914e-08 -1
LGIC_C 58 0.434357095 -0.0788920274 0.025014004 -4.34088182e-08 2.48392526e-08 1
LGIC_C 59 -0.418183287 -0.197643544 0.0250140003 1.45571809e-08 5.5602105e-08 1
LGIC_C 60 0.109616853 0.529956609 0.025014013 -3.14742949e-08 -4.96100822e-08 1
LGIC_C 61 -0.386103265 0.351177924 0.0250140094 4.20574045e-08 -2.81018523e-08 1
LGIC_C 62 -0.0414529508 0.416077291 0.0250140052 -3.14742797e-08 4.96100914e-08 -1
LGIC_C 63 0.201515459 -0.0513167282 0.0250139937 -4.96100859e-08 9.86807898e-09 1
LGIC_C 64 -0.233966902 0.0150667763 0.0250139961 5.7878425e-08 4.89846948e-08 1
LGIC_C 65 0.0248089477 0.318781723 0.0250139993 -9.86806672e-09 -4.96100854e-08 1
LGIC_C 66 -0.278210448 -0.323848441 0.025014002 2.45891453e-08 3.68002268e-08 1
LGIC_C 67 -0.462775804 0.435283421 0.0250140191 6.28881943e-09 -7.55636452e-08 1
LGIC_C 68 -0.646928967 -0.105555183 0.0250140085 -4.34088282e-08 2.70157287e-08 -1
LGIC_C 69 -0.698744186 -0.378683464 0.0250140183 3.68002489e-08 2.45891179e-08 1
LGIC_C 70 -0.0124528834 0.383744631 0.025014 8.63455111e-09 -4.34088279e-08 1
LGIC_C 71 0.550018892 0.132102704 0.0250140166 -5.78784335e-08 -1.15127284e-08 1
LGIC_C 72 0.1413222 0.371352338 0.0250140006 -8.63455884e-09 -4.34088253e-08 1
LGIC_C 73 -0.014732845 0.00678927623 0.025013984 3.68002297e-08 -2.45891157e-08 1
LGIC_C 74 0.517876494 0.516601324 0.025014015 -4.82586616e-08 -1.31306776e-08 1
LGIC_C 75 0.510812964 -0.589638392 0.0250140175 -2.45891087e-08 3.68002429e-08 1
LGIC_C 76 -0.690046233 0.0771652063 0.0250140153 4.96100851e-08 2.90231542e-08 1
LGIC_C 77 0.329766325 -0.22550415 0.0250140022 -3.05989503e-08 3.95603122e-08 1
LGIC_C 78 0.246886298 0.391118786 0.0250140105 -3.27855134e-08 -4.90669575e-08 1
LGIC_C 79 -0.582630961 -0.266905068 0.0250140033 1.15916899e-08 4.97976879e-08 1
LGIC_C 80 0.697228541 -0.0435889918 0.0250140139 -4.34088226e-08 8.63456802e-09 1
LGIC_C 81 0.0570040626 0.688807853 0.0250140171 -6.33660387e-09 4.96100877e-08 -1
LGIC_C 82 0.507959096 -0.309282687 0.025014011 -3.05989503e-08 3.95603122e-08 1
LGIC_C 83 -0.359751909 0.273361273 0.0250140042 -4.82586679e-08 1.31306769e-08 -1
LGIC_C 84 0.218634794 0.512795002 0.025014011 -2.81018716e-08 -4.20573923e-08 1
LGIC_C 85 -0.0735979034 0.14700772 0.0250139926 1.28239438e-08 -5.73353116e-08 1
LGIC_C 86 0.563305867 -0.342784645 0.0250140187 -3.37890406e-08 4.80634332e-08 1
LGIC_C 87 -0.316965221 -0.235932796 0.025014001 1.45571809e-08 5.5602105e-08 1
LGIC_C 88 -0.60763702 -0.513482112 0.0250140159 1.15916899e-08 4.97976879e-08 1
LGIC_C 89 0.243798884 -0.497757492 0.0250140105 -1.31306721e-08 4.82586744e-08 1
LGIC_C 90 -0.360887517 -0.325093347 0.0250140066 1.45571809e-08 5.5602105e-08 1
LGIC_C 91 0.138999254 0.804608938 0.0250140194 -8.63455884e-09 -4.34088253e-08 1
LGIC_C 92 0.227383155 -0.699556712 0.0250140165 6.33663526e-09 4.9610097e-08 1
LGIC_C 93 -0.078834388 0.570553068 0.0250140111 -6.33661298e-09 -4.96100859e-08 1
LGIC_C 94 0.164399953 -0.0407312623 0.0250139927 -4.96100802e-08 3.14742968e-08 1
LGIC_C 95 -0.32243858 -0.405209167 0.0250140071 -5.56021111e-08 -1.45571543e-08 -1
LGIC_C 96 0.325427396 -0.0223861302 0.0250139996 -4.96100859e-08 9.86807898e-09 1
LGIC_C 97 -0.411455021 0.0469406627 0.0250140023 4.96100851e-08 2.90231542e-08 1
LGIC_C 98 -0.345203633 -0.570848833 0.0250140144 3.95603082e-08 3.05989652e-08 1
LGIC_C 99 0.237822122 -0.0673076242 0.0250139971 -4.96100802e-08 3.14742968e-08 1
LGIC_C 100 -0.334543022 -0.502268841 0.02501401 2.45891453e-08 3.68002268e-08 1
LGIC_C 101 -0.395085183 -0.000278738411 0.0250140029 4.96100897e-08 -9.86805572e-09 1
LGIC_C 102 -0.33522704 0.435672898 0.0250140126 1.28239438e-08 -5.73353116e-08 1
LGIC_C 103 -0.454783989 -0.0345397349 0.0250140033 4.34088238e-08 8.63459484e-09 1
LGIC_C 104 0.582087027 -0.234854976 0.0250140144 -4.96100859e-08 9.86807898e-09 1
LGIC_C 105 -0.30981136 0.0964085317 0.0250139991 4.34088279e-08 -2.48392273e-08 1
LGIC_C 106 -0.298805868 0.790737692 0.0250140202 8.63455111e-09 -4.34088279e-08 1
LGIC_C 107 -0.73356093 -0.251704225 0.0250140173 4.34088238e-08 8.63459484e-09 1
LGIC_C 108 -0.0409880585 -0.511549206 0.0250140065 2.48392553e-08 4.34088306e-08 1
LGIC_C 109 0.185537547 0.0949853431 0.0250139934 -4.82586616e-08 -1.31306776e-08 1
LGIC_C 110 -0.176737369 -0.718137095 0.0250140159 8.63456455e-09 4.34088336e-08 1
LGIC_C 111 -0.513072109 -0.147830277 0.0250140044 -4.96100919e-08 2.90231703e-08 -1
LGIC_C 112 0.727162579 -0.014595048 0.0250140198 -4.96100802e-08 3.14742968e-08 1
LGIC_C 113 -0.0198065873 -0.707320795 0.0250140144 2.48392553e-08 4.34088306e-08 1
LGIC_C 114 -0.364839616 0.39465398 0.0250140106 1.28239438e-08 -5.73353116e-08 1
LGIC_C 115 0.514138553 -0.372560349 0.0250140137 -3.05989503e-08 3.95603122e-08 1
LGIC_C 116 0.182887776 -0.451272373 0.0250140075 1.00935263e-08 5.7878447e-08 1
LGIC_C 117 -0.194609497 -0.0265070552 0.0250139922 -4.96100919e-08 2.90231703e-08 -1
LGIC_C 118 -0.320300277 -0.324422874 0.0250140059 3.95603082e-08 3.05989652e-08 1
LGIC_C 119 0.0965819039 0.41016097 0.0250140046 -9.86806672e-09 -4.96100854e-08 1
LGIC_C 120 0.0123046291 0.463913601 0.0250140064 -9.86806672e-09 -4.96100854e-08 1
LGIC_C 121 -0.435058173 -0.403105231 0.0250140084 1.15916899e-08 4.97976879e-08 1
LGIC_C 122 0.621028328 -0.350885341 0.0250140147 -3.68002179e-08 2.45891393e-08 1
LGIC_C 123 0.364561701 -0.280741195 0.0250140103 -4.90669481e-08 3.27855328e-08 1
LGIC_C 124 0.506772795 -0.428020534 0.0250140124 -3.68002179e-08 2.45891393e-08 1
LGIC_C 125 0.120893566 -0.157721639 0.0250139924 -1.31306721e-08 4.82586744e-08 1
LGIC_C 126 0.636295646 -0.333361541 0.0250140159 -3.05989503e-08 3.95603122e-08 1
LGIC_C 127 0.229934613 -0.309942146 0.0250140012 -1.31306721e-08 4.82586744e-08 1
LGIC_C 128 0.231953152 -0.367434822 0.0250140025 -2.45891087e-08 3.68002429e-08 1
LGIC_C 129 0.464680971 -0.0980733623 0.0250140043 -4.34088226e-08 8.63456802e-09 1
LGIC_C 130 -0.619087334 0.195678615 0.0250140118 4.34088259e-08 -8.63455061e-09 1
LGIC_C 131 0.416354396 0.252969864 0.0250140067 -4.82586616e-08 -1.31306776e-08 1
LGIC_C 132 -0.243294059 0.0895376383 0.0250139929 5.7878425e-08 4.89846948e-08 1
LGIC_C 133 -0.612898703 -0.0293399339 0.0250140101 4.34088238e-08 8.63459484e-09 1
LGIC_C 134 0.295343581 -0.664090318 0.0250140149 -2.45891087e-08 3.68002429e-08 1
LGIC_C 135 -0.306529375 -0.261589613 0.0250140049 6.28883752e-09 7.55636663e-08 1
LGIC_C 136 0.417277878 -0.26955144 0.0250140052 -3.68002179e-08 2.45891393e-08 1
LGIC_C 137 0.364138339 -0.301819922 0.0250140063 -3.05989503e-08 3.95603122e-08 1
LGIC_C 138 -0.699830015 -0.204985587 0.0250140094 4.96100935e-08 -4.19869172e-08 1
LGIC_C 139 0.130658094 -0.00373782959 0.0250139898 -4.96100802e-08 3.14742968e-08 1
LGIC_C 140 0.452531059 0.579774018 0.0250140157 -2.45891309e-08 -3.68002211e-08 1
LGIC_C 141 0.491646014 0.102085312 0.0250140055 -4.34088272e-08 -8.63453573e-09 1
LGIC_C 142 -0.459679758 -0.55144168 0.0250140183 3.95603082e-08 3.05989652e-08 1
LGIC_C 143 -0.0720975039 -0.162066327 0.0250139921 2.81018674e-08 4.20574117e-08 1
LGIC_C 144 -0.443578753 -0.448956588 0.0250140145 -5.56021111e-08 -1.45571543e-08 -1
LGIC_C 145 0.213389037 0.00501368911 0.0250139938 -4.96100869e-08 6.3366408e-09 1
LGIC_C 146 0.00694613246 0.574705977 0.0250140118 -9.86806672e-09 -4.96100854e-08 1
LGIC_C 147 -0.309185848 -0.329758082 0.025014003 2.45891453e-08 3.68002268e-08 1
LGIC_C 148 0.444333952 -0.0885128508 0.02501401 -5.78784275e-08 1.15127558e-08 1
LGIC_C 149 0.562328153 0.505465217 0.0250140164 -3.68002282e-08 -2.45891172e-08 1
LGIC_C 150 0.415601351 0.161738113 0.0250140028 -4.96100869e-08 6.3366408e-09 1
LGIC_C 151 -0.123861342 -0.727783421 0.0250140159 8.63456455e-09 4.34088336e-08 1
LGIC_C 152 0.247852146 0.590734491 0.025014015 1.3130701e-08 4.82586573e-08 -1
LGIC_C 153 0.165188295 -0.182013727 0.0250139958 -1.28239349e-08 5.73353226e-08 1
LGIC_C 154 0.174430875 0.51499261 0.0250140105 -9.86806672e-09 -4.96100854e-08 1
LGIC_C 155 -0.599121629 0.113644769 0.0250140103 4.34088259e-08 -8.63455061e-09 1
LGIC_C 156 -0.256602718 0.00678165716 0.0250139945 4.34088259e-08 -8.63455061e-09 1
LGIC_C 157 -0.392321224 0.280711592 0.025014007 6.28881943e-09 -7.55636452e-08 1
LGIC_C 158 0.372377354 0.155407742 0.0250140033 3.37890593e-08 4.80634111e-08 -1
LGIC_C 159 0.776255055 0.169895075 0.0250140184 -4.34088272e-08 -8.63453573e-09 1
LGIC_C 160 -0.259988054 -0.0483027682 0.0250139933 -4.34088282e-08 2.70157287e-08 -1
LGIC_C 161 -0.435437405 0.0964992937 0.0250140058 4.96100897e-08 -9.86805572e-09 1
LGIC_C 162 0.4600391 -0.0136488085 0.02501401 -5.78784275e-08 1.15127558e-08 1
LGIC_C 163 0.363093623 -0.255076852 0.0250140057 -4.20573976e-08 2.81018683e-08 1
LGIC_C 164 0.22414007 -0.60684558 0.0250140119 6.33663526e-09 4.9610097e-08 1
LGIC_C 165 -0.330646071 0.0318041121 0.0250139987 4.96100851e-08 2.90231542e-08 1
LGIC_C 166 -0.171908381 -0.677529835 0.0250140169 2.48392553e-08 4.34088306e-08 1
LGIC_C 167 -0.553265501 0.548139846 0.0250140172 -4.82586679e-08 1.31306769e-08 -1
LGIC_C 168 -0.570476323 -0.254676557 0.0250140028 5.39043203e-09 6.47688584e-08 1
LGIC_C 169 0.666891846 -0.453251389 0.0250140189 -3.68002179e-08 2.45891393e-08 1
LGIC_C 170 0.536681228 -0.345213757 0.0250140179 -3.37890406e-08 4.80634332e-08 1
LGIC_C 171 -0.184337156 0.303661348 0.025014003 1.28239438e-08 -5.73353116e-08 1
LGIC_C 172 0.371254175 0.16455298 0.0250140037 3.37890593e-08 4.80634111e-08 -1
LGIC_C 173 0.690667903 0.302179244 0.0250140161 -3.68002282e-08 -2.45891172e-08 1
LGIC_C 174 -0.0725000288 -0.530881256 0.0250140081 2.48392553e-08 4.34088306e-08 1
LGIC_C 175 0.432022328 -0.296382901 0.0250140121 -3.37890406e-08 4.80634332e-08 1
LGIC_C 176 -0.597880487 -0.580997413 0.0250140191 1.15916899e-08 4.97976879e-08 1
LGIC_C 177 0.314000669 0.332456466 0.0250140061 -2.81018716e-08 -4.20573923e-08 1
LGIC_C 178 0.0459856907 -0.614034771 0.0250140134 6.33663526e-09 4.9610097e-08 1
LGIC_C 179 -0.243723797 -0.169721793 0.0250139976 6.28883752e-09 7.55636663e-08 1
LGIC_C 180 -0.141429883 0.257921351 0.0250139981 2.8101852e-08 -4.20574041e-08 1
LGIC_C 181 -0.632501714 -0.314935247 0.025014007 5.39043203e-09 6.47688584e-08 1
LGIC_C 182 0.0787983226 -0.16436932 0.0250139924 -2.81018481e-08 4.20574137e-08 1
LGIC_C 183 0.664166844 0.327519904 0.0250140196 -4.82586616e-08 -1.31306776e-08 1
LGIC_C 184 0.720495235 -0.0403094858 0.0250140155 -4.34088182e-08 2.48392526e-08 1
LGIC_C 185 0.390150917 -0.126844983 0.0250140033 -4.34088182e-08 2.48392526e-08 1
LGIC_C 186 -0.612164033 -0.31352471 0.0250140068 5.39043203e-09 6.47688584e-08 1
LGIC_C 187 0.144805013 0.0755349913 0.0250139928 -4.90669739e-08 -3.27854893e-08 1
LGIC_C 188 -0.74434333 0.0993459296 0.0250140164 4.34088259e-08 -8.63455061e-09 1
LGIC_C 189 -0.533317133 0.287671448 0.0250140138 4.20574045e-08 -2.81018523e-08 1
LGIC_C 190 0.332686469 -0.758475276 0.0250140193 -2.45891087e-08 3.68002429e-08 1
LGIC_C 191 -0.406709858 -0.224897361 0.025014 5.39043203e-09 6.47688584e-08 1
LGIC_C 192 -0.272400994 0.0915764623 0.0250139959 4.34088259e-08 -8.63455061e-09 1
LGIC_C 193 0.304901227 0.0757786972 0.0250139991 -4.96100911e-08 -9.86803575e-09 1
LGIC_C 194 -0.657801675 0.373198898 0.0250140167 3.68002297e-08 -2.45891157e-08 1
LGIC_C 195 0.377252996 0.396630234 0.0250140105 -2.81018716e-08 -4.20573923e-08 1
LGIC_C 196 0.72262897 0.373364828 0.025014019 -3.68002282e-08 -2.45891172e-08 1
LGIC_C 197 -0.26333135 -0.517533841 0.0250140088 2.45891453e-08 3.68002268e-08 1
LGIC_C 198 0.505073592 0.0326189151 0.0250140054 -4.34088272e-08 -8.63453573e-09 1
LGIC_C 199 0.611415152 0.246724347 0.025014012 -4.96100869e-08 6.3366408e-09 1
LGIC_C 200 0.738394535 -0.293990538 0.0250140178 -4.34088226e-08 8.63456802e-09 1
LGIC_C 201 0.236600761 0.15110716 0.0250139974 -4.20574004e-08 -2.81018564e-08 1
LGIC_C 202 -0.0332327957 -0.310341917 0.0250139975 2.48392553e-08 4.34088306e-08 1
LGIC_C 203 -0.188275207 -0.0724034187 0.0250139905 -4.96100919e-08 2.90231703e-08 -1
LGIC_C 204 -0.367423955 0.539775823 0.0250140163 2.8101852e-08 -4.20574041e-08 1
LGIC_C 205 -0.0786590132 0.244759739 0.0250139962 9.86805557e-09 -4.96100883e-08 1
LGIC_C 206 0.630298566 -0.368225171 0.0250140155 -3.68002179e-08 2.45891393e-08 1
LGIC_C 207 -0.149504381 -0.451593709 0.025014002 -4.89847109e-08 5.78784581e-08 1
LGIC_C 208 -0.502798028 0.369685762 0.0250140124 -4.82586679e-08 1.31306769e-08 -1
LGIC_C 209 0.00528719137 -0.00674942828 0.0250139844 7.8685202e-08 -1.1776077e-07 -1
LGIC_C 210 0.0575472753 0.234630035 0.0250139955 -9.86806672e-09 -4.96100854e-08 1
LGIC_C 211 0.607054908 -0.179243095 0.0250140204 -5.78784275e-08 1.15127558e-08 1
LGIC_C 212 -0.348490835 -0.480638231 0.0250140096 -5.56021111e-08 -1.45571543e-08 -1
LGIC_C 213 0.400922417 -0.443982852 0.0250140132 -2.81018481e-08 4.20574137e-08 1
LGIC_C 214 0.473519891 -0.0852320406 0.0250140045 -4.34088226e-08 8.63456802e-09 1
LGIC_C 215 -0.4295989 -0.0474900201 0.0250140023 4.34088238e-08 8.63459484e-09 1
LGIC_C 216 0.206549787 -0.155974543 0.0250139957 -3.05989503e-08 3.95603122e-08 1
LGIC_C 217 0.485644209 -0.409864721 0.0250140193 -3.37890406e-08 4.80634332e-08 1
LGIC_C 218 -0.241220837 0.376801828 0.0250140046 1.31306824e-08 -4.82586643e-08 1
LGIC_C 219 -0.191686776 -0.446306724 0.0250140045 3.95603082e-08 3.05989652e-08 1
LGIC_C 220 -0.702334818 -0.348989931 0.0250140177 3.68002489e-08 2.45891179e-08 1
LGIC_C 221 0.692867348 -0.445183976 0.0250140197 -3.68002179e-08 2.45891393e-08 1
LGIC_C 222 -0.567210791 -0.165293009 0.0250140066 -4.96100919e-08 2.90231703e-08 -1
LGIC_C 223 0.267404691 0.407325671 0.0250140099 -4.80634192e-08 -3.37890445e-08 1
LGIC_C 224 -0.361901675 0.0594821035 0.0250139995 4.96100851e-08 2.90231542e-08 1
LGIC_C 225 0.181767387 -0.634900883 0.0250140124 -8.63454093e-09 4.34088369e-08 1
LGIC_C 226 0.353812995 -0.225872085 0.0250140018 -3.68002179e-08 2.45891393e-08 1
LGIC_C 227 -0.179020933 0.483817851 0.0250140058 8.63455111e-09 -4.34088279e-08 1
LGIC_C 228 0.268346059 -0.330411009 0.0250140027 -1.31306721e-08 4.82586744e-08 1
LGIC_C 229 -0.517240735 -0.0769488527 0.0250140064 4.34088238e-08 8.63459484e-09 1
LGIC_C 230 -0.673212779 -0.212532523 0.0250140068 -4.34088282e-08 2.70157287e-08 -1
LGIC_C 231 0.541510843 0.259210709 0.025014014 3.37890593e-08 4.80634111e-08 -1
LGIC_C 232 -0.246816409 0.755887723 0.0250140182 8.63455111e-09 -4.34088279e-08 1
LGIC_C 233 0.32917719 0.254233358 0.0250140025 -4.82586616e-08 -1.31306776e-08 1
LGIC_C 234 -0.0948080841 -0.439779227 0.0250140031 8.63456455e-09 4.34088336e-08 1
LGIC_C 235 0.280079887 0.457812235 0.0250140104 -2.81018716e-08 -4.20573923e-08 1
LGIC_C 236 0.301357261 -0.0268655259 0.025013997 -4.34088182e-08 2.48392526e-08 1
LGIC_C 237 0.674587934 -0.0347120019 0.0250140178 -4.96100802e-08 3.14742968e-08 1
LGIC_C 238 -0.159697311 0.024723486 0.0250139913 5.7878425e-08 4.89846948e-08 1
LGIC_C 239 0.516831886 -0.286240078 0.025014013 -4.20573976e-08 2.81018683e-08 1
LGIC_C 240 0.109256078 -0.169049789 0.0250139943 -1.28239349e-08 5.73353226e-08 1
LGIC_C 241 -0.104693398 0.244797475 0.0250139965 2.8101852e-08 -4.20574041e-08 1
LGIC_C 242 0.619225424 -0.319290795 0.0250140195 -3.37890406e-08 4.80634332e-08 1
LGIC_C 243 -0.640144937 0.230849631 0.0250140173 4.96100897e-08 -9.86805572e-09 1
LGIC_C 244 0.566824364 -0.196141494 0.0250140183 -5.78784275e-08 1.15127558e-08 1
LGIC_C 245 -0.497475877 -0.458705663 0.025014016 1.45571809e-08 5.5602105e-08 1
LGIC_C 246 0.399622643 0.443858316 0.0250140094 -2.45891309e-08 -3.68002211e-08 1
LGIC_C 247 -0.483513162 0.627042343 0.0250140182 2.45891128e-08 -3.68002333e-08 1
LGIC_C 248 0.139358152 -0.114849832 0.0250139912 -3.68002179e-08 2.45891393e-08 1
LGIC_C 249 0.483082373 -0.00615503425 0.0250140074 -4.96100802e-08 3.14742968e-08 1
LGIC_C 250 0.224673289 0.513764325 0.0250140114 -4.80634192e-08 -3.37890445e-08 1
LGIC_C 251 0.0393347914 0.659513031 0.0250140157 -6.33660387e-09 4.96100877e-08 -1
LGIC_C 252 0.121496809 0.581561153 0.0250140159 -3.14742949e-08 -4.96100822e-08 1
LGIC_C 253 0.501008327 0.328553658 0.0250140117 -4.82586616e-08 -1.31306776e-08 1
LGIC_C 254 -0.451828906 0.28766539 0.0250140124 3.37890593e-08 -4.80634052e-08 1
LGIC_C 255 -0.81004643 -0.0821673524 0.0250140162 -4.34088282e-08 2.70157287e-08 -1
LGIC_C 256 -0.297697218 0.541615508 0.0250140105 2.45891128e-08 -3.68002333e-08 1
LGIC_C 257 0.289030823 0.299131369 0.0250140015 1.3130701e-08 4.82586573e-08 -1
LGIC_C 258 -0.259488856 0.552386859 0.02501401 2.45891128e-08 -3.68002333e-08 1
LGIC_C 259 0.258528144 -0.309535259 0.0250140069 -3.27854948e-08 4.90669785e-08 1
LGIC_C 260 0.000153750286 -0.592556593 0.0250140126 9.8680833e-09 4.96100963e-08 1
LGIC_C 261 0.0840700966 0.608732786 0.0250140104 -8.63455884e-09 -4.34088253e-08 1
LGIC_C 262 -0.345470258 0.329277718 0.0250140071 4.20574045e-08 -2.81018523e-08 1
LGIC_C 263 -0.685412433 -0.269785592 0.0250140057 -4.34088282e-08 2.70157287e-08 -1
LGIC_C 264 0.456034197 -0.317787736 0.0250140078 -3.68002179e-08 2.45891393e-08 1
LGIC_C 265 0.219258641 0.0301343354 0.0250139944 -4.96100911e-08 -9.86803575e-09 1
LGIC_C 266 -0.139502165 -0.335048782 0.025013999 3.95603082e-08 3.05989652e-08 1
LGIC_C 267 -0.274935644 -0.255445124 0.0250140014 1.45571809e-08 5.5602105e-08 1
LGIC_C 268 -0.0768371968 -0.510269529 0.0250140063 -2.90231482e-08 4.96101036e-08 1
LGIC_C 269 -0.0643157454 0.662040898 0.0250140157 -6.33661298e-09 -4.96100859e-08 1
LGIC_C 270 -0.0796685207 -0.0843816568 0.0250139898 7.55636799e-08 6.2887973e-09 1
LGIC_C 271 -0.480881775 -0.435643852 0.0250140117 3.68002489e-08 2.45891179e-08 1
LGIC_C 272 -0.423041472 0.278935731 0.0250140073 -4.82586679e-08 1.31306769e-08 -1
LGIC_C 273 0.708125709 -0.161477406 0.025014018 -4.34088182e-08 2.48392526e-08 1
LGIC_C 274 -0.3517338 0.376589628 0.0250140058 2.45891128e-08 -3.68002333e-08 1
LGIC_C 275 0.0329892505 -0.559921869 0.0250140108 6.33663526e-09 4.9610097e-08 1
LGIC_C 276 -0.14678314 -0.507824118 0.0250140042 -2.90231482e-08 4.96101036e-08 1
LGIC_C 277 0.668940795 -0.0910726539 0.0250140193 -4.96100802e-08 3.14742968e-08 1
LGIC_C 278 0.286376935 0.264651333 0.0250140003 -3.68002282e-08 -2.45891172e-08 1
LGIC_C 279 0.0536247076 -0.115710722 0.0250139888 -2.45891087e-08 3.68002429e-08 1
LGIC_C 280 -0.301312647 -0.146391341 0.0250139958 1.45571809e-08 5.5602105e-08 1
LGIC_C 281 0.341323663 0.585077406 0.0250140194 -4.80634192e-08 -3.37890445e-08 1
LGIC_C 282 -0.260686271 -0.452755663 0.0250140074 3.95603082e-08 3.05989652e-08 1
LGIC_C 283 -0.231995115 -0.488253032 0.0250140039 7.55636799e-08 6.2887973e-09 1
LGIC_C 284 0.210100977 -0.768981676 0.0250140184 -8.63454093e-09 4.34088369e-08 1
LGIC_C 285 -0.26922354 0.504302089 0.0250140168 3.27854968e-08 -4.90669676e-08 1
LGIC_C 286 -0.495122864 0.00575586225 0.0250140077 4.96100851e-08 2.90231542e-08 1
LGIC_C 287 -0.0730430847 -0.138200983 0.0250139901 2.45891453e-08 3.68002268e-08 1
LGIC_C 288 0.0269254014 -0.329126899 0.0250139994 6.33663526e-09 4.9610097e-08 1
LGIC_C 289 0.029566811 -0.00386221684 0.0250139845 -4.34088226e-08 8.63456802e-09 1
LGIC_C 290 -0.35703297 -0.506070247 0.0250140146 2.81018674e-08 4.20574117e-08 1
LGIC_C 291 -0.487636359 0.430460872 0.0250140118 3.68002297e-08 -2.45891157e-08 1
LGIC_C 292 0.426177396 0.466416312 0.0250140148 -2.81018716e-08 -4.20573923e-08 1
LGIC_C 293 -0.633935481 -0.0266501333 0.025014014 -4.96100919e-08 2.90231703e-08 -1
LGIC_C 294 0.0751321338 -0.206811885 0.0250139961 -1.15127059e-08 5.78784511e-08 1
LGIC_C 295 -0.159886977 0.143579431 0.0250139951 6.28881943e-09 -7.55636452e-08 1
LGIC_C 296 0.509104486 0.286631321 0.0250140127 -4.20574004e-08 -2.81018564e-08 1
LGIC_C 297 0.0235015167 0.343743432 0.0250139984 -8.63455884e-09 -4.34088253e-08 1
LGIC_C 298 0.0566705481 -0.488026922 0.025014008 -9.86804037e-09 4.96101e-08 1
LGIC_C 299 -0.121372428 -0.306103466 0.0250139996 9.8680833e-09 4.96100963e-08 1
LGIC_C 300 0.431028477 -0.045448012 0.0250140031 -4.34088182e-08 2.48392526e-08 1
LGIC_C 301 0.0909521214 0.364244666 0.0250139999 -8.63455884e-09 -4.34088253e-08 1
LGIC_C 302 0.391104468 0.339506848 0.0250140092 -4.20574004e-08 -2.81018564e-08 1
LGIC_C 303 -0.0362975991 0.35052937 0.025014001 9.86805557e-09 -4.96100883e-08 1
LGIC_C 304 -0.166696967 0.400702592 0.0250140048 1.31306824e-08 -4.82586643e-08 1
LGIC_C 305 -0.443005368 0.249032604 0.0250140057 3.68002297e-08 -2.45891157e-08 1
LGIC_C 306 0.163642665 0.102579952 0.0250139937 3.37890593e-08 4.80634111e-08 -1
LGIC_C 307 -0.403105631 0.268805869 0.0250140063 -4.82586679e-08 1.31306769e-08 -1
LGIC_C 308 0.631001041 -0.264242773 0.0250140129 -3.68002179e-08 2.45891393e-08 1
LGIC_C 309 0.131542434 0.125174982 0.0250139912 -3.68002282e-08 -2.45891172e-08 1
LGIC_C 310 0.103292777 0.806614322 0.0250140192 -8.63455884e-09 -4.34088253e-08 1
LGIC_C 311 0.566063011 0.599167715 0.0250140192 -2.45891309e-08 -3.68002211e-08 1
LGIC_C 312 0.293878528 0.223676368 0.0250140019 -4.20574004e-08 -2.81018564e-08 1
LGIC_C 313 0.6944648 0.366886021 0.0250140178 -3.68002282e-08 -2.45891172e-08 1
LGIC_C 314 -0.253143929 0.497402529 0.0250140078 2.45891128e-08 -3.68002333e-08 1
LGIC_C 315 -0.0792139524 0.0186008007 0.0250139874 4.96100897e-08 -9.86805572e-09 1
LGIC_C 316 -0.221373047 -0.205734197 0.0250140002 6.28883752e-09 7.55636663e-08 1
LGIC_C 317 -0.408080062 -0.191454118 0.025014003 3.68002489e-08 2.45891179e-08 1
LGIC_C 318 -0.217757689 -0.355150558 0.0250140005 -5.56021111e-08 -1.45571543e-08 -1
LGIC_C 319 -0.52378764 -0.056204627 0.0250140045 -4.34088282e-08 2.70157287e-08 -1
LGIC_C 320 0.427073927 0.562957623 0.0250140189 -2.81018716e-08 -4.20573923e-08 1
LGIC_C 321 0.61469009 -0.273918518 0.0250140172 -3.37890406e-08 4.80634332e-08 1
LGIC_C 322 0.548034692 0.212426433 0.0250140174 -5.78784335e-08 -1.15127284e-08 1
LGIC_C 323 -0.307190241 -0.652185609 0.0250140193 2.81018674e-08 4.20574117e-08 1
LGIC_C 324 0.0254605914 0.682034746 0.0250140169 -6.33660387e-09 4.96100877e-08 -1
LGIC_C 325 0.459017792 0.652982442 0.0250140186 -2.45891309e-08 -3.68002211e-08 1
LGIC_C 326 0.168083862 0.633315736 0.0250140136 -6.33660387e-09 4.96100877e-08 -1
LGIC_C 327 -0.298553205 -0.0414442335 0.0250139969 -4.96100919e-08 2.90231703e-08 -1
LGIC_C 328 -0.425976063 0.0213628518 0.0250140023 4.34088279e-08 -2.48392273e-08 1
LGIC_C 329 0.63568939 -0.20296924 0.0250140168 -4.96100859e-08 9.86807898e-09 1
LGIC_C 330 0.379517016 -0.0653376258 0.0250140041 -4.96100802e-08 3.14742968e-08 1
LGIC_C 331 0.246518533 -0.0719604211 0.0250139957 -4.34088182e-08 2.48392526e-08 1
LGIC_C 332 -0.0372376299 -0.345951291 0.0250140008 9.8680833e-09 4.96100963e-08 1
LGIC_C 333 0.458458672 0.162206253 0.0250140045 -4.34088272e-08 -8.63453573e-09 1
LGIC_C 334 0.250509039 0.809467071 0.0112709804 0.194186548 0.976240951 0.0961519121
LGIC_C 335 0.18948024 0.618581335 0.0250140128 -6.33660387e-09 4.96100877e-08 -1
LGIC_C 336 -0.745817234 0.00609767849 0.0250140158 4.34088279e-08 -2.48392273e-08 1
LGIC_C 337 -0.0633637553 -0.00124022266 0.0250139864 4.96100935e-08 -4.19869172e-08 1
LGIC_C 338 -0.170851004 0.317046505 0.0250139991 2.45891128e-08 -3.68002333e-08 1
LGIC_C 339 0.163105878 -0.210168145 0.0250139955 -1.31306721e-08 4.82586744e-08 1
LGIC_C 340 -0.323305089 0.609784682 0.025014018 2.8101852e-08 -4.20574041e-08 1
LGIC_C 341 -0.0606601078 -0.719507524 0.025014015 8.63456455e-09 4.34088336e-08 1
LGIC_C 342 -0.853651199 -0.0218311239 0.0242257897 -0.976240825 -0.194187339 0.0961515894
LGIC_C 343 0.245592383 0.450896708 0.0250140082 1.3130701e-08 4.82586573e-08 -1
LGIC_C 344 -0.110969004 0.0373411767 0.0250139878 5.7878425e-08 4.89846948e-08 1
LGIC_C 345 -0.0999255241 -0.113476826 0.0250139915 7.55636799e-08 6.2887973e-09 1
LGIC_C 346 0.346406264 0.314000056 0.0250140037 -3.68002282e-08 -2.45891172e-08 1
LGIC_C 347 0.466173308 -0.202145445 0.0250140127 -4.90669481e-08 3.27855328e-08 1
LGIC_C 348 -0.129453383 -0.620706668 0.0250140153 9.8680833e-09 4.96100963e-08 1
LGIC_C 349 -0.18524629 -0.523956918 0.0250140038 -2.90231482e-08 4.96101036e-08 1
LGIC_C 350 -0.241107272 0.360639815 0.0250140025 2.45891128e-08 -3.68002333e-08 1
LGIC_C 351 -0.116701726 0.063986802 0.0250139903 3.37890593e-08 -4.80634052e-08 1
LGIC_C 352 -0.184135997 -0.34449497 0.0250140011 3.95603082e-08 3.05989652e-08 1
LGIC_C 353 -0.334935044 0.149918817 0.0250140016 4.20574045e-08 -2.81018523e-08 1
LGIC_C 354 0.151009211 0.218012439 0.0250139967 -2.81018716e-08 -4.20573923e-08 1
LGIC_C 355 0.106877697 -0.572404801 0.0250140153 1.00935263e-08 5.7878447e-08 1
LGIC_C 356 0.115483905 0.694884477 0.0250140144 -8.63455884e-09 -4.34088253e-08 1
LGIC_C 357 0.759401561 0.142392281 0.02501402 -4.96100869e-08 6.3366408e-09 1
LGIC_C 358 0.0548690259 -0.0240546698 0.0250139867 -4.90669481e-08 3.27855328e-08 1
LGIC_C 359 -0.23128504 0.195499205 0.0250139995 6.28881943e-09 -7.55636452e-08 1
LGIC_C 360 -0.483713467 0.421499212 0.0250140114 3.68002297e-08 -2.45891157e-08 1
LGIC_C 361 0.585362332 -0.158557363 0.0250140138 -4.96100859e-08 9.86807898e-09 1
LGIC_C 362 -0.41337962 -0.0958994443 0.025014001 -4.96100919e-08 2.90231703e-08 -1
LGIC_C 363 -0.38277498 0.433024955 0.0250140092 1.31306824e-08 -4.82586643e-08 1
LGIC_C 364 0.101314056 0.154600322 0.0250139942 -3.27855134e-08 -4.90669575e-08 1
LGIC_C 365 0.599947652 -0.317954587 0.0250140174 -4.20573976e-08 2.81018683e-08 1
LGIC_C 366 -0.299155449 -0.699404951 0.0250140165 3.95603082e-08 3.05989652e-08 1
LGIC_C 367 0.406961452 -0.170057699 0.0250140024 -3.05989503e-08 3.95603122e-08 1
LGIC_C 368 -0.11296817 -0.273611092 0.0250139961 3.95603082e-08 3.05989652e-08 1
LGIC_C 369 -0.0976294911 -0.600459667 0.0250140102 -2.90231482e-08 4.96101036e-08 1
LGIC_C 370 -0.392994346 -0.55741609 0.0250140134 2.45891453e-08 3.68002268e-08 1
LGIC_C 371 0.19502952 0.0976917885 0.0250139928 -3.68002282e-08 -2.45891172e-08 1
LGIC_C 372 -0.0733591126 0.462796235 0.025014004 8.63455111e-09 -4.34088279e-08 1
LGIC_C 373 -0.542422024 0.528786421 0.0250140162 3.68002297e-08 -2.45891157e-08 1
LGIC_C 374 0.0734930832 -0.206843457 0.025013993 6.33663526e-09 4.9610097e-08 1
LGIC_C 375 0.171058202 -0.627739213 0.0250140178 1.00935263e-08 5.7878447e-08 1
LGIC_C 376 0.422364753 0.387182062 0.0250140119 -4.20574004e-08 -2.81018564e-08 1
LGIC_C 377 0.30496088 0.150191363 0.0250139982 -3.68002282e-08 -2.45891172e-08 1
LGIC_C 378 -0.655401332 0.0936936481 0.0250140131 4.96100851e-08 2.90231542e-08 1
LGIC_C 379 -0.0161621513 -0.50519131 0.0250140085 9.8680833e-09 4.96100963e-08 1
LGIC_C 380 0.0809451161 0.629222026 0.0250140153 -9.86806672e-09 -4.96100854e-08 1
LGIC_C 381 0.00918073209 0.615417339 0.0250140139 -9.86806672e-09 -4.96100854e-08 1
LGIC_C 382 0.601759837 -0.280076879 0.025014017 -3.37890406e-08 4.80634332e-08 1
LGIC_C 383 0.342563427 -0.511068254 0.0250140195 -3.27854948e-08 4.90669785e-08 1
LGIC_C 384 -0.460020015 -0.382315144 0.025014015 6.28883752e-09 7.55636663e-08 1
LGIC_C 385 0.62253734 0.0583531064 0.0250140199 -5.78784335e-08 -1.15127284e-08 1
LGIC_C 386 0.534994797 -0.485743895 0.0250140149 -3.68002179e-08 2.45891393e-08 1
LGIC_C 387 0.531096453 -0.257713806 0.0250140136 -3.37890406e-08 4.80634332e-08 1
LGIC_C 388 -0.00106223987 0.492480964 0.0250140077 -3.14742797e-08 4.96100914e-08 -1
LGIC_C 389 0.356713401 -0.366873887 0.0250140129 -3.27854948e-08 4.90669785e-08 1
LGIC_C 390 0.518578324 0.0228734666 0.0250140088 -4.96100869e-08 6.3366408e-09 1
LGIC_C 391 -0.204670393 0.107851821 0.0250139954 3.37890593e-08 -4.80634052e-08 1
LGIC_C 392 -0.205648788 -0.575775356 0.0250140058 -2.90231482e-08 4.96101036e-08 1
LGIC_C 393 -0.00031663307 -0.292051228 0.0250139959 8.63456455e-09 4.34088336e-08 1
LGIC_C 394 0.404476356 0.64810553 0.025014017 -2.45891309e-08 -3.68002211e-08 1
LGIC_C 395 0.356574441 0.434288231 0.0250140089 1.3130701e-08 4.82586573e-08 -1
LGIC_C 396 0.274135917 0.396042343 0.025014006 1.3130701e-08 4.82586573e-08 -1
LGIC_C 397 -0.660708762 0.221913493 0.0250140139 4.34088259e-08 -8.63455061e-09 1
LGIC_C 398 -0.563055657 0.235413321 0.0250140136 3.37890593e-08 -4.80634052e-08 1
LGIC_C 399 0.604386285 -0.166108922 0.0250140184 -4.96100802e-08 3.14742968e-08 1
