VGCC_O 8 -0.134706799 0.0161271258 0.0466933331 -1.62059677e-06 3.22356891e-07 -1
VGCC_O 7 -0.137449801 0.00579357966 0.0466933342 -1.62059625e-06 3.22356338e-07 -1
CaBS 10 0.106582602 -0.0367608238 0.0705926945 0.34654604 -0.867983022 0.355684293
CaBS 11 0.114677225 -0.0268351215 0.082309698 0.751399702 -0.322919474 0.575431578
CaBS 13 0.115346643 -0.019354007 0.0837195871 0.333750516 0.131703927 0.933415593
CaBS 14 0.112590336 -0.00818357953 0.0801434313 0.324116486 0.74980293 0.576839726
CaBS 15 0.114183122 -0.0202472588 0.0842616506 0.333750516 0.131703927 0.933415593
CaBS 16 0.096765453 -0.011219284 0.0592239488 -0.751399618 0.322919164 -0.575431861
CaBS 17 0.0907615487 -0.0233904703 0.060635409 -0.999896295 -0.0141984568 0.00240892729
CaBS 19 0.101807561 -0.0256433519 0.0840727634 -0.329239867 -0.132369096 0.934922207
CaBS 20 0.115525217 -0.0310144077 0.0635573415 0.344822999 -0.867728964 -0.357971429
CaBS 21 0.091768684 -0.0155143993 0.0633384156 -0.751399618 0.322919164 -0.575431861
CaBS 22 0.0915435009 -0.0255388911 0.0594247632 -0.324116536 -0.749802846 -0.576839807
CaBS 23 0.116577696 -0.0128775255 0.057083323 0.329239702 0.132369043 -0.934922272
CaBS 24 0.0922109625 -0.0237037002 0.0809678708 -0.329239867 -0.132369096 0.934922207
Ca 4 -0.0484144929 0.599275288 0.317513137 0 0 0
Ca 7 0.169382232 0.50279569 0.362653525 0 0 0
Ca 1 -0.390497321 -0.0405658474 0.734390284 0 0 0
Ca 7 0.193906345 0.10731434 0.111701298 0 0 0
Ca 1 0.0753586325 0.12256202 1.25756803 0 0 0
Ca 1 0.10581645 0.263467437 0.316364501 0 0 0
Ca 7 0.061292818 0.752164912 0.50470675 0 0 0
Ca 7 0.197286198 0.647832585 0.647353693 0 0 0
Ca 6 0.383887816 0.480048024 0.177178411 0 0 0
Ca 6 -0.0467328289 -0.308131381 0.270752296 0 0 0
Ca 4 0.551822175 -0.137980318 0.446118386 0 0 0
Ca 4 0.00124469022 0.0647049377 0.497056893 0 0 0
Ca 7 -0.471164097 0.0456286786 0.515351604 0 0 0
Ca 4 -0.49674419 -0.0033796786 0.0873167345 0 0 0
Ca 8 0.586373918 -0.527826998 0.554582471 0 0 0
Ca 6 -0.140022324 -0.318592697 0.640921581 0 0 0
Ca 7 -0.434499511 0.303543818 0.34016899 0 0 0
Ca 1 -0.131141172 -0.600546289 0.39699726 0 0 0
Ca 8 -0.0339592807 0.13384952 0.561793557 0 0 0
Ca 7 -0.192420652 -0.109953606 0.456261699 0 0 0
Ca 1 -0.230238539 -0.475506615 0.303833887 0 0 0
Ca 7 -0.340547621 0.333171783 0.623453097 0 0 0
Ca 1 -0.469829744 0.151150516 0.52957361 0 0 0
Ca 6 -0.00745327465 0.447590146 0.540996514 0 0 0
Ca 8 0.0997898422 -0.602095809 0.607983854 0 0 0
Ca 1 0.386129343 0.181576515 0.337734604 0 0 0
Ca 7 -0.173266268 0.0452744936 0.290240512 0 0 0
Ca 8 -0.121604169 0.114472088 0.531889098 0 0 0
Ca 7 -0.190881322 0.53090041 0.128803722 0 0 0
Ca 7 0.116003599 0.272340036 0.395483233 0 0 0
Ca 8 -0.149558524 -0.0173325104 0.444317793 0 0 0
Ca 6 0.139907927 0.128378485 0.488657502 0 0 0
Ca 8 -0.09460451 -0.486078857 0.416556516 0 0 0
Ca 6 0.139521657 0.0988667977 0.100694056 0 0 0
Ca 8 0.247564145 -0.246044046 0.357228347 0 0 0
Ca 8 -0.41214924 0.452343309 0.360530989 0 0 0
Ca 7 -0.223806998 0.0790404533 0.61211278 0 0 0
Ca 8 -0.492532248 0.0217059273 0.499636643 0 0 0
Ca 1 0.551982951 -0.205509842 0.444468518 0 0 0
Ca 8 0.2222209 -0.28891406 0.320575112 0 0 0
Ca 1 -0.16470297 -0.317405988 0.47652649 0 0 0
Ca 1 0.0184106027 0.488383742 0.569917747 0 0 0
Ca 4 -0.241074023 -0.0515463522 0.134273598 0 0 0
Ca 8 -0.545581315 0.291946176 0.445097216 0 0 0
Ca 4 -0.272710423 -0.239182412 0.392344247 0 0 0
Ca 3 0.239942386 0.0630433286 0.579463556 0 0 0
Ca 4 0.104172706 0.522056861 0.337335551 0 0 0
Ca 7 0.412159559 0.356004198 0.182927305 0 0 0
Ca 7 -0.198862095 -0.254239744 0.420543186 0 0 0
Ca 7 0.0991543448 -0.135293461 0.258411233 0 0 0
Ca 1 0.128268995 0.439263606 0.367071354 0 0 0
Ca 6 -0.64014615 -0.0454817268 0.348516027 0 0 0
Ca 1 0.0363762146 -0.330369697 0.236830404 0 0 0
Ca 1 0.0519369197 -0.148473039 0.212896405 0 0 0
Ca 7 -0.69516995 0.0355486217 0.100523182 0 0 0
Ca 6 -0.293275593 0.095784934 0.600153435 0 0 0
Ca 4 -0.222096669 0.0933732928 0.260535529 0 0 0
Ca 6 -0.158721097 0.078947058 0.147658964 0 0 0
Ca 7 -0.295043404 0.294804377 0.133460595 0 0 0
Ca 8 -0.276399577 -0.385988364 0.0519129816 0 0 0
Ca 1 0.281086549 0.200788624 0.210270503 0 0 0
Ca 7 -0.114885434 0.0420965317 0.39038657 0 0 0
Ca 6 -0.36645574 -0.160682743 0.322728279 0 0 0
Ca 7 -0.312219841 0.413563635 0.392942791 0 0 0
Ca 6 -0.05308847 0.330287611 0.178254161 0 0 0
Ca 4 -0.467034581 0.0838078236 0.314267309 0 0 0
Ca 8 -0.230700893 -0.204056358 0.11942391 0 0 0
Ca 1 -0.305952437 0.102298655 0.219574822 0 0 0
Ca 7 -0.268369083 0.113776441 0.155773039 0 0 0
Ca 6 -0.232757508 0.00510868901 0.0758160652 0 0 0
Ca 1 0.141817937 -0.224157015 0.241320743 0 0 0
Ca 1 0.0551376548 0.157609557 0.0883686581 0 0 0
Ca 1 0.0394535578 -0.11436519 0.262048442 0 0 0
Ca 7 -0.13646602 -0.118888278 0.360964872 0 0 0
Ca 6 -0.152050418 0.00150516263 0.0665340772 0 0 0
Ca 4 -0.193280887 -0.00809107189 0.154227286 0 0 0
Ca 4 -0.193022037 -0.210550266 0.134569486 0 0 0
Ca 7 -0.143835471 -0.130964083 0.110572926 0 0 0
Ca 1 -0.195638556 -0.0715381505 0.0925406101 0 0 0
Ca 4 -0.138405209 0.0263214592 0.0466262115 0 0 0
VGCC_O 6 -0.12622171 0.0241576588 0.046693322 -1.62059677e-06 3.22356891e-07 -1
VGCC_O 3 0.0772568984 -0.00428239309 0.046693036 -1.41802159e-06 2.82063681e-07 -1
VGCC_O 1 -0.126159285 0.0151063295 0.0466933189 -1.62059625e-06 3.22356338e-07 -1
VGCC_O 0 0.11238887 -0.0311459409 0.0466929927 -1.01287282e-06 -1.51427976e-07 -1
VGCC_O 9 0.0953603447 -0.018533153 0.0466930096 -1.14792244e-06 -1.24564753e-07 -1
VGCC_O 4 -0.108229728 0.00324736392 0.0466932869 -8.10297798e-07 1.61178104e-07 -1
VGCC_O 5 0.113746944 -0.0200409323 0.0466929896 -1.01287282e-06 -1.51427976e-07 -1
VGCC_O 2 0.119933892 -0.04777957 0.0466929781 -1.41802115e-06 2.82063236e-07 -1
TAG 41 -0.105784995 0.0105052503 0.0536665039 -0.333750681 -0.131703993 -0.933415524
TAG 73 0.105323475 -0.00357186878 0.063445091 -0.346545998 0.867982935 -0.355684546
TAG 71 -0.096079873 0.00270213046 0.0564810255 0.74861179 -0.322508554 -0.579282851
TAG 70 -0.118208439 0.00383577013 0.0653592954 -0.735818461 -0.677177107 0.0015353549
TAG 69 -0.119239302 0.00795267007 0.0681959954 -0.999896295 -0.0141984574 0.00240892698
TAG 67 -0.115078276 0.000454692191 0.0742448755 -0.735818461 -0.677177107 0.0015353549
TAG 65 0.119072188 -0.020557456 0.0800936336 0.751399702 -0.322919474 0.575431578
TAG 63 -0.104896891 0.0149528875 0.0527352849 0.329239713 0.132369034 -0.93492227
TAG 62 -0.0995730683 0.0302300905 0.0690462359 0.3213287 0.750213891 -0.577864158
TAG 59 -0.100018848 -0.00188752594 0.0603333581 0.344822933 -0.867729023 -0.35797135
TAG 55 -0.119337383 0.0151637023 0.0699872324 -0.999896295 -0.0141984574 0.00240892698
TAG 54 -0.104785227 0.0261860029 0.076486355 -0.344822968 0.867728888 0.357971643
TAG 53 -0.089146311 -0.000197085518 0.0670554248 0.74861179 -0.322508554 -0.579282851
TAG 52 -0.119278263 0.0119799944 0.0757618237 -0.999896295 -0.0141984574 0.00240892698
TAG 51 -0.102448777 0.00747370566 0.0865367572 -0.329239868 -0.132369105 0.934922205
TAG 45 -0.113699624 0.0170707545 0.0588716642 -0.751399624 0.322919173 -0.575431849
TAG 44 -0.11923843 0.00668793202 0.0611035411 -0.999896295 -0.0141984574 0.00240892698
LGIC_C 0 0.497433433 0.233773701 0.0250140107 -4.20574004e-08 -2.81018564e-08 1
LGIC_C 1 -0.317977147 0.041367078 0.0250139974 4.34088259e-08 -8.63455061e-09 1
LGIC_C 2 -0.512826143 0.0977998475 0.0250140097 4.96100897e-08 -9.86805572e-09 1
LGIC_C 3 0.254563205 -0.627922779 0.0250140169 -9.86804037e-09 4.96101e-08 1
LGIC_C 4 -0.371858434 -0.232826026 0.0250140032 6.28883752e-09 7.55636663e-08 1
LGIC_C 5 0.00269561035 -0.542916995 0.0250140146 1.00935263e-08 5.7878447e-08 1
LGIC_C 6 -0.343207173 0.455048742 0.0250140138 1.28239438e-08 -5.73353116e-08 1
LGIC_C 7 -0.695020034 0.430721954 0.0250140194 3.68002297e-08 -2.45891157e-08 1
LGIC_C 8 -0.226579074 0.288996615 0.0250139995 2.45891128e-08 -3.68002333e-08 1
LGIC_C 9 -0.470742586 -0.284125163 0.0250140077 6.28883752e-09 7.55636663e-08 1
LGIC_C 10 -0.390878603 -0.628861968 0.025014018 3.95603082e-08 3.05989652e-08 1
LGIC_C 11 0.191106756 0.575411823 0.0250140106 -6.33660387e-09 4.96100877e-08 -1
LGIC_C 12 0.351103293 0.167235536 0.025014006 -4.90669739e-08 -3.27854893e-08 1
LGIC_C 13 0.714090328 -0.111916645 0.0250140198 -4.96100859e-08 9.86807898e-09 1
LGIC_C 14 0.656397649 0.229588802 0.0250140143 -4.96100869e-08 6.3366408e-09 1
LGIC_C 15 -0.446072718 -0.33041744 0.025014007 5.39043203e-09 6.47688584e-08 1
LGIC_C 16 0.651807489 -0.118986167 0.0250140167 -4.96100859e-08 9.86807898e-09 1
LGIC_C 17 -0.538919728 0.336229394 0.0250140137 -4.82586679e-08 1.31306769e-08 -1
LGIC_C 18 0.269626645 -0.425176147 0.0250140087 -2.81018481e-08 4.20574137e-08 1
LGIC_C 19 -0.321868075 0.273100316 0.0250140073 3.37890593e-08 -4.80634052e-08 1
LGIC_C 20 0.153856536 -0.343899617 0.025014002 -2.81018481e-08 4.20574137e-08 1
LGIC_C 21 -0.0144304187 -0.159582911 0.0250139907 -2.90231482e-08 4.96101036e-08 1
LGIC_C 22 0.159330505 0.627852377 0.025014016 -9.86806672e-09 -4.96100854e-08 1
LGIC_C 23 -0.471457292 0.382308681 0.02501401 3.68002297e-08 -2.45891157e-08 1
LGIC_C 24 0.118104717 0.477516983 0.0250140081 -9.86806672e-09 -4.96100854e-08 1
LGIC_C 25 0.420816937 0.0216132272 0.0250140017 -4.34088272e-08 -8.63453573e-09 1
LGIC_C 26 -0.0596253302 0.277064458 0.025014 1.15127271e-08 -5.78784352e-08 1
LGIC_C 27 -0.265008585 0.483860242 0.0250140157 3.27854968e-08 -4.90669676e-08 1
LGIC_C 28 0.676554254 0.0679756142 0.0250140132 -4.34088272e-08 -8.63453573e-09 1
LGIC_C 29 -0.596950588 -0.114665844 0.0250140122 5.7878436e-08 -4.89847332e-08 1
LGIC_C 30 0.625353817 0.0523833477 0.0250140139 -4.96100869e-08 6.3366408e-09 1
LGIC_C 31 -0.385055388 -0.463864985 0.0250140127 3.95603082e-08 3.05989652e-08 1
LGIC_C 32 0.0422916398 0.0854296434 0.0250139879 1.3130701e-08 4.82586573e-08 -1
LGIC_C 33 -0.0270054357 0.613953763 0.0250140102 8.63455111e-09 -4.34088279e-08 1
LGIC_C 34 0.209094805 -0.458609463 0.0250140126 -3.27854948e-08 4.90669785e-08 1
LGIC_C 35 -0.189143773 -0.534441599 0.0250140042 -2.90231482e-08 4.96101036e-08 1
LGIC_C 36 0.533436435 -0.588028991 0.025014018 -2.45891087e-08 3.68002429e-08 1
LGIC_C 37 0.129488328 0.752701797 0.0250140171 -8.63455884e-09 -4.34088253e-08 1
LGIC_C 38 0.728506844 -0.31335341 0.0250140179 -3.05989503e-08 3.95603122e-08 1
LGIC_C 39 0.697464002 0.317724583 0.0250140167 -3.68002282e-08 -2.45891172e-08 1
LGIC_C 40 -0.742828687 0.0122964404 0.0250140158 4.34088279e-08 -2.48392273e-08 1
LGIC_C 41 -0.527094526 0.614864781 0.0250140189 2.45891128e-08 -3.68002333e-08 1
LGIC_C 42 -0.265178605 -0.650996931 0.0250140138 8.63456455e-09 4.34088336e-08 1
LGIC_C 43 -0.57476223 -0.546716575 0.0250140171 1.15916899e-08 4.97976879e-08 1
LGIC_C 44 0.278286665 0.541443491 0.025014013 1.3130701e-08 4.82586573e-08 -1
LGIC_C 45 0.0138178911 -0.223957727 0.0250139943 6.33663526e-09 4.9610097e-08 1
LGIC_C 46 -0.213551599 -0.184327701 0.0250139963 5.39043203e-09 6.47688584e-08 1
LGIC_C 47 0.483714811 -0.180820681 0.0250140133 -5.78784275e-08 1.15127558e-08 1
LGIC_C 48 -0.0387407704 -0.431991173 0.0250140023 8.63456455e-09 4.34088336e-08 1
LGIC_C 49 -0.528459378 -0.211587976 0.025014008 4.34088238e-08 8.63459484e-09 1
LGIC_C 50 0.275392361 -0.313114275 0.0250140076 -3.27854948e-08 4.90669785e-08 1
LGIC_C 51 -0.601251199 -0.0131581592 0.025014009 -4.34088282e-08 2.70157287e-08 -1
LGIC_C 52 0.646834875 -0.190483998 0.025014016 -4.34088182e-08 2.48392526e-08 1
LGIC_C 53 0.352361005 -0.113343627 0.0250140013 -4.34088182e-08 2.48392526e-08 1
LGIC_C 54 -0.0415432777 -0.212834576 0.0250139935 -4.89847109e-08 5.78784581e-08 1
LGIC_C 55 0.430158108 0.514924549 0.0250140128 -2.45891309e-08 -3.68002211e-08 1
LGIC_C 56 -0.14026867 -0.236595126 0.0250139945 -5.56021111e-08 -1.45571543e-08 -1
LGIC_C 57 -0.0593917704 0.436038265 0.0250140068 -3.14742797e-08 4.96100914e-08 -1
LGIC_C 58 0.427656548 -0.0569280305 0.0250140032 -4.34088182e-08 2.48392526e-08 1
LGIC_C 59 -0.405165987 -0.20499862 0.0250140005 1.45571809e-08 5.5602105e-08 1
LGIC_C 60 0.108335291 0.4892733 0.0250140109 -3.14742949e-08 -4.96100822e-08 1
LGIC_C 61 -0.3977393 0.370785012 0.0250140104 4.20574045e-08 -2.81018523e-08 1
LGIC_C 62 -0.106267133 0.418006229 0.0250140074 -3.14742797e-08 4.96100914e-08 -1
LGIC_C 63 0.202507029 -0.0225757475 0.0250139935 -4.96100859e-08 9.86807898e-09 1
LGIC_C 64 -0.254211464 0.066828839 0.0250139947 5.7878425e-08 4.89846948e-08 1
LGIC_C 65 0.0403742067 0.3209526 0.0250139996 -9.86806672e-09 -4.96100854e-08 1
LGIC_C 66 -0.304633488 -0.276699491 0.0250140005 1.15916899e-08 4.97976879e-08 1
LGIC_C 67 -0.478597148 0.412890414 0.0250140175 6.28881943e-09 -7.55636452e-08 1
LGIC_C 68 -0.594129524 -0.104645738 0.0250140062 -4.34088282e-08 2.70157287e-08 -1
LGIC_C 69 -0.669375405 -0.336708168 0.0250140162 3.68002489e-08 2.45891179e-08 1
LGIC_C 70 -0.0405182362 0.431483097 0.0250140023 8.63455111e-09 -4.34088279e-08 1
LGIC_C 71 0.600963346 0.146705977 0.0250140197 -5.78784335e-08 -1.15127284e-08 1
LGIC_C 72 0.0982569555 0.349299249 0.025014 -6.33660387e-09 4.96100877e-08 -1
LGIC_C 73 -0.0246563281 0.00186626523 0.0250139844 4.34088279e-08 -2.48392273e-08 1
LGIC_C 74 0.520074307 0.448655615 0.0250140142 -4.82586616e-08 -1.31306776e-08 1
LGIC_C 75 0.544716987 -0.587495304 0.0250140182 -2.45891087e-08 3.68002429e-08 1
LGIC_C 76 -0.669450146 0.07874548 0.0250140142 4.96100851e-08 2.90231542e-08 1
LGIC_C 77 0.317120549 -0.225448086 0.0250140018 -3.05989503e-08 3.95603122e-08 1
LGIC_C 78 0.245527456 0.384097418 0.0250140102 -3.27855134e-08 -4.90669575e-08 1
LGIC_C 79 -0.593455707 -0.259273615 0.025014003 1.15916899e-08 4.97976879e-08 1
LGIC_C 80 0.695317008 -0.038805681 0.0250140138 -4.34088226e-08 8.63456802e-09 1
LGIC_C 81 0.086954281 0.656508776 0.0250140153 -6.33660387e-09 4.96100877e-08 -1
LGIC_C 82 0.499797955 -0.355182663 0.0250140126 -3.05989503e-08 3.95603122e-08 1
LGIC_C 83 -0.37483826 0.248161072 0.0250140046 -4.82586679e-08 1.31306769e-08 -1
LGIC_C 84 0.252388324 0.492473049 0.0250140103 1.3130701e-08 4.82586573e-08 -1
LGIC_C 85 -0.056932989 0.125872159 0.0250139912 1.28239438e-08 -5.73353116e-08 1
LGIC_C 86 0.533193328 -0.349941956 0.0250140181 -3.37890406e-08 4.80634332e-08 1
LGIC_C 87 -0.346200275 -0.248924005 0.0250140021 1.45571809e-08 5.5602105e-08 1
LGIC_C 88 -0.555724647 -0.524707607 0.0250140158 1.15916899e-08 4.97976879e-08 1
LGIC_C 89 0.294482583 -0.514747747 0.0250140119 -1.31306721e-08 4.82586744e-08 1
LGIC_C 90 -0.337260948 -0.308847326 0.0250140053 1.45571809e-08 5.5602105e-08 1
LGIC_C 91 0.122523089 0.761002624 0.0250140174 -8.63455884e-09 -4.34088253e-08 1
LGIC_C 92 0.210507963 -0.657124926 0.0250140145 6.33663526e-09 4.9610097e-08 1
LGIC_C 93 -0.0755898998 0.563428642 0.0250140107 -6.33661298e-09 -4.96100859e-08 1
LGIC_C 94 0.13828303 -0.0313568944 0.0250139911 -4.96100802e-08 3.14742968e-08 1
LGIC_C 95 -0.318672801 -0.377107364 0.0250140065 -5.56021111e-08 -1.45571543e-08 -1
LGIC_C 96 0.344080155 -0.0155307183 0.0250140005 -4.96100859e-08 9.86807898e-09 1
LGIC_C 97 -0.392212534 0.114228704 0.0250139994 4.96100851e-08 2.90231542e-08 1
LGIC_C 98 -0.343780717 -0.519906856 0.0250140128 3.95603082e-08 3.05989652e-08 1
LGIC_C 99 0.241448811 -0.0537849509 0.0250139969 -4.96100802e-08 3.14742968e-08 1
LGIC_C 100 -0.34467206 -0.510186658 0.0250140105 2.45891453e-08 3.68002268e-08 1
LGIC_C 101 -0.363701923 0.0138009775 0.0250140014 4.96100897e-08 -9.86805572e-09 1
LGIC_C 102 -0.337611435 0.454344258 0.0250140137 1.28239438e-08 -5.73353116e-08 1
LGIC_C 103 -0.4116447 -0.0372667799 0.0250140015 4.34088238e-08 8.63459484e-09 1
LGIC_C 104 0.567160273 -0.252227371 0.0250140193 -4.90669481e-08 3.27855328e-08 1
LGIC_C 105 -0.341001142 0.117569023 0.025014001 4.34088279e-08 -2.48392273e-08 1
LGIC_C 106 -0.271939991 0.724741523 0.0250140171 8.63455111e-09 -4.34088279e-08 1
LGIC_C 107 -0.70573948 -0.271226599 0.0250140162 4.34088238e-08 8.63459484e-09 1
LGIC_C 108 -0.0318109762 -0.51801977 0.0250140065 2.48392553e-08 4.34088306e-08 1
LGIC_C 109 0.188505688 0.117992406 0.0250139939 -4.82586616e-08 -1.31306776e-08 1
LGIC_C 110 -0.152207906 -0.710286382 0.0250140154 8.63456455e-09 4.34088336e-08 1
LGIC_C 111 -0.532838513 -0.192073676 0.0250140041 -4.96100919e-08 2.90231703e-08 -1
LGIC_C 112 0.718129612 -0.0154845295 0.0250140193 -4.96100802e-08 3.14742968e-08 1
LGIC_C 113 -0.0202486692 -0.677931128 0.0250140132 2.48392553e-08 4.34088306e-08 1
LGIC_C 114 -0.355152669 0.409935414 0.0250140113 1.28239438e-08 -5.73353116e-08 1
LGIC_C 115 0.514867066 -0.426570646 0.0250140159 -3.05989503e-08 3.95603122e-08 1
LGIC_C 116 0.180698727 -0.461767349 0.0250140081 1.00935263e-08 5.7878447e-08 1
LGIC_C 117 -0.180455789 -0.0288067295 0.0250139914 -4.96100919e-08 2.90231703e-08 -1
LGIC_C 118 -0.323256986 -0.33093506 0.0250140062 3.95603082e-08 3.05989652e-08 1
LGIC_C 119 0.0893824107 0.422812883 0.0250140051 -9.86806672e-09 -4.96100854e-08 1
LGIC_C 120 0.0245398701 0.503982429 0.0250140085 -9.86806672e-09 -4.96100854e-08 1
LGIC_C 121 -0.44198375 -0.412876201 0.0250140089 1.15916899e-08 4.97976879e-08 1
LGIC_C 122 0.599246321 -0.327893693 0.0250140133 -3.68002179e-08 2.45891393e-08 1
LGIC_C 123 0.340091149 -0.339000757 0.025014011 -4.90669481e-08 3.27855328e-08 1
LGIC_C 124 0.499897616 -0.431105041 0.0250140122 -3.68002179e-08 2.45891393e-08 1
LGIC_C 125 0.102094366 -0.167975542 0.0250139927 -1.31306721e-08 4.82586744e-08 1
LGIC_C 126 0.648424695 -0.360358147 0.0250140173 -3.05989503e-08 3.95603122e-08 1
LGIC_C 127 0.282221908 -0.277737073 0.0250140029 -3.05989503e-08 3.95603122e-08 1
LGIC_C 128 0.270976696 -0.365956539 0.0250140034 -2.45891087e-08 3.68002429e-08 1
LGIC_C 129 0.381457446 -0.102557923 0.0250140007 -4.34088226e-08 8.63456802e-09 1
LGIC_C 130 -0.671278119 0.184436617 0.025014014 4.34088259e-08 -8.63455061e-09 1
LGIC_C 131 0.375813052 0.302940523 0.0250140054 -4.82586616e-08 -1.31306776e-08 1
LGIC_C 132 -0.244909358 0.0526998333 0.0250139948 5.7878425e-08 4.89846948e-08 1
LGIC_C 133 -0.564969124 -0.0556103838 0.0250140083 4.34088238e-08 8.63459484e-09 1
LGIC_C 134 0.324912241 -0.656067277 0.0250140154 -2.45891087e-08 3.68002429e-08 1
LGIC_C 135 -0.342169636 -0.266975076 0.0250140056 6.28883752e-09 7.55636663e-08 1
LGIC_C 136 0.426656915 -0.27117229 0.0250140056 -3.68002179e-08 2.45891393e-08 1
LGIC_C 137 0.366324874 -0.291982794 0.025014006 -3.05989503e-08 3.95603122e-08 1
LGIC_C 138 -0.681645302 -0.199283863 0.0250140087 4.96100935e-08 -4.19869172e-08 1
LGIC_C 139 0.149765545 -0.00302875639 0.0250139907 -4.96100802e-08 3.14742968e-08 1
LGIC_C 140 0.423890499 0.540022491 0.0250140135 -2.45891309e-08 -3.68002211e-08 1
LGIC_C 141 0.527614246 0.0317698212 0.0250140064 -4.34088272e-08 -8.63453573e-09 1
LGIC_C 142 -0.476530666 -0.545745602 0.0250140188 3.95603082e-08 3.05989652e-08 1
LGIC_C 143 -0.0833214103 -0.171688001 0.0250139928 2.81018674e-08 4.20574117e-08 1
LGIC_C 144 -0.443596181 -0.484372523 0.0250140156 3.95603082e-08 3.05989652e-08 1
LGIC_C 145 0.182968386 -0.00147800331 0.0250139912 -4.34088182e-08 2.48392526e-08 1
LGIC_C 146 0.00650172092 0.585662755 0.0250140124 -9.86806672e-09 -4.96100854e-08 1
LGIC_C 147 -0.373072815 -0.331996457 0.0250140041 1.15916899e-08 4.97976879e-08 1
LGIC_C 148 0.408510894 -0.109518419 0.0250140081 -5.78784275e-08 1.15127558e-08 1
LGIC_C 149 0.529675719 0.51839343 0.0250140155 -3.68002282e-08 -2.45891172e-08 1
LGIC_C 150 0.423303565 0.165914675 0.0250140032 -4.96100869e-08 6.3366408e-09 1
LGIC_C 151 -0.103318082 -0.719166902 0.0250140153 8.63456455e-09 4.34088336e-08 1
LGIC_C 152 0.265297612 0.621813213 0.0250140169 -2.81018716e-08 -4.20573923e-08 1
LGIC_C 153 0.158660607 -0.164487302 0.0250139947 -1.28239349e-08 5.73353226e-08 1
LGIC_C 154 0.166877753 0.522170478 0.0250140108 -9.86806672e-09 -4.96100854e-08 1
LGIC_C 155 -0.611357112 0.0867475528 0.0250140106 4.34088259e-08 -8.63455061e-09 1
LGIC_C 156 -0.28963387 0.0361484913 0.0250139962 4.34088259e-08 -8.63455061e-09 1
LGIC_C 157 -0.394147077 0.279717035 0.0250140069 6.28881943e-09 -7.55636452e-08 1
LGIC_C 158 0.396403184 0.216238692 0.025014007 3.37890593e-08 4.80634111e-08 -1
LGIC_C 159 0.753520022 0.235879818 0.025014018 -4.34088272e-08 -8.63453573e-09 1
LGIC_C 160 -0.247403023 -0.100586531 0.0250139913 -4.34088282e-08 2.70157287e-08 -1
LGIC_C 161 -0.428057384 0.140387075 0.0250140059 4.96100897e-08 -9.86805572e-09 1
LGIC_C 162 0.437024327 -0.0679641412 0.0250140093 -5.78784275e-08 1.15127558e-08 1
LGIC_C 163 0.353966789 -0.212123167 0.0250140041 -4.20573976e-08 2.81018683e-08 1
LGIC_C 164 0.219624199 -0.572077529 0.0250140102 6.33663526e-09 4.9610097e-08 1
LGIC_C 165 -0.338722241 0.0584593479 0.0250139984 4.96100851e-08 2.90231542e-08 1
LGIC_C 166 -0.176509346 -0.692048282 0.0250140177 2.48392553e-08 4.34088306e-08 1
LGIC_C 167 -0.531860764 0.49781917 0.0250140155 -4.82586679e-08 1.31306769e-08 -1
LGIC_C 168 -0.605893897 -0.218065882 0.0250140114 4.34088238e-08 8.63459484e-09 1
LGIC_C 169 0.669762399 -0.455664134 0.0250140191 -3.68002179e-08 2.45891393e-08 1
LGIC_C 170 0.494142758 -0.35612973 0.025014017 -3.37890406e-08 4.80634332e-08 1
LGIC_C 171 -0.191826358 0.255445949 0.0250140004 1.28239438e-08 -5.73353116e-08 1
LGIC_C 172 0.37879526 0.161818526 0.0250140037 -4.20574004e-08 -2.81018564e-08 1
LGIC_C 173 0.663207109 0.321951533 0.0250140156 -3.68002282e-08 -2.45891172e-08 1
LGIC_C 174 -0.0376513401 -0.556242794 0.0250140083 2.48392553e-08 4.34088306e-08 1
LGIC_C 175 0.393812149 -0.250697696 0.0250140086 -3.37890406e-08 4.80634332e-08 1
LGIC_C 176 -0.59675596 -0.574888996 0.0250140188 1.15916899e-08 4.97976879e-08 1
LGIC_C 177 0.309024177 0.345222369 0.0250140065 -2.81018716e-08 -4.20573923e-08 1
LGIC_C 178 0.0754915352 -0.607833206 0.0250140129 6.33663526e-09 4.9610097e-08 1
LGIC_C 179 -0.253813879 -0.184586699 0.0250139988 6.28883752e-09 7.55636663e-08 1
LGIC_C 180 -0.165969089 0.221193437 0.0250139972 2.8101852e-08 -4.20574041e-08 1
LGIC_C 181 -0.676799299 -0.287802695 0.0250140055 5.39043203e-09 6.47688584e-08 1
LGIC_C 182 0.0877844657 -0.18369086 0.0250139934 -2.81018481e-08 4.20574137e-08 1
LGIC_C 183 0.679771429 0.303653608 0.02501402 -4.82586616e-08 -1.31306776e-08 1
LGIC_C 184 0.746664395 -0.0188437836 0.0250140161 -4.34088182e-08 2.48392526e-08 1
LGIC_C 185 0.38257005 -0.149253868 0.0250140035 -4.34088182e-08 2.48392526e-08 1
LGIC_C 186 -0.642787041 -0.354912884 0.0250140097 5.39043203e-09 6.47688584e-08 1
LGIC_C 187 0.143173858 0.0807376896 0.0250139929 -4.90669739e-08 -3.27854893e-08 1
LGIC_C 188 -0.713781283 0.0913312019 0.025014015 4.34088259e-08 -8.63455061e-09 1
LGIC_C 189 -0.506006705 0.243048237 0.0250140114 4.20574045e-08 -2.81018523e-08 1
LGIC_C 190 0.377615599 -0.694463881 0.0250140181 -2.45891087e-08 3.68002429e-08 1
LGIC_C 191 -0.449241953 -0.249501915 0.0250140018 5.39043203e-09 6.47688584e-08 1
LGIC_C 192 -0.295239169 0.107912215 0.025013997 4.34088259e-08 -8.63455061e-09 1
LGIC_C 193 0.273551665 0.0555157021 0.0250139974 -4.96100911e-08 -9.86803575e-09 1
LGIC_C 194 -0.651711151 0.391971089 0.0250140169 3.68002297e-08 -2.45891157e-08 1
LGIC_C 195 0.34796416 0.398724582 0.0250140098 -2.81018716e-08 -4.20573923e-08 1
LGIC_C 196 0.742804527 0.387372979 0.0250140201 -3.68002282e-08 -2.45891172e-08 1
LGIC_C 197 -0.218389783 -0.470807223 0.0250140059 2.45891453e-08 3.68002268e-08 1
LGIC_C 198 0.531980052 0.0225538026 0.0250140065 -4.34088272e-08 -8.63453573e-09 1
LGIC_C 199 0.610815294 0.248117993 0.025014012 -4.96100869e-08 6.3366408e-09 1
LGIC_C 200 0.727247483 -0.271550217 0.0250140171 -4.34088226e-08 8.63456802e-09 1
LGIC_C 201 0.238809286 0.104006267 0.0250139962 -4.20574004e-08 -2.81018564e-08 1
LGIC_C 202 -0.0339689641 -0.345946921 0.0250139991 2.48392553e-08 4.34088306e-08 1
LGIC_C 203 -0.183800829 -0.0742981682 0.0250139903 5.7878436e-08 -4.89847332e-08 1
LGIC_C 204 -0.382875865 0.535449002 0.0250140166 2.8101852e-08 -4.20574041e-08 1
LGIC_C 205 -0.0734027946 0.235009182 0.0250139957 9.86805557e-09 -4.96100883e-08 1
LGIC_C 206 0.621670846 -0.373855284 0.0250140153 -3.68002179e-08 2.45891393e-08 1
LGIC_C 207 -0.116849702 -0.469576869 0.0250140047 -4.89847109e-08 5.78784581e-08 1
LGIC_C 208 -0.499163798 0.346630503 0.0250140119 -4.82586679e-08 1.31306769e-08 -1
LGIC_C 209 -0.0463569533 -0.0210413618 0.0250139904 -1.17760821e-07 -7.86851768e-08 -1
LGIC_C 210 0.0556426051 0.235288034 0.0250139955 -9.86806672e-09 -4.96100854e-08 1
LGIC_C 211 0.583336121 -0.153455714 0.0250140188 -5.78784275e-08 1.15127558e-08 1
LGIC_C 212 -0.323256988 -0.46726258 0.025014008 -5.56021111e-08 -1.45571543e-08 -1
LGIC_C 213 0.405691132 -0.426393086 0.0250140126 -2.81018481e-08 4.20574137e-08 1
LGIC_C 214 0.51253238 -0.0714639946 0.0250140061 -4.34088226e-08 8.63456802e-09 1
LGIC_C 215 -0.447280466 -0.00455036514 0.0250140027 4.34088238e-08 8.63459484e-09 1
LGIC_C 216 0.187896194 -0.144309164 0.0250139947 -3.05989503e-08 3.95603122e-08 1
LGIC_C 217 0.504396801 -0.417586876 0.0250140203 -3.37890406e-08 4.80634332e-08 1
LGIC_C 218 -0.268057708 0.353881837 0.0250140039 1.31306824e-08 -4.82586643e-08 1
LGIC_C 219 -0.231512076 -0.447868334 0.0250140061 3.95603082e-08 3.05989652e-08 1
LGIC_C 220 -0.674255475 -0.352034282 0.0250140167 3.68002489e-08 2.45891179e-08 1
LGIC_C 221 0.707955986 -0.459312178 0.00765288473 0.827616944 -0.552996408 0.0961517878
LGIC_C 222 -0.560129141 -0.187273947 0.0250140056 -4.96100919e-08 2.90231703e-08 -1
LGIC_C 223 0.24488679 0.448625775 0.0250140102 -4.80634192e-08 -3.37890445e-08 1
LGIC_C 224 -0.377083759 0.102832243 0.025013999 4.96100851e-08 2.90231542e-08 1
LGIC_C 225 0.172983067 -0.590842256 0.0250140104 -8.63454093e-09 4.34088369e-08 1
LGIC_C 226 0.367039181 -0.266858883 0.0250140033 -3.68002179e-08 2.45891393e-08 1
LGIC_C 227 -0.115702587 0.462356471 0.0250140043 8.63455111e-09 -4.34088279e-08 1
LGIC_C 228 0.267160047 -0.320400742 0.0250140022 -1.31306721e-08 4.82586744e-08 1
LGIC_C 229 -0.550698377 -0.0749070413 0.0250140078 4.34088238e-08 8.63459484e-09 1
LGIC_C 230 -0.632858722 -0.246302027 0.0250140041 -4.34088282e-08 2.70157287e-08 -1
LGIC_C 231 0.516798137 0.293767898 0.0250140148 3.37890593e-08 4.80634111e-08 -1
LGIC_C 232 -0.21910573 0.745495387 0.0250140175 8.63455111e-09 -4.34088279e-08 1
LGIC_C 233 0.387334125 0.207200355 0.0250140047 -4.82586616e-08 -1.31306776e-08 1
LGIC_C 234 -0.0916697856 -0.453948047 0.0250140037 8.63456455e-09 4.34088336e-08 1
LGIC_C 235 0.270873711 0.447588852 0.0250140097 -2.81018716e-08 -4.20573923e-08 1
LGIC_C 236 0.341849068 0.00204224425 0.0250140002 -4.96100869e-08 6.3366408e-09 1
LGIC_C 237 0.68997936 -0.0352332625 0.0250140186 -4.96100802e-08 3.14742968e-08 1
LGIC_C 238 -0.178281928 0.0253265534 0.0250139923 5.7878425e-08 4.89846948e-08 1
LGIC_C 239 0.508030144 -0.302169457 0.0250140131 -4.20573976e-08 2.81018683e-08 1
LGIC_C 240 0.135799384 -0.223494478 0.0250139978 -1.28239349e-08 5.73353226e-08 1
LGIC_C 241 -0.118307191 0.285924775 0.0250139986 2.8101852e-08 -4.20574041e-08 1
LGIC_C 242 0.624719091 -0.318430159 0.0250140196 -3.37890406e-08 4.80634332e-08 1
LGIC_C 243 -0.61371152 0.213051358 0.0250140158 4.96100897e-08 -9.86805572e-09 1
LGIC_C 244 0.565586572 -0.200521123 0.0250140183 -5.78784275e-08 1.15127558e-08 1
LGIC_C 245 -0.433076016 -0.424662494 0.0250140132 1.45571809e-08 5.5602105e-08 1
LGIC_C 246 0.419880731 0.488131627 0.0250140115 -2.45891309e-08 -3.68002211e-08 1
LGIC_C 247 -0.455699624 0.675780824 0.0250140193 2.45891128e-08 -3.68002333e-08 1
LGIC_C 248 0.1389186 -0.143135688 0.0250139919 -2.45891087e-08 3.68002429e-08 1
LGIC_C 249 0.513566715 -0.0351139183 0.0250140098 -4.96100802e-08 3.14742968e-08 1
LGIC_C 250 0.218815935 0.510079864 0.025014011 -4.80634192e-08 -3.37890445e-08 1
LGIC_C 251 0.0103441526 0.656297813 0.0250140158 -6.33660387e-09 4.96100877e-08 -1
LGIC_C 252 0.128688868 0.654482422 0.0250140198 -3.14742949e-08 -4.96100822e-08 1
LGIC_C 253 0.531758074 0.330461154 0.0250140132 -4.82586616e-08 -1.31306776e-08 1
LGIC_C 254 -0.469334394 0.284697002 0.0250140128 3.37890593e-08 -4.80634052e-08 1
LGIC_C 255 -0.82165374 -0.0205761301 0.0250140184 -4.34088282e-08 2.70157287e-08 -1
LGIC_C 256 -0.29344534 0.565391011 0.0250140113 2.45891128e-08 -3.68002333e-08 1
LGIC_C 257 0.303528798 0.330165445 0.0250140032 1.3130701e-08 4.82586573e-08 -1
LGIC_C 258 -0.267849686 0.582235527 0.0250140113 2.45891128e-08 -3.68002333e-08 1
LGIC_C 259 0.252833326 -0.286676079 0.0250140056 -3.27854948e-08 4.90669785e-08 1
LGIC_C 260 -0.060948242 -0.583432899 0.0250140128 9.8680833e-09 4.96100963e-08 1
LGIC_C 261 0.112859591 0.558789829 0.0250140085 -8.63455884e-09 -4.34088253e-08 1
LGIC_C 262 -0.337337516 0.338618067 0.025014004 1.31306824e-08 -4.82586643e-08 1
LGIC_C 263 -0.671819317 -0.2642513 0.0250140055 4.96100935e-08 -4.19869172e-08 1
LGIC_C 264 0.503622705 -0.314460241 0.0250140095 -3.68002179e-08 2.45891393e-08 1
LGIC_C 265 0.141655639 0.0212729327 0.0250139905 -4.96100911e-08 -9.86803575e-09 1
LGIC_C 266 -0.109988271 -0.316006379 0.0250139997 2.48392553e-08 4.34088306e-08 1
LGIC_C 267 -0.287978522 -0.267694937 0.0250140023 1.45571809e-08 5.5602105e-08 1
LGIC_C 268 -0.0527080482 -0.509246332 0.025014007 -2.90231482e-08 4.96101036e-08 1
LGIC_C 269 -0.0315902445 0.68489895 0.025014017 -6.33661298e-09 -4.96100859e-08 1
LGIC_C 270 -0.0958723103 -0.102165947 0.0250139912 7.55636799e-08 6.2887973e-09 1
LGIC_C 271 -0.507061886 -0.404616054 0.0250140119 3.68002489e-08 2.45891179e-08 1
LGIC_C 272 -0.396102169 0.299774741 0.0250140063 -4.82586679e-08 1.31306769e-08 -1
LGIC_C 273 0.70806528 -0.0992365529 0.0250140164 -4.34088182e-08 2.48392526e-08 1
LGIC_C 274 -0.327699408 0.387469602 0.0250140056 2.45891128e-08 -3.68002333e-08 1
LGIC_C 275 0.0182198195 -0.580149371 0.0250140119 6.33663526e-09 4.9610097e-08 1
LGIC_C 276 -0.0910203676 -0.424494125 0.0250140016 -2.90231482e-08 4.96101036e-08 1
LGIC_C 277 0.627647679 -0.0737121203 0.0250140167 -4.96100802e-08 3.14742968e-08 1
LGIC_C 278 0.280427015 0.277963906 0.0250140004 -3.68002282e-08 -2.45891172e-08 1
LGIC_C 279 0.0826658474 -0.0764489021 0.0250139882 -3.68002179e-08 2.45891393e-08 1
LGIC_C 280 -0.270388688 -0.123318315 0.025013994 1.45571809e-08 5.5602105e-08 1
LGIC_C 281 0.318696856 0.648214147 0.0250140205 -4.80634192e-08 -3.37890445e-08 1
LGIC_C 282 -0.276653064 -0.472384332 0.0250140087 3.95603082e-08 3.05989652e-08 1
LGIC_C 283 -0.258907728 -0.510069544 0.025014006 7.55636799e-08 6.2887973e-09 1
LGIC_C 284 0.190243375 -0.766058937 0.0250140181 -8.63454093e-09 4.34088369e-08 1
LGIC_C 285 -0.226945365 0.545031471 0.0250140175 3.27854968e-08 -4.90669676e-08 1
LGIC_C 286 -0.516414173 0.00869052365 0.0250140086 4.96100851e-08 2.90231542e-08 1
LGIC_C 287 -0.0400803574 -0.142899992 0.0250139898 8.63456455e-09 4.34088336e-08 1
LGIC_C 288 0.0279604206 -0.342539204 0.0250140001 6.33663526e-09 4.9610097e-08 1
LGIC_C 289 -0.0238425957 -0.030751787 0.025013985 2.45891453e-08 3.68002268e-08 1
LGIC_C 290 -0.401634905 -0.510931465 0.025014016 2.81018674e-08 4.20574117e-08 1
LGIC_C 291 -0.508753045 0.408453131 0.025014012 3.68002297e-08 -2.45891157e-08 1
LGIC_C 292 0.444491465 0.470453747 0.0250140155 -2.81018716e-08 -4.20573923e-08 1
LGIC_C 293 -0.644281724 -0.0396073327 0.0250140141 -4.96100919e-08 2.90231703e-08 -1
LGIC_C 294 0.0704310381 -0.199632799 0.0250139956 -1.15127059e-08 5.78784511e-08 1
LGIC_C 295 -0.180820801 0.146545525 0.0250139955 6.28881943e-09 -7.55636452e-08 1
LGIC_C 296 0.530511667 0.295117995 0.0250140138 -4.20574004e-08 -2.81018564e-08 1
LGIC_C 297 0.0571696575 0.319299678 0.0250139976 -8.63455884e-09 -4.34088253e-08 1
LGIC_C 298 0.018857645 -0.535147694 0.02501401 -9.86804037e-09 4.96101e-08 1
LGIC_C 299 -0.0925004685 -0.307082561 0.0250139994 9.8680833e-09 4.96100963e-08 1
LGIC_C 300 0.407345608 -0.0648015084 0.0250140025 -4.34088182e-08 2.48392526e-08 1
LGIC_C 301 0.094778987 0.372916933 0.0250140003 -8.63455884e-09 -4.34088253e-08 1
LGIC_C 302 0.353689315 0.32630003 0.0250140073 -4.20574004e-08 -2.81018564e-08 1
LGIC_C 303 -0.0457247293 0.331570081 0.0250140002 9.86805557e-09 -4.96100883e-08 1
LGIC_C 304 -0.178333248 0.37929054 0.0250140039 1.31306824e-08 -4.82586643e-08 1
LGIC_C 305 -0.457220721 0.195824853 0.0250140049 3.68002297e-08 -2.45891157e-08 1
LGIC_C 306 0.195272359 0.0846990807 0.0250139938 -4.20574004e-08 -2.81018564e-08 1
LGIC_C 307 -0.440706201 0.293074486 0.0250140084 -4.82586679e-08 1.31306769e-08 -1
LGIC_C 308 0.60161279 -0.256597237 0.0250140117 -3.68002179e-08 2.45891393e-08 1
LGIC_C 309 0.158276379 0.116993821 0.0250139919 -3.68002282e-08 -2.45891172e-08 1
LGIC_C 310 0.063803636 0.804149244 0.0250140187 -8.63455884e-09 -4.34088253e-08 1
LGIC_C 311 0.561123019 0.575447171 0.0250140182 -2.45891309e-08 -3.68002211e-08 1
LGIC_C 312 0.315255602 0.187082516 0.0250140018 -4.20574004e-08 -2.81018564e-08 1
LGIC_C 313 0.622163856 0.358587737 0.025014015 -3.68002282e-08 -2.45891172e-08 1
LGIC_C 314 -0.246847963 0.451997543 0.025014006 2.45891128e-08 -3.68002333e-08 1
LGIC_C 315 -0.10715161 0.0279610406 0.0250139889 4.96100897e-08 -9.86805572e-09 1
LGIC_C 316 -0.249428276 -0.197613481 0.0250139997 6.28883752e-09 7.55636663e-08 1
LGIC_C 317 -0.417747954 -0.184018085 0.0250140032 3.68002489e-08 2.45891179e-08 1
LGIC_C 318 -0.172997011 -0.348512132 0.025013998 -5.56021111e-08 -1.45571543e-08 -1
LGIC_C 319 -0.545906027 -0.0803405432 0.0250140048 -4.34088282e-08 2.70157287e-08 -1
LGIC_C 320 0.420505668 0.559144532 0.0250140186 -2.81018716e-08 -4.20573923e-08 1
LGIC_C 321 0.597726118 -0.322347137 0.0250140189 -3.37890406e-08 4.80634332e-08 1
LGIC_C 322 0.561153068 0.20528528 0.0250140181 -5.78784335e-08 -1.15127284e-08 1
LGIC_C 323 -0.307498213 -0.66671673 0.0250140199 2.81018674e-08 4.20574117e-08 1
LGIC_C 324 0.0159790468 0.706215474 0.0250140182 -6.33660387e-09 4.96100877e-08 -1
LGIC_C 325 0.45356306 0.666575529 0.0250140189 -2.45891309e-08 -3.68002211e-08 1
LGIC_C 326 0.211966721 0.679302989 0.0250140156 -6.33660387e-09 4.96100877e-08 -1
LGIC_C 327 -0.314649476 -0.0268196266 0.0250139981 -4.96100919e-08 2.90231703e-08 -1
LGIC_C 328 -0.401882673 0.00858868174 0.0250140009 4.34088279e-08 -2.48392273e-08 1
LGIC_C 329 0.637981961 -0.183156043 0.0250140167 -4.96100859e-08 9.86807898e-09 1
LGIC_C 330 0.33706864 -0.0355603406 0.0250140011 -4.96100802e-08 3.14742968e-08 1
LGIC_C 331 0.244380156 -0.0463562107 0.025013995 -4.34088182e-08 2.48392526e-08 1
LGIC_C 332 -0.00349648861 -0.352935397 0.0250140008 9.8680833e-09 4.96100963e-08 1
LGIC_C 333 0.498098346 0.152147059 0.0250140062 -4.34088272e-08 -8.63453573e-09 1
LGIC_C 334 0.243391923 0.809733995 0.0229344602 0.194186548 0.976240951 0.0961519121
LGIC_C 335 0.196408309 0.626167767 0.0250140131 -6.33660387e-09 4.96100877e-08 -1
LGIC_C 336 -0.761955869 0.0101523137 0.0250140166 4.34088279e-08 -2.48392273e-08 1
LGIC_C 337 -0.0615025141 -0.0149393686 0.0250139857 4.96100935e-08 -4.19869172e-08 1
LGIC_C 338 -0.140464936 0.266097271 0.0250139965 2.45891128e-08 -3.68002333e-08 1
LGIC_C 339 0.168554689 -0.250919961 0.0250139976 -1.31306721e-08 4.82586744e-08 1
LGIC_C 340 -0.276959708 0.623771113 0.0250140173 2.8101852e-08 -4.20574041e-08 1
LGIC_C 341 -0.0430700534 -0.719361324 0.0250140148 8.63456455e-09 4.34088336e-08 1
LGIC_C 342 -0.854720098 -0.0338044091 -0.0108080831 -0.976240825 -0.194187339 0.0961515894
LGIC_C 343 0.282509673 0.471129963 0.0250140097 1.3130701e-08 4.82586573e-08 -1
LGIC_C 344 -0.167132095 0.0293883455 0.0250139915 5.7878425e-08 4.89846948e-08 1
LGIC_C 345 -0.0675571653 -0.0925246261 0.025013989 7.55636799e-08 6.2887973e-09 1
LGIC_C 346 0.357361658 0.348784749 0.025014005 -3.68002282e-08 -2.45891172e-08 1
LGIC_C 347 0.419762425 -0.224892223 0.0250140112 -4.90669481e-08 3.27855328e-08 1
LGIC_C 348 -0.119452298 -0.620991269 0.0250140152 9.8680833e-09 4.96100963e-08 1
LGIC_C 349 -0.114016241 -0.590769033 0.0250140092 -2.90231482e-08 4.96101036e-08 1
LGIC_C 350 -0.228916691 0.375791654 0.0250140027 2.45891128e-08 -3.68002333e-08 1
LGIC_C 351 -0.112050092 0.061623656 0.02501399 3.37890593e-08 -4.80634052e-08 1
LGIC_C 352 -0.152438079 -0.363413534 0.0250140004 3.95603082e-08 3.05989652e-08 1
LGIC_C 353 -0.29975333 0.137414293 0.0250139997 4.20574045e-08 -2.81018523e-08 1
LGIC_C 354 0.170856761 0.237685058 0.0250139981 -2.81018716e-08 -4.20573923e-08 1
LGIC_C 355 0.117502947 -0.540457226 0.0250140133 1.00935263e-08 5.7878447e-08 1
LGIC_C 356 0.0987563867 0.767599116 0.0250140174 -8.63455884e-09 -4.34088253e-08 1
LGIC_C 357 0.761438024 0.22473893 0.0250140196 -4.96100869e-08 6.3366408e-09 1
LGIC_C 358 0.059388862 -0.0477516 0.0250139877 -4.90669481e-08 3.27855328e-08 1
LGIC_C 359 -0.186137586 0.131192419 0.0250139944 6.28881943e-09 -7.55636452e-08 1
LGIC_C 360 -0.483669193 0.444868973 0.025014012 3.68002297e-08 -2.45891157e-08 1
LGIC_C 361 0.584991891 -0.132519709 0.0250140136 -4.96100859e-08 9.86807898e-09 1
LGIC_C 362 -0.397735867 -0.10722668 0.0250139999 -4.96100919e-08 2.90231703e-08 -1
LGIC_C 363 -0.461844979 0.364078969 0.0250140129 4.20574045e-08 -2.81018523e-08 1
LGIC_C 364 0.0736844634 0.156746705 0.0250139934 -3.27855134e-08 -4.90669575e-08 1
LGIC_C 365 0.61317523 -0.313075013 0.0250140178 -4.20573976e-08 2.81018683e-08 1
LGIC_C 366 -0.264381441 -0.706508838 0.0250140205 2.48392553e-08 4.34088306e-08 1
LGIC_C 367 0.400242095 -0.129884967 0.0250140038 -4.34088182e-08 2.48392526e-08 1
LGIC_C 368 -0.111464649 -0.255635584 0.0250139955 3.95603082e-08 3.05989652e-08 1
LGIC_C 369 -0.0545070615 -0.597738207 0.0250140113 -2.90231482e-08 4.96101036e-08 1
LGIC_C 370 -0.411584615 -0.517729561 0.0250140124 2.45891453e-08 3.68002268e-08 1
LGIC_C 371 0.197289642 0.0994049384 0.0250139929 -3.68002282e-08 -2.45891172e-08 1
LGIC_C 372 -0.0686358779 0.440832132 0.025014003 8.63455111e-09 -4.34088279e-08 1
LGIC_C 373 -0.531708652 0.489786112 0.0250140149 3.68002297e-08 -2.45891157e-08 1
LGIC_C 374 0.120566264 -0.260467705 0.0250139974 -1.31306721e-08 4.82586744e-08 1
LGIC_C 375 0.181888494 -0.589231475 0.0250140155 1.00935263e-08 5.7878447e-08 1
LGIC_C 376 0.475433271 0.380092082 0.0250140139 -4.20574004e-08 -2.81018564e-08 1
LGIC_C 377 0.28463553 0.1871973 0.0250139983 -3.68002282e-08 -2.45891172e-08 1
LGIC_C 378 -0.604225199 0.0320368239 0.0250140123 4.96100851e-08 2.90231542e-08 1
LGIC_C 379 -0.0790484772 -0.43690224 0.0250140057 9.8680833e-09 4.96100963e-08 1
LGIC_C 380 0.126663485 0.614010248 0.025014015 -9.86806672e-09 -4.96100854e-08 1
LGIC_C 381 0.0137082095 0.615777761 0.0250140139 -9.86806672e-09 -4.96100854e-08 1
LGIC_C 382 0.577355423 -0.288615946 0.0250140166 -3.37890406e-08 4.80634332e-08 1
LGIC_C 383 0.311556162 -0.482346022 0.0250140171 -3.27854948e-08 4.90669785e-08 1
LGIC_C 384 -0.487912723 -0.399339329 0.0250140165 6.28883752e-09 7.55636663e-08 1
LGIC_C 385 0.601422964 0.068510566 0.0250140188 -5.78784335e-08 -1.15127284e-08 1
LGIC_C 386 0.573359884 -0.418975802 0.0250140146 -3.68002179e-08 2.45891393e-08 1
LGIC_C 387 0.524395101 -0.259705986 0.0250140134 -3.37890406e-08 4.80634332e-08 1
LGIC_C 388 -0.0418015326 0.468220652 0.0250140069 9.86805557e-09 -4.96100883e-08 1
LGIC_C 389 0.40086847 -0.326384538 0.0250140093 -4.20573976e-08 2.81018683e-08 1
LGIC_C 390 0.560216662 0.0542150075 0.0250140107 -4.96100869e-08 6.3366408e-09 1
LGIC_C 391 -0.221305127 0.128964883 0.025013997 3.37890593e-08 -4.80634052e-08 1
LGIC_C 392 -0.179087813 -0.610978117 0.0250140083 -2.90231482e-08 4.96101036e-08 1
LGIC_C 393 -0.0218716687 -0.332375762 0.0250139979 8.63456455e-09 4.34088336e-08 1
LGIC_C 394 0.42569735 0.653947324 0.0250140178 -2.45891309e-08 -3.68002211e-08 1
LGIC_C 395 0.312972986 0.462612327 0.0250140097 1.3130701e-08 4.82586573e-08 -1
LGIC_C 396 0.259427936 0.433501334 0.0250140076 1.3130701e-08 4.82586573e-08 -1
LGIC_C 397 -0.620721545 0.17536258 0.0250140117 4.34088259e-08 -8.63455061e-09 1
LGIC_C 398 -0.593954465 0.246485478 0.0250140152 3.37890593e-08 -4.80634052e-08 1
LGIC_C 399 0.560109162 -0.170358004 0.0250140164 -4.96100802e-08 3.14742968e-08 1
