VGCC_O 7 -0.137449801 0.00579357966 0.0466933342 -1.62059625e-06 3.22356338e-07 -1
VGCC_O 5 0.113746944 -0.0200409323 0.0466929896 -1.01287282e-06 -1.51427976e-07 -1
VGCC_O 3 0.0772568984 -0.00428239309 0.046693036 -1.41802159e-06 2.82063681e-07 -1
CaBS 10 0.110595689 -0.00125571858 0.0672111222 0.321328636 0.750213906 -0.577864173
CaBS 11 0.105607407 -0.00286481644 0.0648938852 -0.346545998 0.867982935 -0.355684546
CaBS 13 0.121353055 -0.0113369525 0.0695854038 0.735818353 0.677177225 -0.00153536905
CaBS 14 0.109650769 -0.0181062393 0.0855801357 0.333750516 0.131703927 0.933415593
CaBS 15 0.102919672 -0.0168496679 0.0857094376 -0.329239867 -0.132369096 0.934922207
CaBS 16 0.118046729 -0.0228988309 0.0801187519 0.751399702 -0.322919474 0.575431578
CaBS 17 0.108936325 -0.0252357706 0.0527884058 -0.333750671 -0.131704002 -0.933415527
CaBS 18 0.116363877 -0.0309739092 0.075184636 0.34654604 -0.867983022 0.355684293
CaBS 19 0.0949752314 -0.0275941458 0.0793373078 -0.321328743 -0.750213836 0.577864204
CaBS 20 0.103747062 -0.00929710442 0.0530718483 0.329239702 0.132369043 -0.934922272
CaBS 21 0.0972330016 -0.0213861676 0.0564298537 -0.333750671 -0.131704002 -0.933415527
CaBS 22 0.116646117 -0.00720502088 0.0628518392 0.321328636 0.750213906 -0.577864173
CaBS 23 0.10201897 -0.033468066 0.075628235 -0.321328743 -0.750213836 0.577864204
CaBS 24 0.0961694096 -0.0309136165 0.0687010889 -0.735818491 -0.677177075 0.00153536998
CaBS 25 -0.0937162658 0.00694956869 0.057170825 0.74861179 -0.322508554 -0.579282851
CaBS 29 -0.0911196956 0.02134879 0.069080326 0.735818381 0.677177195 -0.00153536913
CaBS 38 -0.110648019 -0.000367072455 0.0781710913 -0.321328736 -0.750213873 0.57786416
CaBS_Ca 56 0.105048401 -0.0321809011 0.0604701776 -0.324116536 -0.749802846 -0.576839807
CaBS_Ca 57 -0.102813942 0.00759632063 0.0530146256 -0.333750681 -0.131703993 -0.933415524
Ca 4 -0.429328578 0.282153579 0.676063303 0 0 0
CaBS_Ca 60 -0.0892700732 0.0104686033 0.0609574958 0.74861179 -0.322508554 -0.579282851
Ca 7 0.0718475106 -0.0074796814 0.19946835 0 0 0
Ca 8 0.276850528 0.318824118 0.297880727 0 0 0
Ca 1 -0.0904400777 0.296209501 0.454243873 0 0 0
Ca 6 0.210932286 0.314386381 0.801711604 0 0 0
Ca 6 -0.0143454033 0.0644053751 0.660690145 0 0 0
Ca 1 0.679410632 0.336794066 0.152703082 0 0 0
Ca 8 0.194471522 -0.103520804 0.0912156086 0 0 0
Ca 7 -0.724085524 -0.179623509 0.0500222504 0 0 0
Ca 1 -0.41535523 -0.266914965 0.560614756 0 0 0
Ca 7 0.421217304 -0.403763066 0.262684364 0 0 0
Ca 6 -0.118450114 0.215100346 0.554880257 0 0 0
Ca 4 -0.170164246 0.103882677 1.02714449 0 0 0
Ca 7 0.161848207 0.126716066 0.26767508 0 0 0
Ca 7 0.163851262 0.0382613733 0.588237207 0 0 0
Ca 6 -0.161473513 0.412667369 0.730237315 0 0 0
Ca 1 -0.642291802 0.342853797 0.308598181 0 0 0
Ca 8 0.178370025 0.194669153 0.11631841 0 0 0
Ca 8 -0.101657455 0.606236571 0.384086695 0 0 0
Ca 8 -0.0945223472 0.0123707107 0.684075977 0 0 0
Ca 8 -0.308624555 -0.220350795 0.696662716 0 0 0
Ca 1 -0.0838622767 0.117927637 0.441677874 0 0 0
Ca 8 -0.00151057994 -0.258448228 0.45360817 0 0 0
Ca 6 0.0583649578 0.489345759 0.214462387 0 0 0
Ca 1 -0.318632428 -0.127557823 0.243183354 0 0 0
Ca 6 -0.00426525045 0.00426067356 0.133353923 0 0 0
Ca 1 0.492806446 0.267541852 0.400480171 0 0 0
Ca 7 -0.627320963 0.0777123711 0.0997026829 0 0 0
Ca 7 -0.482845279 -0.365724049 0.245952727 0 0 0
Ca 6 0.10235019 0.535687192 0.384358639 0 0 0
Ca 6 -0.586057861 0.320774927 0.588261337 0 0 0
Ca 1 -0.135798509 0.166406115 0.230744596 0 0 0
Ca 4 0.0174093429 0.230750966 0.505264159 0 0 0
Ca 4 0.247599322 0.416430046 0.927067884 0 0 0
Ca 6 -0.25988407 0.00581226159 0.69068733 0 0 0
Ca 3 0.255376335 -0.432850981 0.10998336 0 0 0
Ca 7 -0.429540074 0.455069227 0.195886147 0 0 0
Ca 1 0.469939622 0.0814475046 0.287776089 0 0 0
Ca 7 -0.182965311 0.0891392576 0.260799348 0 0 0
Ca 1 -0.199083399 0.447923389 0.294558302 0 0 0
Ca 4 0.124026746 -0.181112633 0.764264287 0 0 0
Ca 1 -0.482226154 -0.345342853 0.189350047 0 0 0
Ca 6 -0.816535146 0.0272255309 0.176429167 0 0 0
Ca 6 -0.297370787 0.212855346 0.195159936 0 0 0
Ca 7 -0.174809295 0.0901959977 0.224013387 0 0 0
Ca 6 -0.287035141 -0.173214296 0.528380477 0 0 0
Ca 6 0.394224367 -0.168351545 0.0766220678 0 0 0
Ca 6 0.0492987711 0.314766284 0.185733736 0 0 0
Ca 7 -0.0768751031 -0.0518965705 0.306167233 0 0 0
Ca 4 -0.147256455 0.0854743165 0.196856201 0 0 0
Ca 7 0.203753389 -0.0848370538 0.407974977 0 0 0
Ca 1 -0.121044583 0.213031929 0.245066667 0 0 0
Ca 6 0.262862188 -0.378149852 0.125684462 0 0 0
Ca 8 -0.149228378 -0.233223787 0.0725566104 0 0 0
Ca 8 -0.241488897 0.245377952 0.264308189 0 0 0
Ca 1 -0.106768503 -0.00647157614 0.25968791 0 0 0
Ca 1 0.012563021 -0.00650419327 0.480888823 0 0 0
Ca 1 -0.203544107 0.171135044 0.336071238 0 0 0
Ca 6 0.00515760204 0.0654667643 0.177565405 0 0 0
Ca 8 -0.0136551321 0.0661748737 0.0561633429 0 0 0
Ca 4 0.0826813035 0.18008589 0.256516542 0 0 0
Ca 8 -0.0818674846 -0.159881946 0.184805951 0 0 0
Ca 1 -0.142343441 -0.109428695 0.127048777 0 0 0
Ca 7 -0.209074569 0.117581638 0.172471937 0 0 0
Ca 8 -0.294269623 -0.156004945 0.239222351 0 0 0
Ca 6 -0.148113212 0.0989243754 0.265324043 0 0 0
Ca 7 -0.140683382 0.186113544 0.0704552891 0 0 0
Ca 6 -0.16081918 0.0414947232 0.14777164 0 0 0
Ca 8 -0.323213005 0.122425183 0.0499968911 0 0 0
Ca 1 -0.174269059 -0.185169031 0.064436484 0 0 0
Ca 1 -0.0171058015 0.0280944376 0.0680573445 0 0 0
Ca 4 -0.21415755 0.0305284608 0.0479659255 0 0 0
Ca 7 -0.0785931665 -0.0866451227 0.0906247674 0 0 0
Ca 6 -0.0967474992 0.0509726938 0.0470112927 0 0 0
Ca 8 -0.124571304 -0.0558145674 0.111604587 0 0 0
Ca 4 -0.0340076107 0.0520560707 0.159171864 0 0 0
Ca 7 -0.167169116 0.0640530481 0.10216402 0 0 0
Ca 6 -0.178531262 0.0759307769 0.0914624744 0 0 0
Ca 1 -0.101497991 -0.0421481323 0.0554793519 0 0 0
Ca 1 -0.165920297 -0.0602070042 0.0546637774 0 0 0
Ca 8 -0.140407061 0.0921562991 0.0717852463 0 0 0
Ca 1 -0.0959529896 0.0761325009 0.0608446559 0 0 0
Ca 6 -0.12546018 0.0186529429 0.046619595 0 0 0
VGCC_O 0 0.11238887 -0.0311459409 0.0466929927 -1.01287282e-06 -1.51427976e-07 -1
VGCC_O 9 0.0953603447 -0.018533153 0.0466930096 -1.14792244e-06 -1.24564753e-07 -1
VGCC_O 8 -0.134706799 0.0161271258 0.0466933331 -1.62059677e-06 3.22356891e-07 -1
VGCC_O 2 0.119933892 -0.04777957 0.0466929781 -1.41802115e-06 2.82063236e-07 -1
VGCC_O 4 -0.108229728 0.00324736392 0.0466932869 -8.10297798e-07 1.61178104e-07 -1
VGCC_O 6 -0.12622171 0.0241576588 0.046693322 -1.62059677e-06 3.22356891e-07 -1
VGCC_O 1 -0.126159285 0.0151063295 0.0466933189 -1.62059625e-06 3.22356338e-07 -1
TAG 41 -0.105784995 0.0105052503 0.0536665039 -0.333750681 -0.131703993 -0.933415524
TAG 62 -0.0995730683 0.0302300905 0.0690462359 0.3213287 0.750213891 -0.577864158
TAG 59 -0.100018848 -0.00188752594 0.0603333581 0.344822933 -0.867729023 -0.35797135
TAG 55 -0.119337383 0.0151637023 0.0699872324 -0.999896295 -0.0141984574 0.00240892698
TAG 54 -0.104785227 0.0261860029 0.076486355 -0.344822968 0.867728888 0.357971643
TAG 53 -0.089146311 -0.000197085518 0.0670554248 0.74861179 -0.322508554 -0.579282851
TAG 52 -0.119278263 0.0119799944 0.0757618237 -0.999896295 -0.0141984574 0.00240892698
TAG 51 -0.102448777 0.00747370566 0.0865367572 -0.329239868 -0.132369105 0.934922205
TAG 45 -0.113699624 0.0170707545 0.0588716642 -0.751399624 0.322919173 -0.575431849
TAG 44 -0.11923843 0.00668793202 0.0611035411 -0.999896295 -0.0141984574 0.00240892698
LGIC_C 0 0.53632361 0.227045794 0.0250140122 -4.20574004e-08 -2.81018564e-08 1
LGIC_C 1 -0.344539418 0.038087226 0.0250139986 4.34088259e-08 -8.63455061e-09 1
LGIC_C 2 -0.548314881 0.0701211801 0.0250140112 4.96100897e-08 -9.86805572e-09 1
LGIC_C 3 0.237609496 -0.650015716 0.0250140178 -9.86804037e-09 4.96101e-08 1
LGIC_C 4 -0.402585929 -0.226671298 0.0250140029 6.28883752e-09 7.55636663e-08 1
LGIC_C 5 0.0558045718 -0.529908189 0.0250140133 1.00935263e-08 5.7878447e-08 1
LGIC_C 6 -0.316355422 0.470988746 0.0250140143 1.28239438e-08 -5.73353116e-08 1
LGIC_C 7 -0.671431199 0.438935031 0.0250140188 3.68002297e-08 -2.45891157e-08 1
LGIC_C 8 -0.204222567 0.285625684 0.0250139988 2.45891128e-08 -3.68002333e-08 1
LGIC_C 9 -0.437929074 -0.273810243 0.0250140067 6.28883752e-09 7.55636663e-08 1
LGIC_C 10 -0.433290796 -0.617432313 0.0250140193 3.95603082e-08 3.05989652e-08 1
LGIC_C 11 0.142238904 0.565712643 0.0250140104 -6.33660387e-09 4.96100877e-08 -1
LGIC_C 12 0.371641981 0.155265341 0.0250140066 -4.90669739e-08 -3.27854893e-08 1
LGIC_C 13 0.730259582 -0.105297948 0.0250140205 -4.96100859e-08 9.86807898e-09 1
LGIC_C 14 0.652334155 0.262943078 0.0250140139 -4.96100869e-08 6.3366408e-09 1
LGIC_C 15 -0.437485696 -0.31931891 0.0250140063 5.39043203e-09 6.47688584e-08 1
LGIC_C 16 0.629221564 -0.163922513 0.0250140161 -4.96100859e-08 9.86807898e-09 1
LGIC_C 17 -0.536688848 0.328693732 0.0250140135 -4.82586679e-08 1.31306769e-08 -1
LGIC_C 18 0.306024986 -0.448488998 0.0250140107 -2.81018481e-08 4.20574137e-08 1
LGIC_C 19 -0.315263638 0.270765301 0.0250140069 3.37890593e-08 -4.80634052e-08 1
LGIC_C 20 0.112165361 -0.416635963 0.0250140086 -1.15127059e-08 5.78784511e-08 1
LGIC_C 21 -0.034192533 -0.181464461 0.0250139912 -2.90231482e-08 4.96101036e-08 1
LGIC_C 22 0.162247854 0.628025467 0.025014016 -9.86806672e-09 -4.96100854e-08 1
LGIC_C 23 -0.428920958 0.403699093 0.025014009 3.68002297e-08 -2.45891157e-08 1
LGIC_C 24 0.129400626 0.456187313 0.0250140072 -9.86806672e-09 -4.96100854e-08 1
LGIC_C 25 0.37775468 -0.00148773159 0.0250139996 -4.34088226e-08 8.63456802e-09 1
LGIC_C 26 -0.0371742341 0.255011133 0.0250139985 1.15127271e-08 -5.78784352e-08 1
LGIC_C 27 -0.273487182 0.536502068 0.0250140186 3.27854968e-08 -4.90669676e-08 1
LGIC_C 28 0.681451165 0.0844087897 0.0250140135 -4.34088272e-08 -8.63453573e-09 1
LGIC_C 29 -0.604781732 -0.123771558 0.0250140122 5.7878436e-08 -4.89847332e-08 1
LGIC_C 30 0.639383644 0.130229237 0.0250140141 -4.96100869e-08 6.3366408e-09 1
LGIC_C 31 -0.38757613 -0.426325266 0.0250140116 3.95603082e-08 3.05989652e-08 1
LGIC_C 32 0.0702720401 0.0817669281 0.0250139887 -2.81018716e-08 -4.20573923e-08 1
LGIC_C 33 -0.00919412781 0.618004077 0.0250140102 8.63455111e-09 -4.34088279e-08 1
LGIC_C 34 0.237475492 -0.502985659 0.0250140157 -3.27854948e-08 4.90669785e-08 1
LGIC_C 35 -0.172398634 -0.528489172 0.0250140044 -2.90231482e-08 4.96101036e-08 1
LGIC_C 36 0.536045431 -0.595258186 0.0250140183 -2.45891087e-08 3.68002429e-08 1
LGIC_C 37 0.110534284 0.769337384 0.0250140176 -8.63455884e-09 -4.34088253e-08 1
LGIC_C 38 0.7271827 -0.303774421 0.0250140175 -3.05989503e-08 3.95603122e-08 1
LGIC_C 39 0.698760131 0.330732321 0.0250140171 -3.68002282e-08 -2.45891172e-08 1
LGIC_C 40 -0.675257022 0.0443441465 0.0250140137 4.34088279e-08 -2.48392273e-08 1
LGIC_C 41 -0.511063756 0.605974829 0.0250140181 2.45891128e-08 -3.68002333e-08 1
LGIC_C 42 -0.266000189 -0.671139837 0.0250140147 8.63456455e-09 4.34088336e-08 1
LGIC_C 43 -0.575459756 -0.525272492 0.0250140161 1.15916899e-08 4.97976879e-08 1
LGIC_C 44 0.348734046 0.554412919 0.0250140146 1.3130701e-08 4.82586573e-08 -1
LGIC_C 45 -0.00788253133 -0.245364143 0.0250139941 2.48392553e-08 4.34088306e-08 1
LGIC_C 46 -0.194515518 -0.194193691 0.0250139969 5.39043203e-09 6.47688584e-08 1
LGIC_C 47 0.505463465 -0.199562641 0.0250140148 -5.78784275e-08 1.15127558e-08 1
LGIC_C 48 -0.0674988014 -0.381871224 0.0250140004 8.63456455e-09 4.34088336e-08 1
LGIC_C 49 -0.496857107 -0.170405959 0.0250140063 4.34088238e-08 8.63459484e-09 1
LGIC_C 50 0.230966331 -0.330052838 0.025014007 -3.27854948e-08 4.90669785e-08 1
LGIC_C 51 -0.561794141 -0.00800256391 0.0250140074 -4.34088282e-08 2.70157287e-08 -1
LGIC_C 52 0.657549337 -0.182586142 0.0250140163 -4.34088182e-08 2.48392526e-08 1
LGIC_C 53 0.326463316 -0.0870664712 0.0250139996 -4.34088182e-08 2.48392526e-08 1
LGIC_C 54 -0.0311686083 -0.224699928 0.0250139947 -4.89847109e-08 5.78784581e-08 1
LGIC_C 55 0.410978395 0.481678904 0.0250140111 -2.45891309e-08 -3.68002211e-08 1
LGIC_C 56 -0.115615986 -0.213753974 0.0250139928 -5.56021111e-08 -1.45571543e-08 -1
LGIC_C 57 -0.0602984302 0.428550853 0.0250140064 -3.14742797e-08 4.96100914e-08 -1
LGIC_C 58 0.440907362 -0.089061823 0.0250140046 -4.34088182e-08 2.48392526e-08 1
LGIC_C 59 -0.429302731 -0.193355907 0.0250140002 1.45571809e-08 5.5602105e-08 1
LGIC_C 60 0.0995959837 0.532528218 0.0250140128 -3.14742949e-08 -4.96100822e-08 1
LGIC_C 61 -0.379985173 0.348108925 0.025014009 4.20574045e-08 -2.81018523e-08 1
LGIC_C 62 -0.0336489251 0.41178052 0.0250140048 -3.14742797e-08 4.96100914e-08 -1
LGIC_C 63 0.19846532 -0.0538020701 0.0250139936 -4.96100859e-08 9.86807898e-09 1
LGIC_C 64 -0.250993131 0.00308797511 0.0250139976 5.7878425e-08 4.89846948e-08 1
LGIC_C 65 0.0086672261 0.311058528 0.0250139988 -9.86806672e-09 -4.96100854e-08 1
LGIC_C 66 -0.271326723 -0.338445129 0.0250140024 2.45891453e-08 3.68002268e-08 1
LGIC_C 67 -0.461424461 0.425782319 0.0250140184 6.28881943e-09 -7.55636452e-08 1
LGIC_C 68 -0.653871699 -0.115257356 0.0250140085 -4.34088282e-08 2.70157287e-08 -1
LGIC_C 69 -0.712598546 -0.381054108 0.0250140188 3.68002489e-08 2.45891179e-08 1
LGIC_C 70 -0.0134221308 0.383993132 0.0250140001 8.63455111e-09 -4.34088279e-08 1
LGIC_C 71 0.543645089 0.113301049 0.025014016 -5.78784335e-08 -1.15127284e-08 1
LGIC_C 72 0.152626603 0.373417236 0.0250140008 -8.63455884e-09 -4.34088253e-08 1
LGIC_C 73 -0.00993065777 0.000846931479 0.0250139837 4.34088279e-08 -2.48392273e-08 1
LGIC_C 74 0.523422097 0.4931359 0.025014015 -4.82586616e-08 -1.31306776e-08 1
LGIC_C 75 0.507157844 -0.582369645 0.0250140171 -2.45891087e-08 3.68002429e-08 1
LGIC_C 76 -0.685595582 0.0734596193 0.0250140151 4.96100851e-08 2.90231542e-08 1
LGIC_C 77 0.322753516 -0.218229634 0.0250140017 -3.05989503e-08 3.95603122e-08 1
LGIC_C 78 0.245117766 0.391165762 0.0250140105 -3.27855134e-08 -4.90669575e-08 1
LGIC_C 79 -0.58951441 -0.277098975 0.0250140039 1.15916899e-08 4.97976879e-08 1
LGIC_C 80 0.706371193 -0.0504549976 0.0250140143 -4.34088226e-08 8.63456802e-09 1
LGIC_C 81 0.0656464512 0.686192794 0.0250140169 -6.33660387e-09 4.96100877e-08 -1
LGIC_C 82 0.510468977 -0.31224432 0.0250140112 -3.05989503e-08 3.95603122e-08 1
LGIC_C 83 -0.369832815 0.261800238 0.0250140046 -4.82586679e-08 1.31306769e-08 -1
LGIC_C 84 0.220274671 0.522278116 0.0250140114 1.3130701e-08 4.82586573e-08 -1
LGIC_C 85 -0.0694636106 0.138299673 0.0250139921 1.28239438e-08 -5.73353116e-08 1
LGIC_C 86 0.561187401 -0.332753981 0.0250140182 -3.37890406e-08 4.80634332e-08 1
LGIC_C 87 -0.313127785 -0.233749808 0.0250140008 1.45571809e-08 5.5602105e-08 1
LGIC_C 88 -0.604955785 -0.510848263 0.0250140157 1.15916899e-08 4.97976879e-08 1
LGIC_C 89 0.245734668 -0.496683491 0.0250140104 -1.31306721e-08 4.82586744e-08 1
LGIC_C 90 -0.361250948 -0.334574121 0.0250140071 1.45571809e-08 5.5602105e-08 1
LGIC_C 91 0.148764295 0.800618683 0.0250140193 -8.63455884e-09 -4.34088253e-08 1
LGIC_C 92 0.224179942 -0.708203235 0.0250140169 6.33663526e-09 4.9610097e-08 1
LGIC_C 93 -0.0830362433 0.565338498 0.0250140108 -6.33661298e-09 -4.96100859e-08 1
LGIC_C 94 0.160068752 -0.0396011354 0.0250139924 -4.96100802e-08 3.14742968e-08 1
LGIC_C 95 -0.323142255 -0.412142521 0.0250140072 -5.56021111e-08 -1.45571543e-08 -1
LGIC_C 96 0.329523763 -0.0167580385 0.0250139997 -4.96100859e-08 9.86807898e-09 1
LGIC_C 97 -0.408151488 0.0383053693 0.0250140024 4.96100851e-08 2.90231542e-08 1
LGIC_C 98 -0.337862248 -0.569201586 0.025014014 3.95603082e-08 3.05989652e-08 1
LGIC_C 99 0.23550721 -0.0625485988 0.0250139969 -4.96100802e-08 3.14742968e-08 1
LGIC_C 100 -0.340508575 -0.497266919 0.0250140099 2.45891453e-08 3.68002268e-08 1
LGIC_C 101 -0.395132878 0.017338333 0.025014003 4.96100897e-08 -9.86805572e-09 1
LGIC_C 102 -0.341730461 0.43363511 0.0250140125 1.28239438e-08 -5.73353116e-08 1
LGIC_C 103 -0.45595553 -0.0235057046 0.0250140033 4.34088238e-08 8.63459484e-09 1
LGIC_C 104 0.576690025 -0.24519976 0.0250140196 -4.90669481e-08 3.27855328e-08 1
LGIC_C 105 -0.301597238 0.0981657559 0.0250139988 4.34088279e-08 -2.48392273e-08 1
LGIC_C 106 -0.313859524 0.788849105 0.0250140202 8.63455111e-09 -4.34088279e-08 1
LGIC_C 107 -0.73395463 -0.259310203 0.0250140174 4.34088238e-08 8.63459484e-09 1
LGIC_C 108 -0.0377575404 -0.501459225 0.025014006 2.48392553e-08 4.34088306e-08 1
LGIC_C 109 0.191581829 0.0937082735 0.0250139937 -4.82586616e-08 -1.31306776e-08 1
LGIC_C 110 -0.182723269 -0.718187925 0.025014016 8.63456455e-09 4.34088336e-08 1
LGIC_C 111 -0.513937444 -0.139894681 0.0250140047 -4.96100919e-08 2.90231703e-08 -1
LGIC_C 112 0.721089773 -0.0127694614 0.0250140194 -4.96100802e-08 3.14742968e-08 1
LGIC_C 113 -0.0337535638 -0.719659944 0.0250140153 2.48392553e-08 4.34088306e-08 1
LGIC_C 114 -0.367562639 0.398152944 0.0250140108 1.28239438e-08 -5.73353116e-08 1
LGIC_C 115 0.521732865 -0.359113377 0.0250140134 -3.05989503e-08 3.95603122e-08 1
LGIC_C 116 0.174241911 -0.440012481 0.0250140069 1.00935263e-08 5.7878447e-08 1
LGIC_C 117 -0.199063312 -0.0130742983 0.0250139928 -4.96100919e-08 2.90231703e-08 -1
LGIC_C 118 -0.326466388 -0.332442536 0.0250140063 -5.56021111e-08 -1.45571543e-08 -1
LGIC_C 119 0.101469512 0.40339148 0.0250140043 -9.86806672e-09 -4.96100854e-08 1
LGIC_C 120 0.0241902929 0.473394695 0.025014007 -9.86806672e-09 -4.96100854e-08 1
LGIC_C 121 -0.448174055 -0.410960179 0.0250140089 1.15916899e-08 4.97976879e-08 1
LGIC_C 122 0.612539641 -0.351301107 0.0250140144 -3.68002179e-08 2.45891393e-08 1
LGIC_C 123 0.36257272 -0.291382842 0.0250140106 -4.90669481e-08 3.27855328e-08 1
LGIC_C 124 0.498726697 -0.423431024 0.025014012 -3.68002179e-08 2.45891393e-08 1
LGIC_C 125 0.12210432 -0.169926244 0.025013993 -1.31306721e-08 4.82586744e-08 1
LGIC_C 126 0.631475457 -0.341762628 0.0250140161 -3.05989503e-08 3.95603122e-08 1
LGIC_C 127 0.238611464 -0.309887973 0.0250140013 -1.31306721e-08 4.82586744e-08 1
LGIC_C 128 0.229930181 -0.35718218 0.025014002 -2.45891087e-08 3.68002429e-08 1
LGIC_C 129 0.471010348 -0.0895840529 0.0250140045 -4.34088226e-08 8.63456802e-09 1
LGIC_C 130 -0.617211695 0.209358603 0.0250140119 4.34088259e-08 -8.63455061e-09 1
LGIC_C 131 0.415388952 0.248211175 0.0250140065 -4.82586616e-08 -1.31306776e-08 1
LGIC_C 132 -0.230432036 0.0857995083 0.0250139924 5.7878425e-08 4.89846948e-08 1
LGIC_C 133 -0.608699291 -0.0237723169 0.0250140099 4.34088238e-08 8.63459484e-09 1
LGIC_C 134 0.291062224 -0.66390794 0.0250140148 -2.45891087e-08 3.68002429e-08 1
LGIC_C 135 -0.30197361 -0.257705605 0.0250140046 6.28883752e-09 7.55636663e-08 1
LGIC_C 136 0.397899691 -0.274816271 0.0250140046 -3.68002179e-08 2.45891393e-08 1
LGIC_C 137 0.358903076 -0.304135083 0.0250140062 -3.05989503e-08 3.95603122e-08 1
LGIC_C 138 -0.706232175 -0.203281792 0.0250140098 4.96100935e-08 -4.19869172e-08 1
LGIC_C 139 0.139439083 -0.00880070781 0.0250139904 -4.96100802e-08 3.14742968e-08 1
LGIC_C 140 0.440419752 0.584093669 0.0250140156 -2.45891309e-08 -3.68002211e-08 1
LGIC_C 141 0.495616297 0.103564615 0.0250140056 -4.34088272e-08 -8.63453573e-09 1
LGIC_C 142 -0.468569732 -0.543420148 0.0250140184 3.95603082e-08 3.05989652e-08 1
LGIC_C 143 -0.0762337593 -0.168354239 0.0250139925 2.81018674e-08 4.20574117e-08 1
LGIC_C 144 -0.439356836 -0.452419491 0.0250140143 -5.56021111e-08 -1.45571543e-08 -1
LGIC_C 145 0.227049095 0.00115513031 0.0250139945 -4.96100869e-08 6.3366408e-09 1
LGIC_C 146 0.00390606043 0.579356709 0.025014012 -9.86806672e-09 -4.96100854e-08 1
LGIC_C 147 -0.307329309 -0.335591909 0.0250140032 2.45891453e-08 3.68002268e-08 1
LGIC_C 148 0.460733296 -0.0951921872 0.025014011 -5.78784275e-08 1.15127558e-08 1
LGIC_C 149 0.557403716 0.504649196 0.0250140162 -3.68002282e-08 -2.45891172e-08 1
LGIC_C 150 0.418195212 0.16915303 0.0250140029 -4.96100869e-08 6.3366408e-09 1
LGIC_C 151 -0.129171658 -0.715526615 0.0250140154 8.63456455e-09 4.34088336e-08 1
LGIC_C 152 0.248751349 0.595350753 0.0250140153 -2.81018716e-08 -4.20573923e-08 1
LGIC_C 153 0.158232777 -0.205152402 0.025013997 -1.28239349e-08 5.73353226e-08 1
LGIC_C 154 0.169067639 0.528914047 0.0250140112 -9.86806672e-09 -4.96100854e-08 1
LGIC_C 155 -0.60553794 0.0994799169 0.0250140104 4.34088259e-08 -8.63455061e-09 1
LGIC_C 156 -0.257437374 0.0219871014 0.0250139946 4.34088259e-08 -8.63455061e-09 1
LGIC_C 157 -0.396766923 0.277261435 0.0250140067 6.28881943e-09 -7.55636452e-08 1
LGIC_C 158 0.358337394 0.15365978 0.0250140026 -4.20574004e-08 -2.81018564e-08 1
LGIC_C 159 0.781759128 0.168622107 0.0250140186 -4.34088272e-08 -8.63453573e-09 1
LGIC_C 160 -0.253717063 -0.0470922989 0.025013993 -4.34088282e-08 2.70157287e-08 -1
LGIC_C 161 -0.434486627 0.0985496388 0.0250140058 4.96100897e-08 -9.86805572e-09 1
LGIC_C 162 0.450158166 -0.020908608 0.0250140095 -5.78784275e-08 1.15127558e-08 1
LGIC_C 163 0.367876773 -0.247754853 0.0250140057 -4.20573976e-08 2.81018683e-08 1
LGIC_C 164 0.226735885 -0.600471841 0.0250140116 6.33663526e-09 4.9610097e-08 1
LGIC_C 165 -0.317948566 0.0238105296 0.0250139983 4.96100851e-08 2.90231542e-08 1
LGIC_C 166 -0.160147991 -0.681578933 0.0250140168 2.48392553e-08 4.34088306e-08 1
LGIC_C 167 -0.552728097 0.548269711 0.0250140171 -4.82586679e-08 1.31306769e-08 -1
LGIC_C 168 -0.563122789 -0.253897056 0.0250140027 5.39043203e-09 6.47688584e-08 1
LGIC_C 169 0.659952713 -0.466559126 0.025014019 -3.68002179e-08 2.45891393e-08 1
LGIC_C 170 0.537973209 -0.339242771 0.0250140177 -3.37890406e-08 4.80634332e-08 1
LGIC_C 171 -0.19290671 0.308399029 0.0250140034 1.28239438e-08 -5.73353116e-08 1
LGIC_C 172 0.361557837 0.159510943 0.0250140031 3.37890593e-08 4.80634111e-08 -1
LGIC_C 173 0.697352064 0.300621367 0.0250140163 -3.68002282e-08 -2.45891172e-08 1
LGIC_C 174 -0.0793870133 -0.523108498 0.0250140079 2.48392553e-08 4.34088306e-08 1
LGIC_C 175 0.427356089 -0.292331916 0.0250140117 -3.37890406e-08 4.80634332e-08 1
LGIC_C 176 -0.600783126 -0.584865888 0.0250140193 1.15916899e-08 4.97976879e-08 1
LGIC_C 177 0.306518343 0.31790816 0.0250140052 -2.81018716e-08 -4.20573923e-08 1
LGIC_C 178 0.0489107904 -0.629561209 0.0250140142 6.33663526e-09 4.9610097e-08 1
LGIC_C 179 -0.23674186 -0.173060028 0.0250139978 6.28883752e-09 7.55636663e-08 1
LGIC_C 180 -0.133302212 0.259850752 0.0250139979 2.8101852e-08 -4.20574041e-08 1
LGIC_C 181 -0.62837149 -0.3192546 0.0250140073 5.39043203e-09 6.47688584e-08 1
LGIC_C 182 0.0861573654 -0.177797653 0.0250139931 -2.81018481e-08 4.20574137e-08 1
LGIC_C 183 0.668753945 0.318011318 0.0250140197 -4.82586616e-08 -1.31306776e-08 1
LGIC_C 184 0.724347402 -0.0431851273 0.0250140157 -4.34088182e-08 2.48392526e-08 1
LGIC_C 185 0.404922721 -0.127696393 0.025014004 -4.34088182e-08 2.48392526e-08 1
LGIC_C 186 -0.615610563 -0.312789374 0.0250140068 5.39043203e-09 6.47688584e-08 1
LGIC_C 187 0.143040197 0.0882571496 0.0250139932 -4.90669739e-08 -3.27854893e-08 1
LGIC_C 188 -0.742338681 0.09129434 0.0250140163 4.34088259e-08 -8.63455061e-09 1
LGIC_C 189 -0.527094968 0.286522256 0.0250140135 4.20574045e-08 -2.81018523e-08 1
LGIC_C 190 0.335402095 -0.755768694 0.0250140193 -2.45891087e-08 3.68002429e-08 1
LGIC_C 191 -0.407984716 -0.228326337 0.0250140002 5.39043203e-09 6.47688584e-08 1
LGIC_C 192 -0.292068344 0.100345737 0.0250139968 4.34088259e-08 -8.63455061e-09 1
LGIC_C 193 0.300737844 0.0700675793 0.0250139988 -4.96100911e-08 -9.86803575e-09 1
LGIC_C 194 -0.661299593 0.380333617 0.025014017 3.68002297e-08 -2.45891157e-08 1
LGIC_C 195 0.381453023 0.391750966 0.0250140104 -2.81018716e-08 -4.20573923e-08 1
LGIC_C 196 0.721932091 0.376635714 0.0250140191 -3.68002282e-08 -2.45891172e-08 1
LGIC_C 197 -0.261809927 -0.511345454 0.0250140085 2.45891453e-08 3.68002268e-08 1
LGIC_C 198 0.507224565 0.0209779199 0.0250140054 -4.34088272e-08 -8.63453573e-09 1
LGIC_C 199 0.601520296 0.241857248 0.0250140115 -4.96100869e-08 6.3366408e-09 1
LGIC_C 200 0.739408825 -0.303721259 0.025014018 -4.34088226e-08 8.63456802e-09 1
LGIC_C 201 0.231368637 0.148212395 0.0250139971 -4.20574004e-08 -2.81018564e-08 1
LGIC_C 202 -0.0272468151 -0.308674832 0.0250139973 2.48392553e-08 4.34088306e-08 1
LGIC_C 203 -0.180210472 -0.0695368153 0.0250139902 -4.96100919e-08 2.90231703e-08 -1
LGIC_C 204 -0.368740416 0.555004372 0.025014017 2.8101852e-08 -4.20574041e-08 1
LGIC_C 205 -0.0894759383 0.254969094 0.0250139968 9.86805557e-09 -4.96100883e-08 1
LGIC_C 206 0.633964815 -0.359645646 0.0250140154 -3.68002179e-08 2.45891393e-08 1
LGIC_C 207 -0.150554898 -0.445436226 0.0250140016 -4.89847109e-08 5.78784581e-08 1
LGIC_C 208 -0.497911206 0.361690623 0.025014012 -4.82586679e-08 1.31306769e-08 -1
LGIC_C 209 0.00426328314 -0.0211471223 0.0250139863 2.76305324e-08 -1.38908298e-07 -1
LGIC_C 210 0.0574559786 0.235654609 0.0250139955 -9.86806672e-09 -4.96100854e-08 1
LGIC_C 211 0.604804677 -0.185719574 0.0250140204 -5.78784275e-08 1.15127558e-08 1
LGIC_C 212 -0.347623107 -0.483066338 0.0250140096 -5.56021111e-08 -1.45571543e-08 -1
LGIC_C 213 0.393363186 -0.434475376 0.0250140126 -2.81018481e-08 4.20574137e-08 1
LGIC_C 214 0.477417819 -0.0853872536 0.0250140047 -4.34088226e-08 8.63456802e-09 1
LGIC_C 215 -0.428278304 -0.0494623892 0.0250140023 4.34088238e-08 8.63459484e-09 1
LGIC_C 216 0.201040565 -0.155506279 0.0250139955 -3.05989503e-08 3.95603122e-08 1
LGIC_C 217 0.491218341 -0.402783813 0.0250140192 -3.37890406e-08 4.80634332e-08 1
LGIC_C 218 -0.249851294 0.378603602 0.0250140048 1.31306824e-08 -4.82586643e-08 1
LGIC_C 219 -0.184281025 -0.449106767 0.0250140073 2.48392553e-08 4.34088306e-08 1
LGIC_C 220 -0.703994138 -0.350224987 0.0250140178 3.68002489e-08 2.45891179e-08 1
LGIC_C 221 0.696949603 -0.452171174 0.02501402 -3.68002179e-08 2.45891393e-08 1
LGIC_C 222 -0.570994765 -0.167148523 0.0250140068 -4.96100919e-08 2.90231703e-08 -1
LGIC_C 223 0.263125015 0.401178354 0.0250140094 -4.80634192e-08 -3.37890445e-08 1
LGIC_C 224 -0.36569265 0.0529741852 0.0250139999 4.96100851e-08 2.90231542e-08 1
LGIC_C 225 0.191633866 -0.629881013 0.0250140122 -8.63454093e-09 4.34088369e-08 1
LGIC_C 226 0.364613369 -0.225121455 0.0250140022 -3.68002179e-08 2.45891393e-08 1
LGIC_C 227 -0.173173846 0.48533952 0.0250140058 8.63455111e-09 -4.34088279e-08 1
LGIC_C 228 0.264619746 -0.32594534 0.0250140024 -1.31306721e-08 4.82586744e-08 1
LGIC_C 229 -0.525403527 -0.0737024598 0.0250140067 4.34088238e-08 8.63459484e-09 1
LGIC_C 230 -0.677980908 -0.204614867 0.0250140072 -4.34088282e-08 2.70157287e-08 -1
LGIC_C 231 0.538604387 0.269988435 0.0250140144 3.37890593e-08 4.80634111e-08 -1
LGIC_C 232 -0.260712331 0.758139964 0.0250140184 8.63455111e-09 -4.34088279e-08 1
LGIC_C 233 0.328327956 0.24532475 0.0250140023 -4.82586616e-08 -1.31306776e-08 1
LGIC_C 234 -0.0917846954 -0.446200885 0.0250140034 8.63456455e-09 4.34088336e-08 1
LGIC_C 235 0.285649599 0.468753373 0.025014011 -2.81018716e-08 -4.20573923e-08 1
LGIC_C 236 0.301229199 -0.0210981695 0.0250139968 -4.34088182e-08 2.48392526e-08 1
LGIC_C 237 0.672434629 -0.0312645017 0.0250140176 -4.96100802e-08 3.14742968e-08 1
LGIC_C 238 -0.150955582 0.0217682573 0.0250139909 5.7878425e-08 4.89846948e-08 1
LGIC_C 239 0.516986044 -0.283558729 0.0250140129 -4.20573976e-08 2.81018683e-08 1
LGIC_C 240 0.104871432 -0.157216569 0.0250139936 -1.28239349e-08 5.73353226e-08 1
LGIC_C 241 -0.105353812 0.233889222 0.0250139961 2.8101852e-08 -4.20574041e-08 1
LGIC_C 242 0.628570431 -0.321067504 0.0250140199 -3.37890406e-08 4.80634332e-08 1
LGIC_C 243 -0.638676166 0.234092546 0.0250140173 4.96100897e-08 -9.86805572e-09 1
LGIC_C 244 0.559904163 -0.195288208 0.0250140179 -5.78784275e-08 1.15127558e-08 1
LGIC_C 245 -0.492262709 -0.441051972 0.0250140149 1.45571809e-08 5.5602105e-08 1
LGIC_C 246 0.404561937 0.431698117 0.0250140091 -2.45891309e-08 -3.68002211e-08 1
LGIC_C 247 -0.489806356 0.62994389 0.0250140185 2.45891128e-08 -3.68002333e-08 1
LGIC_C 248 0.117620554 -0.101384497 0.0250139901 -3.68002179e-08 2.45891393e-08 1
LGIC_C 249 0.493346747 -0.00240843054 0.0250140078 -4.96100802e-08 3.14742968e-08 1
LGIC_C 250 0.219270859 0.521174201 0.0250140114 -4.80634192e-08 -3.37890445e-08 1
LGIC_C 251 0.0563867889 0.664560569 0.0250140159 -6.33660387e-09 4.96100877e-08 -1
LGIC_C 252 0.126311344 0.581050723 0.0250140161 -3.14742949e-08 -4.96100822e-08 1
LGIC_C 253 0.492600892 0.331319481 0.0250140114 -4.82586616e-08 -1.31306776e-08 1
LGIC_C 254 -0.446747728 0.287382467 0.0250140122 3.37890593e-08 -4.80634052e-08 1
LGIC_C 255 -0.799825535 -0.0832720534 0.0250140157 -4.34088282e-08 2.70157287e-08 -1
LGIC_C 256 -0.31167233 0.527559174 0.0250140103 2.45891128e-08 -3.68002333e-08 1
LGIC_C 257 0.291306035 0.293966494 0.0250140013 1.3130701e-08 4.82586573e-08 -1
LGIC_C 258 -0.259968748 0.561872856 0.0250140103 2.45891128e-08 -3.68002333e-08 1
LGIC_C 259 0.257460949 -0.313492016 0.025014007 -3.27854948e-08 4.90669785e-08 1
LGIC_C 260 -0.00384409623 -0.600375072 0.0250140131 9.8680833e-09 4.96100963e-08 1
LGIC_C 261 0.0813844037 0.613452938 0.0250140106 -8.63455884e-09 -4.34088253e-08 1
LGIC_C 262 -0.340650398 0.333688231 0.025014007 4.20574045e-08 -2.81018523e-08 1
LGIC_C 263 -0.673123419 -0.27674491 0.025014005 -4.34088282e-08 2.70157287e-08 -1
LGIC_C 264 0.451407789 -0.302753579 0.0250140073 -3.68002179e-08 2.45891393e-08 1
LGIC_C 265 0.220759132 0.0264590165 0.0250139944 -4.96100911e-08 -9.86803575e-09 1
LGIC_C 266 -0.138874708 -0.324833389 0.0250139987 3.95603082e-08 3.05989652e-08 1
LGIC_C 267 -0.268196733 -0.252159057 0.0250140012 1.45571809e-08 5.5602105e-08 1
LGIC_C 268 -0.0814281654 -0.515950643 0.0250140065 -2.90231482e-08 4.96101036e-08 1
LGIC_C 269 -0.0613323884 0.670244974 0.0250140161 -6.33661298e-09 -4.96100859e-08 1
LGIC_C 270 -0.0849866495 -0.101546284 0.0250139903 7.55636799e-08 6.2887973e-09 1
LGIC_C 271 -0.475376143 -0.420767159 0.0250140111 3.68002489e-08 2.45891179e-08 1
LGIC_C 272 -0.432079892 0.281250529 0.0250140078 -4.82586679e-08 1.31306769e-08 -1
LGIC_C 273 0.723496424 -0.164356903 0.0250140187 -4.34088182e-08 2.48392526e-08 1
LGIC_C 274 -0.367199912 0.370237068 0.0250140059 2.45891128e-08 -3.68002333e-08 1
LGIC_C 275 0.0419454714 -0.568684961 0.0250140112 6.33663526e-09 4.9610097e-08 1
LGIC_C 276 -0.155812398 -0.497340225 0.0250140034 -2.90231482e-08 4.96101036e-08 1
LGIC_C 277 0.674155412 -0.0862856936 0.0250140194 -4.96100802e-08 3.14742968e-08 1
LGIC_C 278 0.28867561 0.244212102 0.0250139999 -3.68002282e-08 -2.45891172e-08 1
LGIC_C 279 0.0444887144 -0.113301747 0.0250139885 -8.63454093e-09 4.34088369e-08 1
LGIC_C 280 -0.295510537 -0.147163824 0.0250139957 1.45571809e-08 5.5602105e-08 1
LGIC_C 281 0.341322219 0.575310634 0.0250140191 -4.80634192e-08 -3.37890445e-08 1
LGIC_C 282 -0.256339232 -0.445065524 0.025014007 3.95603082e-08 3.05989652e-08 1
LGIC_C 283 -0.229703004 -0.492751581 0.0250140037 7.55636799e-08 6.2887973e-09 1
LGIC_C 284 0.206037053 -0.779059221 0.0250140188 -8.63454093e-09 4.34088369e-08 1
LGIC_C 285 -0.265709626 0.497639533 0.0250140164 3.27854968e-08 -4.90669676e-08 1
LGIC_C 286 -0.498491522 0.00916467823 0.0250140077 4.96100851e-08 2.90231542e-08 1
LGIC_C 287 -0.0746130604 -0.147835282 0.0250139905 2.45891453e-08 3.68002268e-08 1
LGIC_C 288 0.0167454343 -0.329150945 0.0250139995 6.33663526e-09 4.9610097e-08 1
LGIC_C 289 0.0307309941 0.00650676011 0.0250139846 -4.34088272e-08 -8.63453573e-09 1
LGIC_C 290 -0.352155732 -0.512155248 0.0250140147 2.81018674e-08 4.20574117e-08 1
LGIC_C 291 -0.484629566 0.446068899 0.0250140121 3.68002297e-08 -2.45891157e-08 1
LGIC_C 292 0.431840507 0.45840882 0.0250140147 -2.81018716e-08 -4.20573923e-08 1
LGIC_C 293 -0.641392645 -0.0402139848 0.0250140139 -4.96100919e-08 2.90231703e-08 -1
LGIC_C 294 0.0741393625 -0.207430296 0.0250139961 -1.15127059e-08 5.78784511e-08 1
LGIC_C 295 -0.162458531 0.140949335 0.0250139949 6.28881943e-09 -7.55636452e-08 1
LGIC_C 296 0.512188105 0.27874974 0.0250140126 -4.20574004e-08 -2.81018564e-08 1
LGIC_C 297 0.0111402971 0.350046038 0.0250139986 -8.63455884e-09 -4.34088253e-08 1
LGIC_C 298 0.0585915705 -0.490194366 0.0250140081 -9.86804037e-09 4.96101e-08 1
LGIC_C 299 -0.121419943 -0.305023374 0.0250139996 9.8680833e-09 4.96100963e-08 1
LGIC_C 300 0.42003733 -0.0503807599 0.0250140027 -4.34088182e-08 2.48392526e-08 1
LGIC_C 301 0.0837487792 0.368731561 0.025014 -8.63455884e-09 -4.34088253e-08 1
LGIC_C 302 0.392314197 0.327033355 0.0250140089 -4.20574004e-08 -2.81018564e-08 1
LGIC_C 303 -0.0346343655 0.352329355 0.0250140011 9.86805557e-09 -4.96100883e-08 1
LGIC_C 304 -0.147096379 0.399393701 0.0250140021 -6.33661298e-09 -4.96100859e-08 1
LGIC_C 305 -0.443556021 0.248976436 0.0250140057 3.68002297e-08 -2.45891157e-08 1
LGIC_C 306 0.170535575 0.103365313 0.025013994 3.37890593e-08 4.80634111e-08 -1
LGIC_C 307 -0.398405608 0.278661968 0.0250140062 -4.82586679e-08 1.31306769e-08 -1
LGIC_C 308 0.619780129 -0.251847032 0.0250140123 -4.34088226e-08 8.63456802e-09 1
LGIC_C 309 0.136620967 0.125668107 0.0250139914 -3.68002282e-08 -2.45891172e-08 1
LGIC_C 310 0.103836031 0.811814116 0.0250140194 -8.63455884e-09 -4.34088253e-08 1
LGIC_C 311 0.56296569 0.592627848 0.0250140189 -2.45891309e-08 -3.68002211e-08 1
LGIC_C 312 0.300528324 0.219547045 0.0250140021 -4.20574004e-08 -2.81018564e-08 1
LGIC_C 313 0.696394677 0.370054643 0.025014018 -3.68002282e-08 -2.45891172e-08 1
LGIC_C 314 -0.251655033 0.494381375 0.0250140077 2.45891128e-08 -3.68002333e-08 1
LGIC_C 315 -0.0873733905 0.022388925 0.0250139878 4.96100897e-08 -9.86805572e-09 1
LGIC_C 316 -0.217448627 -0.209594752 0.0250140004 6.28883752e-09 7.55636663e-08 1
LGIC_C 317 -0.399174475 -0.18709835 0.0250140025 3.68002489e-08 2.45891179e-08 1
LGIC_C 318 -0.216641913 -0.343392323 0.0250140003 -5.56021111e-08 -1.45571543e-08 -1
LGIC_C 319 -0.516644305 -0.0604560671 0.0250140041 -4.34088282e-08 2.70157287e-08 -1
LGIC_C 320 0.418328174 0.55662735 0.0250140184 -2.81018716e-08 -4.20573923e-08 1
LGIC_C 321 0.608704347 -0.277307 0.0250140171 -3.37890406e-08 4.80634332e-08 1
LGIC_C 322 0.549334538 0.219964329 0.0250140176 -5.78784335e-08 -1.15127284e-08 1
LGIC_C 323 -0.310778357 -0.663918766 0.0250140199 2.81018674e-08 4.20574117e-08 1
LGIC_C 324 0.0267196284 0.692211039 0.0250140174 -6.33660387e-09 4.96100877e-08 -1
LGIC_C 325 0.463297648 0.649669611 0.0250140186 -2.45891309e-08 -3.68002211e-08 1
LGIC_C 326 0.17091312 0.647112393 0.0250140143 -6.33660387e-09 4.96100877e-08 -1
LGIC_C 327 -0.293345403 -0.0312738115 0.0250139969 -4.96100919e-08 2.90231703e-08 -1
LGIC_C 328 -0.409168582 0.0178843886 0.0250140015 4.34088279e-08 -2.48392273e-08 1
LGIC_C 329 0.613914841 -0.195298673 0.0250140156 -4.96100859e-08 9.86807898e-09 1
LGIC_C 330 0.377315204 -0.0685597509 0.0250140041 -4.96100802e-08 3.14742968e-08 1
LGIC_C 331 0.241957116 -0.0701050025 0.0250139955 -4.34088182e-08 2.48392526e-08 1
LGIC_C 332 -0.0394198743 -0.350203317 0.025014001 9.8680833e-09 4.96100963e-08 1
LGIC_C 333 0.444743238 0.153064326 0.0250140039 -4.34088272e-08 -8.63453573e-09 1
LGIC_C 334 0.249801672 0.809718349 0.0101483089 0.194186548 0.976240951 0.0961519121
LGIC_C 335 0.193154757 0.61280575 0.0250140124 -6.33660387e-09 4.96100877e-08 -1
LGIC_C 336 -0.74938192 0.00442001081 0.0250140159 4.34088279e-08 -2.48392273e-08 1
LGIC_C 337 -0.0645779147 -0.00373724372 0.0250139864 -4.96100919e-08 2.90231703e-08 -1
LGIC_C 338 -0.180143345 0.319594925 0.0250139995 2.45891128e-08 -3.68002333e-08 1
LGIC_C 339 0.170367325 -0.194108305 0.0250139948 -1.31306721e-08 4.82586744e-08 1
LGIC_C 340 -0.324268811 0.606397109 0.0250140179 2.8101852e-08 -4.20574041e-08 1
LGIC_C 341 -0.0594515844 -0.726275087 0.0250140153 8.63456455e-09 4.34088336e-08 1
LGIC_C 342 -0.851794032 -0.00527406202 0.0250140203 4.34088238e-08 8.63459484e-09 1
LGIC_C 343 0.242574086 0.45004074 0.0250140082 1.3130701e-08 4.82586573e-08 -1
LGIC_C 344 -0.114958807 0.0331825762 0.0250139883 5.7878425e-08 4.89846948e-08 1
LGIC_C 345 -0.120579391 -0.124492317 0.0250139932 7.55636799e-08 6.2887973e-09 1
LGIC_C 346 0.333712538 0.311011223 0.0250140032 -3.68002282e-08 -2.45891172e-08 1
LGIC_C 347 0.472868641 -0.203381017 0.0250140131 -4.90669481e-08 3.27855328e-08 1
LGIC_C 348 -0.143396655 -0.616655024 0.0250140152 9.8680833e-09 4.96100963e-08 1
LGIC_C 349 -0.1806406 -0.530456653 0.0250140043 -2.90231482e-08 4.96101036e-08 1
LGIC_C 350 -0.232863305 0.34201889 0.0250140016 2.45891128e-08 -3.68002333e-08 1
LGIC_C 351 -0.120985394 0.0612644952 0.0250139903 3.37890593e-08 -4.80634052e-08 1
LGIC_C 352 -0.194039822 -0.337705924 0.0250140013 3.95603082e-08 3.05989652e-08 1
LGIC_C 353 -0.339522605 0.163321055 0.0250140021 4.20574045e-08 -2.81018523e-08 1
LGIC_C 354 0.14483808 0.213737595 0.0250139963 -2.81018716e-08 -4.20573923e-08 1
LGIC_C 355 0.108035256 -0.566941268 0.025014015 1.00935263e-08 5.7878447e-08 1
LGIC_C 356 0.121414744 0.686853929 0.0250140141 -8.63455884e-09 -4.34088253e-08 1
LGIC_C 357 0.756567987 0.141826225 0.0250140199 -4.96100869e-08 6.3366408e-09 1
LGIC_C 358 0.0617699764 -0.0245195639 0.0250139865 -4.96100859e-08 9.86807898e-09 1
LGIC_C 359 -0.241672687 0.195860082 0.0250139996 6.28881943e-09 -7.55636452e-08 1
LGIC_C 360 -0.488071239 0.44272753 0.0250140121 3.68002297e-08 -2.45891157e-08 1
LGIC_C 361 0.584276916 -0.154552126 0.0250140137 -4.96100859e-08 9.86807898e-09 1
LGIC_C 362 -0.423514632 -0.0973495452 0.0250140015 -4.96100919e-08 2.90231703e-08 -1
LGIC_C 363 -0.373804803 0.431232273 0.025014009 1.31306824e-08 -4.82586643e-08 1
LGIC_C 364 0.0874663198 0.147576654 0.0250139934 -3.27855134e-08 -4.90669575e-08 1
LGIC_C 365 0.601923395 -0.306901354 0.0250140172 -4.20573976e-08 2.81018683e-08 1
LGIC_C 366 -0.302981965 -0.696466128 0.0250140166 3.95603082e-08 3.05989652e-08 1
LGIC_C 367 0.401132526 -0.172176109 0.0250140023 -3.05989503e-08 3.95603122e-08 1
LGIC_C 368 -0.106794407 -0.272936779 0.0250139977 2.48392553e-08 4.34088306e-08 1
LGIC_C 369 -0.109089836 -0.587054495 0.0250140092 -2.90231482e-08 4.96101036e-08 1
LGIC_C 370 -0.393982266 -0.564550652 0.0250140137 2.45891453e-08 3.68002268e-08 1
LGIC_C 371 0.192731085 0.0926699378 0.0250139926 -3.68002282e-08 -2.45891172e-08 1
LGIC_C 372 -0.0693959484 0.461165427 0.0250140039 8.63455111e-09 -4.34088279e-08 1
LGIC_C 373 -0.560224965 0.533956331 0.025014017 3.68002297e-08 -2.45891157e-08 1
LGIC_C 374 0.0689034916 -0.2025327 0.0250139928 6.33663526e-09 4.9610097e-08 1
LGIC_C 375 0.167314257 -0.622837273 0.0250140176 1.00935263e-08 5.7878447e-08 1
LGIC_C 376 0.407561477 0.391853555 0.0250140114 -4.20574004e-08 -2.81018564e-08 1
LGIC_C 377 0.31829796 0.144548977 0.0250139985 -3.68002282e-08 -2.45891172e-08 1
LGIC_C 378 -0.650766871 0.0953687647 0.0250140128 4.96100851e-08 2.90231542e-08 1
LGIC_C 379 -0.0329703057 -0.500796885 0.0250140084 9.8680833e-09 4.96100963e-08 1
LGIC_C 380 0.0862299843 0.629727183 0.0250140154 -9.86806672e-09 -4.96100854e-08 1
LGIC_C 381 0.00966203552 0.615755444 0.0250140139 -9.86806672e-09 -4.96100854e-08 1
LGIC_C 382 0.581405058 -0.27711146 0.0250140162 -3.37890406e-08 4.80634332e-08 1
LGIC_C 383 0.339296925 -0.510844179 0.0250140194 -3.27854948e-08 4.90669785e-08 1
LGIC_C 384 -0.463925253 -0.378831697 0.0250140148 6.28883752e-09 7.55636663e-08 1
LGIC_C 385 0.631122603 0.0562677824 0.0250140204 -5.78784335e-08 -1.15127284e-08 1
LGIC_C 386 0.533931397 -0.484294174 0.0250140148 -3.68002179e-08 2.45891393e-08 1
LGIC_C 387 0.528969007 -0.248269137 0.025014013 -3.37890406e-08 4.80634332e-08 1
LGIC_C 388 -0.0141801031 0.483274901 0.0250140077 -3.14742797e-08 4.96100914e-08 -1
LGIC_C 389 0.358887115 -0.36617328 0.025014013 -3.27854948e-08 4.90669785e-08 1
LGIC_C 390 0.528359855 0.0142813955 0.0250140094 -4.96100869e-08 6.3366408e-09 1
LGIC_C 391 -0.20153732 0.0963882521 0.0250139947 3.37890593e-08 -4.80634052e-08 1
LGIC_C 392 -0.201635546 -0.580661279 0.0250140062 -2.90231482e-08 4.96101036e-08 1
LGIC_C 393 -0.00284578208 -0.303983916 0.0250139965 8.63456455e-09 4.34088336e-08 1
LGIC_C 394 0.40750123 0.662571259 0.0250140177 -2.45891309e-08 -3.68002211e-08 1
LGIC_C 395 0.349827194 0.434674379 0.0250140088 1.3130701e-08 4.82586573e-08 -1
LGIC_C 396 0.280413122 0.406257786 0.0250140065 1.3130701e-08 4.82586573e-08 -1
LGIC_C 397 -0.664904493 0.234880218 0.0250140142 4.34088259e-08 -8.63455061e-09 1
LGIC_C 398 -0.564422761 0.238191273 0.0250140138 3.37890593e-08 -4.80634052e-08 1
LGIC_C 399 0.605044834 -0.159370631 0.0250140183 -4.96100802e-08 3.14742968e-08 1
