VGCC_O 4 -0.108229728 0.00324736392 0.0466932869 -8.10297798e-07 1.61178104e-07 -1
VGCC_O 6 -0.12622171 0.0241576588 0.046693322 -1.62059677e-06 3.22356891e-07 -1
VGCC_O 1 -0.126159285 0.0151063295 0.0466933189 -1.62059625e-06 3.22356338e-07 -1
CaBS 10 0.102286137 -0.00278761373 0.0683182219 -0.346545998 0.867982935 -0.355684546
CaBS 11 0.119741925 -0.0286420061 0.0647529214 0.748611785 -0.322508546 -0.579282861
CaBS 12 0.0986612683 -0.00674925632 0.0772886909 -0.344822968 0.867728907 0.357971598
CaBS 13 0.108835102 -0.00602119834 0.0600453275 0.321328636 0.750213906 -0.577864173
CaBS 14 0.109507601 -0.0088341896 0.0567673046 0.321328636 0.750213906 -0.577864173
CaBS 15 0.0962497252 -0.00950910317 0.0786127569 -0.748611723 0.322508223 0.579283121
CaBS 16 0.121425813 -0.0114377055 0.060016903 0.735818353 0.677177225 -0.00153536905
CaBS 17 0.0986058595 -0.0114204785 0.0567078381 -0.751399618 0.322919164 -0.575431861
CaBS 18 0.102096605 -0.021501005 0.084761038 -0.329239867 -0.132369096 0.934922207
CaBS 19 0.105470556 -0.0355918456 0.0745288493 0.34654604 -0.867983022 0.355684293
CaBS 20 0.114950574 -0.00437670075 0.0710580754 0.735818353 0.677177225 -0.00153536905
CaBS 21 0.114366906 -0.0209341103 0.0842928511 0.333750516 0.131703927 0.933415593
CaBS 22 0.117823875 -0.031874093 0.0678554616 0.344822999 -0.867728964 -0.357971429
CaBS 23 0.122474516 -0.0157958397 0.073727183 0.999896301 0.01419805 -0.0024089266
CaBS 24 0.108092685 -0.0229881834 0.0866620436 -0.329239867 -0.132369096 0.934922207
CaBS 25 -0.108525944 0.022236874 0.0824557893 -0.344822968 0.867728888 0.357971643
CaBS 26 -0.094390458 0.0032200554 0.0583759216 0.74861179 -0.322508554 -0.579282851
CaBS 27 -0.0908783431 0.0182478354 0.0811122059 0.324116492 0.749802901 0.576839761
CaBS 28 -0.0969400485 0.0276768412 0.0707016107 0.735818381 0.677177195 -0.00153536913
CaBS 29 -0.110882193 0.0235368738 0.0624357406 -0.34654601 0.867982945 -0.355684509
CaBS 30 -0.11717787 0.0118019272 0.0790207107 -0.748611709 0.322508237 0.579283131
CaBS 31 -0.107648153 -0.00581437377 0.0727672299 -0.321328736 -0.750213873 0.57786416
CaBS 32 -0.0964440136 0.010147477 0.0550316633 0.329239713 0.132369034 -0.93492227
CaBS 33 -0.117779886 0.0127022738 0.0617481849 -0.751399624 0.322919173 -0.575431849
CaBS 34 -0.0911516512 0.00656391183 0.0787705076 0.75139969 -0.322919491 0.575431584
CaBS 35 -0.116812107 0.017806276 0.0761505473 -0.748611709 0.322508237 0.579283131
CaBS 36 -0.0956507367 0.0194321234 0.0572088048 0.3213287 0.750213891 -0.577864158
CaBS 37 -0.102129533 0.0269304635 0.0761479788 0.324116492 0.749802901 0.576839761
CaBS 38 -0.102206627 -0.000157096929 0.0562971928 -0.324116588 -0.749802884 -0.576839729
CaBS 39 -0.101849575 0.0230110068 0.0810853656 0.324116492 0.749802901 0.576839761
Ca 4 -0.0504818265 -0.00020922185 0.139754035 0 0 0
Ca 6 -0.312237807 0.031931214 0.0999303987 0 0 0
Ca 4 -0.178081782 0.138804729 0.330187062 0 0 0
Ca 7 -0.260198941 0.0470060008 0.42295981 0 0 0
Ca 6 -0.285354498 0.023994104 0.320167502 0 0 0
Ca 7 0.101853699 -0.161967373 0.381448077 0 0 0
Ca 8 -0.308726314 0.51312696 0.26447262 0 0 0
Ca 6 -0.20700306 -0.121285061 0.0717016841 0 0 0
Ca 6 -0.0107653601 0.199461931 0.256335322 0 0 0
Ca 7 -0.340228764 -0.025853184 0.137506938 0 0 0
Ca 8 -0.109427526 0.195600099 0.10082432 0 0 0
Ca 6 -0.319433865 0.0484267214 0.0471495866 0 0 0
Ca 7 -0.144842412 0.0543592771 0.134906895 0 0 0
Ca 7 -0.04519563 -0.0140621282 0.234837318 0 0 0
Ca 7 -0.036360444 -0.0962698393 0.108228633 0 0 0
Ca 8 -0.0725698869 0.00925978734 0.206623919 0 0 0
Ca 6 -0.121012453 -0.104686766 0.139683438 0 0 0
Ca 1 -0.11432622 -0.0301197483 0.157351682 0 0 0
Ca 7 -0.255437899 0.306799872 0.137486777 0 0 0
Ca 7 -0.181755074 0.0805353017 0.112211713 0 0 0
Ca 8 -0.25410291 -0.031989901 0.171287778 0 0 0
Ca 8 -0.29889903 -0.0146095098 0.0654100424 0 0 0
Ca 6 -0.0529210698 0.0378788086 0.0833773694 0 0 0
Ca 1 -0.1806494 -0.00851015016 0.161340093 0 0 0
Ca 7 -0.152182511 0.0120842253 0.0466720557 0 0 0
Ca 1 -0.0676783845 0.0226885469 0.109824164 0 0 0
Ca 7 -0.145996832 -0.0314437571 0.0498239911 0 0 0
Ca 8 -0.133795645 -0.00571419465 0.051452293 0 0 0
VGCC_O 3 0.0772568984 -0.00428239309 0.046693036 -1.41802159e-06 2.82063681e-07 -1
VGCC_O 9 0.0953603447 -0.018533153 0.0466930096 -1.14792244e-06 -1.24564753e-07 -1
VGCC_O 0 0.11238887 -0.0311459409 0.0466929927 -1.01287282e-06 -1.51427976e-07 -1
VGCC_O 5 0.113746944 -0.0200409323 0.0466929896 -1.01287282e-06 -1.51427976e-07 -1
VGCC_O 2 0.119933892 -0.04777957 0.0466929781 -1.41802115e-06 2.82063236e-07 -1
VGCC_O 8 -0.134706799 0.0161271258 0.0466933331 -1.62059677e-06 3.22356891e-07 -1
VGCC_O 7 -0.137449801 0.00579357966 0.0466933342 -1.62059625e-06 3.22356338e-07 -1
LGIC_C 0 0.518756961 0.218530348 0.0250140113 3.37890593e-08 4.80634111e-08 -1
LGIC_C 1 -0.349112617 0.0475953083 0.0250139988 4.34088259e-08 -8.63455061e-09 1
LGIC_C 2 -0.593803434 0.0980770043 0.0250140137 4.96100897e-08 -9.86805572e-09 1
LGIC_C 3 0.256978392 -0.647205851 0.0250140179 -9.86804037e-09 4.96101e-08 1
LGIC_C 4 -0.438913766 -0.245955372 0.0250140046 6.28883752e-09 7.55636663e-08 1
LGIC_C 5 0.0377069243 -0.539422125 0.0250140141 1.00935263e-08 5.7878447e-08 1
LGIC_C 6 -0.325365564 0.508996507 0.0250140166 1.28239438e-08 -5.73353116e-08 1
LGIC_C 7 -0.69889873 0.440105548 0.0250140198 3.68002297e-08 -2.45891157e-08 1
LGIC_C 8 -0.172498864 0.288342418 0.0250139981 2.45891128e-08 -3.68002333e-08 1
LGIC_C 9 -0.480342458 -0.275474872 0.0250140071 6.28883752e-09 7.55636663e-08 1
LGIC_C 10 -0.40363389 -0.599553501 0.0250140176 3.95603082e-08 3.05989652e-08 1
LGIC_C 11 0.155597907 0.553581131 0.0250140097 -6.33660387e-09 4.96100877e-08 -1
LGIC_C 12 0.403783379 0.199774999 0.0250140096 -4.90669739e-08 -3.27854893e-08 1
LGIC_C 13 0.719139858 -0.106087938 0.02501402 -4.96100859e-08 9.86807898e-09 1
LGIC_C 14 0.686928477 0.254564802 0.0250140157 -4.96100869e-08 6.3366408e-09 1
LGIC_C 15 -0.476686601 -0.341062874 0.0250140079 5.39043203e-09 6.47688584e-08 1
LGIC_C 16 0.628547651 -0.149671166 0.0250140159 -4.96100859e-08 9.86807898e-09 1
LGIC_C 17 -0.546150183 0.348686707 0.0250140142 -4.82586679e-08 1.31306769e-08 -1
LGIC_C 18 0.312692999 -0.480329113 0.0250140122 -2.81018481e-08 4.20574137e-08 1
LGIC_C 19 -0.339853986 0.28630182 0.0250140085 3.37890593e-08 -4.80634052e-08 1
LGIC_C 20 0.0923250527 -0.406917262 0.0250140078 -1.15127059e-08 5.78784511e-08 1
LGIC_C 21 -0.000491529471 -0.17040353 0.0250139917 -2.90231482e-08 4.96101036e-08 1
LGIC_C 22 0.0994590084 0.624976387 0.0250140152 -9.86806672e-09 -4.96100854e-08 1
LGIC_C 23 -0.443685306 0.401603736 0.0250140095 3.68002297e-08 -2.45891157e-08 1
LGIC_C 24 0.121394585 0.428063644 0.0250140057 -9.86806672e-09 -4.96100854e-08 1
LGIC_C 25 0.377584919 -0.0478587464 0.025014 -4.34088226e-08 8.63456802e-09 1
LGIC_C 26 -0.0509330971 0.26388253 0.0250139991 1.15127271e-08 -5.78784352e-08 1
LGIC_C 27 -0.252878551 0.511605717 0.0250140167 3.27854968e-08 -4.90669676e-08 1
LGIC_C 28 0.685151789 0.119986309 0.025014014 -4.34088272e-08 -8.63453573e-09 1
LGIC_C 29 -0.620163666 -0.10938974 0.0250140138 5.7878436e-08 -4.89847332e-08 1
LGIC_C 30 0.65821629 0.171912006 0.0250140148 -4.96100869e-08 6.3366408e-09 1
LGIC_C 31 -0.425005952 -0.430543459 0.0250140132 -5.56021111e-08 -1.45571543e-08 -1
LGIC_C 32 0.102568596 0.123127304 0.0250139913 -2.81018716e-08 -4.20573923e-08 1
LGIC_C 33 -0.0034508311 0.628760597 0.0250140106 8.63455111e-09 -4.34088279e-08 1
LGIC_C 34 0.278190894 -0.505415153 0.0250140171 -3.27854948e-08 4.90669785e-08 1
LGIC_C 35 -0.188272893 -0.521145181 0.0250140036 -2.90231482e-08 4.96101036e-08 1
LGIC_C 36 0.518407793 -0.629335643 0.0250140191 -2.45891087e-08 3.68002429e-08 1
LGIC_C 37 0.111584264 0.810741411 0.0250140194 -8.63455884e-09 -4.34088253e-08 1
LGIC_C 38 0.756995428 -0.328398779 0.0250140194 -3.05989503e-08 3.95603122e-08 1
LGIC_C 39 0.702092759 0.293539973 0.0250140163 -3.68002282e-08 -2.45891172e-08 1
LGIC_C 40 -0.708519801 0.00463402266 0.0250140141 4.34088279e-08 -2.48392273e-08 1
LGIC_C 41 -0.535830159 0.58697455 0.025014018 2.45891128e-08 -3.68002333e-08 1
LGIC_C 42 -0.248548247 -0.651767041 0.0250140137 8.63456455e-09 4.34088336e-08 1
LGIC_C 43 -0.55197818 -0.493246174 0.0250140142 1.15916899e-08 4.97976879e-08 1
LGIC_C 44 0.338712903 0.542355783 0.0250140139 1.3130701e-08 4.82586573e-08 -1
LGIC_C 45 -0.0250191088 -0.276441578 0.0250139959 2.48392553e-08 4.34088306e-08 1
LGIC_C 46 -0.244956538 -0.182808036 0.0250139964 5.39043203e-09 6.47688584e-08 1
LGIC_C 47 0.509915245 -0.176871976 0.0250140148 -5.78784275e-08 1.15127558e-08 1
LGIC_C 48 -0.0776328714 -0.403446911 0.0250140014 8.63456455e-09 4.34088336e-08 1
LGIC_C 49 -0.536425168 -0.184981668 0.0250140081 4.34088238e-08 8.63459484e-09 1
LGIC_C 50 0.21898158 -0.333039167 0.0250140067 -3.27854948e-08 4.90669785e-08 1
LGIC_C 51 -0.585903545 -0.0203047245 0.0250140089 4.34088238e-08 8.63459484e-09 1
LGIC_C 52 0.638712623 -0.154302671 0.0250140148 -4.34088182e-08 2.48392526e-08 1
LGIC_C 53 0.327361418 -0.0677803669 0.0250139991 -4.34088182e-08 2.48392526e-08 1
LGIC_C 54 -0.0192588596 -0.191003869 0.0250139933 -4.89847109e-08 5.78784581e-08 1
LGIC_C 55 0.418380648 0.479846791 0.0250140112 -2.45891309e-08 -3.68002211e-08 1
LGIC_C 56 -0.135227777 -0.179990494 0.0250139934 -5.56021111e-08 -1.45571543e-08 -1
LGIC_C 57 -0.0951691031 0.432221699 0.0250140077 -3.14742797e-08 4.96100914e-08 -1
LGIC_C 58 0.459329822 -0.0671692206 0.0250140048 -4.34088182e-08 2.48392526e-08 1
LGIC_C 59 -0.409499037 -0.229553967 0.025014002 1.45571809e-08 5.5602105e-08 1
LGIC_C 60 0.074270752 0.51969221 0.0250140114 -3.14742949e-08 -4.96100822e-08 1
LGIC_C 61 -0.402597528 0.363689576 0.0250140104 4.20574045e-08 -2.81018523e-08 1
LGIC_C 62 -0.0604552845 0.431914821 0.0250140066 -3.14742797e-08 4.96100914e-08 -1
LGIC_C 63 0.215509284 -0.0267190457 0.0250139942 -4.96100859e-08 9.86807898e-09 1
LGIC_C 64 -0.230874161 0.000530958075 0.0250139966 5.7878425e-08 4.89846948e-08 1
LGIC_C 65 0.0160535086 0.313760549 0.025013999 -9.86806672e-09 -4.96100854e-08 1
LGIC_C 66 -0.241356487 -0.338518437 0.0250140016 2.45891453e-08 3.68002268e-08 1
LGIC_C 67 -0.458647571 0.439757072 0.0250140194 6.28881943e-09 -7.55636452e-08 1
LGIC_C 68 -0.691236828 -0.109778511 0.0250140103 -4.34088282e-08 2.70157287e-08 -1
LGIC_C 69 -0.711005934 -0.372676657 0.0250140186 3.68002489e-08 2.45891179e-08 1
LGIC_C 70 -0.0428606437 0.396563301 0.0250140009 8.63455111e-09 -4.34088279e-08 1
LGIC_C 71 0.530323758 0.0907556575 0.025014015 -5.78784335e-08 -1.15127284e-08 1
LGIC_C 72 0.120758266 0.40843705 0.025014002 -8.63455884e-09 -4.34088253e-08 1
LGIC_C 73 -0.0240166906 0.0019307008 0.0250139844 4.34088279e-08 -2.48392273e-08 1
LGIC_C 74 0.540310616 0.474710438 0.0250140155 -4.82586616e-08 -1.31306776e-08 1
LGIC_C 75 0.51109072 -0.601272392 0.0250140179 -2.45891087e-08 3.68002429e-08 1
LGIC_C 76 -0.687623422 0.0399247212 0.0250140162 4.96100851e-08 2.90231542e-08 1
LGIC_C 77 0.330325885 -0.222009667 0.0250140021 -3.05989503e-08 3.95603122e-08 1
LGIC_C 78 0.263769343 0.344643747 0.0250140088 -3.27855134e-08 -4.90669575e-08 1
LGIC_C 79 -0.5761766 -0.242932919 0.025014002 1.15916899e-08 4.97976879e-08 1
LGIC_C 80 0.744555069 -0.0216270612 0.0250140157 -4.34088226e-08 8.63456802e-09 1
LGIC_C 81 0.0635880494 0.67143667 0.0250140162 -6.33660387e-09 4.96100877e-08 -1
LGIC_C 82 0.498946333 -0.294743154 0.0250140102 -3.05989503e-08 3.95603122e-08 1
LGIC_C 83 -0.355527651 0.233091462 0.0250140035 -4.82586679e-08 1.31306769e-08 -1
LGIC_C 84 0.213242706 0.481779945 0.0250140093 1.3130701e-08 4.82586573e-08 -1
LGIC_C 85 -0.0905591933 0.112299755 0.0250139909 1.28239438e-08 -5.73353116e-08 1
LGIC_C 86 0.564966405 -0.316328293 0.0250140175 -3.37890406e-08 4.80634332e-08 1
LGIC_C 87 -0.319247344 -0.25589746 0.0250140021 1.45571809e-08 5.5602105e-08 1
LGIC_C 88 -0.610962279 -0.545081224 0.0250140175 1.15916899e-08 4.97976879e-08 1
LGIC_C 89 0.243663032 -0.500734202 0.0250140106 -1.31306721e-08 4.82586744e-08 1
LGIC_C 90 -0.379277734 -0.336922777 0.0250140075 1.45571809e-08 5.5602105e-08 1
LGIC_C 91 0.17075388 0.766024682 0.025014018 -8.63455884e-09 -4.34088253e-08 1
LGIC_C 92 0.20077472 -0.713174669 0.0250140173 6.33663526e-09 4.9610097e-08 1
LGIC_C 93 -0.0865895319 0.602672361 0.0250140126 -6.33661298e-09 -4.96100859e-08 1
LGIC_C 94 0.166541906 -0.0656204654 0.0250139936 -4.96100802e-08 3.14742968e-08 1
LGIC_C 95 -0.315412207 -0.428622278 0.025014007 -5.56021111e-08 -1.45571543e-08 -1
LGIC_C 96 0.359060735 -0.00466029485 0.0250140011 -4.96100859e-08 9.86807898e-09 1
LGIC_C 97 -0.36039571 0.0273177319 0.0250140003 4.96100851e-08 2.90231542e-08 1
LGIC_C 98 -0.350095889 -0.576831162 0.0250140148 3.95603082e-08 3.05989652e-08 1
LGIC_C 99 0.21052704 -0.0787041864 0.0250139961 -4.96100802e-08 3.14742968e-08 1
LGIC_C 100 -0.340621501 -0.494570914 0.0250140098 2.45891453e-08 3.68002268e-08 1
LGIC_C 101 -0.36360053 0.0176428789 0.0250140015 4.96100897e-08 -9.86805572e-09 1
LGIC_C 102 -0.374747077 0.43577194 0.0250140131 1.28239438e-08 -5.73353116e-08 1
LGIC_C 103 -0.465453633 -0.00545798994 0.0250140033 -4.34088282e-08 2.70157287e-08 -1
LGIC_C 104 0.586939404 -0.229095394 0.0250140146 -4.96100859e-08 9.86807898e-09 1
LGIC_C 105 -0.286008832 0.0982043346 0.0250139981 4.34088279e-08 -2.48392273e-08 1
LGIC_C 106 -0.297694147 0.756388345 0.0250140187 8.63455111e-09 -4.34088279e-08 1
LGIC_C 107 -0.726794194 -0.272303269 0.0250140172 4.34088238e-08 8.63459484e-09 1
LGIC_C 108 -0.0648628008 -0.526496797 0.0250140077 2.48392553e-08 4.34088306e-08 1
LGIC_C 109 0.190950659 0.0635729764 0.025013995 -5.78784335e-08 -1.15127284e-08 1
LGIC_C 110 -0.207942409 -0.706101235 0.0250140157 8.63456455e-09 4.34088336e-08 1
LGIC_C 111 -0.507396984 -0.141331693 0.0250140043 -4.96100919e-08 2.90231703e-08 -1
LGIC_C 112 0.712084835 -0.00539720825 0.0250140187 -4.96100802e-08 3.14742968e-08 1
LGIC_C 113 -0.0680928877 -0.721169032 0.0250140162 2.48392553e-08 4.34088306e-08 1
LGIC_C 114 -0.337989239 0.401199925 0.0250140106 1.28239438e-08 -5.73353116e-08 1
LGIC_C 115 0.526150398 -0.357377299 0.0250140135 -3.05989503e-08 3.95603122e-08 1
LGIC_C 116 0.128586596 -0.445293026 0.0250140077 1.00935263e-08 5.7878447e-08 1
LGIC_C 117 -0.19198307 -0.00920399375 0.0250139924 4.96100935e-08 -4.19869172e-08 1
LGIC_C 118 -0.29591039 -0.302846595 0.0250140041 -5.56021111e-08 -1.45571543e-08 -1
LGIC_C 119 0.087877141 0.415247995 0.0250140047 -9.86806672e-09 -4.96100854e-08 1
LGIC_C 120 0.0133577751 0.517888519 0.0250140091 -9.86806672e-09 -4.96100854e-08 1
LGIC_C 121 -0.447368859 -0.39937062 0.0250140083 1.15916899e-08 4.97976879e-08 1
LGIC_C 122 0.662221167 -0.346142643 0.0250140161 -3.68002179e-08 2.45891393e-08 1
LGIC_C 123 0.343629755 -0.330317084 0.0250140109 -4.90669481e-08 3.27855328e-08 1
LGIC_C 124 0.510481513 -0.42003042 0.0250140123 -3.68002179e-08 2.45891393e-08 1
LGIC_C 125 0.134724305 -0.151282187 0.0250139923 -1.31306721e-08 4.82586744e-08 1
LGIC_C 126 0.634047692 -0.373096214 0.0250140174 -3.05989503e-08 3.95603122e-08 1
LGIC_C 127 0.244715329 -0.348233494 0.0250140032 -1.31306721e-08 4.82586744e-08 1
LGIC_C 128 0.22745355 -0.344052711 0.0250140015 -2.45891087e-08 3.68002429e-08 1
LGIC_C 129 0.478530827 -0.0759369286 0.0250140047 -4.34088226e-08 8.63456802e-09 1
LGIC_C 130 -0.638888294 0.194944715 0.0250140127 4.34088259e-08 -8.63455061e-09 1
LGIC_C 131 0.413678503 0.2684989 0.0250140067 -4.82586616e-08 -1.31306776e-08 1
LGIC_C 132 -0.201821228 0.0407329776 0.0250139929 5.7878425e-08 4.89846948e-08 1
LGIC_C 133 -0.561081339 -0.0435896289 0.025014008 4.34088238e-08 8.63459484e-09 1
LGIC_C 134 0.3014392 -0.652345884 0.0250140146 -2.45891087e-08 3.68002429e-08 1
LGIC_C 135 -0.280616259 -0.266031607 0.0250140051 6.28883752e-09 7.55636663e-08 1
LGIC_C 136 0.36037194 -0.260116414 0.0250140029 -3.68002179e-08 2.45891393e-08 1
LGIC_C 137 0.349678079 -0.336823853 0.0250140073 -3.05989503e-08 3.95603122e-08 1
LGIC_C 138 -0.700601115 -0.235819046 0.0250140081 4.96100935e-08 -4.19869172e-08 1
LGIC_C 139 0.111377486 -0.0208272198 0.0250139894 -4.96100802e-08 3.14742968e-08 1
LGIC_C 140 0.428836498 0.551153558 0.0250140141 -2.45891309e-08 -3.68002211e-08 1
LGIC_C 141 0.456840331 0.133959408 0.0250140042 -4.34088272e-08 -8.63453573e-09 1
LGIC_C 142 -0.475163081 -0.561476785 0.0250140192 3.95603082e-08 3.05989652e-08 1
LGIC_C 143 -0.144856545 -0.203111223 0.0250139959 2.81018674e-08 4.20574117e-08 1
LGIC_C 144 -0.453985246 -0.477832701 0.0250140155 -5.56021111e-08 -1.45571543e-08 -1
LGIC_C 145 0.20612556 0.0224353876 0.0250139933 -4.96100869e-08 6.3366408e-09 1
LGIC_C 146 0.0283327708 0.576263018 0.0250140117 -6.33660387e-09 4.96100877e-08 -1
LGIC_C 147 -0.345628877 -0.358710488 0.0250140049 2.45891453e-08 3.68002268e-08 1
LGIC_C 148 0.467132978 -0.108100837 0.0250140115 -5.78784275e-08 1.15127558e-08 1
LGIC_C 149 0.567457965 0.540153872 0.0250140174 -3.68002282e-08 -2.45891172e-08 1
LGIC_C 150 0.418387384 0.156770814 0.025014003 -4.96100869e-08 6.3366408e-09 1
LGIC_C 151 -0.0878376782 -0.719215893 0.0250140152 8.63456455e-09 4.34088336e-08 1
LGIC_C 152 0.251827537 0.594010174 0.0250140152 1.3130701e-08 4.82586573e-08 -1
LGIC_C 153 0.182001057 -0.196695593 0.0250139968 -1.28239349e-08 5.73353226e-08 1
LGIC_C 154 0.148746396 0.519001868 0.0250140105 -9.86806672e-09 -4.96100854e-08 1
LGIC_C 155 -0.62729055 0.11483905 0.0250140115 4.34088259e-08 -8.63455061e-09 1
LGIC_C 156 -0.241376447 0.0557342737 0.0250139942 4.34088259e-08 -8.63455061e-09 1
LGIC_C 157 -0.444184902 0.277449242 0.025014007 6.28881943e-09 -7.55636452e-08 1
LGIC_C 158 0.336463775 0.166762512 0.0250140026 3.37890593e-08 4.80634111e-08 -1
LGIC_C 159 0.785790571 0.171119794 0.0250140188 -4.34088272e-08 -8.63453573e-09 1
LGIC_C 160 -0.311986872 -0.070564414 0.0250139949 -4.34088282e-08 2.70157287e-08 -1
LGIC_C 161 -0.429754736 0.0808542906 0.0250140054 4.96100897e-08 -9.86805572e-09 1
LGIC_C 162 0.467685957 0.00300544324 0.0250140065 -4.96100911e-08 -9.86803575e-09 1
LGIC_C 163 0.388532015 -0.270321098 0.0250140072 -4.20573976e-08 2.81018683e-08 1
LGIC_C 164 0.24582225 -0.598761534 0.0250140114 6.33663526e-09 4.9610097e-08 1
LGIC_C 165 -0.319735519 0.0706005038 0.0250139971 4.96100851e-08 2.90231542e-08 1
LGIC_C 166 -0.167804601 -0.688327151 0.0250140173 2.48392553e-08 4.34088306e-08 1
LGIC_C 167 -0.579259243 0.535180978 0.0250140177 3.68002297e-08 -2.45891157e-08 1
LGIC_C 168 -0.563107766 -0.23715485 0.0250140016 5.39043203e-09 6.47688584e-08 1
LGIC_C 169 0.63763039 -0.480051988 0.0250140185 -3.68002179e-08 2.45891393e-08 1
LGIC_C 170 0.562344064 -0.375713828 0.0250140203 -3.37890406e-08 4.80634332e-08 1
LGIC_C 171 -0.201226194 0.324764537 0.0250140045 1.28239438e-08 -5.73353116e-08 1
LGIC_C 172 0.335891678 0.157791248 0.0250140022 3.37890593e-08 4.80634111e-08 -1
LGIC_C 173 0.6789511 0.325681164 0.0250140162 -3.68002282e-08 -2.45891172e-08 1
LGIC_C 174 -0.0666199575 -0.514050112 0.0250140072 2.48392553e-08 4.34088306e-08 1
LGIC_C 175 0.424699315 -0.26375363 0.0250140103 -3.37890406e-08 4.80634332e-08 1
LGIC_C 176 -0.606880489 -0.594695816 0.0250140202 3.68002489e-08 2.45891179e-08 1
LGIC_C 177 0.310002016 0.34315539 0.0250140064 -2.81018716e-08 -4.20573923e-08 1
LGIC_C 178 0.0575280681 -0.638020951 0.0250140145 6.33663526e-09 4.9610097e-08 1
LGIC_C 179 -0.267692173 -0.163559157 0.0250139973 6.28883752e-09 7.55636663e-08 1
LGIC_C 180 -0.119312227 0.266261394 0.0250139978 2.8101852e-08 -4.20574041e-08 1
LGIC_C 181 -0.6369255 -0.286181605 0.0250140052 5.39043203e-09 6.47688584e-08 1
LGIC_C 182 0.0657860492 -0.19657027 0.0250139954 -1.15127059e-08 5.78784511e-08 1
LGIC_C 183 0.661502207 0.335701435 0.0250140196 -4.82586616e-08 -1.31306776e-08 1
LGIC_C 184 0.714794253 -0.066404447 0.0250140159 -4.34088182e-08 2.48392526e-08 1
LGIC_C 185 0.385192146 -0.133256367 0.0250140033 -4.34088182e-08 2.48392526e-08 1
LGIC_C 186 -0.580512592 -0.320624645 0.0250140071 5.39043203e-09 6.47688584e-08 1
LGIC_C 187 0.139360177 0.0901798736 0.025013993 -4.90669739e-08 -3.27854893e-08 1
LGIC_C 188 -0.747889922 0.101639582 0.0250140166 4.34088259e-08 -8.63455061e-09 1
LGIC_C 189 -0.532958981 0.28475304 0.0250140137 4.20574045e-08 -2.81018523e-08 1
LGIC_C 190 0.328166235 -0.718971568 0.0250140178 -2.45891087e-08 3.68002429e-08 1
LGIC_C 191 -0.412877534 -0.232940359 0.0250140005 5.39043203e-09 6.47688584e-08 1
LGIC_C 192 -0.297550607 0.0941322846 0.025013997 4.34088259e-08 -8.63455061e-09 1
LGIC_C 193 0.310894875 0.0982341773 0.0250139996 -4.96100911e-08 -9.86803575e-09 1
LGIC_C 194 -0.710825604 0.357319886 0.0250140182 3.68002297e-08 -2.45891157e-08 1
LGIC_C 195 0.385107284 0.386506646 0.0250140103 -2.81018716e-08 -4.20573923e-08 1
LGIC_C 196 0.687101198 0.402332551 0.0250140184 -3.68002282e-08 -2.45891172e-08 1
LGIC_C 197 -0.240856606 -0.518059163 0.0250140082 2.45891453e-08 3.68002268e-08 1
LGIC_C 198 0.543765782 0.0017215793 0.0250140069 -4.34088272e-08 -8.63453573e-09 1
LGIC_C 199 0.62614135 0.233983377 0.0250140128 -4.96100869e-08 6.3366408e-09 1
LGIC_C 200 0.756739919 -0.314162445 0.0250140188 -3.68002179e-08 2.45891393e-08 1
LGIC_C 201 0.249901294 0.118426519 0.0250139971 -4.20574004e-08 -2.81018564e-08 1
LGIC_C 202 -0.0177605222 -0.28917658 0.0250139962 2.48392553e-08 4.34088306e-08 1
LGIC_C 203 -0.181630869 -0.026655085 0.0250139915 -4.96100919e-08 2.90231703e-08 -1
LGIC_C 204 -0.360193135 0.564764014 0.0250140171 2.8101852e-08 -4.20574041e-08 1
LGIC_C 205 -0.0856849109 0.233376896 0.0250139957 9.86805557e-09 -4.96100883e-08 1
LGIC_C 206 0.661042735 -0.396325729 0.0250140173 -3.68002179e-08 2.45891393e-08 1
LGIC_C 207 -0.14926433 -0.423371307 0.0250140004 -4.89847109e-08 5.78784581e-08 1
LGIC_C 208 -0.497040627 0.364690347 0.025014012 -4.82586679e-08 1.31306769e-08 -1
LGIC_C 209 0.00371544614 -0.0035384478 0.0250139839 1.17760706e-07 -7.86852683e-08 -1
LGIC_C 210 0.0683484185 0.268916983 0.0250139973 -9.86806672e-09 -4.96100854e-08 1
LGIC_C 211 0.548081929 -0.175732912 0.025014017 -5.78784275e-08 1.15127558e-08 1
LGIC_C 212 -0.345286357 -0.486626715 0.0250140095 -5.56021111e-08 -1.45571543e-08 -1
LGIC_C 213 0.382550999 -0.406627681 0.0250140111 -2.81018481e-08 4.20574137e-08 1
LGIC_C 214 0.449013342 -0.0766665649 0.0250140034 -4.34088226e-08 8.63456802e-09 1
LGIC_C 215 -0.472968356 -0.00668516555 0.0250140039 4.34088238e-08 8.63459484e-09 1
LGIC_C 216 0.216074205 -0.16833784 0.0250139965 -3.05989503e-08 3.95603122e-08 1
LGIC_C 217 0.511797439 -0.414816328 0.0250140205 -3.37890406e-08 4.80634332e-08 1
LGIC_C 218 -0.275887429 0.394797352 0.0250140059 1.31306824e-08 -4.82586643e-08 1
LGIC_C 219 -0.211869349 -0.476272865 0.0250140062 3.95603082e-08 3.05989652e-08 1
LGIC_C 220 -0.743930774 -0.332823474 0.0250140188 3.68002489e-08 2.45891179e-08 1
LGIC_C 221 0.697170974 -0.406437515 0.0250140189 -3.68002179e-08 2.45891393e-08 1
LGIC_C 222 -0.548773277 -0.156391416 0.025014006 -4.96100919e-08 2.90231703e-08 -1
LGIC_C 223 0.244567696 0.408460348 0.0250140088 -4.80634192e-08 -3.37890445e-08 1
LGIC_C 224 -0.40561734 0.0547351259 0.0250140018 4.96100851e-08 2.90231542e-08 1
LGIC_C 225 0.188069082 -0.661382516 0.0250140136 -8.63454093e-09 4.34088369e-08 1
LGIC_C 226 0.391424606 -0.225373332 0.0250140032 -3.68002179e-08 2.45891393e-08 1
LGIC_C 227 -0.192272692 0.516256966 0.0250140073 8.63455111e-09 -4.34088279e-08 1
LGIC_C 228 0.277393298 -0.300039434 0.0250140014 -1.31306721e-08 4.82586744e-08 1
LGIC_C 229 -0.506640942 -0.0821901935 0.025014006 4.34088238e-08 8.63459484e-09 1
LGIC_C 230 -0.687438478 -0.194681106 0.0250140079 -4.34088282e-08 2.70157287e-08 -1
LGIC_C 231 0.556233356 0.265817829 0.0250140148 3.37890593e-08 4.80634111e-08 -1
LGIC_C 232 -0.259014816 0.80149162 0.0250140203 8.63455111e-09 -4.34088279e-08 1
LGIC_C 233 0.327775456 0.221056144 0.025014002 -4.82586616e-08 -1.31306776e-08 1
LGIC_C 234 -0.0591368603 -0.463853563 0.0250140039 8.63456455e-09 4.34088336e-08 1
LGIC_C 235 0.284817059 0.44797133 0.0250140101 -2.81018716e-08 -4.20573923e-08 1
LGIC_C 236 0.284635068 -0.00765542438 0.0250139958 -4.34088182e-08 2.48392526e-08 1
LGIC_C 237 0.681708651 -0.00484804288 0.0250140172 -4.96100802e-08 3.14742968e-08 1
LGIC_C 238 -0.170755966 0.0160363499 0.0250139924 5.7878425e-08 4.89846948e-08 1
LGIC_C 239 0.475267819 -0.311245985 0.025014012 -4.20573976e-08 2.81018683e-08 1
LGIC_C 240 0.15397609 -0.178960976 0.0250139955 -1.28239349e-08 5.73353226e-08 1
LGIC_C 241 -0.0900542228 0.214062867 0.0250139948 2.8101852e-08 -4.20574041e-08 1
LGIC_C 242 0.624443586 -0.309561236 0.0250140192 -3.37890406e-08 4.80634332e-08 1
LGIC_C 243 -0.669413157 0.262872712 0.0250140191 4.96100897e-08 -9.86805572e-09 1
LGIC_C 244 0.552541815 -0.16331646 0.0250140171 -5.78784275e-08 1.15127558e-08 1
LGIC_C 245 -0.496620909 -0.481271295 0.0250140172 1.45571809e-08 5.5602105e-08 1
LGIC_C 246 0.391815729 0.444047739 0.0250140092 -2.45891309e-08 -3.68002211e-08 1
LGIC_C 247 -0.497077116 0.642494768 0.0250140191 2.45891128e-08 -3.68002333e-08 1
LGIC_C 248 0.0927099501 -0.100245866 0.0250139892 -2.45891087e-08 3.68002429e-08 1
LGIC_C 249 0.501391148 -0.00784724875 0.0250140083 -4.96100802e-08 3.14742968e-08 1
LGIC_C 250 0.233476362 0.514742508 0.0250140119 -4.80634192e-08 -3.37890445e-08 1
LGIC_C 251 0.031178696 0.674026117 0.0250140165 -6.33660387e-09 4.96100877e-08 -1
LGIC_C 252 0.126747912 0.567894593 0.0250140154 -3.14742949e-08 -4.96100822e-08 1
LGIC_C 253 0.490189508 0.316064569 0.025014011 -4.82586616e-08 -1.31306776e-08 1
LGIC_C 254 -0.504983179 0.295883583 0.0250140146 3.37890593e-08 -4.80634052e-08 1
LGIC_C 255 -0.767190989 -0.103663397 0.0250140138 -4.34088282e-08 2.70157287e-08 -1
LGIC_C 256 -0.32769582 0.519842216 0.0250140105 2.45891128e-08 -3.68002333e-08 1
LGIC_C 257 0.297518752 0.301138367 0.0250140017 1.3130701e-08 4.82586573e-08 -1
LGIC_C 258 -0.32188286 0.572506272 0.0250140123 2.45891128e-08 -3.68002333e-08 1
LGIC_C 259 0.219371631 -0.314691946 0.0250140059 -3.27854948e-08 4.90669785e-08 1
LGIC_C 260 -0.0398120009 -0.626324608 0.0250140147 9.8680833e-09 4.96100963e-08 1
LGIC_C 261 0.0684000558 0.599807403 0.0250140099 -8.63455884e-09 -4.34088253e-08 1
LGIC_C 262 -0.340132163 0.344064245 0.0250140043 1.31306824e-08 -4.82586643e-08 1
LGIC_C 263 -0.677060519 -0.21536794 0.0250140068 -4.34088282e-08 2.70157287e-08 -1
LGIC_C 264 0.455712361 -0.327802044 0.0250140081 -3.68002179e-08 2.45891393e-08 1
LGIC_C 265 0.211502157 0.0552099746 0.0250139943 -4.96100911e-08 -9.86803575e-09 1
LGIC_C 266 -0.144153228 -0.333414086 0.0250139992 3.95603082e-08 3.05989652e-08 1
LGIC_C 267 -0.292632386 -0.282950632 0.0250140032 1.45571809e-08 5.5602105e-08 1
LGIC_C 268 -0.0922794228 -0.527352391 0.0250140067 -2.90231482e-08 4.96101036e-08 1
LGIC_C 269 -0.126693474 0.676510987 0.025014016 -6.33661298e-09 -4.96100859e-08 1
LGIC_C 270 -0.0886960457 -0.108428255 0.0250139907 7.55636799e-08 6.2887973e-09 1
LGIC_C 271 -0.492190034 -0.445089659 0.0250140123 3.68002489e-08 2.45891179e-08 1
LGIC_C 272 -0.406546359 0.274334885 0.0250140065 -4.82586679e-08 1.31306769e-08 -1
LGIC_C 273 0.742148907 -0.200243536 0.0250140204 -4.34088182e-08 2.48392526e-08 1
LGIC_C 274 -0.341490235 0.34357116 0.0250140043 2.45891128e-08 -3.68002333e-08 1
LGIC_C 275 0.0207367191 -0.567379239 0.0250140113 6.33663526e-09 4.9610097e-08 1
LGIC_C 276 -0.161363755 -0.525372284 0.0250140046 -2.90231482e-08 4.96101036e-08 1
LGIC_C 277 0.666591054 -0.120279228 0.0250140201 -4.96100802e-08 3.14742968e-08 1
LGIC_C 278 0.311736465 0.252372502 0.0250140009 -3.68002282e-08 -2.45891172e-08 1
LGIC_C 279 0.0895026183 -0.0871905354 0.0250139887 -3.68002179e-08 2.45891393e-08 1
LGIC_C 280 -0.288063676 -0.140042406 0.0250139952 1.45571809e-08 5.5602105e-08 1
LGIC_C 281 0.363058586 0.580348396 0.0250140203 -4.80634192e-08 -3.37890445e-08 1
LGIC_C 282 -0.244326373 -0.450518547 0.0250140067 3.95603082e-08 3.05989652e-08 1
LGIC_C 283 -0.26403007 -0.46932521 0.0250140062 7.55636799e-08 6.2887973e-09 1
LGIC_C 284 0.267935239 -0.751825574 0.0250140182 -8.63454093e-09 4.34088369e-08 1
LGIC_C 285 -0.261974361 0.474449248 0.0250140151 3.27854968e-08 -4.90669676e-08 1
LGIC_C 286 -0.545600342 0.0118798381 0.02501401 4.96100851e-08 2.90231542e-08 1
LGIC_C 287 -0.0503433618 -0.16213214 0.0250139907 8.63456455e-09 4.34088336e-08 1
LGIC_C 288 0.0231992654 -0.337032462 0.0250139998 6.33663526e-09 4.9610097e-08 1
LGIC_C 289 0.0376170489 0.0199675471 0.0250139851 -3.68002282e-08 -2.45891172e-08 1
LGIC_C 290 -0.368340839 -0.510355489 0.0250140151 2.81018674e-08 4.20574117e-08 1
LGIC_C 291 -0.515732643 0.444769662 0.0250140132 3.68002297e-08 -2.45891157e-08 1
LGIC_C 292 0.434911031 0.459490297 0.0250140148 -2.81018716e-08 -4.20573923e-08 1
LGIC_C 293 -0.667318455 -0.0577977674 0.0250140147 -4.96100919e-08 2.90231703e-08 -1
LGIC_C 294 0.0521006208 -0.199205222 0.0250139954 -1.15127059e-08 5.78784511e-08 1
LGIC_C 295 -0.17210339 0.115788164 0.0250139931 6.28881943e-09 -7.55636452e-08 1
LGIC_C 296 0.508065402 0.28405577 0.0250140126 -4.20574004e-08 -2.81018564e-08 1
LGIC_C 297 0.0116193353 0.372328216 0.0250139995 -8.63455884e-09 -4.34088253e-08 1
LGIC_C 298 0.0974434583 -0.494720139 0.0250140087 -9.86804037e-09 4.96101e-08 1
LGIC_C 299 -0.108916713 -0.309957624 0.0250139997 9.8680833e-09 4.96100963e-08 1
LGIC_C 300 0.408699899 -0.0532862721 0.0250140023 -4.34088182e-08 2.48392526e-08 1
LGIC_C 301 0.101910061 0.359485359 0.0250139997 -8.63455884e-09 -4.34088253e-08 1
LGIC_C 302 0.421667827 0.331138154 0.0250140103 -4.20574004e-08 -2.81018564e-08 1
LGIC_C 303 -0.0433262658 0.38790388 0.0250140029 9.86805557e-09 -4.96100883e-08 1
LGIC_C 304 -0.13173955 0.382774491 0.0250140014 -6.33661298e-09 -4.96100859e-08 1
LGIC_C 305 -0.446440997 0.211648114 0.0250140049 3.68002297e-08 -2.45891157e-08 1
LGIC_C 306 0.18386646 0.105711654 0.0250139945 3.37890593e-08 4.80634111e-08 -1
LGIC_C 307 -0.420015115 0.256792553 0.0250140069 -4.82586679e-08 1.31306769e-08 -1
LGIC_C 308 0.636205332 -0.279651618 0.0250140135 -3.68002179e-08 2.45891393e-08 1
LGIC_C 309 0.136607121 0.0739808874 0.0250139901 -3.68002282e-08 -2.45891172e-08 1
LGIC_C 310 0.0945715121 0.78346876 0.0250140181 -8.63455884e-09 -4.34088253e-08 1
LGIC_C 311 0.572513743 0.616990414 0.02501402 -2.45891309e-08 -3.68002211e-08 1
LGIC_C 312 0.308337847 0.220598356 0.0250140024 -4.20574004e-08 -2.81018564e-08 1
LGIC_C 313 0.666982113 0.361040608 0.0250140167 -3.68002282e-08 -2.45891172e-08 1
LGIC_C 314 -0.258347197 0.502615883 0.0250140081 2.45891128e-08 -3.68002333e-08 1
LGIC_C 315 -0.080140791 0.0138866065 0.0250139874 4.96100897e-08 -9.86805572e-09 1
LGIC_C 316 -0.205144771 -0.203861221 0.0250139999 6.28883752e-09 7.55636663e-08 1
LGIC_C 317 -0.364337818 -0.25163704 0.0250140028 3.68002489e-08 2.45891179e-08 1
LGIC_C 318 -0.190929263 -0.330288611 0.0250139987 -5.56021111e-08 -1.45571543e-08 -1
LGIC_C 319 -0.471968438 -0.0511783555 0.0250140024 -4.34088282e-08 2.70157287e-08 -1
LGIC_C 320 0.457349841 0.576022831 0.0250140203 -2.81018716e-08 -4.20573923e-08 1
LGIC_C 321 0.57121023 -0.269042212 0.0250140155 -3.37890406e-08 4.80634332e-08 1
LGIC_C 322 0.505803341 0.224365907 0.0250140106 -4.82586616e-08 -1.31306776e-08 1
LGIC_C 323 -0.32933208 -0.665332812 0.0250140205 2.81018674e-08 4.20574117e-08 1
LGIC_C 324 0.0240149699 0.694316872 0.0250140176 -6.33660387e-09 4.96100877e-08 -1
LGIC_C 325 0.456390268 0.619413913 0.0250140173 -2.45891309e-08 -3.68002211e-08 1
LGIC_C 326 0.171721514 0.641108963 0.025014014 -6.33660387e-09 4.96100877e-08 -1
LGIC_C 327 -0.278387217 -0.027789084 0.0250139963 -4.96100919e-08 2.90231703e-08 -1
LGIC_C 328 -0.386974446 0.0199707248 0.0250140006 4.34088279e-08 -2.48392273e-08 1
LGIC_C 329 0.572424155 -0.217445691 0.0250140138 -4.96100859e-08 9.86807898e-09 1
LGIC_C 330 0.385560544 -0.0217569176 0.025014003 -4.96100802e-08 3.14742968e-08 1
LGIC_C 331 0.228797642 -0.0755735544 0.025013995 -4.34088182e-08 2.48392526e-08 1
LGIC_C 332 -0.0391239345 -0.375291865 0.0250140022 9.8680833e-09 4.96100963e-08 1
LGIC_C 333 0.473902231 0.173018511 0.0250140053 -4.34088272e-08 -8.63453573e-09 1
LGIC_C 334 0.253320451 0.805542318 0.0250140204 -8.63455884e-09 -4.34088253e-08 1
LGIC_C 335 0.185797892 0.551201974 0.0250140094 -6.33660387e-09 4.96100877e-08 -1
LGIC_C 336 -0.770724791 0.0176574448 0.0250140172 4.34088279e-08 -2.48392273e-08 1
LGIC_C 337 -0.0295655663 -0.00865265884 0.0250139846 5.7878436e-08 -4.89847332e-08 1
LGIC_C 338 -0.193339784 0.306919453 0.0250139993 2.45891128e-08 -3.68002333e-08 1
LGIC_C 339 0.145386767 -0.179010017 0.0250139938 -1.31306721e-08 4.82586744e-08 1
LGIC_C 340 -0.296831425 0.613282159 0.0250140174 2.8101852e-08 -4.20574041e-08 1
LGIC_C 341 -0.0409918525 -0.736604273 0.0250140156 8.63456455e-09 4.34088336e-08 1
LGIC_C 342 -0.835153371 -0.00894948152 0.0250140193 -4.34088282e-08 2.70157287e-08 -1
LGIC_C 343 0.275062387 0.451844106 0.0250140087 1.3130701e-08 4.82586573e-08 -1
LGIC_C 344 -0.13125409 0.0299101624 0.0250139894 5.7878425e-08 4.89846948e-08 1
LGIC_C 345 -0.124035911 -0.153829907 0.0250139936 7.55636799e-08 6.2887973e-09 1
LGIC_C 346 0.33964966 0.308434849 0.0250140033 -3.68002282e-08 -2.45891172e-08 1
LGIC_C 347 0.480259304 -0.182594878 0.0250140089 -4.96100859e-08 9.86807898e-09 1
LGIC_C 348 -0.155048676 -0.629685026 0.025014016 9.8680833e-09 4.96100963e-08 1
LGIC_C 349 -0.199378849 -0.511393779 0.0250140028 -2.90231482e-08 4.96101036e-08 1
LGIC_C 350 -0.258537572 0.373427023 0.0250140034 2.45891128e-08 -3.68002333e-08 1
LGIC_C 351 -0.0918077645 0.0768638244 0.0250139901 3.37890593e-08 -4.80634052e-08 1
LGIC_C 352 -0.203748984 -0.286807034 0.0250140001 3.95603082e-08 3.05989652e-08 1
LGIC_C 353 -0.353337281 0.175216524 0.0250140031 4.20574045e-08 -2.81018523e-08 1
LGIC_C 354 0.136784345 0.180909255 0.0250139947 -2.81018716e-08 -4.20573923e-08 1
LGIC_C 355 0.0682710137 -0.566295145 0.0250140153 1.00935263e-08 5.7878447e-08 1
LGIC_C 356 0.124833896 0.690604927 0.0250140143 -8.63455884e-09 -4.34088253e-08 1
LGIC_C 357 0.76447518 0.153320403 0.0250140202 -4.96100869e-08 6.3366408e-09 1
LGIC_C 358 0.030563304 -0.0256780012 0.0250139856 -4.90669481e-08 3.27855328e-08 1
LGIC_C 359 -0.266545481 0.201977412 0.0250140002 6.28881943e-09 -7.55636452e-08 1
LGIC_C 360 -0.512995404 0.456245754 0.0250140134 3.68002297e-08 -2.45891157e-08 1
LGIC_C 361 0.595804419 -0.17552309 0.0250140145 -4.96100859e-08 9.86807898e-09 1
LGIC_C 362 -0.456754083 -0.110612761 0.0250140027 -4.96100919e-08 2.90231703e-08 -1
LGIC_C 363 -0.349688043 0.452315409 0.0250140097 1.31306824e-08 -4.82586643e-08 1
LGIC_C 364 0.0843611522 0.142405558 0.025013993 -3.27855134e-08 -4.90669575e-08 1
LGIC_C 365 0.596175718 -0.302860659 0.0250140168 -4.20573976e-08 2.81018683e-08 1
LGIC_C 366 -0.333954452 -0.708498304 0.0250140181 3.95603082e-08 3.05989652e-08 1
LGIC_C 367 0.392899857 -0.112206026 0.0250140031 -4.34088182e-08 2.48392526e-08 1
LGIC_C 368 -0.116118618 -0.320025424 0.025014 2.48392553e-08 4.34088306e-08 1
LGIC_C 369 -0.0961160093 -0.600897914 0.0250140102 -2.90231482e-08 4.96101036e-08 1
LGIC_C 370 -0.400782 -0.590736453 0.0250140148 2.45891453e-08 3.68002268e-08 1
LGIC_C 371 0.202919297 0.0721665684 0.0250139927 -4.34088272e-08 -8.63453573e-09 1
LGIC_C 372 -0.0592542226 0.455329157 0.0250140035 8.63455111e-09 -4.34088279e-08 1
LGIC_C 373 -0.593027948 0.510224856 0.0250140176 3.68002297e-08 -2.45891157e-08 1
LGIC_C 374 0.0341828892 -0.210315928 0.0250139935 6.33663526e-09 4.9610097e-08 1
LGIC_C 375 0.159977593 -0.649792956 0.0250140192 1.00935263e-08 5.7878447e-08 1
LGIC_C 376 0.388340494 0.356964912 0.0250140096 -4.20574004e-08 -2.81018564e-08 1
LGIC_C 377 0.308278379 0.154598112 0.0250139984 -3.68002282e-08 -2.45891172e-08 1
LGIC_C 378 -0.636009465 0.0934673474 0.0250140121 4.96100851e-08 2.90231542e-08 1
LGIC_C 379 -0.0054342186 -0.482074416 0.0250140072 9.8680833e-09 4.96100963e-08 1
LGIC_C 380 0.0944223382 0.604455465 0.0250140142 -9.86806672e-09 -4.96100854e-08 1
LGIC_C 381 0.021968336 0.664601445 0.0250140161 -6.33660387e-09 4.96100877e-08 -1
LGIC_C 382 0.554605925 -0.294798706 0.0250140161 -3.37890406e-08 4.80634332e-08 1
LGIC_C 383 0.343954467 -0.508577684 0.0250140195 -3.27854948e-08 4.90669785e-08 1
LGIC_C 384 -0.446997532 -0.431768054 0.0250140187 6.28883752e-09 7.55636663e-08 1
LGIC_C 385 0.589371479 0.0795865234 0.0250140183 -5.78784335e-08 -1.15127284e-08 1
LGIC_C 386 0.500784896 -0.471290516 0.0250140132 -3.68002179e-08 2.45891393e-08 1
LGIC_C 387 0.544533344 -0.239611113 0.0250140131 -3.37890406e-08 4.80634332e-08 1
LGIC_C 388 -0.0249418254 0.445634433 0.0250140062 -3.14742797e-08 4.96100914e-08 -1
LGIC_C 389 0.356544026 -0.36479227 0.0250140128 -3.27854948e-08 4.90669785e-08 1
LGIC_C 390 0.57217023 0.0232556261 0.0250140115 -4.96100869e-08 6.3366408e-09 1
LGIC_C 391 -0.193655539 0.104997814 0.0250139949 3.37890593e-08 -4.80634052e-08 1
LGIC_C 392 -0.195888414 -0.581815574 0.0250140064 -2.90231482e-08 4.96101036e-08 1
LGIC_C 393 -0.0300002305 -0.309449531 0.0250139969 8.63456455e-09 4.34088336e-08 1
LGIC_C 394 0.419892344 0.642146236 0.0250140172 -2.45891309e-08 -3.68002211e-08 1
LGIC_C 395 0.335144709 0.447143944 0.0250140092 1.3130701e-08 4.82586573e-08 -1
LGIC_C 396 0.286014397 0.409656451 0.0250140068 1.3130701e-08 4.82586573e-08 -1
LGIC_C 397 -0.684661114 0.254394418 0.0250140152 4.34088259e-08 -8.63455061e-09 1
LGIC_C 398 -0.563026752 0.262519474 0.0250140149 3.37890593e-08 -4.80634052e-08 1
LGIC_C 399 0.607545182 -0.178729066 0.025014019 -4.96100802e-08 3.14742968e-08 1
