VGCC_O 5 0.113746944 -0.0200409323 0.0466929896 -1.01287282e-06 -1.51427976e-07 -1
CaBS 10 0.120702138 -0.0277779427 0.0739132639 0.751399702 -0.322919474 0.575431578
CaBS 11 0.107003824 -0.00338880199 0.0624445385 0.321328636 0.750213906 -0.577864173
CaBS 13 0.109953608 -0.00739730935 0.080602934 0.324116486 0.74980293 0.576839726
CaBS 14 0.117955306 -0.0318342071 0.071534693 0.34654604 -0.867983022 0.355684293
CaBS 15 0.117937001 -0.0234516459 0.0799518078 0.751399702 -0.322919474 0.575431578
CaBS 16 0.105381967 -0.00430246728 0.0616052101 -0.346545998 0.867982935 -0.355684546
CaBS 17 0.0921563397 -0.0107023394 0.0655326321 -0.751399618 0.322919164 -0.575431861
CaBS 18 0.116993292 -0.0128165289 0.0572383144 0.329239702 0.132369043 -0.934922272
CaBS 19 0.108392739 -0.0241917171 0.0865973098 -0.329239867 -0.132369096 0.934922207
CaBS 20 0.103456908 -0.0323932793 0.0616404691 -0.324116536 -0.749802846 -0.576839807
CaBS 21 0.0951138809 -0.029753292 0.0746068725 -0.735818491 -0.677177075 0.00153536998
CaBS 22 0.116790426 -0.00810321813 0.0617659971 0.321328636 0.750213906 -0.577864173
CaBS 23 0.10327255 -0.0208645496 0.0541967618 -0.333750671 -0.131704002 -0.933415527
CaBS 24 0.0975854142 -0.0295988712 0.0781860927 -0.321328743 -0.750213836 0.577864204
Ca 1 0.0706979597 -0.126971557 0.285576396 0 0 0
Ca 8 0.0600122257 -0.115402394 0.358031371 0 0 0
Ca 1 -0.159486602 -0.0682837466 0.776032465 0 0 0
Ca 7 -0.509826382 -0.0414235407 0.538562493 0 0 0
Ca 6 0.458829852 0.131066015 0.306602947 0 0 0
Ca 6 -0.106422425 -0.46400907 0.684446091 0 0 0
Ca 6 -0.0459386138 0.382538576 0.25833904 0 0 0
Ca 8 -0.482688501 0.429506839 0.506711906 0 0 0
Ca 6 0.453364818 -0.387531051 0.572121516 0 0 0
Ca 1 0.559368857 -0.0270217965 0.424842951 0 0 0
Ca 8 -0.160603523 0.416908336 0.206334554 0 0 0
Ca 8 0.151838363 -0.160319091 0.31655516 0 0 0
Ca 8 -0.303843929 0.0509814984 0.277885079 0 0 0
Ca 7 0.198332795 -0.286277757 0.418789057 0 0 0
Ca 6 0.0539358681 0.154201996 0.569430389 0 0 0
Ca 7 -0.183377166 0.191198315 0.713457308 0 0 0
Ca 8 -0.239745872 0.428715298 0.695301981 0 0 0
Ca 8 -0.667181825 -0.204387452 0.214001421 0 0 0
Ca 4 -0.545438596 -0.10586901 0.264482856 0 0 0
Ca 6 0.389257604 -0.203471455 0.382114008 0 0 0
Ca 8 -0.165078935 0.203774744 0.696922982 0 0 0
Ca 6 -0.459742949 -0.313511609 0.569373866 0 0 0
Ca 7 -0.112480509 0.300954902 0.207503023 0 0 0
Ca 7 -0.737212441 0.276526049 0.309505344 0 0 0
Ca 6 -0.461317598 0.292438637 0.415782098 0 0 0
Ca 8 -0.169845602 -0.407608703 0.314717912 0 0 0
Ca 8 -0.348557597 -0.0907381275 0.509197462 0 0 0
Ca 8 0.0520090391 -0.0113166334 0.630007722 0 0 0
Ca 7 -0.408999779 0.191879367 0.0781307941 0 0 0
Ca 8 -0.564655451 0.318860222 0.131710643 0 0 0
Ca 7 -0.15480501 0.156480455 0.588465249 0 0 0
Ca 7 -0.100908046 0.115556095 0.518760024 0 0 0
Ca 7 -0.435246388 -0.309444279 0.608852437 0 0 0
Ca 6 -0.395037176 -0.0584428901 0.440076935 0 0 0
Ca 8 -0.241526215 -0.141172712 0.28311511 0 0 0
Ca 1 0.23230554 -0.0416005299 0.210750212 0 0 0
Ca 6 0.110133029 0.137407117 0.277015712 0 0 0
Ca 1 -0.133346152 -0.26504644 0.264199919 0 0 0
Ca 4 -0.098371199 0.344235986 0.146490852 0 0 0
Ca 8 -0.00531838091 -0.0995865481 0.358274629 0 0 0
Ca 4 -0.167072984 -0.438919645 0.412259034 0 0 0
Ca 1 -0.500045681 0.177419111 0.115323741 0 0 0
Ca 6 -0.0170749957 -0.134515894 0.363145285 0 0 0
Ca 6 0.290602141 0.328844225 0.267646812 0 0 0
Ca 1 -0.159557923 0.109842417 0.115110104 0 0 0
Ca 1 -0.194758846 0.34983817 0.1745284 0 0 0
Ca 7 0.0120076268 0.21331853 0.203405062 0 0 0
Ca 1 -0.277173972 -0.0154354385 0.677485026 0 0 0
Ca 1 0.202939114 -0.157713134 0.36214979 0 0 0
Ca 8 -0.115961608 0.0197096575 0.31007485 0 0 0
Ca 7 -0.34179324 -0.297722149 0.0763648006 0 0 0
Ca 8 -0.497362897 0.256673913 0.114075933 0 0 0
Ca 7 -0.000763186451 0.196800369 0.308017338 0 0 0
Ca 7 0.092072629 -0.233159961 0.156295639 0 0 0
Ca 6 0.0786252327 0.0292033318 0.182373167 0 0 0
Ca 4 -0.676825228 0.244640595 0.144914729 0 0 0
Ca 6 -0.34930549 0.477383211 0.155801802 0 0 0
Ca 8 -0.26823069 -0.170699768 0.257552079 0 0 0
Ca 6 -0.0544346186 -0.000952758164 0.336262326 0 0 0
Ca 6 -0.379322831 -0.0869028892 0.063148624 0 0 0
Ca 8 -0.100454303 0.226795511 0.209810284 0 0 0
Ca 6 -0.20952616 -0.413993575 0.210888758 0 0 0
Ca 4 -0.100414404 0.104428164 0.0792074966 0 0 0
Ca 1 -0.264850946 -0.12262116 0.247136392 0 0 0
Ca 7 -0.14986751 0.0662463039 0.108037503 0 0 0
Ca 6 -0.207234603 0.206393951 0.168373462 0 0 0
Ca 7 -0.306003037 0.238541799 0.215092355 0 0 0
Ca 4 0.0514275314 -0.195712211 0.130438594 0 0 0
Ca 6 -0.319111689 -0.148699117 0.163620884 0 0 0
Ca 1 -0.178930056 0.241978935 0.168240703 0 0 0
Ca 6 -0.0528779708 -0.0243428265 0.12558725 0 0 0
Ca 6 -0.20763277 0.115425362 0.173528778 0 0 0
Ca 6 -0.0448363489 -0.0997611401 0.145272242 0 0 0
Ca 1 -0.0910392433 -0.137536474 0.0805887045 0 0 0
Ca 6 -0.117076617 0.0285962187 0.1744756 0 0 0
Ca 6 -0.112421716 0.0510886814 0.0583575865 0 0 0
Ca 4 -0.132051749 0.003542873 0.0466293427 0 0 0
Ca 1 -0.0798632936 0.106676774 0.0960176716 0 0 0
Ca 6 -0.193359939 0.0820637647 0.0711615084 0 0 0
Ca 6 -0.0227908493 -0.00649726652 0.188975403 0 0 0
Ca 4 -0.137718722 0.0145746488 0.0466222607 0 0 0
Ca 6 -0.143108758 0.0346590826 0.0476863184 0 0 0
VGCC_O 8 -0.134706799 0.0161271258 0.0466933331 -1.62059677e-06 3.22356891e-07 -1
VGCC_O 2 0.119933892 -0.04777957 0.0466929781 -1.41802115e-06 2.82063236e-07 -1
VGCC_O 0 0.11238887 -0.0311459409 0.0466929927 -1.01287282e-06 -1.51427976e-07 -1
VGCC_O 4 -0.108229728 0.00324736392 0.0466932869 -8.10297798e-07 1.61178104e-07 -1
VGCC_O 7 -0.137449801 0.00579357966 0.0466933342 -1.62059625e-06 3.22356338e-07 -1
VGCC_O 9 0.0953603447 -0.018533153 0.0466930096 -1.14792244e-06 -1.24564753e-07 -1
VGCC_O 1 -0.126159285 0.0151063295 0.0466933189 -1.62059625e-06 3.22356338e-07 -1
VGCC_O 3 0.0772568984 -0.00428239309 0.046693036 -1.41802159e-06 2.82063681e-07 -1
VGCC_O 6 -0.12622171 0.0241576588 0.046693322 -1.62059677e-06 3.22356891e-07 -1
TAG 41 -0.105784995 0.0105052503 0.0536665039 -0.333750681 -0.131703993 -0.933415524
TAG 71 -0.096079873 0.00270213046 0.0564810255 0.74861179 -0.322508554 -0.579282851
TAG 70 -0.118208439 0.00383577013 0.0653592954 -0.735818461 -0.677177107 0.0015353549
TAG 69 -0.119239302 0.00795267007 0.0681959954 -0.999896295 -0.0141984574 0.00240892698
TAG 67 -0.115078276 0.000454692191 0.0742448755 -0.735818461 -0.677177107 0.0015353549
TAG 65 0.119072188 -0.020557456 0.0800936336 0.751399702 -0.322919474 0.575431578
TAG 63 -0.104896891 0.0149528875 0.0527352849 0.329239713 0.132369034 -0.93492227
TAG 62 -0.0995730683 0.0302300905 0.0690462359 0.3213287 0.750213891 -0.577864158
TAG 59 -0.100018848 -0.00188752594 0.0603333581 0.344822933 -0.867729023 -0.35797135
TAG 55 -0.119337383 0.0151637023 0.0699872324 -0.999896295 -0.0141984574 0.00240892698
TAG 54 -0.104785227 0.0261860029 0.076486355 -0.344822968 0.867728888 0.357971643
TAG 53 -0.089146311 -0.000197085518 0.0670554248 0.74861179 -0.322508554 -0.579282851
TAG 52 -0.119278263 0.0119799944 0.0757618237 -0.999896295 -0.0141984574 0.00240892698
TAG 51 -0.102448777 0.00747370566 0.0865367572 -0.329239868 -0.132369105 0.934922205
TAG 45 -0.113699624 0.0170707545 0.0588716642 -0.751399624 0.322919173 -0.575431849
TAG 44 -0.11923843 0.00668793202 0.0611035411 -0.999896295 -0.0141984574 0.00240892698
LGIC_C 0 0.503572183 0.213591714 0.0250140104 -4.20574004e-08 -2.81018564e-08 1
LGIC_C 1 -0.33650486 0.0932445526 0.0250139987 4.34088259e-08 -8.63455061e-09 1
LGIC_C 2 -0.501045279 0.0913077262 0.025014009 4.96100897e-08 -9.86805572e-09 1
LGIC_C 3 0.244759171 -0.661208399 0.0250140184 -9.86804037e-09 4.96101e-08 1
LGIC_C 4 -0.367069221 -0.241763502 0.0250140038 6.28883752e-09 7.55636663e-08 1
LGIC_C 5 0.020233286 -0.538026528 0.0250140142 1.00935263e-08 5.7878447e-08 1
LGIC_C 6 -0.321380683 0.450216091 0.0250140132 1.28239438e-08 -5.73353116e-08 1
LGIC_C 7 -0.689215678 0.445369854 0.0250140196 3.68002297e-08 -2.45891157e-08 1
LGIC_C 8 -0.236271365 0.276600694 0.0250139993 2.45891128e-08 -3.68002333e-08 1
LGIC_C 9 -0.459625347 -0.249774282 0.025014005 6.28883752e-09 7.55636663e-08 1
LGIC_C 10 -0.398478344 -0.598297784 0.0250140173 3.95603082e-08 3.05989652e-08 1
LGIC_C 11 0.183580404 0.541511618 0.025014009 -6.33660387e-09 4.96100877e-08 -1
LGIC_C 12 0.369137852 0.158928663 0.0250140066 -4.90669739e-08 -3.27854893e-08 1
LGIC_C 13 0.70467285 -0.113194328 0.0250140193 -4.96100859e-08 9.86807898e-09 1
LGIC_C 14 0.665438093 0.229569365 0.0250140148 -4.96100869e-08 6.3366408e-09 1
LGIC_C 15 -0.449263425 -0.359492697 0.0250140089 5.39043203e-09 6.47688584e-08 1
LGIC_C 16 0.635480159 -0.132235543 0.0250140161 -4.96100859e-08 9.86807898e-09 1
LGIC_C 17 -0.529840606 0.327743585 0.0250140131 -4.82586679e-08 1.31306769e-08 -1
LGIC_C 18 0.28544568 -0.430463599 0.0250140094 -2.81018481e-08 4.20574137e-08 1
LGIC_C 19 -0.332870669 0.285858306 0.0250140083 3.37890593e-08 -4.80634052e-08 1
LGIC_C 20 0.133330207 -0.380175589 0.0250140068 -1.15127059e-08 5.78784511e-08 1
LGIC_C 21 -0.0237416874 -0.194260702 0.0250139922 -2.90231482e-08 4.96101036e-08 1
LGIC_C 22 0.157042742 0.638757228 0.0250140165 -9.86806672e-09 -4.96100854e-08 1
LGIC_C 23 -0.422495733 0.393136793 0.0250140085 3.68002297e-08 -2.45891157e-08 1
LGIC_C 24 0.111241162 0.46772703 0.0250140076 -9.86806672e-09 -4.96100854e-08 1
LGIC_C 25 0.389229476 0.00357161539 0.0250140002 -4.34088272e-08 -8.63453573e-09 1
LGIC_C 26 -0.0463577722 0.276049957 0.0250139998 1.15127271e-08 -5.78784352e-08 1
LGIC_C 27 -0.257864107 0.48235007 0.0250140154 3.27854968e-08 -4.90669676e-08 1
LGIC_C 28 0.663333789 0.0783698968 0.0250140127 -4.34088272e-08 -8.63453573e-09 1
LGIC_C 29 -0.611519383 -0.099468597 0.0250140138 5.7878436e-08 -4.89847332e-08 1
LGIC_C 30 0.654956319 0.0667486023 0.0250140153 -4.96100869e-08 6.3366408e-09 1
LGIC_C 31 -0.392972552 -0.463151573 0.025014013 3.95603082e-08 3.05989652e-08 1
LGIC_C 32 0.0367052924 0.07841346 0.0250139875 1.3130701e-08 4.82586573e-08 -1
LGIC_C 33 -0.0311500413 0.629260537 0.0250140109 8.63455111e-09 -4.34088279e-08 1
LGIC_C 34 0.232453363 -0.464524434 0.0250140136 -3.27854948e-08 4.90669785e-08 1
LGIC_C 35 -0.155501862 -0.51258358 0.0250140041 -2.90231482e-08 4.96101036e-08 1
LGIC_C 36 0.542596002 -0.601334506 0.0250140187 -2.45891087e-08 3.68002429e-08 1
LGIC_C 37 0.134115232 0.763544006 0.0250140176 -8.63455884e-09 -4.34088253e-08 1
LGIC_C 38 0.730921581 -0.310828149 0.0250140179 -3.05989503e-08 3.95603122e-08 1
LGIC_C 39 0.711798101 0.330873273 0.0250140176 -3.68002282e-08 -2.45891172e-08 1
LGIC_C 40 -0.727460823 0.0372418746 0.0250140158 4.34088279e-08 -2.48392273e-08 1
LGIC_C 41 -0.543919796 0.602187869 0.0250140188 2.45891128e-08 -3.68002333e-08 1
LGIC_C 42 -0.273978923 -0.662565445 0.0250140144 8.63456455e-09 4.34088336e-08 1
LGIC_C 43 -0.570806181 -0.534236361 0.0250140165 1.15916899e-08 4.97976879e-08 1
LGIC_C 44 0.33139517 0.547179512 0.025014014 1.3130701e-08 4.82586573e-08 -1
LGIC_C 45 0.00807581179 -0.234942113 0.0250139948 6.33663526e-09 4.9610097e-08 1
LGIC_C 46 -0.202259376 -0.184887401 0.0250139963 5.39043203e-09 6.47688584e-08 1
LGIC_C 47 0.516437512 -0.209640427 0.0250140155 -5.78784275e-08 1.15127558e-08 1
LGIC_C 48 -0.0716167225 -0.411907321 0.0250140017 8.63456455e-09 4.34088336e-08 1
LGIC_C 49 -0.532136381 -0.185965072 0.025014008 4.34088238e-08 8.63459484e-09 1
LGIC_C 50 0.2847117 -0.309401266 0.0250140077 -3.27854948e-08 4.90669785e-08 1
LGIC_C 51 -0.572202505 -0.0155704619 0.0250140077 -4.34088282e-08 2.70157287e-08 -1
LGIC_C 52 0.637376861 -0.19023149 0.0250140156 -4.34088182e-08 2.48392526e-08 1
LGIC_C 53 0.347439078 -0.0837882712 0.0250140004 -4.34088182e-08 2.48392526e-08 1
LGIC_C 54 -0.0385005864 -0.243621532 0.0250139954 -4.89847109e-08 5.78784581e-08 1
LGIC_C 55 0.428980639 0.510683549 0.0250140126 -2.45891309e-08 -3.68002211e-08 1
LGIC_C 56 -0.143382656 -0.24796592 0.0250139948 -5.56021111e-08 -1.45571543e-08 -1
LGIC_C 57 -0.0747858366 0.425033996 0.0250140067 -3.14742797e-08 4.96100914e-08 -1
LGIC_C 58 0.433732464 -0.0239330404 0.0250140026 -4.34088182e-08 2.48392526e-08 1
LGIC_C 59 -0.405927682 -0.184090003 0.0250139994 1.45571809e-08 5.5602105e-08 1
LGIC_C 60 0.134883249 0.522107417 0.0250140134 -3.14742949e-08 -4.96100822e-08 1
LGIC_C 61 -0.412708948 0.360016791 0.0250140107 4.20574045e-08 -2.81018523e-08 1
LGIC_C 62 -0.0616687299 0.437522854 0.0250140069 -3.14742797e-08 4.96100914e-08 -1
LGIC_C 63 0.199869328 -0.0319089836 0.0250139935 -4.96100859e-08 9.86807898e-09 1
LGIC_C 64 -0.257941794 0.0252633949 0.0250139969 5.7878425e-08 4.89846948e-08 1
LGIC_C 65 0.0443790383 0.322733772 0.0250139997 -9.86806672e-09 -4.96100854e-08 1
LGIC_C 66 -0.259240932 -0.304916729 0.0250140008 2.45891453e-08 3.68002268e-08 1
LGIC_C 67 -0.478974887 0.414653185 0.0250140176 6.28881943e-09 -7.55636452e-08 1
LGIC_C 68 -0.631958455 -0.105330174 0.0250140079 -4.34088282e-08 2.70157287e-08 -1
LGIC_C 69 -0.706646867 -0.335034794 0.0250140175 3.68002489e-08 2.45891179e-08 1
LGIC_C 70 -0.014062495 0.406805757 0.025014001 8.63455111e-09 -4.34088279e-08 1
LGIC_C 71 0.591281973 0.137269299 0.025014019 -5.78784335e-08 -1.15127284e-08 1
LGIC_C 72 0.131341175 0.351325723 0.0250139999 -6.33660387e-09 4.96100877e-08 -1
LGIC_C 73 -0.0353770527 0.0133427589 0.0250139851 4.34088279e-08 -2.48392273e-08 1
LGIC_C 74 0.501966552 0.486159636 0.0250140138 -4.82586616e-08 -1.31306776e-08 1
LGIC_C 75 0.52771716 -0.588884968 0.0250140179 -2.45891087e-08 3.68002429e-08 1
LGIC_C 76 -0.672533647 0.0651457668 0.0250140147 4.96100851e-08 2.90231542e-08 1
LGIC_C 77 0.324003594 -0.203641702 0.0250140012 -3.05989503e-08 3.95603122e-08 1
LGIC_C 78 0.249181146 0.356658012 0.0250140089 -3.27855134e-08 -4.90669575e-08 1
LGIC_C 79 -0.586872393 -0.244858826 0.0250140022 1.15916899e-08 4.97976879e-08 1
LGIC_C 80 0.699773037 -0.0526935389 0.0250140141 -4.34088226e-08 8.63456802e-09 1
LGIC_C 81 0.0609835721 0.68195004 0.0250140167 -6.33660387e-09 4.96100877e-08 -1
LGIC_C 82 0.502419658 -0.335519419 0.0250140119 -3.05989503e-08 3.95603122e-08 1
LGIC_C 83 -0.355227715 0.278842373 0.0250140041 -4.82586679e-08 1.31306769e-08 -1
LGIC_C 84 0.233130919 0.520810997 0.0250140115 1.3130701e-08 4.82586573e-08 -1
LGIC_C 85 -0.0520654708 0.125431291 0.0250139911 1.28239438e-08 -5.73353116e-08 1
LGIC_C 86 0.555957388 -0.331285219 0.0250140179 -3.37890406e-08 4.80634332e-08 1
LGIC_C 87 -0.342851794 -0.263493236 0.0250140029 1.45571809e-08 5.5602105e-08 1
LGIC_C 88 -0.576675746 -0.48501108 0.0250140141 1.15916899e-08 4.97976879e-08 1
LGIC_C 89 0.303103738 -0.509823588 0.0250140118 -1.31306721e-08 4.82586744e-08 1
LGIC_C 90 -0.346378095 -0.320282505 0.0250140061 1.45571809e-08 5.5602105e-08 1
LGIC_C 91 0.142163003 0.813986779 0.0250140198 -8.63455884e-09 -4.34088253e-08 1
LGIC_C 92 0.234649687 -0.656262171 0.0250140143 6.33663526e-09 4.9610097e-08 1
LGIC_C 93 -0.0767628758 0.574473555 0.0250140113 -6.33661298e-09 -4.96100859e-08 1
LGIC_C 94 0.152092312 -0.0527073955 0.0250139924 -4.96100802e-08 3.14742968e-08 1
LGIC_C 95 -0.329206994 -0.375792467 0.025014007 -5.56021111e-08 -1.45571543e-08 -1
LGIC_C 96 0.326654187 -0.0161791852 0.0250139996 -4.96100859e-08 9.86807898e-09 1
LGIC_C 97 -0.414971512 0.0879865712 0.0250140013 4.96100851e-08 2.90231542e-08 1
LGIC_C 98 -0.314118386 -0.529638779 0.0250140119 3.95603082e-08 3.05989652e-08 1
LGIC_C 99 0.24459979 -0.0508392339 0.025013997 -4.96100802e-08 3.14742968e-08 1
LGIC_C 100 -0.35048417 -0.467907783 0.0250140091 2.45891453e-08 3.68002268e-08 1
LGIC_C 101 -0.369237836 0.0201017556 0.0250140018 4.96100897e-08 -9.86805572e-09 1
LGIC_C 102 -0.324460358 0.443593293 0.0250140129 1.28239438e-08 -5.73353116e-08 1
LGIC_C 103 -0.45193052 -0.0304669517 0.0250140031 4.34088238e-08 8.63459484e-09 1
LGIC_C 104 0.566558317 -0.23913238 0.0250140189 -4.90669481e-08 3.27855328e-08 1
LGIC_C 105 -0.340348219 0.11870099 0.025014001 4.34088279e-08 -2.48392273e-08 1
LGIC_C 106 -0.279517841 0.762613639 0.0250140188 8.63455111e-09 -4.34088279e-08 1
LGIC_C 107 -0.730173756 -0.274595186 0.0250140173 4.34088238e-08 8.63459484e-09 1
LGIC_C 108 -0.0576756502 -0.497410126 0.0250140063 2.48392553e-08 4.34088306e-08 1
LGIC_C 109 0.189473206 0.115049826 0.0250139939 -4.82586616e-08 -1.31306776e-08 1
LGIC_C 110 -0.156313125 -0.71238182 0.0250140155 8.63456455e-09 4.34088336e-08 1
LGIC_C 111 -0.520485942 -0.150677856 0.0250140047 -4.96100919e-08 2.90231703e-08 -1
LGIC_C 112 0.715646672 -0.0311202456 0.0250140197 -4.96100802e-08 3.14742968e-08 1
LGIC_C 113 -0.0161090355 -0.698228213 0.025014014 2.48392553e-08 4.34088306e-08 1
LGIC_C 114 -0.355484659 0.410341373 0.0250140114 1.28239438e-08 -5.73353116e-08 1
LGIC_C 115 0.485374895 -0.401590553 0.025014014 -3.05989503e-08 3.95603122e-08 1
LGIC_C 116 0.175120548 -0.450892079 0.0250140076 1.00935263e-08 5.7878447e-08 1
LGIC_C 117 -0.181909058 -0.0337924732 0.0250139913 -4.96100919e-08 2.90231703e-08 -1
LGIC_C 118 -0.332004234 -0.336303425 0.0250140066 -5.56021111e-08 -1.45571543e-08 -1
LGIC_C 119 0.0877949788 0.444414097 0.0250140062 -9.86806672e-09 -4.96100854e-08 1
LGIC_C 120 0.0191131035 0.4935893 0.0250140079 -9.86806672e-09 -4.96100854e-08 1
LGIC_C 121 -0.432701744 -0.407728856 0.0250140086 1.15916899e-08 4.97976879e-08 1
LGIC_C 122 0.599021758 -0.355866555 0.025014014 -3.68002179e-08 2.45891393e-08 1
LGIC_C 123 0.349541735 -0.325316221 0.025014011 -4.90669481e-08 3.27855328e-08 1
LGIC_C 124 0.507482404 -0.440780562 0.0250140127 -3.68002179e-08 2.45891393e-08 1
LGIC_C 125 0.154304179 -0.163682696 0.0250139932 -1.31306721e-08 4.82586744e-08 1
LGIC_C 126 0.626648203 -0.359109532 0.0250140166 -3.05989503e-08 3.95603122e-08 1
LGIC_C 127 0.237019936 -0.288628472 0.0250140003 -1.31306721e-08 4.82586744e-08 1
LGIC_C 128 0.260140293 -0.348317669 0.0250140024 -2.45891087e-08 3.68002429e-08 1
LGIC_C 129 0.419001962 -0.110427118 0.0250140024 -4.34088226e-08 8.63456802e-09 1
LGIC_C 130 -0.659788966 0.191121482 0.0250140136 4.34088259e-08 -8.63455061e-09 1
LGIC_C 131 0.383314789 0.252882375 0.0250140051 -4.82586616e-08 -1.31306776e-08 1
LGIC_C 132 -0.262593064 0.0780386114 0.0250139946 5.7878425e-08 4.89846948e-08 1
LGIC_C 133 -0.593370326 -0.0627138779 0.0250140096 4.34088238e-08 8.63459484e-09 1
LGIC_C 134 0.328604666 -0.651723483 0.0250140153 -2.45891087e-08 3.68002429e-08 1
LGIC_C 135 -0.316345692 -0.256224315 0.0250140046 6.28883752e-09 7.55636663e-08 1
LGIC_C 136 0.410687682 -0.260513135 0.0250140047 -3.68002179e-08 2.45891393e-08 1
LGIC_C 137 0.38121744 -0.305791345 0.025014007 -3.05989503e-08 3.95603122e-08 1
LGIC_C 138 -0.699503014 -0.200770944 0.0250140096 4.96100935e-08 -4.19869172e-08 1
LGIC_C 139 0.16094981 -0.0158971311 0.0250139917 -4.96100802e-08 3.14742968e-08 1
LGIC_C 140 0.432122174 0.565188225 0.0250140147 -2.45891309e-08 -3.68002211e-08 1
LGIC_C 141 0.503948052 0.0599201693 0.0250140056 -4.34088272e-08 -8.63453573e-09 1
LGIC_C 142 -0.46608038 -0.548754424 0.0250140185 3.95603082e-08 3.05989652e-08 1
LGIC_C 143 -0.0800456009 -0.18089019 0.0250139931 2.81018674e-08 4.20574117e-08 1
LGIC_C 144 -0.459731916 -0.466405876 0.0250140157 3.95603082e-08 3.05989652e-08 1
LGIC_C 145 0.1947699 0.0175050945 0.0250139928 -4.96100869e-08 6.3366408e-09 1
LGIC_C 146 0.0155937382 0.590592912 0.0250140127 -9.86806672e-09 -4.96100854e-08 1
LGIC_C 147 -0.346220304 -0.338971275 0.0250140041 1.15916899e-08 4.97976879e-08 1
LGIC_C 148 0.413029804 -0.0684508993 0.0250140079 -5.78784275e-08 1.15127558e-08 1
LGIC_C 149 0.532415197 0.527323274 0.0250140158 -3.68002282e-08 -2.45891172e-08 1
LGIC_C 150 0.432392145 0.146621223 0.0250140038 -4.96100869e-08 6.3366408e-09 1
LGIC_C 151 -0.114883454 -0.707295342 0.0250140149 8.63456455e-09 4.34088336e-08 1
LGIC_C 152 0.291762796 0.611753962 0.0250140172 -2.81018716e-08 -4.20573923e-08 1
LGIC_C 153 0.142992872 -0.16004998 0.0250139942 -1.28239349e-08 5.73353226e-08 1
LGIC_C 154 0.176453145 0.522222006 0.0250140109 -9.86806672e-09 -4.96100854e-08 1
LGIC_C 155 -0.603102742 0.116588142 0.0250140105 4.34088259e-08 -8.63455061e-09 1
LGIC_C 156 -0.275702242 0.0335610006 0.0250139955 4.34088259e-08 -8.63455061e-09 1
LGIC_C 157 -0.391381236 0.283225711 0.0250140071 6.28881943e-09 -7.55636452e-08 1
LGIC_C 158 0.416946392 0.204522243 0.0250140072 3.37890593e-08 4.80634111e-08 -1
LGIC_C 159 0.749904533 0.182257906 0.0250140174 -4.34088272e-08 -8.63453573e-09 1
LGIC_C 160 -0.252762098 -0.100185815 0.0250139916 4.96100935e-08 -4.19869172e-08 1
LGIC_C 161 -0.42806877 0.0932147805 0.0250140054 4.96100897e-08 -9.86805572e-09 1
LGIC_C 162 0.469608967 -0.0367048295 0.0250140108 -5.78784275e-08 1.15127558e-08 1
LGIC_C 163 0.362788087 -0.232284312 0.025014005 -4.20573976e-08 2.81018683e-08 1
LGIC_C 164 0.243078215 -0.571419819 0.025014014 -1.31306721e-08 4.82586744e-08 1
LGIC_C 165 -0.346022433 0.0605545436 0.0250139987 4.96100851e-08 2.90231542e-08 1
LGIC_C 166 -0.167146224 -0.66501441 0.0250140163 2.48392553e-08 4.34088306e-08 1
LGIC_C 167 -0.544158158 0.537867017 0.0250140166 -4.82586679e-08 1.31306769e-08 -1
LGIC_C 168 -0.581419906 -0.227078863 0.0250140105 4.34088238e-08 8.63459484e-09 1
LGIC_C 169 0.694109297 -0.450943573 0.0250140199 -3.68002179e-08 2.45891393e-08 1
LGIC_C 170 0.479602922 -0.356654458 0.0250140166 -3.37890406e-08 4.80634332e-08 1
LGIC_C 171 -0.185780658 0.282824006 0.0250140019 1.28239438e-08 -5.73353116e-08 1
LGIC_C 172 0.37647499 0.171915442 0.0250140039 -4.20574004e-08 -2.81018564e-08 1
LGIC_C 173 0.667349096 0.30769588 0.0250140154 -3.68002282e-08 -2.45891172e-08 1
LGIC_C 174 -0.0846738584 -0.546954533 0.0250140091 2.48392553e-08 4.34088306e-08 1
LGIC_C 175 0.412204429 -0.278289726 0.0250140105 -3.37890406e-08 4.80634332e-08 1
LGIC_C 176 -0.576285686 -0.592619915 0.0250140192 2.45891453e-08 3.68002268e-08 1
LGIC_C 177 0.323590306 0.334261416 0.0250140064 -2.81018716e-08 -4.20573923e-08 1
LGIC_C 178 0.0726106485 -0.652058895 0.0250140151 6.33663526e-09 4.9610097e-08 1
LGIC_C 179 -0.252915512 -0.191872965 0.0250139993 6.28883752e-09 7.55636663e-08 1
LGIC_C 180 -0.154178045 0.25222252 0.0250139982 2.8101852e-08 -4.20574041e-08 1
LGIC_C 181 -0.646225722 -0.302208393 0.0250140063 5.39043203e-09 6.47688584e-08 1
LGIC_C 182 0.0802439183 -0.196016934 0.0250139955 -1.15127059e-08 5.78784511e-08 1
LGIC_C 183 0.659374901 0.346217024 0.0250140196 -4.82586616e-08 -1.31306776e-08 1
LGIC_C 184 0.740316 -0.0279068864 0.0250140161 -4.34088182e-08 2.48392526e-08 1
LGIC_C 185 0.404104478 -0.141133241 0.0250140043 -4.34088182e-08 2.48392526e-08 1
LGIC_C 186 -0.620704866 -0.333446941 0.0250140082 5.39043203e-09 6.47688584e-08 1
LGIC_C 187 0.179294829 0.0759986998 0.0250139945 -4.90669739e-08 -3.27854893e-08 1
LGIC_C 188 -0.730373631 0.0864354662 0.0250140157 4.34088259e-08 -8.63455061e-09 1
LGIC_C 189 -0.489042767 0.295238724 0.0250140121 4.20574045e-08 -2.81018523e-08 1
LGIC_C 190 0.326314509 -0.730295007 0.0250140181 -2.45891087e-08 3.68002429e-08 1
LGIC_C 191 -0.437668232 -0.263032811 0.0250140026 5.39043203e-09 6.47688584e-08 1
LGIC_C 192 -0.29768889 0.120764831 0.0250139972 4.34088259e-08 -8.63455061e-09 1
LGIC_C 193 0.275282828 0.0758737237 0.0250139976 -4.96100911e-08 -9.86803575e-09 1
LGIC_C 194 -0.645234337 0.409762269 0.0250140171 3.68002297e-08 -2.45891157e-08 1
LGIC_C 195 0.347866139 0.392203171 0.0250140095 -2.81018716e-08 -4.20573923e-08 1
LGIC_C 196 0.732279267 0.419431006 0.0240873963 0.827617292 0.55299599 0.0961512016
LGIC_C 197 -0.214355062 -0.487770493 0.0250140065 2.45891453e-08 3.68002268e-08 1
LGIC_C 198 0.547753784 0.0301800716 0.0250140073 -4.34088272e-08 -8.63453573e-09 1
LGIC_C 199 0.603247855 0.244150961 0.0250140116 -4.96100869e-08 6.3366408e-09 1
LGIC_C 200 0.708147595 -0.25986152 0.0250140162 -4.34088226e-08 8.63456802e-09 1
LGIC_C 201 0.23905007 0.106615548 0.0250139963 -4.20574004e-08 -2.81018564e-08 1
LGIC_C 202 -0.0350665961 -0.34526138 0.0250139991 2.48392553e-08 4.34088306e-08 1
LGIC_C 203 -0.198368559 -0.0749071284 0.0250139909 -4.96100919e-08 2.90231703e-08 -1
LGIC_C 204 -0.376165675 0.500208914 0.0250140149 2.8101852e-08 -4.20574041e-08 1
LGIC_C 205 -0.0808066275 0.249907336 0.0250139965 9.86805557e-09 -4.96100883e-08 1
LGIC_C 206 0.622612209 -0.388689814 0.0250140157 -3.68002179e-08 2.45891393e-08 1
LGIC_C 207 -0.151519013 -0.459471435 0.0250140024 -4.89847109e-08 5.78784581e-08 1
LGIC_C 208 -0.505043679 0.379772368 0.0250140126 -4.82586679e-08 1.31306769e-08 -1
LGIC_C 209 -0.0359337026 7.06160791e-06 0.0250139883 -1.38908237e-07 2.76305608e-08 -1
LGIC_C 210 0.0564805179 0.233270686 0.0250139954 -9.86806672e-09 -4.96100854e-08 1
LGIC_C 211 0.608735975 -0.176006264 0.0250140205 -5.78784275e-08 1.15127558e-08 1
LGIC_C 212 -0.337159827 -0.443219106 0.0250140085 -5.56021111e-08 -1.45571543e-08 -1
LGIC_C 213 0.400416733 -0.421664395 0.0250140122 -2.81018481e-08 4.20574137e-08 1
LGIC_C 214 0.519513115 -0.0768426702 0.0250140064 -4.34088226e-08 8.63456802e-09 1
LGIC_C 215 -0.438776935 -0.012021622 0.025014002 -4.34088282e-08 2.70157287e-08 -1
LGIC_C 216 0.188094954 -0.169527225 0.0250139957 -3.05989503e-08 3.95603122e-08 1
LGIC_C 217 0.495711816 -0.412783302 0.0250140198 -3.37890406e-08 4.80634332e-08 1
LGIC_C 218 -0.284526591 0.355449357 0.0250140042 1.31306824e-08 -4.82586643e-08 1
LGIC_C 219 -0.218865112 -0.449233973 0.0250140057 3.95603082e-08 3.05989652e-08 1
LGIC_C 220 -0.715885981 -0.343128503 0.025014018 3.68002489e-08 2.45891179e-08 1
LGIC_C 221 0.698792764 -0.473117898 0.00712376836 0.827616944 -0.552996408 0.0961517878
LGIC_C 222 -0.576190686 -0.153714078 0.0250140074 -4.96100919e-08 2.90231703e-08 -1
LGIC_C 223 0.273997532 0.444451517 0.0250140114 -4.80634192e-08 -3.37890445e-08 1
LGIC_C 224 -0.369005617 0.078570893 0.0250139993 4.96100851e-08 2.90231542e-08 1
LGIC_C 225 0.204740805 -0.642377691 0.0250140129 -8.63454093e-09 4.34088369e-08 1
LGIC_C 226 0.334983372 -0.239997705 0.0250140015 -3.68002179e-08 2.45891393e-08 1
LGIC_C 227 -0.164542429 0.486836549 0.0250140058 8.63455111e-09 -4.34088279e-08 1
LGIC_C 228 0.264148816 -0.315971601 0.0250140019 -1.31306721e-08 4.82586744e-08 1
LGIC_C 229 -0.553736049 -0.0691277059 0.0250140079 4.34088238e-08 8.63459484e-09 1
LGIC_C 230 -0.675204673 -0.244067923 0.025014006 -4.34088282e-08 2.70157287e-08 -1
LGIC_C 231 0.514822116 0.27892831 0.0250140141 3.37890593e-08 4.80634111e-08 -1
LGIC_C 232 -0.249015721 0.745495947 0.0250140178 8.63455111e-09 -4.34088279e-08 1
LGIC_C 233 0.365243483 0.246115188 0.0250140041 -4.82586616e-08 -1.31306776e-08 1
LGIC_C 234 -0.0918993709 -0.461251182 0.0250140041 8.63456455e-09 4.34088336e-08 1
LGIC_C 235 0.283192966 0.459216785 0.0250140105 -2.81018716e-08 -4.20573923e-08 1
LGIC_C 236 0.320082259 -0.0130109335 0.0250139974 -4.34088182e-08 2.48392526e-08 1
LGIC_C 237 0.675205282 -0.035530408 0.0250140178 -4.96100802e-08 3.14742968e-08 1
LGIC_C 238 -0.15444443 0.000880100563 0.0250139921 5.7878425e-08 4.89846948e-08 1
LGIC_C 239 0.535514632 -0.29507097 0.025014014 -4.20573976e-08 2.81018683e-08 1
LGIC_C 240 0.118031 -0.19425973 0.0250139959 -1.28239349e-08 5.73353226e-08 1
LGIC_C 241 -0.111433902 0.251159426 0.025013997 2.8101852e-08 -4.20574041e-08 1
LGIC_C 242 0.605069443 -0.30469815 0.0250140183 -3.37890406e-08 4.80634332e-08 1
LGIC_C 243 -0.608563665 0.214345325 0.0250140156 4.96100897e-08 -9.86805572e-09 1
LGIC_C 244 0.576445282 -0.192038123 0.0250140188 -5.78784275e-08 1.15127558e-08 1
LGIC_C 245 -0.463359705 -0.42579702 0.0250140137 1.45571809e-08 5.5602105e-08 1
LGIC_C 246 0.418057098 0.482442397 0.0250140113 -2.45891309e-08 -3.68002211e-08 1
LGIC_C 247 -0.455994652 0.676421912 0.0250140194 2.45891128e-08 -3.68002333e-08 1
LGIC_C 248 0.145479101 -0.117702581 0.0250139915 -3.68002179e-08 2.45891393e-08 1
LGIC_C 249 0.479868132 -0.033388239 0.0250140081 -4.96100802e-08 3.14742968e-08 1
LGIC_C 250 0.231694101 0.506270612 0.0250140115 -4.80634192e-08 -3.37890445e-08 1
LGIC_C 251 0.0147896085 0.663543507 0.0250140161 -6.33660387e-09 4.96100877e-08 -1
LGIC_C 252 0.122722707 0.614177133 0.0250140176 -3.14742949e-08 -4.96100822e-08 1
LGIC_C 253 0.519848078 0.311947757 0.0250140124 -4.82586616e-08 -1.31306776e-08 1
LGIC_C 254 -0.462969208 0.293216555 0.025014013 3.37890593e-08 -4.80634052e-08 1
LGIC_C 255 -0.816185369 -0.0198819865 0.0250140182 -4.34088282e-08 2.70157287e-08 -1
LGIC_C 256 -0.295956608 0.554726055 0.025014011 2.45891128e-08 -3.68002333e-08 1
LGIC_C 257 0.302329604 0.319126978 0.0250140026 1.3130701e-08 4.82586573e-08 -1
LGIC_C 258 -0.248021177 0.573925533 0.0250140105 2.45891128e-08 -3.68002333e-08 1
LGIC_C 259 0.254655146 -0.316155688 0.0250140071 -3.27854948e-08 4.90669785e-08 1
LGIC_C 260 -0.0224806267 -0.576621015 0.0250140121 9.8680833e-09 4.96100963e-08 1
LGIC_C 261 0.0841843335 0.590798328 0.0250140096 -8.63455884e-09 -4.34088253e-08 1
LGIC_C 262 -0.340545008 0.322077258 0.0250140066 4.20574045e-08 -2.81018523e-08 1
LGIC_C 263 -0.69204787 -0.271977259 0.0250140062 4.96100935e-08 -4.19869172e-08 1
LGIC_C 264 0.479746094 -0.315256452 0.0250140086 -3.68002179e-08 2.45891393e-08 1
LGIC_C 265 0.179612451 0.0248696862 0.0250139924 -4.96100911e-08 -9.86803575e-09 1
LGIC_C 266 -0.147360132 -0.341099333 0.0250139995 3.95603082e-08 3.05989652e-08 1
LGIC_C 267 -0.28963649 -0.253882234 0.0250140016 1.45571809e-08 5.5602105e-08 1
LGIC_C 268 -0.0637795486 -0.49577438 0.025014006 -2.90231482e-08 4.96101036e-08 1
LGIC_C 269 -0.033762903 0.692479938 0.0250140174 -6.33661298e-09 -4.96100859e-08 1
LGIC_C 270 -0.0819860854 -0.0974902934 0.0250139901 7.55636799e-08 6.2887973e-09 1
LGIC_C 271 -0.477437089 -0.413729191 0.025014011 3.68002489e-08 2.45891179e-08 1
LGIC_C 272 -0.410062116 0.314618911 0.0250140072 -4.82586679e-08 1.31306769e-08 -1
LGIC_C 273 0.707710525 -0.109971997 0.0250140167 -4.34088182e-08 2.48392526e-08 1
LGIC_C 274 -0.347430525 0.398555645 0.0250140065 2.45891128e-08 -3.68002333e-08 1
LGIC_C 275 0.0344248039 -0.572478748 0.0250140114 6.33663526e-09 4.9610097e-08 1
LGIC_C 276 -0.0914724088 -0.453870861 0.0250140031 -2.90231482e-08 4.96101036e-08 1
LGIC_C 277 0.640546111 -0.0590143955 0.0250140169 -4.96100802e-08 3.14742968e-08 1
LGIC_C 278 0.297634491 0.284442017 0.0250140012 -3.68002282e-08 -2.45891172e-08 1
LGIC_C 279 0.0712313455 -0.0862235681 0.0250139882 -2.45891087e-08 3.68002429e-08 1
LGIC_C 280 -0.285552859 -0.128675009 0.0250139945 1.45571809e-08 5.5602105e-08 1
LGIC_C 281 0.338829387 0.608957048 0.0250140201 -4.80634192e-08 -3.37890445e-08 1
LGIC_C 282 -0.2907516 -0.471356183 0.0250140092 3.95603082e-08 3.05989652e-08 1
LGIC_C 283 -0.250331676 -0.496988482 0.0250140053 7.55636799e-08 6.2887973e-09 1
LGIC_C 284 0.186225961 -0.759864853 0.0250140178 -8.63454093e-09 4.34088369e-08 1
LGIC_C 285 -0.239219314 0.543196162 0.0250140178 3.27854968e-08 -4.90669676e-08 1
LGIC_C 286 -0.495771546 0.0197951699 0.0250140073 4.96100851e-08 2.90231542e-08 1
LGIC_C 287 -0.0744840242 -0.13333908 0.02501399 2.45891453e-08 3.68002268e-08 1
LGIC_C 288 0.0359057252 -0.344040339 0.0250140001 6.33663526e-09 4.9610097e-08 1
LGIC_C 289 -0.00308344147 -0.0248452664 0.0250139843 8.63456455e-09 4.34088336e-08 1
LGIC_C 290 -0.364209012 -0.509172953 0.0250140149 2.81018674e-08 4.20574117e-08 1
LGIC_C 291 -0.50633512 0.403953774 0.0250140118 3.68002297e-08 -2.45891157e-08 1
LGIC_C 292 0.443950625 0.472579999 0.0250140156 -2.81018716e-08 -4.20573923e-08 1
LGIC_C 293 -0.639569511 -0.0264172476 0.0250140142 -4.96100919e-08 2.90231703e-08 -1
LGIC_C 294 0.0454104096 -0.161358517 0.0250139931 -1.15127059e-08 5.78784511e-08 1
LGIC_C 295 -0.155239583 0.153277306 0.0250139958 6.28881943e-09 -7.55636452e-08 1
LGIC_C 296 0.52298566 0.265771034 0.0250140127 -4.20574004e-08 -2.81018564e-08 1
LGIC_C 297 0.0511841368 0.319611663 0.0250139976 -8.63455884e-09 -4.34088253e-08 1
LGIC_C 298 0.031154489 -0.509319094 0.0250140088 -9.86804037e-09 4.96101e-08 1
LGIC_C 299 -0.0895772181 -0.323357287 0.0250140002 9.8680833e-09 4.96100963e-08 1
LGIC_C 300 0.389830645 -0.0273249466 0.0250140008 -4.34088182e-08 2.48392526e-08 1
LGIC_C 301 0.0917324357 0.373738353 0.0250140003 -8.63455884e-09 -4.34088253e-08 1
LGIC_C 302 0.36243972 0.356807695 0.0250140085 -4.20574004e-08 -2.81018564e-08 1
LGIC_C 303 -0.0417467665 0.333996548 0.0250140002 9.86805557e-09 -4.96100883e-08 1
LGIC_C 304 -0.175727699 0.404651689 0.0250140051 1.31306824e-08 -4.82586643e-08 1
LGIC_C 305 -0.440785693 0.226873571 0.0250140051 3.68002297e-08 -2.45891157e-08 1
LGIC_C 306 0.179205206 0.1036694 0.0250139943 3.37890593e-08 4.80634111e-08 -1
LGIC_C 307 -0.415301277 0.290646819 0.0250140071 -4.82586679e-08 1.31306769e-08 -1
LGIC_C 308 0.64982808 -0.276765088 0.0250140139 -3.68002179e-08 2.45891393e-08 1
LGIC_C 309 0.146694376 0.125045265 0.0250139917 -3.68002282e-08 -2.45891172e-08 1
LGIC_C 310 0.0738974815 0.80183104 0.0250140187 -8.63455884e-09 -4.34088253e-08 1
LGIC_C 311 0.554018811 0.591727859 0.0250140187 -2.45891309e-08 -3.68002211e-08 1
LGIC_C 312 0.321449487 0.237981543 0.0250140035 -4.20574004e-08 -2.81018564e-08 1
LGIC_C 313 0.66257206 0.341131288 0.025014016 -3.68002282e-08 -2.45891172e-08 1
LGIC_C 314 -0.246442289 0.489095192 0.0250140073 2.45891128e-08 -3.68002333e-08 1
LGIC_C 315 -0.0712491886 0.00556743102 0.0250139869 4.96100897e-08 -9.86805572e-09 1
LGIC_C 316 -0.240187757 -0.208360684 0.0250140005 6.28883752e-09 7.55636663e-08 1
LGIC_C 317 -0.387813737 -0.197049061 0.0250140024 3.68002489e-08 2.45891179e-08 1
LGIC_C 318 -0.18067382 -0.363336781 0.0250139986 -5.56021111e-08 -1.45571543e-08 -1
LGIC_C 319 -0.552134845 -0.052933798 0.0250140058 -4.34088282e-08 2.70157287e-08 -1
LGIC_C 320 0.446310834 0.584172528 0.0250140204 -2.81018716e-08 -4.20573923e-08 1
LGIC_C 321 0.624345498 -0.312776387 0.0250140194 -3.37890406e-08 4.80634332e-08 1
LGIC_C 322 0.59123753 0.209144664 0.0250140199 -5.78784335e-08 -1.15127284e-08 1
LGIC_C 323 -0.320303076 -0.67155316 0.0250140205 2.81018674e-08 4.20574117e-08 1
LGIC_C 324 0.0042169846 0.717537479 0.0250140188 -6.33660387e-09 4.96100877e-08 -1
LGIC_C 325 0.440277769 0.647561972 0.0250140179 -2.45891309e-08 -3.68002211e-08 1
LGIC_C 326 0.190304256 0.647228354 0.0250140142 -6.33660387e-09 4.96100877e-08 -1
LGIC_C 327 -0.312494057 -0.0215432661 0.0250139982 -4.96100919e-08 2.90231703e-08 -1
LGIC_C 328 -0.432177293 0.017860881 0.0250140025 4.34088279e-08 -2.48392273e-08 1
LGIC_C 329 0.64379916 -0.186195837 0.025014017 -4.96100859e-08 9.86807898e-09 1
LGIC_C 330 0.386089352 -0.0274133814 0.0250140032 -4.96100802e-08 3.14742968e-08 1
LGIC_C 331 0.244617712 -0.0859552536 0.025013996 -4.34088182e-08 2.48392526e-08 1
LGIC_C 332 -0.00270604791 -0.340005561 0.0250140001 9.8680833e-09 4.96100963e-08 1
LGIC_C 333 0.486271419 0.175072499 0.0250140059 -4.34088272e-08 -8.63453573e-09 1
LGIC_C 334 0.260875654 0.808179091 0.0034117702 0.194186548 0.976240951 0.0961519121
LGIC_C 335 0.178349923 0.627466936 0.0250140133 -6.33660387e-09 4.96100877e-08 -1
LGIC_C 336 -0.772160291 0.023347158 0.0250140174 4.34088279e-08 -2.48392273e-08 1
LGIC_C 337 -0.0559724026 -0.00543581019 0.0250139858 4.96100935e-08 -4.19869172e-08 1
LGIC_C 338 -0.174788272 0.288920736 0.0250139982 2.45891128e-08 -3.68002333e-08 1
LGIC_C 339 0.17091713 -0.247895527 0.0250139974 -1.31306721e-08 4.82586744e-08 1
LGIC_C 340 -0.271566863 0.621854764 0.0250140171 2.8101852e-08 -4.20574041e-08 1
LGIC_C 341 -0.0322569021 -0.695205309 0.0250140137 8.63456455e-09 4.34088336e-08 1
LGIC_C 342 -0.856234775 -0.0211675464 -0.000665463635 -0.976240825 -0.194187339 0.0961515894
LGIC_C 343 0.263503173 0.463925429 0.0250140091 1.3130701e-08 4.82586573e-08 -1
LGIC_C 344 -0.145117343 0.0260304146 0.0250139904 5.7878425e-08 4.89846948e-08 1
LGIC_C 345 -0.0913845779 -0.0921106508 0.0250139908 7.55636799e-08 6.2887973e-09 1
LGIC_C 346 0.372998166 0.333594511 0.0250140052 -3.68002282e-08 -2.45891172e-08 1
LGIC_C 347 0.460309626 -0.218722038 0.025014013 -4.90669481e-08 3.27855328e-08 1
LGIC_C 348 -0.111254795 -0.624633017 0.0250140153 9.8680833e-09 4.96100963e-08 1
LGIC_C 349 -0.120462842 -0.551510125 0.0250140071 -2.90231482e-08 4.96101036e-08 1
LGIC_C 350 -0.218688909 0.387211588 0.0250140029 2.45891128e-08 -3.68002333e-08 1
LGIC_C 351 -0.114133482 0.0627853433 0.0250139901 3.37890593e-08 -4.80634052e-08 1
LGIC_C 352 -0.155867701 -0.359224229 0.0250140004 3.95603082e-08 3.05989652e-08 1
LGIC_C 353 -0.304085407 0.137227568 0.0250139999 4.20574045e-08 -2.81018523e-08 1
LGIC_C 354 0.16915753 0.243620752 0.0250139983 -2.81018716e-08 -4.20573923e-08 1
LGIC_C 355 0.0884723809 -0.514277792 0.0250140121 1.00935263e-08 5.7878447e-08 1
LGIC_C 356 0.123517457 0.77206775 0.0250140178 -8.63455884e-09 -4.34088253e-08 1
LGIC_C 357 0.731756833 0.186297105 0.0250140184 -4.96100869e-08 6.3366408e-09 1
LGIC_C 358 0.0760722732 -0.0521442937 0.0250139887 -4.90669481e-08 3.27855328e-08 1
LGIC_C 359 -0.183272824 0.169927498 0.0250139973 6.28881943e-09 -7.55636452e-08 1
LGIC_C 360 -0.482887153 0.424135246 0.0250140115 3.68002297e-08 -2.45891157e-08 1
LGIC_C 361 0.595161767 -0.142467862 0.0250140142 -4.96100859e-08 9.86807898e-09 1
LGIC_C 362 -0.396382491 -0.111874846 0.0250139997 -4.96100919e-08 2.90231703e-08 -1
LGIC_C 363 -0.426059825 0.385497348 0.025014012 4.20574045e-08 -2.81018523e-08 1
LGIC_C 364 0.107137608 0.168472864 0.025013995 -3.27855134e-08 -4.90669575e-08 1
LGIC_C 365 0.621440219 -0.288385441 0.0250140175 -4.20573976e-08 2.81018683e-08 1
LGIC_C 366 -0.283764436 -0.66204889 0.0250140147 3.95603082e-08 3.05989652e-08 1
LGIC_C 367 0.418636342 -0.154133765 0.0250140052 -4.34088182e-08 2.48392526e-08 1
LGIC_C 368 -0.128760881 -0.297600484 0.0250139975 3.95603082e-08 3.05989652e-08 1
LGIC_C 369 -0.0737502657 -0.61895059 0.0250140118 -2.90231482e-08 4.96101036e-08 1
LGIC_C 370 -0.391952551 -0.529880616 0.0250140124 2.45891453e-08 3.68002268e-08 1
LGIC_C 371 0.182191592 0.109775372 0.0250139926 -3.68002282e-08 -2.45891172e-08 1
LGIC_C 372 -0.0745981494 0.436831854 0.0250140029 8.63455111e-09 -4.34088279e-08 1
LGIC_C 373 -0.540473164 0.536077677 0.0250140163 3.68002297e-08 -2.45891157e-08 1
LGIC_C 374 0.114933218 -0.25650798 0.0250139971 -1.31306721e-08 4.82586744e-08 1
LGIC_C 375 0.196171996 -0.584332746 0.0250140151 1.00935263e-08 5.7878447e-08 1
LGIC_C 376 0.444126128 0.403978869 0.0250140133 -4.20574004e-08 -2.81018564e-08 1
LGIC_C 377 0.311950606 0.170576133 0.0250139989 -3.68002282e-08 -2.45891172e-08 1
LGIC_C 378 -0.640073065 0.0753319928 0.0250140128 4.96100851e-08 2.90231542e-08 1
LGIC_C 379 -0.0549972831 -0.46995474 0.0250140071 9.8680833e-09 4.96100963e-08 1
LGIC_C 380 0.107014867 0.614122913 0.0250140148 -9.86806672e-09 -4.96100854e-08 1
LGIC_C 381 0.00604365046 0.637219901 0.0250140148 -6.33660387e-09 4.96100877e-08 -1
LGIC_C 382 0.570342131 -0.271149831 0.0250140155 -3.37890406e-08 4.80634332e-08 1
LGIC_C 383 0.285819068 -0.487547407 0.0250140165 -3.27854948e-08 4.90669785e-08 1
LGIC_C 384 -0.479720097 -0.409560984 0.0250140172 6.28883752e-09 7.55636663e-08 1
LGIC_C 385 0.595908086 0.0705189923 0.0250140185 -5.78784335e-08 -1.15127284e-08 1
LGIC_C 386 0.548681547 -0.415237339 0.0250140136 -3.68002179e-08 2.45891393e-08 1
LGIC_C 387 0.539086542 -0.246912313 0.0250140133 -3.37890406e-08 4.80634332e-08 1
LGIC_C 388 -0.0501618147 0.490113949 0.0250140081 9.86805557e-09 -4.96100883e-08 1
LGIC_C 389 0.397657032 -0.349346085 0.0250140098 -4.20573976e-08 2.81018683e-08 1
LGIC_C 390 0.55283974 0.0305063275 0.0250140105 -4.96100869e-08 6.3366408e-09 1
LGIC_C 391 -0.206959233 0.137465329 0.0250139969 3.37890593e-08 -4.80634052e-08 1
LGIC_C 392 -0.187365347 -0.609391 0.025014008 -2.90231482e-08 4.96101036e-08 1
LGIC_C 393 0.0104844891 -0.325723734 0.0250139975 -8.63454093e-09 4.34088369e-08 1
LGIC_C 394 0.415818914 0.632425147 0.0250140168 -2.45891309e-08 -3.68002211e-08 1
LGIC_C 395 0.326250627 0.478081208 0.0250140106 1.3130701e-08 4.82586573e-08 -1
LGIC_C 396 0.251302686 0.417967817 0.0250140067 1.3130701e-08 4.82586573e-08 -1
LGIC_C 397 -0.63570781 0.210348991 0.0250140127 4.34088259e-08 -8.63455061e-09 1
LGIC_C 398 -0.573692724 0.240655116 0.0250140142 3.37890593e-08 -4.80634052e-08 1
LGIC_C 399 0.563384973 -0.147294396 0.0250140158 -4.96100802e-08 3.14742968e-08 1
