VGCC_O 2 0.119933892 -0.04777957 0.0466929781 -1.41802115e-06 2.82063236e-07 -1
VGCC_O 8 -0.134706799 0.0161271258 0.0466933331 -1.62059677e-06 3.22356891e-07 -1
VGCC_O 5 0.113746944 -0.0200409323 0.0466929896 -1.01287282e-06 -1.51427976e-07 -1
CaBS 10 0.111422361 -0.0215641902 0.0854346012 0.333750516 0.131703927 0.933415593
CaBS 11 0.0985026947 -0.0334437322 0.0710053745 -0.735818491 -0.677177075 0.00153536998
CaBS 13 0.10303337 -0.00625863657 0.0591197919 -0.346545998 0.867982935 -0.355684546
CaBS 14 0.110566266 -0.031524124 0.0794905949 0.34654604 -0.867983022 0.355684293
CaBS 15 0.108869596 -0.00782707677 0.0817706532 0.324116486 0.74980293 0.576839726
CaBS 16 0.120930755 -0.0108588973 0.0780474906 0.735818353 0.677177225 -0.00153536905
CaBS 17 0.0937530361 -0.00845551512 0.0647085301 -0.751399618 0.322919164 -0.575431861
CaBS 18 0.116580847 -0.0106030473 0.0584040468 0.321328636 0.750213906 -0.577864173
CaBS 19 0.102034356 -0.0352970558 0.0662142393 -0.324116536 -0.749802846 -0.576839807
CaBS 20 0.12077573 -0.0161955656 0.0803169417 0.751399702 -0.322919474 0.575431578
CaBS 21 0.0931129609 -0.0254371552 0.0810400886 -0.329239867 -0.132369096 0.934922207
CaBS 22 0.101587678 -0.0253534893 0.0554325873 -0.333750671 -0.131704002 -0.933415527
CaBS 23 0.116444232 -0.0200691504 0.0834280412 0.333750516 0.131703927 0.933415593
CaBS 24 0.11696893 -0.00909041698 0.0788619224 0.324116486 0.74980293 0.576839726
CaBS 25 -0.106397134 -0.00588479683 0.0660968971 -0.324116588 -0.749802884 -0.576839729
CaBS 28 -0.106389956 0.0259920229 0.0754107804 -0.344822968 0.867728888 0.357971643
CaBS 29 -0.10732742 -0.00290553326 0.0767219883 -0.321328736 -0.750213873 0.57786416
CaBS 31 -0.118194131 0.0115795949 0.0778311703 -0.748611709 0.322508237 0.579283131
CaBS 38 -0.106712238 0.0199595179 0.0528048506 0.329239713 0.132369034 -0.93492227
Ca 1 0.506953873 -0.0566991264 0.645347659 0 0 0
Ca 7 -0.402575854 0.0265172771 0.269224324 0 0 0
Ca 4 0.437294255 0.190059651 0.364068442 0 0 0
Ca 1 -0.513896512 0.0678470816 0.852790872 0 0 0
Ca 6 -0.166570727 -0.0159226908 0.0650560541 0 0 0
Ca 4 -0.00658691182 0.608674501 0.407646119 0 0 0
Ca 7 0.425656021 0.347588096 0.114273279 0 0 0
Ca 6 0.452009183 0.0144499148 0.213698829 0 0 0
Ca 6 -0.506594491 0.199113389 0.278718259 0 0 0
CaBS_Ca 56 0.117135881 -0.0323381564 0.071103269 0.34654604 -0.867983022 0.355684293
Ca 8 -0.313767698 0.0608616402 0.420089859 0 0 0
Ca 6 -0.41536351 -0.00820980675 0.876449227 0 0 0
Ca 1 0.589954934 -0.0545015722 0.401289371 0 0 0
Ca 6 -0.349937183 0.255748402 0.480339897 0 0 0
Ca 4 0.0869890866 0.244578255 0.471190687 0 0 0
Ca 6 0.395474629 -0.206905973 0.542147592 0 0 0
CaBS_Ca 57 -0.104441753 0.0218521199 0.0840482414 0.324116492 0.749802901 0.576839761
Ca 1 0.0382392065 -0.287598173 0.291522211 0 0 0
Ca 1 -0.060748576 -0.144328476 0.570381398 0 0 0
Ca 7 -0.295536913 0.00573450933 0.340059103 0 0 0
Ca 7 -0.289753625 0.259186399 0.252537061 0 0 0
Ca 4 0.100276242 0.104658536 0.577437984 0 0 0
Ca 6 -0.218134313 0.134319196 0.121801768 0 0 0
Ca 4 0.137560198 0.188474014 0.179472928 0 0 0
Ca 4 -0.131010932 -0.402396072 0.316065422 0 0 0
Ca 8 -0.509485124 -0.329175567 0.592836516 0 0 0
Ca 8 0.581594708 0.39618442 0.0802398102 0 0 0
Ca 4 -0.231092345 0.0210924185 0.388983487 0 0 0
Ca 4 -0.13798497 -0.182851266 0.0992890924 0 0 0
Ca 6 -0.28032451 0.346193297 0.626301454 0 0 0
Ca 6 -0.410663207 0.170730056 0.120776804 0 0 0
Ca 1 0.309954964 0.235997136 0.211152984 0 0 0
Ca 1 -0.387106973 0.12413867 0.514857652 0 0 0
Ca 6 -0.521683199 0.1881983 0.582703492 0 0 0
Ca 8 0.242980053 -0.247990285 0.769444425 0 0 0
Ca 8 -0.583625973 0.243054886 0.0870982347 0 0 0
Ca 8 -0.818654968 -0.106857743 0.165962238 0 0 0
Ca 4 -0.0709321487 -0.341830665 0.244718826 0 0 0
Ca 7 -0.308410932 -0.316448384 0.307365183 0 0 0
Ca 1 -0.087755714 0.0630141081 0.179889932 0 0 0
Ca 6 0.118793375 0.00116324803 0.22031685 0 0 0
Ca 6 -0.378062461 -0.320365383 0.407711011 0 0 0
Ca 7 -0.447468006 0.0197554742 0.774020456 0 0 0
Ca 8 -0.302856195 0.161046563 0.102052149 0 0 0
Ca 6 0.0755444266 0.210808243 0.0805915589 0 0 0
Ca 2 0.388335986 -0.479405508 0.305402513 0 0 0
Ca 6 -0.239024567 -0.337498671 0.177724139 0 0 0
Ca 4 -0.234031898 0.351142227 0.651607208 0 0 0
Ca 1 0.0709002359 -0.300184463 0.347151283 0 0 0
Ca 6 -0.6777161 0.145184505 0.0525762454 0 0 0
Ca 8 -0.135729141 0.0283053615 0.0502949665 0 0 0
Ca 1 0.160872987 0.105157531 0.29022342 0 0 0
Ca 6 -0.0124674357 -0.174237152 0.10627074 0 0 0
Ca 8 -0.343835952 0.131784255 0.191604105 0 0 0
Ca 8 -0.0181122109 0.0811785648 0.131459373 0 0 0
Ca 1 0.027969845 0.268066708 0.363410555 0 0 0
Ca 4 0.0654106812 0.082663268 0.375490988 0 0 0
Ca 7 -0.266667181 0.289287206 0.143317776 0 0 0
Ca 8 -0.104881668 0.299122413 0.191630476 0 0 0
Ca 1 0.101951566 0.0702888913 0.0762001467 0 0 0
Ca 4 -0.0876331095 -0.0355700305 0.167086404 0 0 0
Ca 7 -0.295830156 0.157386567 0.0472340805 0 0 0
Ca 1 -0.0122750233 0.217494781 0.100539188 0 0 0
Ca 8 -0.377779738 0.158702384 0.303760555 0 0 0
Ca 6 -0.0307455531 -0.157401217 0.100145315 0 0 0
Ca 8 -0.182135759 -0.0776698892 0.284058601 0 0 0
Ca 1 -0.212047289 0.0555689013 0.0871130536 0 0 0
Ca 1 -0.355599155 0.0313811011 0.307618891 0 0 0
Ca 1 -0.0315747063 0.0774933774 0.0667405706 0 0 0
Ca 1 -0.124865328 0.140589109 0.176930192 0 0 0
Ca 6 -0.314434573 0.063164336 0.133909454 0 0 0
Ca 6 -0.145491063 -0.0701432218 0.0736125739 0 0 0
Ca 4 -0.128360112 -0.289811268 0.080534548 0 0 0
Ca 6 -0.184699432 0.0868930933 0.176866073 0 0 0
Ca 1 -0.114257061 0.0729219874 0.179058886 0 0 0
Ca 8 -0.114180013 -0.0360660548 0.0679333923 0 0 0
Ca 1 -0.180778412 0.0920290357 0.0888794176 0 0 0
Ca 4 -0.0805396088 0.0412636411 0.0545037043 0 0 0
Ca 6 -0.105510805 0.0669130035 0.0737237125 0 0 0
Ca 1 -0.112055284 0.0664339242 0.0608006036 0 0 0
Ca 6 -0.12841196 0.0244902018 0.0466274875 0 0 0
VGCC_O 7 -0.137449801 0.00579357966 0.0466933342 -1.62059625e-06 3.22356338e-07 -1
VGCC_O 1 -0.126159285 0.0151063295 0.0466933189 -1.62059625e-06 3.22356338e-07 -1
VGCC_O 9 0.0953603447 -0.018533153 0.0466930096 -1.14792244e-06 -1.24564753e-07 -1
VGCC_O 3 0.0772568984 -0.00428239309 0.046693036 -1.41802159e-06 2.82063681e-07 -1
VGCC_O 0 0.11238887 -0.0311459409 0.0466929927 -1.01287282e-06 -1.51427976e-07 -1
VGCC_O 4 -0.108229728 0.00324736392 0.0466932869 -8.10297798e-07 1.61178104e-07 -1
VGCC_O 6 -0.12622171 0.0241576588 0.046693322 -1.62059677e-06 3.22356891e-07 -1
TAG 41 -0.105784995 0.0105052503 0.0536665039 -0.333750681 -0.131703993 -0.933415524
TAG 59 -0.100018848 -0.00188752594 0.0603333581 0.344822933 -0.867729023 -0.35797135
TAG 55 -0.119337383 0.0151637023 0.0699872324 -0.999896295 -0.0141984574 0.00240892698
TAG 54 -0.104785227 0.0261860029 0.076486355 -0.344822968 0.867728888 0.357971643
TAG 53 -0.089146311 -0.000197085518 0.0670554248 0.74861179 -0.322508554 -0.579282851
TAG 52 -0.119278263 0.0119799944 0.0757618237 -0.999896295 -0.0141984574 0.00240892698
TAG 51 -0.102448777 0.00747370566 0.0865367572 -0.329239868 -0.132369105 0.934922205
TAG 45 -0.113699624 0.0170707545 0.0588716642 -0.751399624 0.322919173 -0.575431849
TAG 44 -0.11923843 0.00668793202 0.0611035411 -0.999896295 -0.0141984574 0.00240892698
LGIC_C 0 0.525890972 0.227171529 0.0250140119 3.37890593e-08 4.80634111e-08 -1
LGIC_C 1 -0.351771945 0.0375747011 0.0250139989 4.34088259e-08 -8.63455061e-09 1
LGIC_C 2 -0.57024368 0.0788741777 0.0250140123 4.96100897e-08 -9.86805572e-09 1
LGIC_C 3 0.241481214 -0.650108338 0.0250140179 -9.86804037e-09 4.96101e-08 1
LGIC_C 4 -0.403144637 -0.225396416 0.0250140028 6.28883752e-09 7.55636663e-08 1
LGIC_C 5 0.0435135442 -0.535807457 0.0250140138 1.00935263e-08 5.7878447e-08 1
LGIC_C 6 -0.324789468 0.461986743 0.0250140139 1.28239438e-08 -5.73353116e-08 1
LGIC_C 7 -0.690069636 0.440486872 0.0250140195 3.68002297e-08 -2.45891157e-08 1
LGIC_C 8 -0.191403721 0.26363396 0.0250139977 2.45891128e-08 -3.68002333e-08 1
LGIC_C 9 -0.444419221 -0.267038323 0.0250140062 6.28883752e-09 7.55636663e-08 1
LGIC_C 10 -0.417077034 -0.607454307 0.0250140183 3.95603082e-08 3.05989652e-08 1
LGIC_C 11 0.141120426 0.566382534 0.0250140105 -6.33660387e-09 4.96100877e-08 -1
LGIC_C 12 0.377822768 0.156353251 0.0250140069 -4.90669739e-08 -3.27854893e-08 1
LGIC_C 13 0.712276796 -0.106703494 0.0250140196 -4.96100859e-08 9.86807898e-09 1
LGIC_C 14 0.651125719 0.254689211 0.0250140139 -4.96100869e-08 6.3366408e-09 1
LGIC_C 15 -0.450336193 -0.338265826 0.0250140076 5.39043203e-09 6.47688584e-08 1
LGIC_C 16 0.636817637 -0.162618376 0.0250140164 -4.96100859e-08 9.86807898e-09 1
LGIC_C 17 -0.53290441 0.328175331 0.0250140133 -4.82586679e-08 1.31306769e-08 -1
LGIC_C 18 0.301883045 -0.477941813 0.0250140118 -2.81018481e-08 4.20574137e-08 1
LGIC_C 19 -0.317031632 0.261555145 0.0250140066 3.37890593e-08 -4.80634052e-08 1
LGIC_C 20 0.103749053 -0.419024008 0.0250140087 -1.15127059e-08 5.78784511e-08 1
LGIC_C 21 -0.0264284256 -0.156385659 0.0250139902 -2.90231482e-08 4.96101036e-08 1
LGIC_C 22 0.146689128 0.614249433 0.0250140152 -9.86806672e-09 -4.96100854e-08 1
LGIC_C 23 -0.432887938 0.403661638 0.0250140091 3.68002297e-08 -2.45891157e-08 1
LGIC_C 24 0.114063388 0.45107182 0.0250140068 -9.86806672e-09 -4.96100854e-08 1
LGIC_C 25 0.375290731 -0.00589621103 0.0250139996 -4.34088226e-08 8.63456802e-09 1
LGIC_C 26 -0.04969955 0.260715648 0.0250139989 1.15127271e-08 -5.78784352e-08 1
LGIC_C 27 -0.259218289 0.53116551 0.0250140178 3.27854968e-08 -4.90669676e-08 1
LGIC_C 28 0.688501147 0.106173732 0.025014014 -4.34088272e-08 -8.63453573e-09 1
LGIC_C 29 -0.613813511 -0.118451163 0.025014013 5.7878436e-08 -4.89847332e-08 1
LGIC_C 30 0.641715194 0.148696961 0.0250140141 -4.96100869e-08 6.3366408e-09 1
LGIC_C 31 -0.397652293 -0.423848506 0.025014012 3.95603082e-08 3.05989652e-08 1
LGIC_C 32 0.0786103396 0.0837405623 0.025013989 -2.81018716e-08 -4.20573923e-08 1
LGIC_C 33 -0.0180925266 0.625523308 0.0250140106 8.63455111e-09 -4.34088279e-08 1
LGIC_C 34 0.250656691 -0.504852806 0.0250140162 -3.27854948e-08 4.90669785e-08 1
LGIC_C 35 -0.172015004 -0.515883033 0.0250140038 -2.90231482e-08 4.96101036e-08 1
LGIC_C 36 0.539105604 -0.611987228 0.025014019 -2.45891087e-08 3.68002429e-08 1
LGIC_C 37 0.12115703 0.781312407 0.0250140182 -8.63455884e-09 -4.34088253e-08 1
LGIC_C 38 0.737717734 -0.320113046 0.0250140185 -3.05989503e-08 3.95603122e-08 1
LGIC_C 39 0.686530052 0.335962148 0.0250140168 -3.68002282e-08 -2.45891172e-08 1
LGIC_C 40 -0.673564734 0.0430662881 0.0250140136 4.34088279e-08 -2.48392273e-08 1
LGIC_C 41 -0.526807369 0.602213895 0.0250140184 2.45891128e-08 -3.68002333e-08 1
LGIC_C 42 -0.278678858 -0.669387762 0.0250140147 2.45891453e-08 3.68002268e-08 1
LGIC_C 43 -0.561931899 -0.512259912 0.0250140153 1.15916899e-08 4.97976879e-08 1
LGIC_C 44 0.3547092 0.546365685 0.0250140143 1.3130701e-08 4.82586573e-08 -1
LGIC_C 45 -0.00589588133 -0.251578756 0.0250139943 2.48392553e-08 4.34088306e-08 1
LGIC_C 46 -0.208813779 -0.197030331 0.0250139971 5.39043203e-09 6.47688584e-08 1
LGIC_C 47 0.507756522 -0.186728212 0.0250140148 -5.78784275e-08 1.15127558e-08 1
LGIC_C 48 -0.0810008143 -0.38808828 0.0250140008 8.63456455e-09 4.34088336e-08 1
LGIC_C 49 -0.494822122 -0.185134986 0.0250140063 4.34088238e-08 8.63459484e-09 1
LGIC_C 50 0.231761313 -0.336088857 0.0250140073 -3.27854948e-08 4.90669785e-08 1
LGIC_C 51 -0.558420402 -0.00368184088 0.0250140075 4.34088238e-08 8.63459484e-09 1
LGIC_C 52 0.64755125 -0.17970687 0.0250140158 -4.34088182e-08 2.48392526e-08 1
LGIC_C 53 0.334173648 -0.0878839562 0.0250139999 -4.34088182e-08 2.48392526e-08 1
LGIC_C 54 -0.0392487844 -0.21082205 0.0250139935 -4.89847109e-08 5.78784581e-08 1
LGIC_C 55 0.404322597 0.479985433 0.0250140109 -2.45891309e-08 -3.68002211e-08 1
LGIC_C 56 -0.129334535 -0.224675673 0.0250139937 -5.56021111e-08 -1.45571543e-08 -1
LGIC_C 57 -0.074165925 0.440505759 0.0250140075 -3.14742797e-08 4.96100914e-08 -1
LGIC_C 58 0.452697695 -0.0845436363 0.025014005 -4.34088182e-08 2.48392526e-08 1
LGIC_C 59 -0.435456727 -0.213588566 0.0250140015 1.45571809e-08 5.5602105e-08 1
LGIC_C 60 0.0816430913 0.519901342 0.0250140116 -3.14742949e-08 -4.96100822e-08 1
LGIC_C 61 -0.387530769 0.342062786 0.0250140092 4.20574045e-08 -2.81018523e-08 1
LGIC_C 62 -0.0215125198 0.414926777 0.0250140045 -3.14742797e-08 4.96100914e-08 -1
LGIC_C 63 0.196663112 -0.036253875 0.0250139933 -4.96100859e-08 9.86807898e-09 1
LGIC_C 64 -0.264108143 0.00208954841 0.0250139984 5.7878425e-08 4.89846948e-08 1
LGIC_C 65 0.00275432961 0.303746422 0.0250139984 -9.86806672e-09 -4.96100854e-08 1
LGIC_C 66 -0.26261341 -0.352476064 0.0250140027 2.45891453e-08 3.68002268e-08 1
LGIC_C 67 -0.463478369 0.426706576 0.0250140184 6.28881943e-09 -7.55636452e-08 1
LGIC_C 68 -0.652086911 -0.113155196 0.0250140085 -4.34088282e-08 2.70157287e-08 -1
LGIC_C 69 -0.727292262 -0.374157384 0.0250140192 3.68002489e-08 2.45891179e-08 1
LGIC_C 70 -0.0203923077 0.385539566 0.0250140002 8.63455111e-09 -4.34088279e-08 1
LGIC_C 71 0.546384808 0.128096712 0.0250140163 -5.78784335e-08 -1.15127284e-08 1
LGIC_C 72 0.15427399 0.37368042 0.0250140008 -8.63455884e-09 -4.34088253e-08 1
LGIC_C 73 -0.0163967469 0.00220914636 0.025013984 4.34088279e-08 -2.48392273e-08 1
LGIC_C 74 0.50737312 0.497307456 0.0250140143 -4.82586616e-08 -1.31306776e-08 1
LGIC_C 75 0.496079524 -0.596262447 0.0250140174 -2.45891087e-08 3.68002429e-08 1
LGIC_C 76 -0.676941482 0.0873602755 0.0250140143 4.96100851e-08 2.90231542e-08 1
LGIC_C 77 0.335440586 -0.219687299 0.0250140022 -3.05989503e-08 3.95603122e-08 1
LGIC_C 78 0.23467907 0.388207142 0.02501401 -3.27855134e-08 -4.90669575e-08 1
LGIC_C 79 -0.579909482 -0.260055443 0.0250140029 1.15916899e-08 4.97976879e-08 1
LGIC_C 80 0.69696139 -0.0459088464 0.0250140139 -4.34088226e-08 8.63456802e-09 1
LGIC_C 81 0.074469876 0.68736272 0.0250140169 -6.33660387e-09 4.96100877e-08 -1
LGIC_C 82 0.50460562 -0.303890046 0.0250140107 -3.05989503e-08 3.95603122e-08 1
LGIC_C 83 -0.367557722 0.236928595 0.0250140041 -4.82586679e-08 1.31306769e-08 -1
LGIC_C 84 0.2133302 0.513881092 0.0250140109 1.3130701e-08 4.82586573e-08 -1
LGIC_C 85 -0.0738233091 0.125185824 0.0250139914 1.28239438e-08 -5.73353116e-08 1
LGIC_C 86 0.577556025 -0.326599542 0.0250140184 -3.37890406e-08 4.80634332e-08 1
LGIC_C 87 -0.308036054 -0.241377396 0.0250140011 1.45571809e-08 5.5602105e-08 1
LGIC_C 88 -0.595116892 -0.516702709 0.0250140159 1.15916899e-08 4.97976879e-08 1
LGIC_C 89 0.251628918 -0.488311335 0.0250140101 -1.31306721e-08 4.82586744e-08 1
LGIC_C 90 -0.372220848 -0.330915681 0.0250140071 1.45571809e-08 5.5602105e-08 1
LGIC_C 91 0.156092539 0.793272861 0.025014019 -8.63455884e-09 -4.34088253e-08 1
LGIC_C 92 0.217583196 -0.705682337 0.0250140169 6.33663526e-09 4.9610097e-08 1
LGIC_C 93 -0.0840914601 0.566820407 0.0250140109 -6.33661298e-09 -4.96100859e-08 1
LGIC_C 94 0.141448708 -0.0429454763 0.0250139916 -4.96100802e-08 3.14742968e-08 1
LGIC_C 95 -0.321755638 -0.409177847 0.0250140071 -5.56021111e-08 -1.45571543e-08 -1
LGIC_C 96 0.326173878 -0.0244097148 0.0250139997 -4.96100859e-08 9.86807898e-09 1
LGIC_C 97 -0.397185764 0.0297876904 0.0250140021 4.96100851e-08 2.90231542e-08 1
LGIC_C 98 -0.351766915 -0.577843679 0.0250140149 3.95603082e-08 3.05989652e-08 1
LGIC_C 99 0.241500656 -0.063553546 0.0250139972 -4.96100802e-08 3.14742968e-08 1
LGIC_C 100 -0.340173703 -0.511097683 0.0250140104 2.45891453e-08 3.68002268e-08 1
LGIC_C 101 -0.403175532 0.0173688511 0.0250140034 4.96100897e-08 -9.86805572e-09 1
LGIC_C 102 -0.350693307 0.429205694 0.0250140124 1.28239438e-08 -5.73353116e-08 1
LGIC_C 103 -0.457411494 -0.0222358373 0.0250140033 4.34088238e-08 8.63459484e-09 1
LGIC_C 104 0.584664234 -0.259216472 0.0250140204 -4.90669481e-08 3.27855328e-08 1
LGIC_C 105 -0.302066378 0.104365842 0.025013999 4.34088279e-08 -2.48392273e-08 1
LGIC_C 106 -0.301937638 0.78397819 0.0250140199 8.63455111e-09 -4.34088279e-08 1
LGIC_C 107 -0.749184965 -0.257040326 0.025014018 4.34088238e-08 8.63459484e-09 1
LGIC_C 108 -0.0501067317 -0.500617821 0.0250140062 2.48392553e-08 4.34088306e-08 1
LGIC_C 109 0.187808477 0.0927485452 0.0250139935 -4.82586616e-08 -1.31306776e-08 1
LGIC_C 110 -0.189581271 -0.711324896 0.0250140158 8.63456455e-09 4.34088336e-08 1
LGIC_C 111 -0.516566482 -0.147719663 0.0250140046 -4.96100919e-08 2.90231703e-08 -1
LGIC_C 112 0.720654644 -0.000356887198 0.025014019 -4.96100802e-08 3.14742968e-08 1
LGIC_C 113 -0.0286199112 -0.709981518 0.0250140148 2.48392553e-08 4.34088306e-08 1
LGIC_C 114 -0.355765805 0.401941637 0.0250140109 1.28239438e-08 -5.73353116e-08 1
LGIC_C 115 0.526764057 -0.368534469 0.0250140139 -3.05989503e-08 3.95603122e-08 1
LGIC_C 116 0.176092286 -0.435177517 0.0250140066 1.00935263e-08 5.7878447e-08 1
LGIC_C 117 -0.196375229 -0.0135745623 0.0250139926 -4.96100919e-08 2.90231703e-08 -1
LGIC_C 118 -0.310768766 -0.324886866 0.0250140055 3.95603082e-08 3.05989652e-08 1
LGIC_C 119 0.110079843 0.408352368 0.0250140046 -9.86806672e-09 -4.96100854e-08 1
LGIC_C 120 0.031029366 0.481670877 0.0250140075 -9.86806672e-09 -4.96100854e-08 1
LGIC_C 121 -0.450784928 -0.410521094 0.0250140089 1.15916899e-08 4.97976879e-08 1
LGIC_C 122 0.620727079 -0.353695424 0.0250140148 -3.68002179e-08 2.45891393e-08 1
LGIC_C 123 0.357723693 -0.303307031 0.0250140107 -4.90669481e-08 3.27855328e-08 1
LGIC_C 124 0.491308301 -0.423793536 0.0250140117 -3.68002179e-08 2.45891393e-08 1
LGIC_C 125 0.118909504 -0.163835063 0.0250139927 -1.31306721e-08 4.82586744e-08 1
LGIC_C 126 0.619176925 -0.346271147 0.0250140159 -3.05989503e-08 3.95603122e-08 1
LGIC_C 127 0.244873434 -0.327160012 0.0250140022 -1.31306721e-08 4.82586744e-08 1
LGIC_C 128 0.216512147 -0.35207866 0.0250140015 -2.45891087e-08 3.68002429e-08 1
LGIC_C 129 0.45669117 -0.107673166 0.025014004 -4.34088226e-08 8.63456802e-09 1
LGIC_C 130 -0.622778855 0.204704069 0.0250140121 4.34088259e-08 -8.63455061e-09 1
LGIC_C 131 0.41494177 0.238376421 0.0250140064 -4.82586616e-08 -1.31306776e-08 1
LGIC_C 132 -0.226590274 0.0718349347 0.0250139928 5.7878425e-08 4.89846948e-08 1
LGIC_C 133 -0.595934419 -0.024646784 0.0250140093 4.34088238e-08 8.63459484e-09 1
LGIC_C 134 0.294722545 -0.654895746 0.0250140146 -2.45891087e-08 3.68002429e-08 1
LGIC_C 135 -0.299029203 -0.269743017 0.0250140055 6.28883752e-09 7.55636663e-08 1
LGIC_C 136 0.395685288 -0.267116593 0.0250140044 -3.68002179e-08 2.45891393e-08 1
LGIC_C 137 0.350378691 -0.337567966 0.0250140073 -3.05989503e-08 3.95603122e-08 1
LGIC_C 138 -0.691886359 -0.228885182 0.025014008 4.96100935e-08 -4.19869172e-08 1
LGIC_C 139 0.148712739 -0.00181157231 0.0250139907 -4.96100802e-08 3.14742968e-08 1
LGIC_C 140 0.429858191 0.574370369 0.025014015 -2.45891309e-08 -3.68002211e-08 1
LGIC_C 141 0.479782105 0.121858701 0.0250140051 -4.34088272e-08 -8.63453573e-09 1
LGIC_C 142 -0.482043034 -0.535323542 0.0250140187 3.95603082e-08 3.05989652e-08 1
LGIC_C 143 -0.087304925 -0.173495545 0.025013993 2.81018674e-08 4.20574117e-08 1
LGIC_C 144 -0.454431571 -0.460785615 0.0250140153 3.95603082e-08 3.05989652e-08 1
LGIC_C 145 0.224344443 -0.00326359297 0.025013993 -4.34088182e-08 2.48392526e-08 1
LGIC_C 146 0.00857982132 0.590848384 0.0250140127 -9.86806672e-09 -4.96100854e-08 1
LGIC_C 147 -0.307970004 -0.335867862 0.0250140032 2.45891453e-08 3.68002268e-08 1
LGIC_C 148 0.458926151 -0.0828175752 0.0250140107 -5.78784275e-08 1.15127558e-08 1
LGIC_C 149 0.537244026 0.510832139 0.0250140156 -3.68002282e-08 -2.45891172e-08 1
LGIC_C 150 0.451544253 0.16614811 0.0250140046 -4.96100869e-08 6.3366408e-09 1
LGIC_C 151 -0.112122837 -0.727290281 0.0250140158 8.63456455e-09 4.34088336e-08 1
LGIC_C 152 0.247386179 0.577187544 0.0250140145 -2.81018716e-08 -4.20573923e-08 1
LGIC_C 153 0.170914289 -0.216269609 0.0250139978 -1.28239349e-08 5.73353226e-08 1
LGIC_C 154 0.164498883 0.524280016 0.0250140109 -9.86806672e-09 -4.96100854e-08 1
LGIC_C 155 -0.605029778 0.125309862 0.0250140106 4.34088259e-08 -8.63455061e-09 1
LGIC_C 156 -0.24041476 0.0187308147 0.0250139939 4.34088259e-08 -8.63455061e-09 1
LGIC_C 157 -0.406082469 0.282730212 0.0250140072 6.28881943e-09 -7.55636452e-08 1
LGIC_C 158 0.351766523 0.161253099 0.0250140029 3.37890593e-08 4.80634111e-08 -1
LGIC_C 159 0.785426101 0.154721452 0.0250140187 -4.34088272e-08 -8.63453573e-09 1
LGIC_C 160 -0.25865816 -0.0543444113 0.025013993 -4.34088282e-08 2.70157287e-08 -1
LGIC_C 161 -0.448649576 0.0839825285 0.0250140064 4.96100897e-08 -9.86805572e-09 1
LGIC_C 162 0.450996153 -0.026358947 0.0250140096 -5.78784275e-08 1.15127558e-08 1
LGIC_C 163 0.374312656 -0.256518611 0.0250140062 -4.20573976e-08 2.81018683e-08 1
LGIC_C 164 0.232205853 -0.597674012 0.0250140114 6.33663526e-09 4.9610097e-08 1
LGIC_C 165 -0.311901925 0.0260227263 0.025013998 4.96100851e-08 2.90231542e-08 1
LGIC_C 166 -0.148829604 -0.67371568 0.0250140162 2.48392553e-08 4.34088306e-08 1
LGIC_C 167 -0.566950659 0.538987646 0.0250140174 3.68002297e-08 -2.45891157e-08 1
LGIC_C 168 -0.56531617 -0.263733995 0.0250140034 5.39043203e-09 6.47688584e-08 1
LGIC_C 169 0.658289547 -0.477973826 0.0250140192 -3.68002179e-08 2.45891393e-08 1
LGIC_C 170 0.554520261 -0.331682825 0.0250140179 -3.37890406e-08 4.80634332e-08 1
LGIC_C 171 -0.198550095 0.304612079 0.0250140033 1.28239438e-08 -5.73353116e-08 1
LGIC_C 172 0.350662515 0.151975733 0.0250140024 3.37890593e-08 4.80634111e-08 -1
LGIC_C 173 0.6878538 0.30735627 0.0250140161 -3.68002282e-08 -2.45891172e-08 1
LGIC_C 174 -0.0698586442 -0.503445644 0.0250140068 2.48392553e-08 4.34088306e-08 1
LGIC_C 175 0.421701823 -0.2999458 0.0250140119 -3.37890406e-08 4.80634332e-08 1
LGIC_C 176 -0.597848762 -0.592366581 0.0250140197 1.15916899e-08 4.97976879e-08 1
LGIC_C 177 0.309024497 0.333478108 0.025014006 -2.81018716e-08 -4.20573923e-08 1
LGIC_C 178 0.0538058935 -0.629661374 0.0250140141 6.33663526e-09 4.9610097e-08 1
LGIC_C 179 -0.238895125 -0.165381428 0.0250139972 6.28883752e-09 7.55636663e-08 1
LGIC_C 180 -0.152955199 0.260489313 0.0250139985 2.8101852e-08 -4.20574041e-08 1
LGIC_C 181 -0.634736094 -0.31768929 0.0250140072 5.39043203e-09 6.47688584e-08 1
LGIC_C 182 0.0978407801 -0.172575236 0.0250139932 -2.81018481e-08 4.20574137e-08 1
LGIC_C 183 0.655511431 0.314593748 0.025014019 -4.82586616e-08 -1.31306776e-08 1
LGIC_C 184 0.725002229 -0.0415029256 0.0250140157 -4.34088182e-08 2.48392526e-08 1
LGIC_C 185 0.380360191 -0.122470034 0.0250140028 -4.34088182e-08 2.48392526e-08 1
LGIC_C 186 -0.617952235 -0.31767904 0.0250140071 5.39043203e-09 6.47688584e-08 1
LGIC_C 187 0.147013764 0.0958658121 0.0250139936 -4.90669739e-08 -3.27854893e-08 1
LGIC_C 188 -0.754383736 0.104553468 0.0250140169 4.34088259e-08 -8.63455061e-09 1
LGIC_C 189 -0.540376761 0.294472888 0.0250140143 4.20574045e-08 -2.81018523e-08 1
LGIC_C 190 0.328228284 -0.758800442 0.0250140192 -2.45891087e-08 3.68002429e-08 1
LGIC_C 191 -0.402407783 -0.237521845 0.0250140008 5.39043203e-09 6.47688584e-08 1
LGIC_C 192 -0.284906758 0.105489952 0.0250139965 4.34088259e-08 -8.63455061e-09 1
LGIC_C 193 0.298922842 0.0644964094 0.0250139987 -4.96100911e-08 -9.86803575e-09 1
LGIC_C 194 -0.659559789 0.376828946 0.0250140168 3.68002297e-08 -2.45891157e-08 1
LGIC_C 195 0.388190921 0.387937015 0.0250140105 -2.81018716e-08 -4.20573923e-08 1
LGIC_C 196 0.706040177 0.376474134 0.0250140185 -3.68002282e-08 -2.45891172e-08 1
LGIC_C 197 -0.270052248 -0.506846286 0.0250140085 2.45891453e-08 3.68002268e-08 1
LGIC_C 198 0.518642263 0.0347804786 0.0250140061 -4.34088272e-08 -8.63453573e-09 1
LGIC_C 199 0.607878662 0.250298581 0.0250140118 -4.96100869e-08 6.3366408e-09 1
LGIC_C 200 0.727838617 -0.288899774 0.0250140173 -4.34088226e-08 8.63456802e-09 1
LGIC_C 201 0.250314151 0.140992867 0.0250139977 -4.20574004e-08 -2.81018564e-08 1
LGIC_C 202 -0.0286906218 -0.313476856 0.0250139976 2.48392553e-08 4.34088306e-08 1
LGIC_C 203 -0.179132354 -0.0673556768 0.0250139902 -4.96100919e-08 2.90231703e-08 -1
LGIC_C 204 -0.371690415 0.558539545 0.0250140172 2.8101852e-08 -4.20574041e-08 1
LGIC_C 205 -0.0830563774 0.248273321 0.0250139964 9.86805557e-09 -4.96100883e-08 1
LGIC_C 206 0.643043501 -0.371041148 0.025014016 -3.68002179e-08 2.45891393e-08 1
LGIC_C 207 -0.157475707 -0.44344509 0.0250140012 -4.89847109e-08 5.78784581e-08 1
LGIC_C 208 -0.497985165 0.346255512 0.0250140118 -4.82586679e-08 1.31306769e-08 -1
LGIC_C 209 -0.0103891579 -0.0119118227 0.0250139855 -7.86852791e-08 -1.17760747e-07 -1
LGIC_C 210 0.0657865233 0.243028169 0.025013996 -9.86806672e-09 -4.96100854e-08 1
LGIC_C 211 0.597419213 -0.195230997 0.0250140201 -5.78784275e-08 1.15127558e-08 1
LGIC_C 212 -0.35276242 -0.471556904 0.0250140097 -5.56021111e-08 -1.45571543e-08 -1
LGIC_C 213 0.386399877 -0.422997302 0.0250140119 -2.81018481e-08 4.20574137e-08 1
LGIC_C 214 0.473614694 -0.0605370843 0.0250140043 -4.34088226e-08 8.63456802e-09 1
LGIC_C 215 -0.432822213 -0.0389916908 0.0250140024 4.34088238e-08 8.63459484e-09 1
LGIC_C 216 0.20494842 -0.164995157 0.025013996 -3.05989503e-08 3.95603122e-08 1
LGIC_C 217 0.490036203 -0.410396377 0.0250140195 -3.37890406e-08 4.80634332e-08 1
LGIC_C 218 -0.240062302 0.380489124 0.0250140048 1.31306824e-08 -4.82586643e-08 1
LGIC_C 219 -0.196101055 -0.45788489 0.025014005 3.95603082e-08 3.05989652e-08 1
LGIC_C 220 -0.73163935 -0.347727899 0.0250140187 3.68002489e-08 2.45891179e-08 1
LGIC_C 221 0.691802471 -0.45523742 0.0250140199 -3.68002179e-08 2.45891393e-08 1
LGIC_C 222 -0.56374535 -0.158734166 0.0250140066 -4.96100919e-08 2.90231703e-08 -1
LGIC_C 223 0.256207807 0.408008573 0.0250140093 -4.80634192e-08 -3.37890445e-08 1
LGIC_C 224 -0.377080136 0.0618610398 0.0250140002 4.96100851e-08 2.90231542e-08 1
LGIC_C 225 0.200812445 -0.641443925 0.0250140128 -8.63454093e-09 4.34088369e-08 1
LGIC_C 226 0.373659662 -0.218580128 0.0250140024 -3.68002179e-08 2.45891393e-08 1
LGIC_C 227 -0.163802618 0.484224157 0.0250140057 8.63455111e-09 -4.34088279e-08 1
LGIC_C 228 0.26272043 -0.335040166 0.0250140028 -1.31306721e-08 4.82586744e-08 1
LGIC_C 229 -0.523946688 -0.0837262576 0.0250140067 4.34088238e-08 8.63459484e-09 1
LGIC_C 230 -0.675181717 -0.196472501 0.0250140073 -4.34088282e-08 2.70157287e-08 -1
LGIC_C 231 0.539378392 0.275263027 0.0250140147 3.37890593e-08 4.80634111e-08 -1
LGIC_C 232 -0.276541344 0.761512811 0.0250140187 8.63455111e-09 -4.34088279e-08 1
LGIC_C 233 0.321227953 0.245693819 0.025014002 -4.82586616e-08 -1.31306776e-08 1
LGIC_C 234 -0.0784998755 -0.444188751 0.0250140032 8.63456455e-09 4.34088336e-08 1
LGIC_C 235 0.293104296 0.474153624 0.0250140114 -2.81018716e-08 -4.20573923e-08 1
LGIC_C 236 0.310730632 -0.036412235 0.0250139976 -4.34088182e-08 2.48392526e-08 1
LGIC_C 237 0.667839469 -0.0208775758 0.025014017 -4.96100802e-08 3.14742968e-08 1
LGIC_C 238 -0.15127259 0.00816127529 0.0250139916 5.7878425e-08 4.89846948e-08 1
LGIC_C 239 0.504707563 -0.27889157 0.0250140123 -4.20573976e-08 2.81018683e-08 1
LGIC_C 240 0.105798217 -0.162219486 0.0250139939 -1.28239349e-08 5.73353226e-08 1
LGIC_C 241 -0.103755271 0.225491339 0.0250139957 2.8101852e-08 -4.20574041e-08 1
LGIC_C 242 0.622808807 -0.322065071 0.0250140197 -3.37890406e-08 4.80634332e-08 1
LGIC_C 243 -0.637276739 0.223414018 0.0250140171 4.96100897e-08 -9.86805572e-09 1
LGIC_C 244 0.556350976 -0.177689043 0.0250140175 -5.78784275e-08 1.15127558e-08 1
LGIC_C 245 -0.48962178 -0.445958838 0.0250140152 1.45571809e-08 5.5602105e-08 1
LGIC_C 246 0.410603386 0.438536944 0.0250140095 -2.45891309e-08 -3.68002211e-08 1
LGIC_C 247 -0.503589478 0.625880993 0.0250140187 2.45891128e-08 -3.68002333e-08 1
LGIC_C 248 0.116856393 -0.115966243 0.0250139904 -3.68002179e-08 2.45891393e-08 1
LGIC_C 249 0.494437497 -0.000846393629 0.0250140078 -4.96100802e-08 3.14742968e-08 1
LGIC_C 250 0.219619424 0.502108228 0.0250140108 -4.80634192e-08 -3.37890445e-08 1
LGIC_C 251 0.0479733902 0.662347018 0.0250140158 -6.33660387e-09 4.96100877e-08 -1
LGIC_C 252 0.132892755 0.592694444 0.0250140168 -3.14742949e-08 -4.96100822e-08 1
LGIC_C 253 0.488794726 0.330388625 0.0250140112 -4.82586616e-08 -1.31306776e-08 1
LGIC_C 254 -0.447083868 0.287113107 0.0250140122 3.37890593e-08 -4.80634052e-08 1
LGIC_C 255 -0.771153211 -0.0827707762 0.0250140145 -4.34088282e-08 2.70157287e-08 -1
LGIC_C 256 -0.305730444 0.520529581 0.0250140099 2.45891128e-08 -3.68002333e-08 1
LGIC_C 257 0.292041979 0.298313092 0.0250140015 1.3130701e-08 4.82586573e-08 -1
LGIC_C 258 -0.277689173 0.557604001 0.0250140106 2.45891128e-08 -3.68002333e-08 1
LGIC_C 259 0.243228877 -0.307657073 0.0250140063 -3.27854948e-08 4.90669785e-08 1
LGIC_C 260 -0.00938158847 -0.597706582 0.025014013 9.8680833e-09 4.96100963e-08 1
LGIC_C 261 0.104569372 0.597620405 0.0250140101 -8.63455884e-09 -4.34088253e-08 1
LGIC_C 262 -0.324771971 0.331779685 0.0250140035 1.31306824e-08 -4.82586643e-08 1
LGIC_C 263 -0.68030837 -0.266973025 0.0250140056 -4.34088282e-08 2.70157287e-08 -1
LGIC_C 264 0.461221396 -0.320242244 0.0250140081 -3.68002179e-08 2.45891393e-08 1
LGIC_C 265 0.222161307 0.0257199654 0.0250139945 -4.96100911e-08 -9.86803575e-09 1
LGIC_C 266 -0.140514254 -0.323664615 0.0250139987 3.95603082e-08 3.05989652e-08 1
LGIC_C 267 -0.273495427 -0.257440597 0.0250140015 1.45571809e-08 5.5602105e-08 1
LGIC_C 268 -0.0724137541 -0.508789927 0.0250140064 -2.90231482e-08 4.96101036e-08 1
LGIC_C 269 -0.0573398991 0.662634778 0.0250140158 -6.33661298e-09 -4.96100859e-08 1
LGIC_C 270 -0.0870815846 -0.0942501605 0.0250139904 7.55636799e-08 6.2887973e-09 1
LGIC_C 271 -0.49186823 -0.412680316 0.0250140115 3.68002489e-08 2.45891179e-08 1
LGIC_C 272 -0.413751398 0.293655545 0.0250140071 -4.82586679e-08 1.31306769e-08 -1
LGIC_C 273 0.736593593 -0.175972239 0.0250140196 -4.34088182e-08 2.48392526e-08 1
LGIC_C 274 -0.365771503 0.379328312 0.0250140062 2.45891128e-08 -3.68002333e-08 1
LGIC_C 275 0.0396717704 -0.565968961 0.0250140111 6.33663526e-09 4.9610097e-08 1
LGIC_C 276 -0.158454344 -0.511671203 0.025014004 -2.90231482e-08 4.96101036e-08 1
LGIC_C 277 0.651570011 -0.0925130106 0.0250140185 -4.96100802e-08 3.14742968e-08 1
LGIC_C 278 0.293011401 0.243524024 0.025014 -3.68002282e-08 -2.45891172e-08 1
LGIC_C 279 0.0518483667 -0.0945073157 0.025013988 -2.45891087e-08 3.68002429e-08 1
LGIC_C 280 -0.300401819 -0.142423014 0.0250139955 1.45571809e-08 5.5602105e-08 1
LGIC_C 281 0.343597259 0.584842428 0.0250140195 -4.80634192e-08 -3.37890445e-08 1
LGIC_C 282 -0.250369139 -0.433612672 0.0250140064 3.95603082e-08 3.05989652e-08 1
LGIC_C 283 -0.244646384 -0.486595497 0.0250140048 7.55636799e-08 6.2887973e-09 1
LGIC_C 284 0.214004808 -0.795961207 0.0250140196 -8.63454093e-09 4.34088369e-08 1
LGIC_C 285 -0.269049513 0.503426267 0.0250140168 3.27854968e-08 -4.90669676e-08 1
LGIC_C 286 -0.506008551 0.0132754696 0.025014008 4.96100851e-08 2.90231542e-08 1
LGIC_C 287 -0.0791528534 -0.144780608 0.0250139905 2.45891453e-08 3.68002268e-08 1
LGIC_C 288 0.0257245466 -0.320772708 0.025013999 6.33663526e-09 4.9610097e-08 1
LGIC_C 289 0.0374809421 0.0218311192 0.0250139852 -3.68002282e-08 -2.45891172e-08 1
LGIC_C 290 -0.352449657 -0.510070875 0.0250140146 2.81018674e-08 4.20574117e-08 1
LGIC_C 291 -0.488935702 0.464475272 0.0250140127 3.68002297e-08 -2.45891157e-08 1
LGIC_C 292 0.444644663 0.458909784 0.025014015 -2.81018716e-08 -4.20573923e-08 1
LGIC_C 293 -0.651844306 -0.0484758126 0.0250140142 -4.96100919e-08 2.90231703e-08 -1
LGIC_C 294 0.0739452412 -0.205808152 0.025013996 -1.15127059e-08 5.78784511e-08 1
LGIC_C 295 -0.164632731 0.135694255 0.0250139946 6.28881943e-09 -7.55636452e-08 1
LGIC_C 296 0.513765108 0.285970781 0.0250140129 -4.20574004e-08 -2.81018564e-08 1
LGIC_C 297 0.0187035124 0.369844168 0.0250139995 -8.63455884e-09 -4.34088253e-08 1
LGIC_C 298 0.0653169949 -0.502960764 0.0250140088 -9.86804037e-09 4.96101e-08 1
LGIC_C 299 -0.115481082 -0.286236893 0.0250139986 9.8680833e-09 4.96100963e-08 1
LGIC_C 300 0.422378607 -0.0532303602 0.0250140029 -4.34088182e-08 2.48392526e-08 1
LGIC_C 301 0.112691998 0.362026864 0.0250139999 -8.63455884e-09 -4.34088253e-08 1
LGIC_C 302 0.397520647 0.32102297 0.025014009 -4.20574004e-08 -2.81018564e-08 1
LGIC_C 303 -0.0522088692 0.363396214 0.0250140018 9.86805557e-09 -4.96100883e-08 1
LGIC_C 304 -0.129750711 0.390107158 0.0250140018 -6.33661298e-09 -4.96100859e-08 1
LGIC_C 305 -0.436751879 0.236227009 0.0250140052 3.68002297e-08 -2.45891157e-08 1
LGIC_C 306 0.158936806 0.0959159632 0.0250139932 3.37890593e-08 4.80634111e-08 -1
LGIC_C 307 -0.411445399 0.280284913 0.0250140068 -4.82586679e-08 1.31306769e-08 -1
LGIC_C 308 0.636050523 -0.254718722 0.025014013 -4.34088226e-08 8.63456802e-09 1
LGIC_C 309 0.12796111 0.118063614 0.0250139909 -3.68002282e-08 -2.45891172e-08 1
LGIC_C 310 0.105348034 0.79672044 0.0250140188 -8.63455884e-09 -4.34088253e-08 1
LGIC_C 311 0.577934902 0.597120259 0.0250140194 -2.45891309e-08 -3.68002211e-08 1
LGIC_C 312 0.31260629 0.217362215 0.0250140025 -4.20574004e-08 -2.81018564e-08 1
LGIC_C 313 0.686937599 0.36374083 0.0250140175 -3.68002282e-08 -2.45891172e-08 1
LGIC_C 314 -0.252722394 0.497263647 0.0250140078 2.45891128e-08 -3.68002333e-08 1
LGIC_C 315 -0.100316652 0.0121243211 0.0250139884 4.96100897e-08 -9.86805572e-09 1
LGIC_C 316 -0.210965678 -0.21698442 0.0250139983 2.81018674e-08 4.20574117e-08 1
LGIC_C 317 -0.407789262 -0.200575875 0.0250140032 3.68002489e-08 2.45891179e-08 1
LGIC_C 318 -0.215106518 -0.336810356 0.0250140001 -5.56021111e-08 -1.45571543e-08 -1
LGIC_C 319 -0.506477353 -0.0660803419 0.0250140035 -4.34088282e-08 2.70157287e-08 -1
LGIC_C 320 0.421739201 0.562484466 0.0250140188 -2.81018716e-08 -4.20573923e-08 1
LGIC_C 321 0.601052857 -0.277026013 0.0250140168 -3.37890406e-08 4.80634332e-08 1
LGIC_C 322 0.531312721 0.21313879 0.0250140164 -5.78784335e-08 -1.15127284e-08 1
LGIC_C 323 -0.312659636 -0.659988938 0.0250140198 2.81018674e-08 4.20574117e-08 1
LGIC_C 324 0.0373375245 0.682550029 0.0250140169 -6.33660387e-09 4.96100877e-08 -1
LGIC_C 325 0.471372133 0.645628777 0.0250140186 -2.45891309e-08 -3.68002211e-08 1
LGIC_C 326 0.189762571 0.657805741 0.0250140147 -6.33660387e-09 4.96100877e-08 -1
LGIC_C 327 -0.305559848 -0.0251621193 0.0250139977 -4.96100919e-08 2.90231703e-08 -1
LGIC_C 328 -0.400825546 0.0030093341 0.0250140007 4.34088279e-08 -2.48392273e-08 1
LGIC_C 329 0.59595548 -0.208123055 0.0250140148 -4.96100859e-08 9.86807898e-09 1
LGIC_C 330 0.375753611 -0.0745845212 0.0250140042 -4.96100802e-08 3.14742968e-08 1
LGIC_C 331 0.227332443 -0.0775819111 0.025013995 -4.34088182e-08 2.48392526e-08 1
LGIC_C 332 -0.0340701152 -0.344315975 0.0250140007 9.8680833e-09 4.96100963e-08 1
LGIC_C 333 0.438094065 0.176307852 0.0250140038 -4.34088272e-08 -8.63453573e-09 1
LGIC_C 334 0.244627336 0.809432461 0.0235009564 0.194186548 0.976240951 0.0961519121
LGIC_C 335 0.16149763 0.596520905 0.0250140118 -6.33660387e-09 4.96100877e-08 -1
LGIC_C 336 -0.739788272 1.06793087e-05 0.0250140154 4.34088279e-08 -2.48392273e-08 1
LGIC_C 337 -0.0691936232 -0.0144701237 0.0250139863 -4.96100919e-08 2.90231703e-08 -1
LGIC_C 338 -0.159692718 0.326870912 0.0250139992 2.45891128e-08 -3.68002333e-08 1
LGIC_C 339 0.181077068 -0.201040371 0.0250139953 -1.31306721e-08 4.82586744e-08 1
LGIC_C 340 -0.328406369 0.599929292 0.0250140177 2.8101852e-08 -4.20574041e-08 1
LGIC_C 341 -0.0609028593 -0.72211872 0.0250140151 8.63456455e-09 4.34088336e-08 1
LGIC_C 342 -0.854806731 -0.00413332546 0.0250140203 -4.34088282e-08 2.70157287e-08 -1
LGIC_C 343 0.245889779 0.460246745 0.0250140087 1.3130701e-08 4.82586573e-08 -1
LGIC_C 344 -0.122285978 0.0243737082 0.0250139891 5.7878425e-08 4.89846948e-08 1
LGIC_C 345 -0.121914847 -0.134320321 0.0250139933 7.55636799e-08 6.2887973e-09 1
LGIC_C 346 0.330107383 0.313385539 0.0250140031 -3.68002282e-08 -2.45891172e-08 1
LGIC_C 347 0.480712351 -0.187663327 0.0250140089 -4.96100859e-08 9.86807898e-09 1
LGIC_C 348 -0.135844475 -0.615653413 0.0250140151 9.8680833e-09 4.96100963e-08 1
LGIC_C 349 -0.188051965 -0.528240192 0.025014004 -2.90231482e-08 4.96101036e-08 1
LGIC_C 350 -0.237598284 0.335799482 0.0250140015 2.45891128e-08 -3.68002333e-08 1
LGIC_C 351 -0.117221738 0.0822749782 0.0250139912 3.37890593e-08 -4.80634052e-08 1
LGIC_C 352 -0.182806277 -0.327232279 0.0250140005 3.95603082e-08 3.05989652e-08 1
LGIC_C 353 -0.330107258 0.160813906 0.0250140017 4.20574045e-08 -2.81018523e-08 1
LGIC_C 354 0.133538702 0.21928808 0.0250139962 -2.81018716e-08 -4.20573923e-08 1
LGIC_C 355 0.105196054 -0.551734462 0.0250140141 1.00935263e-08 5.7878447e-08 1
LGIC_C 356 0.12201883 0.705965985 0.025014015 -8.63455884e-09 -4.34088253e-08 1
LGIC_C 357 0.758794988 0.13604699 0.02501402 -4.96100869e-08 6.3366408e-09 1
LGIC_C 358 0.0602851511 -0.018908831 0.0250139864 -4.96100859e-08 9.86807898e-09 1
LGIC_C 359 -0.258745987 0.202553484 0.0250140002 6.28881943e-09 -7.55636452e-08 1
LGIC_C 360 -0.485206162 0.431062655 0.0250140117 3.68002297e-08 -2.45891157e-08 1
LGIC_C 361 0.591947968 -0.161961908 0.0250140142 -4.96100859e-08 9.86807898e-09 1
LGIC_C 362 -0.425329478 -0.0904657843 0.0250140018 -4.96100919e-08 2.90231703e-08 -1
LGIC_C 363 -0.360624975 0.46382101 0.0250140104 1.31306824e-08 -4.82586643e-08 1
LGIC_C 364 0.0742148387 0.150051977 0.025013993 -3.27855134e-08 -4.90669575e-08 1
LGIC_C 365 0.596160675 -0.323729477 0.0250140174 -4.20573976e-08 2.81018683e-08 1
LGIC_C 366 -0.318059751 -0.702200422 0.0250140173 3.95603082e-08 3.05989652e-08 1
LGIC_C 367 0.410955348 -0.162708887 0.0250140051 -4.34088182e-08 2.48392526e-08 1
LGIC_C 368 -0.108633185 -0.286100922 0.0250139984 2.48392553e-08 4.34088306e-08 1
LGIC_C 369 -0.104628457 -0.604839091 0.0250140102 -2.90231482e-08 4.96101036e-08 1
LGIC_C 370 -0.396398794 -0.559376751 0.0250140136 2.45891453e-08 3.68002268e-08 1
LGIC_C 371 0.208123655 0.0827643627 0.025013993 -4.34088272e-08 -8.63453573e-09 1
LGIC_C 372 -0.090522883 0.453404411 0.0250140037 8.63455111e-09 -4.34088279e-08 1
LGIC_C 373 -0.580350459 0.549460906 0.0250140181 3.68002297e-08 -2.45891157e-08 1
LGIC_C 374 0.076015597 -0.196562795 0.0250139925 6.33663526e-09 4.9610097e-08 1
LGIC_C 375 0.159866589 -0.629299118 0.025014018 1.00935263e-08 5.7878447e-08 1
LGIC_C 376 0.410077611 0.395652632 0.0250140116 -4.20574004e-08 -2.81018564e-08 1
LGIC_C 377 0.316416048 0.147971823 0.0250139985 -3.68002282e-08 -2.45891172e-08 1
LGIC_C 378 -0.63822637 0.0949813349 0.0250140122 4.96100851e-08 2.90231542e-08 1
LGIC_C 379 -0.017157049 -0.492884902 0.0250140079 9.8680833e-09 4.96100963e-08 1
LGIC_C 380 0.0825718036 0.636998636 0.0250140157 -9.86806672e-09 -4.96100854e-08 1
LGIC_C 381 0.00114812941 0.628659877 0.0250140145 -9.86806672e-09 -4.96100854e-08 1
LGIC_C 382 0.583874005 -0.276418549 0.0250140162 -3.37890406e-08 4.80634332e-08 1
LGIC_C 383 0.345554254 -0.495521754 0.0250140189 -3.27854948e-08 4.90669785e-08 1
LGIC_C 384 -0.44871698 -0.388658503 0.0250140154 6.28883752e-09 7.55636663e-08 1
LGIC_C 385 0.631880637 0.0554786005 0.0250140204 -5.78784335e-08 -1.15127284e-08 1
LGIC_C 386 0.531799933 -0.482038951 0.0250140147 -3.68002179e-08 2.45891393e-08 1
LGIC_C 387 0.527990103 -0.239245594 0.0250140126 -3.37890406e-08 4.80634332e-08 1
LGIC_C 388 -0.00871985403 0.4697222 0.0250140069 -3.14742797e-08 4.96100914e-08 -1
LGIC_C 389 0.367777797 -0.372946972 0.0250140136 -3.27854948e-08 4.90669785e-08 1
LGIC_C 390 0.540538815 0.0216653615 0.0250140099 -4.96100869e-08 6.3366408e-09 1
LGIC_C 391 -0.221303422 0.0934971557 0.0250139952 3.37890593e-08 -4.80634052e-08 1
LGIC_C 392 -0.206952149 -0.566224265 0.0250140053 -2.90231482e-08 4.96101036e-08 1
LGIC_C 393 -0.00150251758 -0.304306978 0.0250139965 8.63456455e-09 4.34088336e-08 1
LGIC_C 394 0.403310042 0.675192321 0.025014018 -2.45891309e-08 -3.68002211e-08 1
LGIC_C 395 0.35460694 0.450305136 0.0250140096 1.3130701e-08 4.82586573e-08 -1
LGIC_C 396 0.274649747 0.413102381 0.0250140068 1.3130701e-08 4.82586573e-08 -1
LGIC_C 397 -0.659322271 0.231711584 0.0250140139 4.34088259e-08 -8.63455061e-09 1
LGIC_C 398 -0.571757315 0.246508529 0.0250140144 3.37890593e-08 -4.80634052e-08 1
LGIC_C 399 0.606314159 -0.146497823 0.0250140179 -4.96100802e-08 3.14742968e-08 1
