VGCC_O 7 -0.137449801 0.00579357966 0.0466933342 -1.62059625e-06 3.22356338e-07 -1
VGCC_O 1 -0.126159285 0.0151063295 0.0466933189 -1.62059625e-06 3.22356338e-07 -1
VGCC_O 6 -0.12622171 0.0241576588 0.046693322 -1.62059677e-06 3.22356891e-07 -1
CaBS 10 0.0975372134 -0.0324016104 0.0679325267 -0.735818491 -0.677177075 0.00153536998
CaBS 11 0.115681121 -0.0309346655 0.0759456179 0.34654604 -0.867983022 0.355684293
CaBS 13 0.113073438 -0.00447860204 0.0750560838 0.324116486 0.74980293 0.576839726
CaBS 14 0.098525055 -0.0308079149 0.0771389474 -0.321328743 -0.750213836 0.577864204
CaBS 15 0.115023703 -0.0302462285 0.0782661513 0.34654604 -0.867983022 0.355684293
CaBS 16 0.0973205011 -0.00710316374 0.0626249675 -0.346545998 0.867982935 -0.355684546
CaBS 17 0.106609687 -0.00943148674 0.0851259445 0.324116486 0.74980293 0.576839726
CaBS 19 0.122509285 -0.0176807608 0.0770496926 0.999896301 0.01419805 -0.0024089266
CaBS 20 0.122557922 -0.0228185753 0.0669558275 0.999896301 0.01419805 -0.0024089266
CaBS 21 0.0945336608 -0.0141882726 0.0790001403 -0.748611723 0.322508223 0.579283121
CaBS 22 0.122444659 -0.0155380744 0.0628534484 0.999896301 0.01419805 -0.0024089266
CaBS 23 0.0982509534 -0.0267426088 0.0572206065 -0.324116536 -0.749802846 -0.576839807
CaBS 24 0.113918613 -0.00955332577 0.0811775545 0.324116486 0.74980293 0.576839726
Ca 4 -0.13012274 0.414040802 0.10966723 0 0 0
Ca 7 0.151848098 0.467207485 0.651173679 0 0 0
Ca 7 0.0468885444 0.217268553 0.134574614 0 0 0
Ca 1 -0.0839542324 0.164655345 1.34025657 0 0 0
Ca 1 0.134862636 -0.0752764503 0.214900214 0 0 0
Ca 7 0.013220535 0.495911654 0.678905337 0 0 0
Ca 6 0.0947730906 0.420249335 0.110654677 0 0 0
Ca 6 -0.0616901868 -0.222860449 0.172419593 0 0 0
Ca 4 0.375669666 -0.104219578 0.400825888 0 0 0
Ca 4 -0.0495801085 0.0229991518 0.485901847 0 0 0
Ca 7 -0.403870134 0.0828140878 0.780843373 0 0 0
Ca 8 0.311258949 -0.377340572 0.188692615 0 0 0
Ca 6 -0.325385468 -0.226464059 0.793715504 0 0 0
Ca 7 -0.354379677 0.35002016 0.328313325 0 0 0
Ca 1 -0.161379113 -0.438722891 0.539247617 0 0 0
Ca 8 0.0803986733 -0.0174949602 0.31107844 0 0 0
Ca 7 -0.467618535 -0.00642980345 0.598041791 0 0 0
Ca 1 0.137201096 -0.355129644 0.308761557 0 0 0
Ca 7 -0.307132095 0.372774263 0.54134791 0 0 0
Ca 1 -0.471780621 0.17026392 0.5341119 0 0 0
Ca 6 -0.00020067115 0.376017179 0.532283657 0 0 0
Ca 8 0.0999592896 -0.563642967 0.59426469 0 0 0
Ca 1 0.616650337 0.400787712 0.309808642 0 0 0
Ca 7 -0.148977814 -0.0218155886 0.222152346 0 0 0
Ca 8 -0.296293557 0.233867834 0.252946639 0 0 0
Ca 7 -0.437592393 0.473567417 0.167341567 0 0 0
Ca 7 -0.0282072331 0.205406643 0.561929588 0 0 0
Ca 8 -0.13745149 -0.114705216 0.546239426 0 0 0
Ca 6 0.0978951139 0.202104972 0.711729215 0 0 0
Ca 8 -0.216194944 -0.40421547 0.395822968 0 0 0
Ca 6 0.0711145868 0.368805882 0.164763479 0 0 0
Ca 8 0.106660366 -0.110288883 0.56145816 0 0 0
Ca 8 -0.398149692 0.370223216 0.486997451 0 0 0
Ca 7 -0.116273081 0.23676916 0.442847353 0 0 0
Ca 8 -0.434311523 -0.139034691 0.50446427 0 0 0
Ca 1 0.465931404 -0.308696093 0.702650136 0 0 0
Ca 8 0.322222121 -0.125909225 0.355495403 0 0 0
Ca 1 0.0263682258 -0.274462408 0.764197299 0 0 0
Ca 4 -0.436523252 0.0909966927 0.177652165 0 0 0
Ca 8 -0.597552858 0.347155188 0.577739367 0 0 0
Ca 4 -0.152375728 -0.388648178 0.425617864 0 0 0
Ca 3 0.0137287349 0.0977798657 0.357839068 0 0 0
Ca 4 0.106797448 0.439534083 0.401779087 0 0 0
Ca 7 0.300690741 0.537128959 0.384324352 0 0 0
Ca 7 -0.0379456425 -0.391238468 0.629148238 0 0 0
Ca 7 0.228273186 0.0797902346 0.126355817 0 0 0
Ca 1 0.0793485006 0.609240902 0.0884215831 0 0 0
Ca 6 -0.64412062 0.139157387 0.515320181 0 0 0
Ca 1 0.126985888 -0.346578224 0.303975769 0 0 0
Ca 1 -0.113413888 -0.342191434 0.247480561 0 0 0
Ca 6 -0.352847181 0.0128779002 0.753596087 0 0 0
Ca 4 -0.346239409 0.333343537 0.0890134772 0 0 0
Ca 1 0.439877757 0.0985085295 0.133556484 0 0 0
Ca 7 0.00996530886 0.0843075122 0.433846451 0 0 0
Ca 6 -0.322772813 -0.100997807 0.299554465 0 0 0
Ca 7 -0.393498576 0.4063883 0.514102725 0 0 0
Ca 4 -0.399878991 0.261547089 0.335490462 0 0 0
Ca 8 -0.234183959 -0.342612567 0.0804545113 0 0 0
Ca 1 0.021403655 -0.0644111088 0.436808942 0 0 0
Ca 7 -0.181411233 0.376706387 0.348583058 0 0 0
Ca 6 -0.303642168 0.0124368912 0.24481646 0 0 0
Ca 1 0.351202358 -0.233633233 0.193520924 0 0 0
Ca 1 0.0176015898 0.102434642 0.112963766 0 0 0
Ca 1 -0.0415677874 -0.257248324 0.29563862 0 0 0
Ca 7 -0.273634998 -0.0810465175 0.271091587 0 0 0
Ca 7 -0.160333927 0.0404687033 0.277817099 0 0 0
Ca 8 -0.241861602 -0.0195775369 0.157214595 0 0 0
Ca 7 -0.0386534305 -0.151470391 0.172997173 0 0 0
Ca 6 -0.506991399 0.102418868 0.199457809 0 0 0
Ca 1 -0.285331785 -0.0808784515 0.20467509 0 0 0
Ca 6 -0.16670029 0.0494805434 0.182065539 0 0 0
Ca 6 -0.283032307 0.0976514991 0.250002505 0 0 0
Ca 8 -0.147059843 0.0930667695 0.161649064 0 0 0
Ca 7 -0.11713166 -0.0285338865 0.225964436 0 0 0
Ca 4 -0.0580023162 0.104921152 0.0797909966 0 0 0
Ca 4 -0.125698336 0.157924011 0.183959619 0 0 0
Ca 4 -0.174170234 -0.0595460919 0.191530592 0 0 0
Ca 1 -0.32145976 0.168391999 0.0650825422 0 0 0
Ca 6 -0.32896467 0.247161981 0.0467426155 0 0 0
Ca 6 -0.270784458 0.0554236047 0.075368995 0 0 0
Ca 6 -0.181260978 0.0484603227 0.0571996443 0 0 0
Ca 1 -0.0781552621 0.125003167 0.102738969 0 0 0
Ca 1 -0.179519604 -0.0221653182 0.0639870755 0 0 0
Ca 6 -0.11009485 0.0738948199 0.122898571 0 0 0
Ca 8 -0.139381054 0.010926102 0.0466874839 0 0 0
VGCC_O 3 0.0772568984 -0.00428239309 0.046693036 -1.41802159e-06 2.82063681e-07 -1
VGCC_O 8 -0.134706799 0.0161271258 0.0466933331 -1.62059677e-06 3.22356891e-07 -1
VGCC_O 4 -0.108229728 0.00324736392 0.0466932869 -8.10297798e-07 1.61178104e-07 -1
VGCC_O 2 0.119933892 -0.04777957 0.0466929781 -1.41802115e-06 2.82063236e-07 -1
VGCC_O 5 0.113746944 -0.0200409323 0.0466929896 -1.01287282e-06 -1.51427976e-07 -1
VGCC_O 0 0.11238887 -0.0311459409 0.0466929927 -1.01287282e-06 -1.51427976e-07 -1
VGCC_O 9 0.0953603447 -0.018533153 0.0466930096 -1.14792244e-06 -1.24564753e-07 -1
TAG 41 -0.105784995 0.0105052503 0.0536665039 -0.333750681 -0.131703993 -0.933415524
TAG 73 0.105323475 -0.00357186878 0.063445091 -0.346545998 0.867982935 -0.355684546
TAG 71 -0.096079873 0.00270213046 0.0564810255 0.74861179 -0.322508554 -0.579282851
TAG 70 -0.118208439 0.00383577013 0.0653592954 -0.735818461 -0.677177107 0.0015353549
TAG 69 -0.119239302 0.00795267007 0.0681959954 -0.999896295 -0.0141984574 0.00240892698
TAG 67 -0.115078276 0.000454692191 0.0742448755 -0.735818461 -0.677177107 0.0015353549
TAG 65 0.119072188 -0.020557456 0.0800936336 0.751399702 -0.322919474 0.575431578
TAG 63 -0.104896891 0.0149528875 0.0527352849 0.329239713 0.132369034 -0.93492227
TAG 62 -0.0995730683 0.0302300905 0.0690462359 0.3213287 0.750213891 -0.577864158
TAG 59 -0.100018848 -0.00188752594 0.0603333581 0.344822933 -0.867729023 -0.35797135
TAG 55 -0.119337383 0.0151637023 0.0699872324 -0.999896295 -0.0141984574 0.00240892698
TAG 54 -0.104785227 0.0261860029 0.076486355 -0.344822968 0.867728888 0.357971643
TAG 53 -0.089146311 -0.000197085518 0.0670554248 0.74861179 -0.322508554 -0.579282851
TAG 52 -0.119278263 0.0119799944 0.0757618237 -0.999896295 -0.0141984574 0.00240892698
TAG 51 -0.102448777 0.00747370566 0.0865367572 -0.329239868 -0.132369105 0.934922205
TAG 45 -0.113699624 0.0170707545 0.0588716642 -0.751399624 0.322919173 -0.575431849
TAG 44 -0.11923843 0.00668793202 0.0611035411 -0.999896295 -0.0141984574 0.00240892698
LGIC_C 0 0.501218617 0.230181482 0.0250140108 -4.20574004e-08 -2.81018564e-08 1
LGIC_C 1 -0.32076896 0.0442725121 0.0250139976 4.34088259e-08 -8.63455061e-09 1
LGIC_C 2 -0.508394847 0.100106134 0.0250140095 4.96100897e-08 -9.86805572e-09 1
LGIC_C 3 0.259435053 -0.626760025 0.0250140169 -9.86804037e-09 4.96101e-08 1
LGIC_C 4 -0.370723019 -0.233432833 0.0250140032 6.28883752e-09 7.55636663e-08 1
LGIC_C 5 0.000425854454 -0.541024795 0.0250140145 1.00935263e-08 5.7878447e-08 1
LGIC_C 6 -0.34815816 0.454130369 0.0250140138 1.28239438e-08 -5.73353116e-08 1
LGIC_C 7 -0.695492709 0.43142716 0.0250140195 3.68002297e-08 -2.45891157e-08 1
LGIC_C 8 -0.226657534 0.28642844 0.0250139994 2.45891128e-08 -3.68002333e-08 1
LGIC_C 9 -0.473153539 -0.286599377 0.0250140079 6.28883752e-09 7.55636663e-08 1
LGIC_C 10 -0.389582964 -0.626694223 0.0250140178 3.95603082e-08 3.05989652e-08 1
LGIC_C 11 0.191496612 0.578355634 0.0250140107 -6.33660387e-09 4.96100877e-08 -1
LGIC_C 12 0.349572446 0.169109695 0.0250140059 -4.90669739e-08 -3.27854893e-08 1
LGIC_C 13 0.712845699 -0.111633998 0.0250140197 -4.96100859e-08 9.86807898e-09 1
LGIC_C 14 0.658238072 0.227818303 0.0250140144 -4.96100869e-08 6.3366408e-09 1
LGIC_C 15 -0.445521817 -0.329288599 0.025014007 5.39043203e-09 6.47688584e-08 1
LGIC_C 16 0.652950612 -0.116997365 0.0250140168 -4.96100859e-08 9.86807898e-09 1
LGIC_C 17 -0.539011776 0.334624603 0.0250140137 -4.82586679e-08 1.31306769e-08 -1
LGIC_C 18 0.2694017 -0.424201348 0.0250140086 -2.81018481e-08 4.20574137e-08 1
LGIC_C 19 -0.324945381 0.271605663 0.0250140073 3.37890593e-08 -4.80634052e-08 1
LGIC_C 20 0.151548204 -0.34473632 0.025014002 -2.81018481e-08 4.20574137e-08 1
LGIC_C 21 -0.0132255626 -0.15826193 0.0250139907 -2.90231482e-08 4.96101036e-08 1
LGIC_C 22 0.158826517 0.628270892 0.025014016 -9.86806672e-09 -4.96100854e-08 1
LGIC_C 23 -0.470554179 0.384680387 0.02501401 3.68002297e-08 -2.45891157e-08 1
LGIC_C 24 0.118788116 0.475519393 0.025014008 -9.86806672e-09 -4.96100854e-08 1
LGIC_C 25 0.417089565 0.0199630065 0.0250140015 -4.34088272e-08 -8.63453573e-09 1
LGIC_C 26 -0.0599359392 0.273161736 0.0250139998 1.15127271e-08 -5.78784352e-08 1
LGIC_C 27 -0.26294522 0.487006504 0.0250140158 3.27854968e-08 -4.90669676e-08 1
LGIC_C 28 0.674584014 0.068895269 0.0250140131 -4.34088272e-08 -8.63453573e-09 1
LGIC_C 29 -0.597922794 -0.115254955 0.0250140122 5.7878436e-08 -4.89847332e-08 1
LGIC_C 30 0.625482222 0.055396836 0.0250140139 -4.96100869e-08 6.3366408e-09 1
LGIC_C 31 -0.38466029 -0.46669081 0.0250140128 3.95603082e-08 3.05989652e-08 1
LGIC_C 32 0.0421047034 0.0839837932 0.0250139879 1.3130701e-08 4.82586573e-08 -1
LGIC_C 33 -0.0271248173 0.612133172 0.0250140101 8.63455111e-09 -4.34088279e-08 1
LGIC_C 34 0.207841929 -0.458164934 0.0250140125 -3.27854948e-08 4.90669785e-08 1
LGIC_C 35 -0.188692679 -0.530559959 0.0250140041 -2.90231482e-08 4.96101036e-08 1
LGIC_C 36 0.537489131 -0.587990238 0.0250140181 -2.45891087e-08 3.68002429e-08 1
LGIC_C 37 0.132503842 0.750385046 0.025014017 -8.63455884e-09 -4.34088253e-08 1
LGIC_C 38 0.730221453 -0.318990125 0.0250140182 -3.05989503e-08 3.95603122e-08 1
LGIC_C 39 0.699849568 0.314876529 0.0250140167 -3.68002282e-08 -2.45891172e-08 1
LGIC_C 40 -0.742051186 0.01188241 0.0250140158 4.34088279e-08 -2.48392273e-08 1
LGIC_C 41 -0.528412875 0.61552828 0.0250140189 2.45891128e-08 -3.68002333e-08 1
LGIC_C 42 -0.263050143 -0.648728564 0.0250140137 8.63456455e-09 4.34088336e-08 1
LGIC_C 43 -0.57456082 -0.546222295 0.0250140171 1.15916899e-08 4.97976879e-08 1
LGIC_C 44 0.278364376 0.545406418 0.0250140132 1.3130701e-08 4.82586573e-08 -1
LGIC_C 45 0.0134781737 -0.220890083 0.0250139941 6.33663526e-09 4.9610097e-08 1
LGIC_C 46 -0.21319274 -0.18246554 0.0250139962 5.39043203e-09 6.47688584e-08 1
LGIC_C 47 0.488114298 -0.179773715 0.0250140135 -5.78784275e-08 1.15127558e-08 1
LGIC_C 48 -0.0410710777 -0.431521188 0.0250140023 8.63456455e-09 4.34088336e-08 1
LGIC_C 49 -0.526704283 -0.213964363 0.025014008 4.34088238e-08 8.63459484e-09 1
LGIC_C 50 0.275138888 -0.316603583 0.0250140078 -3.27854948e-08 4.90669785e-08 1
LGIC_C 51 -0.600291453 -0.0111557054 0.025014009 -4.34088282e-08 2.70157287e-08 -1
LGIC_C 52 0.647472065 -0.189940108 0.0250140161 -4.34088182e-08 2.48392526e-08 1
LGIC_C 53 0.349926109 -0.113494049 0.0250140012 -4.34088182e-08 2.48392526e-08 1
LGIC_C 54 -0.0414286473 -0.212899513 0.0250139935 -4.89847109e-08 5.78784581e-08 1
LGIC_C 55 0.426343823 0.515688535 0.0250140127 -2.45891309e-08 -3.68002211e-08 1
LGIC_C 56 -0.144053917 -0.236832179 0.0250139947 -5.56021111e-08 -1.45571543e-08 -1
LGIC_C 57 -0.0592273663 0.435849783 0.0250140068 -3.14742797e-08 4.96100914e-08 -1
LGIC_C 58 0.430474642 -0.0559304911 0.0250140033 -4.34088182e-08 2.48392526e-08 1
LGIC_C 59 -0.406097339 -0.208272216 0.0250140007 1.45571809e-08 5.5602105e-08 1
LGIC_C 60 0.106650441 0.488237364 0.0250140108 -3.14742949e-08 -4.96100822e-08 1
LGIC_C 61 -0.394794341 0.370182509 0.0250140103 4.20574045e-08 -2.81018523e-08 1
LGIC_C 62 -0.106672382 0.41540172 0.0250140072 -3.14742797e-08 4.96100914e-08 -1
LGIC_C 63 0.201118909 -0.0214655116 0.0250139934 -4.96100859e-08 9.86807898e-09 1
LGIC_C 64 -0.257546582 0.0745364098 0.0250139945 5.7878425e-08 4.89846948e-08 1
LGIC_C 65 0.0403409781 0.322358253 0.0250139997 -9.86806672e-09 -4.96100854e-08 1
LGIC_C 66 -0.303134206 -0.279589178 0.0250140007 1.15916899e-08 4.97976879e-08 1
LGIC_C 67 -0.47805561 0.40857078 0.0250140172 6.28881943e-09 -7.55636452e-08 1
LGIC_C 68 -0.594568751 -0.103118229 0.0250140063 -4.34088282e-08 2.70157287e-08 -1
LGIC_C 69 -0.667517122 -0.339623201 0.0250140162 3.68002489e-08 2.45891179e-08 1
LGIC_C 70 -0.0411443351 0.431560312 0.0250140024 8.63455111e-09 -4.34088279e-08 1
LGIC_C 71 0.603121097 0.145591456 0.0250140198 -5.78784335e-08 -1.15127284e-08 1
LGIC_C 72 0.0961867544 0.349016736 0.025014 -6.33660387e-09 4.96100877e-08 -1
LGIC_C 73 -0.023008313 0.0030992909 0.0250139843 4.34088279e-08 -2.48392273e-08 1
LGIC_C 74 0.518797211 0.448690792 0.0250140142 -4.82586616e-08 -1.31306776e-08 1
LGIC_C 75 0.543900902 -0.584184554 0.0250140181 -2.45891087e-08 3.68002429e-08 1
LGIC_C 76 -0.668234633 0.0777012892 0.0250140142 4.96100851e-08 2.90231542e-08 1
LGIC_C 77 0.317365249 -0.224491012 0.0250140018 -3.05989503e-08 3.95603122e-08 1
LGIC_C 78 0.241957869 0.386115633 0.0250140101 -3.27855134e-08 -4.90669575e-08 1
LGIC_C 79 -0.595539156 -0.259705131 0.0250140031 1.15916899e-08 4.97976879e-08 1
LGIC_C 80 0.692766725 -0.0401986629 0.0250140137 -4.34088226e-08 8.63456802e-09 1
LGIC_C 81 0.0840647197 0.659915917 0.0250140155 -6.33660387e-09 4.96100877e-08 -1
LGIC_C 82 0.49948095 -0.355976608 0.0250140126 -3.05989503e-08 3.95603122e-08 1
LGIC_C 83 -0.371314979 0.247961685 0.0250140044 -4.82586679e-08 1.31306769e-08 -1
LGIC_C 84 0.249454888 0.49058138 0.0250140102 1.3130701e-08 4.82586573e-08 -1
LGIC_C 85 -0.0539946055 0.125931292 0.0250139912 1.28239438e-08 -5.73353116e-08 1
LGIC_C 86 0.533641283 -0.348470917 0.025014018 -3.37890406e-08 4.80634332e-08 1
LGIC_C 87 -0.345580494 -0.24444006 0.0250140019 1.45571809e-08 5.5602105e-08 1
LGIC_C 88 -0.559426184 -0.526338174 0.0250140159 1.15916899e-08 4.97976879e-08 1
LGIC_C 89 0.295304698 -0.513266736 0.0250140119 -1.31306721e-08 4.82586744e-08 1
LGIC_C 90 -0.335880429 -0.309673105 0.0250140053 1.45571809e-08 5.5602105e-08 1
LGIC_C 91 0.123946143 0.76188349 0.0250140174 -8.63455884e-09 -4.34088253e-08 1
LGIC_C 92 0.211149121 -0.654445547 0.0250140144 6.33663526e-09 4.9610097e-08 1
LGIC_C 93 -0.0765750419 0.561569768 0.0250140106 -6.33661298e-09 -4.96100859e-08 1
LGIC_C 94 0.141501886 -0.0285788208 0.0250139911 -4.96100802e-08 3.14742968e-08 1
LGIC_C 95 -0.320360356 -0.374983365 0.0250140065 -5.56021111e-08 -1.45571543e-08 -1
LGIC_C 96 0.34681472 -0.0145276666 0.0250140006 -4.96100859e-08 9.86807898e-09 1
LGIC_C 97 -0.390932135 0.111779939 0.0250139994 4.96100851e-08 2.90231542e-08 1
LGIC_C 98 -0.341049438 -0.51780733 0.0250140126 3.95603082e-08 3.05989652e-08 1
LGIC_C 99 0.239795477 -0.0565958419 0.0250139969 -4.96100802e-08 3.14742968e-08 1
LGIC_C 100 -0.346141775 -0.511451615 0.0250140106 2.45891453e-08 3.68002268e-08 1
LGIC_C 101 -0.359401577 0.015036438 0.0250140012 4.96100897e-08 -9.86805572e-09 1
LGIC_C 102 -0.337397054 0.454375181 0.0250140137 1.28239438e-08 -5.73353116e-08 1
LGIC_C 103 -0.412672202 -0.0391465277 0.0250140015 4.34088238e-08 8.63459484e-09 1
LGIC_C 104 0.571606646 -0.251805336 0.0250140195 -4.90669481e-08 3.27855328e-08 1
LGIC_C 105 -0.339103435 0.119324044 0.025014001 4.34088279e-08 -2.48392273e-08 1
LGIC_C 106 -0.270052627 0.722741425 0.025014017 8.63455111e-09 -4.34088279e-08 1
LGIC_C 107 -0.706403038 -0.271143777 0.0250140163 4.34088238e-08 8.63459484e-09 1
LGIC_C 108 -0.0310617367 -0.516778207 0.0250140064 2.48392553e-08 4.34088306e-08 1
LGIC_C 109 0.18660061 0.120245426 0.0250139938 -4.82586616e-08 -1.31306776e-08 1
LGIC_C 110 -0.151656026 -0.711327966 0.0250140154 8.63456455e-09 4.34088336e-08 1
LGIC_C 111 -0.536039895 -0.191766135 0.0250140043 -4.96100919e-08 2.90231703e-08 -1
LGIC_C 112 0.716220592 -0.0146160514 0.0250140192 -4.96100802e-08 3.14742968e-08 1
LGIC_C 113 -0.0192032665 -0.68019824 0.0250140132 2.48392553e-08 4.34088306e-08 1
LGIC_C 114 -0.353017019 0.411609741 0.0250140114 1.28239438e-08 -5.73353116e-08 1
LGIC_C 115 0.514196556 -0.42677448 0.0250140158 -3.05989503e-08 3.95603122e-08 1
LGIC_C 116 0.180237622 -0.46064069 0.0250140081 1.00935263e-08 5.7878447e-08 1
LGIC_C 117 -0.179604805 -0.0286673569 0.0250139914 -4.96100919e-08 2.90231703e-08 -1
LGIC_C 118 -0.320254323 -0.332020373 0.0250140061 3.95603082e-08 3.05989652e-08 1
LGIC_C 119 0.0891402443 0.421062244 0.025014005 -9.86806672e-09 -4.96100854e-08 1
LGIC_C 120 0.0267178186 0.506705132 0.0250140087 -9.86806672e-09 -4.96100854e-08 1
LGIC_C 121 -0.444494511 -0.413311401 0.025014009 1.15916899e-08 4.97976879e-08 1
LGIC_C 122 0.599517182 -0.328936103 0.0250140134 -3.68002179e-08 2.45891393e-08 1
LGIC_C 123 0.340590484 -0.338959765 0.025014011 -4.90669481e-08 3.27855328e-08 1
LGIC_C 124 0.500165107 -0.428239731 0.0250140122 -3.68002179e-08 2.45891393e-08 1
LGIC_C 125 0.104873909 -0.1648735 0.0250139926 -1.31306721e-08 4.82586744e-08 1
LGIC_C 126 0.649204299 -0.360878929 0.0250140174 -3.05989503e-08 3.95603122e-08 1
LGIC_C 127 0.283759564 -0.277974389 0.0250140029 -3.05989503e-08 3.95603122e-08 1
LGIC_C 128 0.266983131 -0.36304248 0.0250140032 -2.45891087e-08 3.68002429e-08 1
LGIC_C 129 0.381603617 -0.101292828 0.0250140007 -4.34088226e-08 8.63456802e-09 1
LGIC_C 130 -0.673743543 0.181355105 0.0250140141 4.34088259e-08 -8.63455061e-09 1
LGIC_C 131 0.377675045 0.307246463 0.0250140055 -4.82586616e-08 -1.31306776e-08 1
LGIC_C 132 -0.244381228 0.0529711474 0.0250139948 5.7878425e-08 4.89846948e-08 1
LGIC_C 133 -0.566974952 -0.0584632425 0.0250140084 4.34088238e-08 8.63459484e-09 1
LGIC_C 134 0.323491751 -0.653883392 0.0250140152 -2.45891087e-08 3.68002429e-08 1
LGIC_C 135 -0.339661619 -0.266630829 0.0250140055 6.28883752e-09 7.55636663e-08 1
LGIC_C 136 0.426022667 -0.268751279 0.0250140055 -3.68002179e-08 2.45891393e-08 1
LGIC_C 137 0.368083134 -0.29296823 0.0250140061 -3.05989503e-08 3.95603122e-08 1
LGIC_C 138 -0.679989557 -0.201069035 0.0250140086 4.96100935e-08 -4.19869172e-08 1
LGIC_C 139 0.150181863 -0.00161760825 0.0250139907 -4.96100802e-08 3.14742968e-08 1
LGIC_C 140 0.426477937 0.541534303 0.0250140137 -2.45891309e-08 -3.68002211e-08 1
LGIC_C 141 0.525731367 0.0309137866 0.0250140063 -4.34088272e-08 -8.63453573e-09 1
LGIC_C 142 -0.4760494 -0.544331751 0.0250140187 3.95603082e-08 3.05989652e-08 1
LGIC_C 143 -0.0807866227 -0.173325214 0.0250139928 2.81018674e-08 4.20574117e-08 1
LGIC_C 144 -0.443038783 -0.486584761 0.0250140157 3.95603082e-08 3.05989652e-08 1
LGIC_C 145 0.180538836 -0.000740656759 0.0250139911 -4.34088182e-08 2.48392526e-08 1
LGIC_C 146 0.0112737926 0.587504795 0.0250140125 -9.86806672e-09 -4.96100854e-08 1
LGIC_C 147 -0.377553215 -0.327160701 0.0250140039 1.15916899e-08 4.97976879e-08 1
LGIC_C 148 0.410267044 -0.107589915 0.0250140082 -5.78784275e-08 1.15127558e-08 1
LGIC_C 149 0.529468189 0.520265295 0.0250140155 -3.68002282e-08 -2.45891172e-08 1
LGIC_C 150 0.422262553 0.167443915 0.0250140031 -4.96100869e-08 6.3366408e-09 1
LGIC_C 151 -0.0997748496 -0.717689154 0.0250140153 8.63456455e-09 4.34088336e-08 1
LGIC_C 152 0.264854988 0.628741007 0.0250140171 -2.81018716e-08 -4.20573923e-08 1
LGIC_C 153 0.158169748 -0.166229998 0.0250139948 -1.28239349e-08 5.73353226e-08 1
LGIC_C 154 0.166489674 0.525201791 0.025014011 -9.86806672e-09 -4.96100854e-08 1
LGIC_C 155 -0.608357936 0.0908384528 0.0250140105 4.34088259e-08 -8.63455061e-09 1
LGIC_C 156 -0.290782342 0.0349992106 0.0250139962 4.34088259e-08 -8.63455061e-09 1
LGIC_C 157 -0.398217134 0.279479724 0.0250140069 6.28881943e-09 -7.55636452e-08 1
LGIC_C 158 0.395437476 0.213154977 0.0250140069 3.37890593e-08 4.80634111e-08 -1
LGIC_C 159 0.754451622 0.23136939 0.025014018 -4.34088272e-08 -8.63453573e-09 1
LGIC_C 160 -0.248803365 -0.102659293 0.0250139913 4.96100935e-08 -4.19869172e-08 1
LGIC_C 161 -0.431123633 0.140574573 0.025014006 4.96100897e-08 -9.86805572e-09 1
LGIC_C 162 0.435965689 -0.0672949878 0.0250140092 -5.78784275e-08 1.15127558e-08 1
LGIC_C 163 0.352026317 -0.216145921 0.0250140041 -4.20573976e-08 2.81018683e-08 1
LGIC_C 164 0.21913805 -0.567894674 0.02501401 6.33663526e-09 4.9610097e-08 1
LGIC_C 165 -0.341217525 0.059767648 0.0250139985 4.96100851e-08 2.90231542e-08 1
LGIC_C 166 -0.17614187 -0.691710494 0.0250140176 2.48392553e-08 4.34088306e-08 1
LGIC_C 167 -0.532912093 0.494576328 0.0250140155 -4.82586679e-08 1.31306769e-08 -1
LGIC_C 168 -0.607703293 -0.215612437 0.0250140115 4.34088238e-08 8.63459484e-09 1
LGIC_C 169 0.671195233 -0.45687124 0.0250140192 -3.68002179e-08 2.45891393e-08 1
LGIC_C 170 0.496318111 -0.358075438 0.0250140172 -3.37890406e-08 4.80634332e-08 1
LGIC_C 171 -0.188639178 0.257251261 0.0250140004 1.28239438e-08 -5.73353116e-08 1
LGIC_C 172 0.377736163 0.15778149 0.0250140036 -4.20574004e-08 -2.81018564e-08 1
LGIC_C 173 0.665438204 0.322350263 0.0250140157 -3.68002282e-08 -2.45891172e-08 1
LGIC_C 174 -0.0383823543 -0.556295811 0.0250140083 2.48392553e-08 4.34088306e-08 1
LGIC_C 175 0.396250144 -0.254464663 0.0250140088 -3.37890406e-08 4.80634332e-08 1
LGIC_C 176 -0.59660791 -0.574041376 0.0250140187 1.15916899e-08 4.97976879e-08 1
LGIC_C 177 0.308706275 0.344394641 0.0250140064 -2.81018716e-08 -4.20573923e-08 1
LGIC_C 178 0.0717184411 -0.609152062 0.025014013 6.33663526e-09 4.9610097e-08 1
LGIC_C 179 -0.25086352 -0.183700198 0.0250139987 6.28883752e-09 7.55636663e-08 1
LGIC_C 180 -0.166761333 0.222181485 0.0250139973 2.8101852e-08 -4.20574041e-08 1
LGIC_C 181 -0.677487115 -0.283995252 0.0250140053 5.39043203e-09 6.47688584e-08 1
LGIC_C 182 0.0848784195 -0.18177017 0.0250139933 -2.81018481e-08 4.20574137e-08 1
LGIC_C 183 0.677542005 0.306517194 0.02501402 -4.82586616e-08 -1.31306776e-08 1
LGIC_C 184 0.747319598 -0.0183037627 0.0250140161 -4.34088182e-08 2.48392526e-08 1
LGIC_C 185 0.383874607 -0.153315884 0.0250140037 -4.34088182e-08 2.48392526e-08 1
LGIC_C 186 -0.646196201 -0.354817018 0.0250140097 5.39043203e-09 6.47688584e-08 1
LGIC_C 187 0.137331038 0.0762582053 0.0250139925 -4.90669739e-08 -3.27854893e-08 1
LGIC_C 188 -0.715544702 0.0892442765 0.0250140151 4.34088259e-08 -8.63455061e-09 1
LGIC_C 189 -0.503500918 0.244878255 0.0250140113 4.20574045e-08 -2.81018523e-08 1
LGIC_C 190 0.378045314 -0.695578313 0.0250140181 -2.45891087e-08 3.68002429e-08 1
LGIC_C 191 -0.446253187 -0.24639956 0.0250140016 5.39043203e-09 6.47688584e-08 1
LGIC_C 192 -0.297147536 0.107822766 0.0250139971 4.34088259e-08 -8.63455061e-09 1
LGIC_C 193 0.274199947 0.0580274917 0.0250139974 -4.96100911e-08 -9.86803575e-09 1
LGIC_C 194 -0.650937181 0.395775655 0.025014017 3.68002297e-08 -2.45891157e-08 1
LGIC_C 195 0.346435684 0.399405366 0.0250140098 -2.81018716e-08 -4.20573923e-08 1
LGIC_C 196 0.743421172 0.387396108 0.0250140201 -3.68002282e-08 -2.45891172e-08 1
LGIC_C 197 -0.217710908 -0.473460994 0.025014006 2.45891453e-08 3.68002268e-08 1
LGIC_C 198 0.531830596 0.0243550285 0.0250140065 -4.34088272e-08 -8.63453573e-09 1
LGIC_C 199 0.609065335 0.249372065 0.0250140119 -4.96100869e-08 6.3366408e-09 1
LGIC_C 200 0.731408643 -0.273216159 0.0250140173 -4.34088226e-08 8.63456802e-09 1
LGIC_C 201 0.236868692 0.105343877 0.0250139962 -4.20574004e-08 -2.81018564e-08 1
LGIC_C 202 -0.0363466603 -0.349954452 0.0250139993 2.48392553e-08 4.34088306e-08 1
LGIC_C 203 -0.183031756 -0.0726324394 0.0250139903 5.7878436e-08 -4.89847332e-08 1
LGIC_C 204 -0.389626144 0.535937715 0.0250140168 2.8101852e-08 -4.20574041e-08 1
LGIC_C 205 -0.0746386332 0.234650053 0.0250139956 9.86805557e-09 -4.96100883e-08 1
LGIC_C 206 0.622948348 -0.373645816 0.0250140153 -3.68002179e-08 2.45891393e-08 1
LGIC_C 207 -0.116684003 -0.4671076 0.0250140045 -4.89847109e-08 5.78784581e-08 1
LGIC_C 208 -0.5000078 0.34774329 0.025014012 -4.82586679e-08 1.31306769e-08 -1
LGIC_C 209 -0.046899816 -0.0218834464 0.0250139905 -1.17760821e-07 -7.86851768e-08 -1
LGIC_C 210 0.0564134073 0.234041747 0.0250139954 -9.86806672e-09 -4.96100854e-08 1
LGIC_C 211 0.586309101 -0.154751777 0.0250140189 -5.78784275e-08 1.15127558e-08 1
LGIC_C 212 -0.322628087 -0.467413474 0.025014008 -5.56021111e-08 -1.45571543e-08 -1
LGIC_C 213 0.407192213 -0.428195086 0.0250140127 -2.81018481e-08 4.20574137e-08 1
LGIC_C 214 0.512782909 -0.0731380289 0.0250140061 -4.34088226e-08 8.63456802e-09 1
LGIC_C 215 -0.449064272 -0.00642651355 0.0250140028 4.34088238e-08 8.63459484e-09 1
LGIC_C 216 0.190938501 -0.142987052 0.0250139947 -3.05989503e-08 3.95603122e-08 1
LGIC_C 217 0.504399188 -0.419644933 0.0250140204 -3.37890406e-08 4.80634332e-08 1
LGIC_C 218 -0.269297884 0.352883554 0.0250140038 1.31306824e-08 -4.82586643e-08 1
LGIC_C 219 -0.230378655 -0.447400306 0.0250140061 3.95603082e-08 3.05989652e-08 1
LGIC_C 220 -0.672957454 -0.351078096 0.0250140167 3.68002489e-08 2.45891179e-08 1
LGIC_C 221 0.708282015 -0.45957009 0.00336329932 0.827616944 -0.552996408 0.0961517878
LGIC_C 222 -0.559066149 -0.186484387 0.0250140056 -4.96100919e-08 2.90231703e-08 -1
LGIC_C 223 0.238953981 0.452950557 0.02501401 -4.80634192e-08 -3.37890445e-08 1
LGIC_C 224 -0.375615601 0.0998640452 0.025013999 4.96100851e-08 2.90231542e-08 1
LGIC_C 225 0.171606903 -0.588116883 0.0250140102 -8.63454093e-09 4.34088369e-08 1
LGIC_C 226 0.367762622 -0.270008276 0.0250140034 -3.68002179e-08 2.45891393e-08 1
LGIC_C 227 -0.115476097 0.462781644 0.0250140044 8.63455111e-09 -4.34088279e-08 1
LGIC_C 228 0.266490111 -0.322097901 0.0250140023 -1.31306721e-08 4.82586744e-08 1
LGIC_C 229 -0.54965942 -0.0765172814 0.0250140078 4.34088238e-08 8.63459484e-09 1
LGIC_C 230 -0.633863753 -0.245998017 0.0250140041 -4.34088282e-08 2.70157287e-08 -1
LGIC_C 231 0.517349091 0.293955247 0.0250140149 3.37890593e-08 4.80634111e-08 -1
LGIC_C 232 -0.2196178 0.743872313 0.0250140175 8.63455111e-09 -4.34088279e-08 1
LGIC_C 233 0.385973426 0.205401978 0.0250140046 -4.82586616e-08 -1.31306776e-08 1
LGIC_C 234 -0.0918713578 -0.456265513 0.0250140038 8.63456455e-09 4.34088336e-08 1
LGIC_C 235 0.271208356 0.444642671 0.0250140096 -2.81018716e-08 -4.20573923e-08 1
LGIC_C 236 0.337909606 0.00175649721 0.025014 -4.96100869e-08 6.3366408e-09 1
LGIC_C 237 0.689594266 -0.0360472846 0.0250140186 -4.96100802e-08 3.14742968e-08 1
LGIC_C 238 -0.181388036 0.0255136905 0.0250139925 5.7878425e-08 4.89846948e-08 1
LGIC_C 239 0.507640234 -0.304457681 0.0250140131 -4.20573976e-08 2.81018683e-08 1
LGIC_C 240 0.135084986 -0.222829587 0.0250139977 -1.28239349e-08 5.73353226e-08 1
LGIC_C 241 -0.120859186 0.284579472 0.0250139986 2.8101852e-08 -4.20574041e-08 1
LGIC_C 242 0.626008813 -0.313856211 0.0250140195 -3.37890406e-08 4.80634332e-08 1
LGIC_C 243 -0.612816383 0.209835884 0.0250140157 4.96100897e-08 -9.86805572e-09 1
LGIC_C 244 0.566756727 -0.200433822 0.0250140183 -5.78784275e-08 1.15127558e-08 1
LGIC_C 245 -0.428826611 -0.426250716 0.0250140132 1.45571809e-08 5.5602105e-08 1
LGIC_C 246 0.418947457 0.489562702 0.0250140116 -2.45891309e-08 -3.68002211e-08 1
LGIC_C 247 -0.454688228 0.675978406 0.0250140193 2.45891128e-08 -3.68002333e-08 1
LGIC_C 248 0.136976578 -0.140625395 0.0250139918 -2.45891087e-08 3.68002429e-08 1
LGIC_C 249 0.513457375 -0.0362804867 0.0250140098 -4.96100802e-08 3.14742968e-08 1
LGIC_C 250 0.217663336 0.506706146 0.0250140108 -4.80634192e-08 -3.37890445e-08 1
LGIC_C 251 0.00980681701 0.65627391 0.0250140158 -6.33660387e-09 4.96100877e-08 -1
LGIC_C 252 0.127489685 0.656210597 0.0250140198 -3.14742949e-08 -4.96100822e-08 1
LGIC_C 253 0.529248395 0.331294503 0.0250140131 -4.82586616e-08 -1.31306776e-08 1
LGIC_C 254 -0.471185808 0.284223881 0.0250140129 3.37890593e-08 -4.80634052e-08 1
LGIC_C 255 -0.821930186 -0.0204340992 0.0250140184 -4.34088282e-08 2.70157287e-08 -1
LGIC_C 256 -0.292255222 0.567069186 0.0250140113 2.45891128e-08 -3.68002333e-08 1
LGIC_C 257 0.304157106 0.328246564 0.0250140031 1.3130701e-08 4.82586573e-08 -1
LGIC_C 258 -0.271455763 0.581832719 0.0250140114 2.45891128e-08 -3.68002333e-08 1
LGIC_C 259 0.254610405 -0.290265133 0.0250140058 -3.27854948e-08 4.90669785e-08 1
LGIC_C 260 -0.0636959854 -0.584949731 0.0250140129 9.8680833e-09 4.96100963e-08 1
LGIC_C 261 0.112890309 0.555715918 0.0250140084 -8.63455884e-09 -4.34088253e-08 1
LGIC_C 262 -0.342403252 0.336776653 0.0250140071 4.20574045e-08 -2.81018523e-08 1
LGIC_C 263 -0.667247045 -0.264019977 0.0250140053 4.96100935e-08 -4.19869172e-08 1
LGIC_C 264 0.502610583 -0.316209163 0.0250140095 -3.68002179e-08 2.45891393e-08 1
LGIC_C 265 0.139709582 0.0245723507 0.0250139904 -4.96100911e-08 -9.86803575e-09 1
LGIC_C 266 -0.106755909 -0.316819761 0.0250139996 2.48392553e-08 4.34088306e-08 1
LGIC_C 267 -0.285886074 -0.263833296 0.0250140021 1.45571809e-08 5.5602105e-08 1
LGIC_C 268 -0.0512618951 -0.511024713 0.0250140071 -2.90231482e-08 4.96101036e-08 1
LGIC_C 269 -0.0338896021 0.683779566 0.025014017 -6.33661298e-09 -4.96100859e-08 1
LGIC_C 270 -0.0977871663 -0.102049471 0.0250139913 7.55636799e-08 6.2887973e-09 1
LGIC_C 271 -0.507053401 -0.405777297 0.0250140119 3.68002489e-08 2.45891179e-08 1
LGIC_C 272 -0.395557515 0.301816996 0.0250140063 -4.82586679e-08 1.31306769e-08 -1
LGIC_C 273 0.70942918 -0.099142328 0.0250140165 -4.34088182e-08 2.48392526e-08 1
LGIC_C 274 -0.328429177 0.386707932 0.0250140056 2.45891128e-08 -3.68002333e-08 1
LGIC_C 275 0.0181493172 -0.581218285 0.025014012 6.33663526e-09 4.9610097e-08 1
LGIC_C 276 -0.0892223985 -0.423900673 0.0250140017 -2.90231482e-08 4.96101036e-08 1
LGIC_C 277 0.625817003 -0.0752809098 0.0250140166 -4.96100802e-08 3.14742968e-08 1
LGIC_C 278 0.279487581 0.275761877 0.0250140003 -3.68002282e-08 -2.45891172e-08 1
LGIC_C 279 0.0813353996 -0.0771767776 0.0250139881 -3.68002179e-08 2.45891393e-08 1
LGIC_C 280 -0.268438084 -0.122941595 0.025013994 1.45571809e-08 5.5602105e-08 1
LGIC_C 281 0.31634982 0.649263912 0.0250140204 -4.80634192e-08 -3.37890445e-08 1
LGIC_C 282 -0.275861097 -0.471170867 0.0250140086 3.95603082e-08 3.05989652e-08 1
LGIC_C 283 -0.256079626 -0.511560634 0.0250140058 7.55636799e-08 6.2887973e-09 1
LGIC_C 284 0.193419795 -0.764649525 0.0250140181 -8.63454093e-09 4.34088369e-08 1
LGIC_C 285 -0.225381223 0.54318323 0.0250140173 3.27854968e-08 -4.90669676e-08 1
LGIC_C 286 -0.516808537 0.00979832164 0.0250140086 4.96100851e-08 2.90231542e-08 1
LGIC_C 287 -0.0429843634 -0.141560641 0.0250139898 8.63456455e-09 4.34088336e-08 1
LGIC_C 288 0.0331297019 -0.344017042 0.0250140001 6.33663526e-09 4.9610097e-08 1
LGIC_C 289 -0.0207998307 -0.0329995118 0.025013985 2.45891453e-08 3.68002268e-08 1
LGIC_C 290 -0.401582531 -0.506666357 0.0250140158 2.81018674e-08 4.20574117e-08 1
LGIC_C 291 -0.506133903 0.408319522 0.0250140119 3.68002297e-08 -2.45891157e-08 1
LGIC_C 292 0.443483889 0.469753628 0.0250140155 -2.81018716e-08 -4.20573923e-08 1
LGIC_C 293 -0.644505965 -0.0377423079 0.0250140142 -4.96100919e-08 2.90231703e-08 -1
LGIC_C 294 0.0684046273 -0.199691528 0.0250139956 -1.15127059e-08 5.78784511e-08 1
LGIC_C 295 -0.18183375 0.147782506 0.0250139956 6.28881943e-09 -7.55636452e-08 1
LGIC_C 296 0.533466894 0.294909424 0.025014014 -4.20574004e-08 -2.81018564e-08 1
LGIC_C 297 0.056787583 0.32103061 0.0250139977 -8.63455884e-09 -4.34088253e-08 1
LGIC_C 298 0.0215573325 -0.536012415 0.02501401 -9.86804037e-09 4.96101e-08 1
LGIC_C 299 -0.0920564478 -0.306216932 0.0250139993 9.8680833e-09 4.96100963e-08 1
LGIC_C 300 0.409215536 -0.0661010104 0.0250140026 -4.34088182e-08 2.48392526e-08 1
LGIC_C 301 0.0917297889 0.373644969 0.0250140003 -8.63455884e-09 -4.34088253e-08 1
LGIC_C 302 0.352410737 0.324438068 0.0250140072 -4.20574004e-08 -2.81018564e-08 1
LGIC_C 303 -0.044528169 0.333991096 0.0250140003 9.86805557e-09 -4.96100883e-08 1
LGIC_C 304 -0.178874659 0.38128431 0.025014004 1.31306824e-08 -4.82586643e-08 1
LGIC_C 305 -0.462346462 0.192427943 0.025014005 3.68002297e-08 -2.45891157e-08 1
LGIC_C 306 0.195581528 0.0853683281 0.0250139939 -4.20574004e-08 -2.81018564e-08 1
LGIC_C 307 -0.445487645 0.29064165 0.0250140086 -4.82586679e-08 1.31306769e-08 -1
LGIC_C 308 0.602928104 -0.259250028 0.0250140118 -3.68002179e-08 2.45891393e-08 1
LGIC_C 309 0.163574133 0.119736218 0.0250139922 -3.68002282e-08 -2.45891172e-08 1
LGIC_C 310 0.0640727473 0.80630237 0.0250140188 -8.63455884e-09 -4.34088253e-08 1
LGIC_C 311 0.560036746 0.577188746 0.0250140183 -2.45891309e-08 -3.68002211e-08 1
LGIC_C 312 0.31549763 0.185501087 0.0250140017 -4.20574004e-08 -2.81018564e-08 1
LGIC_C 313 0.624537968 0.354429666 0.0250140149 -3.68002282e-08 -2.45891172e-08 1
LGIC_C 314 -0.250438134 0.451167821 0.025014006 2.45891128e-08 -3.68002333e-08 1
LGIC_C 315 -0.107777178 0.0272810279 0.0250139889 4.96100897e-08 -9.86805572e-09 1
LGIC_C 316 -0.250055385 -0.199084192 0.0250139998 6.28883752e-09 7.55636663e-08 1
LGIC_C 317 -0.418261816 -0.185911414 0.0250140032 3.68002489e-08 2.45891179e-08 1
LGIC_C 318 -0.172193207 -0.351674238 0.025013998 -5.56021111e-08 -1.45571543e-08 -1
LGIC_C 319 -0.547600746 -0.0829006269 0.0250140048 -4.34088282e-08 2.70157287e-08 -1
LGIC_C 320 0.419113094 0.555490117 0.0250140184 -2.81018716e-08 -4.20573923e-08 1
LGIC_C 321 0.597766537 -0.322328575 0.0250140189 -3.37890406e-08 4.80634332e-08 1
LGIC_C 322 0.562327726 0.204996758 0.0250140181 -5.78784335e-08 -1.15127284e-08 1
LGIC_C 323 -0.30251908 -0.669882633 0.0250140199 2.81018674e-08 4.20574117e-08 1
LGIC_C 324 0.0121999855 0.705883592 0.0250140182 -6.33660387e-09 4.96100877e-08 -1
LGIC_C 325 0.456771335 0.666878995 0.025014019 -2.45891309e-08 -3.68002211e-08 1
LGIC_C 326 0.209553506 0.677919911 0.0250140156 -6.33660387e-09 4.96100877e-08 -1
LGIC_C 327 -0.313531122 -0.0273490826 0.025013998 -4.96100919e-08 2.90231703e-08 -1
LGIC_C 328 -0.403551141 0.00631149072 0.0250140009 4.34088279e-08 -2.48392273e-08 1
LGIC_C 329 0.63502103 -0.183176992 0.0250140165 -4.96100859e-08 9.86807898e-09 1
LGIC_C 330 0.339193364 -0.0380114717 0.0250140012 -4.96100802e-08 3.14742968e-08 1
LGIC_C 331 0.242144222 -0.0462441105 0.0250139949 -4.34088182e-08 2.48392526e-08 1
LGIC_C 332 -0.00548225586 -0.355457777 0.0250140009 9.8680833e-09 4.96100963e-08 1
LGIC_C 333 0.495030311 0.153167547 0.025014006 -4.34088272e-08 -8.63453573e-09 1
LGIC_C 334 0.24211128 0.810047473 0.0223380485 0.194186548 0.976240951 0.0961519121
LGIC_C 335 0.197204109 0.625594534 0.0250140131 -6.33660387e-09 4.96100877e-08 -1
LGIC_C 336 -0.75843427 0.0112241548 0.0250140165 4.34088279e-08 -2.48392273e-08 1
LGIC_C 337 -0.0638696335 -0.012970758 0.0250139859 4.96100935e-08 -4.19869172e-08 1
LGIC_C 338 -0.136949735 0.268763257 0.0250139965 2.45891128e-08 -3.68002333e-08 1
LGIC_C 339 0.16995403 -0.248748958 0.0250139975 -1.31306721e-08 4.82586744e-08 1
LGIC_C 340 -0.27716839 0.625591663 0.0250140174 2.8101852e-08 -4.20574041e-08 1
LGIC_C 341 -0.0457279121 -0.720286822 0.0250140149 8.63456455e-09 4.34088336e-08 1
LGIC_C 342 -0.854661004 -0.0346343465 -0.0118842359 -0.976240825 -0.194187339 0.0961515894
LGIC_C 343 0.283762338 0.47016687 0.0250140097 1.3130701e-08 4.82586573e-08 -1
LGIC_C 344 -0.169003281 0.0263411241 0.0250139917 5.7878425e-08 4.89846948e-08 1
LGIC_C 345 -0.0681396006 -0.0900914168 0.025013989 7.55636799e-08 6.2887973e-09 1
LGIC_C 346 0.355072733 0.346929028 0.0250140048 -3.68002282e-08 -2.45891172e-08 1
LGIC_C 347 0.417774725 -0.225031557 0.0250140111 -4.90669481e-08 3.27855328e-08 1
LGIC_C 348 -0.123758274 -0.623730491 0.0250140154 9.8680833e-09 4.96100963e-08 1
LGIC_C 349 -0.111830319 -0.589469064 0.0250140092 -2.90231482e-08 4.96101036e-08 1
LGIC_C 350 -0.227792268 0.376936783 0.0250140027 2.45891128e-08 -3.68002333e-08 1
LGIC_C 351 -0.115879204 0.0626145427 0.0250139902 3.37890593e-08 -4.80634052e-08 1
LGIC_C 352 -0.15113745 -0.363858074 0.0250140004 3.95603082e-08 3.05989652e-08 1
LGIC_C 353 -0.302049235 0.138568132 0.0250139999 4.20574045e-08 -2.81018523e-08 1
LGIC_C 354 0.170739131 0.237761657 0.0250139981 -2.81018716e-08 -4.20573923e-08 1
LGIC_C 355 0.117509614 -0.542055864 0.0250140134 1.00935263e-08 5.7878447e-08 1
LGIC_C 356 0.0966522151 0.76927108 0.0250140175 -8.63455884e-09 -4.34088253e-08 1
LGIC_C 357 0.761684153 0.224802751 0.0250140196 -4.96100869e-08 6.3366408e-09 1
LGIC_C 358 0.0601592062 -0.050526008 0.0250139878 -4.90669481e-08 3.27855328e-08 1
LGIC_C 359 -0.186771581 0.132279933 0.0250139944 6.28881943e-09 -7.55636452e-08 1
LGIC_C 360 -0.482822855 0.445612678 0.025014012 3.68002297e-08 -2.45891157e-08 1
LGIC_C 361 0.584818636 -0.132315324 0.0250140135 -4.96100859e-08 9.86807898e-09 1
LGIC_C 362 -0.398698573 -0.105852296 0.025014 -4.96100919e-08 2.90231703e-08 -1
LGIC_C 363 -0.459399289 0.367664367 0.0250140129 4.20574045e-08 -2.81018523e-08 1
LGIC_C 364 0.0753212807 0.156773542 0.0250139934 -3.27855134e-08 -4.90669575e-08 1
LGIC_C 365 0.613215623 -0.312832954 0.0250140178 -4.20573976e-08 2.81018683e-08 1
LGIC_C 366 -0.262966892 -0.705676615 0.0250140204 2.48392553e-08 4.34088306e-08 1
LGIC_C 367 0.400458996 -0.127368536 0.0250140038 -4.34088182e-08 2.48392526e-08 1
LGIC_C 368 -0.112900794 -0.252962587 0.0250139955 3.95603082e-08 3.05989652e-08 1
LGIC_C 369 -0.055554468 -0.600072982 0.0250140114 -2.90231482e-08 4.96101036e-08 1
LGIC_C 370 -0.411948145 -0.51914197 0.0250140125 2.45891453e-08 3.68002268e-08 1
LGIC_C 371 0.195283378 0.100247138 0.0250139929 -3.68002282e-08 -2.45891172e-08 1
LGIC_C 372 -0.0731622911 0.437520125 0.0250140029 8.63455111e-09 -4.34088279e-08 1
LGIC_C 373 -0.530739792 0.487821224 0.0250140148 3.68002297e-08 -2.45891157e-08 1
LGIC_C 374 0.119730518 -0.258710373 0.0250139973 -1.31306721e-08 4.82586744e-08 1
LGIC_C 375 0.182317382 -0.588891465 0.0250140155 1.00935263e-08 5.7878447e-08 1
LGIC_C 376 0.47480544 0.377793097 0.0250140138 -4.20574004e-08 -2.81018564e-08 1
LGIC_C 377 0.284859823 0.186368454 0.0250139983 -3.68002282e-08 -2.45891172e-08 1
LGIC_C 378 -0.604418207 0.0311964824 0.0250140123 4.96100851e-08 2.90231542e-08 1
LGIC_C 379 -0.0798756788 -0.440056445 0.0250140059 9.8680833e-09 4.96100963e-08 1
LGIC_C 380 0.129627985 0.610892737 0.0250140148 -9.86806672e-09 -4.96100854e-08 1
LGIC_C 381 0.0119546786 0.615327224 0.0250140139 -9.86806672e-09 -4.96100854e-08 1
LGIC_C 382 0.576719955 -0.28438465 0.0250140164 -3.37890406e-08 4.80634332e-08 1
LGIC_C 383 0.309368138 -0.479535909 0.0250140169 -3.27854948e-08 4.90669785e-08 1
LGIC_C 384 -0.483053338 -0.39996135 0.0250140165 6.28883752e-09 7.55636663e-08 1
LGIC_C 385 0.601656681 0.0718188223 0.0250140189 -5.78784335e-08 -1.15127284e-08 1
LGIC_C 386 0.575382626 -0.419514735 0.0250140147 -3.68002179e-08 2.45891393e-08 1
LGIC_C 387 0.526735215 -0.256233231 0.0250140133 -3.37890406e-08 4.80634332e-08 1
LGIC_C 388 -0.0427631855 0.469315653 0.025014007 9.86805557e-09 -4.96100883e-08 1
LGIC_C 389 0.403105273 -0.328832561 0.0250140094 -4.20573976e-08 2.81018683e-08 1
LGIC_C 390 0.558019476 0.0569747276 0.0250140106 -4.96100869e-08 6.3366408e-09 1
LGIC_C 391 -0.220714621 0.129466498 0.025013997 3.37890593e-08 -4.80634052e-08 1
LGIC_C 392 -0.178794125 -0.610127025 0.0250140083 -2.90231482e-08 4.96101036e-08 1
LGIC_C 393 -0.0257508631 -0.330150068 0.0250139978 8.63456455e-09 4.34088336e-08 1
LGIC_C 394 0.426345014 0.651220862 0.0250140177 -2.45891309e-08 -3.68002211e-08 1
LGIC_C 395 0.313573968 0.458721909 0.0250140095 1.3130701e-08 4.82586573e-08 -1
LGIC_C 396 0.257592994 0.429300243 0.0250140074 1.3130701e-08 4.82586573e-08 -1
LGIC_C 397 -0.621329918 0.174896433 0.0250140117 4.34088259e-08 -8.63455061e-09 1
LGIC_C 398 -0.595545208 0.246846582 0.0250140153 3.37890593e-08 -4.80634052e-08 1
LGIC_C 399 0.557439423 -0.170379398 0.0250140162 -4.96100802e-08 3.14742968e-08 1
