VGCC_O 1 -0.126159285 0.0151063295 0.0466933189 -1.62059625e-06 3.22356338e-07 -1
VGCC_O 3 0.0772568984 -0.00428239309 0.046693036 -1.41802159e-06 2.82063681e-07 -1
VGCC_O 0 0.11238887 -0.0311459409 0.0466929927 -1.01287282e-06 -1.51427976e-07 -1
CaBS 10 0.0907326347 -0.0196007972 0.0709704986 -0.999896295 -0.0141984568 0.00240892729
CaBS 11 0.115182975 -0.0177644125 0.0559002622 0.329239702 0.132369043 -0.934922272
CaBS 13 0.109232421 -0.00870208312 0.0827041616 0.324116486 0.74980293 0.576839726
CaBS 14 0.105064009 -0.0203855648 0.085963959 -0.329239867 -0.132369096 0.934922207
CaBS 15 0.102212391 -0.0229521868 0.0548703943 -0.333750671 -0.131704002 -0.933415527
CaBS 16 0.118570329 -0.028426371 0.0763331003 0.751399702 -0.322919474 0.575431578
CaBS 17 0.11662344 -0.0301693144 0.0625667061 0.344822999 -0.867728964 -0.357971429
CaBS 18 0.108741668 -0.0155132089 0.0539506409 0.329239702 0.132369043 -0.934922272
CaBS 19 0.10746643 -0.00720458541 0.0577479244 0.321328636 0.750213906 -0.577864173
CaBS 20 0.0953974016 -0.00844034792 0.0625698272 -0.751399618 0.322919164 -0.575431861
CaBS 21 0.0999631938 -0.00366828293 0.0710744665 -0.344822968 0.867728907 0.357971598
CaBS 22 0.091966713 -0.0238683593 0.0808585436 -0.329239867 -0.132369096 0.934922207
CaBS 23 0.0925142533 -0.0063596721 0.0704231031 -0.344822968 0.867728907 0.357971598
CaBS 24 0.0970917681 -0.0080100883 0.0788331168 -0.344822968 0.867728907 0.357971598
CaBS 25 -0.100889089 0.0205910145 0.0836913024 0.324116492 0.749802901 0.576839761
CaBS 29 -0.0907885333 0.00754937567 0.078849368 0.75139969 -0.322919491 0.575431584
CaBS 38 -0.0941625466 0.0222695104 0.0777299858 0.324116492 0.749802901 0.576839761
CaBS_Ca 56 0.0943963769 -0.0189213246 0.0579952828 -0.751399618 0.322919164 -0.575431861
CaBS_Ca 57 -0.104136724 0.0124891311 0.0527972271 -0.333750681 -0.131703993 -0.933415524
Ca 1 -0.0500851473 -0.283505107 0.175484176 0 0 0
Ca 4 -0.19474699 0.169789987 0.666562474 0 0 0
Ca 7 -0.278732788 -0.0109437367 0.197756714 0 0 0
Ca 6 0.397535262 0.336185998 0.439462968 0 0 0
CaBS_Ca 60 -0.0976751217 0.028471966 0.069112418 0.735818381 0.677177195 -0.00153536913
Ca 7 0.124618799 -0.0881268038 0.264821606 0 0 0
Ca 4 0.123211371 -0.350778902 0.578299291 0 0 0
Ca 8 0.248328588 -0.0266628599 0.267033553 0 0 0
Ca 1 0.0773850386 -0.232255105 0.688435587 0 0 0
Ca 6 -0.221559193 0.0778080699 0.903784781 0 0 0
Ca 6 -0.066187717 -0.0874641246 0.731604393 0 0 0
Ca 1 0.341332472 0.276075724 0.292949929 0 0 0
Ca 8 0.258484791 0.245058325 0.301720796 0 0 0
Ca 1 -0.431424084 0.0611335103 0.424046795 0 0 0
Ca 7 -0.626130258 -0.0656589075 0.273037515 0 0 0
Ca 6 -0.214934813 0.0636252545 0.140777916 0 0 0
Ca 8 -0.0710613256 -0.243353476 0.0683751897 0 0 0
Ca 1 -0.311015613 -0.0349488564 0.216110323 0 0 0
Ca 7 0.0800701105 0.0582747786 0.468035665 0 0 0
Ca 6 -0.282747742 0.165414563 0.539635917 0 0 0
Ca 4 -0.219257109 0.3492636 0.694138505 0 0 0
Ca 1 -0.422583645 0.237843695 0.283711124 0 0 0
Ca 7 0.102317479 -0.1029322 0.227115553 0 0 0
Ca 1 -0.476701695 -0.314917262 0.485363539 0 0 0
Ca 7 0.180713385 0.596191071 0.271625643 0 0 0
Ca 8 -0.268914067 0.683336422 0.505418023 0 0 0
Ca 6 -0.17927864 0.243912437 0.496505657 0 0 0
Ca 1 -0.446934869 0.349325403 0.268192048 0 0 0
Ca 1 -0.498851148 0.359729079 0.459257448 0 0 0
Ca 8 -0.061348763 0.464048018 0.343709447 0 0 0
Ca 7 -0.552615076 -0.141529221 0.48523947 0 0 0
Ca 8 0.0937518264 0.327473276 0.0782897526 0 0 0
Ca 8 -0.176026369 0.450737684 0.311069501 0 0 0
Ca 8 0.0871101089 -0.601278045 0.162472782 0 0 0
Ca 8 -0.234466523 -0.205273306 0.58628543 0 0 0
Ca 4 -0.116078809 0.377696868 0.149879445 0 0 0
Ca 8 0.159314685 0.694351327 0.393069839 0 0 0
Ca 8 -0.12894077 -0.344811911 0.554604248 0 0 0
Ca 1 -0.490542957 0.144478517 0.339071073 0 0 0
Ca 8 -0.0232901695 -0.191442163 0.655669436 0 0 0
Ca 7 0.112901565 -0.0370809309 0.216911932 0 0 0
Ca 6 0.111304455 0.247306916 0.428661834 0 0 0
Ca 1 -0.329231746 0.00560434963 0.115361236 0 0 0
Ca 6 -0.376650831 -0.268199764 0.2799166 0 0 0
Ca 1 0.101049421 0.00185585111 0.477171136 0 0 0
Ca 4 -0.233358908 -0.300457664 0.222156555 0 0 0
Ca 7 -0.533729527 0.326965027 0.33976324 0 0 0
Ca 7 -0.0116606476 -0.352403946 0.216709321 0 0 0
Ca 6 0.192880966 0.383737739 0.174071116 0 0 0
Ca 6 -0.117213344 0.346933985 0.371760729 0 0 0
Ca 6 -0.424045939 0.136994172 0.260587026 0 0 0
Ca 6 0.202995794 0.233757851 0.236489192 0 0 0
Ca 1 -0.485509793 0.162729958 0.0888043368 0 0 0
Ca 4 -0.178950055 -0.165792953 0.450589988 0 0 0
Ca 4 -0.0666436935 0.310562883 0.358884644 0 0 0
Ca 8 -0.243817435 -0.091249782 0.237955463 0 0 0
Ca 6 -0.147089745 0.305458811 0.319255684 0 0 0
Ca 6 -0.199213179 0.189975809 0.351037306 0 0 0
Ca 3 0.184109105 -0.174995858 0.107012955 0 0 0
Ca 8 -0.132550317 -0.0077943952 0.276110161 0 0 0
Ca 7 -0.404830939 0.404326208 0.241957969 0 0 0
Ca 1 0.0731343124 0.0359161734 0.343052899 0 0 0
Ca 6 -0.144867484 0.355177889 0.133462134 0 0 0
Ca 7 -0.375335053 0.0936183709 0.174219086 0 0 0
Ca 1 -0.232843686 0.226249978 0.142677428 0 0 0
Ca 8 -0.303272673 -0.17154925 0.0681152931 0 0 0
Ca 4 -0.103170618 -0.0797353904 0.30040492 0 0 0
Ca 1 -0.284746647 0.0337234851 0.144933603 0 0 0
Ca 6 -0.20085453 0.29638294 0.220234305 0 0 0
Ca 6 -0.34980402 0.134535818 0.147888869 0 0 0
Ca 6 -0.403317512 0.0495565274 0.0677645417 0 0 0
Ca 6 -0.147676269 -0.0966231307 0.0895940078 0 0 0
Ca 8 -0.164465136 -0.0239991875 0.0497982793 0 0 0
Ca 6 -0.0999287808 0.0269729224 0.160769339 0 0 0
Ca 7 -0.170675102 0.026548164 0.108132206 0 0 0
Ca 4 -0.155471849 0.0201525364 0.0919028714 0 0 0
Ca 6 -0.137640688 0.0914758203 0.195304839 0 0 0
Ca 6 -0.251514365 -0.00168587852 0.0799441878 0 0 0
Ca 1 -0.101115703 0.0576274227 0.0647140119 0 0 0
Ca 4 -0.145417479 0.0637811631 0.0706188965 0 0 0
Ca 7 -0.204895948 0.0404243629 0.0544810505 0 0 0
VGCC_O 6 -0.12622171 0.0241576588 0.046693322 -1.62059677e-06 3.22356891e-07 -1
VGCC_O 2 0.119933892 -0.04777957 0.0466929781 -1.41802115e-06 2.82063236e-07 -1
VGCC_O 9 0.0953603447 -0.018533153 0.0466930096 -1.14792244e-06 -1.24564753e-07 -1
VGCC_O 7 -0.137449801 0.00579357966 0.0466933342 -1.62059625e-06 3.22356338e-07 -1
VGCC_O 4 -0.108229728 0.00324736392 0.0466932869 -8.10297798e-07 1.61178104e-07 -1
VGCC_O 5 0.113746944 -0.0200409323 0.0466929896 -1.01287282e-06 -1.51427976e-07 -1
VGCC_O 8 -0.134706799 0.0161271258 0.0466933331 -1.62059677e-06 3.22356891e-07 -1
TAG 41 -0.105784995 0.0105052503 0.0536665039 -0.333750681 -0.131703993 -0.933415524
TAG 62 -0.0995730683 0.0302300905 0.0690462359 0.3213287 0.750213891 -0.577864158
TAG 59 -0.100018848 -0.00188752594 0.0603333581 0.344822933 -0.867729023 -0.35797135
TAG 55 -0.119337383 0.0151637023 0.0699872324 -0.999896295 -0.0141984574 0.00240892698
TAG 54 -0.104785227 0.0261860029 0.076486355 -0.344822968 0.867728888 0.357971643
TAG 53 -0.089146311 -0.000197085518 0.0670554248 0.74861179 -0.322508554 -0.579282851
TAG 52 -0.119278263 0.0119799944 0.0757618237 -0.999896295 -0.0141984574 0.00240892698
TAG 51 -0.102448777 0.00747370566 0.0865367572 -0.329239868 -0.132369105 0.934922205
TAG 45 -0.113699624 0.0170707545 0.0588716642 -0.751399624 0.322919173 -0.575431849
TAG 44 -0.11923843 0.00668793202 0.0611035411 -0.999896295 -0.0141984574 0.00240892698
LGIC_C 0 0.537666185 0.222588074 0.0250140121 -4.20574004e-08 -2.81018564e-08 1
LGIC_C 1 -0.343439279 0.0361194605 0.0250139985 4.34088259e-08 -8.63455061e-09 1
LGIC_C 2 -0.549190908 0.0702673964 0.0250140112 4.96100897e-08 -9.86805572e-09 1
LGIC_C 3 0.231446249 -0.65097643 0.0250140178 -9.86804037e-09 4.96101e-08 1
LGIC_C 4 -0.40827512 -0.227119177 0.025014003 6.28883752e-09 7.55636663e-08 1
LGIC_C 5 0.0548339646 -0.528404008 0.0250140133 1.00935263e-08 5.7878447e-08 1
LGIC_C 6 -0.321979164 0.465109 0.0250140141 1.28239438e-08 -5.73353116e-08 1
LGIC_C 7 -0.673353786 0.434859129 0.0250140187 3.68002297e-08 -2.45891157e-08 1
LGIC_C 8 -0.204130162 0.281175448 0.0250139986 2.45891128e-08 -3.68002333e-08 1
LGIC_C 9 -0.441065149 -0.272822548 0.0250140066 6.28883752e-09 7.55636663e-08 1
LGIC_C 10 -0.434323793 -0.6135108 0.0250140192 3.95603082e-08 3.05989652e-08 1
LGIC_C 11 0.146140788 0.561953243 0.0250140102 -6.33660387e-09 4.96100877e-08 -1
LGIC_C 12 0.373305177 0.157243729 0.0250140067 -4.90669739e-08 -3.27854893e-08 1
LGIC_C 13 0.726657206 -0.106828523 0.0250140203 -4.96100859e-08 9.86807898e-09 1
LGIC_C 14 0.653976905 0.259450511 0.025014014 -4.96100869e-08 6.3366408e-09 1
LGIC_C 15 -0.442675963 -0.320796345 0.0250140064 5.39043203e-09 6.47688584e-08 1
LGIC_C 16 0.632928788 -0.166628333 0.0250140163 -4.96100859e-08 9.86807898e-09 1
LGIC_C 17 -0.537609357 0.330629535 0.0250140136 -4.82586679e-08 1.31306769e-08 -1
LGIC_C 18 0.306620539 -0.443897746 0.0250140105 -2.81018481e-08 4.20574137e-08 1
LGIC_C 19 -0.31798643 0.270094511 0.025014007 3.37890593e-08 -4.80634052e-08 1
LGIC_C 20 0.111687914 -0.418141872 0.0250140087 -1.15127059e-08 5.78784511e-08 1
LGIC_C 21 -0.0341846795 -0.176585869 0.025013991 -2.90231482e-08 4.96101036e-08 1
LGIC_C 22 0.159881695 0.629785941 0.0250140161 -9.86806672e-09 -4.96100854e-08 1
LGIC_C 23 -0.426033384 0.407724224 0.025014009 3.68002297e-08 -2.45891157e-08 1
LGIC_C 24 0.12815703 0.454093318 0.0250140071 -9.86806672e-09 -4.96100854e-08 1
LGIC_C 25 0.377491151 -0.00694296651 0.0250139997 -4.34088226e-08 8.63456802e-09 1
LGIC_C 26 -0.0370155686 0.253888664 0.0250139984 1.15127271e-08 -5.78784352e-08 1
LGIC_C 27 -0.266928215 0.534998158 0.0250140183 3.27854968e-08 -4.90669676e-08 1
LGIC_C 28 0.683328397 0.0863643913 0.0250140136 -4.34088272e-08 -8.63453573e-09 1
LGIC_C 29 -0.603101907 -0.122613405 0.0250140122 5.7878436e-08 -4.89847332e-08 1
LGIC_C 30 0.638663694 0.134039433 0.0250140141 -4.96100869e-08 6.3366408e-09 1
LGIC_C 31 -0.394563182 -0.424334859 0.0250140118 3.95603082e-08 3.05989652e-08 1
LGIC_C 32 0.0769013219 0.0768094949 0.0250139886 -2.81018716e-08 -4.20573923e-08 1
LGIC_C 33 -0.0102982315 0.619559191 0.0250140102 8.63455111e-09 -4.34088279e-08 1
LGIC_C 34 0.239721405 -0.501545876 0.0250140157 -3.27854948e-08 4.90669785e-08 1
LGIC_C 35 -0.172408705 -0.530297934 0.0250140045 -2.90231482e-08 4.96101036e-08 1
LGIC_C 36 0.534669282 -0.594957573 0.0250140183 -2.45891087e-08 3.68002429e-08 1
LGIC_C 37 0.114417594 0.77022744 0.0250140177 -8.63455884e-09 -4.34088253e-08 1
LGIC_C 38 0.726837924 -0.306991594 0.0250140176 -3.05989503e-08 3.95603122e-08 1
LGIC_C 39 0.698225009 0.335858412 0.0250140172 -3.68002282e-08 -2.45891172e-08 1
LGIC_C 40 -0.671892551 0.0438016736 0.0250140135 4.34088279e-08 -2.48392273e-08 1
LGIC_C 41 -0.515737119 0.60553396 0.0250140182 2.45891128e-08 -3.68002333e-08 1
LGIC_C 42 -0.265805966 -0.672289678 0.0250140147 8.63456455e-09 4.34088336e-08 1
LGIC_C 43 -0.567346027 -0.52204215 0.0250140158 1.15916899e-08 4.97976879e-08 1
LGIC_C 44 0.346027059 0.55276365 0.0250140145 1.3130701e-08 4.82586573e-08 -1
LGIC_C 45 -0.00776221102 -0.245424312 0.0250139941 2.48392553e-08 4.34088306e-08 1
LGIC_C 46 -0.196019811 -0.189975491 0.0250139966 5.39043203e-09 6.47688584e-08 1
LGIC_C 47 0.50514167 -0.193838367 0.0250140147 -5.78784275e-08 1.15127558e-08 1
LGIC_C 48 -0.071853655 -0.384345545 0.0250140005 8.63456455e-09 4.34088336e-08 1
LGIC_C 49 -0.501904188 -0.169967173 0.0250140065 4.34088238e-08 8.63459484e-09 1
LGIC_C 50 0.228812504 -0.331170055 0.025014007 -3.27854948e-08 4.90669785e-08 1
LGIC_C 51 -0.561981724 -0.00490109306 0.0250140075 -4.34088282e-08 2.70157287e-08 -1
LGIC_C 52 0.654895824 -0.188013847 0.0250140163 -4.34088182e-08 2.48392526e-08 1
LGIC_C 53 0.328868197 -0.0841140937 0.0250139996 -4.34088182e-08 2.48392526e-08 1
LGIC_C 54 -0.030672807 -0.226731272 0.0250139948 -4.89847109e-08 5.78784581e-08 1
LGIC_C 55 0.415905323 0.484499379 0.0250140113 -2.45891309e-08 -3.68002211e-08 1
LGIC_C 56 -0.119497498 -0.2193343 0.0250139931 -5.56021111e-08 -1.45571543e-08 -1
LGIC_C 57 -0.0651024243 0.432738727 0.0250140068 -3.14742797e-08 4.96100914e-08 -1
LGIC_C 58 0.445987406 -0.0878117114 0.0250140048 -4.34088182e-08 2.48392526e-08 1
LGIC_C 59 -0.428103542 -0.192256783 0.0250140002 1.45571809e-08 5.5602105e-08 1
LGIC_C 60 0.101324736 0.534389997 0.025014013 -3.14742949e-08 -4.96100822e-08 1
LGIC_C 61 -0.383898123 0.351846055 0.0250140093 4.20574045e-08 -2.81018523e-08 1
LGIC_C 62 -0.0375101559 0.413419043 0.025014005 -3.14742797e-08 4.96100914e-08 -1
LGIC_C 63 0.196947563 -0.0515663164 0.0250139935 -4.96100859e-08 9.86807898e-09 1
LGIC_C 64 -0.250109159 -1.61703059e-05 0.0250139977 5.7878425e-08 4.89846948e-08 1
LGIC_C 65 0.00615833281 0.310031753 0.0250139987 -9.86806672e-09 -4.96100854e-08 1
LGIC_C 66 -0.26742185 -0.336617306 0.0250140022 2.45891453e-08 3.68002268e-08 1
LGIC_C 67 -0.460651407 0.426830689 0.0250140184 6.28881943e-09 -7.55636452e-08 1
LGIC_C 68 -0.654819094 -0.112651535 0.0250140087 -4.34088282e-08 2.70157287e-08 -1
LGIC_C 69 -0.718605111 -0.381348381 0.0250140191 3.68002489e-08 2.45891179e-08 1
LGIC_C 70 -0.0134297234 0.384913369 0.0250140001 8.63455111e-09 -4.34088279e-08 1
LGIC_C 71 0.545315205 0.114124176 0.0250140161 -5.78784335e-08 -1.15127284e-08 1
LGIC_C 72 0.151788891 0.370109914 0.0250140006 -8.63455884e-09 -4.34088253e-08 1
LGIC_C 73 -0.00566108343 0.000217611525 0.0250139835 4.34088279e-08 -2.48392273e-08 1
LGIC_C 74 0.518531737 0.495539781 0.0250140148 -4.82586616e-08 -1.31306776e-08 1
LGIC_C 75 0.510660536 -0.580924964 0.0250140172 -2.45891087e-08 3.68002429e-08 1
LGIC_C 76 -0.688511432 0.0762834991 0.0250140152 4.96100851e-08 2.90231542e-08 1
LGIC_C 77 0.327933709 -0.215260465 0.0250140018 -3.05989503e-08 3.95603122e-08 1
LGIC_C 78 0.243208978 0.387548143 0.0250140102 -3.27855134e-08 -4.90669575e-08 1
LGIC_C 79 -0.586360614 -0.275459136 0.0250140038 1.15916899e-08 4.97976879e-08 1
LGIC_C 80 0.701268729 -0.049297532 0.0250140141 -4.34088226e-08 8.63456802e-09 1
LGIC_C 81 0.0648888682 0.687210497 0.0250140169 -6.33660387e-09 4.96100877e-08 -1
LGIC_C 82 0.510793313 -0.314232951 0.0250140113 -3.05989503e-08 3.95603122e-08 1
LGIC_C 83 -0.367230199 0.262664496 0.0250140044 -4.82586679e-08 1.31306769e-08 -1
LGIC_C 84 0.219799642 0.523331146 0.0250140114 1.3130701e-08 4.82586573e-08 -1
LGIC_C 85 -0.0704913583 0.139091969 0.0250139922 1.28239438e-08 -5.73353116e-08 1
LGIC_C 86 0.562733509 -0.333830301 0.0250140183 -3.37890406e-08 4.80634332e-08 1
LGIC_C 87 -0.312650224 -0.23484235 0.0250140008 1.45571809e-08 5.5602105e-08 1
LGIC_C 88 -0.604876069 -0.506699833 0.0250140155 1.15916899e-08 4.97976879e-08 1
LGIC_C 89 0.245392078 -0.497264107 0.0250140104 -1.31306721e-08 4.82586744e-08 1
LGIC_C 90 -0.359411408 -0.338726693 0.0250140073 1.45571809e-08 5.5602105e-08 1
LGIC_C 91 0.150046958 0.800148885 0.0250140193 -8.63455884e-09 -4.34088253e-08 1
LGIC_C 92 0.223370628 -0.706301966 0.0250140169 6.33663526e-09 4.9610097e-08 1
LGIC_C 93 -0.0812104675 0.56238406 0.0250140106 -6.33661298e-09 -4.96100859e-08 1
LGIC_C 94 0.15788418 -0.0373685238 0.0250139922 -4.96100802e-08 3.14742968e-08 1
LGIC_C 95 -0.322086684 -0.411780654 0.0250140072 -5.56021111e-08 -1.45571543e-08 -1
LGIC_C 96 0.328188056 -0.0132437581 0.0250139996 -4.96100859e-08 9.86807898e-09 1
LGIC_C 97 -0.408201697 0.0371666146 0.0250140024 4.96100851e-08 2.90231542e-08 1
LGIC_C 98 -0.336801458 -0.567974874 0.025014014 3.95603082e-08 3.05989652e-08 1
LGIC_C 99 0.234972841 -0.0697036691 0.0250139971 -4.96100802e-08 3.14742968e-08 1
LGIC_C 100 -0.337049426 -0.5028216 0.02501401 2.45891453e-08 3.68002268e-08 1
LGIC_C 101 -0.399941132 0.0201126452 0.0250140033 4.96100897e-08 -9.86805572e-09 1
LGIC_C 102 -0.345736011 0.436167105 0.0250140127 1.28239438e-08 -5.73353116e-08 1
LGIC_C 103 -0.457815259 -0.0280876851 0.0250140034 4.34088238e-08 8.63459484e-09 1
LGIC_C 104 0.578666957 -0.246222742 0.0250140197 -4.90669481e-08 3.27855328e-08 1
LGIC_C 105 -0.303282419 0.0999847402 0.0250139989 4.34088279e-08 -2.48392273e-08 1
LGIC_C 106 -0.313663546 0.786081515 0.0250140201 8.63455111e-09 -4.34088279e-08 1
LGIC_C 107 -0.728354739 -0.256036103 0.0250140171 4.34088238e-08 8.63459484e-09 1
LGIC_C 108 -0.0337529691 -0.502294689 0.0250140059 2.48392553e-08 4.34088306e-08 1
LGIC_C 109 0.197639662 0.0989390753 0.0250139941 -4.82586616e-08 -1.31306776e-08 1
LGIC_C 110 -0.181255453 -0.720229485 0.0250140161 8.63456455e-09 4.34088336e-08 1
LGIC_C 111 -0.512937711 -0.13504747 0.0250140048 -4.96100919e-08 2.90231703e-08 -1
LGIC_C 112 0.721666033 -0.0117390112 0.0250140194 -4.96100802e-08 3.14742968e-08 1
LGIC_C 113 -0.0320149471 -0.719368647 0.0250140153 2.48392553e-08 4.34088306e-08 1
LGIC_C 114 -0.364241152 0.400550231 0.0250140109 1.28239438e-08 -5.73353116e-08 1
LGIC_C 115 0.52199403 -0.357323902 0.0250140133 -3.05989503e-08 3.95603122e-08 1
LGIC_C 116 0.173124294 -0.438408367 0.0250140069 1.00935263e-08 5.7878447e-08 1
LGIC_C 117 -0.200584932 -0.00870401151 0.025013993 -4.96100919e-08 2.90231703e-08 -1
LGIC_C 118 -0.323610097 -0.324657023 0.025014006 3.95603082e-08 3.05989652e-08 1
LGIC_C 119 0.101390655 0.409627497 0.0250140046 -9.86806672e-09 -4.96100854e-08 1
LGIC_C 120 0.0314903673 0.470592008 0.0250140069 -9.86806672e-09 -4.96100854e-08 1
LGIC_C 121 -0.455918755 -0.408402972 0.0250140089 1.15916899e-08 4.97976879e-08 1
LGIC_C 122 0.61110632 -0.353037035 0.0250140144 -3.68002179e-08 2.45891393e-08 1
LGIC_C 123 0.363745115 -0.293001421 0.0250140107 -4.90669481e-08 3.27855328e-08 1
LGIC_C 124 0.505166875 -0.42598492 0.0250140123 -3.68002179e-08 2.45891393e-08 1
LGIC_C 125 0.119200735 -0.16515725 0.0250139928 -1.31306721e-08 4.82586744e-08 1
LGIC_C 126 0.627165835 -0.34595445 0.0250140161 -3.05989503e-08 3.95603122e-08 1
LGIC_C 127 0.232063772 -0.309241075 0.0250140012 -1.31306721e-08 4.82586744e-08 1
LGIC_C 128 0.229808835 -0.360037832 0.0250140021 -2.45891087e-08 3.68002429e-08 1
LGIC_C 129 0.472665225 -0.0913751891 0.0250140045 -4.34088226e-08 8.63456802e-09 1
LGIC_C 130 -0.620929775 0.207666569 0.025014012 4.34088259e-08 -8.63455061e-09 1
LGIC_C 131 0.410824709 0.251714538 0.0250140064 -4.82586616e-08 -1.31306776e-08 1
LGIC_C 132 -0.233661783 0.0877249562 0.0250139925 5.7878425e-08 4.89846948e-08 1
LGIC_C 133 -0.611888735 -0.0237507764 0.02501401 4.34088238e-08 8.63459484e-09 1
LGIC_C 134 0.288297537 -0.663684097 0.0250140147 -2.45891087e-08 3.68002429e-08 1
LGIC_C 135 -0.301690187 -0.260365139 0.0250140048 6.28883752e-09 7.55636663e-08 1
LGIC_C 136 0.400015872 -0.275184729 0.0250140047 -3.68002179e-08 2.45891393e-08 1
LGIC_C 137 0.357948054 -0.306402048 0.0250140063 -3.05989503e-08 3.95603122e-08 1
LGIC_C 138 -0.702825777 -0.201637515 0.0250140097 4.96100935e-08 -4.19869172e-08 1
LGIC_C 139 0.138228247 -0.00840236829 0.0250139903 -4.96100802e-08 3.14742968e-08 1
LGIC_C 140 0.433538807 0.586309542 0.0250140155 -2.45891309e-08 -3.68002211e-08 1
LGIC_C 141 0.492533667 0.10463219 0.0250140055 -4.34088272e-08 -8.63453573e-09 1
LGIC_C 142 -0.471723989 -0.538248625 0.0250140184 3.95603082e-08 3.05989652e-08 1
LGIC_C 143 -0.0807994654 -0.172741304 0.0250139928 2.81018674e-08 4.20574117e-08 1
LGIC_C 144 -0.446001419 -0.454551701 0.0250140147 -5.56021111e-08 -1.45571543e-08 -1
LGIC_C 145 0.223673619 2.56724636e-05 0.0250139943 -4.96100869e-08 6.3366408e-09 1
LGIC_C 146 0.00408153764 0.578327726 0.025014012 -9.86806672e-09 -4.96100854e-08 1
LGIC_C 147 -0.305352115 -0.336845364 0.0250140032 2.45891453e-08 3.68002268e-08 1
LGIC_C 148 0.46038741 -0.0954859801 0.025014011 -5.78784275e-08 1.15127558e-08 1
LGIC_C 149 0.547458997 0.506714215 0.0250140159 -3.68002282e-08 -2.45891172e-08 1
LGIC_C 150 0.425314884 0.167269628 0.0250140033 -4.96100869e-08 6.3366408e-09 1
LGIC_C 151 -0.12957815 -0.711634542 0.0250140152 8.63456455e-09 4.34088336e-08 1
LGIC_C 152 0.247877986 0.596417824 0.0250140153 1.3130701e-08 4.82586573e-08 -1
LGIC_C 153 0.155917271 -0.206686435 0.0250139971 -1.28239349e-08 5.73353226e-08 1
LGIC_C 154 0.16664214 0.52773865 0.0250140111 -9.86806672e-09 -4.96100854e-08 1
LGIC_C 155 -0.608790589 0.107861416 0.0250140106 4.34088259e-08 -8.63455061e-09 1
LGIC_C 156 -0.254584984 0.0267416589 0.0250139945 4.34088259e-08 -8.63455061e-09 1
LGIC_C 157 -0.400225592 0.280567889 0.025014007 6.28881943e-09 -7.55636452e-08 1
LGIC_C 158 0.357877085 0.148957619 0.0250140025 3.37890593e-08 4.80634111e-08 -1
LGIC_C 159 0.782808121 0.162472768 0.0250140186 -4.34088272e-08 -8.63453573e-09 1
LGIC_C 160 -0.2586331 -0.0431705207 0.0250139933 -4.34088282e-08 2.70157287e-08 -1
LGIC_C 161 -0.439085372 0.0965567089 0.025014006 4.96100897e-08 -9.86805572e-09 1
LGIC_C 162 0.451318227 -0.0195357221 0.0250140096 -5.78784275e-08 1.15127558e-08 1
LGIC_C 163 0.361762875 -0.248614071 0.0250140054 -4.20573976e-08 2.81018683e-08 1
LGIC_C 164 0.228674703 -0.603038577 0.0250140117 6.33663526e-09 4.9610097e-08 1
LGIC_C 165 -0.319521956 0.0233994123 0.0250139984 4.96100851e-08 2.90231542e-08 1
LGIC_C 166 -0.161061648 -0.678289627 0.0250140167 2.48392553e-08 4.34088306e-08 1
LGIC_C 167 -0.550883796 0.550379214 0.0250140171 -4.82586679e-08 1.31306769e-08 -1
LGIC_C 168 -0.563751875 -0.250543683 0.0250140025 5.39043203e-09 6.47688584e-08 1
LGIC_C 169 0.657973789 -0.466299954 0.0250140189 -3.68002179e-08 2.45891393e-08 1
LGIC_C 170 0.546259226 -0.341404423 0.0250140181 -3.37890406e-08 4.80634332e-08 1
LGIC_C 171 -0.195939738 0.310075321 0.0250140036 1.28239438e-08 -5.73353116e-08 1
LGIC_C 172 0.362607325 0.16068143 0.0250140032 3.37890593e-08 4.80634111e-08 -1
LGIC_C 173 0.695582896 0.306474548 0.0250140164 -3.68002282e-08 -2.45891172e-08 1
LGIC_C 174 -0.0810226405 -0.522577628 0.0250140079 2.48392553e-08 4.34088306e-08 1
LGIC_C 175 0.42895741 -0.296145263 0.025014012 -3.37890406e-08 4.80634332e-08 1
LGIC_C 176 -0.602735718 -0.58573237 0.0250140194 1.15916899e-08 4.97976879e-08 1
LGIC_C 177 0.303835534 0.319563244 0.0250140052 -2.81018716e-08 -4.20573923e-08 1
LGIC_C 178 0.0457962937 -0.629344784 0.0250140142 6.33663526e-09 4.9610097e-08 1
LGIC_C 179 -0.239607642 -0.171851791 0.0250139977 6.28883752e-09 7.55636663e-08 1
LGIC_C 180 -0.137109401 0.259208133 0.025013998 2.8101852e-08 -4.20574041e-08 1
LGIC_C 181 -0.628360653 -0.318485172 0.0250140072 5.39043203e-09 6.47688584e-08 1
LGIC_C 182 0.0867782782 -0.176950549 0.0250139931 -2.81018481e-08 4.20574137e-08 1
LGIC_C 183 0.670114765 0.32140363 0.0250140198 -4.82586616e-08 -1.31306776e-08 1
LGIC_C 184 0.727010304 -0.0404068569 0.0250140158 -4.34088182e-08 2.48392526e-08 1
LGIC_C 185 0.401895707 -0.126282975 0.0250140038 -4.34088182e-08 2.48392526e-08 1
LGIC_C 186 -0.617141852 -0.316016851 0.025014007 5.39043203e-09 6.47688584e-08 1
LGIC_C 187 0.144407006 0.0942070037 0.0250139934 -4.90669739e-08 -3.27854893e-08 1
LGIC_C 188 -0.745735889 0.0929460071 0.0250140164 4.34088259e-08 -8.63455061e-09 1
LGIC_C 189 -0.530424913 0.287986819 0.0250140137 4.20574045e-08 -2.81018523e-08 1
LGIC_C 190 0.332684656 -0.752027726 0.0250140191 -2.45891087e-08 3.68002429e-08 1
LGIC_C 191 -0.411493367 -0.235304965 0.0250140007 5.39043203e-09 6.47688584e-08 1
LGIC_C 192 -0.29008491 0.0996815483 0.0250139967 4.34088259e-08 -8.63455061e-09 1
LGIC_C 193 0.297226648 0.0751055373 0.0250139987 -4.96100911e-08 -9.86803575e-09 1
LGIC_C 194 -0.661180067 0.380424252 0.025014017 3.68002297e-08 -2.45891157e-08 1
LGIC_C 195 0.38190893 0.39236136 0.0250140105 -2.81018716e-08 -4.20573923e-08 1
LGIC_C 196 0.718902406 0.375389396 0.0250140189 -3.68002282e-08 -2.45891172e-08 1
LGIC_C 197 -0.263960469 -0.509244291 0.0250140085 2.45891453e-08 3.68002268e-08 1
LGIC_C 198 0.510100283 0.0220523352 0.0250140056 -4.34088272e-08 -8.63453573e-09 1
LGIC_C 199 0.60175765 0.244803267 0.0250140115 -4.96100869e-08 6.3366408e-09 1
LGIC_C 200 0.736368526 -0.303096839 0.0250140178 -4.34088226e-08 8.63456802e-09 1
LGIC_C 201 0.233634683 0.144352197 0.0250139971 -4.20574004e-08 -2.81018564e-08 1
LGIC_C 202 -0.0323547153 -0.305176727 0.0250139973 2.48392553e-08 4.34088306e-08 1
LGIC_C 203 -0.189901503 -0.0677007386 0.0250139907 -4.96100919e-08 2.90231703e-08 -1
LGIC_C 204 -0.36988285 0.556540954 0.0250140171 2.8101852e-08 -4.20574041e-08 1
LGIC_C 205 -0.0854644846 0.251489462 0.0250139966 9.86805557e-09 -4.96100883e-08 1
LGIC_C 206 0.631992463 -0.357607542 0.0250140153 -3.68002179e-08 2.45891393e-08 1
LGIC_C 207 -0.151015264 -0.449466774 0.0250140018 -4.89847109e-08 5.78784581e-08 1
LGIC_C 208 -0.499681495 0.365214654 0.0250140122 -4.82586679e-08 1.31306769e-08 -1
LGIC_C 209 -2.91188391e-05 -0.0253872871 0.0250139867 -2.76306357e-08 -1.38908288e-07 -1
LGIC_C 210 0.06256197 0.235333642 0.0250139956 -9.86806672e-09 -4.96100854e-08 1
LGIC_C 211 0.602505823 -0.190405071 0.0250140203 -5.78784275e-08 1.15127558e-08 1
LGIC_C 212 -0.347382362 -0.484863183 0.0250140096 -5.56021111e-08 -1.45571543e-08 -1
LGIC_C 213 0.391592696 -0.433830443 0.0250140125 -2.81018481e-08 4.20574137e-08 1
LGIC_C 214 0.475657135 -0.0840865855 0.0250140046 -4.34088226e-08 8.63456802e-09 1
LGIC_C 215 -0.429282898 -0.0520129126 0.0250140023 4.34088238e-08 8.63459484e-09 1
LGIC_C 216 0.205146913 -0.155752575 0.0250139957 -3.05989503e-08 3.95603122e-08 1
LGIC_C 217 0.496409147 -0.401854242 0.0250140193 -3.37890406e-08 4.80634332e-08 1
LGIC_C 218 -0.24595967 0.378628782 0.0250140048 1.31306824e-08 -4.82586643e-08 1
LGIC_C 219 -0.18553867 -0.45113056 0.0250140074 2.48392553e-08 4.34088306e-08 1
LGIC_C 220 -0.707723149 -0.354835116 0.025014018 3.68002489e-08 2.45891179e-08 1
LGIC_C 221 0.700098456 -0.451437916 0.0250140201 -3.68002179e-08 2.45891393e-08 1
LGIC_C 222 -0.570473792 -0.170017203 0.0250140066 -4.96100919e-08 2.90231703e-08 -1
LGIC_C 223 0.269191125 0.399954977 0.0250140097 -4.80634192e-08 -3.37890445e-08 1
LGIC_C 224 -0.364106241 0.0535866154 0.0250139998 4.96100851e-08 2.90231542e-08 1
LGIC_C 225 0.194434062 -0.627643966 0.0250140122 -8.63454093e-09 4.34088369e-08 1
LGIC_C 226 0.369879816 -0.223167323 0.0250140023 -3.68002179e-08 2.45891393e-08 1
LGIC_C 227 -0.169980787 0.4850498 0.0250140058 8.63455111e-09 -4.34088279e-08 1
LGIC_C 228 0.264785494 -0.327126564 0.0250140025 -1.31306721e-08 4.82586744e-08 1
LGIC_C 229 -0.524346622 -0.0720875322 0.0250140066 4.34088238e-08 8.63459484e-09 1
LGIC_C 230 -0.681659831 -0.19668431 0.0250140075 -4.34088282e-08 2.70157287e-08 -1
LGIC_C 231 0.536941863 0.268489709 0.0250140143 3.37890593e-08 4.80634111e-08 -1
LGIC_C 232 -0.260076207 0.763560753 0.0250140187 8.63455111e-09 -4.34088279e-08 1
LGIC_C 233 0.330023296 0.246549078 0.0250140024 -4.82586616e-08 -1.31306776e-08 1
LGIC_C 234 -0.0932740803 -0.448282423 0.0250140035 8.63456455e-09 4.34088336e-08 1
LGIC_C 235 0.284563182 0.469606155 0.025014011 -2.81018716e-08 -4.20573923e-08 1
LGIC_C 236 0.308692764 -0.0153062434 0.025013997 -4.34088182e-08 2.48392526e-08 1
LGIC_C 237 0.667394248 -0.0310202759 0.0250140173 -4.96100802e-08 3.14742968e-08 1
LGIC_C 238 -0.146433513 0.0213414688 0.0250139907 5.7878425e-08 4.89846948e-08 1
LGIC_C 239 0.512422349 -0.273716249 0.0250140125 -4.20573976e-08 2.81018683e-08 1
LGIC_C 240 0.103344823 -0.156827604 0.0250139935 -1.28239349e-08 5.73353226e-08 1
LGIC_C 241 -0.103643762 0.231607941 0.0250139959 2.8101852e-08 -4.20574041e-08 1
LGIC_C 242 0.632605362 -0.323246184 0.0250140201 -3.37890406e-08 4.80634332e-08 1
LGIC_C 243 -0.639426005 0.235932898 0.0250140173 4.96100897e-08 -9.86805572e-09 1
LGIC_C 244 0.55291679 -0.197419802 0.0250140175 -5.78784275e-08 1.15127558e-08 1
LGIC_C 245 -0.496042883 -0.440734603 0.025014015 1.45571809e-08 5.5602105e-08 1
LGIC_C 246 0.404559318 0.429024225 0.025014009 -2.45891309e-08 -3.68002211e-08 1
LGIC_C 247 -0.490881401 0.62968132 0.0250140185 2.45891128e-08 -3.68002333e-08 1
LGIC_C 248 0.124724952 -0.0980642924 0.0250139902 -3.68002179e-08 2.45891393e-08 1
LGIC_C 249 0.491080314 -0.00232603726 0.0250140077 -4.96100802e-08 3.14742968e-08 1
LGIC_C 250 0.221492435 0.517948515 0.0250140114 -4.80634192e-08 -3.37890445e-08 1
LGIC_C 251 0.0575122704 0.665772442 0.0250140159 -6.33660387e-09 4.96100877e-08 -1
LGIC_C 252 0.126006891 0.582723402 0.0250140161 -3.14742949e-08 -4.96100822e-08 1
LGIC_C 253 0.493238387 0.334447344 0.0250140114 -4.82586616e-08 -1.31306776e-08 1
LGIC_C 254 -0.446732029 0.287167972 0.0250140122 3.37890593e-08 -4.80634052e-08 1
LGIC_C 255 -0.801202729 -0.0859336744 0.0250140157 -4.34088282e-08 2.70157287e-08 -1
LGIC_C 256 -0.315318803 0.52454656 0.0250140103 2.45891128e-08 -3.68002333e-08 1
LGIC_C 257 0.294038065 0.298782192 0.0250140015 1.3130701e-08 4.82586573e-08 -1
LGIC_C 258 -0.26095151 0.564860359 0.0250140105 2.45891128e-08 -3.68002333e-08 1
LGIC_C 259 0.253123716 -0.316332628 0.025014007 -3.27854948e-08 4.90669785e-08 1
LGIC_C 260 -0.00322741138 -0.602352867 0.0250140132 9.8680833e-09 4.96100963e-08 1
LGIC_C 261 0.0865832533 0.610343379 0.0250140105 -8.63455884e-09 -4.34088253e-08 1
LGIC_C 262 -0.341411891 0.336227054 0.0250140071 4.20574045e-08 -2.81018523e-08 1
LGIC_C 263 -0.674027638 -0.272475897 0.0250140052 -4.34088282e-08 2.70157287e-08 -1
LGIC_C 264 0.452641733 -0.308159608 0.0250140075 -3.68002179e-08 2.45891393e-08 1
LGIC_C 265 0.220158612 0.0275879219 0.0250139944 -4.96100911e-08 -9.86803575e-09 1
LGIC_C 266 -0.138027831 -0.329704297 0.0250139988 3.95603082e-08 3.05989652e-08 1
LGIC_C 267 -0.272563695 -0.246414223 0.0250140009 1.45571809e-08 5.5602105e-08 1
LGIC_C 268 -0.0854260033 -0.519664643 0.0250140065 -2.90231482e-08 4.96101036e-08 1
LGIC_C 269 -0.058650029 0.670108676 0.0250140161 -6.33661298e-09 -4.96100859e-08 1
LGIC_C 270 -0.0836954742 -0.10362696 0.0250139902 7.55636799e-08 6.2887973e-09 1
LGIC_C 271 -0.475050862 -0.419621545 0.0250140111 3.68002489e-08 2.45891179e-08 1
LGIC_C 272 -0.430377301 0.282872457 0.0250140078 -4.82586679e-08 1.31306769e-08 -1
LGIC_C 273 0.722969644 -0.168207318 0.0250140188 -4.34088182e-08 2.48392526e-08 1
LGIC_C 274 -0.364643497 0.378056929 0.0250140061 2.45891128e-08 -3.68002333e-08 1
LGIC_C 275 0.0477479523 -0.56843984 0.0250140111 6.33663526e-09 4.9610097e-08 1
LGIC_C 276 -0.148969511 -0.501412882 0.0250140038 -2.90231482e-08 4.96101036e-08 1
LGIC_C 277 0.674116069 -0.087743538 0.0250140194 -4.96100802e-08 3.14742968e-08 1
LGIC_C 278 0.283366692 0.247403375 0.0250139998 -3.68002282e-08 -2.45891172e-08 1
LGIC_C 279 0.0467355049 -0.116219166 0.0250139887 -8.63454093e-09 4.34088369e-08 1
LGIC_C 280 -0.293879384 -0.141657701 0.0250139954 1.45571809e-08 5.5602105e-08 1
LGIC_C 281 0.334513128 0.572541927 0.0250140187 -4.80634192e-08 -3.37890445e-08 1
LGIC_C 282 -0.257548395 -0.448563234 0.0250140072 3.95603082e-08 3.05989652e-08 1
LGIC_C 283 -0.231522359 -0.493405156 0.0250140039 7.55636799e-08 6.2887973e-09 1
LGIC_C 284 0.208474721 -0.774708457 0.0250140187 -8.63454093e-09 4.34088369e-08 1
LGIC_C 285 -0.268055975 0.48953002 0.0250140161 3.27854968e-08 -4.90669676e-08 1
LGIC_C 286 -0.50563868 0.00832728122 0.0250140081 4.96100851e-08 2.90231542e-08 1
LGIC_C 287 -0.0730840282 -0.145651723 0.0250139904 2.45891453e-08 3.68002268e-08 1
LGIC_C 288 0.0218780381 -0.326052918 0.0250139993 6.33663526e-09 4.9610097e-08 1
LGIC_C 289 0.0314040556 0.0119582997 0.0250139847 -4.34088272e-08 -8.63453573e-09 1
LGIC_C 290 -0.353761331 -0.506779088 0.0250140145 2.81018674e-08 4.20574117e-08 1
LGIC_C 291 -0.487344783 0.449658608 0.0250140123 3.68002297e-08 -2.45891157e-08 1
LGIC_C 292 0.431866548 0.45928738 0.0250140147 -2.81018716e-08 -4.20573923e-08 1
LGIC_C 293 -0.640896996 -0.0400740182 0.0250140139 -4.96100919e-08 2.90231703e-08 -1
LGIC_C 294 0.0645739058 -0.205673908 0.0250139959 -1.15127059e-08 5.78784511e-08 1
LGIC_C 295 -0.168121369 0.142983099 0.0250139951 6.28881943e-09 -7.55636452e-08 1
LGIC_C 296 0.511657159 0.275999495 0.0250140125 -4.20574004e-08 -2.81018564e-08 1
LGIC_C 297 0.0141139849 0.349536583 0.0250139986 -8.63455884e-09 -4.34088253e-08 1
LGIC_C 298 0.0530947129 -0.492043441 0.0250140082 -9.86804037e-09 4.96101e-08 1
LGIC_C 299 -0.11739475 -0.302089559 0.0250139994 9.8680833e-09 4.96100963e-08 1
LGIC_C 300 0.418083321 -0.0473339125 0.0250140026 -4.34088182e-08 2.48392526e-08 1
LGIC_C 301 0.0872344449 0.365468471 0.0250139999 -8.63455884e-09 -4.34088253e-08 1
LGIC_C 302 0.397047098 0.325875534 0.0250140091 -4.20574004e-08 -2.81018564e-08 1
LGIC_C 303 -0.0347141979 0.352638141 0.0250140011 9.86805557e-09 -4.96100883e-08 1
LGIC_C 304 -0.14421496 0.398373302 0.0250140021 -6.33661298e-09 -4.96100859e-08 1
LGIC_C 305 -0.437114834 0.250292226 0.0250140055 3.68002297e-08 -2.45891157e-08 1
LGIC_C 306 0.170607002 0.102394085 0.0250139939 3.37890593e-08 4.80634111e-08 -1
LGIC_C 307 -0.398818516 0.277111584 0.0250140062 -4.82586679e-08 1.31306769e-08 -1
LGIC_C 308 0.624784747 -0.252676939 0.0250140125 -4.34088226e-08 8.63456802e-09 1
LGIC_C 309 0.134059237 0.128439825 0.0250139913 -3.68002282e-08 -2.45891172e-08 1
LGIC_C 310 0.105882038 0.807812809 0.0250140192 -8.63455884e-09 -4.34088253e-08 1
LGIC_C 311 0.560034669 0.594306442 0.0250140189 -2.45891309e-08 -3.68002211e-08 1
LGIC_C 312 0.30308628 0.219979538 0.0250140022 -4.20574004e-08 -2.81018564e-08 1
LGIC_C 313 0.69282738 0.366522412 0.0250140178 -3.68002282e-08 -2.45891172e-08 1
LGIC_C 314 -0.250561218 0.492178877 0.0250140075 2.45891128e-08 -3.68002333e-08 1
LGIC_C 315 -0.0841543349 0.0171203321 0.0250139876 4.96100897e-08 -9.86805572e-09 1
LGIC_C 316 -0.220096899 -0.203633475 0.025014 6.28883752e-09 7.55636663e-08 1
LGIC_C 317 -0.398033886 -0.188268332 0.0250140025 3.68002489e-08 2.45891179e-08 1
LGIC_C 318 -0.221995987 -0.338006509 0.0250140005 -5.56021111e-08 -1.45571543e-08 -1
LGIC_C 319 -0.519646361 -0.0549973199 0.0250140043 -4.34088282e-08 2.70157287e-08 -1
LGIC_C 320 0.419190572 0.560963823 0.0250140186 -2.81018716e-08 -4.20573923e-08 1
LGIC_C 321 0.611551615 -0.278269321 0.0250140173 -3.37890406e-08 4.80634332e-08 1
LGIC_C 322 0.546704713 0.217066451 0.0250140174 -5.78784335e-08 -1.15127284e-08 1
LGIC_C 323 -0.313822414 -0.66584674 0.0250140201 2.81018674e-08 4.20574117e-08 1
LGIC_C 324 0.0236710655 0.688354893 0.0250140173 -6.33660387e-09 4.96100877e-08 -1
LGIC_C 325 0.469658213 0.646923162 0.0250140186 -2.45891309e-08 -3.68002211e-08 1
LGIC_C 326 0.176114846 0.652220405 0.0250140145 -6.33660387e-09 4.96100877e-08 -1
LGIC_C 327 -0.300826647 -0.0346972291 0.0250139972 -4.96100919e-08 2.90231703e-08 -1
LGIC_C 328 -0.41250773 0.0136122154 0.0250140015 4.34088279e-08 -2.48392273e-08 1
LGIC_C 329 0.61369515 -0.195021523 0.0250140156 -4.96100859e-08 9.86807898e-09 1
LGIC_C 330 0.379920979 -0.0714383072 0.0250140043 -4.96100802e-08 3.14742968e-08 1
LGIC_C 331 0.236385202 -0.0764822317 0.0250139954 -4.34088182e-08 2.48392526e-08 1
LGIC_C 332 -0.0388921665 -0.347907038 0.0250140009 9.8680833e-09 4.96100963e-08 1
LGIC_C 333 0.452970166 0.155733431 0.0250140042 -4.34088272e-08 -8.63453573e-09 1
LGIC_C 334 0.250129112 0.809447476 0.0122372264 0.194186548 0.976240951 0.0961519121
LGIC_C 335 0.192211797 0.610692516 0.0250140123 -6.33660387e-09 4.96100877e-08 -1
LGIC_C 336 -0.752243187 0.000617344896 0.0250140159 4.34088279e-08 -2.48392273e-08 1
LGIC_C 337 -0.0677618892 -0.00545026686 0.0250139865 -4.96100919e-08 2.90231703e-08 -1
LGIC_C 338 -0.182433646 0.324064915 0.0250139997 2.45891128e-08 -3.68002333e-08 1
LGIC_C 339 0.171599443 -0.19463706 0.0250139949 -1.31306721e-08 4.82586744e-08 1
LGIC_C 340 -0.325363254 0.60397326 0.0250140178 2.8101852e-08 -4.20574041e-08 1
LGIC_C 341 -0.0643599047 -0.722368173 0.0250140152 8.63456455e-09 4.34088336e-08 1
LGIC_C 342 -0.847850616 -0.00289381553 0.02501402 -4.34088282e-08 2.70157287e-08 -1
LGIC_C 343 0.243496175 0.454421092 0.0250140084 1.3130701e-08 4.82586573e-08 -1
LGIC_C 344 -0.118552 0.0355677568 0.0250139884 5.7878425e-08 4.89846948e-08 1
LGIC_C 345 -0.121279792 -0.12894217 0.0250139932 7.55636799e-08 6.2887973e-09 1
LGIC_C 346 0.334757463 0.31505236 0.0250140033 -3.68002282e-08 -2.45891172e-08 1
LGIC_C 347 0.472455705 -0.201335496 0.025014013 -4.90669481e-08 3.27855328e-08 1
LGIC_C 348 -0.140044296 -0.619773931 0.0250140154 9.8680833e-09 4.96100963e-08 1
LGIC_C 349 -0.180010058 -0.530493293 0.0250140043 -2.90231482e-08 4.96101036e-08 1
LGIC_C 350 -0.229334921 0.33918786 0.0250140014 2.45891128e-08 -3.68002333e-08 1
LGIC_C 351 -0.121114995 0.0691474069 0.0250139907 3.37890593e-08 -4.80634052e-08 1
LGIC_C 352 -0.192065318 -0.33792804 0.0250140012 3.95603082e-08 3.05989652e-08 1
LGIC_C 353 -0.340480182 0.156209298 0.025014002 4.20574045e-08 -2.81018523e-08 1
LGIC_C 354 0.143596615 0.211277724 0.0250139962 -2.81018716e-08 -4.20573923e-08 1
LGIC_C 355 0.104783702 -0.56575832 0.0250140149 1.00935263e-08 5.7878447e-08 1
LGIC_C 356 0.119465904 0.68543567 0.025014014 -8.63455884e-09 -4.34088253e-08 1
LGIC_C 357 0.754943914 0.14256975 0.0250140198 -4.96100869e-08 6.3366408e-09 1
LGIC_C 358 0.0612551187 -0.0250332502 0.0250139865 -4.96100859e-08 9.86807898e-09 1
LGIC_C 359 -0.241977163 0.201190001 0.025014 6.28881943e-09 -7.55636452e-08 1
LGIC_C 360 -0.482947741 0.440531331 0.0250140119 3.68002297e-08 -2.45891157e-08 1
LGIC_C 361 0.587122425 -0.158344068 0.0250140139 -4.96100859e-08 9.86807898e-09 1
LGIC_C 362 -0.423784665 -0.0992436115 0.0250140014 -4.96100919e-08 2.90231703e-08 -1
LGIC_C 363 -0.378759861 0.436724719 0.0250140093 1.31306824e-08 -4.82586643e-08 1
LGIC_C 364 0.0827417724 0.14740418 0.0250139932 -3.27855134e-08 -4.90669575e-08 1
LGIC_C 365 0.598232763 -0.306631319 0.025014017 -4.20573976e-08 2.81018683e-08 1
LGIC_C 366 -0.3070376 -0.700054963 0.0250140168 3.95603082e-08 3.05989652e-08 1
LGIC_C 367 0.397290475 -0.169365627 0.0250140021 -3.05989503e-08 3.95603122e-08 1
LGIC_C 368 -0.106511627 -0.273619929 0.0250139978 2.48392553e-08 4.34088306e-08 1
LGIC_C 369 -0.110975019 -0.586216734 0.0250140091 -2.90231482e-08 4.96101036e-08 1
LGIC_C 370 -0.396218854 -0.559127239 0.0250140136 2.45891453e-08 3.68002268e-08 1
LGIC_C 371 0.195304039 0.0880414441 0.0250139926 -3.68002282e-08 -2.45891172e-08 1
LGIC_C 372 -0.0714660454 0.459136711 0.0250140038 8.63455111e-09 -4.34088279e-08 1
LGIC_C 373 -0.561707624 0.537297346 0.0250140172 3.68002297e-08 -2.45891157e-08 1
LGIC_C 374 0.0661533104 -0.202458878 0.0250139929 6.33663526e-09 4.9610097e-08 1
LGIC_C 375 0.166970054 -0.622622311 0.0250140176 1.00935263e-08 5.7878447e-08 1
LGIC_C 376 0.403571775 0.387337454 0.0250140111 -4.20574004e-08 -2.81018564e-08 1
LGIC_C 377 0.320811221 0.14751217 0.0250139987 -3.68002282e-08 -2.45891172e-08 1
LGIC_C 378 -0.643564489 0.0935759751 0.0250140125 4.96100851e-08 2.90231542e-08 1
LGIC_C 379 -0.0321912292 -0.495241293 0.0250140081 9.8680833e-09 4.96100963e-08 1
LGIC_C 380 0.0845513534 0.629279308 0.0250140153 -9.86806672e-09 -4.96100854e-08 1
LGIC_C 381 0.00800654172 0.617274315 0.025014014 -9.86806672e-09 -4.96100854e-08 1
LGIC_C 382 0.577951473 -0.275202186 0.025014016 -3.37890406e-08 4.80634332e-08 1
LGIC_C 383 0.341594896 -0.512306528 0.0250140196 -3.27854948e-08 4.90669785e-08 1
LGIC_C 384 -0.461954458 -0.384809291 0.0250140152 6.28883752e-09 7.55636663e-08 1
LGIC_C 385 0.629276666 0.0564255486 0.0250140203 -5.78784335e-08 -1.15127284e-08 1
LGIC_C 386 0.533071623 -0.480165378 0.0250140147 -3.68002179e-08 2.45891393e-08 1
LGIC_C 387 0.528636322 -0.24122601 0.0250140127 -3.37890406e-08 4.80634332e-08 1
LGIC_C 388 -0.017950381 0.488001227 0.0250140081 -3.14742797e-08 4.96100914e-08 -1
LGIC_C 389 0.363318747 -0.368040286 0.0250140132 -3.27854948e-08 4.90669785e-08 1
LGIC_C 390 0.524463806 0.0123636771 0.0250140092 -4.96100869e-08 6.3366408e-09 1
LGIC_C 391 -0.203766218 0.0991501762 0.0250139949 3.37890593e-08 -4.80634052e-08 1
LGIC_C 392 -0.201464157 -0.580402612 0.0250140062 -2.90231482e-08 4.96101036e-08 1
LGIC_C 393 -0.00399774635 -0.300751657 0.0250139963 8.63456455e-09 4.34088336e-08 1
LGIC_C 394 0.410276484 0.661963958 0.0250140177 -2.45891309e-08 -3.68002211e-08 1
LGIC_C 395 0.350708187 0.438047585 0.025014009 1.3130701e-08 4.82586573e-08 -1
LGIC_C 396 0.282942319 0.408277633 0.0250140067 1.3130701e-08 4.82586573e-08 -1
LGIC_C 397 -0.666564021 0.238019111 0.0250140143 4.34088259e-08 -8.63455061e-09 1
LGIC_C 398 -0.553812325 0.24115658 0.0250140136 3.37890593e-08 -4.80634052e-08 1
LGIC_C 399 0.605355008 -0.159757113 0.0250140183 -4.96100802e-08 3.14742968e-08 1
