VGCC_O 9 0.0953603447 -0.018533153 0.0466930096 -1.14792244e-06 -1.24564753e-07 -1
VGCC_O 8 -0.134706799 0.0161271258 0.0466933331 -1.62059677e-06 3.22356891e-07 -1
VGCC_O 6 -0.12622171 0.0241576588 0.046693322 -1.62059677e-06 3.22356891e-07 -1
VGCC_O 5 0.113746944 -0.0200409323 0.0466929896 -1.01287282e-06 -1.51427976e-07 -1
VGCC_O 3 0.0772568984 -0.00428239309 0.046693036 -1.41802159e-06 2.82063681e-07 -1
CaBS 10 0.111096107 -0.0281356411 0.0862561062 0.751399702 -0.322919474 0.575431578
CaBS 11 0.0960296651 -0.0273318188 0.0802642058 -0.321328743 -0.750213836 0.577864204
CaBS 13 0.111001339 -0.00832648825 0.0812220209 0.324116486 0.74980293 0.576839726
CaBS 14 0.100029341 -0.0294643179 0.0597591628 -0.324116536 -0.749802846 -0.576839807
CaBS 15 0.105743094 -0.0369967635 0.0708348655 0.34654604 -0.867983022 0.355684293
CaBS 16 0.121181974 -0.0111719065 0.0603893188 0.735818353 0.677177225 -0.00153536905
CaBS 17 0.0928626131 -0.0273163101 0.0705321627 -0.735818491 -0.677177075 0.00153536998
CaBS 18 0.091950359 -0.0263172644 0.0739693981 -0.735818491 -0.677177075 0.00153536998
CaBS 19 0.106626929 -0.0362766997 0.0677417784 0.344822999 -0.867728964 -0.357971429
CaBS 20 0.11577747 -0.0129054153 0.0826556521 0.333750516 0.131703927 0.933415593
CaBS 21 0.0967444253 -0.00674138882 0.0754231844 -0.344822968 0.867728907 0.357971598
CaBS 22 0.0965949695 -0.0092202053 0.0788980784 -0.748611723 0.322508223 0.579283121
CaBS 23 0.10087715 -0.0106031809 0.0542006325 -0.751399618 0.322919164 -0.575431861
CaBS 24 0.117402127 -0.00703998839 0.0713055282 0.735818353 0.677177225 -0.00153536905
CaBS 25 -0.0900211897 0.00500036994 0.0630311933 0.74861179 -0.322508554 -0.579282851
CaBS_Ca 57 -0.0874390626 0.007058797 0.0674819505 0.999896301 0.0141980506 -0.0024089266
Ca 4 0.340289494 0.153663201 0.161089763 0 0 0
CaBS_Ca 64 -0.0924656282 0.0159548037 0.0572548991 0.329239713 0.132369034 -0.93492227
Ca 1 -0.737799673 0.0434879959 0.0974169179 0 0 0
Ca 7 -0.380080557 0.226968601 0.4997831 0 0 0
Ca 8 0.457343856 0.169610138 0.820373297 0 0 0
Ca 6 0.416714666 3.45610368e-05 0.435595267 0 0 0
Ca 7 -0.0314936052 -0.496655798 0.412047005 0 0 0
Ca 6 -0.156975698 -0.0783381118 0.786130812 0 0 0
Ca 1 -0.141880879 -0.0452933545 0.874971958 0 0 0
Ca 1 -0.110118056 0.172393744 0.856126071 0 0 0
Ca 1 -0.109045386 -0.175271658 0.763356998 0 0 0
Ca 7 -0.620254078 -0.306632018 0.399402205 0 0 0
Ca 1 -0.100440506 0.327097142 0.487540408 0 0 0
Ca 1 -0.555788426 -0.328387273 0.323256492 0 0 0
Ca 6 0.407493471 0.0406198157 0.310985517 0 0 0
Ca 6 0.129674132 0.391960399 0.145879973 0 0 0
Ca 8 -0.227152894 0.339071103 0.402193163 0 0 0
Ca 7 0.265574996 0.403679568 0.154661577 0 0 0
Ca 8 0.0497425762 -0.178005158 0.467301323 0 0 0
Ca 1 -0.174056238 0.200702485 0.650433366 0 0 0
Ca 4 -0.35397126 -0.251029413 0.630699528 0 0 0
Ca 1 -0.00103980271 -0.295468784 0.658208856 0 0 0
Ca 6 -0.0419130326 -0.124429335 0.253576583 0 0 0
Ca 8 -0.585460079 0.0543575004 0.194427195 0 0 0
Ca 1 0.196232365 -0.31534006 0.471381124 0 0 0
Ca 4 -0.265060496 0.0365018317 0.21440795 0 0 0
Ca 8 -0.45152878 -0.238773144 0.398272565 0 0 0
Ca 7 0.0368045783 0.456881166 0.410082952 0 0 0
Ca 7 -0.467665266 -0.30422503 0.141938499 0 0 0
Ca 8 -0.397904824 -0.243734585 0.302480904 0 0 0
Ca 8 -0.0514793511 -0.516566231 0.672361809 0 0 0
Ca 8 0.15556743 0.0909306887 0.345991405 0 0 0
Ca 1 -0.0336929415 -0.3439789 0.577778579 0 0 0
Ca 6 -0.0448657245 0.0998902846 0.630486542 0 0 0
Ca 4 -0.060634763 -0.15413609 0.0832825002 0 0 0
Ca 6 -0.203336083 0.00145584442 0.35982852 0 0 0
Ca 8 0.12931276 -0.365596662 0.331487826 0 0 0
Ca 4 -0.491237782 -0.219578828 0.568049549 0 0 0
Ca 6 -0.384257566 -0.310294497 0.406298881 0 0 0
CaBS_Ca 66 -0.0960971902 5.50194799e-05 0.0800933945 0.346545964 -0.867983059 0.355684276
Ca 7 -0.115785423 -0.109037512 0.190760461 0 0 0
Ca 6 0.567191384 -0.108704285 0.10889023 0 0 0
Ca 6 0.146951847 0.0440533523 0.17226311 0 0 0
Ca 7 0.00911619049 0.239506367 0.553140385 0 0 0
Ca 1 -0.261593365 0.36593203 0.51716834 0 0 0
Ca 7 -0.425039067 -0.318514569 0.291047695 0 0 0
Ca 4 -0.444083065 0.253216095 0.119283163 0 0 0
Ca 4 0.000780198848 0.376115669 0.433348513 0 0 0
Ca 8 0.143303782 0.129163077 0.0494232175 0 0 0
Ca 8 -0.373696293 -0.00867479233 0.162946887 0 0 0
Ca 4 -0.154354356 0.208273055 0.263381805 0 0 0
Ca 7 -0.253186413 -0.19278786 0.174454865 0 0 0
Ca 1 0.258583435 -0.157697184 0.311644465 0 0 0
Ca 6 -0.0835143184 0.0472679581 0.209263916 0 0 0
Ca 6 -0.577021894 0.0729709346 0.0482994205 0 0 0
Ca 6 -0.240271046 -0.0941583732 0.539599306 0 0 0
Ca 7 -0.039138592 -0.0498764203 0.119937536 0 0 0
Ca 4 -0.0459152327 -0.294867938 0.258391274 0 0 0
Ca 8 0.107481651 -0.370016724 0.306047681 0 0 0
Ca 7 -0.757026652 0.105350165 0.208158753 0 0 0
Ca 4 -0.25817638 0.0451238392 0.117860275 0 0 0
Ca 4 -0.0865329471 -0.269815577 0.199243202 0 0 0
Ca 6 -0.285667241 -0.121133803 0.108526115 0 0 0
Ca 7 -0.230871574 -0.144896161 0.164390184 0 0 0
Ca 8 -0.09628624 0.218718413 0.322024998 0 0 0
Ca 1 -0.13658803 0.109754473 0.252769941 0 0 0
Ca 1 -0.00645877481 -0.0676340706 0.0943266896 0 0 0
Ca 7 0.00584028658 -0.178731134 0.163912395 0 0 0
Ca 6 -0.104769005 0.168641799 0.186983571 0 0 0
Ca 1 -0.187053303 -0.0980998496 0.0502211963 0 0 0
Ca 4 -0.203818576 -0.0742836883 0.207336431 0 0 0
Ca 6 -0.123920804 0.165896618 0.141739003 0 0 0
Ca 1 -0.136954268 0.127402909 0.0712697581 0 0 0
Ca 1 -0.121128047 -0.0157506887 0.0846863009 0 0 0
Ca 8 -0.228104851 0.00305952018 0.0666247073 0 0 0
Ca 1 -0.220938482 0.0559460208 0.146719046 0 0 0
Ca 8 -0.166988086 -0.039332209 0.0974495322 0 0 0
Ca 1 -0.195337102 0.009343707 0.0849645434 0 0 0
Ca 6 -0.180077814 -0.00800265079 0.0639615678 0 0 0
Ca 1 -0.100551031 -0.0273519691 0.0532765577 0 0 0
Ca 1 -0.0983311149 0.0228194774 0.0466577072 0 0 0
VGCC_O 2 0.119933892 -0.04777957 0.0466929781 -1.41802115e-06 2.82063236e-07 -1
VGCC_O 0 0.11238887 -0.0311459409 0.0466929927 -1.01287282e-06 -1.51427976e-07 -1
VGCC_O 4 -0.108229728 0.00324736392 0.0466932869 -8.10297798e-07 1.61178104e-07 -1
VGCC_O 7 -0.137449801 0.00579357966 0.0466933342 -1.62059625e-06 3.22356338e-07 -1
VGCC_O 1 -0.126159285 0.0151063295 0.0466933189 -1.62059625e-06 3.22356338e-07 -1
TAG 41 -0.105784995 0.0105052503 0.0536665039 -0.333750681 -0.131703993 -0.933415524
TAG 65 0.119072188 -0.020557456 0.0800936336 0.751399702 -0.322919474 0.575431578
TAG 63 -0.104896891 0.0149528875 0.0527352849 0.329239713 0.132369034 -0.93492227
TAG 62 -0.0995730683 0.0302300905 0.0690462359 0.3213287 0.750213891 -0.577864158
TAG 59 -0.100018848 -0.00188752594 0.0603333581 0.344822933 -0.867729023 -0.35797135
TAG 55 -0.119337383 0.0151637023 0.0699872324 -0.999896295 -0.0141984574 0.00240892698
TAG 54 -0.104785227 0.0261860029 0.076486355 -0.344822968 0.867728888 0.357971643
TAG 53 -0.089146311 -0.000197085518 0.0670554248 0.74861179 -0.322508554 -0.579282851
TAG 52 -0.119278263 0.0119799944 0.0757618237 -0.999896295 -0.0141984574 0.00240892698
TAG 51 -0.102448777 0.00747370566 0.0865367572 -0.329239868 -0.132369105 0.934922205
TAG 45 -0.113699624 0.0170707545 0.0588716642 -0.751399624 0.322919173 -0.575431849
TAG 44 -0.11923843 0.00668793202 0.0611035411 -0.999896295 -0.0141984574 0.00240892698
LGIC_C 0 0.51958893 0.222285006 0.0250140113 -4.20574004e-08 -2.81018564e-08 1
LGIC_C 1 -0.337071206 0.0551516679 0.0250139984 4.34088259e-08 -8.63455061e-09 1
LGIC_C 2 -0.538468701 0.0845366598 0.0250140108 4.96100897e-08 -9.86805572e-09 1
LGIC_C 3 0.239489745 -0.666627928 0.0250140187 -9.86804037e-09 4.96101e-08 1
LGIC_C 4 -0.403908145 -0.231642349 0.0250140033 6.28883752e-09 7.55636663e-08 1
LGIC_C 5 0.0550096071 -0.520211747 0.0250140128 1.00935263e-08 5.7878447e-08 1
LGIC_C 6 -0.3237864 0.474243469 0.0250140146 1.28239438e-08 -5.73353116e-08 1
LGIC_C 7 -0.689217957 0.427767749 0.0250140192 3.68002297e-08 -2.45891157e-08 1
LGIC_C 8 -0.224821249 0.28338683 0.0250139992 2.45891128e-08 -3.68002333e-08 1
LGIC_C 9 -0.436060832 -0.266850729 0.0250140061 6.28883752e-09 7.55636663e-08 1
LGIC_C 10 -0.439049161 -0.609157694 0.0250140193 3.95603082e-08 3.05989652e-08 1
LGIC_C 11 0.156072967 0.559944588 0.0250140101 -6.33660387e-09 4.96100877e-08 -1
LGIC_C 12 0.372052213 0.154159699 0.0250140066 -4.90669739e-08 -3.27854893e-08 1
LGIC_C 13 0.725693934 -0.101662027 0.0250140202 -4.96100859e-08 9.86807898e-09 1
LGIC_C 14 0.657909696 0.240118721 0.0250140143 -4.96100869e-08 6.3366408e-09 1
LGIC_C 15 -0.432646906 -0.323197732 0.0250140065 5.39043203e-09 6.47688584e-08 1
LGIC_C 16 0.628063933 -0.162659351 0.025014016 -4.96100859e-08 9.86807898e-09 1
LGIC_C 17 -0.545639696 0.344464358 0.0250140141 -4.82586679e-08 1.31306769e-08 -1
LGIC_C 18 0.27878217 -0.450722376 0.02501401 -2.81018481e-08 4.20574137e-08 1
LGIC_C 19 -0.317672715 0.288467886 0.0250140079 3.37890593e-08 -4.80634052e-08 1
LGIC_C 20 0.126367501 -0.408006272 0.0250140083 -1.15127059e-08 5.78784511e-08 1
LGIC_C 21 -0.0267798586 -0.172384969 0.025013991 -2.90231482e-08 4.96101036e-08 1
LGIC_C 22 0.159773037 0.635215099 0.0250140164 -9.86806672e-09 -4.96100854e-08 1
LGIC_C 23 -0.43133877 0.419108677 0.0250140094 3.68002297e-08 -2.45891157e-08 1
LGIC_C 24 0.125217853 0.439176302 0.0250140063 -9.86806672e-09 -4.96100854e-08 1
LGIC_C 25 0.369834266 -0.00762193347 0.0250139994 -4.34088226e-08 8.63456802e-09 1
LGIC_C 26 -0.040256065 0.251875635 0.0250139983 1.15127271e-08 -5.78784352e-08 1
LGIC_C 27 -0.263476278 0.524254995 0.0250140176 3.27854968e-08 -4.90669676e-08 1
LGIC_C 28 0.683025746 0.113910184 0.0250140139 -4.34088272e-08 -8.63453573e-09 1
LGIC_C 29 -0.615761691 -0.123610104 0.0250140129 5.7878436e-08 -4.89847332e-08 1
LGIC_C 30 0.646461838 0.0912326521 0.0250140147 -4.96100869e-08 6.3366408e-09 1
LGIC_C 31 -0.403009804 -0.433690744 0.0250140125 3.95603082e-08 3.05989652e-08 1
LGIC_C 32 0.062773297 0.0869039638 0.0250139887 -2.81018716e-08 -4.20573923e-08 1
LGIC_C 33 -0.0291831066 0.632075895 0.025014011 8.63455111e-09 -4.34088279e-08 1
LGIC_C 34 0.237550175 -0.499963839 0.0250140155 -3.27854948e-08 4.90669785e-08 1
LGIC_C 35 -0.159005705 -0.509089944 0.0250140039 -2.90231482e-08 4.96101036e-08 1
LGIC_C 36 0.533251723 -0.617407931 0.0250140191 -2.45891087e-08 3.68002429e-08 1
LGIC_C 37 0.112460034 0.760510059 0.0250140172 -8.63455884e-09 -4.34088253e-08 1
LGIC_C 38 0.725224671 -0.303756324 0.0250140174 -3.05989503e-08 3.95603122e-08 1
LGIC_C 39 0.721105458 0.336013826 0.025014018 -3.68002282e-08 -2.45891172e-08 1
LGIC_C 40 -0.665738897 0.0337520013 0.025014013 4.34088279e-08 -2.48392273e-08 1
LGIC_C 41 -0.524976716 0.617024981 0.0250140189 2.45891128e-08 -3.68002333e-08 1
LGIC_C 42 -0.270347874 -0.670035131 0.0250140147 8.63456455e-09 4.34088336e-08 1
LGIC_C 43 -0.585607982 -0.511785469 0.0250140155 1.15916899e-08 4.97976879e-08 1
LGIC_C 44 0.342721303 0.565636861 0.0250140151 1.3130701e-08 4.82586573e-08 -1
LGIC_C 45 -0.000648717509 -0.237907876 0.0250139936 2.48392553e-08 4.34088306e-08 1
LGIC_C 46 -0.211936818 -0.178908858 0.025013996 5.39043203e-09 6.47688584e-08 1
LGIC_C 47 0.509055508 -0.202647807 0.025014015 -5.78784275e-08 1.15127558e-08 1
LGIC_C 48 -0.0587276002 -0.388653927 0.0250140006 8.63456455e-09 4.34088336e-08 1
LGIC_C 49 -0.492825828 -0.177502452 0.0250140062 4.34088238e-08 8.63459484e-09 1
LGIC_C 50 0.236268377 -0.314325122 0.0250140064 -3.27854948e-08 4.90669785e-08 1
LGIC_C 51 -0.567962306 -0.0224226927 0.0250140073 -4.34088282e-08 2.70157287e-08 -1
LGIC_C 52 0.656344405 -0.166037874 0.0250140158 -4.34088182e-08 2.48392526e-08 1
LGIC_C 53 0.325547142 -0.077379942 0.0250139993 -4.34088182e-08 2.48392526e-08 1
LGIC_C 54 -0.0365111911 -0.235428254 0.0250139951 -4.89847109e-08 5.78784581e-08 1
LGIC_C 55 0.438641673 0.485385444 0.0250140119 -2.45891309e-08 -3.68002211e-08 1
LGIC_C 56 -0.119948382 -0.226460781 0.0250139932 -5.56021111e-08 -1.45571543e-08 -1
LGIC_C 57 -0.0616902292 0.422873363 0.0250140062 -3.14742797e-08 4.96100914e-08 -1
LGIC_C 58 0.437824452 -0.054346497 0.0250140036 -4.34088182e-08 2.48392526e-08 1
LGIC_C 59 -0.417438355 -0.181612727 0.0250139994 1.45571809e-08 5.5602105e-08 1
LGIC_C 60 0.107402738 0.507521203 0.0250140118 -3.14742949e-08 -4.96100822e-08 1
LGIC_C 61 -0.391506115 0.350059869 0.0250140096 4.20574045e-08 -2.81018523e-08 1
LGIC_C 62 -0.0223372907 0.408049981 0.0250140042 -3.14742797e-08 4.96100914e-08 -1
LGIC_C 63 0.188173575 -0.044322173 0.025013993 -4.96100859e-08 9.86807898e-09 1
LGIC_C 64 -0.225456188 0.0292569538 0.0250139949 5.7878425e-08 4.89846948e-08 1
LGIC_C 65 0.0241809341 0.313726765 0.0250139991 -9.86806672e-09 -4.96100854e-08 1
LGIC_C 66 -0.282517148 -0.318864552 0.0250140019 2.45891453e-08 3.68002268e-08 1
LGIC_C 67 -0.467496625 0.430764264 0.0250140188 6.28881943e-09 -7.55636452e-08 1
LGIC_C 68 -0.64931127 -0.0989754507 0.0250140088 -4.34088282e-08 2.70157287e-08 -1
LGIC_C 69 -0.710596887 -0.368703686 0.0250140185 3.68002489e-08 2.45891179e-08 1
LGIC_C 70 -0.00954865518 0.394200206 0.0250140005 8.63455111e-09 -4.34088279e-08 1
LGIC_C 71 0.544683094 0.139955555 0.0250140164 -5.78784335e-08 -1.15127284e-08 1
LGIC_C 72 0.145521541 0.367035779 0.0250140004 -8.63455884e-09 -4.34088253e-08 1
LGIC_C 73 -0.0196533368 0.000607791177 0.0250139841 4.34088279e-08 -2.48392273e-08 1
LGIC_C 74 0.50482268 0.501226929 0.0250140142 -4.82586616e-08 -1.31306776e-08 1
LGIC_C 75 0.501868784 -0.591222103 0.0250140173 -2.45891087e-08 3.68002429e-08 1
LGIC_C 76 -0.687959451 0.0632118631 0.0250140156 4.96100851e-08 2.90231542e-08 1
LGIC_C 77 0.330022229 -0.239590286 0.0250140028 -3.05989503e-08 3.95603122e-08 1
LGIC_C 78 0.258228485 0.37494908 0.0250140101 -3.27855134e-08 -4.90669575e-08 1
LGIC_C 79 -0.575966381 -0.257672657 0.0250140027 1.15916899e-08 4.97976879e-08 1
LGIC_C 80 0.697013803 -0.0538022075 0.025014014 -4.34088226e-08 8.63456802e-09 1
LGIC_C 81 0.049558604 0.67867046 0.0250140166 -6.33660387e-09 4.96100877e-08 -1
LGIC_C 82 0.512409783 -0.309566342 0.0250140112 -3.05989503e-08 3.95603122e-08 1
LGIC_C 83 -0.364209763 0.262285282 0.0250140043 -4.82586679e-08 1.31306769e-08 -1
LGIC_C 84 0.220229419 0.510772437 0.0250140109 -2.81018716e-08 -4.20573923e-08 1
LGIC_C 85 -0.0713892886 0.142234136 0.0250139923 1.28239438e-08 -5.73353116e-08 1
LGIC_C 86 0.561926932 -0.336527559 0.0250140184 -3.37890406e-08 4.80634332e-08 1
LGIC_C 87 -0.319386032 -0.227212449 0.0250140005 1.45571809e-08 5.5602105e-08 1
LGIC_C 88 -0.601081158 -0.518694217 0.025014016 1.15916899e-08 4.97976879e-08 1
LGIC_C 89 0.251923246 -0.494415991 0.0250140104 -1.31306721e-08 4.82586744e-08 1
LGIC_C 90 -0.370753437 -0.32386498 0.0250140066 1.45571809e-08 5.5602105e-08 1
LGIC_C 91 0.1302144 0.803192991 0.0250140193 -8.63455884e-09 -4.34088253e-08 1
LGIC_C 92 0.238116218 -0.699422651 0.0250140164 6.33663526e-09 4.9610097e-08 1
LGIC_C 93 -0.0718640945 0.577030267 0.0250140114 -6.33661298e-09 -4.96100859e-08 1
LGIC_C 94 0.159961147 -0.0649480673 0.0250139932 -4.96100802e-08 3.14742968e-08 1
LGIC_C 95 -0.322882663 -0.414144697 0.0250140072 -5.56021111e-08 -1.45571543e-08 -1
LGIC_C 96 0.319133241 -0.0209735625 0.0250139993 -4.96100859e-08 9.86807898e-09 1
LGIC_C 97 -0.404746267 0.0663349241 0.0250140014 4.96100851e-08 2.90231542e-08 1
LGIC_C 98 -0.34379223 -0.55883323 0.025014014 3.95603082e-08 3.05989652e-08 1
LGIC_C 99 0.220553703 -0.080623079 0.0250139967 -4.96100802e-08 3.14742968e-08 1
LGIC_C 100 -0.35502239 -0.498368277 0.0250140103 2.45891453e-08 3.68002268e-08 1
LGIC_C 101 -0.3765329 0.0148282178 0.0250140021 4.96100897e-08 -9.86805572e-09 1
LGIC_C 102 -0.338844665 0.44660703 0.0250140132 1.28239438e-08 -5.73353116e-08 1
LGIC_C 103 -0.453246206 -0.0335836057 0.0250140032 4.34088238e-08 8.63459484e-09 1
LGIC_C 104 0.596453587 -0.246252913 0.0250140153 -4.96100859e-08 9.86807898e-09 1
LGIC_C 105 -0.312280612 0.0895675373 0.0250139991 4.34088279e-08 -2.48392273e-08 1
LGIC_C 106 -0.288866266 0.801267615 0.015710128 -0.194186377 0.976241021 0.0961515493
LGIC_C 107 -0.749236881 -0.260275652 0.025014018 4.34088238e-08 8.63459484e-09 1
LGIC_C 108 -0.0386108979 -0.505012205 0.0250140061 2.48392553e-08 4.34088306e-08 1
LGIC_C 109 0.183168395 0.0947952729 0.0250139933 -4.82586616e-08 -1.31306776e-08 1
LGIC_C 110 -0.171191465 -0.70924371 0.0250140155 8.63456455e-09 4.34088336e-08 1
LGIC_C 111 -0.517064499 -0.142416664 0.0250140048 -4.96100919e-08 2.90231703e-08 -1
LGIC_C 112 0.729438521 -0.0221966409 0.0250140201 -4.96100802e-08 3.14742968e-08 1
LGIC_C 113 -0.0151989397 -0.697014593 0.0250140139 2.48392553e-08 4.34088306e-08 1
LGIC_C 114 -0.354761646 0.411060478 0.0250140114 1.28239438e-08 -5.73353116e-08 1
LGIC_C 115 0.514535245 -0.381800961 0.0250140141 -3.05989503e-08 3.95603122e-08 1
LGIC_C 116 0.188979253 -0.457288142 0.0250140078 1.00935263e-08 5.7878447e-08 1
LGIC_C 117 -0.196828492 -0.0420974551 0.0250139918 -4.96100919e-08 2.90231703e-08 -1
LGIC_C 118 -0.319469865 -0.334803643 0.0250140059 -5.56021111e-08 -1.45571543e-08 -1
LGIC_C 119 0.0806243545 0.402170542 0.025014004 -9.86806672e-09 -4.96100854e-08 1
LGIC_C 120 0.0189496413 0.461776485 0.0250140064 -9.86806672e-09 -4.96100854e-08 1
LGIC_C 121 -0.441455995 -0.417352554 0.0250140091 1.15916899e-08 4.97976879e-08 1
LGIC_C 122 0.610315155 -0.343928515 0.0250140141 -3.68002179e-08 2.45891393e-08 1
LGIC_C 123 0.342538775 -0.270228526 0.0250140089 -4.90669481e-08 3.27855328e-08 1
LGIC_C 124 0.500834357 -0.423558033 0.0250140121 -3.68002179e-08 2.45891393e-08 1
LGIC_C 125 0.139720414 -0.157118977 0.0250139926 -1.31306721e-08 4.82586744e-08 1
LGIC_C 126 0.638353941 -0.349708935 0.0250140166 -3.05989503e-08 3.95603122e-08 1
LGIC_C 127 0.240960097 -0.295391172 0.0250140006 -1.31306721e-08 4.82586744e-08 1
LGIC_C 128 0.226587783 -0.365011648 0.0250140022 -2.45891087e-08 3.68002429e-08 1
LGIC_C 129 0.453580362 -0.110290158 0.0250140039 -4.34088226e-08 8.63456802e-09 1
LGIC_C 130 -0.636365921 0.221445389 0.0250140128 4.34088259e-08 -8.63455061e-09 1
LGIC_C 131 0.407076601 0.254618424 0.0250140062 -4.82586616e-08 -1.31306776e-08 1
LGIC_C 132 -0.259716845 0.0983360454 0.0250139935 5.7878425e-08 4.89846948e-08 1
LGIC_C 133 -0.617222866 -0.0538111584 0.0250140105 4.34088238e-08 8.63459484e-09 1
LGIC_C 134 0.310091116 -0.650143449 0.0250140148 -2.45891087e-08 3.68002429e-08 1
LGIC_C 135 -0.309906845 -0.267513397 0.0250140054 6.28883752e-09 7.55636663e-08 1
LGIC_C 136 0.42168332 -0.256887119 0.0250140051 -3.68002179e-08 2.45891393e-08 1
LGIC_C 137 0.366299368 -0.314254367 0.0250140069 -3.05989503e-08 3.95603122e-08 1
LGIC_C 138 -0.706287603 -0.200622839 0.0250140099 4.96100935e-08 -4.19869172e-08 1
LGIC_C 139 0.160841544 -0.0110119503 0.0250139915 -4.96100802e-08 3.14742968e-08 1
LGIC_C 140 0.449083729 0.577727755 0.0250140156 -2.45891309e-08 -3.68002211e-08 1
LGIC_C 141 0.49823529 0.110059225 0.0250140058 -4.34088272e-08 -8.63453573e-09 1
LGIC_C 142 -0.475693445 -0.525276117 0.0250140181 3.95603082e-08 3.05989652e-08 1
LGIC_C 143 -0.0826876283 -0.179251709 0.0250139931 2.81018674e-08 4.20574117e-08 1
LGIC_C 144 -0.465237754 -0.46645295 0.0250140159 -5.56021111e-08 -1.45571543e-08 -1
LGIC_C 145 0.20592013 0.0149112947 0.0250139934 -4.96100869e-08 6.3366408e-09 1
LGIC_C 146 0.00200091064 0.580256641 0.025014012 -6.33660387e-09 4.96100877e-08 -1
LGIC_C 147 -0.308385601 -0.329629753 0.025014003 2.45891453e-08 3.68002268e-08 1
LGIC_C 148 0.435338865 -0.0808054033 0.0250140094 -5.78784275e-08 1.15127558e-08 1
LGIC_C 149 0.567951703 0.519595771 0.0250140169 -3.68002282e-08 -2.45891172e-08 1
LGIC_C 150 0.404937244 0.155947061 0.0250140023 -4.96100869e-08 6.3366408e-09 1
LGIC_C 151 -0.118833748 -0.737894766 0.0250140163 8.63456455e-09 4.34088336e-08 1
LGIC_C 152 0.262040454 0.605425089 0.0250140161 -2.81018716e-08 -4.20573923e-08 1
LGIC_C 153 0.159555835 -0.177224322 0.0250139954 -1.28239349e-08 5.73353226e-08 1
LGIC_C 154 0.179531268 0.512827861 0.0250140105 -9.86806672e-09 -4.96100854e-08 1
LGIC_C 155 -0.622206917 0.122871492 0.0250140113 4.34088259e-08 -8.63455061e-09 1
LGIC_C 156 -0.255560594 0.0128469626 0.0250139945 4.34088259e-08 -8.63455061e-09 1
LGIC_C 157 -0.392896785 0.27174504 0.0250140063 6.28881943e-09 -7.55636452e-08 1
LGIC_C 158 0.372586856 0.162839748 0.0250140037 3.37890593e-08 4.80634111e-08 -1
LGIC_C 159 0.774576142 0.173164337 0.0250140184 -4.34088272e-08 -8.63453573e-09 1
LGIC_C 160 -0.250772659 -0.0516747538 0.0250139928 -4.34088282e-08 2.70157287e-08 -1
LGIC_C 161 -0.426860921 0.0926996464 0.0250140054 4.96100897e-08 -9.86805572e-09 1
LGIC_C 162 0.458983496 -0.0176635004 0.02501401 -5.78784275e-08 1.15127558e-08 1
LGIC_C 163 0.359478852 -0.225532691 0.0250140047 -4.20573976e-08 2.81018683e-08 1
LGIC_C 164 0.240058065 -0.600821364 0.0250140115 6.33663526e-09 4.9610097e-08 1
LGIC_C 165 -0.330165003 0.0430738932 0.0250139984 4.96100851e-08 2.90231542e-08 1
LGIC_C 166 -0.184553164 -0.691769198 0.0250140179 2.48392553e-08 4.34088306e-08 1
LGIC_C 167 -0.562882562 0.533316736 0.0250140174 -4.82586679e-08 1.31306769e-08 -1
LGIC_C 168 -0.561793026 -0.256369556 0.0250140029 5.39043203e-09 6.47688584e-08 1
LGIC_C 169 0.676468132 -0.451471695 0.0250140192 -3.68002179e-08 2.45891393e-08 1
LGIC_C 170 0.525485413 -0.343984406 0.0250140175 -3.37890406e-08 4.80634332e-08 1
LGIC_C 171 -0.188173063 0.286357379 0.0250140021 1.28239438e-08 -5.73353116e-08 1
LGIC_C 172 0.370620083 0.163929321 0.0250140034 -4.20574004e-08 -2.81018564e-08 1
LGIC_C 173 0.678018975 0.2963689 0.0250140155 -3.68002282e-08 -2.45891172e-08 1
LGIC_C 174 -0.0709824766 -0.527078689 0.0250140079 2.48392553e-08 4.34088306e-08 1
LGIC_C 175 0.441008377 -0.30407455 0.0250140127 -3.37890406e-08 4.80634332e-08 1
LGIC_C 176 -0.607578131 -0.582316339 0.0250140193 1.15916899e-08 4.97976879e-08 1
LGIC_C 177 0.315442308 0.319572502 0.0250140056 -2.81018716e-08 -4.20573923e-08 1
LGIC_C 178 0.0648027001 -0.615471781 0.0250140134 6.33663526e-09 4.9610097e-08 1
LGIC_C 179 -0.253621822 -0.174460919 0.025013998 6.28883752e-09 7.55636663e-08 1
LGIC_C 180 -0.154198156 0.257453248 0.0250139984 2.8101852e-08 -4.20574041e-08 1
LGIC_C 181 -0.628172664 -0.310546975 0.0250140067 5.39043203e-09 6.47688584e-08 1
LGIC_C 182 0.0801397327 -0.173841255 0.0250139928 -2.81018481e-08 4.20574137e-08 1
LGIC_C 183 0.666195573 0.322358927 0.0250140196 -4.82586616e-08 -1.31306776e-08 1
LGIC_C 184 0.710141368 -0.0434762162 0.0250140151 -4.34088182e-08 2.48392526e-08 1
LGIC_C 185 0.391396752 -0.118440412 0.0250140032 -4.34088182e-08 2.48392526e-08 1
LGIC_C 186 -0.615161663 -0.316799828 0.0250140071 5.39043203e-09 6.47688584e-08 1
LGIC_C 187 0.149621369 0.081381365 0.0250139933 -4.90669739e-08 -3.27854893e-08 1
LGIC_C 188 -0.75345707 0.0926452965 0.0250140168 4.34088259e-08 -8.63455061e-09 1
LGIC_C 189 -0.525180633 0.309725423 0.0250140141 4.20574045e-08 -2.81018523e-08 1
LGIC_C 190 0.336857838 -0.751688842 0.0250140192 -2.45891087e-08 3.68002429e-08 1
LGIC_C 191 -0.417089019 -0.235984462 0.0250140008 5.39043203e-09 6.47688584e-08 1
LGIC_C 192 -0.285130564 0.111647576 0.0250139966 4.34088259e-08 -8.63455061e-09 1
LGIC_C 193 0.307702533 0.0728221208 0.0250139992 -4.96100911e-08 -9.86803575e-09 1
LGIC_C 194 -0.671778254 0.363920704 0.0250140169 3.68002297e-08 -2.45891157e-08 1
LGIC_C 195 0.352628929 0.384895161 0.0250140094 -2.81018716e-08 -4.20573923e-08 1
LGIC_C 196 0.716306779 0.388960228 0.0250140192 -3.68002282e-08 -2.45891172e-08 1
LGIC_C 197 -0.251228589 -0.50229032 0.0250140079 2.45891453e-08 3.68002268e-08 1
LGIC_C 198 0.530679032 0.026471109 0.0250140065 -4.34088272e-08 -8.63453573e-09 1
LGIC_C 199 0.615175482 0.252262939 0.0250140122 -4.96100869e-08 6.3366408e-09 1
LGIC_C 200 0.721624227 -0.30933604 0.0250140174 -3.68002179e-08 2.45891393e-08 1
LGIC_C 201 0.22103767 0.145150194 0.0250139966 -4.20574004e-08 -2.81018564e-08 1
LGIC_C 202 -0.0290703819 -0.315041786 0.0250139976 2.48392553e-08 4.34088306e-08 1
LGIC_C 203 -0.174657309 -0.0701591042 0.02501399 5.7878436e-08 -4.89847332e-08 1
LGIC_C 204 -0.363644377 0.542442315 0.0250140163 2.8101852e-08 -4.20574041e-08 1
LGIC_C 205 -0.0823923779 0.245274519 0.0250139962 9.86805557e-09 -4.96100883e-08 1
LGIC_C 206 0.618796896 -0.363750025 0.0250140149 -3.68002179e-08 2.45891393e-08 1
LGIC_C 207 -0.130477288 -0.4467215 0.0250140027 -4.89847109e-08 5.78784581e-08 1
LGIC_C 208 -0.526155417 0.36558296 0.0250140135 -4.82586679e-08 1.31306769e-08 -1
LGIC_C 209 -0.00537593595 -0.00900502022 0.0250139847 -7.86852791e-08 -1.17760747e-07 -1
LGIC_C 210 0.0454927061 0.239369751 0.0250139956 -9.86806672e-09 -4.96100854e-08 1
LGIC_C 211 0.605231652 -0.165403229 0.0250140202 -5.78784275e-08 1.15127558e-08 1
LGIC_C 212 -0.347107492 -0.472532948 0.0250140094 -5.56021111e-08 -1.45571543e-08 -1
LGIC_C 213 0.405737276 -0.435283512 0.0250140129 -2.81018481e-08 4.20574137e-08 1
LGIC_C 214 0.494171646 -0.0993445333 0.0250140055 -4.34088226e-08 8.63456802e-09 1
LGIC_C 215 -0.425581638 -0.0496614553 0.0250140022 4.34088238e-08 8.63459484e-09 1
LGIC_C 216 0.195792972 -0.161914034 0.0250139956 -3.05989503e-08 3.95603122e-08 1
LGIC_C 217 0.502866823 -0.407693412 0.0250140198 -3.37890406e-08 4.80634332e-08 1
LGIC_C 218 -0.246289986 0.382693382 0.025014005 1.31306824e-08 -4.82586643e-08 1
LGIC_C 219 -0.197425162 -0.439812191 0.0250140045 3.95603082e-08 3.05989652e-08 1
LGIC_C 220 -0.717117706 -0.344725418 0.0250140181 3.68002489e-08 2.45891179e-08 1
LGIC_C 221 0.702819271 -0.464099769 0.0243318459 0.827616944 -0.552996408 0.0961517878
LGIC_C 222 -0.588442923 -0.179133005 0.0250140073 -4.96100919e-08 2.90231703e-08 -1
LGIC_C 223 0.275032754 0.4048934 0.0250140101 -4.80634192e-08 -3.37890445e-08 1
LGIC_C 224 -0.349676539 0.080930991 0.0250139983 4.96100851e-08 2.90231542e-08 1
LGIC_C 225 0.17493811 -0.631797964 0.0250140122 -8.63454093e-09 4.34088369e-08 1
LGIC_C 226 0.349103828 -0.231112373 0.0250140018 -3.68002179e-08 2.45891393e-08 1
LGIC_C 227 -0.187231632 0.490981535 0.0250140062 8.63455111e-09 -4.34088279e-08 1
LGIC_C 228 0.266623438 -0.331520243 0.0250140027 -1.31306721e-08 4.82586744e-08 1
LGIC_C 229 -0.539256854 -0.0707221502 0.0250140073 4.34088238e-08 8.63459484e-09 1
LGIC_C 230 -0.687931555 -0.209708135 0.0250140075 -4.34088282e-08 2.70157287e-08 -1
LGIC_C 231 0.533625898 0.259920627 0.0250140138 3.37890593e-08 4.80634111e-08 -1
LGIC_C 232 -0.250322049 0.753580167 0.0250140181 8.63455111e-09 -4.34088279e-08 1
LGIC_C 233 0.336303162 0.241726513 0.0250140026 -4.82586616e-08 -1.31306776e-08 1
LGIC_C 234 -0.0888171722 -0.450773096 0.0250140036 8.63456455e-09 4.34088336e-08 1
LGIC_C 235 0.267643555 0.450932786 0.0250140097 -2.81018716e-08 -4.20573923e-08 1
LGIC_C 236 0.306321531 -0.0261540162 0.0250139972 -4.34088182e-08 2.48392526e-08 1
LGIC_C 237 0.665580049 -0.037328321 0.0250140174 -4.96100802e-08 3.14742968e-08 1
LGIC_C 238 -0.139237373 0.00507947767 0.0250139911 5.7878425e-08 4.89846948e-08 1
LGIC_C 239 0.505865245 -0.281786047 0.0250140124 -4.20573976e-08 2.81018683e-08 1
LGIC_C 240 0.112536604 -0.162702596 0.025013994 -1.28239349e-08 5.73353226e-08 1
LGIC_C 241 -0.114792188 0.245707553 0.0250139968 2.8101852e-08 -4.20574041e-08 1
LGIC_C 242 0.619635457 -0.313670502 0.0250140192 -3.37890406e-08 4.80634332e-08 1
LGIC_C 243 -0.626410804 0.234181934 0.0250140167 4.96100897e-08 -9.86805572e-09 1
LGIC_C 244 0.582065934 -0.191488809 0.0250140191 -5.78784275e-08 1.15127558e-08 1
LGIC_C 245 -0.497446026 -0.466935667 0.0250140164 1.45571809e-08 5.5602105e-08 1
LGIC_C 246 0.417534572 0.451422594 0.0250140101 -2.45891309e-08 -3.68002211e-08 1
LGIC_C 247 -0.472015698 0.631856506 0.0250140181 2.45891128e-08 -3.68002333e-08 1
LGIC_C 248 0.145799573 -0.110608523 0.0250139913 -3.68002179e-08 2.45891393e-08 1
LGIC_C 249 0.474753932 -0.00484360179 0.0250140069 -4.96100802e-08 3.14742968e-08 1
LGIC_C 250 0.225550118 0.498324862 0.0250140109 -4.80634192e-08 -3.37890445e-08 1
LGIC_C 251 0.0278898818 0.676141445 0.0250140166 -6.33660387e-09 4.96100877e-08 -1
LGIC_C 252 0.120506877 0.574628723 0.0250140156 -3.14742949e-08 -4.96100822e-08 1
LGIC_C 253 0.505794407 0.334581677 0.025014012 -4.82586616e-08 -1.31306776e-08 1
LGIC_C 254 -0.46149777 0.29592934 0.0250140131 3.37890593e-08 -4.80634052e-08 1
LGIC_C 255 -0.809162702 -0.0795244585 0.0250140162 -4.34088282e-08 2.70157287e-08 -1
LGIC_C 256 -0.303023842 0.543932731 0.0250140107 2.45891128e-08 -3.68002333e-08 1
LGIC_C 257 0.295671994 0.306032904 0.0250140019 1.3130701e-08 4.82586573e-08 -1
LGIC_C 258 -0.244476177 0.543527089 0.0250140093 2.45891128e-08 -3.68002333e-08 1
LGIC_C 259 0.26854496 -0.318933159 0.0250140077 -3.27854948e-08 4.90669785e-08 1
LGIC_C 260 -0.00137513102 -0.574066298 0.0250140117 9.8680833e-09 4.96100963e-08 1
LGIC_C 261 0.0921447264 0.612971321 0.0250140107 -8.63455884e-09 -4.34088253e-08 1
LGIC_C 262 -0.350773143 0.321146075 0.025014007 4.20574045e-08 -2.81018523e-08 1
LGIC_C 263 -0.685067387 -0.280295872 0.0250140054 -4.34088282e-08 2.70157287e-08 -1
LGIC_C 264 0.451498622 -0.328276533 0.0250140079 -3.68002179e-08 2.45891393e-08 1
LGIC_C 265 0.21321364 0.0317589001 0.0250139941 -4.96100911e-08 -9.86803575e-09 1
LGIC_C 266 -0.145161023 -0.353424663 0.0250140022 2.48392553e-08 4.34088306e-08 1
LGIC_C 267 -0.271437803 -0.253023605 0.0250140013 1.45571809e-08 5.5602105e-08 1
LGIC_C 268 -0.0643027131 -0.513858081 0.0250140069 -2.90231482e-08 4.96101036e-08 1
LGIC_C 269 -0.0438833162 0.66429569 0.0250140159 -6.33661298e-09 -4.96100859e-08 1
LGIC_C 270 -0.0892355301 -0.0924992846 0.0250139906 7.55636799e-08 6.2887973e-09 1
LGIC_C 271 -0.486832183 -0.446522752 0.0250140121 3.68002489e-08 2.45891179e-08 1
LGIC_C 272 -0.409558781 0.29684273 0.0250140069 -4.82586679e-08 1.31306769e-08 -1
LGIC_C 273 0.701525376 -0.159591883 0.0250140176 -4.34088182e-08 2.48392526e-08 1
LGIC_C 274 -0.338041954 0.386103199 0.0250140058 2.45891128e-08 -3.68002333e-08 1
LGIC_C 275 0.0473708422 -0.561369131 0.0250140108 6.33663526e-09 4.9610097e-08 1
LGIC_C 276 -0.148314982 -0.499867534 0.0250140037 -2.90231482e-08 4.96101036e-08 1
LGIC_C 277 0.657998852 -0.0730669203 0.0250140182 -4.96100802e-08 3.14742968e-08 1
LGIC_C 278 0.296811478 0.287872397 0.0250140012 -3.68002282e-08 -2.45891172e-08 1
LGIC_C 279 0.0628775239 -0.121092692 0.0250139892 -2.45891087e-08 3.68002429e-08 1
LGIC_C 280 -0.291093 -0.143814167 0.0250139955 1.45571809e-08 5.5602105e-08 1
LGIC_C 281 0.347207934 0.59047263 0.0250140199 -4.80634192e-08 -3.37890445e-08 1
LGIC_C 282 -0.274592513 -0.457828847 0.0250140081 3.95603082e-08 3.05989652e-08 1
LGIC_C 283 -0.253448854 -0.493852197 0.0250140055 7.55636799e-08 6.2887973e-09 1
LGIC_C 284 0.214615201 -0.757328798 0.025014018 -8.63454093e-09 4.34088369e-08 1
LGIC_C 285 -0.253389788 0.492864336 0.0250140158 3.27854968e-08 -4.90669676e-08 1
LGIC_C 286 -0.501841768 0.00699216461 0.025014008 4.96100851e-08 2.90231542e-08 1
LGIC_C 287 -0.0661387605 -0.127850256 0.0250139896 2.45891453e-08 3.68002268e-08 1
LGIC_C 288 0.0142331438 -0.32836726 0.0250139994 6.33663526e-09 4.9610097e-08 1
LGIC_C 289 0.0251072215 -0.000614960662 0.0250139843 -4.34088226e-08 8.63456802e-09 1
LGIC_C 290 -0.348829716 -0.50253677 0.0250140142 2.81018674e-08 4.20574117e-08 1
LGIC_C 291 -0.469659979 0.42076353 0.0250140109 3.68002297e-08 -2.45891157e-08 1
LGIC_C 292 0.431740141 0.45914369 0.0250140147 -2.81018716e-08 -4.20573923e-08 1
LGIC_C 293 -0.627973198 -0.0190392166 0.0250140139 -4.96100919e-08 2.90231703e-08 -1
LGIC_C 294 0.0581029296 -0.184922208 0.0250139946 -1.15127059e-08 5.78784511e-08 1
LGIC_C 295 -0.160710819 0.145515372 0.0250139953 6.28881943e-09 -7.55636452e-08 1
LGIC_C 296 0.508172367 0.282757667 0.0250140126 -4.20574004e-08 -2.81018564e-08 1
LGIC_C 297 0.0318152941 0.327021071 0.0250139977 -8.63455884e-09 -4.34088253e-08 1
LGIC_C 298 0.0422858838 -0.496963516 0.0250140083 -9.86804037e-09 4.96101e-08 1
LGIC_C 299 -0.118210473 -0.310872074 0.0250139998 9.8680833e-09 4.96100963e-08 1
LGIC_C 300 0.434203955 -0.0454242195 0.0250140032 -4.34088182e-08 2.48392526e-08 1
LGIC_C 301 0.0780819271 0.371252343 0.0250140001 -8.63455884e-09 -4.34088253e-08 1
LGIC_C 302 0.385492773 0.353786539 0.0250140094 -4.20574004e-08 -2.81018564e-08 1
LGIC_C 303 -0.0220963937 0.350328432 0.0250140009 9.86805557e-09 -4.96100883e-08 1
LGIC_C 304 -0.185780566 0.383953804 0.0250140042 1.31306824e-08 -4.82586643e-08 1
LGIC_C 305 -0.432131265 0.254783104 0.0250140054 3.68002297e-08 -2.45891157e-08 1
LGIC_C 306 0.17012937 0.1023525 0.0250139939 3.37890593e-08 4.80634111e-08 -1
LGIC_C 307 -0.410084317 0.274205235 0.0250140067 -4.82586679e-08 1.31306769e-08 -1
LGIC_C 308 0.63172069 -0.247092388 0.0250140128 -4.34088226e-08 8.63456802e-09 1
LGIC_C 309 0.132605608 0.121003437 0.0250139911 -3.68002282e-08 -2.45891172e-08 1
LGIC_C 310 0.109156503 0.805270556 0.0250140192 -8.63455884e-09 -4.34088253e-08 1
LGIC_C 311 0.550418316 0.61062096 0.0250140193 -2.45891309e-08 -3.68002211e-08 1
LGIC_C 312 0.285903209 0.218882696 0.0250140014 -4.20574004e-08 -2.81018564e-08 1
LGIC_C 313 0.677687165 0.352453663 0.0250140169 -3.68002282e-08 -2.45891172e-08 1
LGIC_C 314 -0.230788232 0.497552463 0.0250140073 2.45891128e-08 -3.68002333e-08 1
LGIC_C 315 -0.0634671216 0.0270246566 0.0250139857 6.28881943e-09 -7.55636452e-08 1
LGIC_C 316 -0.23634742 -0.208960829 0.0250140005 6.28883752e-09 7.55636663e-08 1
LGIC_C 317 -0.413932141 -0.194434324 0.0250140033 3.68002489e-08 2.45891179e-08 1
LGIC_C 318 -0.215749105 -0.347725293 0.0250140003 -5.56021111e-08 -1.45571543e-08 -1
LGIC_C 319 -0.527181098 -0.0701968675 0.0250140043 -4.34088282e-08 2.70157287e-08 -1
LGIC_C 320 0.414607818 0.560449863 0.0250140185 -2.81018716e-08 -4.20573923e-08 1
LGIC_C 321 0.59617315 -0.297822771 0.0250140177 -3.37890406e-08 4.80634332e-08 1
LGIC_C 322 0.548124017 0.202860956 0.0250140173 -5.78784335e-08 -1.15127284e-08 1
LGIC_C 323 -0.317505832 -0.653164956 0.0250140196 2.81018674e-08 4.20574117e-08 1
LGIC_C 324 0.0126144749 0.687914667 0.0250140173 -6.33660387e-09 4.96100877e-08 -1
LGIC_C 325 0.459713407 0.654923195 0.0250140187 -2.45891309e-08 -3.68002211e-08 1
LGIC_C 326 0.158737191 0.614413547 0.0250140127 -6.33660387e-09 4.96100877e-08 -1
LGIC_C 327 -0.309060997 -0.0316934509 0.0250139977 -4.96100919e-08 2.90231703e-08 -1
LGIC_C 328 -0.434249924 0.0234079914 0.0250140027 4.34088279e-08 -2.48392273e-08 1
LGIC_C 329 0.650624791 -0.208172678 0.0250140176 -4.96100859e-08 9.86807898e-09 1
LGIC_C 330 0.38367004 -0.0605877546 0.0250140042 -4.96100802e-08 3.14742968e-08 1
LGIC_C 331 0.253683745 -0.0822331128 0.0250139963 -4.34088182e-08 2.48392526e-08 1
LGIC_C 332 -0.0506869197 -0.332809251 0.0250140002 9.8680833e-09 4.96100963e-08 1
LGIC_C 333 0.467352078 0.163879929 0.0250140049 -4.34088272e-08 -8.63453573e-09 1
LGIC_C 334 0.24560407 0.810308403 0.0126348213 0.194186548 0.976240951 0.0961519121
LGIC_C 335 0.201740254 0.604909233 0.025014012 -6.33660387e-09 4.96100877e-08 -1
LGIC_C 336 -0.742736958 0.00163071032 0.0250140156 4.34088279e-08 -2.48392273e-08 1
LGIC_C 337 -0.0492256159 -0.00604763975 0.0250139855 -4.96100919e-08 2.90231703e-08 -1
LGIC_C 338 -0.163547708 0.298477794 0.0250139983 2.45891128e-08 -3.68002333e-08 1
LGIC_C 339 0.180298973 -0.218493643 0.0250139961 -1.31306721e-08 4.82586744e-08 1
LGIC_C 340 -0.313070203 0.603941168 0.0250140175 2.8101852e-08 -4.20574041e-08 1
LGIC_C 341 -0.0490088069 -0.72427004 0.0250140151 8.63456455e-09 4.34088336e-08 1
LGIC_C 342 -0.85175152 -0.0337827281 0.0193760922 -0.976240825 -0.194187339 0.0961515894
LGIC_C 343 0.255795034 0.450172515 0.0250140083 1.3130701e-08 4.82586573e-08 -1
LGIC_C 344 -0.123369836 0.0406637123 0.0250139884 5.7878425e-08 4.89846948e-08 1
LGIC_C 345 -0.0981563844 -0.116493768 0.0250139914 7.55636799e-08 6.2887973e-09 1
LGIC_C 346 0.350947453 0.338327319 0.0250140045 -3.68002282e-08 -2.45891172e-08 1
LGIC_C 347 0.457050195 -0.213773195 0.0250140127 -4.90669481e-08 3.27855328e-08 1
LGIC_C 348 -0.1370357 -0.616944438 0.0250140152 9.8680833e-09 4.96100963e-08 1
LGIC_C 349 -0.181870663 -0.538878087 0.0250140047 -2.90231482e-08 4.96101036e-08 1
LGIC_C 350 -0.257187707 0.393878345 0.0250140041 2.45891128e-08 -3.68002333e-08 1
LGIC_C 351 -0.115716175 0.0553392865 0.0250139898 3.37890593e-08 -4.80634052e-08 1
LGIC_C 352 -0.164591978 -0.363002883 0.0250140009 3.95603082e-08 3.05989652e-08 1
LGIC_C 353 -0.335517705 0.163261345 0.025014002 4.20574045e-08 -2.81018523e-08 1
LGIC_C 354 0.14187001 0.227049581 0.0250139968 -2.81018716e-08 -4.20573923e-08 1
LGIC_C 355 0.100259561 -0.572790392 0.0250140154 1.00935263e-08 5.7878447e-08 1
LGIC_C 356 0.114285647 0.717933276 0.0250140154 -8.63455884e-09 -4.34088253e-08 1
LGIC_C 357 0.75217855 0.159661325 0.0250140195 -4.96100869e-08 6.3366408e-09 1
LGIC_C 358 0.0397203476 -0.0226825646 0.0250139859 -4.90669481e-08 3.27855328e-08 1
LGIC_C 359 -0.215865369 0.19329638 0.0250139992 6.28881943e-09 -7.55636452e-08 1
LGIC_C 360 -0.483797477 0.420416075 0.0250140114 3.68002297e-08 -2.45891157e-08 1
LGIC_C 361 0.591123282 -0.156608218 0.0250140141 -4.96100859e-08 9.86807898e-09 1
LGIC_C 362 -0.409335737 -0.110608811 0.0250140004 -4.96100919e-08 2.90231703e-08 -1
LGIC_C 363 -0.388190457 0.401842212 0.0250140078 1.31306824e-08 -4.82586643e-08 1
LGIC_C 364 0.11486709 0.141115033 0.0250139939 -3.27855134e-08 -4.90669575e-08 1
LGIC_C 365 0.598944481 -0.317778754 0.0250140173 -4.20573976e-08 2.81018683e-08 1
LGIC_C 366 -0.295938331 -0.698862844 0.0250140163 3.95603082e-08 3.05989652e-08 1
LGIC_C 367 0.390727574 -0.171600317 0.025014002 -3.05989503e-08 3.95603122e-08 1
LGIC_C 368 -0.108046413 -0.273511959 0.0250139978 2.48392553e-08 4.34088306e-08 1
LGIC_C 369 -0.0989910905 -0.591220794 0.0250140097 -2.90231482e-08 4.96101036e-08 1
LGIC_C 370 -0.384615797 -0.55375043 0.0250140131 2.45891453e-08 3.68002268e-08 1
LGIC_C 371 0.181515319 0.0995490186 0.0250139924 -3.68002282e-08 -2.45891172e-08 1
LGIC_C 372 -0.073494681 0.453730137 0.0250140036 8.63455111e-09 -4.34088279e-08 1
LGIC_C 373 -0.547532182 0.534862058 0.0250140166 3.68002297e-08 -2.45891157e-08 1
LGIC_C 374 0.0769672116 -0.216023389 0.0250139935 6.33663526e-09 4.9610097e-08 1
LGIC_C 375 0.164690902 -0.618278773 0.0250140174 1.00935263e-08 5.7878447e-08 1
LGIC_C 376 0.404568204 0.393834343 0.0250140113 -4.20574004e-08 -2.81018564e-08 1
LGIC_C 377 0.328105348 0.155783844 0.0250139991 -3.68002282e-08 -2.45891172e-08 1
LGIC_C 378 -0.655171104 0.0830681494 0.0250140133 4.96100851e-08 2.90231542e-08 1
LGIC_C 379 -0.0101301563 -0.515858697 0.0250140089 9.8680833e-09 4.96100963e-08 1
LGIC_C 380 0.088737254 0.607400898 0.0250140143 -9.86806672e-09 -4.96100854e-08 1
LGIC_C 381 0.0196311073 0.620732474 0.0250140143 -9.86806672e-09 -4.96100854e-08 1
LGIC_C 382 0.599659991 -0.289319692 0.0250140174 -3.37890406e-08 4.80634332e-08 1
LGIC_C 383 0.340312567 -0.507194755 0.0250140193 -3.27854948e-08 4.90669785e-08 1
LGIC_C 384 -0.472491681 -0.369684422 0.0250140141 6.28883752e-09 7.55636663e-08 1
LGIC_C 385 0.624022231 0.0630105424 0.0250140201 -5.78784335e-08 -1.15127284e-08 1
LGIC_C 386 0.525279528 -0.469221416 0.0250140141 -3.68002179e-08 2.45891393e-08 1
LGIC_C 387 0.528463211 -0.263705021 0.0250140138 -3.37890406e-08 4.80634332e-08 1
LGIC_C 388 -0.00164297532 0.47780483 0.025014007 9.86805557e-09 -4.96100883e-08 1
LGIC_C 389 0.345019221 -0.370105507 0.0250140127 -3.27854948e-08 4.90669785e-08 1
LGIC_C 390 0.539643357 0.0242784962 0.0250140098 -4.96100869e-08 6.3366408e-09 1
LGIC_C 391 -0.203331916 0.116697395 0.0250139958 3.37890593e-08 -4.80634052e-08 1
LGIC_C 392 -0.216202471 -0.570389813 0.0250140052 -2.90231482e-08 4.96101036e-08 1
LGIC_C 393 0.00675212397 -0.297168492 0.0250139962 -8.63454093e-09 4.34088369e-08 1
LGIC_C 394 0.412025378 0.631143633 0.0250140166 -2.45891309e-08 -3.68002211e-08 1
LGIC_C 395 0.336184493 0.46952813 0.0250140103 1.3130701e-08 4.82586573e-08 -1
LGIC_C 396 0.272235246 0.384838798 0.0250140054 1.3130701e-08 4.82586573e-08 -1
LGIC_C 397 -0.65231323 0.213933819 0.0250140134 4.34088259e-08 -8.63455061e-09 1
LGIC_C 398 -0.557650233 0.234867219 0.0250140134 3.37890593e-08 -4.80634052e-08 1
LGIC_C 399 0.595733577 -0.150289222 0.0250140175 -4.96100802e-08 3.14742968e-08 1
