VGCC_O 3 0.0772568984 -0.00428239309 0.046693036 -1.41802159e-06 2.82063681e-07 -1
CaBS 10 0.114655433 -0.0286959251 0.0812939118 0.751399702 -0.322919474 0.575431578
CaBS 11 0.114193461 -0.0326510132 0.0662416613 0.344822999 -0.867728964 -0.357971429
CaBS 13 0.110932886 -0.0352025146 0.069285733 0.344822999 -0.867728964 -0.357971429
CaBS 14 0.119930905 -0.0097887326 0.0708720259 0.735818353 0.677177225 -0.00153536905
CaBS 15 0.104949726 -0.03617145 0.0736218787 0.34654604 -0.867983022 0.355684293
CaBS 16 0.1092454 -0.0245912296 0.0866401037 0.333750516 0.131703927 0.933415593
CaBS 17 0.102268546 -0.0144842415 0.0858150429 -0.329239867 -0.132369096 0.934922207
CaBS 18 0.0974687673 -0.0208342771 0.0562676824 -0.333750671 -0.131704002 -0.933415527
CaBS 19 0.122530617 -0.01993383 0.0726245167 0.999896301 0.01419805 -0.0024089266
CaBS 20 0.12183066 -0.0167807761 0.078611005 0.751399702 -0.322919474 0.575431578
CaBS 21 0.104919227 -0.0313799843 0.0799518172 -0.321328743 -0.750213836 0.577864204
CaBS 22 0.0906452867 -0.0143355458 0.0657480519 -0.999896295 -0.0141984568 0.00240892729
CaBS 23 0.109312216 -0.00157169086 0.0660872191 0.321328636 0.750213906 -0.577864173
CaBS 24 0.103651164 -0.0105882849 0.0528552681 0.329239702 0.132369043 -0.934922272
CaBS 25 -0.0965580061 0.00381893835 0.0552413614 0.74861179 -0.322508554 -0.579282851
CaBS 28 -0.0979901883 -0.000221730614 0.0812623988 0.346545964 -0.867983059 0.355684276
CaBS 29 -0.0966637214 0.0235952998 0.062050378 0.3213287 0.750213891 -0.577864158
CaBS 31 -0.111885777 -0.00155264384 0.0759436484 -0.321328736 -0.750213873 0.57786416
CaBS 38 -0.114650915 0.00786462418 0.0572091791 -0.333750681 -0.131703993 -0.933415524
CaBS 39 -0.10921974 0.0161051524 0.0853743779 -0.329239868 -0.132369105 0.934922205
Ca 6 -0.117877632 -0.704099304 0.676392907 0 0 0
Ca 4 5.60453985e-05 -0.273889555 0.492271422 0 0 0
Ca 1 -0.162688091 0.0819689336 0.543724564 0 0 0
Ca 4 -0.442506412 0.105723841 0.152168015 0 0 0
Ca 7 -0.670730135 0.131536397 0.557832412 0 0 0
Ca 8 0.0926915409 -0.149666327 0.591888876 0 0 0
Ca 6 0.471139882 -0.0197500266 0.305315012 0 0 0
Ca 8 0.248387494 -0.348361209 0.648326931 0 0 0
Ca 7 -0.391914066 -0.170714016 0.707103787 0 0 0
Ca 4 -0.168932164 0.277599769 0.318822996 0 0 0
Ca 6 0.0394936981 0.217072921 0.355609323 0 0 0
Ca 4 0.623066204 0.281171765 0.253828064 0 0 0
Ca 1 -0.0673108042 0.182910022 0.286202501 0 0 0
Ca 7 0.3324962 -0.254326371 0.361553432 0 0 0
Ca 1 0.0995020049 -0.107879067 0.812446918 0 0 0
Ca 6 0.495972016 0.641937563 0.3773357 0 0 0
Ca 1 0.0499197852 0.304533669 0.606400257 0 0 0
Ca 6 -0.467664022 -0.287925044 0.584059403 0 0 0
Ca 8 0.0169622481 0.0110075147 1.01175253 0 0 0
Ca 6 0.0256342671 -0.488949913 0.787658201 0 0 0
Ca 8 0.515946417 -0.291669495 0.727804321 0 0 0
Ca 1 -0.0507461148 0.161088646 0.62322019 0 0 0
Ca 7 -0.666484217 0.286687376 0.458760685 0 0 0
Ca 8 -0.00380757808 0.0412579254 0.317635189 0 0 0
Ca 6 -0.154313927 0.331983024 0.266411248 0 0 0
Ca 1 -0.638678326 -0.0338679394 0.155175899 0 0 0
Ca 4 0.186954139 0.110511211 0.558527118 0 0 0
Ca 6 0.537549356 0.273786759 0.345480493 0 0 0
Ca 1 -0.179696076 0.52539214 0.705881046 0 0 0
Ca 1 -0.0369819003 0.158961482 0.428398068 0 0 0
Ca 1 -0.212480278 0.132048187 0.63303483 0 0 0
Ca 7 0.0335729021 0.715781687 0.50227815 0 0 0
Ca 7 -0.619132136 0.122588321 0.259894132 0 0 0
Ca 6 0.300721967 0.55849666 0.303586102 0 0 0
Ca 7 0.0487857098 0.144424451 0.643456222 0 0 0
Ca 1 0.397167169 0.308838255 0.088938683 0 0 0
Ca 6 0.137639305 -0.334549261 0.385272386 0 0 0
Ca 6 0.426644688 -0.37250195 0.72129135 0 0 0
Ca 7 0.403738498 0.202945906 0.37799629 0 0 0
Ca 6 -0.0824347641 0.311572247 0.374690289 0 0 0
Ca 4 -0.431384623 -0.169727216 0.222150331 0 0 0
Ca 6 0.180968312 -0.517868027 0.676710146 0 0 0
Ca 7 -0.345360755 0.30328334 0.478732433 0 0 0
Ca 6 0.18023121 0.219977784 0.0943331688 0 0 0
Ca 7 0.394277264 0.200751186 0.559200251 0 0 0
Ca 6 -0.113319664 -0.117357883 0.089564248 0 0 0
Ca 7 -0.192008162 0.138626305 0.298186561 0 0 0
Ca 1 -0.314573118 0.106781281 0.415206559 0 0 0
Ca 6 -0.481034823 0.362067874 0.455754979 0 0 0
Ca 8 0.38460398 0.0592179242 0.652459564 0 0 0
Ca 6 -0.574843471 0.120055709 0.22997325 0 0 0
Ca 8 0.158875136 0.123401391 0.194412218 0 0 0
Ca 1 -0.0959297841 0.201889775 0.108003146 0 0 0
Ca 8 -0.42913334 -0.139073247 0.128980623 0 0 0
Ca 6 -0.522140894 0.58468361 0.339100593 0 0 0
CaBS_Ca 56 0.117377418 -0.0255646139 0.0599839499 0.748611785 -0.322508546 -0.579282861
Ca 1 -0.312522814 0.0629605039 0.606671819 0 0 0
Ca 4 0.250713962 0.172620979 0.575231269 0 0 0
Ca 4 -0.595144559 0.224135843 0.303428219 0 0 0
Ca 4 -0.0517924292 -0.0758591629 0.0950938317 0 0 0
Ca 7 -0.104707868 0.179313124 0.246869313 0 0 0
Ca 6 0.184092291 0.00731748608 0.096884767 0 0 0
Ca 8 -0.0350308361 -0.0773241355 0.326474007 0 0 0
Ca 8 -0.102403792 0.0140955424 0.363058582 0 0 0
Ca 6 -0.399028572 0.0935835029 0.334232612 0 0 0
Ca 1 -0.242525244 0.37588599 0.260936429 0 0 0
Ca 1 0.266704605 0.133276963 0.612373455 0 0 0
Ca 8 -0.319788006 -0.0131806275 0.162928322 0 0 0
Ca 1 -0.0577227393 -0.14094946 0.427484469 0 0 0
Ca 4 -0.646842105 0.111072979 0.121909591 0 0 0
Ca 6 -0.0147250738 0.141174635 0.244564627 0 0 0
Ca 4 -0.118988015 -0.197736664 0.144475326 0 0 0
Ca 8 -0.174377933 0.153883661 0.160205075 0 0 0
Ca 7 -0.354883857 0.0358601873 0.109700672 0 0 0
Ca 6 -0.255475225 -0.00926095919 0.201198993 0 0 0
Ca 8 -0.249789164 -0.192013373 0.307448353 0 0 0
Ca 4 0.235138854 0.262468153 0.0581443517 0 0 0
Ca 6 -0.350838477 0.126395566 0.249101185 0 0 0
Ca 8 -0.0759967503 0.0459218851 0.12058309 0 0 0
Ca 1 0.038848426 0.0382590711 0.260045915 0 0 0
Ca 1 -0.122069155 -0.0053722475 0.130707831 0 0 0
Ca 7 -0.26085822 0.0875867999 0.140410782 0 0 0
Ca 1 -0.167891879 0.121262857 0.120159979 0 0 0
Ca 6 -0.0549064782 0.223633853 0.20431207 0 0 0
Ca 7 -0.229544279 0.0828811896 0.0668194792 0 0 0
Ca 1 -0.230373368 0.054725366 0.170740635 0 0 0
Ca 7 -0.173529929 -0.159199658 0.0922247652 0 0 0
Ca 1 -0.188039958 -0.00132294553 0.148385281 0 0 0
Ca 8 -0.124638334 0.0276320979 0.0555656354 0 0 0
Ca 1 -0.284221872 -0.000790356463 0.0574182219 0 0 0
CaBS_Ca 57 -0.10891849 -0.00508126008 0.066469131 -0.324116588 -0.749802884 -0.576839729
Ca 1 -0.101565664 0.100171944 0.130324653 0 0 0
Ca 8 -0.0899091555 0.0465915445 0.0518891657 0 0 0
Ca 7 -0.20951719 0.0436717946 0.10593018 0 0 0
Ca 6 -0.0297587511 0.0757534884 0.0628703839 0 0 0
Ca 1 -0.158149193 0.0555191168 0.0876549389 0 0 0
VGCC_O 4 -0.108229728 0.00324736392 0.0466932869 -8.10297798e-07 1.61178104e-07 -1
VGCC_O 8 -0.134706799 0.0161271258 0.0466933331 -1.62059677e-06 3.22356891e-07 -1
VGCC_O 6 -0.12622171 0.0241576588 0.046693322 -1.62059677e-06 3.22356891e-07 -1
VGCC_O 1 -0.126159285 0.0151063295 0.0466933189 -1.62059625e-06 3.22356338e-07 -1
VGCC_O 7 -0.137449801 0.00579357966 0.0466933342 -1.62059625e-06 3.22356338e-07 -1
VGCC_O 2 0.119933892 -0.04777957 0.0466929781 -1.41802115e-06 2.82063236e-07 -1
VGCC_O 5 0.113746944 -0.0200409323 0.0466929896 -1.01287282e-06 -1.51427976e-07 -1
VGCC_O 9 0.0953603447 -0.018533153 0.0466930096 -1.14792244e-06 -1.24564753e-07 -1
VGCC_O 0 0.11238887 -0.0311459409 0.0466929927 -1.01287282e-06 -1.51427976e-07 -1
TAG 41 -0.105784995 0.0105052503 0.0536665039 -0.333750681 -0.131703993 -0.933415524
TAG 55 -0.119337383 0.0151637023 0.0699872324 -0.999896295 -0.0141984574 0.00240892698
TAG 54 -0.104785227 0.0261860029 0.076486355 -0.344822968 0.867728888 0.357971643
TAG 53 -0.089146311 -0.000197085518 0.0670554248 0.74861179 -0.322508554 -0.579282851
TAG 52 -0.119278263 0.0119799944 0.0757618237 -0.999896295 -0.0141984574 0.00240892698
TAG 51 -0.102448777 0.00747370566 0.0865367572 -0.329239868 -0.132369105 0.934922205
TAG 45 -0.113699624 0.0170707545 0.0588716642 -0.751399624 0.322919173 -0.575431849
TAG 44 -0.11923843 0.00668793202 0.0611035411 -0.999896295 -0.0141984574 0.00240892698
LGIC_C 0 0.516789174 0.233489844 0.0250140119 3.37890593e-08 4.80634111e-08 -1
LGIC_C 1 -0.360830914 0.0533958295 0.0250139994 4.34088259e-08 -8.63455061e-09 1
LGIC_C 2 -0.568301036 0.0734275372 0.0250140122 4.96100897e-08 -9.86805572e-09 1
LGIC_C 3 0.241642928 -0.644885576 0.0250140176 -9.86804037e-09 4.96101e-08 1
LGIC_C 4 -0.406321256 -0.227289817 0.025014003 6.28883752e-09 7.55636663e-08 1
LGIC_C 5 0.0361507514 -0.535296964 0.0250140139 1.00935263e-08 5.7878447e-08 1
LGIC_C 6 -0.321210341 0.463599902 0.025014014 1.28239438e-08 -5.73353116e-08 1
LGIC_C 7 -0.689316763 0.427753366 0.0250140192 3.68002297e-08 -2.45891157e-08 1
LGIC_C 8 -0.182886274 0.270824308 0.0250139977 2.45891128e-08 -3.68002333e-08 1
LGIC_C 9 -0.449762756 -0.266440475 0.0250140062 6.28883752e-09 7.55636663e-08 1
LGIC_C 10 -0.418973066 -0.606732926 0.0250140184 3.95603082e-08 3.05989652e-08 1
LGIC_C 11 0.142549309 0.558614646 0.0250140101 -6.33660387e-09 4.96100877e-08 -1
LGIC_C 12 0.377737581 0.158565746 0.025014007 -4.90669739e-08 -3.27854893e-08 1
LGIC_C 13 0.725900504 -0.107811231 0.0250140203 -4.96100859e-08 9.86807898e-09 1
LGIC_C 14 0.652660556 0.248990474 0.025014014 -4.96100869e-08 6.3366408e-09 1
LGIC_C 15 -0.455218122 -0.349290361 0.0250140083 5.39043203e-09 6.47688584e-08 1
LGIC_C 16 0.636291527 -0.154385491 0.0250140163 -4.96100859e-08 9.86807898e-09 1
LGIC_C 17 -0.530504489 0.33347646 0.0250140133 -4.82586679e-08 1.31306769e-08 -1
LGIC_C 18 0.297057071 -0.479930478 0.0250140118 -2.81018481e-08 4.20574137e-08 1
LGIC_C 19 -0.32302222 0.251151359 0.0250140063 3.37890593e-08 -4.80634052e-08 1
LGIC_C 20 0.104212001 -0.421339305 0.0250140088 -1.15127059e-08 5.78784511e-08 1
LGIC_C 21 -0.0135481775 -0.159957843 0.0250139908 -2.90231482e-08 4.96101036e-08 1
LGIC_C 22 0.139109712 0.606004154 0.0250140147 -9.86806672e-09 -4.96100854e-08 1
LGIC_C 23 -0.439181342 0.395491566 0.0250140092 3.68002297e-08 -2.45891157e-08 1
LGIC_C 24 0.109673387 0.444529118 0.0250140064 -9.86806672e-09 -4.96100854e-08 1
LGIC_C 25 0.382607707 0.00111183217 0.0250139999 -4.34088272e-08 -8.63453573e-09 1
LGIC_C 26 -0.0450768115 0.265995008 0.0250139992 1.15127271e-08 -5.78784352e-08 1
LGIC_C 27 -0.266261775 0.520501071 0.0250140175 3.27854968e-08 -4.90669676e-08 1
LGIC_C 28 0.698428629 0.108147223 0.0250140145 -4.34088272e-08 -8.63453573e-09 1
LGIC_C 29 -0.617534327 -0.113302501 0.0250140135 5.7878436e-08 -4.89847332e-08 1
LGIC_C 30 0.654535219 0.153132002 0.0250140147 -4.96100869e-08 6.3366408e-09 1
LGIC_C 31 -0.389202143 -0.416530163 0.0250140114 3.95603082e-08 3.05989652e-08 1
LGIC_C 32 0.0709309121 0.0932132454 0.0250139892 -2.81018716e-08 -4.20573923e-08 1
LGIC_C 33 -0.0217815611 0.632444494 0.0250140109 8.63455111e-09 -4.34088279e-08 1
LGIC_C 34 0.251766667 -0.496488278 0.0250140158 -3.27854948e-08 4.90669785e-08 1
LGIC_C 35 -0.176393343 -0.515442462 0.0250140037 -2.90231482e-08 4.96101036e-08 1
LGIC_C 36 0.54463427 -0.618346351 0.0250140194 -2.45891087e-08 3.68002429e-08 1
LGIC_C 37 0.123178008 0.789289536 0.0250140186 -8.63455884e-09 -4.34088253e-08 1
LGIC_C 38 0.727673172 -0.315629426 0.025014018 -3.05989503e-08 3.95603122e-08 1
LGIC_C 39 0.694909777 0.324030082 0.0250140168 -3.68002282e-08 -2.45891172e-08 1
LGIC_C 40 -0.682415867 0.04192936 0.0250140139 4.34088279e-08 -2.48392273e-08 1
LGIC_C 41 -0.529043938 0.6099184 0.0250140187 2.45891128e-08 -3.68002333e-08 1
LGIC_C 42 -0.279585699 -0.658820245 0.0250140144 2.45891453e-08 3.68002268e-08 1
LGIC_C 43 -0.552633125 -0.51746805 0.0250140154 1.15916899e-08 4.97976879e-08 1
LGIC_C 44 0.365639145 0.560486034 0.0250140151 1.3130701e-08 4.82586573e-08 -1
LGIC_C 45 0.00682864934 -0.254455295 0.0250139958 6.33663526e-09 4.9610097e-08 1
LGIC_C 46 -0.210602504 -0.199291422 0.0250139973 5.39043203e-09 6.47688584e-08 1
LGIC_C 47 0.501817925 -0.194676742 0.0250140145 -5.78784275e-08 1.15127558e-08 1
LGIC_C 48 -0.0840812036 -0.384616504 0.0250140007 8.63456455e-09 4.34088336e-08 1
LGIC_C 49 -0.503132826 -0.187379915 0.0250140067 4.34088238e-08 8.63459484e-09 1
LGIC_C 50 0.232506155 -0.324542741 0.0250140068 -3.27854948e-08 4.90669785e-08 1
LGIC_C 51 -0.557419262 -0.00611124783 0.0250140075 4.34088238e-08 8.63459484e-09 1
LGIC_C 52 0.650814423 -0.176990941 0.0250140159 -4.34088182e-08 2.48392526e-08 1
LGIC_C 53 0.336166301 -0.0814028357 0.0250139998 -4.34088182e-08 2.48392526e-08 1
LGIC_C 54 -0.0414390346 -0.216710215 0.0250139937 -4.89847109e-08 5.78784581e-08 1
LGIC_C 55 0.388213183 0.485083325 0.0250140106 -2.45891309e-08 -3.68002211e-08 1
LGIC_C 56 -0.12219329 -0.21581973 0.0250139932 -5.56021111e-08 -1.45571543e-08 -1
LGIC_C 57 -0.0832859639 0.441880335 0.0250140078 -3.14742797e-08 4.96100914e-08 -1
LGIC_C 58 0.455676279 -0.0893846805 0.0250140052 -4.34088182e-08 2.48392526e-08 1
LGIC_C 59 -0.442771606 -0.229610926 0.0250140024 1.45571809e-08 5.5602105e-08 1
LGIC_C 60 0.0703404057 0.526772537 0.0250140116 -3.14742949e-08 -4.96100822e-08 1
LGIC_C 61 -0.388651374 0.343114021 0.0250140093 4.20574045e-08 -2.81018523e-08 1
LGIC_C 62 -0.02505385 0.413776395 0.0250140046 -3.14742797e-08 4.96100914e-08 -1
LGIC_C 63 0.196790838 -0.0478168992 0.0250139935 -4.96100859e-08 9.86807898e-09 1
LGIC_C 64 -0.255287087 0.0071251916 0.0250139977 5.7878425e-08 4.89846948e-08 1
LGIC_C 65 0.00558781504 0.303525405 0.0250139983 -6.33660387e-09 4.96100877e-08 -1
LGIC_C 66 -0.258123855 -0.350448732 0.0250140025 2.45891453e-08 3.68002268e-08 1
LGIC_C 67 -0.467266973 0.427682351 0.0250140185 6.28881943e-09 -7.55636452e-08 1
LGIC_C 68 -0.664125371 -0.127355148 0.0250140087 -4.34088282e-08 2.70157287e-08 -1
LGIC_C 69 -0.714826145 -0.36782023 0.0250140186 3.68002489e-08 2.45891179e-08 1
LGIC_C 70 -0.0133254857 0.391977938 0.0250140004 8.63455111e-09 -4.34088279e-08 1
LGIC_C 71 0.534716812 0.128039046 0.0250140157 -5.78784335e-08 -1.15127284e-08 1
LGIC_C 72 0.155380163 0.379777694 0.0250140011 -6.33660387e-09 4.96100877e-08 -1
LGIC_C 73 -0.00163041743 0.00614925036 0.0250139836 -6.33661298e-09 -4.96100859e-08 1
LGIC_C 74 0.511181107 0.495287474 0.0250140144 -4.82586616e-08 -1.31306776e-08 1
LGIC_C 75 0.502517433 -0.604766449 0.0250140178 -2.45891087e-08 3.68002429e-08 1
LGIC_C 76 -0.665145775 0.0865905476 0.0250140137 4.96100851e-08 2.90231542e-08 1
LGIC_C 77 0.330246137 -0.217642148 0.0250140019 -3.05989503e-08 3.95603122e-08 1
LGIC_C 78 0.23345798 0.388760308 0.02501401 -3.27855134e-08 -4.90669575e-08 1
LGIC_C 79 -0.589374391 -0.260571898 0.025014003 1.15916899e-08 4.97976879e-08 1
LGIC_C 80 0.706046237 -0.0372264397 0.0250140142 -4.34088226e-08 8.63456802e-09 1
LGIC_C 81 0.0769751289 0.685624292 0.0250140168 -6.33660387e-09 4.96100877e-08 -1
LGIC_C 82 0.499186782 -0.303346712 0.0250140105 -3.05989503e-08 3.95603122e-08 1
LGIC_C 83 -0.365354625 0.239059678 0.025014004 -4.82586679e-08 1.31306769e-08 -1
LGIC_C 84 0.221256711 0.529953736 0.0250140118 -2.81018716e-08 -4.20573923e-08 1
LGIC_C 85 -0.0804280159 0.118320499 0.0250139911 1.28239438e-08 -5.73353116e-08 1
LGIC_C 86 0.558709288 -0.325617977 0.0250140178 -3.37890406e-08 4.80634332e-08 1
LGIC_C 87 -0.3145041 -0.241480603 0.0250140012 1.45571809e-08 5.5602105e-08 1
LGIC_C 88 -0.600629975 -0.520954419 0.0250140161 1.15916899e-08 4.97976879e-08 1
LGIC_C 89 0.256034233 -0.479964058 0.0250140098 -1.31306721e-08 4.82586744e-08 1
LGIC_C 90 -0.371158522 -0.327352826 0.0250140068 1.45571809e-08 5.5602105e-08 1
LGIC_C 91 0.171032356 0.782533944 0.0250140187 -8.63455884e-09 -4.34088253e-08 1
LGIC_C 92 0.222955398 -0.702238669 0.0250140167 6.33663526e-09 4.9610097e-08 1
LGIC_C 93 -0.0881721928 0.56722614 0.0250140108 -6.33661298e-09 -4.96100859e-08 1
LGIC_C 94 0.156369319 -0.0416090539 0.0250139923 -4.96100802e-08 3.14742968e-08 1
LGIC_C 95 -0.313225178 -0.418355198 0.0250140068 -5.56021111e-08 -1.45571543e-08 -1
LGIC_C 96 0.331347705 -0.0226183221 0.0250139999 -4.96100859e-08 9.86807898e-09 1
LGIC_C 97 -0.389324393 0.034538327 0.0250140016 4.96100851e-08 2.90231542e-08 1
LGIC_C 98 -0.350404076 -0.567460858 0.0250140145 3.95603082e-08 3.05989652e-08 1
LGIC_C 99 0.228425812 -0.0675784251 0.0250139967 -4.96100802e-08 3.14742968e-08 1
LGIC_C 100 -0.340015569 -0.503592707 0.0250140101 2.45891453e-08 3.68002268e-08 1
LGIC_C 101 -0.395716526 0.0155492031 0.0250140031 4.96100897e-08 -9.86805572e-09 1
LGIC_C 102 -0.352375164 0.437265379 0.0250140129 1.28239438e-08 -5.73353116e-08 1
LGIC_C 103 -0.44803134 -0.0176221447 0.0250140029 4.34088238e-08 8.63459484e-09 1
LGIC_C 104 0.580331967 -0.255401385 0.0250140201 -4.90669481e-08 3.27855328e-08 1
LGIC_C 105 -0.301485073 0.0880730298 0.0250139985 4.34088279e-08 -2.48392273e-08 1
LGIC_C 106 -0.296412157 0.782999443 0.0250140198 8.63455111e-09 -4.34088279e-08 1
LGIC_C 107 -0.750506864 -0.254632684 0.025014018 4.34088238e-08 8.63459484e-09 1
LGIC_C 108 -0.055499059 -0.500823386 0.0250140064 2.48392553e-08 4.34088306e-08 1
LGIC_C 109 0.182309999 0.090513016 0.0250139932 -4.82586616e-08 -1.31306776e-08 1
LGIC_C 110 -0.193556033 -0.705127835 0.0250140155 8.63456455e-09 4.34088336e-08 1
LGIC_C 111 -0.521730912 -0.139820904 0.0250140051 -4.96100919e-08 2.90231703e-08 -1
LGIC_C 112 0.719297291 -0.00395420892 0.025014019 -4.96100802e-08 3.14742968e-08 1
LGIC_C 113 -0.0290900349 -0.701330305 0.0250140144 2.48392553e-08 4.34088306e-08 1
LGIC_C 114 -0.353166855 0.405862233 0.0250140111 1.28239438e-08 -5.73353116e-08 1
LGIC_C 115 0.530179992 -0.364439329 0.0250140139 -3.05989503e-08 3.95603122e-08 1
LGIC_C 116 0.170360391 -0.444794126 0.0250140073 1.00935263e-08 5.7878447e-08 1
LGIC_C 117 -0.197026463 -0.00834581926 0.0250139928 -4.96100919e-08 2.90231703e-08 -1
LGIC_C 118 -0.307405654 -0.33261953 0.0250140056 3.95603082e-08 3.05989652e-08 1
LGIC_C 119 0.108971517 0.410463006 0.0250140047 -9.86806672e-09 -4.96100854e-08 1
LGIC_C 120 0.0256650809 0.494962904 0.0250140081 -9.86806672e-09 -4.96100854e-08 1
LGIC_C 121 -0.441624018 -0.409086159 0.0250140087 1.15916899e-08 4.97976879e-08 1
LGIC_C 122 0.630097312 -0.361191673 0.0250140153 -3.68002179e-08 2.45891393e-08 1
LGIC_C 123 0.363373353 -0.308910237 0.0250140112 -4.90669481e-08 3.27855328e-08 1
LGIC_C 124 0.499276874 -0.43145377 0.0250140122 -3.68002179e-08 2.45891393e-08 1
LGIC_C 125 0.127801476 -0.15713164 0.0250139925 -1.31306721e-08 4.82586744e-08 1
LGIC_C 126 0.614386077 -0.350116593 0.0250140159 -3.05989503e-08 3.95603122e-08 1
LGIC_C 127 0.241218824 -0.32956249 0.0250140023 -1.31306721e-08 4.82586744e-08 1
LGIC_C 128 0.223160944 -0.368896709 0.0250140023 -2.45891087e-08 3.68002429e-08 1
LGIC_C 129 0.457187492 -0.0996226979 0.0250140039 -4.34088226e-08 8.63456802e-09 1
LGIC_C 130 -0.632526431 0.208862403 0.0250140125 4.34088259e-08 -8.63455061e-09 1
LGIC_C 131 0.42095231 0.247592136 0.0250140068 -4.82586616e-08 -1.31306776e-08 1
LGIC_C 132 -0.220968219 0.0672455146 0.0250139927 5.7878425e-08 4.89846948e-08 1
LGIC_C 133 -0.595190917 -0.0288989009 0.0250140093 4.34088238e-08 8.63459484e-09 1
LGIC_C 134 0.284440204 -0.656726492 0.0250140144 -2.45891087e-08 3.68002429e-08 1
LGIC_C 135 -0.298873235 -0.272729901 0.0250140057 6.28883752e-09 7.55636663e-08 1
LGIC_C 136 0.387385452 -0.266329766 0.025014004 -3.68002179e-08 2.45891393e-08 1
LGIC_C 137 0.353653363 -0.35374397 0.0250140049 -1.31306721e-08 4.82586744e-08 1
LGIC_C 138 -0.689916515 -0.224342749 0.0250140081 4.96100935e-08 -4.19869172e-08 1
LGIC_C 139 0.143487427 -0.00579300342 0.0250139905 -4.96100802e-08 3.14742968e-08 1
LGIC_C 140 0.427107737 0.560437849 0.0250140144 -2.45891309e-08 -3.68002211e-08 1
LGIC_C 141 0.481678853 0.124244699 0.0250140052 -4.34088272e-08 -8.63453573e-09 1
LGIC_C 142 -0.48478701 -0.544774415 0.0250140191 3.95603082e-08 3.05989652e-08 1
LGIC_C 143 -0.0974007421 -0.164599214 0.0250139929 2.81018674e-08 4.20574117e-08 1
LGIC_C 144 -0.449121261 -0.466902546 0.0250140153 3.95603082e-08 3.05989652e-08 1
LGIC_C 145 0.223317401 0.00604231895 0.0250139943 -4.96100869e-08 6.3366408e-09 1
LGIC_C 146 0.00297177552 0.592289905 0.0250140127 -9.86806672e-09 -4.96100854e-08 1
LGIC_C 147 -0.304582885 -0.334981531 0.0250140031 2.45891453e-08 3.68002268e-08 1
LGIC_C 148 0.439893611 -0.0810152711 0.0250140096 -5.78784275e-08 1.15127558e-08 1
LGIC_C 149 0.53774296 0.516008204 0.0250140157 -3.68002282e-08 -2.45891172e-08 1
LGIC_C 150 0.441600638 0.172386603 0.025014004 -4.96100869e-08 6.3366408e-09 1
LGIC_C 151 -0.103922734 -0.730392364 0.0250140158 8.63456455e-09 4.34088336e-08 1
LGIC_C 152 0.251623533 0.590260682 0.0250140151 -2.81018716e-08 -4.20573923e-08 1
LGIC_C 153 0.178846397 -0.226015244 0.0250139985 -1.28239349e-08 5.73353226e-08 1
LGIC_C 154 0.153673992 0.523164034 0.0250140107 -9.86806672e-09 -4.96100854e-08 1
LGIC_C 155 -0.613632081 0.122862039 0.025014011 4.34088259e-08 -8.63455061e-09 1
LGIC_C 156 -0.237932859 0.0244282157 0.0250139938 4.34088259e-08 -8.63455061e-09 1
LGIC_C 157 -0.399734826 0.290922707 0.0250140078 6.28881943e-09 -7.55636452e-08 1
LGIC_C 158 0.357376751 0.168493591 0.0250140034 3.37890593e-08 4.80634111e-08 -1
LGIC_C 159 0.787281386 0.156419974 0.0250140188 -4.34088272e-08 -8.63453573e-09 1
LGIC_C 160 -0.264425029 -0.0532734936 0.0250139933 -4.34088282e-08 2.70157287e-08 -1
LGIC_C 161 -0.449139635 0.0856153392 0.0250140064 4.96100897e-08 -9.86805572e-09 1
LGIC_C 162 0.450285901 -0.0230115956 0.0250140096 -5.78784275e-08 1.15127558e-08 1
LGIC_C 163 0.377710873 -0.254300979 0.0250140063 -4.20573976e-08 2.81018683e-08 1
LGIC_C 164 0.219502721 -0.598419639 0.0250140115 6.33663526e-09 4.9610097e-08 1
LGIC_C 165 -0.31312117 0.0341519703 0.0250139978 4.96100851e-08 2.90231542e-08 1
LGIC_C 166 -0.149687499 -0.668908901 0.025014016 2.48392553e-08 4.34088306e-08 1
LGIC_C 167 -0.56534915 0.535043985 0.0250140172 3.68002297e-08 -2.45891157e-08 1
LGIC_C 168 -0.57430504 -0.267358942 0.0250140036 5.39043203e-09 6.47688584e-08 1
LGIC_C 169 0.661556784 -0.484220521 0.0250140195 -3.68002179e-08 2.45891393e-08 1
LGIC_C 170 0.562189682 -0.328939916 0.025014018 -3.37890406e-08 4.80634332e-08 1
LGIC_C 171 -0.195486821 0.30563676 0.0250140033 1.28239438e-08 -5.73353116e-08 1
LGIC_C 172 0.343627483 0.153887093 0.0250140023 3.37890593e-08 4.80634111e-08 -1
LGIC_C 173 0.691396857 0.320779038 0.0250140166 -3.68002282e-08 -2.45891172e-08 1
LGIC_C 174 -0.0670763249 -0.500273083 0.0250140066 2.48392553e-08 4.34088306e-08 1
LGIC_C 175 0.419668602 -0.295116115 0.0250140116 -3.37890406e-08 4.80634332e-08 1
LGIC_C 176 -0.60497629 -0.598271198 0.02501402 1.15916899e-08 4.97976879e-08 1
LGIC_C 177 0.317301538 0.328863681 0.025014006 -2.81018716e-08 -4.20573923e-08 1
LGIC_C 178 0.0545095165 -0.637924754 0.0250140145 6.33663526e-09 4.9610097e-08 1
LGIC_C 179 -0.237152959 -0.160796553 0.0250139969 6.28883752e-09 7.55636663e-08 1
LGIC_C 180 -0.149055655 0.260159533 0.0250139984 2.8101852e-08 -4.20574041e-08 1
LGIC_C 181 -0.633619292 -0.31315323 0.0250140069 5.39043203e-09 6.47688584e-08 1
LGIC_C 182 0.08378724 -0.177593343 0.0250139931 -2.81018481e-08 4.20574137e-08 1
LGIC_C 183 0.653492137 0.327811487 0.0250140191 -4.82586616e-08 -1.31306776e-08 1
LGIC_C 184 0.714642482 -0.0443023449 0.0250140153 -4.34088182e-08 2.48392526e-08 1
LGIC_C 185 0.371579519 -0.120979793 0.0250140024 -4.34088182e-08 2.48392526e-08 1
LGIC_C 186 -0.604466828 -0.313968834 0.0250140068 5.39043203e-09 6.47688584e-08 1
LGIC_C 187 0.13872403 0.100698865 0.0250139934 -4.90669739e-08 -3.27854893e-08 1
LGIC_C 188 -0.757771007 0.0988227429 0.025014017 4.34088259e-08 -8.63455061e-09 1
LGIC_C 189 -0.53857536 0.28579406 0.025014014 4.20574045e-08 -2.81018523e-08 1
LGIC_C 190 0.332209816 -0.762530507 0.0250140195 -2.45891087e-08 3.68002429e-08 1
LGIC_C 191 -0.41023941 -0.239956876 0.025014001 5.39043203e-09 6.47688584e-08 1
LGIC_C 192 -0.296121506 0.114514293 0.0250139971 4.34088259e-08 -8.63455061e-09 1
LGIC_C 193 0.295429063 0.0690897833 0.0250139986 -4.96100911e-08 -9.86803575e-09 1
LGIC_C 194 -0.662382139 0.373688268 0.0250140168 3.68002297e-08 -2.45891157e-08 1
LGIC_C 195 0.39199378 0.393034341 0.0250140108 -2.81018716e-08 -4.20573923e-08 1
LGIC_C 196 0.699523689 0.375561151 0.0250140182 -3.68002282e-08 -2.45891172e-08 1
LGIC_C 197 -0.274808047 -0.500571985 0.0250140084 2.45891453e-08 3.68002268e-08 1
LGIC_C 198 0.533079919 0.0388256883 0.0250140067 -4.34088272e-08 -8.63453573e-09 1
LGIC_C 199 0.606469783 0.247696754 0.0250140117 -4.96100869e-08 6.3366408e-09 1
LGIC_C 200 0.727795497 -0.281603573 0.0250140173 -4.34088226e-08 8.63456802e-09 1
LGIC_C 201 0.264697481 0.147457704 0.0250139985 -4.20574004e-08 -2.81018564e-08 1
LGIC_C 202 -0.0268076741 -0.305624068 0.0250139972 2.48392553e-08 4.34088306e-08 1
LGIC_C 203 -0.171963339 -0.0601463087 0.0250139901 -4.96100919e-08 2.90231703e-08 -1
LGIC_C 204 -0.369301673 0.5494595 0.0250140168 2.8101852e-08 -4.20574041e-08 1
LGIC_C 205 -0.094973316 0.250028574 0.0250139966 9.86805557e-09 -4.96100883e-08 1
LGIC_C 206 0.647434613 -0.380529427 0.0250140164 -3.68002179e-08 2.45891393e-08 1
LGIC_C 207 -0.157147421 -0.448254732 0.0250140015 -4.89847109e-08 5.78784581e-08 1
LGIC_C 208 -0.500675386 0.338993294 0.0250140119 -4.82586679e-08 1.31306769e-08 -1
LGIC_C 209 -0.0109829474 -0.00255241089 0.0250139849 -1.38908242e-07 -2.76307273e-08 -1
LGIC_C 210 0.0720784297 0.243469733 0.0250139961 -9.86806672e-09 -4.96100854e-08 1
LGIC_C 211 0.59316865 -0.195733171 0.0250140198 -5.78784275e-08 1.15127558e-08 1
LGIC_C 212 -0.350766428 -0.471332222 0.0250140096 -5.56021111e-08 -1.45571543e-08 -1
LGIC_C 213 0.387646666 -0.418264369 0.0250140117 -2.81018481e-08 4.20574137e-08 1
LGIC_C 214 0.467902195 -0.0584423987 0.025014004 -4.34088226e-08 8.63456802e-09 1
LGIC_C 215 -0.440699844 -0.0371328373 0.0250140027 4.34088238e-08 8.63459484e-09 1
LGIC_C 216 0.207858837 -0.167332578 0.0250139962 -3.05989503e-08 3.95603122e-08 1
LGIC_C 217 0.490587234 -0.401166776 0.0250140191 -3.37890406e-08 4.80634332e-08 1
LGIC_C 218 -0.249837632 0.385797727 0.0250140052 1.31306824e-08 -4.82586643e-08 1
LGIC_C 219 -0.195193288 -0.456731708 0.025014005 3.95603082e-08 3.05989652e-08 1
LGIC_C 220 -0.737600313 -0.341631615 0.0250140188 3.68002489e-08 2.45891179e-08 1
LGIC_C 221 0.694147429 -0.452717504 0.0250140199 -3.68002179e-08 2.45891393e-08 1
LGIC_C 222 -0.560934632 -0.15877557 0.0250140065 -4.96100919e-08 2.90231703e-08 -1
LGIC_C 223 0.247068714 0.397266292 0.0250140085 -4.80634192e-08 -3.37890445e-08 1
LGIC_C 224 -0.376074729 0.0655239807 0.025014 4.96100851e-08 2.90231542e-08 1
LGIC_C 225 0.196634339 -0.651999154 0.0250140132 -8.63454093e-09 4.34088369e-08 1
LGIC_C 226 0.378779589 -0.22490958 0.0250140027 -3.68002179e-08 2.45891393e-08 1
LGIC_C 227 -0.15818212 0.494632479 0.0250140061 8.63455111e-09 -4.34088279e-08 1
LGIC_C 228 0.259810193 -0.333161278 0.0250140027 -1.31306721e-08 4.82586744e-08 1
LGIC_C 229 -0.527060657 -0.0855610246 0.0250140069 4.34088238e-08 8.63459484e-09 1
LGIC_C 230 -0.669986787 -0.200088377 0.025014007 -4.34088282e-08 2.70157287e-08 -1
LGIC_C 231 0.532257279 0.266690527 0.0250140141 3.37890593e-08 4.80634111e-08 -1
LGIC_C 232 -0.27420798 0.772210101 0.0250140192 8.63455111e-09 -4.34088279e-08 1
LGIC_C 233 0.316204186 0.254458633 0.0250140018 -4.82586616e-08 -1.31306776e-08 1
LGIC_C 234 -0.077667872 -0.450786253 0.0250140035 8.63456455e-09 4.34088336e-08 1
LGIC_C 235 0.293581685 0.466811287 0.0250140111 -2.81018716e-08 -4.20573923e-08 1
LGIC_C 236 0.311208544 -0.0309777772 0.0250139975 -4.34088182e-08 2.48392526e-08 1
LGIC_C 237 0.667028443 -0.0269493407 0.0250140172 -4.96100802e-08 3.14742968e-08 1
LGIC_C 238 -0.162878006 0.0121692957 0.0250139921 5.7878425e-08 4.89846948e-08 1
LGIC_C 239 0.503053862 -0.291192761 0.0250140126 -4.20573976e-08 2.81018683e-08 1
LGIC_C 240 0.105603508 -0.165033863 0.025013994 -1.28239349e-08 5.73353226e-08 1
LGIC_C 241 -0.0958739049 0.226717062 0.0250139955 2.8101852e-08 -4.20574041e-08 1
LGIC_C 242 0.621158575 -0.33533024 0.0250140203 -3.37890406e-08 4.80634332e-08 1
LGIC_C 243 -0.634267868 0.225673007 0.025014017 4.96100897e-08 -9.86805572e-09 1
LGIC_C 244 0.560241283 -0.16388933 0.0250140175 -5.78784275e-08 1.15127558e-08 1
LGIC_C 245 -0.491191308 -0.447302799 0.0250140153 1.45571809e-08 5.5602105e-08 1
LGIC_C 246 0.396310384 0.438000072 0.0250140091 -2.45891309e-08 -3.68002211e-08 1
LGIC_C 247 -0.507102071 0.621601947 0.0250140186 2.45891128e-08 -3.68002333e-08 1
LGIC_C 248 0.105364743 -0.10398195 0.0250139897 -3.68002179e-08 2.45891393e-08 1
LGIC_C 249 0.495145995 -0.00421187927 0.0250140079 -4.96100802e-08 3.14742968e-08 1
LGIC_C 250 0.219307506 0.522816454 0.0250140115 -4.80634192e-08 -3.37890445e-08 1
LGIC_C 251 0.0527643983 0.664147451 0.0250140159 -6.33660387e-09 4.96100877e-08 -1
LGIC_C 252 0.125998916 0.585010152 0.0250140162 -3.14742949e-08 -4.96100822e-08 1
LGIC_C 253 0.491006993 0.335700138 0.0250140113 -4.82586616e-08 -1.31306776e-08 1
LGIC_C 254 -0.463769834 0.28217384 0.0250140125 3.37890593e-08 -4.80634052e-08 1
LGIC_C 255 -0.774701964 -0.0760698748 0.0250140148 -4.34088282e-08 2.70157287e-08 -1
LGIC_C 256 -0.307302339 0.526535818 0.0250140102 2.45891128e-08 -3.68002333e-08 1
LGIC_C 257 0.284805335 0.291634633 0.025014001 -2.45891309e-08 -3.68002211e-08 1
LGIC_C 258 -0.278899706 0.555032389 0.0250140106 2.45891128e-08 -3.68002333e-08 1
LGIC_C 259 0.241621324 -0.32538705 0.0250140071 -3.27854948e-08 4.90669785e-08 1
LGIC_C 260 -0.0189515739 -0.606935017 0.0250140135 9.8680833e-09 4.96100963e-08 1
LGIC_C 261 0.0900514415 0.604281102 0.0250140103 -8.63455884e-09 -4.34088253e-08 1
LGIC_C 262 -0.33009909 0.334629355 0.0250140038 1.31306824e-08 -4.82586643e-08 1
LGIC_C 263 -0.678714889 -0.266136053 0.0250140055 -4.34088282e-08 2.70157287e-08 -1
LGIC_C 264 0.464523884 -0.328328559 0.0250140084 -3.68002179e-08 2.45891393e-08 1
LGIC_C 265 0.217865705 0.0263195029 0.0250139943 -4.96100911e-08 -9.86803575e-09 1
LGIC_C 266 -0.141640636 -0.325545044 0.0250139988 3.95603082e-08 3.05989652e-08 1
LGIC_C 267 -0.278075938 -0.251040817 0.0250140012 1.45571809e-08 5.5602105e-08 1
LGIC_C 268 -0.0677322763 -0.503726049 0.0250140062 -2.90231482e-08 4.96101036e-08 1
LGIC_C 269 -0.0572791251 0.662530986 0.0250140158 -6.33661298e-09 -4.96100859e-08 1
LGIC_C 270 -0.0841187287 -0.10789424 0.0250139903 7.55636799e-08 6.2887973e-09 1
LGIC_C 271 -0.498112287 -0.411887438 0.0250140117 3.68002489e-08 2.45891179e-08 1
LGIC_C 272 -0.420476177 0.292054134 0.0250140074 -4.82586679e-08 1.31306769e-08 -1
LGIC_C 273 0.746806647 -0.187581637 0.0250140203 -4.34088182e-08 2.48392526e-08 1
LGIC_C 274 -0.369988511 0.373706451 0.0250140061 2.45891128e-08 -3.68002333e-08 1
LGIC_C 275 0.0398065 -0.566508879 0.0250140111 6.33663526e-09 4.9610097e-08 1
LGIC_C 276 -0.153883845 -0.514671087 0.0250140043 -2.90231482e-08 4.96101036e-08 1
LGIC_C 277 0.66751706 -0.0995896879 0.0250140195 -4.96100802e-08 3.14742968e-08 1
LGIC_C 278 0.291851711 0.247532942 0.0250140001 -3.68002282e-08 -2.45891172e-08 1
LGIC_C 279 0.0496838675 -0.0882338208 0.0250139877 -2.45891087e-08 3.68002429e-08 1
LGIC_C 280 -0.296864998 -0.130901258 0.0250139948 1.45571809e-08 5.5602105e-08 1
LGIC_C 281 0.361347525 0.570582264 0.0250140199 -4.80634192e-08 -3.37890445e-08 1
LGIC_C 282 -0.249402793 -0.438085181 0.0250140065 3.95603082e-08 3.05989652e-08 1
LGIC_C 283 -0.24419574 -0.48287256 0.0250140048 7.55636799e-08 6.2887973e-09 1
LGIC_C 284 0.221860768 -0.798124829 0.0250140198 -8.63454093e-09 4.34088369e-08 1
LGIC_C 285 -0.273398105 0.489503235 0.0250140163 3.27854968e-08 -4.90669676e-08 1
LGIC_C 286 -0.512106132 0.0159373909 0.0250140082 4.96100851e-08 2.90231542e-08 1
LGIC_C 287 -0.0768789312 -0.140355251 0.0250139903 2.45891453e-08 3.68002268e-08 1
LGIC_C 288 0.0197011683 -0.317707216 0.0250139989 6.33663526e-09 4.9610097e-08 1
LGIC_C 289 0.0348715835 0.0247585295 0.0250139851 -3.68002282e-08 -2.45891172e-08 1
LGIC_C 290 -0.360594018 -0.511433832 0.0250140149 2.81018674e-08 4.20574117e-08 1
LGIC_C 291 -0.503818796 0.464972548 0.0250140132 3.68002297e-08 -2.45891157e-08 1
LGIC_C 292 0.449462856 0.455886675 0.0250140151 -2.81018716e-08 -4.20573923e-08 1
LGIC_C 293 -0.657594984 -0.0471096272 0.0250140145 -4.96100919e-08 2.90231703e-08 -1
LGIC_C 294 0.0739409063 -0.199003439 0.0250139956 -1.15127059e-08 5.78784511e-08 1
LGIC_C 295 -0.156234974 0.134060918 0.0250139944 6.28881943e-09 -7.55636452e-08 1
LGIC_C 296 0.494680916 0.271922707 0.0250140117 -4.20574004e-08 -2.81018564e-08 1
LGIC_C 297 0.0115384205 0.36527452 0.0250139992 -8.63455884e-09 -4.34088253e-08 1
LGIC_C 298 0.0746489843 -0.502229913 0.0250140089 -9.86804037e-09 4.96101e-08 1
LGIC_C 299 -0.115330723 -0.289663518 0.0250139987 9.8680833e-09 4.96100963e-08 1
LGIC_C 300 0.422834824 -0.0520861515 0.0250140029 -4.34088182e-08 2.48392526e-08 1
LGIC_C 301 0.120551256 0.3713123 0.0250140004 -8.63455884e-09 -4.34088253e-08 1
LGIC_C 302 0.398567719 0.324980892 0.0250140091 -4.20574004e-08 -2.81018564e-08 1
LGIC_C 303 -0.0512850395 0.37555642 0.0250140024 9.86805557e-09 -4.96100883e-08 1
LGIC_C 304 -0.125299646 0.385625352 0.0250140016 -6.33661298e-09 -4.96100859e-08 1
LGIC_C 305 -0.435279652 0.231315838 0.025014005 3.68002297e-08 -2.45891157e-08 1
LGIC_C 306 0.160809896 0.0942825364 0.0250139932 3.37890593e-08 4.80634111e-08 -1
LGIC_C 307 -0.404346915 0.275997599 0.0250140064 -4.82586679e-08 1.31306769e-08 -1
LGIC_C 308 0.644634792 -0.247791397 0.0250140134 -4.34088226e-08 8.63456802e-09 1
LGIC_C 309 0.130212353 0.123543817 0.0250139911 -3.68002282e-08 -2.45891172e-08 1
LGIC_C 310 0.0924132632 0.799013797 0.0250140187 -8.63455884e-09 -4.34088253e-08 1
LGIC_C 311 0.580740067 0.596034148 0.0250140195 -2.45891309e-08 -3.68002211e-08 1
LGIC_C 312 0.309592513 0.211740531 0.0250140022 -4.20574004e-08 -2.81018564e-08 1
LGIC_C 313 0.68928003 0.351990774 0.0250140173 -3.68002282e-08 -2.45891172e-08 1
LGIC_C 314 -0.2590453 0.490549977 0.0250140077 2.45891128e-08 -3.68002333e-08 1
LGIC_C 315 -0.0994167144 0.0120632632 0.0250139883 4.96100897e-08 -9.86805572e-09 1
LGIC_C 316 -0.218650773 -0.20841958 0.0250140004 6.28883752e-09 7.55636663e-08 1
LGIC_C 317 -0.417133396 -0.194697152 0.0250140034 3.68002489e-08 2.45891179e-08 1
LGIC_C 318 -0.217549369 -0.338859965 0.0250140003 -5.56021111e-08 -1.45571543e-08 -1
LGIC_C 319 -0.493665998 -0.0649290095 0.0250140029 -4.34088282e-08 2.70157287e-08 -1
LGIC_C 320 0.429160382 0.570954221 0.0250140193 -2.81018716e-08 -4.20573923e-08 1
LGIC_C 321 0.602302959 -0.274419143 0.0250140168 -3.37890406e-08 4.80634332e-08 1
LGIC_C 322 0.529483516 0.230599004 0.0250140118 -4.82586616e-08 -1.31306776e-08 1
LGIC_C 323 -0.308273425 -0.663280255 0.0250140198 2.81018674e-08 4.20574117e-08 1
LGIC_C 324 0.0417074837 0.678825696 0.0250140167 -6.33660387e-09 4.96100877e-08 -1
LGIC_C 325 0.466449358 0.651773187 0.0250140187 -2.45891309e-08 -3.68002211e-08 1
LGIC_C 326 0.186469562 0.656804257 0.0250140147 -6.33660387e-09 4.96100877e-08 -1
LGIC_C 327 -0.29658385 -0.0194090463 0.0250139974 -4.96100919e-08 2.90231703e-08 -1
LGIC_C 328 -0.400600261 0.00108250862 0.0250140007 4.34088279e-08 -2.48392273e-08 1
LGIC_C 329 0.601127322 -0.210613654 0.0250140151 -4.96100859e-08 9.86807898e-09 1
LGIC_C 330 0.373205318 -0.0772880016 0.0250140042 -4.96100802e-08 3.14742968e-08 1
LGIC_C 331 0.234115564 -0.0764794403 0.0250139953 -4.34088182e-08 2.48392526e-08 1
LGIC_C 332 -0.0308612862 -0.358732214 0.0250140013 9.8680833e-09 4.96100963e-08 1
LGIC_C 333 0.435567025 0.183514678 0.0250140038 -3.68002282e-08 -2.45891172e-08 1
LGIC_C 334 0.240157046 0.810612737 0.0205455917 0.194186548 0.976240951 0.0961519121
LGIC_C 335 0.162860593 0.596352416 0.0250140118 -6.33660387e-09 4.96100877e-08 -1
LGIC_C 336 -0.749695901 0.00917460853 0.025014016 4.34088279e-08 -2.48392273e-08 1
LGIC_C 337 -0.0614603432 -0.0180016367 0.0250139858 -4.96100919e-08 2.90231703e-08 -1
LGIC_C 338 -0.169266217 0.320582357 0.0250139992 2.45891128e-08 -3.68002333e-08 1
LGIC_C 339 0.164277136 -0.19839664 0.025013995 -1.31306721e-08 4.82586744e-08 1
LGIC_C 340 -0.333774826 0.60814941 0.0250140182 2.8101852e-08 -4.20574041e-08 1
LGIC_C 341 -0.0566050367 -0.724337664 0.0250140152 8.63456455e-09 4.34088336e-08 1
LGIC_C 342 -0.852282263 -0.0096807552 0.02501402 -4.34088282e-08 2.70157287e-08 -1
LGIC_C 343 0.262623458 0.471530437 0.0250140095 1.3130701e-08 4.82586573e-08 -1
LGIC_C 344 -0.126184452 0.0220253445 0.0250139895 5.7878425e-08 4.89846948e-08 1
LGIC_C 345 -0.114004554 -0.138897959 0.0250139928 7.55636799e-08 6.2887973e-09 1
LGIC_C 346 0.333194947 0.312778495 0.0250140032 -3.68002282e-08 -2.45891172e-08 1
LGIC_C 347 0.478906129 -0.183281024 0.0250140088 -4.96100859e-08 9.86807898e-09 1
LGIC_C 348 -0.140579068 -0.618819719 0.0250140153 9.8680833e-09 4.96100963e-08 1
LGIC_C 349 -0.19095285 -0.526908552 0.0250140038 -2.90231482e-08 4.96101036e-08 1
LGIC_C 350 -0.238024368 0.335649585 0.0250140015 2.45891128e-08 -3.68002333e-08 1
LGIC_C 351 -0.11814089 0.0827442917 0.0250139912 3.37890593e-08 -4.80634052e-08 1
LGIC_C 352 -0.178241205 -0.323718542 0.0250140002 3.95603082e-08 3.05989652e-08 1
LGIC_C 353 -0.334810678 0.162738776 0.0250140019 4.20574045e-08 -2.81018523e-08 1
LGIC_C 354 0.133105854 0.212143871 0.0250139959 -2.81018716e-08 -4.20573923e-08 1
LGIC_C 355 0.104158205 -0.545734021 0.0250140138 1.00935263e-08 5.7878447e-08 1
LGIC_C 356 0.120838061 0.69752414 0.0250140146 -8.63455884e-09 -4.34088253e-08 1
LGIC_C 357 0.763360341 0.145046427 0.0250140202 -4.96100869e-08 6.3366408e-09 1
LGIC_C 358 0.058301043 -0.0166750008 0.0250139863 -4.96100859e-08 9.86807898e-09 1
LGIC_C 359 -0.254335565 0.199703491 0.025014 6.28881943e-09 -7.55636452e-08 1
LGIC_C 360 -0.491078804 0.439541805 0.0250140121 3.68002297e-08 -2.45891157e-08 1
LGIC_C 361 0.583458821 -0.159031378 0.0250140137 -4.96100859e-08 9.86807898e-09 1
LGIC_C 362 -0.439106352 -0.0858996031 0.0250140026 -4.96100919e-08 2.90231703e-08 -1
LGIC_C 363 -0.360059565 0.464625429 0.0250140104 1.31306824e-08 -4.82586643e-08 1
LGIC_C 364 0.0771797429 0.154023562 0.0250139933 -3.27855134e-08 -4.90669575e-08 1
LGIC_C 365 0.5925695 -0.320235895 0.0250140171 -4.20573976e-08 2.81018683e-08 1
LGIC_C 366 -0.318914194 -0.703359912 0.0250140174 3.95603082e-08 3.05989652e-08 1
LGIC_C 367 0.408181383 -0.157476618 0.0250140049 -4.34088182e-08 2.48392526e-08 1
LGIC_C 368 -0.107655992 -0.286977108 0.0250139984 2.48392553e-08 4.34088306e-08 1
LGIC_C 369 -0.102495882 -0.600363004 0.02501401 -2.90231482e-08 4.96101036e-08 1
LGIC_C 370 -0.389073898 -0.550242572 0.0250140131 2.45891453e-08 3.68002268e-08 1
LGIC_C 371 0.204771256 0.0758721681 0.0250139928 -4.34088272e-08 -8.63453573e-09 1
LGIC_C 372 -0.0793362435 0.444639959 0.0250140033 8.63455111e-09 -4.34088279e-08 1
LGIC_C 373 -0.589642253 0.553531479 0.0250140186 3.68002297e-08 -2.45891157e-08 1
LGIC_C 374 0.0722494549 -0.206844378 0.025013993 6.33663526e-09 4.9610097e-08 1
LGIC_C 375 0.153991977 -0.642656631 0.0250140189 1.00935263e-08 5.7878447e-08 1
LGIC_C 376 0.406597579 0.394125311 0.0250140114 -4.20574004e-08 -2.81018564e-08 1
LGIC_C 377 0.31014396 0.144317253 0.0250139982 -3.68002282e-08 -2.45891172e-08 1
LGIC_C 378 -0.644093708 0.0976064992 0.0250140124 4.96100851e-08 2.90231542e-08 1
LGIC_C 379 -0.00916625488 -0.491546115 0.0250140077 9.8680833e-09 4.96100963e-08 1
LGIC_C 380 0.0832163347 0.6319447 0.0250140154 -9.86806672e-09 -4.96100854e-08 1
LGIC_C 381 0.00832931318 0.626875641 0.0250140144 -9.86806672e-09 -4.96100854e-08 1
LGIC_C 382 0.581079678 -0.270092829 0.0250140158 -3.37890406e-08 4.80634332e-08 1
LGIC_C 383 0.353977645 -0.497749247 0.0250140193 -3.27854948e-08 4.90669785e-08 1
LGIC_C 384 -0.44582461 -0.392819288 0.0250140157 6.28883752e-09 7.55636663e-08 1
LGIC_C 385 0.626670316 0.0621825518 0.0250140202 -5.78784335e-08 -1.15127284e-08 1
LGIC_C 386 0.52505446 -0.473329389 0.0250140142 -3.68002179e-08 2.45891393e-08 1
LGIC_C 387 0.534531078 -0.240970208 0.0250140129 -3.37890406e-08 4.80634332e-08 1
LGIC_C 388 -0.0138079732 0.453392572 0.0250140062 -3.14742797e-08 4.96100914e-08 -1
LGIC_C 389 0.372056608 -0.368340202 0.0250140092 -4.20573976e-08 2.81018683e-08 1
LGIC_C 390 0.543792845 0.020604132 0.0250140101 -4.96100869e-08 6.3366408e-09 1
LGIC_C 391 -0.217989103 0.0949579917 0.0250139952 3.37890593e-08 -4.80634052e-08 1
LGIC_C 392 -0.19336602 -0.567295325 0.0250140058 -2.90231482e-08 4.96101036e-08 1
LGIC_C 393 -0.00450778113 -0.31663798 0.025013997 8.63456455e-09 4.34088336e-08 1
LGIC_C 394 0.422477932 0.677570992 0.0250140186 -2.45891309e-08 -3.68002211e-08 1
LGIC_C 395 0.346678681 0.441741968 0.0250140091 1.3130701e-08 4.82586573e-08 -1
LGIC_C 396 0.279937483 0.409225043 0.0250140067 1.3130701e-08 4.82586573e-08 -1
LGIC_C 397 -0.666979752 0.237011992 0.0250140143 4.34088259e-08 -8.63455061e-09 1
LGIC_C 398 -0.579159259 0.245970484 0.0250140147 3.37890593e-08 -4.80634052e-08 1
LGIC_C 399 0.596950455 -0.15676738 0.0250140178 -4.96100802e-08 3.14742968e-08 1
