VGCC_O 2 0.119933892 -0.04777957 0.0466929781 -1.41802115e-06 2.82063236e-07 -1
CaBS 10 0.0907061557 -0.017404584 0.0729243066 -0.999896295 -0.0141984568 0.00240892729
CaBS 11 0.102827449 -0.0197532337 0.0541991059 -0.333750671 -0.131704002 -0.933415527
CaBS 13 0.116578533 -0.00884181909 0.06068928 0.321328636 0.750213906 -0.577864173
CaBS 14 0.0937527501 -0.00607849682 0.0709345353 -0.344822968 0.867728907 0.357971598
CaBS 15 0.0906297002 -0.0123077079 0.0712307024 -0.999896295 -0.0141984568 0.00240892729
CaBS 16 0.103913839 -0.0317921912 0.0606024053 -0.324116536 -0.749802846 -0.576839807
CaBS 17 0.107219792 -0.00672953487 0.0582275138 0.321328636 0.750213906 -0.577864173
CaBS 18 0.120209968 -0.0166057661 0.0808255192 0.751399702 -0.322919474 0.575431578
CaBS 19 0.0973168039 -0.022960378 0.0566220089 -0.333750671 -0.131704002 -0.933415527
CaBS 20 0.106891792 -0.0362638279 0.0679657118 0.344822999 -0.867728964 -0.357971429
CaBS 21 0.122441681 -0.0136183174 0.0729321016 0.999896301 0.01419805 -0.0024089266
CaBS 22 0.0935702838 -0.00916810977 0.0749602519 -0.748611723 0.322508223 0.579283121
CaBS 23 0.111728453 -0.0311255658 0.0601694835 0.344822999 -0.867728964 -0.357971429
CaBS 24 0.097279848 -0.0107990221 0.0806621373 -0.748611723 0.322508223 0.579283121
CaBS 25 -0.10909998 0.0169123134 0.0855308324 -0.329239868 -0.132369105 0.934922205
CaBS 29 -0.0874774323 0.0100271294 0.0690506272 0.999896301 0.0141980506 -0.0024089266
CaBS 38 -0.0884563278 0.0118722362 0.0782298634 0.75139969 -0.322919491 0.575431584
CaBS_Ca 56 0.101198848 -0.0273307153 0.0831400281 -0.321328743 -0.750213836 0.577864204
CaBS_Ca 57 -0.115272692 0.000671240458 0.0765812831 -0.735818461 -0.677177107 0.0015353549
Ca 1 -0.020102294 -0.308213726 0.133948675 0 0 0
Ca 4 -0.212400882 0.246144557 0.693801384 0 0 0
Ca 7 -0.222885656 0.0994571222 0.124724011 0 0 0
Ca 6 0.510112335 0.328775846 0.488996973 0 0 0
CaBS_Ca 60 -0.118183353 0.00380776367 0.0650290032 -0.735818461 -0.677177107 0.0015353549
Ca 7 0.345114423 -0.00588094445 0.0617224262 0 0 0
Ca 4 0.191528365 -0.538091885 0.555288211 0 0 0
Ca 8 0.166982625 -0.0813653285 0.254461414 0 0 0
Ca 1 0.0663437541 -0.127666515 0.854007403 0 0 0
Ca 6 -0.226024161 0.140069876 0.8275715 0 0 0
Ca 6 -0.169084324 0.0316533254 0.773384752 0 0 0
Ca 1 0.318085449 0.289250508 0.108378723 0 0 0
Ca 8 0.159861359 0.1791408 0.178358235 0 0 0
Ca 1 -0.470622941 0.0778475714 0.554437885 0 0 0
Ca 7 -0.56404281 -0.0949409978 0.171777119 0 0 0
Ca 6 -0.218853174 -0.00545241801 0.144267048 0 0 0
Ca 1 -0.281145461 0.11929573 0.422017775 0 0 0
Ca 7 0.281183526 0.00573307271 0.596638644 0 0 0
Ca 6 -0.195038469 0.228537496 0.540124133 0 0 0
Ca 4 -0.266234986 0.359211711 0.796010226 0 0 0
Ca 1 -0.39851143 0.233354082 0.296646769 0 0 0
Ca 7 0.0823353084 0.0396395065 0.227789213 0 0 0
Ca 1 -0.654865003 -0.164190451 0.454106167 0 0 0
Ca 7 0.196928112 0.368661391 0.36664788 0 0 0
Ca 6 -0.105031807 0.234647823 0.610619627 0 0 0
Ca 1 -0.464207655 0.475332154 0.250773759 0 0 0
Ca 8 0.0734398734 0.367776266 0.23743688 0 0 0
Ca 7 -0.570660769 -0.159642384 0.428328061 0 0 0
Ca 8 -0.0774186501 0.481981811 0.119438298 0 0 0
Ca 8 0.0291907482 0.667066997 0.266427048 0 0 0
Ca 8 -0.414214947 -0.163676174 0.463777175 0 0 0
Ca 4 -0.0587524289 0.499794525 0.13469136 0 0 0
Ca 8 0.0417479562 0.728248473 0.364362768 0 0 0
Ca 8 -0.249961796 -0.460495829 0.72903523 0 0 0
Ca 1 -0.626556114 0.276257937 0.365059815 0 0 0
Ca 8 -0.079539581 -0.123792963 0.549296547 0 0 0
Ca 6 0.0609670762 0.217042151 0.252102398 0 0 0
Ca 1 -0.358711011 -0.0936725893 0.246924906 0 0 0
Ca 6 -0.223724681 -0.304043849 0.325220535 0 0 0
Ca 1 0.284205782 0.0015564969 0.484980137 0 0 0
Ca 4 -0.363851985 -0.283244348 0.321345528 0 0 0
Ca 7 -0.490603284 0.284172259 0.348841152 0 0 0
Ca 7 -0.136010201 -0.418363192 0.259462736 0 0 0
Ca 6 0.196734135 0.326308545 0.214016422 0 0 0
Ca 6 -0.15373224 0.382768599 0.354455161 0 0 0
Ca 6 -0.454183184 0.0274918026 0.327800711 0 0 0
Ca 6 0.200284982 0.275950048 0.22636251 0 0 0
Ca 1 -0.324650271 0.309534134 0.114429871 0 0 0
Ca 4 -0.109866441 -0.180334101 0.393367302 0 0 0
Ca 4 -0.0661274201 0.266959366 0.364366291 0 0 0
Ca 8 -0.297633372 -0.208932419 0.289672713 0 0 0
Ca 6 -0.309661137 0.235776742 0.238480784 0 0 0
Ca 6 -0.288540962 0.030856787 0.345794802 0 0 0
Ca 3 0.239300356 -0.247911296 0.158974054 0 0 0
Ca 8 -0.0140647598 -0.0642650379 0.151934169 0 0 0
Ca 7 -0.395745244 0.452272425 0.178574273 0 0 0
Ca 1 0.201396376 -0.0387429031 0.426383608 0 0 0
Ca 7 -0.436364544 0.155074141 0.224450837 0 0 0
Ca 1 -0.280876748 0.251858027 0.201165331 0 0 0
Ca 8 -0.289524622 0.123039016 0.138192627 0 0 0
Ca 4 0.0327978269 -0.00217454686 0.476151462 0 0 0
Ca 1 -0.09606846 0.0871195702 0.288621802 0 0 0
Ca 6 -0.446834114 0.294277648 0.433782406 0 0 0
Ca 6 -0.322851685 0.18286401 0.103818072 0 0 0
Ca 6 -0.466730159 0.116285176 0.185003428 0 0 0
Ca 6 -0.186037289 -0.0947703454 0.111466577 0 0 0
Ca 7 -0.300458497 0.0624180829 0.321767546 0 0 0
Ca 4 -0.178794637 -0.115316198 0.117901479 0 0 0
Ca 6 -0.234352695 -0.156948883 0.125785876 0 0 0
Ca 4 -0.0347738639 -0.0370200704 0.060535638 0 0 0
Ca 7 -0.221149328 -0.115017731 0.0667721882 0 0 0
Ca 6 -0.0476243456 -0.0588415424 0.178846177 0 0 0
Ca 7 -0.0637987414 0.0265672571 0.0547983337 0 0 0
Ca 7 -0.109020466 0.0275334921 0.0847980852 0 0 0
Ca 7 -0.283984819 0.00717307684 0.0616327501 0 0 0
Ca 4 -0.201772215 0.0306372145 0.096899151 0 0 0
Ca 7 -0.0105572664 0.0384831252 0.0483010826 0 0 0
Ca 6 -0.112536293 0.0406860494 0.0962110361 0 0 0
Ca 7 -0.178668601 0.0646289755 0.0991511506 0 0 0
Ca 1 -0.12356397 0.0173475442 0.0466820766 0 0 0
Ca 6 -0.136597998 0.0028443519 0.0466457907 0 0 0
Ca 4 -0.114171543 0.00404101988 0.0466186114 0 0 0
Ca 6 -0.196212682 0.0244117332 0.0519955864 0 0 0
VGCC_O 1 -0.126159285 0.0151063295 0.0466933189 -1.62059625e-06 3.22356338e-07 -1
VGCC_O 9 0.0953603447 -0.018533153 0.0466930096 -1.14792244e-06 -1.24564753e-07 -1
VGCC_O 3 0.0772568984 -0.00428239309 0.046693036 -1.41802159e-06 2.82063681e-07 -1
VGCC_O 7 -0.137449801 0.00579357966 0.0466933342 -1.62059625e-06 3.22356338e-07 -1
VGCC_O 0 0.11238887 -0.0311459409 0.0466929927 -1.01287282e-06 -1.51427976e-07 -1
VGCC_O 4 -0.108229728 0.00324736392 0.0466932869 -8.10297798e-07 1.61178104e-07 -1
VGCC_O 8 -0.134706799 0.0161271258 0.0466933331 -1.62059677e-06 3.22356891e-07 -1
VGCC_O 6 -0.12622171 0.0241576588 0.046693322 -1.62059677e-06 3.22356891e-07 -1
VGCC_O 5 0.113746944 -0.0200409323 0.0466929896 -1.01287282e-06 -1.51427976e-07 -1
TAG 41 -0.105784995 0.0105052503 0.0536665039 -0.333750681 -0.131703993 -0.933415524
TAG 62 -0.0995730683 0.0302300905 0.0690462359 0.3213287 0.750213891 -0.577864158
TAG 59 -0.100018848 -0.00188752594 0.0603333581 0.344822933 -0.867729023 -0.35797135
TAG 55 -0.119337383 0.0151637023 0.0699872324 -0.999896295 -0.0141984574 0.00240892698
TAG 54 -0.104785227 0.0261860029 0.076486355 -0.344822968 0.867728888 0.357971643
TAG 53 -0.089146311 -0.000197085518 0.0670554248 0.74861179 -0.322508554 -0.579282851
TAG 52 -0.119278263 0.0119799944 0.0757618237 -0.999896295 -0.0141984574 0.00240892698
TAG 51 -0.102448777 0.00747370566 0.0865367572 -0.329239868 -0.132369105 0.934922205
TAG 45 -0.113699624 0.0170707545 0.0588716642 -0.751399624 0.322919173 -0.575431849
TAG 44 -0.11923843 0.00668793202 0.0611035411 -0.999896295 -0.0141984574 0.00240892698
LGIC_C 0 0.537793914 0.223350193 0.0250140121 -4.20574004e-08 -2.81018564e-08 1
LGIC_C 1 -0.34302139 0.0361122634 0.0250139985 4.34088259e-08 -8.63455061e-09 1
LGIC_C 2 -0.549039054 0.0719634834 0.0250140112 4.96100897e-08 -9.86805572e-09 1
LGIC_C 3 0.233427309 -0.653211711 0.0250140179 -9.86804037e-09 4.96101e-08 1
LGIC_C 4 -0.405939931 -0.225991104 0.0250140029 6.28883752e-09 7.55636663e-08 1
LGIC_C 5 0.0549949754 -0.526526461 0.0250140132 1.00935263e-08 5.7878447e-08 1
LGIC_C 6 -0.320806811 0.464685526 0.025014014 1.28239438e-08 -5.73353116e-08 1
LGIC_C 7 -0.672674506 0.437064711 0.0250140188 3.68002297e-08 -2.45891157e-08 1
LGIC_C 8 -0.203026139 0.282762387 0.0250139987 2.45891128e-08 -3.68002333e-08 1
LGIC_C 9 -0.441370806 -0.273300186 0.0250140067 6.28883752e-09 7.55636663e-08 1
LGIC_C 10 -0.434350973 -0.615322886 0.0250140193 3.95603082e-08 3.05989652e-08 1
LGIC_C 11 0.142851422 0.56226362 0.0250140103 -6.33660387e-09 4.96100877e-08 -1
LGIC_C 12 0.372820881 0.156302729 0.0250140067 -4.90669739e-08 -3.27854893e-08 1
LGIC_C 13 0.728457851 -0.108374412 0.0250140204 -4.96100859e-08 9.86807898e-09 1
LGIC_C 14 0.655132754 0.261645702 0.0250140141 -4.96100869e-08 6.3366408e-09 1
LGIC_C 15 -0.443112681 -0.319159201 0.0250140063 5.39043203e-09 6.47688584e-08 1
LGIC_C 16 0.633237386 -0.165547872 0.0250140163 -4.96100859e-08 9.86807898e-09 1
LGIC_C 17 -0.537547188 0.329803785 0.0250140135 -4.82586679e-08 1.31306769e-08 -1
LGIC_C 18 0.307434911 -0.444705581 0.0250140106 -2.81018481e-08 4.20574137e-08 1
LGIC_C 19 -0.317219083 0.269401329 0.0250140069 3.37890593e-08 -4.80634052e-08 1
LGIC_C 20 0.112896676 -0.417792831 0.0250140087 -1.15127059e-08 5.78784511e-08 1
LGIC_C 21 -0.033340459 -0.177178496 0.025013991 -2.90231482e-08 4.96101036e-08 1
LGIC_C 22 0.159741337 0.629701742 0.0250140161 -9.86806672e-09 -4.96100854e-08 1
LGIC_C 23 -0.426453565 0.406171208 0.025014009 3.68002297e-08 -2.45891157e-08 1
LGIC_C 24 0.12819809 0.454558426 0.0250140071 -9.86806672e-09 -4.96100854e-08 1
LGIC_C 25 0.377422503 -0.00486230274 0.0250139997 -4.34088226e-08 8.63456802e-09 1
LGIC_C 26 -0.0360368989 0.252084804 0.0250139983 1.15127271e-08 -5.78784352e-08 1
LGIC_C 27 -0.270551436 0.536054589 0.0250140184 3.27854968e-08 -4.90669676e-08 1
LGIC_C 28 0.684844839 0.0862030761 0.0250140137 -4.34088272e-08 -8.63453573e-09 1
LGIC_C 29 -0.60309525 -0.122846314 0.0250140122 5.7878436e-08 -4.89847332e-08 1
LGIC_C 30 0.639152824 0.133248773 0.0250140141 -4.96100869e-08 6.3366408e-09 1
LGIC_C 31 -0.392834493 -0.422454818 0.0250140117 3.95603082e-08 3.05989652e-08 1
LGIC_C 32 0.0770633626 0.0787807753 0.0250139887 -2.81018716e-08 -4.20573923e-08 1
LGIC_C 33 -0.00910083311 0.620542594 0.0250140103 8.63455111e-09 -4.34088279e-08 1
LGIC_C 34 0.241422234 -0.501840964 0.0250140158 -3.27854948e-08 4.90669785e-08 1
LGIC_C 35 -0.170382339 -0.529395454 0.0250140045 -2.90231482e-08 4.96101036e-08 1
LGIC_C 36 0.534473766 -0.595191975 0.0250140183 -2.45891087e-08 3.68002429e-08 1
LGIC_C 37 0.115084282 0.76843696 0.0250140176 -8.63455884e-09 -4.34088253e-08 1
LGIC_C 38 0.726405433 -0.307405555 0.0250140176 -3.05989503e-08 3.95603122e-08 1
LGIC_C 39 0.698302341 0.334634761 0.0250140172 -3.68002282e-08 -2.45891172e-08 1
LGIC_C 40 -0.674639278 0.0437687085 0.0250140136 4.34088279e-08 -2.48392273e-08 1
LGIC_C 41 -0.51360469 0.607119672 0.0250140182 2.45891128e-08 -3.68002333e-08 1
LGIC_C 42 -0.265037047 -0.672768571 0.0250140147 8.63456455e-09 4.34088336e-08 1
LGIC_C 43 -0.568786715 -0.521022533 0.0250140158 1.15916899e-08 4.97976879e-08 1
LGIC_C 44 0.346279287 0.551644136 0.0250140144 1.3130701e-08 4.82586573e-08 -1
LGIC_C 45 -0.00500845302 -0.24532667 0.025013994 2.48392553e-08 4.34088306e-08 1
LGIC_C 46 -0.19489129 -0.189685874 0.0250139966 5.39043203e-09 6.47688584e-08 1
LGIC_C 47 0.505172929 -0.193666031 0.0250140147 -5.78784275e-08 1.15127558e-08 1
LGIC_C 48 -0.0681798865 -0.383987656 0.0250140005 8.63456455e-09 4.34088336e-08 1
LGIC_C 49 -0.500773194 -0.17107371 0.0250140065 4.34088238e-08 8.63459484e-09 1
LGIC_C 50 0.23020356 -0.330701742 0.025014007 -3.27854948e-08 4.90669785e-08 1
LGIC_C 51 -0.562319253 -0.00785398228 0.0250140075 -4.34088282e-08 2.70157287e-08 -1
LGIC_C 52 0.655937061 -0.18678072 0.0250140163 -4.34088182e-08 2.48392526e-08 1
LGIC_C 53 0.327843893 -0.0871420598 0.0250139996 -4.34088182e-08 2.48392526e-08 1
LGIC_C 54 -0.0300207406 -0.224488735 0.0250139947 -4.89847109e-08 5.78784581e-08 1
LGIC_C 55 0.415602587 0.483814517 0.0250140113 -2.45891309e-08 -3.68002211e-08 1
LGIC_C 56 -0.119634921 -0.218228827 0.0250139931 -5.56021111e-08 -1.45571543e-08 -1
LGIC_C 57 -0.0665234529 0.429500655 0.0250140067 -3.14742797e-08 4.96100914e-08 -1
LGIC_C 58 0.443858453 -0.0868383178 0.0250140047 -4.34088182e-08 2.48392526e-08 1
LGIC_C 59 -0.429751111 -0.19140039 0.0250140001 1.45571809e-08 5.5602105e-08 1
LGIC_C 60 0.101098625 0.532722183 0.0250140129 -3.14742949e-08 -4.96100822e-08 1
LGIC_C 61 -0.382036777 0.350589777 0.0250140092 4.20574045e-08 -2.81018523e-08 1
LGIC_C 62 -0.0380937044 0.414201947 0.025014005 -3.14742797e-08 4.96100914e-08 -1
LGIC_C 63 0.194968887 -0.0513125281 0.0250139934 -4.96100859e-08 9.86807898e-09 1
LGIC_C 64 -0.250141288 0.00272142941 0.0250139976 5.7878425e-08 4.89846948e-08 1
LGIC_C 65 0.0060047974 0.31118586 0.0250139988 -9.86806672e-09 -4.96100854e-08 1
LGIC_C 66 -0.266867693 -0.33736723 0.0250140022 2.45891453e-08 3.68002268e-08 1
LGIC_C 67 -0.460376889 0.42654877 0.0250140184 6.28881943e-09 -7.55636452e-08 1
LGIC_C 68 -0.653679401 -0.112312826 0.0250140086 -4.34088282e-08 2.70157287e-08 -1
LGIC_C 69 -0.716997881 -0.381808799 0.025014019 3.68002489e-08 2.45891179e-08 1
LGIC_C 70 -0.0160870072 0.384633608 0.0250140001 8.63455111e-09 -4.34088279e-08 1
LGIC_C 71 0.544173841 0.113561905 0.025014016 -5.78784335e-08 -1.15127284e-08 1
LGIC_C 72 0.153299968 0.370597586 0.0250140007 -8.63455884e-09 -4.34088253e-08 1
LGIC_C 73 -0.00689728182 0.000574940395 0.0250139836 4.34088279e-08 -2.48392273e-08 1
LGIC_C 74 0.520918669 0.494162546 0.0250140149 -4.82586616e-08 -1.31306776e-08 1
LGIC_C 75 0.508185133 -0.581795331 0.0250140171 -2.45891087e-08 3.68002429e-08 1
LGIC_C 76 -0.686427322 0.0751966614 0.0250140151 4.96100851e-08 2.90231542e-08 1
LGIC_C 77 0.326301541 -0.215917112 0.0250140018 -3.05989503e-08 3.95603122e-08 1
LGIC_C 78 0.241999024 0.388822596 0.0250140103 -3.27855134e-08 -4.90669575e-08 1
LGIC_C 79 -0.584519726 -0.275647446 0.0250140037 1.15916899e-08 4.97976879e-08 1
LGIC_C 80 0.703776582 -0.0497827719 0.0250140142 -4.34088226e-08 8.63456802e-09 1
LGIC_C 81 0.0641571094 0.686449212 0.0250140169 -6.33660387e-09 4.96100877e-08 -1
LGIC_C 82 0.510034514 -0.313378606 0.0250140112 -3.05989503e-08 3.95603122e-08 1
LGIC_C 83 -0.367926234 0.263405686 0.0250140045 -4.82586679e-08 1.31306769e-08 -1
LGIC_C 84 0.220059011 0.521946961 0.0250140113 1.3130701e-08 4.82586573e-08 -1
LGIC_C 85 -0.0707175565 0.138779437 0.0250139921 1.28239438e-08 -5.73353116e-08 1
LGIC_C 86 0.563546946 -0.332468063 0.0250140182 -3.37890406e-08 4.80634332e-08 1
LGIC_C 87 -0.312770513 -0.236268357 0.0250140009 1.45571809e-08 5.5602105e-08 1
LGIC_C 88 -0.604711359 -0.509392661 0.0250140156 1.15916899e-08 4.97976879e-08 1
LGIC_C 89 0.244638393 -0.497050438 0.0250140104 -1.31306721e-08 4.82586744e-08 1
LGIC_C 90 -0.361634625 -0.338586706 0.0250140073 1.45571809e-08 5.5602105e-08 1
LGIC_C 91 0.148254546 0.800593158 0.0250140193 -8.63455884e-09 -4.34088253e-08 1
LGIC_C 92 0.224744441 -0.705540343 0.0250140168 6.33663526e-09 4.9610097e-08 1
LGIC_C 93 -0.0797620282 0.561927033 0.0250140106 -6.33661298e-09 -4.96100859e-08 1
LGIC_C 94 0.160469377 -0.0393950832 0.0250139924 -4.96100802e-08 3.14742968e-08 1
LGIC_C 95 -0.321899554 -0.413205463 0.0250140072 -5.56021111e-08 -1.45571543e-08 -1
LGIC_C 96 0.327093722 -0.0119335346 0.0250139996 -4.96100859e-08 9.86807898e-09 1
LGIC_C 97 -0.410574191 0.0351028066 0.0250140026 4.96100851e-08 2.90231542e-08 1
LGIC_C 98 -0.337115257 -0.567886883 0.025014014 3.95603082e-08 3.05989652e-08 1
LGIC_C 99 0.236806462 -0.0675421571 0.0250139971 -4.96100802e-08 3.14742968e-08 1
LGIC_C 100 -0.335019769 -0.502132273 0.02501401 2.45891453e-08 3.68002268e-08 1
LGIC_C 101 -0.398673407 0.0165820488 0.0250140032 4.96100897e-08 -9.86805572e-09 1
LGIC_C 102 -0.344146004 0.436520564 0.0250140127 1.28239438e-08 -5.73353116e-08 1
LGIC_C 103 -0.457522145 -0.0260654007 0.0250140033 4.34088238e-08 8.63459484e-09 1
LGIC_C 104 0.577723828 -0.246922727 0.0250140197 -4.90669481e-08 3.27855328e-08 1
LGIC_C 105 -0.303826584 0.0994681227 0.0250139989 4.34088279e-08 -2.48392273e-08 1
LGIC_C 106 -0.314265991 0.787994296 0.0250140202 8.63455111e-09 -4.34088279e-08 1
LGIC_C 107 -0.731735895 -0.255986763 0.0250140172 4.34088238e-08 8.63459484e-09 1
LGIC_C 108 -0.0364785645 -0.504642794 0.0250140061 2.48392553e-08 4.34088306e-08 1
LGIC_C 109 0.19772571 0.0991188103 0.0250139941 -4.82586616e-08 -1.31306776e-08 1
LGIC_C 110 -0.181842635 -0.720928182 0.0250140161 8.63456455e-09 4.34088336e-08 1
LGIC_C 111 -0.513845296 -0.136070068 0.0250140048 -4.96100919e-08 2.90231703e-08 -1
LGIC_C 112 0.721184883 -0.0119358695 0.0250140194 -4.96100802e-08 3.14742968e-08 1
LGIC_C 113 -0.0329828331 -0.720906231 0.0250140154 2.48392553e-08 4.34088306e-08 1
LGIC_C 114 -0.363466499 0.401816496 0.025014011 1.28239438e-08 -5.73353116e-08 1
LGIC_C 115 0.520757263 -0.359473245 0.0250140134 -3.05989503e-08 3.95603122e-08 1
LGIC_C 116 0.174506775 -0.438211686 0.0250140068 1.00935263e-08 5.7878447e-08 1
LGIC_C 117 -0.199432869 -0.00894368765 0.0250139929 -4.96100919e-08 2.90231703e-08 -1
LGIC_C 118 -0.321992419 -0.325320056 0.0250140059 -5.56021111e-08 -1.45571543e-08 -1
LGIC_C 119 0.099014679 0.410547607 0.0250140046 -9.86806672e-09 -4.96100854e-08 1
LGIC_C 120 0.0306784428 0.469074938 0.0250140068 -9.86806672e-09 -4.96100854e-08 1
LGIC_C 121 -0.455156655 -0.410476981 0.025014009 1.15916899e-08 4.97976879e-08 1
LGIC_C 122 0.60983881 -0.355688139 0.0250140144 -3.68002179e-08 2.45891393e-08 1
LGIC_C 123 0.362458667 -0.292770851 0.0250140106 -4.90669481e-08 3.27855328e-08 1
LGIC_C 124 0.504286643 -0.423835487 0.0250140122 -3.68002179e-08 2.45891393e-08 1
LGIC_C 125 0.118292986 -0.165733078 0.0250139928 -1.31306721e-08 4.82586744e-08 1
LGIC_C 126 0.626457497 -0.344841673 0.025014016 -3.05989503e-08 3.95603122e-08 1
LGIC_C 127 0.232814263 -0.311476554 0.0250140013 -1.31306721e-08 4.82586744e-08 1
LGIC_C 128 0.232147054 -0.35939571 0.0250140022 -2.45891087e-08 3.68002429e-08 1
LGIC_C 129 0.474829532 -0.0900163989 0.0250140046 -4.34088226e-08 8.63456802e-09 1
LGIC_C 130 -0.619371173 0.207954879 0.0250140119 4.34088259e-08 -8.63455061e-09 1
LGIC_C 131 0.411023984 0.250505855 0.0250140064 -4.82586616e-08 -1.31306776e-08 1
LGIC_C 132 -0.235161194 0.088162942 0.0250139925 5.7878425e-08 4.89846948e-08 1
LGIC_C 133 -0.611790166 -0.0238874132 0.02501401 4.34088238e-08 8.63459484e-09 1
LGIC_C 134 0.28733286 -0.66276596 0.0250140147 -2.45891087e-08 3.68002429e-08 1
LGIC_C 135 -0.300719471 -0.259942654 0.0250140048 6.28883752e-09 7.55636663e-08 1
LGIC_C 136 0.400226982 -0.273593469 0.0250140047 -3.68002179e-08 2.45891393e-08 1
LGIC_C 137 0.358928128 -0.308615635 0.0250140064 -3.05989503e-08 3.95603122e-08 1
LGIC_C 138 -0.70372134 -0.20299582 0.0250140097 4.96100935e-08 -4.19869172e-08 1
LGIC_C 139 0.138113341 -0.00835784045 0.0250139903 -4.96100802e-08 3.14742968e-08 1
LGIC_C 140 0.435528536 0.583964308 0.0250140155 -2.45891309e-08 -3.68002211e-08 1
LGIC_C 141 0.492279236 0.104397887 0.0250140055 -4.34088272e-08 -8.63453573e-09 1
LGIC_C 142 -0.468559982 -0.539844011 0.0250140183 3.95603082e-08 3.05989652e-08 1
LGIC_C 143 -0.0794105174 -0.170128456 0.0250139926 2.81018674e-08 4.20574117e-08 1
LGIC_C 144 -0.442908872 -0.454201318 0.0250140145 -5.56021111e-08 -1.45571543e-08 -1
LGIC_C 145 0.224412497 0.0005437208 0.0250139944 -4.96100869e-08 6.3366408e-09 1
LGIC_C 146 0.00315194888 0.57861933 0.025014012 -9.86806672e-09 -4.96100854e-08 1
LGIC_C 147 -0.305554653 -0.334536878 0.0250140031 2.45891453e-08 3.68002268e-08 1
LGIC_C 148 0.461435756 -0.0948453957 0.025014011 -5.78784275e-08 1.15127558e-08 1
LGIC_C 149 0.547922092 0.504813676 0.0250140158 -3.68002282e-08 -2.45891172e-08 1
LGIC_C 150 0.424234298 0.167513832 0.0250140032 -4.96100869e-08 6.3366408e-09 1
LGIC_C 151 -0.126938511 -0.711743023 0.0250140152 8.63456455e-09 4.34088336e-08 1
LGIC_C 152 0.248422661 0.596763635 0.0250140153 1.3130701e-08 4.82586573e-08 -1
LGIC_C 153 0.154803869 -0.206076423 0.025013997 -1.28239349e-08 5.73353226e-08 1
LGIC_C 154 0.166323557 0.530112613 0.0250140112 -9.86806672e-09 -4.96100854e-08 1
LGIC_C 155 -0.610806064 0.105210386 0.0250140107 4.34088259e-08 -8.63455061e-09 1
LGIC_C 156 -0.256390366 0.0265766146 0.0250139946 4.34088259e-08 -8.63455061e-09 1
LGIC_C 157 -0.399388497 0.280333933 0.025014007 6.28881943e-09 -7.55636452e-08 1
LGIC_C 158 0.357082489 0.148241378 0.0250140024 3.37890593e-08 4.80634111e-08 -1
LGIC_C 159 0.784305448 0.163968981 0.0250140187 -4.34088272e-08 -8.63453573e-09 1
LGIC_C 160 -0.257378537 -0.0436813637 0.0250139933 -4.34088282e-08 2.70157287e-08 -1
LGIC_C 161 -0.437535789 0.0984174574 0.0250140059 4.96100897e-08 -9.86805572e-09 1
LGIC_C 162 0.451838401 -0.0208234927 0.0250140096 -5.78784275e-08 1.15127558e-08 1
LGIC_C 163 0.36205477 -0.249652443 0.0250140055 -4.20573976e-08 2.81018683e-08 1
LGIC_C 164 0.229178199 -0.601469391 0.0250140116 6.33663526e-09 4.9610097e-08 1
LGIC_C 165 -0.317652618 0.0236623586 0.0250139983 4.96100851e-08 2.90231542e-08 1
LGIC_C 166 -0.160081758 -0.67877761 0.0250140167 2.48392553e-08 4.34088306e-08 1
LGIC_C 167 -0.550601331 0.549985656 0.0250140171 3.68002297e-08 -2.45891157e-08 1
LGIC_C 168 -0.565013988 -0.25149362 0.0250140026 5.39043203e-09 6.47688584e-08 1
LGIC_C 169 0.657830835 -0.4655599 0.0250140189 -3.68002179e-08 2.45891393e-08 1
LGIC_C 170 0.544133006 -0.342238549 0.0250140181 -3.37890406e-08 4.80634332e-08 1
LGIC_C 171 -0.193505085 0.307940913 0.0250140034 1.28239438e-08 -5.73353116e-08 1
LGIC_C 172 0.363646308 0.160599369 0.0250140033 3.37890593e-08 4.80634111e-08 -1
LGIC_C 173 0.695219574 0.305847819 0.0250140163 -3.68002282e-08 -2.45891172e-08 1
LGIC_C 174 -0.0792556541 -0.523927273 0.025014008 2.48392553e-08 4.34088306e-08 1
LGIC_C 175 0.428736485 -0.295516532 0.0250140119 -3.37890406e-08 4.80634332e-08 1
LGIC_C 176 -0.600611677 -0.584705654 0.0250140193 1.15916899e-08 4.97976879e-08 1
LGIC_C 177 0.304787828 0.320703009 0.0250140053 -2.81018716e-08 -4.20573923e-08 1
LGIC_C 178 0.0460759983 -0.630397623 0.0250140142 6.33663526e-09 4.9610097e-08 1
LGIC_C 179 -0.239528947 -0.172171379 0.0250139977 6.28883752e-09 7.55636663e-08 1
LGIC_C 180 -0.136736225 0.257999972 0.025013998 2.8101852e-08 -4.20574041e-08 1
LGIC_C 181 -0.628678585 -0.318764838 0.0250140073 5.39043203e-09 6.47688584e-08 1
LGIC_C 182 0.0900262442 -0.176405688 0.0250139932 -2.81018481e-08 4.20574137e-08 1
LGIC_C 183 0.668347203 0.318832503 0.0250140197 -4.82586616e-08 -1.31306776e-08 1
LGIC_C 184 0.726315264 -0.0402523482 0.0250140158 -4.34088182e-08 2.48392526e-08 1
LGIC_C 185 0.402682853 -0.125297987 0.0250140038 -4.34088182e-08 2.48392526e-08 1
LGIC_C 186 -0.618054557 -0.316254137 0.025014007 5.39043203e-09 6.47688584e-08 1
LGIC_C 187 0.145816171 0.0920572051 0.0250139934 -4.90669739e-08 -3.27854893e-08 1
LGIC_C 188 -0.746273291 0.0938223488 0.0250140165 4.34088259e-08 -8.63455061e-09 1
LGIC_C 189 -0.530803119 0.286908179 0.0250140137 4.20574045e-08 -2.81018523e-08 1
LGIC_C 190 0.334234123 -0.752621702 0.0250140191 -2.45891087e-08 3.68002429e-08 1
LGIC_C 191 -0.411895538 -0.235197947 0.0250140007 5.39043203e-09 6.47688584e-08 1
LGIC_C 192 -0.291335128 0.101435937 0.0250139968 4.34088259e-08 -8.63455061e-09 1
LGIC_C 193 0.299504439 0.0751898381 0.0250139988 -4.96100911e-08 -9.86803575e-09 1
LGIC_C 194 -0.659579066 0.378818628 0.0250140169 3.68002297e-08 -2.45891157e-08 1
LGIC_C 195 0.382413124 0.390010824 0.0250140104 -2.81018716e-08 -4.20573923e-08 1
LGIC_C 196 0.720386168 0.377323942 0.025014019 -3.68002282e-08 -2.45891172e-08 1
LGIC_C 197 -0.261967851 -0.509617191 0.0250140084 2.45891453e-08 3.68002268e-08 1
LGIC_C 198 0.50945675 0.0217186233 0.0250140055 -4.34088272e-08 -8.63453573e-09 1
LGIC_C 199 0.601068856 0.24457293 0.0250140115 -4.96100869e-08 6.3366408e-09 1
LGIC_C 200 0.734726645 -0.304656551 0.0250140178 -3.68002179e-08 2.45891393e-08 1
LGIC_C 201 0.234487953 0.145693338 0.0250139972 -4.20574004e-08 -2.81018564e-08 1
LGIC_C 202 -0.0305816709 -0.305074111 0.0250139972 2.48392553e-08 4.34088306e-08 1
LGIC_C 203 -0.188474593 -0.0671142812 0.0250139907 -4.96100919e-08 2.90231703e-08 -1
LGIC_C 204 -0.369319373 0.55518816 0.025014017 2.8101852e-08 -4.20574041e-08 1
LGIC_C 205 -0.0886534233 0.25345834 0.0250139967 9.86805557e-09 -4.96100883e-08 1
LGIC_C 206 0.633911793 -0.358766446 0.0250140154 -3.68002179e-08 2.45891393e-08 1
LGIC_C 207 -0.151858389 -0.448496401 0.0250140017 -4.89847109e-08 5.78784581e-08 1
LGIC_C 208 -0.498814923 0.36580781 0.0250140121 -4.82586679e-08 1.31306769e-08 -1
LGIC_C 209 -0.00109642143 -0.0260586821 0.0250139869 -2.76306357e-08 -1.38908288e-07 -1
LGIC_C 210 0.0630645388 0.234187537 0.0250139955 -9.86806672e-09 -4.96100854e-08 1
LGIC_C 211 0.601428461 -0.187714026 0.0250140202 -5.78784275e-08 1.15127558e-08 1
LGIC_C 212 -0.348348089 -0.48143805 0.0250140096 -5.56021111e-08 -1.45571543e-08 -1
LGIC_C 213 0.391322011 -0.433598606 0.0250140125 -2.81018481e-08 4.20574137e-08 1
LGIC_C 214 0.476257658 -0.0849666876 0.0250140046 -4.34088226e-08 8.63456802e-09 1
LGIC_C 215 -0.430229922 -0.0530775504 0.0250140024 4.34088238e-08 8.63459484e-09 1
LGIC_C 216 0.202585281 -0.15489757 0.0250139956 -3.05989503e-08 3.95603122e-08 1
LGIC_C 217 0.496867278 -0.400675321 0.0250140193 -3.37890406e-08 4.80634332e-08 1
LGIC_C 218 -0.24778198 0.378252716 0.0250140048 1.31306824e-08 -4.82586643e-08 1
LGIC_C 219 -0.184533511 -0.449574024 0.0250140073 2.48392553e-08 4.34088306e-08 1
LGIC_C 220 -0.704704495 -0.358554137 0.025014018 3.68002489e-08 2.45891179e-08 1
LGIC_C 221 0.698299458 -0.450475158 0.02501402 -3.68002179e-08 2.45891393e-08 1
LGIC_C 222 -0.567384536 -0.167816651 0.0250140066 -4.96100919e-08 2.90231703e-08 -1
LGIC_C 223 0.267887477 0.401601692 0.0250140097 -4.80634192e-08 -3.37890445e-08 1
LGIC_C 224 -0.365705125 0.0565010242 0.0250139998 4.96100851e-08 2.90231542e-08 1
LGIC_C 225 0.19597477 -0.628542429 0.0250140122 -8.63454093e-09 4.34088369e-08 1
LGIC_C 226 0.370073221 -0.222834757 0.0250140023 -3.68002179e-08 2.45891393e-08 1
LGIC_C 227 -0.169773097 0.486134438 0.0250140058 8.63455111e-09 -4.34088279e-08 1
LGIC_C 228 0.264814614 -0.326974917 0.0250140025 -1.31306721e-08 4.82586744e-08 1
LGIC_C 229 -0.524714929 -0.0718234749 0.0250140067 4.34088238e-08 8.63459484e-09 1
LGIC_C 230 -0.680208982 -0.198694179 0.0250140074 -4.34088282e-08 2.70157287e-08 -1
LGIC_C 231 0.536820546 0.268986421 0.0250140143 3.37890593e-08 4.80634111e-08 -1
LGIC_C 232 -0.259837778 0.761181483 0.0250140186 8.63455111e-09 -4.34088279e-08 1
LGIC_C 233 0.33154178 0.24504653 0.0250140025 -4.82586616e-08 -1.31306776e-08 1
LGIC_C 234 -0.0951465858 -0.447516603 0.0250140035 8.63456455e-09 4.34088336e-08 1
LGIC_C 235 0.285238929 0.470235098 0.025014011 -2.81018716e-08 -4.20573923e-08 1
LGIC_C 236 0.307900514 -0.015774685 0.025013997 -4.34088182e-08 2.48392526e-08 1
LGIC_C 237 0.669598861 -0.0319400897 0.0250140174 -4.96100802e-08 3.14742968e-08 1
LGIC_C 238 -0.14624793 0.0223482867 0.0250139906 5.7878425e-08 4.89846948e-08 1
LGIC_C 239 0.513251816 -0.274849056 0.0250140125 -4.20573976e-08 2.81018683e-08 1
LGIC_C 240 0.103330759 -0.157839107 0.0250139936 -1.28239349e-08 5.73353226e-08 1
LGIC_C 241 -0.104294613 0.232313954 0.025013996 2.8101852e-08 -4.20574041e-08 1
LGIC_C 242 0.629302004 -0.321962501 0.02501402 -3.37890406e-08 4.80634332e-08 1
LGIC_C 243 -0.638580982 0.237641951 0.0250140173 4.96100897e-08 -9.86805572e-09 1
LGIC_C 244 0.55385096 -0.19770942 0.0250140176 -5.78784275e-08 1.15127558e-08 1
LGIC_C 245 -0.495465338 -0.443379506 0.0250140151 1.45571809e-08 5.5602105e-08 1
LGIC_C 246 0.404924303 0.431588572 0.0250140091 -2.45891309e-08 -3.68002211e-08 1
LGIC_C 247 -0.491510959 0.630345149 0.0250140186 2.45891128e-08 -3.68002333e-08 1
LGIC_C 248 0.122324478 -0.0965976938 0.0250139901 -3.68002179e-08 2.45891393e-08 1
LGIC_C 249 0.490544941 -0.0031971977 0.0250140077 -4.96100802e-08 3.14742968e-08 1
LGIC_C 250 0.220326457 0.51766751 0.0250140113 -4.80634192e-08 -3.37890445e-08 1
LGIC_C 251 0.057465115 0.664261148 0.0250140159 -6.33660387e-09 4.96100877e-08 -1
LGIC_C 252 0.129400925 0.582572785 0.0250140162 -3.14742949e-08 -4.96100822e-08 1
LGIC_C 253 0.492246617 0.33478646 0.0250140114 -4.82586616e-08 -1.31306776e-08 1
LGIC_C 254 -0.448857801 0.287349355 0.0250140123 3.37890593e-08 -4.80634052e-08 1
LGIC_C 255 -0.800570205 -0.0842940236 0.0250140157 -4.34088282e-08 2.70157287e-08 -1
LGIC_C 256 -0.315557165 0.522932434 0.0250140103 2.45891128e-08 -3.68002333e-08 1
LGIC_C 257 0.293965719 0.296362858 0.0250140014 1.3130701e-08 4.82586573e-08 -1
LGIC_C 258 -0.259093654 0.565245593 0.0250140104 2.45891128e-08 -3.68002333e-08 1
LGIC_C 259 0.252906216 -0.316364601 0.025014007 -3.27854948e-08 4.90669785e-08 1
LGIC_C 260 -0.00415396549 -0.600348127 0.0250140131 9.8680833e-09 4.96100963e-08 1
LGIC_C 261 0.0845413081 0.611072879 0.0250140105 -8.63455884e-09 -4.34088253e-08 1
LGIC_C 262 -0.341308645 0.336460268 0.0250140071 4.20574045e-08 -2.81018523e-08 1
LGIC_C 263 -0.673383955 -0.271818992 0.0250140052 -4.34088282e-08 2.70157287e-08 -1
LGIC_C 264 0.453271631 -0.304791309 0.0250140074 -3.68002179e-08 2.45891393e-08 1
LGIC_C 265 0.221024226 0.0265720653 0.0250139945 -4.96100911e-08 -9.86803575e-09 1
LGIC_C 266 -0.137128454 -0.32830827 0.0250139987 3.95603082e-08 3.05989652e-08 1
LGIC_C 267 -0.270821675 -0.246517847 0.0250140009 1.45571809e-08 5.5602105e-08 1
LGIC_C 268 -0.0838160313 -0.520891165 0.0250140066 -2.90231482e-08 4.96101036e-08 1
LGIC_C 269 -0.0592961307 0.671526789 0.0250140162 -6.33661298e-09 -4.96100859e-08 1
LGIC_C 270 -0.0856754152 -0.101873488 0.0250139904 7.55636799e-08 6.2887973e-09 1
LGIC_C 271 -0.475306459 -0.4193811 0.0250140111 3.68002489e-08 2.45891179e-08 1
LGIC_C 272 -0.430522993 0.284211326 0.0250140078 -4.82586679e-08 1.31306769e-08 -1
LGIC_C 273 0.723438155 -0.167665937 0.0250140188 -4.34088182e-08 2.48392526e-08 1
LGIC_C 274 -0.366134717 0.378053906 0.0250140062 2.45891128e-08 -3.68002333e-08 1
LGIC_C 275 0.043294906 -0.565596876 0.025014011 6.33663526e-09 4.9610097e-08 1
LGIC_C 276 -0.151541086 -0.500078229 0.0250140036 -2.90231482e-08 4.96101036e-08 1
LGIC_C 277 0.672864371 -0.0868663647 0.0250140193 -4.96100802e-08 3.14742968e-08 1
LGIC_C 278 0.284698195 0.247600833 0.0250139998 -3.68002282e-08 -2.45891172e-08 1
LGIC_C 279 0.0481102545 -0.116516866 0.0250139887 -8.63454093e-09 4.34088369e-08 1
LGIC_C 280 -0.294159053 -0.141592679 0.0250139954 1.45571809e-08 5.5602105e-08 1
LGIC_C 281 0.336305404 0.574374249 0.0250140188 -4.80634192e-08 -3.37890445e-08 1
LGIC_C 282 -0.257461278 -0.446783566 0.0250140071 3.95603082e-08 3.05989652e-08 1
LGIC_C 283 -0.23377211 -0.492450018 0.025014004 7.55636799e-08 6.2887973e-09 1
LGIC_C 284 0.207891375 -0.777313257 0.0250140188 -8.63454093e-09 4.34088369e-08 1
LGIC_C 285 -0.269018135 0.49211636 0.0250140162 3.27854968e-08 -4.90669676e-08 1
LGIC_C 286 -0.503548061 0.00821714019 0.025014008 4.96100851e-08 2.90231542e-08 1
LGIC_C 287 -0.073380848 -0.145972006 0.0250139904 2.45891453e-08 3.68002268e-08 1
LGIC_C 288 0.0209467671 -0.324231921 0.0250139992 6.33663526e-09 4.9610097e-08 1
LGIC_C 289 0.0318560502 0.0117466264 0.0250139847 -4.34088272e-08 -8.63453573e-09 1
LGIC_C 290 -0.353867051 -0.506556463 0.0250140145 2.81018674e-08 4.20574117e-08 1
LGIC_C 291 -0.488655537 0.452442335 0.0250140124 3.68002297e-08 -2.45891157e-08 1
LGIC_C 292 0.430154668 0.46031717 0.0250140147 -2.81018716e-08 -4.20573923e-08 1
LGIC_C 293 -0.640420417 -0.0416364018 0.0250140138 -4.96100919e-08 2.90231703e-08 -1
LGIC_C 294 0.0653603286 -0.204960435 0.0250139958 -1.15127059e-08 5.78784511e-08 1
LGIC_C 295 -0.167368567 0.14104908 0.025013995 6.28881943e-09 -7.55636452e-08 1
LGIC_C 296 0.51220295 0.275738256 0.0250140125 -4.20574004e-08 -2.81018564e-08 1
LGIC_C 297 0.0148580926 0.350415667 0.0250139986 -8.63455884e-09 -4.34088253e-08 1
LGIC_C 298 0.0544567592 -0.490950377 0.0250140081 -9.86804037e-09 4.96101e-08 1
LGIC_C 299 -0.118035349 -0.30351193 0.0250139995 9.8680833e-09 4.96100963e-08 1
LGIC_C 300 0.419839348 -0.0472484324 0.0250140026 -4.34088182e-08 2.48392526e-08 1
LGIC_C 301 0.0862123838 0.366335197 0.0250139999 -8.63455884e-09 -4.34088253e-08 1
LGIC_C 302 0.396769904 0.326208079 0.0250140091 -4.20574004e-08 -2.81018564e-08 1
LGIC_C 303 -0.0332798781 0.352774608 0.0250140011 9.86805557e-09 -4.96100883e-08 1
LGIC_C 304 -0.14449908 0.398972774 0.0250140021 -6.33661298e-09 -4.96100859e-08 1
LGIC_C 305 -0.439968416 0.251867697 0.0250140057 3.68002297e-08 -2.45891157e-08 1
LGIC_C 306 0.172769355 0.103644678 0.0250139941 3.37890593e-08 4.80634111e-08 -1
LGIC_C 307 -0.399243317 0.279494255 0.0250140062 -4.82586679e-08 1.31306769e-08 -1
LGIC_C 308 0.621690479 -0.254364674 0.0250140124 -4.34088226e-08 8.63456802e-09 1
LGIC_C 309 0.132335284 0.128336812 0.0250139913 -3.68002282e-08 -2.45891172e-08 1
LGIC_C 310 0.103214655 0.80888722 0.0250140193 -8.63455884e-09 -4.34088253e-08 1
LGIC_C 311 0.562133931 0.593604695 0.0250140189 -2.45891309e-08 -3.68002211e-08 1
LGIC_C 312 0.302754579 0.218340384 0.0250140021 -4.20574004e-08 -2.81018564e-08 1
LGIC_C 313 0.693951919 0.36833074 0.0250140178 -3.68002282e-08 -2.45891172e-08 1
LGIC_C 314 -0.250547656 0.492188547 0.0250140075 2.45891128e-08 -3.68002333e-08 1
LGIC_C 315 -0.0827189236 0.0186622156 0.0250139876 4.96100897e-08 -9.86805572e-09 1
LGIC_C 316 -0.219563126 -0.203341091 0.025014 6.28883752e-09 7.55636663e-08 1
LGIC_C 317 -0.399580188 -0.190824107 0.0250140027 3.68002489e-08 2.45891179e-08 1
LGIC_C 318 -0.21993152 -0.339606311 0.0250140004 -5.56021111e-08 -1.45571543e-08 -1
LGIC_C 319 -0.518154179 -0.0563993023 0.0250140042 -4.34088282e-08 2.70157287e-08 -1
LGIC_C 320 0.419321553 0.562452688 0.0250140187 -2.81018716e-08 -4.20573923e-08 1
LGIC_C 321 0.609677506 -0.277877385 0.0250140172 -3.37890406e-08 4.80634332e-08 1
LGIC_C 322 0.546808917 0.217772725 0.0250140174 -5.78784335e-08 -1.15127284e-08 1
LGIC_C 323 -0.314146526 -0.665610076 0.0250140201 2.81018674e-08 4.20574117e-08 1
LGIC_C 324 0.0243618432 0.688520262 0.0250140173 -6.33660387e-09 4.96100877e-08 -1
LGIC_C 325 0.469274792 0.648398337 0.0250140187 -2.45891309e-08 -3.68002211e-08 1
LGIC_C 326 0.17596355 0.650104087 0.0250140144 -6.33660387e-09 4.96100877e-08 -1
LGIC_C 327 -0.299074571 -0.0330716323 0.0250139972 -4.96100919e-08 2.90231703e-08 -1
LGIC_C 328 -0.410952952 0.0142132931 0.0250140015 4.34088279e-08 -2.48392273e-08 1
LGIC_C 329 0.614209244 -0.194866178 0.0250140156 -4.96100859e-08 9.86807898e-09 1
LGIC_C 330 0.379425128 -0.0710770837 0.0250140043 -4.96100802e-08 3.14742968e-08 1
LGIC_C 331 0.238461213 -0.0728465836 0.0250139954 -4.34088182e-08 2.48392526e-08 1
LGIC_C 332 -0.0398471823 -0.349545339 0.025014001 9.8680833e-09 4.96100963e-08 1
LGIC_C 333 0.451468945 0.155792395 0.0250140042 -4.34088272e-08 -8.63453573e-09 1
LGIC_C 334 0.25026539 0.809632128 0.0100872071 0.194186548 0.976240951 0.0961519121
LGIC_C 335 0.193426996 0.610115233 0.0250140123 -6.33660387e-09 4.96100877e-08 -1
LGIC_C 336 -0.752115666 0.00132743525 0.025014016 4.34088279e-08 -2.48392273e-08 1
LGIC_C 337 -0.0683638817 -0.00281568154 0.0250139866 -4.96100919e-08 2.90231703e-08 -1
LGIC_C 338 -0.182894368 0.321106735 0.0250139996 2.45891128e-08 -3.68002333e-08 1
LGIC_C 339 0.171831807 -0.194289757 0.0250139949 -1.31306721e-08 4.82586744e-08 1
LGIC_C 340 -0.325824586 0.605675239 0.0250140179 2.8101852e-08 -4.20574041e-08 1
LGIC_C 341 -0.0640460281 -0.723233301 0.0250140152 8.63456455e-09 4.34088336e-08 1
LGIC_C 342 -0.84806018 -0.00159016548 0.02501402 -4.34088282e-08 2.70157287e-08 -1
LGIC_C 343 0.243703422 0.454750171 0.0250140084 1.3130701e-08 4.82586573e-08 -1
LGIC_C 344 -0.116926053 0.0354132352 0.0250139883 5.7878425e-08 4.89846948e-08 1
LGIC_C 345 -0.120043671 -0.130076167 0.0250139932 7.55636799e-08 6.2887973e-09 1
LGIC_C 346 0.333519531 0.313890599 0.0250140032 -3.68002282e-08 -2.45891172e-08 1
LGIC_C 347 0.473087145 -0.204165709 0.0250140131 -4.90669481e-08 3.27855328e-08 1
LGIC_C 348 -0.140708532 -0.620374517 0.0250140154 9.8680833e-09 4.96100963e-08 1
LGIC_C 349 -0.179735073 -0.531068036 0.0250140044 -2.90231482e-08 4.96101036e-08 1
LGIC_C 350 -0.228351912 0.338509595 0.0250140013 2.45891128e-08 -3.68002333e-08 1
LGIC_C 351 -0.123360338 0.0693068595 0.0250139908 3.37890593e-08 -4.80634052e-08 1
LGIC_C 352 -0.191804733 -0.338414558 0.0250140012 3.95603082e-08 3.05989652e-08 1
LGIC_C 353 -0.338992829 0.159194331 0.025014002 4.20574045e-08 -2.81018523e-08 1
LGIC_C 354 0.143223743 0.211065735 0.0250139962 -2.81018716e-08 -4.20573923e-08 1
LGIC_C 355 0.106009079 -0.563126737 0.0250140148 1.00935263e-08 5.7878447e-08 1
LGIC_C 356 0.119284047 0.686488374 0.0250140141 -8.63455884e-09 -4.34088253e-08 1
LGIC_C 357 0.754592781 0.144047044 0.0250140198 -4.96100869e-08 6.3366408e-09 1
LGIC_C 358 0.0602231599 -0.0239469878 0.0250139865 -4.96100859e-08 9.86807898e-09 1
LGIC_C 359 -0.240731805 0.198182183 0.0250139998 6.28881943e-09 -7.55636452e-08 1
LGIC_C 360 -0.484374899 0.441705104 0.025014012 3.68002297e-08 -2.45891157e-08 1
LGIC_C 361 0.585631009 -0.158200135 0.0250140138 -4.96100859e-08 9.86807898e-09 1
LGIC_C 362 -0.423683229 -0.098716676 0.0250140014 -4.96100919e-08 2.90231703e-08 -1
LGIC_C 363 -0.377276772 0.43861451 0.0250140094 1.31306824e-08 -4.82586643e-08 1
LGIC_C 364 0.0823818348 0.148244889 0.0250139932 -3.27855134e-08 -4.90669575e-08 1
LGIC_C 365 0.599005051 -0.306007827 0.025014017 -4.20573976e-08 2.81018683e-08 1
LGIC_C 366 -0.304342099 -0.702148266 0.0250140168 3.95603082e-08 3.05989652e-08 1
LGIC_C 367 0.399299136 -0.17037515 0.0250140022 -3.05989503e-08 3.95603122e-08 1
LGIC_C 368 -0.106334761 -0.275353674 0.0250139978 2.48392553e-08 4.34088306e-08 1
LGIC_C 369 -0.110265474 -0.584423191 0.025014009 -2.90231482e-08 4.96101036e-08 1
LGIC_C 370 -0.397933465 -0.559194424 0.0250140136 2.45891453e-08 3.68002268e-08 1
LGIC_C 371 0.193875431 0.0906928162 0.0250139926 -3.68002282e-08 -2.45891172e-08 1
LGIC_C 372 -0.0710292901 0.45979283 0.0250140038 8.63455111e-09 -4.34088279e-08 1
LGIC_C 373 -0.561104399 0.536448008 0.0250140171 3.68002297e-08 -2.45891157e-08 1
LGIC_C 374 0.0670704962 -0.204139887 0.0250139929 6.33663526e-09 4.9610097e-08 1
LGIC_C 375 0.168023071 -0.620168805 0.0250140174 1.00935263e-08 5.7878447e-08 1
LGIC_C 376 0.405374693 0.387099858 0.0250140112 -4.20574004e-08 -2.81018564e-08 1
LGIC_C 377 0.318379524 0.147082748 0.0250139986 -3.68002282e-08 -2.45891172e-08 1
LGIC_C 378 -0.646221472 0.0957892905 0.0250140125 4.96100851e-08 2.90231542e-08 1
LGIC_C 379 -0.033856095 -0.498423796 0.0250140083 9.8680833e-09 4.96100963e-08 1
LGIC_C 380 0.0857201534 0.630660776 0.0250140154 -9.86806672e-09 -4.96100854e-08 1
LGIC_C 381 0.00939543931 0.618143336 0.025014014 -9.86806672e-09 -4.96100854e-08 1
LGIC_C 382 0.577255692 -0.273952142 0.0250140159 -3.37890406e-08 4.80634332e-08 1
LGIC_C 383 0.340049601 -0.511247579 0.0250140195 -3.27854948e-08 4.90669785e-08 1
LGIC_C 384 -0.462698593 -0.382261359 0.025014015 6.28883752e-09 7.55636663e-08 1
LGIC_C 385 0.628869206 0.0559585881 0.0250140203 -5.78784335e-08 -1.15127284e-08 1
LGIC_C 386 0.533670447 -0.483007077 0.0250140147 -3.68002179e-08 2.45891393e-08 1
LGIC_C 387 0.528479915 -0.243015875 0.0250140128 -3.37890406e-08 4.80634332e-08 1
LGIC_C 388 -0.0182029473 0.487496859 0.025014008 -3.14742797e-08 4.96100914e-08 -1
LGIC_C 389 0.362241427 -0.368048934 0.0250140132 -3.27854948e-08 4.90669785e-08 1
LGIC_C 390 0.525112782 0.0129933665 0.0250140092 -4.96100869e-08 6.3366408e-09 1
LGIC_C 391 -0.204593659 0.0987962854 0.0250139949 3.37890593e-08 -4.80634052e-08 1
LGIC_C 392 -0.203352294 -0.578873446 0.025014006 -2.90231482e-08 4.96101036e-08 1
LGIC_C 393 -0.00288838961 -0.302955199 0.0250139964 8.63456455e-09 4.34088336e-08 1
LGIC_C 394 0.409136106 0.662102266 0.0250140177 -2.45891309e-08 -3.68002211e-08 1
LGIC_C 395 0.351247831 0.438523482 0.025014009 1.3130701e-08 4.82586573e-08 -1
LGIC_C 396 0.281689468 0.408130978 0.0250140067 1.3130701e-08 4.82586573e-08 -1
LGIC_C 397 -0.665738258 0.23768 0.0250140142 4.34088259e-08 -8.63455061e-09 1
LGIC_C 398 -0.555178801 0.239457289 0.0250140135 3.37890593e-08 -4.80634052e-08 1
LGIC_C 399 0.605804928 -0.160777806 0.0250140183 -4.96100802e-08 3.14742968e-08 1
