VGCC_O 5 0.113746944 -0.0200409323 0.0466929896 -1.01287282e-06 -1.51427976e-07 -1
VGCC_O 0 0.11238887 -0.0311459409 0.0466929927 -1.01287282e-06 -1.51427976e-07 -1
CaBS 10 0.0907701319 -0.0238330314 0.061589636 -0.999896295 -0.0141984568 0.00240892729
CaBS 11 0.10664413 -0.00652489699 0.0581730816 0.321328636 0.750213906 -0.577864173
CaBS 13 0.114598069 -0.0205884355 0.0552944497 0.329239702 0.132369043 -0.934922272
CaBS 14 0.0991213399 -0.0072719049 0.0604586155 -0.346545998 0.867982935 -0.355684546
CaBS 15 0.0927912883 -0.0272224101 0.0777648416 -0.735818491 -0.677177075 0.00153536998
CaBS 16 0.116846036 -0.029281627 0.078104736 0.751399702 -0.322919474 0.575431578
CaBS 17 0.112518073 -0.00394813163 0.0647846549 0.321328636 0.750213906 -0.577864173
CaBS 19 0.114309879 -0.00663843815 0.0622883124 0.321328636 0.750213906 -0.577864173
CaBS 20 0.109287976 -0.0140117192 0.0851321231 0.333750516 0.131703927 0.933415593
CaBS 21 0.0980213295 -0.0329268222 0.0682973828 -0.735818491 -0.677177075 0.00153536998
CaBS 22 0.117780993 -0.0215328418 0.0582608545 0.748611785 -0.322508546 -0.579282861
CaBS 23 0.112350498 -0.0157964172 0.0551814191 0.329239702 0.132369043 -0.934922272
CaBS 24 0.122493867 -0.0180744734 0.068329484 0.999896301 0.01419805 -0.0024089266
Ca 8 -0.00195514202 0.0652249645 0.39577222 0 0 0
Ca 1 0.156672507 0.0633400113 0.269483144 0 0 0
Ca 4 -0.422132011 0.258352538 0.520503732 0 0 0
Ca 1 0.293307638 0.219046673 0.332360446 0 0 0
Ca 6 0.0750060821 0.246384955 0.5549398 0 0 0
Ca 8 -0.0239802745 0.472099093 0.656787405 0 0 0
Ca 4 0.43563069 -0.168102681 0.566805696 0 0 0
Ca 5 0.101591612 0.611410257 0.198678884 0 0 0
Ca 1 0.123250733 -0.300650663 0.433528601 0 0 0
Ca 8 -0.633619144 -0.397618194 0.171255642 0 0 0
Ca 6 0.425420428 0.164833309 0.132355484 0 0 0
Ca 6 0.0142374167 -0.307823259 0.95992217 0 0 0
Ca 7 0.170244386 0.422136303 0.138198875 0 0 0
Ca 1 0.0198760923 0.242761496 0.997735235 0 0 0
Ca 7 -0.366046346 -0.539267694 0.699455808 0 0 0
Ca 4 -0.257957585 0.22858436 0.255941839 0 0 0
Ca 7 0.223151662 0.712173275 0.274012146 0 0 0
Ca 6 0.762749435 0.279178068 0.327089097 0 0 0
Ca 1 -0.365933273 0.267759082 0.304184902 0 0 0
Ca 7 0.264150222 0.368626679 0.294656252 0 0 0
Ca 6 0.348176019 0.360950319 0.114726378 0 0 0
Ca 7 0.127396305 0.399189949 0.636715846 0 0 0
Ca 4 0.266848114 0.571283934 0.485966413 0 0 0
Ca 8 -0.508425724 -0.450412641 0.195329058 0 0 0
Ca 6 -0.127189913 0.0231610877 0.252581142 0 0 0
Ca 7 -0.642598943 -0.0557565803 0.558317982 0 0 0
Ca 6 0.0346762534 -0.182065147 0.667919039 0 0 0
Ca 7 0.190689472 -0.378646752 0.529302285 0 0 0
Ca 6 -0.558241439 -0.269130762 0.63245859 0 0 0
Ca 1 -0.587620565 -0.141455025 0.389706085 0 0 0
Ca 1 0.293758567 0.280899687 0.253959582 0 0 0
Ca 1 0.219422105 0.137521801 0.10815178 0 0 0
Ca 4 -0.00635975173 -0.201302864 0.730777078 0 0 0
Ca 4 0.0895720753 0.543290666 0.343374929 0 0 0
Ca 8 -0.744531578 -0.00797232347 0.32870546 0 0 0
Ca 1 -0.0842953711 -0.0250596079 0.227149963 0 0 0
Ca 8 0.390455493 -0.0884316518 0.712762892 0 0 0
Ca 1 -0.136914208 -0.1184813 0.202764167 0 0 0
Ca 6 -0.407894708 -0.108825118 0.680639022 0 0 0
Ca 6 -0.479642064 -0.271236199 0.467916173 0 0 0
Ca 7 0.17188192 -0.359062743 0.220674518 0 0 0
Ca 8 0.40146233 0.0512717046 0.784384303 0 0 0
Ca 4 -0.273644503 0.151189746 0.252527348 0 0 0
Ca 8 -0.203114147 0.246941989 0.159961876 0 0 0
Ca 7 0.489836513 0.0170928692 0.606491414 0 0 0
Ca 4 -0.620194943 -0.102182782 0.276710991 0 0 0
Ca 4 0.171942013 0.207845233 0.530381558 0 0 0
Ca 7 -0.485421514 0.329580739 0.115883837 0 0 0
Ca 6 -0.187400669 -0.146166703 0.139901421 0 0 0
Ca 7 0.17734554 0.0373725094 0.0963593699 0 0 0
Ca 8 -0.338118329 -0.245090568 0.305553619 0 0 0
Ca 8 -0.241739708 -0.301665955 0.719776651 0 0 0
Ca 6 -0.0835386355 0.274197076 0.0699155326 0 0 0
Ca 7 -0.309848122 -0.0595501768 0.505577744 0 0 0
Ca 6 -0.106535364 0.01723729 0.211666751 0 0 0
Ca 8 0.0152074176 0.0457823546 0.351559522 0 0 0
Ca 4 -0.10035207 0.0903916111 0.30020863 0 0 0
Ca 7 -0.291102489 0.142850843 0.376310629 0 0 0
Ca 2 0.277541605 -0.291214557 0.187677998 0 0 0
Ca 1 -0.0658183936 0.236324332 0.334525811 0 0 0
Ca 1 -0.409756487 -0.0385512434 0.0988202365 0 0 0
Ca 7 0.201200765 0.245693958 0.0596947822 0 0 0
Ca 4 -0.208729438 0.393737897 0.661277235 0 0 0
Ca 4 -0.113135352 -0.097922049 0.163864746 0 0 0
Ca 6 -0.0698640478 -0.0650889653 0.260912871 0 0 0
Ca 1 0.0504376534 0.539643605 0.338400883 0 0 0
Ca 6 -0.180813705 -0.272883842 0.185116315 0 0 0
Ca 7 -0.129547349 0.0954702741 0.263951731 0 0 0
Ca 6 -0.0591057652 -0.513609847 0.622238515 0 0 0
Ca 6 0.118577953 0.163634306 0.0534310405 0 0 0
Ca 6 0.112839506 -0.12014111 0.190637794 0 0 0
Ca 4 -0.190181589 0.10399775 0.294351753 0 0 0
Ca 8 -0.0563439935 0.138188147 0.189094918 0 0 0
Ca 1 -0.30836375 -0.0560713201 0.101091892 0 0 0
Ca 1 0.0521392275 0.269715166 0.242629658 0 0 0
Ca 7 -0.0525764397 -0.117969081 0.572033867 0 0 0
Ca 8 0.214901714 0.112128701 0.100364106 0 0 0
CaBS_Ca 72 0.121663407 -0.0308644225 0.0702884446 0.34654604 -0.867983022 0.355684293
Ca 7 -0.592891986 0.0331889548 0.125181073 0 0 0
Ca 7 -0.390055177 -0.0136349626 0.132724369 0 0 0
Ca 8 -0.123300018 0.192254897 0.0615654193 0 0 0
Ca 8 -0.038105733 0.2614089 0.175738597 0 0 0
Ca 7 0.173236703 -0.0968634461 0.247141224 0 0 0
Ca 1 -0.231816955 0.259323412 0.228551019 0 0 0
Ca 8 0.124444984 0.106343751 0.118170346 0 0 0
Ca 1 -0.0924633085 -0.042115941 0.114311554 0 0 0
Ca 4 -0.0806850171 -0.100446884 0.334179523 0 0 0
Ca 4 0.0740904285 -0.0254229209 0.363171968 0 0 0
Ca 1 0.0251663191 0.189491198 0.0707102444 0 0 0
Ca 6 -0.16948497 -0.0893538454 0.154320162 0 0 0
Ca 7 -0.127247988 -0.0340106133 0.201773834 0 0 0
Ca 4 -0.0445968096 0.157378489 0.225740965 0 0 0
Ca 1 -0.278123689 0.137857894 0.0625132581 0 0 0
Ca 8 -0.042895669 0.017979587 0.115616719 0 0 0
Ca 8 -0.285321971 0.059890416 0.229606703 0 0 0
Ca 6 -0.142852769 0.102078769 0.156371004 0 0 0
Ca 6 -0.140129721 -0.0362992534 0.0642502324 0 0 0
Ca 7 -0.142348175 0.0927146775 0.119283051 0 0 0
Ca 4 -0.103716693 0.0914824987 0.136520293 0 0 0
Ca 1 -0.10585733 -0.100161691 0.0672721739 0 0 0
Ca 8 -0.0907158757 -0.0196002595 0.048214913 0 0 0
Ca 8 -0.107246629 0.0270743791 0.0466430207 0 0 0
Ca 4 -0.139830017 0.022592948 0.0466481136 0 0 0
VGCC_O 4 -0.108229728 0.00324736392 0.0466932869 -8.10297798e-07 1.61178104e-07 -1
Ca 7 -0.11641271 0.00408731302 0.046679146 0 0 0
Ca 4 -0.100819669 0.0214410866 0.0466607328 0 0 0
VGCC_O 3 0.0772568984 -0.00428239309 0.046693036 -1.41802159e-06 2.82063681e-07 -1
VGCC_O 1 -0.126159285 0.0151063295 0.0466933189 -1.62059625e-06 3.22356338e-07 -1
VGCC_O 7 -0.137449801 0.00579357966 0.0466933342 -1.62059625e-06 3.22356338e-07 -1
VGCC_O 2 0.119933892 -0.04777957 0.0466929781 -1.41802115e-06 2.82063236e-07 -1
VGCC_O 9 0.0953603447 -0.018533153 0.0466930096 -1.14792244e-06 -1.24564753e-07 -1
VGCC_O 8 -0.134706799 0.0161271258 0.0466933331 -1.62059677e-06 3.22356891e-07 -1
VGCC_O 6 -0.12622171 0.0241576588 0.046693322 -1.62059677e-06 3.22356891e-07 -1
TAG 41 -0.105784995 0.0105052503 0.0536665039 -0.333750681 -0.131703993 -0.933415524
TAG 71 -0.096079873 0.00270213046 0.0564810255 0.74861179 -0.322508554 -0.579282851
TAG 70 -0.118208439 0.00383577013 0.0653592954 -0.735818461 -0.677177107 0.0015353549
TAG 69 -0.119239302 0.00795267007 0.0681959954 -0.999896295 -0.0141984574 0.00240892698
TAG 67 -0.115078276 0.000454692191 0.0742448755 -0.735818461 -0.677177107 0.0015353549
TAG 65 0.119072188 -0.020557456 0.0800936336 0.751399702 -0.322919474 0.575431578
TAG 63 -0.104896891 0.0149528875 0.0527352849 0.329239713 0.132369034 -0.93492227
TAG 62 -0.0995730683 0.0302300905 0.0690462359 0.3213287 0.750213891 -0.577864158
TAG 59 -0.100018848 -0.00188752594 0.0603333581 0.344822933 -0.867729023 -0.35797135
TAG 55 -0.119337383 0.0151637023 0.0699872324 -0.999896295 -0.0141984574 0.00240892698
TAG 54 -0.104785227 0.0261860029 0.076486355 -0.344822968 0.867728888 0.357971643
TAG 53 -0.089146311 -0.000197085518 0.0670554248 0.74861179 -0.322508554 -0.579282851
TAG 52 -0.119278263 0.0119799944 0.0757618237 -0.999896295 -0.0141984574 0.00240892698
TAG 51 -0.102448777 0.00747370566 0.0865367572 -0.329239868 -0.132369105 0.934922205
TAG 45 -0.113699624 0.0170707545 0.0588716642 -0.751399624 0.322919173 -0.575431849
TAG 44 -0.11923843 0.00668793202 0.0611035411 -0.999896295 -0.0141984574 0.00240892698
LGIC_C 0 0.501485962 0.226916404 0.0250140107 -4.20574004e-08 -2.81018564e-08 1
LGIC_C 1 -0.3192196 0.0631061703 0.0250139977 4.34088259e-08 -8.63455061e-09 1
LGIC_C 2 -0.520124472 0.0806935325 0.0250140099 4.96100897e-08 -9.86805572e-09 1
LGIC_C 3 0.25576101 -0.639704276 0.0250140175 -9.86804037e-09 4.96101e-08 1
LGIC_C 4 -0.358405692 -0.23881384 0.0250140035 6.28883752e-09 7.55636663e-08 1
LGIC_C 5 0.01248984 -0.524860856 0.0250140135 1.00935263e-08 5.7878447e-08 1
LGIC_C 6 -0.312807036 0.461994203 0.0250140138 1.28239438e-08 -5.73353116e-08 1
LGIC_C 7 -0.693509793 0.455025342 0.02501402 3.68002297e-08 -2.45891157e-08 1
LGIC_C 8 -0.217564888 0.290969306 0.0250139993 2.45891128e-08 -3.68002333e-08 1
LGIC_C 9 -0.469740561 -0.273124781 0.0250140068 6.28883752e-09 7.55636663e-08 1
LGIC_C 10 -0.382259191 -0.62631643 0.0250140175 3.95603082e-08 3.05989652e-08 1
LGIC_C 11 0.182306501 0.57141345 0.0250140105 -6.33660387e-09 4.96100877e-08 -1
LGIC_C 12 0.362252161 0.154237952 0.0250140061 -4.90669739e-08 -3.27854893e-08 1
LGIC_C 13 0.711737178 -0.120758224 0.0250140197 -4.96100859e-08 9.86807898e-09 1
LGIC_C 14 0.658037375 0.23015852 0.0250140144 -4.96100869e-08 6.3366408e-09 1
LGIC_C 15 -0.451413324 -0.342049247 0.0250140078 5.39043203e-09 6.47688584e-08 1
LGIC_C 16 0.644325415 -0.119732381 0.0250140164 -4.96100859e-08 9.86807898e-09 1
LGIC_C 17 -0.532699979 0.342312338 0.0250140135 -4.82586679e-08 1.31306769e-08 -1
LGIC_C 18 0.276340522 -0.426901928 0.0250140089 -2.81018481e-08 4.20574137e-08 1
LGIC_C 19 -0.324143285 0.285515321 0.025014008 3.37890593e-08 -4.80634052e-08 1
LGIC_C 20 0.147205227 -0.368438711 0.0250140062 -1.15127059e-08 5.78784511e-08 1
LGIC_C 21 -0.0122883307 -0.167833297 0.0250139912 -2.90231482e-08 4.96101036e-08 1
LGIC_C 22 0.163617086 0.639038008 0.0250140166 -9.86806672e-09 -4.96100854e-08 1
LGIC_C 23 -0.453093434 0.400337526 0.0250140098 3.68002297e-08 -2.45891157e-08 1
LGIC_C 24 0.11851014 0.479975476 0.0250140082 -9.86806672e-09 -4.96100854e-08 1
LGIC_C 25 0.412111924 0.0221259053 0.0250140013 -4.34088272e-08 -8.63453573e-09 1
LGIC_C 26 -0.0388007387 0.273639743 0.0250139996 1.15127271e-08 -5.78784352e-08 1
LGIC_C 27 -0.262184789 0.487064963 0.0250140158 3.27854968e-08 -4.90669676e-08 1
LGIC_C 28 0.663322132 0.0704703755 0.0250140126 -4.34088272e-08 -8.63453573e-09 1
LGIC_C 29 -0.593569361 -0.0892085122 0.0250140133 5.7878436e-08 -4.89847332e-08 1
LGIC_C 30 0.657687866 0.0681008125 0.0250140154 -4.96100869e-08 6.3366408e-09 1
LGIC_C 31 -0.385550438 -0.471186524 0.0250140129 3.95603082e-08 3.05989652e-08 1
LGIC_C 32 0.0435150285 0.0839716123 0.0250139879 1.3130701e-08 4.82586573e-08 -1
LGIC_C 33 -0.0306045599 0.61690666 0.0250140103 8.63455111e-09 -4.34088279e-08 1
LGIC_C 34 0.219251878 -0.45273837 0.0250140126 -3.27854948e-08 4.90669785e-08 1
LGIC_C 35 -0.18254505 -0.517211828 0.0250140036 -2.90231482e-08 4.96101036e-08 1
LGIC_C 36 0.53133606 -0.600340066 0.0250140184 -2.45891087e-08 3.68002429e-08 1
LGIC_C 37 0.146861986 0.767900246 0.0250140179 -8.63455884e-09 -4.34088253e-08 1
LGIC_C 38 0.737758641 -0.308873631 0.025014018 -3.05989503e-08 3.95603122e-08 1
LGIC_C 39 0.69090127 0.321597881 0.0250140166 -3.68002282e-08 -2.45891172e-08 1
LGIC_C 40 -0.728780572 0.0398304596 0.0250140159 4.34088279e-08 -2.48392273e-08 1
LGIC_C 41 -0.508383513 0.60707347 0.0250140181 2.45891128e-08 -3.68002333e-08 1
LGIC_C 42 -0.256696599 -0.655173058 0.0250140139 8.63456455e-09 4.34088336e-08 1
LGIC_C 43 -0.56542264 -0.528718734 0.0250140161 1.15916899e-08 4.97976879e-08 1
LGIC_C 44 0.309968022 0.536504233 0.0250140132 1.3130701e-08 4.82586573e-08 -1
LGIC_C 45 0.018629825 -0.230804189 0.0250139946 6.33663526e-09 4.9610097e-08 1
LGIC_C 46 -0.214375416 -0.193821331 0.0250139969 5.39043203e-09 6.47688584e-08 1
LGIC_C 47 0.493638493 -0.185581139 0.0250140139 -5.78784275e-08 1.15127558e-08 1
LGIC_C 48 -0.0418954352 -0.427779536 0.0250140022 8.63456455e-09 4.34088336e-08 1
LGIC_C 49 -0.531250517 -0.207072619 0.0250140081 4.34088238e-08 8.63459484e-09 1
LGIC_C 50 0.272720142 -0.301804838 0.025014007 -3.27854948e-08 4.90669785e-08 1
LGIC_C 51 -0.591286789 -0.0100585027 0.0250140087 -4.34088282e-08 2.70157287e-08 -1
LGIC_C 52 0.634635395 -0.194976222 0.0250140156 -4.34088182e-08 2.48392526e-08 1
LGIC_C 53 0.352046525 -0.0846320861 0.0250140006 -4.34088182e-08 2.48392526e-08 1
LGIC_C 54 -0.021008912 -0.232514563 0.0250139956 -4.89847109e-08 5.78784581e-08 1
LGIC_C 55 0.424607119 0.534201574 0.0250140134 -2.45891309e-08 -3.68002211e-08 1
LGIC_C 56 -0.152841874 -0.242130948 0.0250139953 -5.56021111e-08 -1.45571543e-08 -1
LGIC_C 57 -0.0733489855 0.4316055 0.025014007 -3.14742797e-08 4.96100914e-08 -1
LGIC_C 58 0.443874892 -0.0307805316 0.0250140033 -4.34088182e-08 2.48392526e-08 1
LGIC_C 59 -0.38864561 -0.194317617 0.0250139997 1.45571809e-08 5.5602105e-08 1
LGIC_C 60 0.133252755 0.504637701 0.0250140125 -3.14742949e-08 -4.96100822e-08 1
LGIC_C 61 -0.4152044 0.355146841 0.0250140107 4.20574045e-08 -2.81018523e-08 1
LGIC_C 62 -0.0962333031 0.42721032 0.0250140075 -3.14742797e-08 4.96100914e-08 -1
LGIC_C 63 0.210353108 -0.0368190606 0.025013994 -4.96100859e-08 9.86807898e-09 1
LGIC_C 64 -0.256787639 0.0274607227 0.0250139968 5.7878425e-08 4.89846948e-08 1
LGIC_C 65 0.0499028137 0.330454206 0.0250140001 -9.86806672e-09 -4.96100854e-08 1
LGIC_C 66 -0.27925877 -0.292882486 0.0250140009 2.45891453e-08 3.68002268e-08 1
LGIC_C 67 -0.473939939 0.41501944 0.0250140176 6.28881943e-09 -7.55636452e-08 1
LGIC_C 68 -0.617626475 -0.101644759 0.0250140073 -4.34088282e-08 2.70157287e-08 -1
LGIC_C 69 -0.700724382 -0.318886764 0.0250140169 3.68002489e-08 2.45891179e-08 1
LGIC_C 70 -0.0152434685 0.432125016 0.0250140022 8.63455111e-09 -4.34088279e-08 1
LGIC_C 71 0.611566538 0.144890544 0.0250140203 -5.78784335e-08 -1.15127284e-08 1
LGIC_C 72 0.105596092 0.341866328 0.0250139996 -6.33660387e-09 4.96100877e-08 -1
LGIC_C 73 -0.0226258367 0.0202716088 0.0250139846 3.68002297e-08 -2.45891157e-08 1
LGIC_C 74 0.522190325 0.464304686 0.0250140145 -4.82586616e-08 -1.31306776e-08 1
LGIC_C 75 0.541181459 -0.596195072 0.0250140185 -2.45891087e-08 3.68002429e-08 1
LGIC_C 76 -0.665583548 0.084367617 0.0250140138 4.96100851e-08 2.90231542e-08 1
LGIC_C 77 0.329975269 -0.218217346 0.025014002 -3.05989503e-08 3.95603122e-08 1
LGIC_C 78 0.252880437 0.370513505 0.0250140097 -3.27855134e-08 -4.90669575e-08 1
LGIC_C 79 -0.598583173 -0.24884944 0.0250140026 1.15916899e-08 4.97976879e-08 1
LGIC_C 80 0.680143668 -0.045783441 0.0250140132 -4.34088226e-08 8.63456802e-09 1
LGIC_C 81 0.0718165714 0.682406538 0.0250140167 -6.33660387e-09 4.96100877e-08 -1
LGIC_C 82 0.483324537 -0.360678676 0.0250140123 -3.05989503e-08 3.95603122e-08 1
LGIC_C 83 -0.359000822 0.275705751 0.0250140042 -4.82586679e-08 1.31306769e-08 -1
LGIC_C 84 0.246082279 0.513551844 0.0250140113 1.3130701e-08 4.82586573e-08 -1
LGIC_C 85 -0.0533228755 0.123347347 0.025013991 1.28239438e-08 -5.73353116e-08 1
LGIC_C 86 0.530838423 -0.33935346 0.0250140175 -3.37890406e-08 4.80634332e-08 1
LGIC_C 87 -0.350649369 -0.24459222 0.0250140019 1.45571809e-08 5.5602105e-08 1
LGIC_C 88 -0.562311801 -0.494386064 0.0250140144 1.15916899e-08 4.97976879e-08 1
LGIC_C 89 0.305047162 -0.520855553 0.0250140124 -1.31306721e-08 4.82586744e-08 1
LGIC_C 90 -0.351340934 -0.33340937 0.0250140069 1.45571809e-08 5.5602105e-08 1
LGIC_C 91 0.125554402 0.798895196 0.025014019 -8.63455884e-09 -4.34088253e-08 1
LGIC_C 92 0.226539781 -0.657750059 0.0250140144 6.33663526e-09 4.9610097e-08 1
LGIC_C 93 -0.0850189069 0.565804559 0.0250140108 -6.33661298e-09 -4.96100859e-08 1
LGIC_C 94 0.155102867 -0.0531941089 0.0250139926 -4.96100802e-08 3.14742968e-08 1
LGIC_C 95 -0.313939884 -0.359487769 0.025014006 -5.56021111e-08 -1.45571543e-08 -1
LGIC_C 96 0.340242732 -0.0314058063 0.0250140004 -4.96100859e-08 9.86807898e-09 1
LGIC_C 97 -0.412775398 0.100851 0.0250140008 4.96100851e-08 2.90231542e-08 1
LGIC_C 98 -0.338459145 -0.538252853 0.0250140131 3.95603082e-08 3.05989652e-08 1
LGIC_C 99 0.242088242 -0.0393757335 0.0250139965 -4.96100802e-08 3.14742968e-08 1
LGIC_C 100 -0.342484269 -0.479751412 0.0250140093 2.45891453e-08 3.68002268e-08 1
LGIC_C 101 -0.362573934 0.00800928885 0.0250140013 4.96100897e-08 -9.86805572e-09 1
LGIC_C 102 -0.329863344 0.446721398 0.0250140131 1.28239438e-08 -5.73353116e-08 1
LGIC_C 103 -0.431725154 -0.0364449572 0.0250140023 4.34088238e-08 8.63459484e-09 1
LGIC_C 104 0.578912487 -0.227248517 0.0250140142 -4.96100859e-08 9.86807898e-09 1
LGIC_C 105 -0.36140048 0.125804299 0.0250140021 4.34088279e-08 -2.48392273e-08 1
LGIC_C 106 -0.285651288 0.737689108 0.0250140178 8.63455111e-09 -4.34088279e-08 1
LGIC_C 107 -0.722134237 -0.286277457 0.0250140171 4.34088238e-08 8.63459484e-09 1
LGIC_C 108 -0.058802915 -0.532663886 0.0250140078 2.48392553e-08 4.34088306e-08 1
LGIC_C 109 0.185060961 0.115795047 0.0250139937 -4.82586616e-08 -1.31306776e-08 1
LGIC_C 110 -0.165603568 -0.705925989 0.0250140153 8.63456455e-09 4.34088336e-08 1
LGIC_C 111 -0.523921516 -0.16678743 0.0250140044 -4.96100919e-08 2.90231703e-08 -1
LGIC_C 112 0.715189238 -0.0255961303 0.0250140195 -4.96100802e-08 3.14742968e-08 1
LGIC_C 113 -0.0259037945 -0.691220651 0.0250140139 2.48392553e-08 4.34088306e-08 1
LGIC_C 114 -0.343962618 0.413297461 0.0250140114 1.28239438e-08 -5.73353116e-08 1
LGIC_C 115 0.499926209 -0.420139234 0.0250140151 -3.05989503e-08 3.95603122e-08 1
LGIC_C 116 0.180741934 -0.453284469 0.0250140076 1.00935263e-08 5.7878447e-08 1
LGIC_C 117 -0.183875102 -0.015122278 0.025013992 -4.96100919e-08 2.90231703e-08 -1
LGIC_C 118 -0.338661809 -0.341883036 0.0250140071 3.95603082e-08 3.05989652e-08 1
LGIC_C 119 0.0909500195 0.431290895 0.0250140056 -9.86806672e-09 -4.96100854e-08 1
LGIC_C 120 0.0383373309 0.510328079 0.025014009 -9.86806672e-09 -4.96100854e-08 1
LGIC_C 121 -0.421871584 -0.40104936 0.0250140081 1.15916899e-08 4.97976879e-08 1
LGIC_C 122 0.59404502 -0.334882081 0.0250140133 -3.68002179e-08 2.45891393e-08 1
LGIC_C 123 0.355363336 -0.330700881 0.0250140115 -4.90669481e-08 3.27855328e-08 1
LGIC_C 124 0.507447186 -0.436389926 0.0250140126 -3.68002179e-08 2.45891393e-08 1
LGIC_C 125 0.128686439 -0.167983015 0.025013993 -1.31306721e-08 4.82586744e-08 1
LGIC_C 126 0.639055079 -0.349407117 0.0250140166 -3.05989503e-08 3.95603122e-08 1
LGIC_C 127 0.265840696 -0.287230192 0.0250140006 -1.31306721e-08 4.82586744e-08 1
LGIC_C 128 0.258028137 -0.358656942 0.0250140028 -2.45891087e-08 3.68002429e-08 1
LGIC_C 129 0.400163454 -0.0895147047 0.0250140014 -4.34088226e-08 8.63456802e-09 1
LGIC_C 130 -0.656143322 0.173445199 0.0250140132 4.34088259e-08 -8.63455061e-09 1
LGIC_C 131 0.389035249 0.284786786 0.0250140058 -4.82586616e-08 -1.31306776e-08 1
LGIC_C 132 -0.25033388 0.0512451348 0.0250139952 5.7878425e-08 4.89846948e-08 1
LGIC_C 133 -0.582034524 -0.0551920277 0.025014009 4.34088238e-08 8.63459484e-09 1
LGIC_C 134 0.337708468 -0.66909073 0.0250140162 -2.45891087e-08 3.68002429e-08 1
LGIC_C 135 -0.346209386 -0.271119233 0.0250140059 6.28883752e-09 7.55636663e-08 1
LGIC_C 136 0.406971585 -0.284879908 0.0250140052 -3.68002179e-08 2.45891393e-08 1
LGIC_C 137 0.372865681 -0.305748829 0.0250140067 -3.05989503e-08 3.95603122e-08 1
LGIC_C 138 -0.683812149 -0.198568168 0.0250140089 4.96100935e-08 -4.19869172e-08 1
LGIC_C 139 0.185451606 -0.0133883522 0.0250139928 -4.96100802e-08 3.14742968e-08 1
LGIC_C 140 0.418383817 0.566313961 0.0250140144 -2.45891309e-08 -3.68002211e-08 1
LGIC_C 141 0.501785646 0.0381535966 0.0250140053 -4.34088272e-08 -8.63453573e-09 1
LGIC_C 142 -0.469584975 -0.545120968 0.0250140185 3.95603082e-08 3.05989652e-08 1
LGIC_C 143 -0.0843678541 -0.168948135 0.0250139927 2.81018674e-08 4.20574117e-08 1
LGIC_C 144 -0.442670364 -0.468060809 0.0250140151 3.95603082e-08 3.05989652e-08 1
LGIC_C 145 0.166345179 0.00752535167 0.0250139914 -4.96100869e-08 6.3366408e-09 1
LGIC_C 146 0.0115994606 0.587923935 0.0250140124 -6.33660387e-09 4.96100877e-08 -1
LGIC_C 147 -0.351425447 -0.33390103 0.0250140039 1.15916899e-08 4.97976879e-08 1
LGIC_C 148 0.417995395 -0.100277948 0.0250140086 -5.78784275e-08 1.15127558e-08 1
LGIC_C 149 0.53460345 0.532874513 0.025014016 -3.68002282e-08 -2.45891172e-08 1
LGIC_C 150 0.455940256 0.152088379 0.0250140049 -4.96100869e-08 6.3366408e-09 1
LGIC_C 151 -0.0925361031 -0.719438281 0.0250140153 8.63456455e-09 4.34088336e-08 1
LGIC_C 152 0.286882471 0.625717605 0.0250140176 -2.81018716e-08 -4.20573923e-08 1
LGIC_C 153 0.142626078 -0.154496232 0.0250139939 -1.28239349e-08 5.73353226e-08 1
LGIC_C 154 0.171272499 0.516603448 0.0250140106 -9.86806672e-09 -4.96100854e-08 1
LGIC_C 155 -0.61372507 0.0899433131 0.0250140107 4.34088259e-08 -8.63455061e-09 1
LGIC_C 156 -0.297226259 0.0296050868 0.0250139964 4.34088259e-08 -8.63455061e-09 1
LGIC_C 157 -0.400659749 0.295403114 0.0250140081 6.28881943e-09 -7.55636452e-08 1
LGIC_C 158 0.404091181 0.194003474 0.0250140062 3.37890593e-08 4.80634111e-08 -1
LGIC_C 159 0.752876302 0.20214331 0.0250140177 -4.34088272e-08 -8.63453573e-09 1
LGIC_C 160 -0.239987871 -0.0914646115 0.0250139912 -4.34088282e-08 2.70157287e-08 -1
LGIC_C 161 -0.430722358 0.104725218 0.0250140057 4.96100897e-08 -9.86805572e-09 1
LGIC_C 162 0.450164543 -0.0494156502 0.0250140099 -5.78784275e-08 1.15127558e-08 1
LGIC_C 163 0.354319339 -0.223233313 0.0250140044 -4.20573976e-08 2.81018683e-08 1
LGIC_C 164 0.231324489 -0.585803426 0.0250140108 6.33663526e-09 4.9610097e-08 1
LGIC_C 165 -0.346981757 0.0664830281 0.0250139985 4.96100851e-08 2.90231542e-08 1
LGIC_C 166 -0.179918484 -0.679133713 0.0250140172 2.48392553e-08 4.34088306e-08 1
LGIC_C 167 -0.538149172 0.521177004 0.0250140161 -4.82586679e-08 1.31306769e-08 -1
LGIC_C 168 -0.608361076 -0.237598595 0.0250140117 4.34088238e-08 8.63459484e-09 1
LGIC_C 169 0.685430317 -0.467187005 0.0250140199 -3.68002179e-08 2.45891393e-08 1
LGIC_C 170 0.485100974 -0.351883246 0.0250140165 -3.37890406e-08 4.80634332e-08 1
LGIC_C 171 -0.17419104 0.265432682 0.0250140007 1.28239438e-08 -5.73353116e-08 1
LGIC_C 172 0.370968523 0.16625583 0.0250140035 -4.20574004e-08 -2.81018564e-08 1
LGIC_C 173 0.667585112 0.310257811 0.0250140154 -3.68002282e-08 -2.45891172e-08 1
LGIC_C 174 -0.057620906 -0.553321835 0.0250140087 2.48392553e-08 4.34088306e-08 1
LGIC_C 175 0.415187027 -0.259741396 0.0250140097 -3.37890406e-08 4.80634332e-08 1
LGIC_C 176 -0.591456161 -0.591091076 0.0250140195 1.15916899e-08 4.97976879e-08 1
LGIC_C 177 0.309673074 0.332606867 0.0250140059 -2.81018716e-08 -4.20573923e-08 1
LGIC_C 178 0.0778334456 -0.636984325 0.0250140143 6.33663526e-09 4.9610097e-08 1
LGIC_C 179 -0.27536512 -0.188714562 0.0250139992 6.28883752e-09 7.55636663e-08 1
LGIC_C 180 -0.149124434 0.22207424 0.0250139968 2.8101852e-08 -4.20574041e-08 1
LGIC_C 181 -0.668986074 -0.281980527 0.0250140051 5.39043203e-09 6.47688584e-08 1
LGIC_C 182 0.0850096858 -0.209364493 0.0250139963 -1.15127059e-08 5.78784511e-08 1
LGIC_C 183 0.67473598 0.305434685 0.0250140198 -4.82586616e-08 -1.31306776e-08 1
LGIC_C 184 0.756195705 -0.0218609575 0.0250140166 -4.34088182e-08 2.48392526e-08 1
LGIC_C 185 0.415690138 -0.133608098 0.0250140046 -4.34088182e-08 2.48392526e-08 1
LGIC_C 186 -0.628616317 -0.333152544 0.0250140082 5.39043203e-09 6.47688584e-08 1
LGIC_C 187 0.158246468 0.0780534375 0.0250139936 -4.90669739e-08 -3.27854893e-08 1
LGIC_C 188 -0.720841091 0.0734508704 0.0250140152 4.34088259e-08 -8.63455061e-09 1
LGIC_C 189 -0.496231316 0.2604883 0.0250140115 4.20574045e-08 -2.81018523e-08 1
LGIC_C 190 0.355325964 -0.726945715 0.0250140187 -2.45891087e-08 3.68002429e-08 1
LGIC_C 191 -0.440400039 -0.266004913 0.0250140028 5.39043203e-09 6.47688584e-08 1
LGIC_C 192 -0.313007207 0.120000117 0.0250139979 4.34088259e-08 -8.63455061e-09 1
LGIC_C 193 0.273095775 0.0652488983 0.0250139974 -4.96100911e-08 -9.86803575e-09 1
LGIC_C 194 -0.633858455 0.400582102 0.0250140164 3.68002297e-08 -2.45891157e-08 1
LGIC_C 195 0.335993522 0.394394937 0.0250140093 -2.81018716e-08 -4.20573923e-08 1
LGIC_C 196 0.743732639 0.392305687 0.0250140203 -3.68002282e-08 -2.45891172e-08 1
LGIC_C 197 -0.220496721 -0.483484307 0.0250140065 2.45891453e-08 3.68002268e-08 1
LGIC_C 198 0.541717061 0.0373676699 0.0250140071 -4.34088272e-08 -8.63453573e-09 1
LGIC_C 199 0.61371194 0.232616173 0.0250140122 -4.96100869e-08 6.3366408e-09 1
LGIC_C 200 0.705097859 -0.270353198 0.0250140162 -4.34088226e-08 8.63456802e-09 1
LGIC_C 201 0.233569947 0.102608806 0.025013996 -4.20574004e-08 -2.81018564e-08 1
LGIC_C 202 -0.0325564062 -0.32938774 0.0250139984 2.48392553e-08 4.34088306e-08 1
LGIC_C 203 -0.19112711 -0.072327048 0.0250139907 -4.96100919e-08 2.90231703e-08 -1
LGIC_C 204 -0.380082968 0.513870946 0.0250140156 2.8101852e-08 -4.20574041e-08 1
LGIC_C 205 -0.0900418316 0.238049027 0.025013996 9.86805557e-09 -4.96100883e-08 1
LGIC_C 206 0.630510692 -0.377960983 0.0250140157 -3.68002179e-08 2.45891393e-08 1
LGIC_C 207 -0.131028095 -0.446845971 0.0250140027 -4.89847109e-08 5.78784581e-08 1
LGIC_C 208 -0.517334824 0.3544213 0.0250140129 -4.82586679e-08 1.31306769e-08 -1
LGIC_C 209 -0.0346573736 -0.0183521623 0.0250139888 -1.17760821e-07 -7.86851768e-08 -1
LGIC_C 210 0.0575048476 0.242771841 0.0250139959 -9.86806672e-09 -4.96100854e-08 1
LGIC_C 211 0.604856763 -0.147118426 0.0250140199 -5.78784275e-08 1.15127558e-08 1
LGIC_C 212 -0.339114933 -0.458766394 0.0250140088 -5.56021111e-08 -1.45571543e-08 -1
LGIC_C 213 0.394086672 -0.419850297 0.025014012 -2.81018481e-08 4.20574137e-08 1
LGIC_C 214 0.520068041 -0.0821887146 0.0250140065 -4.34088226e-08 8.63456802e-09 1
LGIC_C 215 -0.448248142 -0.00859779059 0.0250140028 4.34088238e-08 8.63459484e-09 1
LGIC_C 216 0.196923218 -0.149610622 0.0250139952 -3.05989503e-08 3.95603122e-08 1
LGIC_C 217 0.48958391 -0.403070168 0.0250140191 -3.37890406e-08 4.80634332e-08 1
LGIC_C 218 -0.273236934 0.368313575 0.0250140046 1.31306824e-08 -4.82586643e-08 1
LGIC_C 219 -0.231083145 -0.461005751 0.0250140065 3.95603082e-08 3.05989652e-08 1
LGIC_C 220 -0.701254842 -0.34024117 0.0250140174 3.68002489e-08 2.45891179e-08 1
LGIC_C 221 0.705886987 -0.463888086 -0.000855766331 0.827616944 -0.552996408 0.0961517878
LGIC_C 222 -0.563396922 -0.198334112 0.0250140055 -4.96100919e-08 2.90231703e-08 -1
LGIC_C 223 0.273937819 0.458074246 0.0250140119 -4.80634192e-08 -3.37890445e-08 1
LGIC_C 224 -0.360117709 0.0827003261 0.0250139987 4.96100851e-08 2.90231542e-08 1
LGIC_C 225 0.179746751 -0.60299115 0.025014011 -8.63454093e-09 4.34088369e-08 1
LGIC_C 226 0.348261324 -0.25964234 0.0250140024 -3.68002179e-08 2.45891393e-08 1
LGIC_C 227 -0.149407423 0.483905228 0.0250140056 8.63455111e-09 -4.34088279e-08 1
LGIC_C 228 0.274596305 -0.329096976 0.0250140027 -1.31306721e-08 4.82586744e-08 1
LGIC_C 229 -0.545807167 -0.0585316134 0.0250140075 4.34088238e-08 8.63459484e-09 1
LGIC_C 230 -0.647717736 -0.250331194 0.0250140046 -4.34088282e-08 2.70157287e-08 -1
LGIC_C 231 0.518723964 0.297772229 0.0250140151 3.37890593e-08 4.80634111e-08 -1
LGIC_C 232 -0.237696364 0.765367359 0.0250140185 8.63455111e-09 -4.34088279e-08 1
LGIC_C 233 0.376156726 0.225272092 0.0250140043 -4.82586616e-08 -1.31306776e-08 1
LGIC_C 234 -0.0826949794 -0.467383654 0.0250140042 8.63456455e-09 4.34088336e-08 1
LGIC_C 235 0.268772861 0.475453323 0.0250140108 -2.81018716e-08 -4.20573923e-08 1
LGIC_C 236 0.328440809 -0.0239895629 0.0250139981 -4.34088182e-08 2.48392526e-08 1
LGIC_C 237 0.685237922 -0.0322325941 0.0250140182 -4.96100802e-08 3.14742968e-08 1
LGIC_C 238 -0.165763225 0.0218246911 0.0250139918 5.7878425e-08 4.89846948e-08 1
LGIC_C 239 0.516457407 -0.292743394 0.0250140132 -4.20573976e-08 2.81018683e-08 1
LGIC_C 240 0.113378673 -0.202592279 0.0250139963 -1.28239349e-08 5.73353226e-08 1
LGIC_C 241 -0.115535949 0.258389781 0.0250139974 2.8101852e-08 -4.20574041e-08 1
LGIC_C 242 0.609826937 -0.311338019 0.0250140188 -3.37890406e-08 4.80634332e-08 1
LGIC_C 243 -0.597045318 0.19734432 0.0250140148 4.96100897e-08 -9.86805572e-09 1
LGIC_C 244 0.580828234 -0.216605417 0.0250140193 -5.78784275e-08 1.15127558e-08 1
LGIC_C 245 -0.46069854 -0.418656519 0.0250140132 1.45571809e-08 5.5602105e-08 1
LGIC_C 246 0.411544139 0.488094912 0.0250140113 -2.45891309e-08 -3.68002211e-08 1
LGIC_C 247 -0.464627586 0.678841886 0.0250140197 2.45891128e-08 -3.68002333e-08 1
LGIC_C 248 0.135895738 -0.14065649 0.0250139917 -2.45891087e-08 3.68002429e-08 1
LGIC_C 249 0.507567758 -0.0403038734 0.0250140097 -4.96100802e-08 3.14742968e-08 1
LGIC_C 250 0.243370006 0.511845035 0.0250140122 -4.80634192e-08 -3.37890445e-08 1
LGIC_C 251 0.0123432436 0.658411135 0.0250140159 -6.33660387e-09 4.96100877e-08 -1
LGIC_C 252 0.144103366 0.638107708 0.0250140194 -3.14742949e-08 -4.96100822e-08 1
LGIC_C 253 0.528282416 0.316106669 0.0250140129 -4.82586616e-08 -1.31306776e-08 1
LGIC_C 254 -0.48546271 0.288158095 0.0250140135 3.37890593e-08 -4.80634052e-08 1
LGIC_C 255 -0.822580688 -0.0186096365 0.0250140185 -4.34088282e-08 2.70157287e-08 -1
LGIC_C 256 -0.291828767 0.548342409 0.0250140106 2.45891128e-08 -3.68002333e-08 1
LGIC_C 257 0.299859338 0.319916848 0.0250140026 1.3130701e-08 4.82586573e-08 -1
LGIC_C 258 -0.277882736 0.559345354 0.0250140107 2.45891128e-08 -3.68002333e-08 1
LGIC_C 259 0.262339959 -0.319529691 0.0250140075 -3.27854948e-08 4.90669785e-08 1
LGIC_C 260 -0.0407675602 -0.578267872 0.0250140123 9.8680833e-09 4.96100963e-08 1
LGIC_C 261 0.103579713 0.577827936 0.0250140092 -8.63455884e-09 -4.34088253e-08 1
LGIC_C 262 -0.347329881 0.316742204 0.0250140068 4.20574045e-08 -2.81018523e-08 1
LGIC_C 263 -0.689085319 -0.26588047 0.0250140063 4.96100935e-08 -4.19869172e-08 1
LGIC_C 264 0.491381014 -0.314274362 0.025014009 -3.68002179e-08 2.45891393e-08 1
LGIC_C 265 0.167764263 0.0241020722 0.0250139918 -4.96100911e-08 -9.86803575e-09 1
LGIC_C 266 -0.125066717 -0.322483501 0.0250140003 2.48392553e-08 4.34088306e-08 1
LGIC_C 267 -0.289463277 -0.267622632 0.0250140023 1.45571809e-08 5.5602105e-08 1
LGIC_C 268 -0.0507914198 -0.496792791 0.0250140064 -2.90231482e-08 4.96101036e-08 1
LGIC_C 269 -0.0264672918 0.688379807 0.0250140172 -6.33661298e-09 -4.96100859e-08 1
LGIC_C 270 -0.0887801369 -0.10142417 0.0250139906 7.55636799e-08 6.2887973e-09 1
LGIC_C 271 -0.495874629 -0.397401107 0.0250140113 3.68002489e-08 2.45891179e-08 1
LGIC_C 272 -0.391923939 0.283780336 0.0250140059 -4.82586679e-08 1.31306769e-08 -1
LGIC_C 273 0.705138266 -0.0895283218 0.0250140161 -4.34088182e-08 2.48392526e-08 1
LGIC_C 274 -0.344806007 0.395355749 0.0250140063 2.45891128e-08 -3.68002333e-08 1
LGIC_C 275 0.0285726167 -0.569742943 0.0250140113 6.33663526e-09 4.9610097e-08 1
LGIC_C 276 -0.0974751813 -0.426852931 0.0250140016 -2.90231482e-08 4.96101036e-08 1
LGIC_C 277 0.626979369 -0.05317651 0.025014016 -4.96100802e-08 3.14742968e-08 1
LGIC_C 278 0.300638947 0.269566008 0.0250140009 -3.68002282e-08 -2.45891172e-08 1
LGIC_C 279 0.0875144552 -0.0771831522 0.0250139883 -3.68002179e-08 2.45891393e-08 1
LGIC_C 280 -0.284239221 -0.135171647 0.0250139949 1.45571809e-08 5.5602105e-08 1
LGIC_C 281 0.328704199 0.626665864 0.0250140202 -4.80634192e-08 -3.37890445e-08 1
LGIC_C 282 -0.278525365 -0.479468218 0.0250140089 3.95603082e-08 3.05989652e-08 1
LGIC_C 283 -0.238504692 -0.502603855 0.0250140045 7.55636799e-08 6.2887973e-09 1
LGIC_C 284 0.188103923 -0.741460635 0.025014017 -8.63454093e-09 4.34088369e-08 1
LGIC_C 285 -0.240730598 0.538325933 0.0250140176 3.27854968e-08 -4.90669676e-08 1
LGIC_C 286 -0.504030162 0.0152232804 0.0250140078 4.96100851e-08 2.90231542e-08 1
LGIC_C 287 -0.0417895142 -0.125916411 0.0250139891 8.63456455e-09 4.34088336e-08 1
LGIC_C 288 0.0426913279 -0.359169373 0.0250140008 6.33663526e-09 4.9610097e-08 1
LGIC_C 289 -0.0146142959 -0.028102599 0.0250139846 2.45891453e-08 3.68002268e-08 1
LGIC_C 290 -0.384544395 -0.515775555 0.0250140157 2.81018674e-08 4.20574117e-08 1
LGIC_C 291 -0.491680443 0.408072122 0.0250140114 3.68002297e-08 -2.45891157e-08 1
LGIC_C 292 0.440851019 0.468560601 0.0250140153 -2.81018716e-08 -4.20573923e-08 1
LGIC_C 293 -0.640305685 -0.0351180324 0.025014014 -4.96100919e-08 2.90231703e-08 -1
LGIC_C 294 0.05543001 -0.181991147 0.0250139944 -1.15127059e-08 5.78784511e-08 1
LGIC_C 295 -0.165053716 0.149084607 0.0250139956 6.28881943e-09 -7.55636452e-08 1
LGIC_C 296 0.523783892 0.276207025 0.025014013 -4.20574004e-08 -2.81018564e-08 1
LGIC_C 297 0.0691197821 0.305696308 0.0250139971 -8.63455884e-09 -4.34088253e-08 1
LGIC_C 298 0.0411591389 -0.518141465 0.0250140093 -9.86804037e-09 4.96101e-08 1
LGIC_C 299 -0.0872013479 -0.315916176 0.0250139998 9.8680833e-09 4.96100963e-08 1
LGIC_C 300 0.39834049 -0.0412328452 0.0250140015 -4.34088182e-08 2.48392526e-08 1
LGIC_C 301 0.0908199087 0.384917055 0.0250140008 -8.63455884e-09 -4.34088253e-08 1
LGIC_C 302 0.366999176 0.346713446 0.0250140084 -4.20574004e-08 -2.81018564e-08 1
LGIC_C 303 -0.0475496228 0.318667036 0.0250139995 9.86805557e-09 -4.96100883e-08 1
LGIC_C 304 -0.185411692 0.40010743 0.025014005 1.31306824e-08 -4.82586643e-08 1
LGIC_C 305 -0.446528528 0.222032359 0.0250140052 3.68002297e-08 -2.45891157e-08 1
LGIC_C 306 0.189515932 0.0827175013 0.0250139936 3.37890593e-08 4.80634111e-08 -1
LGIC_C 307 -0.430390397 0.280465666 0.0250140077 -4.82586679e-08 1.31306769e-08 -1
LGIC_C 308 0.60708559 -0.274399191 0.0250140123 -3.68002179e-08 2.45891393e-08 1
LGIC_C 309 0.157120839 0.128461762 0.0250139922 -3.68002282e-08 -2.45891172e-08 1
LGIC_C 310 0.0607466602 0.807696847 0.0250140188 -8.63455884e-09 -4.34088253e-08 1
LGIC_C 311 0.567354545 0.587706174 0.0250140188 -2.45891309e-08 -3.68002211e-08 1
LGIC_C 312 0.33619317 0.216634041 0.0250140035 -4.20574004e-08 -2.81018564e-08 1
LGIC_C 313 0.630841768 0.341956193 0.0250140149 -3.68002282e-08 -2.45891172e-08 1
LGIC_C 314 -0.245878483 0.478482662 0.0250140069 2.45891128e-08 -3.68002333e-08 1
LGIC_C 315 -0.0981934553 0.00317093898 0.0250139882 4.96100897e-08 -9.86805572e-09 1
LGIC_C 316 -0.247580052 -0.192801266 0.0250139994 6.28883752e-09 7.55636663e-08 1
LGIC_C 317 -0.407049847 -0.181790575 0.0250140027 3.68002489e-08 2.45891179e-08 1
LGIC_C 318 -0.161463976 -0.342478708 0.0250139972 -5.56021111e-08 -1.45571543e-08 -1
LGIC_C 319 -0.535883362 -0.0635169432 0.0250140048 -4.34088282e-08 2.70157287e-08 -1
LGIC_C 320 0.426045181 0.593383042 0.0250140202 -2.81018716e-08 -4.20573923e-08 1
LGIC_C 321 0.605697695 -0.318423882 0.025014019 -3.37890406e-08 4.80634332e-08 1
LGIC_C 322 0.567549172 0.20387455 0.0250140184 -5.78784335e-08 -1.15127284e-08 1
LGIC_C 323 -0.316447562 -0.664680671 0.0250140201 2.81018674e-08 4.20574117e-08 1
LGIC_C 324 0.0077001555 0.719179922 0.0250140189 -6.33660387e-09 4.96100877e-08 -1
LGIC_C 325 0.428820248 0.645556423 0.0250140176 -2.45891309e-08 -3.68002211e-08 1
LGIC_C 326 0.19129393 0.671521984 0.0250140154 -6.33660387e-09 4.96100877e-08 -1
LGIC_C 327 -0.322370382 -0.028482764 0.0250139984 -4.96100919e-08 2.90231703e-08 -1
LGIC_C 328 -0.405134385 0.0210170479 0.0250140014 4.34088279e-08 -2.48392273e-08 1
LGIC_C 329 0.644153027 -0.182011125 0.025014017 -4.96100859e-08 9.86807898e-09 1
LGIC_C 330 0.368931624 -0.0386535789 0.0250140027 -4.96100802e-08 3.14742968e-08 1
LGIC_C 331 0.265972897 -0.0638043214 0.0250139964 -4.34088182e-08 2.48392526e-08 1
LGIC_C 332 -0.011065564 -0.34621243 0.0250140005 9.8680833e-09 4.96100963e-08 1
LGIC_C 333 0.475285729 0.173524154 0.0250140054 -4.34088272e-08 -8.63453573e-09 1
LGIC_C 334 0.254502289 0.808354675 0.0145005676 0.194186548 0.976240951 0.0961519121
LGIC_C 335 0.181413442 0.625695969 0.0250140132 -6.33660387e-09 4.96100877e-08 -1
LGIC_C 336 -0.753351446 0.0292068148 0.0250140167 4.34088279e-08 -2.48392273e-08 1
LGIC_C 337 -0.066422212 -0.0040073054 0.0250139865 -4.96100919e-08 2.90231703e-08 -1
LGIC_C 338 -0.155500056 0.277434844 0.0250139973 2.45891128e-08 -3.68002333e-08 1
LGIC_C 339 0.175002567 -0.258088119 0.025013998 -1.31306721e-08 4.82586744e-08 1
LGIC_C 340 -0.284330332 0.620431866 0.0250140174 2.8101852e-08 -4.20574041e-08 1
LGIC_C 341 -0.0360467156 -0.709496659 0.0250140143 8.63456455e-09 4.34088336e-08 1
LGIC_C 342 -0.858576257 -0.0207171311 -0.0235292053 -0.976240825 -0.194187339 0.0961515894
LGIC_C 343 0.270721846 0.44259475 0.0250140082 1.3130701e-08 4.82586573e-08 -1
LGIC_C 344 -0.148205077 0.0362113479 0.0250139901 5.7878425e-08 4.89846948e-08 1
LGIC_C 345 -0.0870942699 -0.0896981774 0.0250139904 7.55636799e-08 6.2887973e-09 1
LGIC_C 346 0.364469411 0.338628568 0.025014005 -3.68002282e-08 -2.45891172e-08 1
LGIC_C 347 0.446437441 -0.220658857 0.0250140124 -4.90669481e-08 3.27855328e-08 1
LGIC_C 348 -0.1426581 -0.624647021 0.0250140156 9.8680833e-09 4.96100963e-08 1
LGIC_C 349 -0.10848144 -0.579922471 0.0250140088 -2.90231482e-08 4.96101036e-08 1
LGIC_C 350 -0.220027543 0.382096576 0.0250140027 2.45891128e-08 -3.68002333e-08 1
LGIC_C 351 -0.0921162532 0.0793151487 0.0250139902 3.37890593e-08 -4.80634052e-08 1
LGIC_C 352 -0.162004568 -0.366360017 0.0250140009 3.95603082e-08 3.05989652e-08 1
LGIC_C 353 -0.312560464 0.130155246 0.0250140001 4.20574045e-08 -2.81018523e-08 1
LGIC_C 354 0.176534637 0.247281327 0.0250139986 -2.81018716e-08 -4.20573923e-08 1
LGIC_C 355 0.111598152 -0.537649149 0.0250140132 1.00935263e-08 5.7878447e-08 1
LGIC_C 356 0.122813988 0.754459841 0.0250140171 -8.63455884e-09 -4.34088253e-08 1
LGIC_C 357 0.752430978 0.203237971 0.0250140193 -4.96100869e-08 6.3366408e-09 1
LGIC_C 358 0.0767563754 -0.0577191167 0.0250139889 -4.90669481e-08 3.27855328e-08 1
LGIC_C 359 -0.182136874 0.161046281 0.0250139966 6.28881943e-09 -7.55636452e-08 1
LGIC_C 360 -0.478046464 0.438432552 0.0250140116 3.68002297e-08 -2.45891157e-08 1
LGIC_C 361 0.567886635 -0.139119063 0.0250140128 -4.96100859e-08 9.86807898e-09 1
LGIC_C 362 -0.390520888 -0.115852556 0.0250139993 -4.96100919e-08 2.90231703e-08 -1
LGIC_C 363 -0.429086767 0.372329976 0.0250140118 4.20574045e-08 -2.81018523e-08 1
LGIC_C 364 0.0981861215 0.156010022 0.0250139941 -3.27855134e-08 -4.90669575e-08 1
LGIC_C 365 0.615488418 -0.314123886 0.0250140179 -4.20573976e-08 2.81018683e-08 1
LGIC_C 366 -0.264905144 -0.687262848 0.0250140197 2.48392553e-08 4.34088306e-08 1
LGIC_C 367 0.404694697 -0.137133402 0.0250140042 -4.34088182e-08 2.48392526e-08 1
LGIC_C 368 -0.105698799 -0.27814638 0.0250139979 2.48392553e-08 4.34088306e-08 1
LGIC_C 369 -0.0783053355 -0.604178165 0.0250140109 -2.90231482e-08 4.96101036e-08 1
LGIC_C 370 -0.427786051 -0.525793288 0.0250140131 2.45891453e-08 3.68002268e-08 1
LGIC_C 371 0.18523547 0.118526843 0.025013993 -3.68002282e-08 -2.45891172e-08 1
LGIC_C 372 -0.0733539623 0.424952163 0.0250140023 8.63455111e-09 -4.34088279e-08 1
LGIC_C 373 -0.543388385 0.525857458 0.0250140162 3.68002297e-08 -2.45891157e-08 1
LGIC_C 374 0.0954185127 -0.26938131 0.025013996 6.33663526e-09 4.9610097e-08 1
LGIC_C 375 0.174612969 -0.5936257 0.0250140158 1.00935263e-08 5.7878447e-08 1
LGIC_C 376 0.473473096 0.393193332 0.0250140142 -4.20574004e-08 -2.81018564e-08 1
LGIC_C 377 0.308005474 0.177266748 0.0250139989 -3.68002282e-08 -2.45891172e-08 1
LGIC_C 378 -0.640215203 0.0598765393 0.0250140133 4.96100851e-08 2.90231542e-08 1
LGIC_C 379 -0.0760685417 -0.455190621 0.0250140066 9.8680833e-09 4.96100963e-08 1
LGIC_C 380 0.112793476 0.625963236 0.0250140154 -9.86806672e-09 -4.96100854e-08 1
LGIC_C 381 0.00316782609 0.616591986 0.0250140138 -6.33660387e-09 4.96100877e-08 -1
LGIC_C 382 0.559991631 -0.295308859 0.0250140163 -3.37890406e-08 4.80634332e-08 1
LGIC_C 383 0.298726494 -0.47764075 0.0250140165 -3.27854948e-08 4.90669785e-08 1
LGIC_C 384 -0.475895058 -0.405632304 0.0250140169 6.28883752e-09 7.55636663e-08 1
LGIC_C 385 0.59391532 0.0556149552 0.0250140182 -5.78784335e-08 -1.15127284e-08 1
LGIC_C 386 0.559332056 -0.419737943 0.0250140141 -3.68002179e-08 2.45891393e-08 1
LGIC_C 387 0.537698609 -0.260643176 0.0250140139 -3.37890406e-08 4.80634332e-08 1
LGIC_C 388 -0.0515064725 0.478337973 0.0250140075 9.86805557e-09 -4.96100883e-08 1
LGIC_C 389 0.404576053 -0.324340666 0.0250140094 -4.20573976e-08 2.81018683e-08 1
LGIC_C 390 0.558250315 0.0477813325 0.0250140106 -4.96100869e-08 6.3366408e-09 1
LGIC_C 391 -0.227223386 0.138952235 0.0250139976 3.37890593e-08 -4.80634052e-08 1
LGIC_C 392 -0.187662875 -0.611554668 0.0250140081 -2.90231482e-08 4.96101036e-08 1
LGIC_C 393 -0.00374848941 -0.313018073 0.0250139969 8.63456455e-09 4.34088336e-08 1
LGIC_C 394 0.425456643 0.662048883 0.0250140181 -2.45891309e-08 -3.68002211e-08 1
LGIC_C 395 0.322506076 0.470239972 0.0250140102 1.3130701e-08 4.82586573e-08 -1
LGIC_C 396 0.243642272 0.438136919 0.0250140076 1.3130701e-08 4.82586573e-08 -1
LGIC_C 397 -0.64014249 0.189588378 0.0250140127 4.34088259e-08 -8.63455061e-09 1
LGIC_C 398 -0.582715605 0.250050322 0.025014015 3.37890593e-08 -4.80634052e-08 1
LGIC_C 399 0.55861709 -0.153048526 0.0250140158 -4.96100802e-08 3.14742968e-08 1
