VGCC_O 4 -0.108229728 0.00324736392 0.0466932869 -8.10297798e-07 1.61178104e-07 -1
VGCC_O 3 0.0772568984 -0.00428239309 0.046693036 -1.41802159e-06 2.82063681e-07 -1
VGCC_O 0 0.11238887 -0.0311459409 0.0466929927 -1.01287282e-06 -1.51427976e-07 -1
CaBS 10 0.115397087 -0.0112558797 0.0568982606 0.321328636 0.750213906 -0.577864173
CaBS 11 0.12251187 -0.0191395729 0.0695245092 0.999896301 0.01419805 -0.0024089266
CaBS 13 0.107865964 -0.0131373071 0.0539786424 0.329239702 0.132369043 -0.934922272
CaBS 14 0.0981413282 -0.025450877 0.0566786002 -0.333750671 -0.131704002 -0.933415527
CaBS 15 0.0922682838 -0.026662713 0.0739726908 -0.735818491 -0.677177075 0.00153536998
CaBS 16 0.108592085 -0.0288682649 0.0541731246 -0.324116536 -0.749802846 -0.576839807
CaBS 17 0.100133569 -0.0346390943 0.0664270107 -0.324116536 -0.749802846 -0.576839807
CaBS 18 0.122223398 -0.0306677571 0.0702227664 0.34654604 -0.867983022 0.355684293
CaBS 19 0.0914260996 -0.0257747495 0.0619975777 -0.735818491 -0.677177075 0.00153536998
CaBS 20 0.103703582 -0.002495405 0.0676502763 -0.346545998 0.867982935 -0.355684546
CaBS 21 0.103223215 -0.0154427329 0.0534493892 -0.333750671 -0.131704002 -0.933415527
CaBS 22 0.103985511 -0.00571554346 0.0595174337 -0.346545998 0.867982935 -0.355684546
CaBS 23 0.0998785736 -0.0304292712 0.0610981671 -0.324116536 -0.749802846 -0.576839807
CaBS 24 0.115739992 -0.0192343135 0.055888307 0.329239702 0.132369043 -0.934922272
CaBS 25 -0.116349301 0.0218728627 0.074484616 -0.748611709 0.322508237 0.579283131
CaBS 26 -0.0921982746 0.00855282268 0.0582399453 0.74861179 -0.322508554 -0.579282851
CaBS 28 -0.107160951 0.0164349313 0.0533218169 -0.333750681 -0.131703993 -0.933415524
CaBS 29 -0.107531746 -0.00491546903 0.073998965 -0.321328736 -0.750213873 0.57786416
CaBS 31 -0.0970826945 0.00111198772 0.0834557762 0.75139969 -0.322919491 0.575431584
CaBS 38 -0.104166882 -0.00673105781 0.0680784919 0.344822933 -0.867729023 -0.35797135
CaBS 39 -0.103950259 0.0153158752 0.0531200412 0.329239713 0.132369034 -0.93492227
Ca 6 -0.418538539 -0.3994517 0.546693585 0 0 0
Ca 8 0.0275195303 0.412776395 0.682706793 0 0 0
Ca 8 0.0264931919 0.118248303 0.199427542 0 0 0
Ca 4 0.0937471093 -0.351570735 0.367624774 0 0 0
Ca 7 0.725927888 -0.0865764979 0.258246238 0 0 0
Ca 3 0.160661996 -0.140175756 0.862941959 0 0 0
Ca 1 -0.210678718 -0.024744225 0.783335583 0 0 0
Ca 4 0.133100199 0.652356216 0.0945991545 0 0 0
Ca 4 -0.433945506 0.303679321 0.321468965 0 0 0
Ca 7 -0.51100607 0.357574348 0.572441806 0 0 0
Ca 7 -0.0865403102 0.124978228 0.334009752 0 0 0
Ca 8 -0.0683806525 -0.162287108 0.671016695 0 0 0
Ca 1 -0.495180587 -0.122515789 0.668866235 0 0 0
Ca 6 0.212024324 0.044596005 0.302398087 0 0 0
Ca 8 0.193012166 -0.453822377 0.526963447 0 0 0
Ca 6 -0.416804522 -0.449965516 0.634524651 0 0 0
Ca 7 -0.629407961 -0.166728693 0.590769499 0 0 0
Ca 4 -0.100722013 0.445692234 0.565998218 0 0 0
Ca 6 -0.0942692419 0.22076685 0.56056075 0 0 0
Ca 4 0.593547752 0.202431608 0.303385798 0 0 0
Ca 1 -0.193586485 0.0784698734 0.180303216 0 0 0
Ca 7 0.294423715 -0.238233552 0.297394492 0 0 0
Ca 1 0.287529551 -0.359326624 0.351068241 0 0 0
Ca 8 -0.136767864 -0.359410227 0.10557187 0 0 0
Ca 6 0.328776931 0.532867565 0.367715155 0 0 0
Ca 1 0.105589371 0.501610155 0.631796724 0 0 0
Ca 6 -0.594765414 -0.0276701377 0.540328749 0 0 0
Ca 8 -0.441254927 -0.037104674 0.594338883 0 0 0
Ca 6 -0.0337594373 -0.303371719 0.813099832 0 0 0
Ca 7 -0.439678467 0.195714695 0.21805626 0 0 0
Ca 8 0.356596877 -0.079655715 0.726864457 0 0 0
Ca 1 -0.142706314 0.135662253 0.544491738 0 0 0
Ca 7 -0.587977055 0.349562677 0.296842531 0 0 0
Ca 8 -0.156162276 0.128166405 0.246702971 0 0 0
Ca 7 -0.562589119 -0.271383297 0.442520542 0 0 0
Ca 6 -0.0799416419 0.477148098 0.311164398 0 0 0
Ca 1 -0.328339911 0.0602620605 0.158811124 0 0 0
Ca 4 0.0422368598 0.157654909 0.59923051 0 0 0
Ca 6 0.476434777 0.187518677 0.419676877 0 0 0
Ca 1 -0.3773201 0.272155701 0.86058267 0 0 0
Ca 1 -0.170846118 -0.0992278531 0.513826833 0 0 0
Ca 8 0.0364369752 0.522158239 0.641763317 0 0 0
Ca 1 -0.348949799 0.157134663 0.739039085 0 0 0
Ca 7 -0.237535679 0.674802637 0.337023336 0 0 0
Ca 4 -0.63257461 0.0901409304 0.368135265 0 0 0
Ca 7 -0.554493366 0.137583518 0.315339466 0 0 0
Ca 4 -0.513819194 0.422459341 0.120196583 0 0 0
Ca 6 -0.0164329458 0.419053097 0.139431014 0 0 0
Ca 7 0.161647297 0.0455582642 0.353457226 0 0 0
Ca 1 0.285073358 0.190697596 0.131726697 0 0 0
Ca 6 0.218628109 -0.14204647 0.246420269 0 0 0
Ca 6 0.319997432 -0.233155439 0.547997155 0 0 0
Ca 1 0.490532049 0.0922798693 0.210442706 0 0 0
Ca 8 -0.616613921 0.00384979111 0.329526589 0 0 0
Ca 7 0.370674852 0.0719983713 0.400401753 0 0 0
Ca 6 0.103935821 0.290142843 0.250339502 0 0 0
Ca 4 -0.494013311 0.156347975 0.345112592 0 0 0
Ca 6 0.198643286 -0.399347381 0.4893273 0 0 0
Ca 7 -0.388513341 0.38881726 0.485449625 0 0 0
Ca 6 0.0263456348 -0.0764296989 0.284442819 0 0 0
Ca 7 0.193269417 0.126582532 0.722681082 0 0 0
Ca 6 -0.196495758 -0.134332711 0.181783525 0 0 0
Ca 7 -0.221946052 0.157524908 0.184909088 0 0 0
Ca 1 -0.170264796 0.212061354 0.0839069379 0 0 0
Ca 6 -0.548599438 0.361850018 0.209460609 0 0 0
Ca 8 0.351449201 0.0413730095 0.4899455 0 0 0
Ca 6 -0.323990169 0.0315891563 0.1102023 0 0 0
Ca 8 0.159960811 0.0171551299 0.223167077 0 0 0
Ca 1 -0.233224577 0.583234984 0.140625822 0 0 0
Ca 8 -0.196602751 -0.0873734146 0.277612991 0 0 0
Ca 8 0.647063076 0.184953916 0.288272098 0 0 0
Ca 6 -0.470390852 0.35949611 0.355707281 0 0 0
CaBS_Ca 56 0.119902123 -0.00975666321 0.071222423 0.735818353 0.677177225 -0.00153536905
Ca 1 -0.13758017 0.336991934 0.425069582 0 0 0
Ca 4 -0.070731501 0.0841692936 0.448253047 0 0 0
Ca 8 -0.281695521 -0.16785736 0.0955482338 0 0 0
Ca 4 -0.183259087 0.149474981 0.240867396 0 0 0
Ca 4 -0.0814030092 0.0319527002 0.133684207 0 0 0
Ca 7 -0.0301849034 0.205370738 0.154617657 0 0 0
Ca 6 -0.121064686 -0.148061492 0.218120651 0 0 0
Ca 8 -0.121721692 0.200176472 0.366282316 0 0 0
Ca 8 -0.200918215 0.135977145 0.195870833 0 0 0
Ca 6 -0.323509413 -0.0781711092 0.28330656 0 0 0
Ca 1 -0.170181612 0.185880109 0.145820396 0 0 0
Ca 4 -0.170389366 0.0666117107 0.151133391 0 0 0
Ca 1 -0.111285329 0.253373426 0.344135824 0 0 0
Ca 8 -0.10932838 -0.0793381875 0.183672557 0 0 0
Ca 1 -0.139185304 0.0526336824 0.175905619 0 0 0
Ca 1 -0.0269459775 -0.0162979567 0.0538194342 0 0 0
Ca 4 -0.237519762 -0.0621817753 0.111541413 0 0 0
Ca 6 -0.129061066 0.142356148 0.199132542 0 0 0
Ca 4 -0.0794374572 -0.0654683235 0.0701300846 0 0 0
Ca 1 -0.000131200751 0.0187628002 0.0477602399 0 0 0
Ca 8 -0.119201874 0.0122761084 0.0830509355 0 0 0
VGCC_O 7 -0.137449801 0.00579357966 0.0466933342 -1.62059625e-06 3.22356338e-07 -1
Ca 7 -0.159290823 -0.0390033617 0.106397539 0 0 0
Ca 8 -0.142863652 0.0279047307 0.0481334955 0 0 0
Ca 6 -0.14342145 0.0340255284 0.048115459 0 0 0
VGCC_O 6 -0.12622171 0.0241576588 0.046693322 -1.62059677e-06 3.22356891e-07 -1
Ca 7 -0.208566438 -0.00627539004 0.0534385409 0 0 0
Ca 8 -0.134682063 0.0185915634 0.0466122329 0 0 0
VGCC_O 5 0.113746944 -0.0200409323 0.0466929896 -1.01287282e-06 -1.51427976e-07 -1
Ca 6 -0.138484151 0.0140358538 0.0466430559 0 0 0
VGCC_O 8 -0.134706799 0.0161271258 0.0466933331 -1.62059677e-06 3.22356891e-07 -1
VGCC_O 9 0.0953603447 -0.018533153 0.0466930096 -1.14792244e-06 -1.24564753e-07 -1
VGCC_O 2 0.119933892 -0.04777957 0.0466929781 -1.41802115e-06 2.82063236e-07 -1
VGCC_O 1 -0.126159285 0.0151063295 0.0466933189 -1.62059625e-06 3.22356338e-07 -1
TAG 41 -0.105784995 0.0105052503 0.0536665039 -0.333750681 -0.131703993 -0.933415524
TAG 55 -0.119337383 0.0151637023 0.0699872324 -0.999896295 -0.0141984574 0.00240892698
TAG 54 -0.104785227 0.0261860029 0.076486355 -0.344822968 0.867728888 0.357971643
TAG 53 -0.089146311 -0.000197085518 0.0670554248 0.74861179 -0.322508554 -0.579282851
TAG 52 -0.119278263 0.0119799944 0.0757618237 -0.999896295 -0.0141984574 0.00240892698
TAG 51 -0.102448777 0.00747370566 0.0865367572 -0.329239868 -0.132369105 0.934922205
TAG 45 -0.113699624 0.0170707545 0.0588716642 -0.751399624 0.322919173 -0.575431849
TAG 44 -0.11923843 0.00668793202 0.0611035411 -0.999896295 -0.0141984574 0.00240892698
LGIC_C 0 0.517686464 0.237862233 0.0250140122 3.37890593e-08 4.80634111e-08 -1
LGIC_C 1 -0.362055168 0.0516029975 0.0250139994 4.34088259e-08 -8.63455061e-09 1
LGIC_C 2 -0.567392883 0.0748541485 0.0250140122 4.96100897e-08 -9.86805572e-09 1
LGIC_C 3 0.242874946 -0.64772964 0.0250140178 -9.86804037e-09 4.96101e-08 1
LGIC_C 4 -0.403763905 -0.2268381 0.0250140029 6.28883752e-09 7.55636663e-08 1
LGIC_C 5 0.033373977 -0.532162736 0.0250140137 1.00935263e-08 5.7878447e-08 1
LGIC_C 6 -0.319089737 0.462013665 0.0250140139 1.28239438e-08 -5.73353116e-08 1
LGIC_C 7 -0.688652615 0.427902067 0.0250140191 3.68002297e-08 -2.45891157e-08 1
LGIC_C 8 -0.18130953 0.270683529 0.0250139977 2.45891128e-08 -3.68002333e-08 1
LGIC_C 9 -0.45094441 -0.2643221 0.025014006 6.28883752e-09 7.55636663e-08 1
LGIC_C 10 -0.416623525 -0.610780642 0.0250140184 3.95603082e-08 3.05989652e-08 1
LGIC_C 11 0.144389269 0.561103121 0.0250140102 -6.33660387e-09 4.96100877e-08 -1
LGIC_C 12 0.373775379 0.158831446 0.0250140068 -4.90669739e-08 -3.27854893e-08 1
LGIC_C 13 0.72507443 -0.106019035 0.0250140202 -4.96100859e-08 9.86807898e-09 1
LGIC_C 14 0.656423262 0.250923207 0.0250140142 -4.96100869e-08 6.3366408e-09 1
LGIC_C 15 -0.458777136 -0.351528797 0.0250140085 5.39043203e-09 6.47688584e-08 1
LGIC_C 16 0.63854212 -0.155246086 0.0250140164 -4.96100859e-08 9.86807898e-09 1
LGIC_C 17 -0.529650226 0.335185944 0.0250140132 -4.82586679e-08 1.31306769e-08 -1
LGIC_C 18 0.297439258 -0.481689871 0.0250140118 -2.81018481e-08 4.20574137e-08 1
LGIC_C 19 -0.32384661 0.253420306 0.0250140064 3.37890593e-08 -4.80634052e-08 1
LGIC_C 20 0.104993619 -0.419562506 0.0250140087 -1.15127059e-08 5.78784511e-08 1
LGIC_C 21 -0.0131912935 -0.156878568 0.0250139906 -2.90231482e-08 4.96101036e-08 1
LGIC_C 22 0.14013158 0.603601938 0.0250140146 -9.86806672e-09 -4.96100854e-08 1
LGIC_C 23 -0.438129628 0.396686055 0.0250140091 3.68002297e-08 -2.45891157e-08 1
LGIC_C 24 0.111415923 0.442788292 0.0250140063 -9.86806672e-09 -4.96100854e-08 1
LGIC_C 25 0.386401002 0.000808344841 0.025014 -4.34088272e-08 -8.63453573e-09 1
LGIC_C 26 -0.0465415807 0.266073652 0.0250139992 1.15127271e-08 -5.78784352e-08 1
LGIC_C 27 -0.267307481 0.521704383 0.0250140176 3.27854968e-08 -4.90669676e-08 1
LGIC_C 28 0.700614699 0.110630564 0.0250140146 -4.34088272e-08 -8.63453573e-09 1
LGIC_C 29 -0.619254699 -0.111293553 0.0250140137 5.7878436e-08 -4.89847332e-08 1
LGIC_C 30 0.653820582 0.1532109 0.0250140147 -4.96100869e-08 6.3366408e-09 1
LGIC_C 31 -0.38696919 -0.417430182 0.0250140113 3.95603082e-08 3.05989652e-08 1
LGIC_C 32 0.0730353364 0.0900393893 0.0250139891 -2.81018716e-08 -4.20573923e-08 1
LGIC_C 33 -0.0229803476 0.630234817 0.0250140108 8.63455111e-09 -4.34088279e-08 1
LGIC_C 34 0.25017127 -0.491879105 0.0250140156 -3.27854948e-08 4.90669785e-08 1
LGIC_C 35 -0.172163792 -0.516842796 0.0250140039 -2.90231482e-08 4.96101036e-08 1
LGIC_C 36 0.542709998 -0.623194382 0.0250140195 -2.45891087e-08 3.68002429e-08 1
LGIC_C 37 0.120291332 0.784473797 0.0250140184 -8.63455884e-09 -4.34088253e-08 1
LGIC_C 38 0.730174705 -0.316582128 0.0250140181 -3.05989503e-08 3.95603122e-08 1
LGIC_C 39 0.695850308 0.319356267 0.0250140167 -3.68002282e-08 -2.45891172e-08 1
LGIC_C 40 -0.683093833 0.0417019758 0.025014014 4.34088279e-08 -2.48392273e-08 1
LGIC_C 41 -0.526008244 0.609164467 0.0250140186 2.45891128e-08 -3.68002333e-08 1
LGIC_C 42 -0.278519616 -0.661533623 0.0250140144 2.45891453e-08 3.68002268e-08 1
LGIC_C 43 -0.553497835 -0.513822234 0.0250140152 1.15916899e-08 4.97976879e-08 1
LGIC_C 44 0.3669726 0.563089051 0.0250140153 1.3130701e-08 4.82586573e-08 -1
LGIC_C 45 0.00883506497 -0.253593811 0.0250139958 6.33663526e-09 4.9610097e-08 1
LGIC_C 46 -0.210394467 -0.198139929 0.0250139972 5.39043203e-09 6.47688584e-08 1
LGIC_C 47 0.502888609 -0.193145913 0.0250140146 -5.78784275e-08 1.15127558e-08 1
LGIC_C 48 -0.0852651885 -0.384841122 0.0250140007 8.63456455e-09 4.34088336e-08 1
LGIC_C 49 -0.504233474 -0.188723787 0.0250140068 4.34088238e-08 8.63459484e-09 1
LGIC_C 50 0.230282633 -0.323016063 0.0250140066 -3.27854948e-08 4.90669785e-08 1
LGIC_C 51 -0.55728311 -0.00472883252 0.0250140075 4.34088238e-08 8.63459484e-09 1
LGIC_C 52 0.648943355 -0.178245891 0.0250140158 -4.34088182e-08 2.48392526e-08 1
LGIC_C 53 0.333472393 -0.0822607943 0.0250139997 -4.34088182e-08 2.48392526e-08 1
LGIC_C 54 -0.0449757313 -0.217380139 0.0250139936 -4.89847109e-08 5.78784581e-08 1
LGIC_C 55 0.388806759 0.486786798 0.0250140107 -2.45891309e-08 -3.68002211e-08 1
LGIC_C 56 -0.120594509 -0.216270122 0.0250139931 -5.56021111e-08 -1.45571543e-08 -1
LGIC_C 57 -0.0840566808 0.434744235 0.0250140075 -3.14742797e-08 4.96100914e-08 -1
LGIC_C 58 0.460269716 -0.0881878885 0.0250140054 -4.34088182e-08 2.48392526e-08 1
LGIC_C 59 -0.445680745 -0.227922634 0.0250140024 1.45571809e-08 5.5602105e-08 1
LGIC_C 60 0.0749535166 0.527578282 0.0250140118 -3.14742949e-08 -4.96100822e-08 1
LGIC_C 61 -0.391131175 0.343273392 0.0250140094 4.20574045e-08 -2.81018523e-08 1
LGIC_C 62 -0.0227869757 0.411495347 0.0250140044 -3.14742797e-08 4.96100914e-08 -1
LGIC_C 63 0.197841462 -0.0460204337 0.0250139935 -4.96100859e-08 9.86807898e-09 1
LGIC_C 64 -0.253434411 0.0094088685 0.0250139975 5.7878425e-08 4.89846948e-08 1
LGIC_C 65 0.00205737734 0.302842047 0.0250139983 -6.33660387e-09 4.96100877e-08 -1
LGIC_C 66 -0.261185352 -0.349299619 0.0250140025 2.45891453e-08 3.68002268e-08 1
LGIC_C 67 -0.469752946 0.431885865 0.0250140189 6.28881943e-09 -7.55636452e-08 1
LGIC_C 68 -0.665077854 -0.128307343 0.0250140087 -4.34088282e-08 2.70157287e-08 -1
LGIC_C 69 -0.714855784 -0.367874545 0.0250140186 3.68002489e-08 2.45891179e-08 1
LGIC_C 70 -0.0113892547 0.393889779 0.0250140005 8.63455111e-09 -4.34088279e-08 1
LGIC_C 71 0.53491123 0.127695736 0.0250140157 -5.78784335e-08 -1.15127284e-08 1
LGIC_C 72 0.154336132 0.381868184 0.0250140012 -6.33660387e-09 4.96100877e-08 -1
LGIC_C 73 -0.00101760839 0.00569465501 0.0250139835 -6.33661298e-09 -4.96100859e-08 1
LGIC_C 74 0.512371268 0.493498594 0.0250140144 -4.82586616e-08 -1.31306776e-08 1
LGIC_C 75 0.504767956 -0.608009826 0.025014018 -2.45891087e-08 3.68002429e-08 1
LGIC_C 76 -0.663897189 0.0905251005 0.0250140136 4.96100851e-08 2.90231542e-08 1
LGIC_C 77 0.329059094 -0.215697526 0.0250140018 -3.05989503e-08 3.95603122e-08 1
LGIC_C 78 0.233920148 0.391090091 0.0250140101 -3.27855134e-08 -4.90669575e-08 1
LGIC_C 79 -0.585193221 -0.258607285 0.0250140029 1.15916899e-08 4.97976879e-08 1
LGIC_C 80 0.707438777 -0.0379772168 0.0250140143 -4.34088226e-08 8.63456802e-09 1
LGIC_C 81 0.073533104 0.688081814 0.0250140169 -6.33660387e-09 4.96100877e-08 -1
LGIC_C 82 0.500819715 -0.302143948 0.0250140105 -3.05989503e-08 3.95603122e-08 1
LGIC_C 83 -0.367594739 0.236875807 0.0250140041 -4.82586679e-08 1.31306769e-08 -1
LGIC_C 84 0.22575369 0.529059329 0.0250140118 -2.81018716e-08 -4.20573923e-08 1
LGIC_C 85 -0.0810679691 0.11804469 0.0250139911 1.28239438e-08 -5.73353116e-08 1
LGIC_C 86 0.556161313 -0.323589058 0.0250140176 -3.37890406e-08 4.80634332e-08 1
LGIC_C 87 -0.313103555 -0.241089773 0.0250140012 1.45571809e-08 5.5602105e-08 1
LGIC_C 88 -0.599854369 -0.521481644 0.0250140162 1.15916899e-08 4.97976879e-08 1
LGIC_C 89 0.256635679 -0.484846557 0.02501401 -1.31306721e-08 4.82586744e-08 1
LGIC_C 90 -0.371912521 -0.326859125 0.0250140068 1.45571809e-08 5.5602105e-08 1
LGIC_C 91 0.171716793 0.784957324 0.0250140188 -8.63455884e-09 -4.34088253e-08 1
LGIC_C 92 0.222465511 -0.701997324 0.0250140167 6.33663526e-09 4.9610097e-08 1
LGIC_C 93 -0.0904160874 0.568731695 0.0250140109 -6.33661298e-09 -4.96100859e-08 1
LGIC_C 94 0.155118952 -0.0393292721 0.0250139922 -4.96100802e-08 3.14742968e-08 1
LGIC_C 95 -0.315675183 -0.415640095 0.0250140069 -5.56021111e-08 -1.45571543e-08 -1
LGIC_C 96 0.331253727 -0.0183508892 0.0250139998 -4.96100859e-08 9.86807898e-09 1
LGIC_C 97 -0.394290546 0.037253657 0.0250140017 4.96100851e-08 2.90231542e-08 1
LGIC_C 98 -0.347480732 -0.56793455 0.0250140144 3.95603082e-08 3.05989652e-08 1
LGIC_C 99 0.226390988 -0.0685949959 0.0250139966 -4.96100802e-08 3.14742968e-08 1
LGIC_C 100 -0.33878101 -0.508424362 0.0250140103 2.45891453e-08 3.68002268e-08 1
LGIC_C 101 -0.396015513 0.0162495458 0.0250140031 4.96100897e-08 -9.86805572e-09 1
LGIC_C 102 -0.352216288 0.437720266 0.0250140129 1.28239438e-08 -5.73353116e-08 1
LGIC_C 103 -0.443818242 -0.0183781851 0.0250140027 4.34088238e-08 8.63459484e-09 1
LGIC_C 104 0.580738646 -0.25538174 0.0250140201 -4.90669481e-08 3.27855328e-08 1
LGIC_C 105 -0.306455778 0.088982041 0.0250139988 4.34088279e-08 -2.48392273e-08 1
LGIC_C 106 -0.295837 0.783619892 0.0250140198 8.63455111e-09 -4.34088279e-08 1
LGIC_C 107 -0.751990758 -0.254818661 0.0250140181 4.34088238e-08 8.63459484e-09 1
LGIC_C 108 -0.0566922136 -0.502553541 0.0250140065 2.48392553e-08 4.34088306e-08 1
LGIC_C 109 0.18267575 0.0925660239 0.0250139933 -4.82586616e-08 -1.31306776e-08 1
LGIC_C 110 -0.191562344 -0.707614632 0.0250140156 8.63456455e-09 4.34088336e-08 1
LGIC_C 111 -0.518558048 -0.1427043 0.0250140049 -4.96100919e-08 2.90231703e-08 -1
LGIC_C 112 0.719744796 -0.00705163359 0.0250140192 -4.96100802e-08 3.14742968e-08 1
LGIC_C 113 -0.0280306936 -0.703909755 0.0250140145 2.48392553e-08 4.34088306e-08 1
LGIC_C 114 -0.347167508 0.406191238 0.025014011 1.28239438e-08 -5.73353116e-08 1
LGIC_C 115 0.531646261 -0.36328426 0.0250140139 -3.05989503e-08 3.95603122e-08 1
LGIC_C 116 0.168080726 -0.448477608 0.0250140075 1.00935263e-08 5.7878447e-08 1
LGIC_C 117 -0.198232807 -0.00682895181 0.0250139929 -4.96100919e-08 2.90231703e-08 -1
LGIC_C 118 -0.308256593 -0.335684647 0.0250140057 3.95603082e-08 3.05989652e-08 1
LGIC_C 119 0.106831122 0.408593704 0.0250140046 -9.86806672e-09 -4.96100854e-08 1
LGIC_C 120 0.0251741249 0.498543606 0.0250140082 -9.86806672e-09 -4.96100854e-08 1
LGIC_C 121 -0.440930732 -0.411849899 0.0250140089 1.15916899e-08 4.97976879e-08 1
LGIC_C 122 0.629317393 -0.362539948 0.0250140153 -3.68002179e-08 2.45891393e-08 1
LGIC_C 123 0.359765086 -0.310978751 0.0250140111 -4.90669481e-08 3.27855328e-08 1
LGIC_C 124 0.502459214 -0.429327021 0.0250140123 -3.68002179e-08 2.45891393e-08 1
LGIC_C 125 0.128086946 -0.150888484 0.0250139922 -1.31306721e-08 4.82586744e-08 1
LGIC_C 126 0.611798212 -0.345918434 0.0250140156 -3.05989503e-08 3.95603122e-08 1
LGIC_C 127 0.245744271 -0.332280403 0.0250140025 -1.31306721e-08 4.82586744e-08 1
LGIC_C 128 0.217510939 -0.366600238 0.0250140021 -2.45891087e-08 3.68002429e-08 1
LGIC_C 129 0.4584771 -0.0970088471 0.025014004 -4.34088226e-08 8.63456802e-09 1
LGIC_C 130 -0.636785328 0.207606077 0.0250140127 4.34088259e-08 -8.63455061e-09 1
LGIC_C 131 0.419075758 0.24809247 0.0250140067 -4.82586616e-08 -1.31306776e-08 1
LGIC_C 132 -0.22596385 0.0673397015 0.025013993 5.7878425e-08 4.89846948e-08 1
LGIC_C 133 -0.594285893 -0.0261394575 0.0250140093 4.34088238e-08 8.63459484e-09 1
LGIC_C 134 0.2837125 -0.65653735 0.0250140144 -2.45891087e-08 3.68002429e-08 1
LGIC_C 135 -0.296941228 -0.271657446 0.0250140056 6.28883752e-09 7.55636663e-08 1
LGIC_C 136 0.389843911 -0.269425761 0.0250140042 -3.68002179e-08 2.45891393e-08 1
LGIC_C 137 0.354181801 -0.348666275 0.0250140079 -3.05989503e-08 3.95603122e-08 1
LGIC_C 138 -0.68949739 -0.228854082 0.0250140079 4.96100935e-08 -4.19869172e-08 1
LGIC_C 139 0.146377088 -0.00966935054 0.0250139908 -4.96100802e-08 3.14742968e-08 1
LGIC_C 140 0.426689782 0.559435258 0.0250140143 -2.45891309e-08 -3.68002211e-08 1
LGIC_C 141 0.482533759 0.126259464 0.0250140053 -4.34088272e-08 -8.63453573e-09 1
LGIC_C 142 -0.488415065 -0.545169357 0.0250140193 3.95603082e-08 3.05989652e-08 1
LGIC_C 143 -0.100301792 -0.167540414 0.0250139931 2.81018674e-08 4.20574117e-08 1
LGIC_C 144 -0.448670218 -0.468063325 0.0250140153 3.95603082e-08 3.05989652e-08 1
LGIC_C 145 0.22298316 0.00379908256 0.0250139943 -4.96100869e-08 6.3366408e-09 1
LGIC_C 146 0.00423974034 0.59218592 0.0250140127 -9.86806672e-09 -4.96100854e-08 1
LGIC_C 147 -0.302712335 -0.331720539 0.0250140029 2.45891453e-08 3.68002268e-08 1
LGIC_C 148 0.440701639 -0.0782163711 0.0250140096 -5.78784275e-08 1.15127558e-08 1
LGIC_C 149 0.538656564 0.516295316 0.0250140158 -3.68002282e-08 -2.45891172e-08 1
LGIC_C 150 0.437620842 0.171907045 0.0250140039 -4.96100869e-08 6.3366408e-09 1
LGIC_C 151 -0.10152063 -0.732318684 0.0250140159 8.63456455e-09 4.34088336e-08 1
LGIC_C 152 0.253412204 0.59021773 0.0250140152 -2.81018716e-08 -4.20573923e-08 1
LGIC_C 153 0.182111096 -0.227538612 0.0250139986 -1.28239349e-08 5.73353226e-08 1
LGIC_C 154 0.151675034 0.524182717 0.0250140108 -9.86806672e-09 -4.96100854e-08 1
LGIC_C 155 -0.613034211 0.122721531 0.0250140109 4.34088259e-08 -8.63455061e-09 1
LGIC_C 156 -0.233150001 0.0215512074 0.0250139936 4.34088259e-08 -8.63455061e-09 1
LGIC_C 157 -0.398335876 0.292157762 0.0250140079 6.28881943e-09 -7.55636452e-08 1
LGIC_C 158 0.357174617 0.168559052 0.0250140034 3.37890593e-08 4.80634111e-08 -1
LGIC_C 159 0.78541034 0.156104474 0.0250140187 -4.34088272e-08 -8.63453573e-09 1
LGIC_C 160 -0.261464333 -0.0519182903 0.0250139932 -4.34088282e-08 2.70157287e-08 -1
LGIC_C 161 -0.449673941 0.0875790496 0.0250140064 4.96100897e-08 -9.86805572e-09 1
LGIC_C 162 0.448650387 -0.0226844777 0.0250140095 -5.78784275e-08 1.15127558e-08 1
LGIC_C 163 0.377807826 -0.250988564 0.0250140062 -4.20573976e-08 2.81018683e-08 1
LGIC_C 164 0.220562736 -0.599581978 0.0250140116 6.33663526e-09 4.9610097e-08 1
LGIC_C 165 -0.311182665 0.0378387266 0.0250139976 4.96100851e-08 2.90231542e-08 1
LGIC_C 166 -0.145867375 -0.668630121 0.0250140159 2.48392553e-08 4.34088306e-08 1
LGIC_C 167 -0.565958347 0.53346079 0.0250140172 3.68002297e-08 -2.45891157e-08 1
LGIC_C 168 -0.576687798 -0.269355732 0.0250140038 5.39043203e-09 6.47688584e-08 1
LGIC_C 169 0.661361169 -0.483986167 0.0250140195 -3.68002179e-08 2.45891393e-08 1
LGIC_C 170 0.56117151 -0.328441831 0.025014018 -3.37890406e-08 4.80634332e-08 1
LGIC_C 171 -0.198270916 0.307779553 0.0250140035 1.28239438e-08 -5.73353116e-08 1
LGIC_C 172 0.340680921 0.159929632 0.0250140025 3.37890593e-08 4.80634111e-08 -1
LGIC_C 173 0.687185436 0.315987151 0.0250140163 -3.68002282e-08 -2.45891172e-08 1
LGIC_C 174 -0.0712893582 -0.500644758 0.0250140067 2.48392553e-08 4.34088306e-08 1
LGIC_C 175 0.419423295 -0.297903498 0.0250140117 -3.37890406e-08 4.80634332e-08 1
LGIC_C 176 -0.602477308 -0.595268975 0.0250140199 1.15916899e-08 4.97976879e-08 1
LGIC_C 177 0.315417042 0.328208268 0.0250140059 -2.81018716e-08 -4.20573923e-08 1
LGIC_C 178 0.0539469068 -0.63705304 0.0250140145 6.33663526e-09 4.9610097e-08 1
LGIC_C 179 -0.238401454 -0.160037202 0.0250139968 6.28883752e-09 7.55636663e-08 1
LGIC_C 180 -0.147798958 0.256765522 0.0250139982 2.8101852e-08 -4.20574041e-08 1
LGIC_C 181 -0.62957139 -0.314133193 0.025014007 5.39043203e-09 6.47688584e-08 1
LGIC_C 182 0.0822986912 -0.182150701 0.0250139932 -2.81018481e-08 4.20574137e-08 1
LGIC_C 183 0.653055012 0.325956799 0.025014019 -4.82586616e-08 -1.31306776e-08 1
LGIC_C 184 0.716575396 -0.0441206654 0.0250140154 -4.34088182e-08 2.48392526e-08 1
LGIC_C 185 0.371177928 -0.123255625 0.0250140024 -4.34088182e-08 2.48392526e-08 1
LGIC_C 186 -0.609721568 -0.311537044 0.0250140067 5.39043203e-09 6.47688584e-08 1
LGIC_C 187 0.141545112 0.103309638 0.0250139936 -4.90669739e-08 -3.27854893e-08 1
LGIC_C 188 -0.753488173 0.099319057 0.0250140168 4.34088259e-08 -8.63455061e-09 1
LGIC_C 189 -0.5433523 0.283125385 0.0250140141 4.20574045e-08 -2.81018523e-08 1
LGIC_C 190 0.328845842 -0.762802119 0.0250140194 -2.45891087e-08 3.68002429e-08 1
LGIC_C 191 -0.407875567 -0.241036575 0.025014001 5.39043203e-09 6.47688584e-08 1
LGIC_C 192 -0.296281499 0.110829661 0.0250139971 4.34088259e-08 -8.63455061e-09 1
LGIC_C 193 0.296263059 0.0650026178 0.0250139986 -4.96100911e-08 -9.86803575e-09 1
LGIC_C 194 -0.663384139 0.371420945 0.0250140168 3.68002297e-08 -2.45891157e-08 1
LGIC_C 195 0.392829085 0.393665863 0.0250140108 -2.81018716e-08 -4.20573923e-08 1
LGIC_C 196 0.695404594 0.371893714 0.025014018 -3.68002282e-08 -2.45891172e-08 1
LGIC_C 197 -0.271819605 -0.502498894 0.0250140084 2.45891453e-08 3.68002268e-08 1
LGIC_C 198 0.536779687 0.0390134827 0.0250140069 -4.34088272e-08 -8.63453573e-09 1
LGIC_C 199 0.607992667 0.248803553 0.0250140118 -4.96100869e-08 6.3366408e-09 1
LGIC_C 200 0.72809056 -0.283792531 0.0250140173 -4.34088226e-08 8.63456802e-09 1
LGIC_C 201 0.264119453 0.14158032 0.0250139983 -4.20574004e-08 -2.81018564e-08 1
LGIC_C 202 -0.0285698855 -0.307979337 0.0250139973 2.48392553e-08 4.34088306e-08 1
LGIC_C 203 -0.170686636 -0.0570411634 0.0250139901 -4.96100919e-08 2.90231703e-08 -1
LGIC_C 204 -0.368469382 0.550191994 0.0250140168 2.8101852e-08 -4.20574041e-08 1
LGIC_C 205 -0.0970100894 0.247288788 0.0250139965 9.86805557e-09 -4.96100883e-08 1
LGIC_C 206 0.646844111 -0.381673294 0.0250140164 -3.68002179e-08 2.45891393e-08 1
LGIC_C 207 -0.155508651 -0.445536922 0.0250140014 -4.89847109e-08 5.78784581e-08 1
LGIC_C 208 -0.49686623 0.337090821 0.0250140117 -4.82586679e-08 1.31306769e-08 -1
LGIC_C 209 -0.00861887403 -0.00406635497 0.0250139846 -1.17760821e-07 -7.86851768e-08 -1
LGIC_C 210 0.0758548816 0.245187784 0.0250139962 -9.86806672e-09 -4.96100854e-08 1
LGIC_C 211 0.587543994 -0.198870962 0.0250140195 -5.78784275e-08 1.15127558e-08 1
LGIC_C 212 -0.356519081 -0.47384789 0.02501401 -5.56021111e-08 -1.45571543e-08 -1
LGIC_C 213 0.388915675 -0.415533717 0.0250140116 -2.81018481e-08 4.20574137e-08 1
LGIC_C 214 0.466868269 -0.0562017791 0.025014004 -4.34088226e-08 8.63456802e-09 1
LGIC_C 215 -0.440628088 -0.0375878096 0.0250140027 4.34088238e-08 8.63459484e-09 1
LGIC_C 216 0.208331705 -0.169689292 0.0250139963 -3.05989503e-08 3.95603122e-08 1
LGIC_C 217 0.490205818 -0.404798865 0.0250140192 -3.37890406e-08 4.80634332e-08 1
LGIC_C 218 -0.248115517 0.385174388 0.0250140051 1.31306824e-08 -4.82586643e-08 1
LGIC_C 219 -0.198224565 -0.454726841 0.025014005 3.95603082e-08 3.05989652e-08 1
LGIC_C 220 -0.737184155 -0.33912344 0.0250140187 3.68002489e-08 2.45891179e-08 1
LGIC_C 221 0.693765459 -0.45565896 0.02501402 -3.68002179e-08 2.45891393e-08 1
LGIC_C 222 -0.559650581 -0.157487283 0.0250140065 -4.96100919e-08 2.90231703e-08 -1
LGIC_C 223 0.252139425 0.392747592 0.0250140086 -4.80634192e-08 -3.37890445e-08 1
LGIC_C 224 -0.37597328 0.0647750083 0.025014 4.96100851e-08 2.90231542e-08 1
LGIC_C 225 0.199361463 -0.648590123 0.0250140131 -8.63454093e-09 4.34088369e-08 1
LGIC_C 226 0.381163723 -0.225138267 0.0250140028 -3.68002179e-08 2.45891393e-08 1
LGIC_C 227 -0.160506751 0.495245514 0.0250140061 8.63455111e-09 -4.34088279e-08 1
LGIC_C 228 0.259596977 -0.332594516 0.0250140027 -1.31306721e-08 4.82586744e-08 1
LGIC_C 229 -0.526019054 -0.0910086175 0.0250140069 4.34088238e-08 8.63459484e-09 1
LGIC_C 230 -0.671002197 -0.206422272 0.0250140068 -4.34088282e-08 2.70157287e-08 -1
LGIC_C 231 0.534145461 0.264835212 0.025014014 3.37890593e-08 4.80634111e-08 -1
LGIC_C 232 -0.277152873 0.77503466 0.0250140193 8.63455111e-09 -4.34088279e-08 1
LGIC_C 233 0.313209534 0.255667502 0.0250140017 -4.82586616e-08 -1.31306776e-08 1
LGIC_C 234 -0.0799260311 -0.447658883 0.0250140034 8.63456455e-09 4.34088336e-08 1
LGIC_C 235 0.290306684 0.465439727 0.025014011 -2.81018716e-08 -4.20573923e-08 1
LGIC_C 236 0.306539461 -0.0274018109 0.0250139972 -4.34088182e-08 2.48392526e-08 1
LGIC_C 237 0.6686261 -0.024984461 0.0250140172 -4.96100802e-08 3.14742968e-08 1
LGIC_C 238 -0.161990934 0.00985529152 0.0250139921 5.7878425e-08 4.89846948e-08 1
LGIC_C 239 0.498427384 -0.292955003 0.0250140124 -4.20573976e-08 2.81018683e-08 1
LGIC_C 240 0.103235479 -0.166172964 0.0250139941 -1.28239349e-08 5.73353226e-08 1
LGIC_C 241 -0.0972556079 0.227204175 0.0250139956 2.8101852e-08 -4.20574041e-08 1
LGIC_C 242 0.62172872 -0.334493843 0.0250140203 -3.37890406e-08 4.80634332e-08 1
LGIC_C 243 -0.634040681 0.225052503 0.0250140169 4.96100897e-08 -9.86805572e-09 1
LGIC_C 244 0.559240764 -0.165401377 0.0250140175 -5.78784275e-08 1.15127558e-08 1
LGIC_C 245 -0.494766735 -0.447455812 0.0250140153 1.45571809e-08 5.5602105e-08 1
LGIC_C 246 0.395494033 0.43985382 0.0250140092 -2.45891309e-08 -3.68002211e-08 1
LGIC_C 247 -0.505267099 0.619207334 0.0250140185 2.45891128e-08 -3.68002333e-08 1
LGIC_C 248 0.102221123 -0.102354518 0.0250139895 -2.45891087e-08 3.68002429e-08 1
LGIC_C 249 0.494950057 -0.000533749321 0.0250140078 -4.96100802e-08 3.14742968e-08 1
LGIC_C 250 0.220590597 0.519144489 0.0250140114 -4.80634192e-08 -3.37890445e-08 1
LGIC_C 251 0.0491229862 0.66642967 0.025014016 -6.33660387e-09 4.96100877e-08 -1
LGIC_C 252 0.12994102 0.584371162 0.0250140163 -3.14742949e-08 -4.96100822e-08 1
LGIC_C 253 0.491481169 0.335815771 0.0250140114 -4.82586616e-08 -1.31306776e-08 1
LGIC_C 254 -0.460839156 0.282620211 0.0250140124 3.37890593e-08 -4.80634052e-08 1
LGIC_C 255 -0.774794448 -0.0774935449 0.0250140148 -4.34088282e-08 2.70157287e-08 -1
LGIC_C 256 -0.310875404 0.528463992 0.0250140104 2.45891128e-08 -3.68002333e-08 1
LGIC_C 257 0.280085319 0.292271088 0.0250140009 -2.45891309e-08 -3.68002211e-08 1
LGIC_C 258 -0.278466312 0.554841703 0.0250140105 2.45891128e-08 -3.68002333e-08 1
LGIC_C 259 0.245905035 -0.326349937 0.0250140073 -3.27854948e-08 4.90669785e-08 1
LGIC_C 260 -0.0131898335 -0.60264102 0.0250140133 9.8680833e-09 4.96100963e-08 1
LGIC_C 261 0.0915889669 0.603670895 0.0250140103 -8.63455884e-09 -4.34088253e-08 1
LGIC_C 262 -0.33625793 0.333201133 0.0250140068 4.20574045e-08 -2.81018523e-08 1
LGIC_C 263 -0.681230388 -0.265482821 0.0250140057 -4.34088282e-08 2.70157287e-08 -1
LGIC_C 264 0.468862394 -0.327972778 0.0250140085 -3.68002179e-08 2.45891393e-08 1
LGIC_C 265 0.219060754 0.0248813288 0.0250139943 -4.96100911e-08 -9.86803575e-09 1
LGIC_C 266 -0.141132094 -0.325095108 0.0250139988 3.95603082e-08 3.05989652e-08 1
LGIC_C 267 -0.274466331 -0.244776815 0.0250140008 1.45571809e-08 5.5602105e-08 1
LGIC_C 268 -0.0672490478 -0.506899095 0.0250140064 -2.90231482e-08 4.96101036e-08 1
LGIC_C 269 -0.0603548552 0.665175535 0.0250140159 -6.33661298e-09 -4.96100859e-08 1
LGIC_C 270 -0.083640813 -0.107421121 0.0250139903 7.55636799e-08 6.2887973e-09 1
LGIC_C 271 -0.499679427 -0.415809334 0.0250140119 3.68002489e-08 2.45891179e-08 1
LGIC_C 272 -0.419982984 0.29011916 0.0250140073 -4.82586679e-08 1.31306769e-08 -1
LGIC_C 273 0.746809201 -0.186877414 0.0250140203 -4.34088182e-08 2.48392526e-08 1
LGIC_C 274 -0.370093942 0.37227209 0.0250140061 2.45891128e-08 -3.68002333e-08 1
LGIC_C 275 0.0395295378 -0.563596043 0.0250140109 6.33663526e-09 4.9610097e-08 1
LGIC_C 276 -0.151798609 -0.518497673 0.0250140045 -2.90231482e-08 4.96101036e-08 1
LGIC_C 277 0.667654428 -0.100302735 0.0250140195 -4.96100802e-08 3.14742968e-08 1
LGIC_C 278 0.290007376 0.247576722 0.025014 -3.68002282e-08 -2.45891172e-08 1
LGIC_C 279 0.0490704647 -0.0894727648 0.0250139877 -2.45891087e-08 3.68002429e-08 1
LGIC_C 280 -0.296868952 -0.130945174 0.0250139948 1.45571809e-08 5.5602105e-08 1
LGIC_C 281 0.364346696 0.57269179 0.0250140201 -4.80634192e-08 -3.37890445e-08 1
LGIC_C 282 -0.250181262 -0.437257422 0.0250140065 3.95603082e-08 3.05989652e-08 1
LGIC_C 283 -0.24512305 -0.480669999 0.0250140048 7.55636799e-08 6.2887973e-09 1
LGIC_C 284 0.217761505 -0.799272908 0.0250140198 -8.63454093e-09 4.34088369e-08 1
LGIC_C 285 -0.271353309 0.489992914 0.0250140162 3.27854968e-08 -4.90669676e-08 1
LGIC_C 286 -0.513158503 0.0166479122 0.0250140082 4.96100851e-08 2.90231542e-08 1
LGIC_C 287 -0.0776221992 -0.145737145 0.0250139905 2.45891453e-08 3.68002268e-08 1
LGIC_C 288 0.0185143108 -0.316332422 0.0250139988 6.33663526e-09 4.9610097e-08 1
LGIC_C 289 0.0313769048 0.0238519597 0.025013985 -3.68002282e-08 -2.45891172e-08 1
LGIC_C 290 -0.36237099 -0.508795108 0.0250140148 2.81018674e-08 4.20574117e-08 1
LGIC_C 291 -0.505056293 0.460819175 0.0250140132 3.68002297e-08 -2.45891157e-08 1
LGIC_C 292 0.451471259 0.453350295 0.025014015 -2.81018716e-08 -4.20573923e-08 1
LGIC_C 293 -0.658746209 -0.0478066814 0.0250140146 -4.96100919e-08 2.90231703e-08 -1
LGIC_C 294 0.0705759706 -0.195782416 0.0250139954 -1.15127059e-08 5.78784511e-08 1
LGIC_C 295 -0.158581339 0.132558833 0.0250139943 6.28881943e-09 -7.55636452e-08 1
LGIC_C 296 0.49304594 0.271947134 0.0250140116 -4.20574004e-08 -2.81018564e-08 1
LGIC_C 297 0.00977612912 0.364099914 0.0250139991 -8.63455884e-09 -4.34088253e-08 1
LGIC_C 298 0.0786229279 -0.503134197 0.025014009 -9.86804037e-09 4.96101e-08 1
LGIC_C 299 -0.114045949 -0.291609839 0.0250139988 9.8680833e-09 4.96100963e-08 1
LGIC_C 300 0.421061123 -0.0545510931 0.0250140029 -4.34088182e-08 2.48392526e-08 1
LGIC_C 301 0.118467506 0.373531023 0.0250140005 -8.63455884e-09 -4.34088253e-08 1
LGIC_C 302 0.398361949 0.326654227 0.0250140092 -4.20574004e-08 -2.81018564e-08 1
LGIC_C 303 -0.0564483457 0.374563366 0.0250140024 9.86805557e-09 -4.96100883e-08 1
LGIC_C 304 -0.124655172 0.383301496 0.0250140015 -6.33661298e-09 -4.96100859e-08 1
LGIC_C 305 -0.433697226 0.230890463 0.0250140049 3.68002297e-08 -2.45891157e-08 1
LGIC_C 306 0.15987288 0.0919832341 0.0250139931 3.37890593e-08 4.80634111e-08 -1
LGIC_C 307 -0.402754879 0.274276945 0.0250140063 -4.82586679e-08 1.31306769e-08 -1
LGIC_C 308 0.647221335 -0.245662019 0.0250140134 -4.34088226e-08 8.63456802e-09 1
LGIC_C 309 0.129273299 0.122292449 0.025013991 -3.68002282e-08 -2.45891172e-08 1
LGIC_C 310 0.0955369665 0.801075603 0.0250140189 -8.63455884e-09 -4.34088253e-08 1
LGIC_C 311 0.578577871 0.596964699 0.0250140194 -2.45891309e-08 -3.68002211e-08 1
LGIC_C 312 0.308274665 0.207584041 0.025014002 -4.20574004e-08 -2.81018564e-08 1
LGIC_C 313 0.686219218 0.351949756 0.0250140172 -3.68002282e-08 -2.45891172e-08 1
LGIC_C 314 -0.260392116 0.491565347 0.0250140078 2.45891128e-08 -3.68002333e-08 1
LGIC_C 315 -0.0969613351 0.0104638032 0.0250139882 4.96100897e-08 -9.86805572e-09 1
LGIC_C 316 -0.220406435 -0.205419174 0.0250140001 6.28883752e-09 7.55636663e-08 1
LGIC_C 317 -0.41723404 -0.194672047 0.0250140034 3.68002489e-08 2.45891179e-08 1
LGIC_C 318 -0.222597205 -0.33994456 0.0250140006 -5.56021111e-08 -1.45571543e-08 -1
LGIC_C 319 -0.48990656 -0.0650982299 0.0250140028 -4.34088282e-08 2.70157287e-08 -1
LGIC_C 320 0.429570656 0.570124218 0.0250140193 -2.81018716e-08 -4.20573923e-08 1
LGIC_C 321 0.598200731 -0.277795901 0.0250140168 -3.37890406e-08 4.80634332e-08 1
LGIC_C 322 0.529915665 0.232159975 0.0250140119 -4.82586616e-08 -1.31306776e-08 1
LGIC_C 323 -0.311725496 -0.664483017 0.02501402 2.81018674e-08 4.20574117e-08 1
LGIC_C 324 0.0385462953 0.68003664 0.0250140168 -6.33660387e-09 4.96100877e-08 -1
LGIC_C 325 0.46638074 0.647872014 0.0250140186 -2.45891309e-08 -3.68002211e-08 1
LGIC_C 326 0.189524844 0.651542363 0.0250140144 -6.33660387e-09 4.96100877e-08 -1
LGIC_C 327 -0.301182616 -0.0159923986 0.0250139978 -4.96100919e-08 2.90231703e-08 -1
LGIC_C 328 -0.401015915 0.00212689615 0.0250140007 4.34088279e-08 -2.48392273e-08 1
LGIC_C 329 0.600032715 -0.210290763 0.0250140151 -4.96100859e-08 9.86807898e-09 1
LGIC_C 330 0.374209657 -0.0768847877 0.0250140042 -4.96100802e-08 3.14742968e-08 1
LGIC_C 331 0.232600408 -0.0759981262 0.0250139952 -4.34088182e-08 2.48392526e-08 1
LGIC_C 332 -0.0312416782 -0.358857913 0.0250140013 9.8680833e-09 4.96100963e-08 1
LGIC_C 333 0.439646057 0.183678455 0.0250140039 -3.68002282e-08 -2.45891172e-08 1
LGIC_C 334 0.239552813 0.810571372 0.0221858742 0.194186548 0.976240951 0.0961519121
LGIC_C 335 0.157354614 0.596400896 0.0250140119 -6.33660387e-09 4.96100877e-08 -1
LGIC_C 336 -0.74595718 0.00848251043 0.0250140159 4.34088279e-08 -2.48392273e-08 1
LGIC_C 337 -0.0649166326 -0.0143156653 0.0250139861 -4.96100919e-08 2.90231703e-08 -1
LGIC_C 338 -0.168340054 0.321007361 0.0250139992 2.45891128e-08 -3.68002333e-08 1
LGIC_C 339 0.163389353 -0.196869672 0.0250139949 -1.31306721e-08 4.82586744e-08 1
LGIC_C 340 -0.328935116 0.607011399 0.025014018 2.8101852e-08 -4.20574041e-08 1
LGIC_C 341 -0.0525975993 -0.72238537 0.0250140151 8.63456455e-09 4.34088336e-08 1
LGIC_C 342 -0.851257038 -0.00969376181 0.02501402 -4.34088282e-08 2.70157287e-08 -1
LGIC_C 343 0.261258527 0.473189998 0.0250140095 1.3130701e-08 4.82586573e-08 -1
LGIC_C 344 -0.126191032 0.024802164 0.0250139893 5.7878425e-08 4.89846948e-08 1
LGIC_C 345 -0.115110138 -0.141478438 0.0250139929 7.55636799e-08 6.2887973e-09 1
LGIC_C 346 0.333088691 0.311043255 0.0250140032 -3.68002282e-08 -2.45891172e-08 1
LGIC_C 347 0.475941749 -0.181502613 0.0250140086 -4.96100859e-08 9.86807898e-09 1
LGIC_C 348 -0.138648425 -0.616799299 0.0250140152 9.8680833e-09 4.96100963e-08 1
LGIC_C 349 -0.191476475 -0.5279318 0.0250140039 -2.90231482e-08 4.96101036e-08 1
LGIC_C 350 -0.234451466 0.338079738 0.0250140015 2.45891128e-08 -3.68002333e-08 1
LGIC_C 351 -0.115145866 0.0853674406 0.0250139913 3.37890593e-08 -4.80634052e-08 1
LGIC_C 352 -0.181485828 -0.320175648 0.0250140002 3.95603082e-08 3.05989652e-08 1
LGIC_C 353 -0.334987719 0.163559903 0.025014002 4.20574045e-08 -2.81018523e-08 1
LGIC_C 354 0.133925537 0.213710872 0.025013996 -2.81018716e-08 -4.20573923e-08 1
LGIC_C 355 0.101161572 -0.547577021 0.0250140139 1.00935263e-08 5.7878447e-08 1
LGIC_C 356 0.115755146 0.697036759 0.0250140145 -8.63455884e-09 -4.34088253e-08 1
LGIC_C 357 0.767417763 0.147328615 0.0250140204 -4.96100869e-08 6.3366408e-09 1
LGIC_C 358 0.0555920806 -0.0226869235 0.0250139862 -4.96100859e-08 9.86807898e-09 1
LGIC_C 359 -0.252542408 0.200565622 0.025014 6.28881943e-09 -7.55636452e-08 1
LGIC_C 360 -0.493103085 0.444572481 0.0250140123 3.68002297e-08 -2.45891157e-08 1
LGIC_C 361 0.583169266 -0.159511567 0.0250140137 -4.96100859e-08 9.86807898e-09 1
LGIC_C 362 -0.437072831 -0.0856899156 0.0250140025 -4.96100919e-08 2.90231703e-08 -1
LGIC_C 363 -0.360623992 0.467201726 0.0250140106 1.31306824e-08 -4.82586643e-08 1
LGIC_C 364 0.0794215938 0.15601491 0.0250139935 -3.27855134e-08 -4.90669575e-08 1
LGIC_C 365 0.593260752 -0.322860436 0.0250140173 -4.20573976e-08 2.81018683e-08 1
LGIC_C 366 -0.317180552 -0.704360023 0.0250140174 3.95603082e-08 3.05989652e-08 1
LGIC_C 367 0.408997181 -0.153842649 0.0250140048 -4.34088182e-08 2.48392526e-08 1
LGIC_C 368 -0.107037935 -0.283702174 0.0250139982 2.48392553e-08 4.34088306e-08 1
LGIC_C 369 -0.10375123 -0.600518457 0.02501401 -2.90231482e-08 4.96101036e-08 1
LGIC_C 370 -0.38752502 -0.548393275 0.025014013 2.45891453e-08 3.68002268e-08 1
LGIC_C 371 0.204027586 0.0778090856 0.0250139928 -4.34088272e-08 -8.63453573e-09 1
LGIC_C 372 -0.0780822227 0.443869458 0.0250140032 8.63455111e-09 -4.34088279e-08 1
LGIC_C 373 -0.590435769 0.552890221 0.0250140186 3.68002297e-08 -2.45891157e-08 1
LGIC_C 374 0.0750287473 -0.206270136 0.025013993 6.33663526e-09 4.9610097e-08 1
LGIC_C 375 0.15319281 -0.643901907 0.025014019 1.00935263e-08 5.7878447e-08 1
LGIC_C 376 0.40622464 0.392649395 0.0250140114 -4.20574004e-08 -2.81018564e-08 1
LGIC_C 377 0.309715849 0.145733244 0.0250139982 -3.68002282e-08 -2.45891172e-08 1
LGIC_C 378 -0.645248471 0.0986525535 0.0250140124 4.96100851e-08 2.90231542e-08 1
LGIC_C 379 -0.0123048541 -0.489632115 0.0250140076 9.8680833e-09 4.96100963e-08 1
LGIC_C 380 0.0826912235 0.629761849 0.0250140153 -9.86806672e-09 -4.96100854e-08 1
LGIC_C 381 0.0100837296 0.628328928 0.0250140145 -9.86806672e-09 -4.96100854e-08 1
LGIC_C 382 0.580582081 -0.269610739 0.0250140158 -3.37890406e-08 4.80634332e-08 1
LGIC_C 383 0.353423666 -0.499243911 0.0250140193 -3.27854948e-08 4.90669785e-08 1
LGIC_C 384 -0.446414109 -0.390183667 0.0250140155 6.28883752e-09 7.55636663e-08 1
LGIC_C 385 0.625658194 0.0602976415 0.0250140201 -5.78784335e-08 -1.15127284e-08 1
LGIC_C 386 0.524283107 -0.474798613 0.0250140142 -3.68002179e-08 2.45891393e-08 1
LGIC_C 387 0.534943414 -0.240933919 0.0250140129 -3.37890406e-08 4.80634332e-08 1
LGIC_C 388 -0.0142018073 0.456567379 0.0250140064 -3.14742797e-08 4.96100914e-08 -1
LGIC_C 389 0.375071193 -0.367951834 0.0250140093 -4.20573976e-08 2.81018683e-08 1
LGIC_C 390 0.541287648 0.02246125 0.0250140099 -4.96100869e-08 6.3366408e-09 1
LGIC_C 391 -0.212646744 0.0936327753 0.025013995 3.37890593e-08 -4.80634052e-08 1
LGIC_C 392 -0.190558749 -0.568677308 0.0250140059 -2.90231482e-08 4.96101036e-08 1
LGIC_C 393 -0.00151407722 -0.318874018 0.0250139971 8.63456455e-09 4.34088336e-08 1
LGIC_C 394 0.426369587 0.676022763 0.0250140186 -2.45891309e-08 -3.68002211e-08 1
LGIC_C 395 0.343921963 0.437884476 0.0250140089 1.3130701e-08 4.82586573e-08 -1
LGIC_C 396 0.276877469 0.41141311 0.0250140068 1.3130701e-08 4.82586573e-08 -1
LGIC_C 397 -0.665794847 0.236623323 0.0250140142 4.34088259e-08 -8.63455061e-09 1
LGIC_C 398 -0.582609326 0.249692675 0.025014015 3.37890593e-08 -4.80634052e-08 1
LGIC_C 399 0.601499894 -0.161036487 0.0250140181 -4.96100802e-08 3.14742968e-08 1
