VGCC_O 3 0.0772568984 -0.00428239309 0.046693036 -1.41802159e-06 2.82063681e-07 -1
VGCC_O 9 0.0953603447 -0.018533153 0.0466930096 -1.14792244e-06 -1.24564753e-07 -1
VGCC_O 8 -0.134706799 0.0161271258 0.0466933331 -1.62059677e-06 3.22356891e-07 -1
CaBS 10 0.0969922934 -0.0153991479 0.0565820966 -0.751399618 0.322919164 -0.575431861
CaBS 11 0.102078352 -0.0373298595 0.0706397478 -0.735818491 -0.677177075 0.00153536998
CaBS 12 0.109891262 -0.00557401926 0.0612131698 0.321328636 0.750213906 -0.577864173
CaBS 13 0.0976882416 -0.0197111021 0.0834620198 -0.329239867 -0.132369096 0.934922207
CaBS 14 0.0952267159 -0.0171079468 0.0815212704 -0.748611723 0.322508223 0.579283121
CaBS 15 0.10362561 -0.0268665032 0.0549173919 -0.333750671 -0.131704002 -0.933415527
CaBS 16 0.0913670445 -0.0257091812 0.0626147195 -0.735818491 -0.677177075 0.00153536998
CaBS 17 0.110232648 -0.00797758623 0.0812004166 0.324116486 0.74980293 0.576839726
CaBS 18 0.091906811 -0.0262812767 0.0689716524 -0.735818491 -0.677177075 0.00153536998
CaBS 19 0.0955367003 -0.00843393215 0.0770927223 -0.748611723 0.322508223 0.579283121
CaBS 20 0.122462509 -0.0167488891 0.0631260157 0.999896301 0.01419805 -0.0024089266
CaBS 21 0.0978697158 -0.00659631193 0.0761554732 -0.344822968 0.867728907 0.357971598
CaBS 22 0.12252763 -0.0210070036 0.0650595755 0.999896301 0.01419805 -0.0024089266
CaBS 23 0.116314468 -0.0268587967 0.0593308121 0.748611785 -0.322508546 -0.579282861
CaBS 24 0.0908014707 -0.0241667065 0.072630985 -0.999896295 -0.0141984568 0.00240892729
CaBS 25 -0.0882883015 0.0182933484 0.0784047272 0.735818381 0.677177195 -0.00153536913
CaBS 26 -0.104982097 0.0217903257 0.0550815269 0.3213287 0.750213891 -0.577864158
CaBS 27 -0.101658037 0.0287767335 0.0732187083 -0.344822968 0.867728888 0.357971643
CaBS 28 -0.099054845 0.0217358236 0.0583066929 0.3213287 0.750213891 -0.577864158
CaBS 29 -0.091585059 0.008723473 0.0805483503 0.75139969 -0.322919491 0.575431584
CaBS 31 -0.112496169 -0.00236312414 0.0689051373 -0.735818461 -0.677177107 0.0015353549
CaBS 34 -0.105099902 0.0252906481 0.0783535929 -0.344822968 0.867728888 0.357971643
CaBS 36 -0.118135674 0.0166319061 0.0750939079 -0.748611709 0.322508237 0.579283131
CaBS 37 -0.0944627831 0.024990995 0.0733222786 0.735818381 0.677177195 -0.00153536913
CaBS 38 -0.0875274246 0.012885191 0.0651450473 0.999896301 0.0141980506 -0.0024089266
CaBS 39 -0.0930702057 -0.00174192785 0.0727590554 0.346545964 -0.867983059 0.355684276
Ca 8 -0.222078135 -0.190797798 0.327977505 0 0 0
Ca 4 0.461691522 0.405460742 0.0546063691 0 0 0
Ca 8 0.372445472 0.233229467 0.564372177 0 0 0
Ca 8 0.0194022898 -0.00236190948 1.03934862 0 0 0
Ca 7 0.377336298 0.343253812 0.380482441 0 0 0
Ca 1 -0.498555665 0.59518083 0.296479596 0 0 0
Ca 1 0.173951912 0.0279322892 0.783038816 0 0 0
Ca 8 -0.489147018 -0.268890057 0.655059818 0 0 0
Ca 8 -0.602081312 -0.383635891 0.165842578 0 0 0
Ca 7 0.0856609538 -0.0566665252 0.144772243 0 0 0
Ca 8 -0.289123698 0.0416289513 0.574543765 0 0 0
Ca 4 -0.331566209 0.30158892 0.465570557 0 0 0
Ca 6 0.606211844 0.135486149 0.222341383 0 0 0
Ca 1 -0.0054762431 0.622701049 0.304843347 0 0 0
Ca 4 -0.248588888 -0.507899396 0.333364691 0 0 0
Ca 4 0.284608115 0.504998337 0.343446333 0 0 0
Ca 4 -0.316073501 -0.257774541 0.621549234 0 0 0
Ca 8 0.510645139 0.266840702 0.655165746 0 0 0
Ca 6 0.031577556 0.429351716 0.0917013116 0 0 0
Ca 8 -0.446632114 0.231281572 0.466591381 0 0 0
Ca 1 0.383866822 0.182359361 0.38042874 0 0 0
CaBS_Ca 46 -0.114157061 -0.000561496003 0.0675413357 -0.735818461 -0.677177107 0.0015353549
Ca 1 0.418397847 0.654200592 0.308695791 0 0 0
Ca 1 0.291293941 0.141658886 0.497606997 0 0 0
Ca 1 -0.0827404583 0.0570310178 0.656671192 0 0 0
Ca 8 0.582813131 0.158002837 0.240272579 0 0 0
Ca 1 0.216865883 -0.299892624 0.42666872 0 0 0
Ca 6 -0.515581196 0.331943291 0.0755291687 0 0 0
Ca 7 -0.503039607 0.444516501 0.64350272 0 0 0
Ca 8 -0.439865041 -0.14148806 0.595729673 0 0 0
Ca 6 0.136964509 0.210424489 0.667785845 0 0 0
Ca 1 0.0120920695 0.406061686 0.568127787 0 0 0
Ca 1 -0.197148085 -0.536462319 0.297814941 0 0 0
Ca 3 -0.40786895 -0.19611039 0.175608104 0 0 0
Ca 7 0.121670999 0.116549575 0.206844005 0 0 0
Ca 4 0.105085456 0.0654957772 0.282541134 0 0 0
Ca 4 -0.238690128 -0.491231019 0.276584624 0 0 0
Ca 8 0.0793575658 -0.0615417254 0.184568201 0 0 0
Ca 8 -0.146600052 0.0304877315 0.195573021 0 0 0
Ca 6 -0.301229655 -0.0167903501 0.71759438 0 0 0
Ca 6 -0.409597689 -0.0120176294 0.171665781 0 0 0
Ca 8 -0.106256377 -0.499327863 0.29982392 0 0 0
Ca 8 0.179493443 -0.123386203 0.317674701 0 0 0
Ca 6 -0.510426528 -0.131781889 0.356592427 0 0 0
Ca 1 -0.643394336 2.02744421e-05 0.341225684 0 0 0
Ca 6 0.298422677 0.0921226668 0.217720278 0 0 0
Ca 8 -0.226188075 0.657825784 0.437586134 0 0 0
Ca 1 -0.416604437 0.385833757 0.374011251 0 0 0
Ca 2 0.386608632 0.15889091 0.498551551 0 0 0
Ca 6 -0.394075306 0.320630622 0.114679738 0 0 0
Ca 1 -0.369812877 -0.14755238 0.644065014 0 0 0
Ca 7 0.155286375 0.0441116122 0.316591365 0 0 0
Ca 1 0.325337534 -0.12507261 0.354710373 0 0 0
Ca 7 -0.495249341 -0.0210020812 0.303942467 0 0 0
Ca 7 0.091122645 0.0220566811 0.204011147 0 0 0
Ca 7 -0.473769042 -0.25692985 0.336698081 0 0 0
Ca 1 -0.49688522 0.237388492 0.106261109 0 0 0
Ca 1 0.114423436 -0.136699915 0.56000993 0 0 0
Ca 8 -0.0240617054 0.218454898 0.235297137 0 0 0
Ca 4 -0.334299698 0.027734434 0.23060668 0 0 0
Ca 4 0.102251913 0.549620377 0.2320996 0 0 0
Ca 7 -0.573394777 0.292633714 0.410712609 0 0 0
Ca 8 -0.207381676 -0.2059035 0.181154137 0 0 0
Ca 8 0.165694373 -0.0648514982 0.203528793 0 0 0
Ca 4 -0.212184268 0.0269097366 0.203673625 0 0 0
Ca 1 -0.195402336 0.163067299 0.119592183 0 0 0
Ca 6 -0.189667986 -0.0146065675 0.257032586 0 0 0
Ca 1 -0.299138966 0.150392982 0.234682776 0 0 0
Ca 1 -0.130197861 0.130352748 0.277238305 0 0 0
Ca 4 -0.0259183451 0.425170228 0.474632776 0 0 0
Ca 1 -0.0591209821 -0.0471147894 0.164936327 0 0 0
Ca 6 -0.0482153981 0.0311293856 0.178897179 0 0 0
Ca 4 0.143116889 0.195212478 0.31450831 0 0 0
Ca 1 0.16373798 0.121067461 0.0912436259 0 0 0
Ca 8 -0.00288260841 -0.464431533 0.0883761134 0 0 0
Ca 6 -0.02511554 0.0471141608 0.0671140141 0 0 0
Ca 1 -0.0400748496 0.083339243 0.100812639 0 0 0
Ca 6 -0.306897643 0.067426642 0.344437342 0 0 0
Ca 1 -0.0817338843 0.150203405 0.229237964 0 0 0
Ca 1 -0.0825082767 -0.0347691748 0.203247141 0 0 0
Ca 1 0.0591766804 0.0251309166 0.196537365 0 0 0
Ca 7 -0.26292142 -0.0360775205 0.221456579 0 0 0
Ca 8 -0.237582132 0.270848113 0.232248056 0 0 0
Ca 8 -0.196808062 0.107191383 0.0536226776 0 0 0
Ca 6 -0.00858238705 -0.0600785276 0.154822385 0 0 0
Ca 7 -0.0726467311 0.0319365765 0.0559684281 0 0 0
Ca 1 0.0428239873 0.0937887678 0.277466053 0 0 0
Ca 7 -0.0933923509 -0.200423964 0.199918658 0 0 0
Ca 1 -0.134794619 0.0365448268 0.0973559007 0 0 0
Ca 6 -0.0156895978 0.0532063925 0.123819443 0 0 0
Ca 4 -0.244090197 0.100860892 0.0729918633 0 0 0
Ca 7 -0.187049343 0.0431489755 0.143745686 0 0 0
Ca 7 -0.221855639 0.000646622702 0.141190928 0 0 0
Ca 6 -0.0840588556 0.0465682549 0.0686833512 0 0 0
Ca 1 -0.00281646459 -0.0161518295 0.121669302 0 0 0
Ca 4 -0.141862105 0.0310431376 0.0715300125 0 0 0
Ca 4 -0.0796743001 -0.0542696052 0.0496353354 0 0 0
Ca 8 -0.115857493 0.0462461998 0.0466655325 0 0 0
Ca 7 -0.220933694 0.0128790205 0.0504873349 0 0 0
Ca 1 -0.12708854 0.0189439716 0.046692286 0 0 0
VGCC_O 5 0.113746944 -0.0200409323 0.0466929896 -1.01287282e-06 -1.51427976e-07 -1
VGCC_O 6 -0.12622171 0.0241576588 0.046693322 -1.62059677e-06 3.22356891e-07 -1
VGCC_O 4 -0.108229728 0.00324736392 0.0466932869 -8.10297798e-07 1.61178104e-07 -1
VGCC_O 1 -0.126159285 0.0151063295 0.0466933189 -1.62059625e-06 3.22356338e-07 -1
VGCC_O 2 0.119933892 -0.04777957 0.0466929781 -1.41802115e-06 2.82063236e-07 -1
VGCC_O 0 0.11238887 -0.0311459409 0.0466929927 -1.01287282e-06 -1.51427976e-07 -1
VGCC_O 7 -0.137449801 0.00579357966 0.0466933342 -1.62059625e-06 3.22356338e-07 -1
TAG 41 -0.105784995 0.0105052503 0.0536665039 -0.333750681 -0.131703993 -0.933415524
TAG 45 -0.113699624 0.0170707545 0.0588716642 -0.751399624 0.322919173 -0.575431849
TAG 44 -0.11923843 0.00668793202 0.0611035411 -0.999896295 -0.0141984574 0.00240892698
LGIC_C 0 0.50472182 0.218758451 0.0250140108 3.37890593e-08 4.80634111e-08 -1
LGIC_C 1 -0.378325284 0.0403202194 0.025014 4.34088259e-08 -8.63455061e-09 1
LGIC_C 2 -0.5774495 0.104578524 0.0250140129 4.96100897e-08 -9.86805572e-09 1
LGIC_C 3 0.254878967 -0.640299108 0.0250140175 -9.86804037e-09 4.96101e-08 1
LGIC_C 4 -0.42547052 -0.232145262 0.0250140034 6.28883752e-09 7.55636663e-08 1
LGIC_C 5 0.0305167904 -0.524826999 0.0250140133 1.00935263e-08 5.7878447e-08 1
LGIC_C 6 -0.316583327 0.492472489 0.0250140156 1.28239438e-08 -5.73353116e-08 1
LGIC_C 7 -0.71333192 0.416292641 0.0250140198 3.68002297e-08 -2.45891157e-08 1
LGIC_C 8 -0.17180949 0.274801471 0.0250139976 2.45891128e-08 -3.68002333e-08 1
LGIC_C 9 -0.445500894 -0.271588201 0.0250140066 6.28883752e-09 7.55636663e-08 1
LGIC_C 10 -0.41368941 -0.612934523 0.0250140184 3.95603082e-08 3.05989652e-08 1
LGIC_C 11 0.153402776 0.558560004 0.02501401 -6.33660387e-09 4.96100877e-08 -1
LGIC_C 12 0.398753602 0.185126199 0.0250140089 -4.90669739e-08 -3.27854893e-08 1
LGIC_C 13 0.724084257 -0.109085066 0.0250140202 -4.96100859e-08 9.86807898e-09 1
LGIC_C 14 0.667245866 0.250134618 0.0250140147 -4.96100869e-08 6.3366408e-09 1
LGIC_C 15 -0.479666145 -0.342604436 0.025014008 5.39043203e-09 6.47688584e-08 1
LGIC_C 16 0.62228974 -0.169085761 0.0250140158 -4.96100859e-08 9.86807898e-09 1
LGIC_C 17 -0.54544914 0.355046467 0.0250140143 -4.82586679e-08 1.31306769e-08 -1
LGIC_C 18 0.300781578 -0.473723082 0.0250140116 -2.81018481e-08 4.20574137e-08 1
LGIC_C 19 -0.338967848 0.286099101 0.0250140085 3.37890593e-08 -4.80634052e-08 1
LGIC_C 20 0.0919385377 -0.409382711 0.025014008 -1.15127059e-08 5.78784511e-08 1
LGIC_C 21 -0.00249511688 -0.146619412 0.0250139904 -2.90231482e-08 4.96101036e-08 1
LGIC_C 22 0.121100712 0.608996083 0.0250140147 -9.86806672e-09 -4.96100854e-08 1
LGIC_C 23 -0.447081245 0.416647407 0.02501401 3.68002297e-08 -2.45891157e-08 1
LGIC_C 24 0.136491042 0.443550064 0.0250140066 -9.86806672e-09 -4.96100854e-08 1
LGIC_C 25 0.376229128 -0.00355665079 0.0250139996 -4.34088226e-08 8.63456802e-09 1
LGIC_C 26 -0.0488891042 0.273655014 0.0250139997 1.15127271e-08 -5.78784352e-08 1
LGIC_C 27 -0.242195848 0.517463556 0.0250140166 3.27854968e-08 -4.90669676e-08 1
LGIC_C 28 0.693069948 0.110199259 0.0250140143 -4.34088272e-08 -8.63453573e-09 1
LGIC_C 29 -0.622858236 -0.101403591 0.0250140144 5.7878436e-08 -4.89847332e-08 1
LGIC_C 30 0.66245812 0.138989225 0.0250140152 -4.96100869e-08 6.3366408e-09 1
LGIC_C 31 -0.408194954 -0.422666149 0.0250140121 -5.56021111e-08 -1.45571543e-08 -1
LGIC_C 32 0.0895674964 0.104599688 0.0250139902 -2.81018716e-08 -4.20573923e-08 1
LGIC_C 33 -0.0299483023 0.62813635 0.0250140108 8.63455111e-09 -4.34088279e-08 1
LGIC_C 34 0.270026546 -0.505082266 0.0250140169 -3.27854948e-08 4.90669785e-08 1
LGIC_C 35 -0.182854297 -0.513535207 0.0250140034 -2.90231482e-08 4.96101036e-08 1
LGIC_C 36 0.517215023 -0.611534297 0.0250140185 -2.45891087e-08 3.68002429e-08 1
LGIC_C 37 0.119492232 0.780653598 0.0250140182 -8.63455884e-09 -4.34088253e-08 1
LGIC_C 38 0.740135718 -0.324174856 0.0250140187 -3.05989503e-08 3.95603122e-08 1
LGIC_C 39 0.699767677 0.309298409 0.0250140166 -3.68002282e-08 -2.45891172e-08 1
LGIC_C 40 -0.6804199 0.0363069034 0.0250140137 4.34088279e-08 -2.48392273e-08 1
LGIC_C 41 -0.533461557 0.593416627 0.0250140182 2.45891128e-08 -3.68002333e-08 1
LGIC_C 42 -0.26003018 -0.656590344 0.025014014 8.63456455e-09 4.34088336e-08 1
LGIC_C 43 -0.551731651 -0.508217591 0.0250140149 1.15916899e-08 4.97976879e-08 1
LGIC_C 44 0.344749419 0.550463511 0.0250140144 1.3130701e-08 4.82586573e-08 -1
LGIC_C 45 -0.0151644902 -0.278068169 0.0250139957 2.48392553e-08 4.34088306e-08 1
LGIC_C 46 -0.217727686 -0.193426187 0.0250139969 5.39043203e-09 6.47688584e-08 1
LGIC_C 47 0.497075718 -0.184101742 0.0250140141 -5.78784275e-08 1.15127558e-08 1
LGIC_C 48 -0.10254089 -0.382449632 0.0250140007 8.63456455e-09 4.34088336e-08 1
LGIC_C 49 -0.520334268 -0.178266154 0.0250140074 4.34088238e-08 8.63459484e-09 1
LGIC_C 50 0.227052818 -0.344929031 0.0250140076 -3.27854948e-08 4.90669785e-08 1
LGIC_C 51 -0.57747889 -0.00476424518 0.0250140084 4.34088238e-08 8.63459484e-09 1
LGIC_C 52 0.6443435 -0.173936807 0.0250140155 -4.34088182e-08 2.48392526e-08 1
LGIC_C 53 0.33728595 -0.0781338052 0.0250139998 -4.34088182e-08 2.48392526e-08 1
LGIC_C 54 -0.0311256615 -0.211220176 0.0250139939 -4.89847109e-08 5.78784581e-08 1
LGIC_C 55 0.405287614 0.480950026 0.0250140109 -2.45891309e-08 -3.68002211e-08 1
LGIC_C 56 -0.11591958 -0.210399486 0.0250139928 -5.56021111e-08 -1.45571543e-08 -1
LGIC_C 57 -0.0834439567 0.443858539 0.0250140079 -3.14742797e-08 4.96100914e-08 -1
LGIC_C 58 0.467728705 -0.0743350855 0.0250140054 -4.34088182e-08 2.48392526e-08 1
LGIC_C 59 -0.453656758 -0.210645888 0.0250140016 1.45571809e-08 5.5602105e-08 1
LGIC_C 60 0.0829917683 0.530996799 0.0250140122 -3.14742949e-08 -4.96100822e-08 1
LGIC_C 61 -0.394941822 0.326521672 0.0250140091 4.20574045e-08 -2.81018523e-08 1
LGIC_C 62 -0.0357383575 0.402816041 0.0250140044 -3.14742797e-08 4.96100914e-08 -1
LGIC_C 63 0.196524293 -0.053359377 0.0250139935 -4.96100859e-08 9.86807898e-09 1
LGIC_C 64 -0.245238632 0.00789400261 0.0250139971 5.7878425e-08 4.89846948e-08 1
LGIC_C 65 0.00988216806 0.306623996 0.0250139986 -9.86806672e-09 -4.96100854e-08 1
LGIC_C 66 -0.240136476 -0.3501145 0.025014002 2.45891453e-08 3.68002268e-08 1
LGIC_C 67 -0.461143934 0.440175664 0.0250140194 6.28881943e-09 -7.55636452e-08 1
LGIC_C 68 -0.673124824 -0.114231515 0.0250140094 -4.34088282e-08 2.70157287e-08 -1
LGIC_C 69 -0.709289207 -0.358218331 0.0250140182 3.68002489e-08 2.45891179e-08 1
LGIC_C 70 -0.0294313256 0.386464173 0.0250140003 8.63455111e-09 -4.34088279e-08 1
LGIC_C 71 0.53634453 0.0947427007 0.0250140154 -5.78784335e-08 -1.15127284e-08 1
LGIC_C 72 0.164089389 0.398529672 0.025014002 -6.33660387e-09 4.96100877e-08 -1
LGIC_C 73 -0.020463883 0.00828736854 0.0250139844 4.34088279e-08 -2.48392273e-08 1
LGIC_C 74 0.514254553 0.505380961 0.0250140147 -4.82586616e-08 -1.31306776e-08 1
LGIC_C 75 0.508960679 -0.607636997 0.0250140181 -2.45891087e-08 3.68002429e-08 1
LGIC_C 76 -0.678110982 0.0563761046 0.0250140153 4.96100851e-08 2.90231542e-08 1
LGIC_C 77 0.330537897 -0.21608762 0.0250140019 -3.05989503e-08 3.95603122e-08 1
LGIC_C 78 0.269486038 0.371890694 0.0250140103 -3.27855134e-08 -4.90669575e-08 1
LGIC_C 79 -0.581137927 -0.258087599 0.0250140028 1.15916899e-08 4.97976879e-08 1
LGIC_C 80 0.715889522 -0.0243911215 0.0250140145 -4.34088226e-08 8.63456802e-09 1
LGIC_C 81 0.0778872966 0.705552812 0.0250140178 -6.33660387e-09 4.96100877e-08 -1
LGIC_C 82 0.468512552 -0.309238323 0.0250140098 -3.05989503e-08 3.95603122e-08 1
LGIC_C 83 -0.349404963 0.24295203 0.0250140033 -4.82586679e-08 1.31306769e-08 -1
LGIC_C 84 0.226614304 0.503232884 0.0250140105 1.3130701e-08 4.82586573e-08 -1
LGIC_C 85 -0.0872339579 0.0959247042 0.0250139899 1.28239438e-08 -5.73353116e-08 1
LGIC_C 86 0.571390707 -0.322463589 0.025014018 -3.37890406e-08 4.80634332e-08 1
LGIC_C 87 -0.307074997 -0.247280912 0.0250140015 1.45571809e-08 5.5602105e-08 1
LGIC_C 88 -0.623985432 -0.530022779 0.0250140169 1.15916899e-08 4.97976879e-08 1
LGIC_C 89 0.247869396 -0.48530295 0.0250140099 -1.31306721e-08 4.82586744e-08 1
LGIC_C 90 -0.361146058 -0.316323982 0.0250140061 1.45571809e-08 5.5602105e-08 1
LGIC_C 91 0.188038263 0.763328318 0.025014018 -8.63455884e-09 -4.34088253e-08 1
LGIC_C 92 0.220493231 -0.712157608 0.0250140172 6.33663526e-09 4.9610097e-08 1
LGIC_C 93 -0.0766367259 0.577900039 0.0250140114 -6.33661298e-09 -4.96100859e-08 1
LGIC_C 94 0.149570394 -0.0497594499 0.0250139922 -4.96100802e-08 3.14742968e-08 1
LGIC_C 95 -0.3202381 -0.427100402 0.0250140073 -5.56021111e-08 -1.45571543e-08 -1
LGIC_C 96 0.33631272 -0.0103812005 0.025014 -4.96100859e-08 9.86807898e-09 1
LGIC_C 97 -0.395001777 0.0396764001 0.0250140017 4.96100851e-08 2.90231542e-08 1
LGIC_C 98 -0.345940795 -0.564926183 0.0250140142 3.95603082e-08 3.05989652e-08 1
LGIC_C 99 0.209478851 -0.0673879984 0.0250139957 -4.96100802e-08 3.14742968e-08 1
LGIC_C 100 -0.354027346 -0.503691191 0.0250140105 2.45891453e-08 3.68002268e-08 1
LGIC_C 101 -0.373708281 0.0199817726 0.025014002 4.96100897e-08 -9.86805572e-09 1
LGIC_C 102 -0.361810032 0.44003235 0.0250140131 1.28239438e-08 -5.73353116e-08 1
LGIC_C 103 -0.457571061 -0.0174238321 0.0250140027 -4.34088282e-08 2.70157287e-08 -1
LGIC_C 104 0.584473923 -0.237130802 0.0250140146 -4.96100859e-08 9.86807898e-09 1
LGIC_C 105 -0.278238532 0.102874216 0.0250139979 4.34088279e-08 -2.48392273e-08 1
LGIC_C 106 -0.305040195 0.796590127 0.0250140205 8.63455111e-09 -4.34088279e-08 1
LGIC_C 107 -0.751359259 -0.258457293 0.0250140181 4.34088238e-08 8.63459484e-09 1
LGIC_C 108 -0.064573824 -0.519764559 0.0250140074 2.48392553e-08 4.34088306e-08 1
LGIC_C 109 0.172219174 0.0768861352 0.0250139926 -4.82586616e-08 -1.31306776e-08 1
LGIC_C 110 -0.211607256 -0.694859581 0.0250140152 8.63456455e-09 4.34088336e-08 1
LGIC_C 111 -0.508684477 -0.147407711 0.0250140042 -4.96100919e-08 2.90231703e-08 -1
LGIC_C 112 0.718099946 -0.0115016151 0.0250140192 -4.96100802e-08 3.14742968e-08 1
LGIC_C 113 -0.052815161 -0.71599562 0.0250140156 2.48392553e-08 4.34088306e-08 1
LGIC_C 114 -0.339041924 0.397644256 0.0250140104 1.28239438e-08 -5.73353116e-08 1
LGIC_C 115 0.526575042 -0.361110203 0.0250140136 -3.05989503e-08 3.95603122e-08 1
LGIC_C 116 0.134607788 -0.417985317 0.0250140061 1.00935263e-08 5.7878447e-08 1
LGIC_C 117 -0.207708092 -0.0267167888 0.0250139925 4.96100935e-08 -4.19869172e-08 1
LGIC_C 118 -0.301905871 -0.329689234 0.0250140053 3.95603082e-08 3.05989652e-08 1
LGIC_C 119 0.0983429804 0.415307791 0.0250140048 -9.86806672e-09 -4.96100854e-08 1
LGIC_C 120 0.0224259219 0.516019339 0.0250140091 -9.86806672e-09 -4.96100854e-08 1
LGIC_C 121 -0.433599539 -0.39704642 0.025014008 1.15916899e-08 4.97976879e-08 1
LGIC_C 122 0.643318202 -0.351147213 0.0250140155 -3.68002179e-08 2.45891393e-08 1
LGIC_C 123 0.34908326 -0.322706743 0.0250140109 -4.90669481e-08 3.27855328e-08 1
LGIC_C 124 0.506727346 -0.429318285 0.0250140124 -3.68002179e-08 2.45891393e-08 1
LGIC_C 125 0.126876753 -0.163653079 0.0250139928 -1.31306721e-08 4.82586744e-08 1
LGIC_C 126 0.611655608 -0.363839302 0.0250140163 -3.05989503e-08 3.95603122e-08 1
LGIC_C 127 0.243885347 -0.352228108 0.0250140034 -1.31306721e-08 4.82586744e-08 1
LGIC_C 128 0.213033086 -0.335431788 0.0250140008 -2.45891087e-08 3.68002429e-08 1
LGIC_C 129 0.469562906 -0.087247225 0.0250140044 -4.34088226e-08 8.63456802e-09 1
LGIC_C 130 -0.645305302 0.202554178 0.025014013 4.34088259e-08 -8.63455061e-09 1
LGIC_C 131 0.409153669 0.272490604 0.0250140066 -4.82586616e-08 -1.31306776e-08 1
LGIC_C 132 -0.203851261 0.0655635523 0.0250139918 5.7878425e-08 4.89846948e-08 1
LGIC_C 133 -0.593183535 -0.0451306597 0.0250140094 4.34088238e-08 8.63459484e-09 1
LGIC_C 134 0.288432169 -0.645216917 0.0250140141 -2.45891087e-08 3.68002429e-08 1
LGIC_C 135 -0.277768555 -0.257166894 0.0250140044 6.28883752e-09 7.55636663e-08 1
LGIC_C 136 0.357942284 -0.273545021 0.0250140031 -3.68002179e-08 2.45891393e-08 1
LGIC_C 137 0.34832401 -0.359332235 0.0250140051 -1.31306721e-08 4.82586744e-08 1
LGIC_C 138 -0.696271253 -0.224503959 0.0250140084 4.96100935e-08 -4.19869172e-08 1
LGIC_C 139 0.126791667 -0.0114815989 0.0250139899 -4.96100802e-08 3.14742968e-08 1
LGIC_C 140 0.437263327 0.556782857 0.0250140145 -2.45891309e-08 -3.68002211e-08 1
LGIC_C 141 0.463098358 0.124569166 0.0250140044 -4.34088272e-08 -8.63453573e-09 1
LGIC_C 142 -0.497770645 -0.533609698 0.0250140193 3.95603082e-08 3.05989652e-08 1
LGIC_C 143 -0.124351597 -0.179112169 0.0250139943 2.81018674e-08 4.20574117e-08 1
LGIC_C 144 -0.448956748 -0.469681402 0.0250140151 -5.56021111e-08 -1.45571543e-08 -1
LGIC_C 145 0.214880533 0.0109006575 0.0250139938 -4.96100869e-08 6.3366408e-09 1
LGIC_C 146 0.00209533236 0.593433027 0.0250140127 -6.33660387e-09 4.96100877e-08 -1
LGIC_C 147 -0.328613974 -0.340931334 0.0250140039 2.45891453e-08 3.68002268e-08 1
LGIC_C 148 0.436050178 -0.0788673322 0.0250140094 -5.78784275e-08 1.15127558e-08 1
LGIC_C 149 0.554851985 0.518079634 0.0250140164 -3.68002282e-08 -2.45891172e-08 1
LGIC_C 150 0.4325027 0.166505226 0.0250140036 -4.96100869e-08 6.3366408e-09 1
LGIC_C 151 -0.102984617 -0.721795968 0.0250140155 8.63456455e-09 4.34088336e-08 1
LGIC_C 152 0.242632976 0.579731539 0.0250140144 1.3130701e-08 4.82586573e-08 -1
LGIC_C 153 0.174996761 -0.229410783 0.0250139986 -1.28239349e-08 5.73353226e-08 1
LGIC_C 154 0.142854624 0.534703919 0.0250140112 -9.86806672e-09 -4.96100854e-08 1
LGIC_C 155 -0.618572572 0.107622388 0.025014011 4.34088259e-08 -8.63455061e-09 1
LGIC_C 156 -0.246071219 0.0336542786 0.0250139942 4.34088259e-08 -8.63455061e-09 1
LGIC_C 157 -0.422525849 0.280037564 0.0250140071 6.28881943e-09 -7.55636452e-08 1
LGIC_C 158 0.346851367 0.176865085 0.0250140035 3.37890593e-08 4.80634111e-08 -1
LGIC_C 159 0.795418059 0.157519396 0.0250140191 -4.34088272e-08 -8.63453573e-09 1
LGIC_C 160 -0.264968217 -0.0662682837 0.025013993 -4.34088282e-08 2.70157287e-08 -1
LGIC_C 161 -0.444502034 0.0875947879 0.0250140062 4.96100897e-08 -9.86805572e-09 1
LGIC_C 162 0.469728823 0.00205881426 0.0250140066 -4.96100911e-08 -9.86803575e-09 1
LGIC_C 163 0.378371172 -0.253163612 0.0250140063 -4.20573976e-08 2.81018683e-08 1
LGIC_C 164 0.227615396 -0.597604789 0.0250140114 6.33663526e-09 4.9610097e-08 1
LGIC_C 165 -0.306643489 0.0597347534 0.0250139967 4.96100851e-08 2.90231542e-08 1
LGIC_C 166 -0.147653625 -0.662618057 0.0250140157 2.48392553e-08 4.34088306e-08 1
LGIC_C 167 -0.568780998 0.543197763 0.0250140176 3.68002297e-08 -2.45891157e-08 1
LGIC_C 168 -0.565238852 -0.250548184 0.0250140025 5.39043203e-09 6.47688584e-08 1
LGIC_C 169 0.653855888 -0.479079036 0.0250140191 -3.68002179e-08 2.45891393e-08 1
LGIC_C 170 0.558632663 -0.362351901 0.0250140195 -3.37890406e-08 4.80634332e-08 1
LGIC_C 171 -0.213700983 0.322398742 0.0250140045 1.28239438e-08 -5.73353116e-08 1
LGIC_C 172 0.335887276 0.154538131 0.025014002 3.37890593e-08 4.80634111e-08 -1
LGIC_C 173 0.684079288 0.314849884 0.0250140162 -3.68002282e-08 -2.45891172e-08 1
LGIC_C 174 -0.0717449166 -0.498730691 0.0250140067 2.48392553e-08 4.34088306e-08 1
LGIC_C 175 0.415218748 -0.295233507 0.0250140114 -3.37890406e-08 4.80634332e-08 1
LGIC_C 176 -0.593314394 -0.608613951 0.0250140202 2.45891453e-08 3.68002268e-08 1
LGIC_C 177 0.299557001 0.344631042 0.0250140062 -2.81018716e-08 -4.20573923e-08 1
LGIC_C 178 0.0775394256 -0.625531693 0.0250140138 6.33663526e-09 4.9610097e-08 1
LGIC_C 179 -0.247246835 -0.173421005 0.0250139979 6.28883752e-09 7.55636663e-08 1
LGIC_C 180 -0.157617905 0.27801828 0.0250139994 2.8101852e-08 -4.20574041e-08 1
LGIC_C 181 -0.644255625 -0.287981507 0.0250140054 5.39043203e-09 6.47688584e-08 1
LGIC_C 182 0.0781990891 -0.180991038 0.025013993 -2.81018481e-08 4.20574137e-08 1
LGIC_C 183 0.661068141 0.33677176 0.0250140196 -4.82586616e-08 -1.31306776e-08 1
LGIC_C 184 0.715839866 -0.0443427234 0.0250140154 -4.34088182e-08 2.48392526e-08 1
LGIC_C 185 0.366955684 -0.134493663 0.0250140025 -4.34088182e-08 2.48392526e-08 1
LGIC_C 186 -0.586709973 -0.324382932 0.0250140074 5.39043203e-09 6.47688584e-08 1
LGIC_C 187 0.151182932 0.116582824 0.0250139945 -4.90669739e-08 -3.27854893e-08 1
LGIC_C 188 -0.752751771 0.0896637923 0.0250140167 4.34088259e-08 -8.63455061e-09 1
LGIC_C 189 -0.557663496 0.276353644 0.0250140145 4.20574045e-08 -2.81018523e-08 1
LGIC_C 190 0.327008458 -0.751530901 0.0250140189 -2.45891087e-08 3.68002429e-08 1
LGIC_C 191 -0.415360695 -0.235299086 0.0250140007 5.39043203e-09 6.47688584e-08 1
LGIC_C 192 -0.298491961 0.0958044436 0.0250139971 4.34088259e-08 -8.63455061e-09 1
LGIC_C 193 0.293846151 0.0742183026 0.0250139985 -4.96100911e-08 -9.86803575e-09 1
LGIC_C 194 -0.677997485 0.372602845 0.0250140174 3.68002297e-08 -2.45891157e-08 1
LGIC_C 195 0.393204279 0.39371989 0.0250140109 -2.81018716e-08 -4.20573923e-08 1
LGIC_C 196 0.688584268 0.386391762 0.0250140181 -3.68002282e-08 -2.45891172e-08 1
LGIC_C 197 -0.260715698 -0.526882474 0.025014009 2.45891453e-08 3.68002268e-08 1
LGIC_C 198 0.517711502 0.0169143732 0.0250140059 -4.34088272e-08 -8.63453573e-09 1
LGIC_C 199 0.607406741 0.247599436 0.0250140118 -4.96100869e-08 6.3366408e-09 1
LGIC_C 200 0.734196491 -0.298327697 0.0250140177 -4.34088226e-08 8.63456802e-09 1
LGIC_C 201 0.247750942 0.114012875 0.0250139969 -4.20574004e-08 -2.81018564e-08 1
LGIC_C 202 -0.028772974 -0.285139017 0.0250139963 2.48392553e-08 4.34088306e-08 1
LGIC_C 203 -0.170568409 -0.0332030951 0.0250139908 -4.96100919e-08 2.90231703e-08 -1
LGIC_C 204 -0.357840857 0.55463721 0.0250140167 2.8101852e-08 -4.20574041e-08 1
LGIC_C 205 -0.101900244 0.253607145 0.0250139969 9.86805557e-09 -4.96100883e-08 1
LGIC_C 206 0.656718596 -0.385603401 0.0250140169 -3.68002179e-08 2.45891393e-08 1
LGIC_C 207 -0.147383463 -0.443458867 0.0250140017 -4.89847109e-08 5.78784581e-08 1
LGIC_C 208 -0.507851493 0.348046416 0.0250140123 -4.82586679e-08 1.31306769e-08 -1
LGIC_C 209 0.00776339543 -0.00999921638 0.025013985 7.8685202e-08 -1.1776077e-07 -1
LGIC_C 210 0.0658721672 0.25344824 0.0250139965 -9.86806672e-09 -4.96100854e-08 1
LGIC_C 211 0.552545162 -0.190372957 0.0250140174 -5.78784275e-08 1.15127558e-08 1
LGIC_C 212 -0.359705795 -0.485493395 0.0250140103 -5.56021111e-08 -1.45571543e-08 -1
LGIC_C 213 0.375566233 -0.397848444 0.0250140105 -2.81018481e-08 4.20574137e-08 1
LGIC_C 214 0.464893541 -0.072143773 0.025014004 -4.34088226e-08 8.63456802e-09 1
LGIC_C 215 -0.458950069 -0.0321619151 0.0250140035 4.34088238e-08 8.63459484e-09 1
LGIC_C 216 0.227174217 -0.174473437 0.0250139971 -3.05989503e-08 3.95603122e-08 1
LGIC_C 217 0.496151414 -0.410842089 0.0250140197 -3.37890406e-08 4.80634332e-08 1
LGIC_C 218 -0.265521987 0.400513505 0.0250140061 1.31306824e-08 -4.82586643e-08 1
LGIC_C 219 -0.212201849 -0.470053021 0.025014006 3.95603082e-08 3.05989652e-08 1
LGIC_C 220 -0.744075216 -0.349736056 0.0250140192 3.68002489e-08 2.45891179e-08 1
LGIC_C 221 0.6907888 -0.442959905 0.0250140195 -3.68002179e-08 2.45891393e-08 1
LGIC_C 222 -0.565898966 -0.154481791 0.0250140069 -4.96100919e-08 2.90231703e-08 -1
LGIC_C 223 0.214833552 0.396995277 0.025014007 -4.80634192e-08 -3.37890445e-08 1
LGIC_C 224 -0.388577582 0.0445494569 0.0250140012 4.96100851e-08 2.90231542e-08 1
LGIC_C 225 0.197972421 -0.645502086 0.025014013 -8.63454093e-09 4.34088369e-08 1
LGIC_C 226 0.399341403 -0.223927439 0.0250140034 -3.68002179e-08 2.45891393e-08 1
LGIC_C 227 -0.166627607 0.526209107 0.0250140075 8.63455111e-09 -4.34088279e-08 1
LGIC_C 228 0.256208777 -0.314549604 0.0250140018 -1.31306721e-08 4.82586744e-08 1
LGIC_C 229 -0.50059688 -0.0849738273 0.0250140057 4.34088238e-08 8.63459484e-09 1
LGIC_C 230 -0.66412368 -0.20103049 0.0250140067 -4.34088282e-08 2.70157287e-08 -1
LGIC_C 231 0.548336111 0.267402557 0.0250140146 3.37890593e-08 4.80634111e-08 -1
LGIC_C 232 -0.270484723 0.789765719 0.0250140199 8.63455111e-09 -4.34088279e-08 1
LGIC_C 233 0.295699142 0.233226555 0.0250140006 -4.82586616e-08 -1.31306776e-08 1
LGIC_C 234 -0.0791390457 -0.455802358 0.0250140037 8.63456455e-09 4.34088336e-08 1
LGIC_C 235 0.288683426 0.455232359 0.0250140105 -2.81018716e-08 -4.20573923e-08 1
LGIC_C 236 0.296569101 -0.0206773921 0.0250139966 -4.34088182e-08 2.48392526e-08 1
LGIC_C 237 0.663616464 -0.00877415681 0.0250140164 -4.96100802e-08 3.14742968e-08 1
LGIC_C 238 -0.157809949 0.0117565862 0.0250139918 5.7878425e-08 4.89846948e-08 1
LGIC_C 239 0.48167037 -0.293818549 0.0250140117 -4.20573976e-08 2.81018683e-08 1
LGIC_C 240 0.144001447 -0.154583622 0.0250139939 -1.28239349e-08 5.73353226e-08 1
LGIC_C 241 -0.0967079699 0.217510275 0.0250139951 2.8101852e-08 -4.20574041e-08 1
LGIC_C 242 0.646219858 -0.318769778 0.0250140204 -3.37890406e-08 4.80634332e-08 1
LGIC_C 243 -0.653216327 0.21879613 0.0250140178 4.96100897e-08 -9.86805572e-09 1
LGIC_C 244 0.552204141 -0.169983171 0.0250140171 -5.78784275e-08 1.15127558e-08 1
LGIC_C 245 -0.492132633 -0.464897546 0.0250140163 1.45571809e-08 5.5602105e-08 1
LGIC_C 246 0.385881816 0.45362195 0.0250140094 -2.45891309e-08 -3.68002211e-08 1
LGIC_C 247 -0.496460926 0.618388777 0.0250140182 2.45891128e-08 -3.68002333e-08 1
LGIC_C 248 0.0883325734 -0.0876146719 0.0250139886 -3.68002179e-08 2.45891393e-08 1
LGIC_C 249 0.503425661 -0.000651545549 0.0250140082 -4.96100802e-08 3.14742968e-08 1
LGIC_C 250 0.232912361 0.516699378 0.0250140119 -4.80634192e-08 -3.37890445e-08 1
LGIC_C 251 0.042465333 0.672401437 0.0250140164 -6.33660387e-09 4.96100877e-08 -1
LGIC_C 252 0.150790918 0.568818127 0.0250140162 -3.14742949e-08 -4.96100822e-08 1
LGIC_C 253 0.499632821 0.32702268 0.0250140116 -4.82586616e-08 -1.31306776e-08 1
LGIC_C 254 -0.468227453 0.297037163 0.0250140134 3.37890593e-08 -4.80634052e-08 1
LGIC_C 255 -0.772417701 -0.0724590108 0.0250140148 -4.34088282e-08 2.70157287e-08 -1
LGIC_C 256 -0.292079598 0.503109017 0.025014009 2.45891128e-08 -3.68002333e-08 1
LGIC_C 257 0.292339612 0.302345312 0.0250140017 1.3130701e-08 4.82586573e-08 -1
LGIC_C 258 -0.294320702 0.562608953 0.0250140112 2.45891128e-08 -3.68002333e-08 1
LGIC_C 259 0.229167168 -0.324431066 0.0250140067 -3.27854948e-08 4.90669785e-08 1
LGIC_C 260 -0.0244671311 -0.622694367 0.0250140144 9.8680833e-09 4.96100963e-08 1
LGIC_C 261 0.0747417973 0.604791508 0.0250140102 -8.63455884e-09 -4.34088253e-08 1
LGIC_C 262 -0.332139742 0.342947657 0.0250140042 1.31306824e-08 -4.82586643e-08 1
LGIC_C 263 -0.692215147 -0.244135929 0.0250140067 -4.34088282e-08 2.70157287e-08 -1
LGIC_C 264 0.456080135 -0.323924947 0.025014008 -3.68002179e-08 2.45891393e-08 1
LGIC_C 265 0.213164797 0.0348231412 0.0250139942 -4.96100911e-08 -9.86803575e-09 1
LGIC_C 266 -0.141281845 -0.329389929 0.0250139989 3.95603082e-08 3.05989652e-08 1
LGIC_C 267 -0.274904053 -0.260900223 0.0250140017 1.45571809e-08 5.5602105e-08 1
LGIC_C 268 -0.0852561779 -0.524858039 0.0250140068 -2.90231482e-08 4.96101036e-08 1
LGIC_C 269 -0.0868487505 0.667642801 0.0250140158 -6.33661298e-09 -4.96100859e-08 1
LGIC_C 270 -0.0869387292 -0.122089441 0.0250139906 7.55636799e-08 6.2887973e-09 1
LGIC_C 271 -0.492015665 -0.447783216 0.0250140124 3.68002489e-08 2.45891179e-08 1
LGIC_C 272 -0.415690878 0.299886284 0.0250140073 -4.82586679e-08 1.31306769e-08 -1
LGIC_C 273 0.736858993 -0.204726242 0.0250140203 -4.34088182e-08 2.48392526e-08 1
LGIC_C 274 -0.349205017 0.362642788 0.0250140052 2.45891128e-08 -3.68002333e-08 1
LGIC_C 275 0.0450957734 -0.585570898 0.025014012 6.33663526e-09 4.9610097e-08 1
LGIC_C 276 -0.132169361 -0.517542495 0.0250140051 -2.90231482e-08 4.96101036e-08 1
LGIC_C 277 0.666913253 -0.0972234315 0.0250140194 -4.96100802e-08 3.14742968e-08 1
LGIC_C 278 0.282874316 0.256905556 0.025014 -3.68002282e-08 -2.45891172e-08 1
LGIC_C 279 0.0678588021 -0.0762641186 0.0250139877 -2.45891087e-08 3.68002429e-08 1
LGIC_C 280 -0.280100057 -0.133172305 0.0250139947 1.45571809e-08 5.5602105e-08 1
LGIC_C 281 0.363625519 0.570807053 0.02501402 -4.80634192e-08 -3.37890445e-08 1
LGIC_C 282 -0.244665483 -0.43161494 0.0250140061 3.95603082e-08 3.05989652e-08 1
LGIC_C 283 -0.244871792 -0.483604305 0.0250140048 7.55636799e-08 6.2887973e-09 1
LGIC_C 284 0.252565648 -0.794824139 0.0250140199 -8.63454093e-09 4.34088369e-08 1
LGIC_C 285 -0.272349302 0.490099543 0.0250140163 3.27854968e-08 -4.90669676e-08 1
LGIC_C 286 -0.532608083 0.021890503 0.025014009 4.96100851e-08 2.90231542e-08 1
LGIC_C 287 -0.0688231188 -0.160083484 0.0250139908 2.45891453e-08 3.68002268e-08 1
LGIC_C 288 0.0193249122 -0.347185716 0.0250140003 6.33663526e-09 4.9610097e-08 1
LGIC_C 289 0.0286803167 0.0171376615 0.0250139847 -3.68002282e-08 -2.45891172e-08 1
LGIC_C 290 -0.371456112 -0.510285271 0.0250140151 2.81018674e-08 4.20574117e-08 1
LGIC_C 291 -0.527618453 0.454581888 0.0250140139 3.68002297e-08 -2.45891157e-08 1
LGIC_C 292 0.43920836 0.455515586 0.0250140148 -2.81018716e-08 -4.20573923e-08 1
LGIC_C 293 -0.674061277 -0.0587697444 0.025014015 -4.96100919e-08 2.90231703e-08 -1
LGIC_C 294 0.0647549442 -0.190458211 0.025013995 -1.15127059e-08 5.78784511e-08 1
LGIC_C 295 -0.169341526 0.108452463 0.0250139925 6.28881943e-09 -7.55636452e-08 1
LGIC_C 296 0.495274822 0.28189386 0.025014012 -4.20574004e-08 -2.81018564e-08 1
LGIC_C 297 0.0144108538 0.374546821 0.0250139996 -8.63455884e-09 -4.34088253e-08 1
LGIC_C 298 0.0819494119 -0.500990748 0.0250140089 -9.86804037e-09 4.96101e-08 1
LGIC_C 299 -0.098960374 -0.317564012 0.025014 9.8680833e-09 4.96100963e-08 1
LGIC_C 300 0.42967431 -0.0443408874 0.025014003 -4.34088182e-08 2.48392526e-08 1
LGIC_C 301 0.092252718 0.372302033 0.0250140002 -8.63455884e-09 -4.34088253e-08 1
LGIC_C 302 0.40238299 0.328463013 0.0250140094 -4.20574004e-08 -2.81018564e-08 1
LGIC_C 303 -0.0542333385 0.369058873 0.0250140021 9.86805557e-09 -4.96100883e-08 1
LGIC_C 304 -0.126630645 0.391093389 0.0250140019 -6.33661298e-09 -4.96100859e-08 1
LGIC_C 305 -0.42667999 0.21780598 0.0250140043 3.68002297e-08 -2.45891157e-08 1
LGIC_C 306 0.175913921 0.108446599 0.0250139944 3.37890593e-08 4.80634111e-08 -1
LGIC_C 307 -0.40807085 0.263134374 0.0250140064 -4.82586679e-08 1.31306769e-08 -1
LGIC_C 308 0.627575009 -0.264066485 0.0250140128 -3.68002179e-08 2.45891393e-08 1
LGIC_C 309 0.12334702 0.107367047 0.0250139904 -3.68002282e-08 -2.45891172e-08 1
LGIC_C 310 0.111021641 0.806427953 0.0250140192 -8.63455884e-09 -4.34088253e-08 1
LGIC_C 311 0.599656149 0.608141146 0.0250140204 -2.45891309e-08 -3.68002211e-08 1
LGIC_C 312 0.288616473 0.194968604 0.0250140009 -4.20574004e-08 -2.81018564e-08 1
LGIC_C 313 0.683514458 0.358381149 0.0250140172 -3.68002282e-08 -2.45891172e-08 1
LGIC_C 314 -0.266040957 0.507247098 0.0250140085 2.45891128e-08 -3.68002333e-08 1
LGIC_C 315 -0.0977627306 0.0192707015 0.0250139883 4.96100897e-08 -9.86805572e-09 1
LGIC_C 316 -0.213494709 -0.202749949 0.0250139999 6.28883752e-09 7.55636663e-08 1
LGIC_C 317 -0.372759846 -0.23059349 0.0250140026 3.68002489e-08 2.45891179e-08 1
LGIC_C 318 -0.197738137 -0.347055718 0.0250139993 -5.56021111e-08 -1.45571543e-08 -1
LGIC_C 319 -0.502323356 -0.0599237553 0.0250140035 -4.34088282e-08 2.70157287e-08 -1
LGIC_C 320 0.433422104 0.56882385 0.0250140194 -2.81018716e-08 -4.20573923e-08 1
LGIC_C 321 0.588599803 -0.278915485 0.0250140165 -3.37890406e-08 4.80634332e-08 1
LGIC_C 322 0.522993322 0.250494478 0.0250140118 -4.82586616e-08 -1.31306776e-08 1
LGIC_C 323 -0.313263349 -0.665490899 0.02501402 2.81018674e-08 4.20574117e-08 1
LGIC_C 324 0.0282316098 0.689060891 0.0250140173 -6.33660387e-09 4.96100877e-08 -1
LGIC_C 325 0.474005193 0.630442699 0.0250140181 -2.45891309e-08 -3.68002211e-08 1
LGIC_C 326 0.181856965 0.652585885 0.0250140145 -6.33660387e-09 4.96100877e-08 -1
LGIC_C 327 -0.287137154 -0.0262209464 0.0250139968 -4.96100919e-08 2.90231703e-08 -1
LGIC_C 328 -0.398790465 0.0228043114 0.0250140011 4.34088279e-08 -2.48392273e-08 1
LGIC_C 329 0.583170316 -0.200113167 0.0250140141 -4.96100859e-08 9.86807898e-09 1
LGIC_C 330 0.383456259 -0.0574515846 0.0250140041 -4.96100802e-08 3.14742968e-08 1
LGIC_C 331 0.232947318 -0.0927228951 0.0250139956 -4.34088182e-08 2.48392526e-08 1
LGIC_C 332 -0.0250082762 -0.372559164 0.025014002 9.8680833e-09 4.96100963e-08 1
LGIC_C 333 0.471514655 0.180196934 0.0250140053 -4.34088272e-08 -8.63453573e-09 1
LGIC_C 334 0.229332019 0.813465135 0.0134468929 0.194186548 0.976240951 0.0961519121
LGIC_C 335 0.178766383 0.574347078 0.0250140106 -6.33660387e-09 4.96100877e-08 -1
LGIC_C 336 -0.748751766 0.0128078317 0.0250140161 4.34088279e-08 -2.48392273e-08 1
LGIC_C 337 -0.0512697124 -0.0149395781 0.0250139855 5.7878436e-08 -4.89847332e-08 1
LGIC_C 338 -0.191753837 0.329648378 0.0250140001 2.45891128e-08 -3.68002333e-08 1
LGIC_C 339 0.161880899 -0.204226796 0.0250139952 -1.31306721e-08 4.82586744e-08 1
LGIC_C 340 -0.320587817 0.608663166 0.0250140179 2.8101852e-08 -4.20574041e-08 1
LGIC_C 341 -0.0403841465 -0.720925928 0.0250140149 8.63456455e-09 4.34088336e-08 1
LGIC_C 342 -0.839621279 -0.0146911944 0.0250140193 -4.34088282e-08 2.70157287e-08 -1
LGIC_C 343 0.274619892 0.476779695 0.0250140099 1.3130701e-08 4.82586573e-08 -1
LGIC_C 344 -0.142422438 0.00712325798 0.0250139911 5.7878425e-08 4.89846948e-08 1
LGIC_C 345 -0.115995967 -0.157232597 0.025013993 7.55636799e-08 6.2887973e-09 1
LGIC_C 346 0.342342483 0.316559364 0.0250140036 -3.68002282e-08 -2.45891172e-08 1
LGIC_C 347 0.468285249 -0.177106985 0.0250140082 -4.96100859e-08 9.86807898e-09 1
LGIC_C 348 -0.152595445 -0.607493686 0.0250140149 9.8680833e-09 4.96100963e-08 1
LGIC_C 349 -0.179836068 -0.531350809 0.0250140044 -2.90231482e-08 4.96101036e-08 1
LGIC_C 350 -0.236424493 0.358515166 0.0250140023 2.45891128e-08 -3.68002333e-08 1
LGIC_C 351 -0.0969158027 0.0918805434 0.025013991 3.37890593e-08 -4.80634052e-08 1
LGIC_C 352 -0.20348867 -0.302752381 0.0250140006 3.95603082e-08 3.05989652e-08 1
LGIC_C 353 -0.349145656 0.147408065 0.0250140021 4.20574045e-08 -2.81018523e-08 1
LGIC_C 354 0.13725253 0.183944121 0.0250139948 -2.81018716e-08 -4.20573923e-08 1
LGIC_C 355 0.101132235 -0.557766515 0.0250140145 1.00935263e-08 5.7878447e-08 1
LGIC_C 356 0.123253621 0.69303029 0.0250140144 -8.63455884e-09 -4.34088253e-08 1
LGIC_C 357 0.743779164 0.150658071 0.0250140192 -4.96100869e-08 6.3366408e-09 1
LGIC_C 358 0.0669791049 -0.0105714333 0.0250139867 -4.96100859e-08 9.86807898e-09 1
LGIC_C 359 -0.255964843 0.214032865 0.0250140011 6.28881943e-09 -7.55636452e-08 1
LGIC_C 360 -0.492192964 0.444053565 0.0250140123 3.68002297e-08 -2.45891157e-08 1
LGIC_C 361 0.596152675 -0.173978997 0.0250140145 -4.96100859e-08 9.86807898e-09 1
LGIC_C 362 -0.446894242 -0.107783158 0.0250140023 -4.96100919e-08 2.90231703e-08 -1
LGIC_C 363 -0.350262298 0.45675698 0.0250140099 1.31306824e-08 -4.82586643e-08 1
LGIC_C 364 0.0736941149 0.163130551 0.0250139937 -3.27855134e-08 -4.90669575e-08 1
LGIC_C 365 0.605940536 -0.304787165 0.0250140173 -4.20573976e-08 2.81018683e-08 1
LGIC_C 366 -0.336061003 -0.702225986 0.025014018 3.95603082e-08 3.05989652e-08 1
LGIC_C 367 0.411313731 -0.12271878 0.0250140041 -4.34088182e-08 2.48392526e-08 1
LGIC_C 368 -0.119263788 -0.291343968 0.0250139989 2.48392553e-08 4.34088306e-08 1
LGIC_C 369 -0.104721541 -0.599005195 0.0250140099 -2.90231482e-08 4.96101036e-08 1
LGIC_C 370 -0.385203215 -0.574752029 0.0250140139 2.45891453e-08 3.68002268e-08 1
LGIC_C 371 0.211676853 0.0740713 0.0250139931 -4.34088272e-08 -8.63453573e-09 1
LGIC_C 372 -0.0691376026 0.453536188 0.0250140036 8.63455111e-09 -4.34088279e-08 1
LGIC_C 373 -0.607570692 0.513650025 0.0250140183 3.68002297e-08 -2.45891157e-08 1
LGIC_C 374 0.0637685854 -0.197792279 0.0250139926 6.33663526e-09 4.9610097e-08 1
LGIC_C 375 0.164453297 -0.625541305 0.0250140178 1.00935263e-08 5.7878447e-08 1
LGIC_C 376 0.391200278 0.380023629 0.0250140104 -4.20574004e-08 -2.81018564e-08 1
LGIC_C 377 0.325403609 0.145035096 0.0250139988 -3.68002282e-08 -2.45891172e-08 1
LGIC_C 378 -0.628842179 0.0904533484 0.0250140118 4.96100851e-08 2.90231542e-08 1
LGIC_C 379 -0.0234835928 -0.485156312 0.0250140075 9.8680833e-09 4.96100963e-08 1
LGIC_C 380 0.0858259946 0.628166134 0.0250140153 -9.86806672e-09 -4.96100854e-08 1
LGIC_C 381 0.00423872058 0.643507863 0.0250140152 -6.33660387e-09 4.96100877e-08 -1
LGIC_C 382 0.560992101 -0.299715288 0.0250140166 -3.37890406e-08 4.80634332e-08 1
LGIC_C 383 0.335207381 -0.502264445 0.0250140189 -3.27854948e-08 4.90669785e-08 1
LGIC_C 384 -0.457377797 -0.407027862 0.0250140169 6.28883752e-09 7.55636663e-08 1
LGIC_C 385 0.601036937 0.0599042713 0.0250140187 -5.78784335e-08 -1.15127284e-08 1
LGIC_C 386 0.503360817 -0.46580528 0.0250140132 -3.68002179e-08 2.45891393e-08 1
LGIC_C 387 0.538951981 -0.246684718 0.0250140133 -3.37890406e-08 4.80634332e-08 1
LGIC_C 388 -0.00308692314 0.448156128 0.0250140056 -3.14742797e-08 4.96100914e-08 -1
LGIC_C 389 0.364928601 -0.36298541 0.0250140088 -4.20573976e-08 2.81018683e-08 1
LGIC_C 390 0.560404101 0.021641356 0.0250140109 -4.96100869e-08 6.3366408e-09 1
LGIC_C 391 -0.187602944 0.0810767423 0.0250139935 3.37890593e-08 -4.80634052e-08 1
LGIC_C 392 -0.183658373 -0.572628072 0.0250140063 -2.90231482e-08 4.96101036e-08 1
LGIC_C 393 -0.0108822712 -0.309770294 0.0250139968 8.63456455e-09 4.34088336e-08 1
LGIC_C 394 0.423981968 0.65993193 0.025014018 -2.45891309e-08 -3.68002211e-08 1
LGIC_C 395 0.336986783 0.426971504 0.0250140083 1.3130701e-08 4.82586573e-08 -1
LGIC_C 396 0.274400463 0.432423169 0.0250140077 1.3130701e-08 4.82586573e-08 -1
LGIC_C 397 -0.672688806 0.255598938 0.0250140147 4.34088259e-08 -8.63455061e-09 1
LGIC_C 398 -0.58323994 0.247727923 0.0250140149 3.37890593e-08 -4.80634052e-08 1
LGIC_C 399 0.611247329 -0.145406618 0.0250140181 -4.96100802e-08 3.14742968e-08 1
