VGCC_O 0 0.11238887 -0.0311459409 0.0466929927 -1.01287282e-06 -1.51427976e-07 -1
VGCC_O 9 0.0953603447 -0.018533153 0.0466930096 -1.14792244e-06 -1.24564753e-07 -1
VGCC_O 3 0.0772568984 -0.00428239309 0.046693036 -1.41802159e-06 2.82063681e-07 -1
VGCC_O 6 -0.12622171 0.0241576588 0.046693322 -1.62059677e-06 3.22356891e-07 -1
VGCC_O 4 -0.108229728 0.00324736392 0.0466932869 -8.10297798e-07 1.61178104e-07 -1
CaBS 10 0.0997840006 -0.0103025562 0.0557967723 -0.751399618 0.322919164 -0.575431861
CaBS 11 0.11594295 -0.0260953394 0.0810720607 0.751399702 -0.322919474 0.575431578
CaBS 13 0.0997182742 -0.014664269 0.0545927701 -0.333750671 -0.131704002 -0.933415527
CaBS 14 0.0997556959 -0.0317002396 0.062819273 -0.324116536 -0.749802846 -0.576839807
CaBS 16 0.0972353982 -0.0262815026 0.082298245 -0.321328743 -0.750213836 0.577864204
CaBS 17 0.103187344 -0.00283895333 0.0721698824 -0.344822968 0.867728907 0.357971598
CaBS 19 0.119944111 -0.026292713 0.063706268 0.748611785 -0.322508546 -0.579282861
CaBS 20 0.116472984 -0.00996247952 0.0802741334 0.324116486 0.74980293 0.576839726
CaBS 21 0.11073126 -0.024022895 0.0860286309 0.333750516 0.131703927 0.933415593
CaBS 22 0.122479055 -0.0166911023 0.0703345135 0.999896301 0.01419805 -0.0024089266
CaBS 23 0.108196833 -0.0253570331 0.0863633311 -0.329239867 -0.132369096 0.934922207
CaBS 24 0.100242043 -0.0262797464 0.0834313516 -0.329239867 -0.132369096 0.934922207
Ca 1 -0.710936013 -0.0125315858 0.600792636 0 0 0
Ca 1 0.583313825 -0.451192521 0.147897221 0 0 0
Ca 6 -0.0432770804 -0.0363068132 1.02385043 0 0 0
Ca 1 -0.0107060398 0.58221404 0.449604749 0 0 0
Ca 6 0.723253275 -0.0599921937 0.41427299 0 0 0
Ca 1 0.326721407 -0.0670617021 1.00161612 0 0 0
Ca 1 -0.273204837 0.0991651576 0.162069148 0 0 0
Ca 6 -0.0460332004 -0.013877173 0.84935352 0 0 0
Ca 4 -0.201905636 0.170909082 0.208698908 0 0 0
CaBS_Ca 74 0.0952582037 -0.0299234902 0.0687067109 -0.735818491 -0.677177075 0.00153536998
Ca 1 0.349137453 0.510431041 0.523393481 0 0 0
Ca 8 0.110623465 -0.613982149 0.116812244 0 0 0
Ca 4 0.22892709 -0.124982679 0.390337323 0 0 0
Ca 6 0.320191798 0.0241580585 0.0872627466 0 0 0
Ca 8 0.173627153 -0.0134097733 0.791574437 0 0 0
Ca 6 0.610001416 -0.0134477673 0.15274956 0 0 0
Ca 4 0.386180213 0.25570152 0.538478869 0 0 0
Ca 1 -0.140058849 -0.0334196713 0.81511347 0 0 0
Ca 7 0.227274169 0.0306725424 0.188434971 0 0 0
Ca 7 -0.342297147 0.40081735 0.172202056 0 0 0
Ca 6 0.350584915 0.0942755437 0.145293355 0 0 0
Ca 1 -0.227459851 0.2012728 0.902179037 0 0 0
Ca 6 0.257971251 0.232283441 0.453373683 0 0 0
Ca 1 -0.506464555 -0.152829258 0.6607107 0 0 0
Ca 7 -0.124336738 -0.0621604215 0.376039372 0 0 0
Ca 4 0.222612362 -0.168088986 0.483133516 0 0 0
Ca 7 -0.153824765 0.317748024 0.526838238 0 0 0
Ca 7 -0.34127877 -0.2845536 0.75420685 0 0 0
Ca 8 -0.00744709514 0.115938794 0.548785482 0 0 0
Ca 8 -0.17048919 0.236827348 0.307230045 0 0 0
Ca 6 0.415381957 0.0281705633 0.211840878 0 0 0
Ca 4 -0.260500517 -0.201694429 0.67082244 0 0 0
Ca 8 -0.186390405 0.53030363 0.553979484 0 0 0
Ca 8 -0.197108556 0.288561176 0.67715006 0 0 0
Ca 8 -0.373793458 -0.178220814 0.659069611 0 0 0
Ca 1 -0.189996932 0.249034264 0.364848807 0 0 0
Ca 8 -0.363272461 0.376610705 0.543011292 0 0 0
Ca 6 -0.256383216 -0.17482371 0.211144888 0 0 0
Ca 4 -0.408146944 0.0226792153 0.29652038 0 0 0
Ca 8 -0.648201754 0.0142269197 0.240371587 0 0 0
Ca 6 -0.249480548 -0.330651375 0.603396819 0 0 0
Ca 4 -0.340963505 0.574520297 0.387282518 0 0 0
Ca 8 0.160285744 -0.167799439 0.41844298 0 0 0
Ca 6 -0.0522356579 -0.278655908 0.137341947 0 0 0
Ca 8 0.0200845007 0.132799967 0.20830744 0 0 0
Ca 7 -0.467991425 0.145089675 0.0525774361 0 0 0
Ca 7 0.579671074 0.276222694 0.222303826 0 0 0
Ca 4 -0.580313045 -0.244170716 0.473689791 0 0 0
Ca 7 -0.49030293 0.0124484693 0.36737732 0 0 0
Ca 1 -0.372095041 -0.0444622923 0.189101484 0 0 0
Ca 6 0.220634405 0.1577646 0.499857595 0 0 0
Ca 1 -0.295215175 -0.250429814 0.584433346 0 0 0
Ca 7 0.209580034 -0.114910313 0.0795372924 0 0 0
Ca 6 -0.422795075 0.0509647381 0.232530972 0 0 0
Ca 1 -0.0744412034 0.19208017 0.451618863 0 0 0
Ca 1 -0.00847000978 -0.329016119 0.162466388 0 0 0
Ca 7 -0.114233493 0.591962383 0.266971285 0 0 0
Ca 7 0.0189804909 0.0954567648 0.219888758 0 0 0
Ca 8 -0.355296121 0.0855356119 0.319724946 0 0 0
Ca 4 -0.441658074 0.0409755519 0.188490625 0 0 0
Ca 7 0.0913741528 0.383116601 0.201028931 0 0 0
Ca 6 -0.0147080776 0.0784230668 0.135494226 0 0 0
Ca 8 -0.335382148 0.107005806 0.197412604 0 0 0
Ca 6 -0.144509029 -0.107025149 0.323325879 0 0 0
Ca 8 -0.380737855 -0.0726046374 0.0983925766 0 0 0
Ca 1 0.0171315959 0.174173633 0.330387629 0 0 0
Ca 6 -0.0257005537 0.0843403412 0.110444552 0 0 0
Ca 8 -0.126320685 -0.0269769758 0.179597947 0 0 0
Ca 6 -0.347213038 0.131191051 0.0953772206 0 0 0
Ca 1 -0.232792868 -0.238987333 0.185719264 0 0 0
Ca 6 -0.131751235 -0.138494986 0.133577453 0 0 0
Ca 1 -0.303863554 0.205483223 0.156371357 0 0 0
Ca 7 -0.187712639 0.111574547 0.129131755 0 0 0
Ca 4 -0.251320263 -0.0121244895 0.076045846 0 0 0
Ca 1 -0.0601876383 0.0674754781 0.144141439 0 0 0
Ca 4 -0.109114645 -0.00823962249 0.248749426 0 0 0
Ca 1 -0.0608248218 0.132727535 0.126331679 0 0 0
Ca 4 -0.221454987 -0.0273986989 0.188862106 0 0 0
Ca 7 -0.11607796 0.0789807687 0.0572429912 0 0 0
Ca 7 -0.250788947 0.043142394 0.10474263 0 0 0
Ca 1 -0.0780193487 -0.0183232677 0.187003278 0 0 0
Ca 1 0.0312242868 -0.0253185231 0.0960575071 0 0 0
Ca 8 -0.0589342256 -0.00836488045 0.0650551148 0 0 0
Ca 6 -0.0942143674 0.0779154749 0.0547963343 0 0 0
Ca 1 -0.0983291696 0.0392413538 0.109149944 0 0 0
Ca 4 -0.061168923 0.0289646042 0.0677673848 0 0 0
Ca 1 -0.117991352 -0.0393837364 0.0477483269 0 0 0
Ca 4 -0.06560234 0.0133457899 0.0505489901 0 0 0
Ca 1 -0.110589488 -0.0273376255 0.0929360261 0 0 0
Ca 6 -0.158980582 0.0512242275 0.0695321667 0 0 0
Ca 4 -0.132676969 0.0548483389 0.0466435508 0 0 0
VGCC_O 8 -0.134706799 0.0161271258 0.0466933331 -1.62059677e-06 3.22356891e-07 -1
VGCC_O 7 -0.137449801 0.00579357966 0.0466933342 -1.62059625e-06 3.22356338e-07 -1
VGCC_O 1 -0.126159285 0.0151063295 0.0466933189 -1.62059625e-06 3.22356338e-07 -1
VGCC_O 2 0.119933892 -0.04777957 0.0466929781 -1.41802115e-06 2.82063236e-07 -1
VGCC_O 5 0.113746944 -0.0200409323 0.0466929896 -1.01287282e-06 -1.51427976e-07 -1
TAG 41 -0.105784995 0.0105052503 0.0536665039 -0.333750681 -0.131703993 -0.933415524
TAG 73 0.105323475 -0.00357186878 0.063445091 -0.346545998 0.867982935 -0.355684546
TAG 71 -0.096079873 0.00270213046 0.0564810255 0.74861179 -0.322508554 -0.579282851
TAG 70 -0.118208439 0.00383577013 0.0653592954 -0.735818461 -0.677177107 0.0015353549
TAG 69 -0.119239302 0.00795267007 0.0681959954 -0.999896295 -0.0141984574 0.00240892698
TAG 67 -0.115078276 0.000454692191 0.0742448755 -0.735818461 -0.677177107 0.0015353549
TAG 65 0.119072188 -0.020557456 0.0800936336 0.751399702 -0.322919474 0.575431578
TAG 63 -0.104896891 0.0149528875 0.0527352849 0.329239713 0.132369034 -0.93492227
TAG 62 -0.0995730683 0.0302300905 0.0690462359 0.3213287 0.750213891 -0.577864158
TAG 59 -0.100018848 -0.00188752594 0.0603333581 0.344822933 -0.867729023 -0.35797135
TAG 55 -0.119337383 0.0151637023 0.0699872324 -0.999896295 -0.0141984574 0.00240892698
TAG 54 -0.104785227 0.0261860029 0.076486355 -0.344822968 0.867728888 0.357971643
TAG 53 -0.089146311 -0.000197085518 0.0670554248 0.74861179 -0.322508554 -0.579282851
TAG 52 -0.119278263 0.0119799944 0.0757618237 -0.999896295 -0.0141984574 0.00240892698
TAG 51 -0.102448777 0.00747370566 0.0865367572 -0.329239868 -0.132369105 0.934922205
TAG 45 -0.113699624 0.0170707545 0.0588716642 -0.751399624 0.322919173 -0.575431849
TAG 44 -0.11923843 0.00668793202 0.0611035411 -0.999896295 -0.0141984574 0.00240892698
LGIC_C 0 0.545876705 0.235687127 0.025014013 3.37890593e-08 4.80634111e-08 -1
LGIC_C 1 -0.309788169 0.0374768941 0.025013997 4.34088259e-08 -8.63455061e-09 1
LGIC_C 2 -0.496839315 0.105844431 0.025014009 4.96100897e-08 -9.86805572e-09 1
LGIC_C 3 0.261064889 -0.643592777 0.0250140177 -9.86804037e-09 4.96101e-08 1
LGIC_C 4 -0.359422616 -0.22165261 0.0250140022 6.28883752e-09 7.55636663e-08 1
LGIC_C 5 0.0260714189 -0.559948597 0.0250140154 1.00935263e-08 5.7878447e-08 1
LGIC_C 6 -0.333550158 0.460281062 0.0250140139 1.28239438e-08 -5.73353116e-08 1
LGIC_C 7 -0.714563528 0.445883177 0.0187061805 -0.827617296 0.552995934 0.0961514895
LGIC_C 8 -0.252291308 0.271591632 0.0250139995 2.45891128e-08 -3.68002333e-08 1
LGIC_C 9 -0.484929767 -0.296338417 0.0250140087 6.28883752e-09 7.55636663e-08 1
LGIC_C 10 -0.401136276 -0.621242526 0.0250140181 3.95603082e-08 3.05989652e-08 1
LGIC_C 11 0.216067687 0.598680961 0.0250140116 -6.33660387e-09 4.96100877e-08 -1
LGIC_C 12 0.371537745 0.164540304 0.0250140069 -4.90669739e-08 -3.27854893e-08 1
LGIC_C 13 0.70372243 -0.113880141 0.0250140193 -4.96100859e-08 9.86807898e-09 1
LGIC_C 14 0.652554815 0.230302641 0.0250140141 -4.96100869e-08 6.3366408e-09 1
LGIC_C 15 -0.433012797 -0.356075435 0.0250140086 5.39043203e-09 6.47688584e-08 1
LGIC_C 16 0.632724392 -0.117301092 0.0250140158 -4.96100859e-08 9.86807898e-09 1
LGIC_C 17 -0.551988573 0.349756407 0.0250140145 -4.82586679e-08 1.31306769e-08 -1
LGIC_C 18 0.271004422 -0.426706517 0.0250140088 -2.81018481e-08 4.20574137e-08 1
LGIC_C 19 -0.371686975 0.261253952 0.0250140084 3.37890593e-08 -4.80634052e-08 1
LGIC_C 20 0.151340694 -0.339125422 0.0250140017 -2.81018481e-08 4.20574137e-08 1
LGIC_C 21 -0.00693689002 -0.173583887 0.0250139916 -2.90231482e-08 4.96101036e-08 1
LGIC_C 22 0.154395829 0.63947073 0.0250140165 -9.86806672e-09 -4.96100854e-08 1
LGIC_C 23 -0.482767308 0.368497977 0.0250140101 3.68002297e-08 -2.45891157e-08 1
LGIC_C 24 0.0965858333 0.491070964 0.0250140086 -9.86806672e-09 -4.96100854e-08 1
LGIC_C 25 0.415928015 0.0294669769 0.0250140015 -4.34088272e-08 -8.63453573e-09 1
LGIC_C 26 -0.0715041738 0.313985485 0.0250140023 1.15127271e-08 -5.78784352e-08 1
LGIC_C 27 -0.256256902 0.46425439 0.0250140145 3.27854968e-08 -4.90669676e-08 1
LGIC_C 28 0.669171079 0.101274407 0.0250140132 -4.34088272e-08 -8.63453573e-09 1
LGIC_C 29 -0.570220796 -0.103447677 0.0250140112 5.7878436e-08 -4.89847332e-08 1
LGIC_C 30 0.59329208 0.0717742284 0.0250140122 -4.96100869e-08 6.3366408e-09 1
LGIC_C 31 -0.384068415 -0.488674896 0.0250140134 3.95603082e-08 3.05989652e-08 1
LGIC_C 32 0.0450481468 0.0884413028 0.0250139882 -2.81018716e-08 -4.20573923e-08 1
LGIC_C 33 -0.0132812205 0.628671982 0.0250140107 8.63455111e-09 -4.34088279e-08 1
LGIC_C 34 0.192558419 -0.440185864 0.0250140111 -3.27854948e-08 4.90669785e-08 1
LGIC_C 35 -0.158130797 -0.501310882 0.0250140035 -2.90231482e-08 4.96101036e-08 1
LGIC_C 36 0.541838799 -0.546625579 0.0250140167 -2.45891087e-08 3.68002429e-08 1
LGIC_C 37 0.128333968 0.745959404 0.0250140167 -8.63455884e-09 -4.34088253e-08 1
LGIC_C 38 0.706817129 -0.314959423 0.0250140173 -3.05989503e-08 3.95603122e-08 1
LGIC_C 39 0.738174845 0.339760809 0.0250140188 -3.68002282e-08 -2.45891172e-08 1
LGIC_C 40 -0.746404429 0.00274983134 0.0250140157 4.34088279e-08 -2.48392273e-08 1
LGIC_C 41 -0.51553974 0.620458927 0.0250140188 2.45891128e-08 -3.68002333e-08 1
LGIC_C 42 -0.307042082 -0.591831354 0.0250140126 2.45891453e-08 3.68002268e-08 1
LGIC_C 43 -0.566107956 -0.537572739 0.0250140166 1.15916899e-08 4.97976879e-08 1
LGIC_C 44 0.298548982 0.57247361 0.0250140148 1.3130701e-08 4.82586573e-08 -1
LGIC_C 45 0.00324993541 -0.212270121 0.0250139937 6.33663526e-09 4.9610097e-08 1
LGIC_C 46 -0.200069345 -0.200389876 0.0250139973 5.39043203e-09 6.47688584e-08 1
LGIC_C 47 0.483717253 -0.19720961 0.0250140135 -5.78784275e-08 1.15127558e-08 1
LGIC_C 48 -0.0217674408 -0.422926944 0.0250140018 8.63456455e-09 4.34088336e-08 1
LGIC_C 49 -0.530395184 -0.205384783 0.0250140081 4.34088238e-08 8.63459484e-09 1
LGIC_C 50 0.263105396 -0.310900237 0.0250140071 -3.27854948e-08 4.90669785e-08 1
LGIC_C 51 -0.588963176 -0.00736296303 0.0250140086 -4.34088282e-08 2.70157287e-08 -1
LGIC_C 52 0.637686347 -0.158764807 0.0250140149 -4.34088182e-08 2.48392526e-08 1
LGIC_C 53 0.324594543 -0.120944637 0.0250140003 -4.34088182e-08 2.48392526e-08 1
LGIC_C 54 -0.0465092863 -0.233273115 0.0250139944 -4.89847109e-08 5.78784581e-08 1
LGIC_C 55 0.434765873 0.557656764 0.0250140145 -2.45891309e-08 -3.68002211e-08 1
LGIC_C 56 -0.173325278 -0.249213887 0.0250139965 -5.56021111e-08 -1.45571543e-08 -1
LGIC_C 57 -0.0835058819 0.422846833 0.0250140069 -3.14742797e-08 4.96100914e-08 -1
LGIC_C 58 0.425786313 -0.0814816652 0.0250140037 -4.34088182e-08 2.48392526e-08 1
LGIC_C 59 -0.405408663 -0.245724742 0.0250140028 1.45571809e-08 5.5602105e-08 1
LGIC_C 60 0.135675612 0.475387747 0.0250140111 -3.14742949e-08 -4.96100822e-08 1
LGIC_C 61 -0.380125393 0.323613918 0.0250140084 4.20574045e-08 -2.81018523e-08 1
LGIC_C 62 -0.0917388291 0.438497821 0.0250140079 -3.14742797e-08 4.96100914e-08 -1
LGIC_C 63 0.18940771 -0.0264234409 0.0250139929 -4.96100859e-08 9.86807898e-09 1
LGIC_C 64 -0.256292534 0.0806073722 0.0250139941 5.7878425e-08 4.89846948e-08 1
LGIC_C 65 0.0314422107 0.301960098 0.0250139986 -9.86806672e-09 -4.96100854e-08 1
LGIC_C 66 -0.287102649 -0.336040585 0.0250140027 2.45891453e-08 3.68002268e-08 1
LGIC_C 67 -0.466783563 0.436627297 0.0250140192 6.28881943e-09 -7.55636452e-08 1
LGIC_C 68 -0.626338754 -0.122412229 0.0250140072 -4.34088282e-08 2.70157287e-08 -1
LGIC_C 69 -0.635994141 -0.342629551 0.0250140151 3.68002489e-08 2.45891179e-08 1
LGIC_C 70 -0.0819955649 0.447422597 0.0250140034 8.63455111e-09 -4.34088279e-08 1
LGIC_C 71 0.617616162 0.123524906 0.0250140204 -5.78784335e-08 -1.15127284e-08 1
LGIC_C 72 0.0887430772 0.351879231 0.0250140002 -6.33660387e-09 4.96100877e-08 -1
LGIC_C 73 -0.027425101 0.0252915808 0.0250139849 -4.82586679e-08 1.31306769e-08 -1
LGIC_C 74 0.497237215 0.452442534 0.0250140132 -4.82586616e-08 -1.31306776e-08 1
LGIC_C 75 0.543879719 -0.578562685 0.0250140179 -2.45891087e-08 3.68002429e-08 1
LGIC_C 76 -0.662467733 0.07201468 0.025014014 4.96100851e-08 2.90231542e-08 1
LGIC_C 77 0.321630236 -0.200399738 0.025014001 -3.05989503e-08 3.95603122e-08 1
LGIC_C 78 0.246385736 0.391303808 0.0250140105 -3.27855134e-08 -4.90669575e-08 1
LGIC_C 79 -0.585759057 -0.252023646 0.0250140026 1.15916899e-08 4.97976879e-08 1
LGIC_C 80 0.716799489 -0.0768764027 0.025014015 -4.34088226e-08 8.63456802e-09 1
LGIC_C 81 0.0779761042 0.698844599 0.0250140174 -6.33660387e-09 4.96100877e-08 -1
LGIC_C 82 0.491958663 -0.365767298 0.0250140128 -3.05989503e-08 3.95603122e-08 1
LGIC_C 83 -0.370923294 0.25421153 0.0250140045 -4.82586679e-08 1.31306769e-08 -1
LGIC_C 84 0.243802515 0.495187658 0.0250140104 1.3130701e-08 4.82586573e-08 -1
LGIC_C 85 -0.0450983528 0.0924330001 0.0250139891 1.28239438e-08 -5.73353116e-08 1
LGIC_C 86 0.584136169 -0.360579491 0.0250140203 -3.37890406e-08 4.80634332e-08 1
LGIC_C 87 -0.355025318 -0.19712502 0.0250139994 1.45571809e-08 5.5602105e-08 1
LGIC_C 88 -0.598425352 -0.524947395 0.0250140163 1.15916899e-08 4.97976879e-08 1
LGIC_C 89 0.309458429 -0.508366454 0.0250140118 -1.31306721e-08 4.82586744e-08 1
LGIC_C 90 -0.342574602 -0.299028217 0.0250140049 1.45571809e-08 5.5602105e-08 1
LGIC_C 91 0.150373775 0.799739504 0.0250140193 -8.63455884e-09 -4.34088253e-08 1
LGIC_C 92 0.237616338 -0.649661581 0.025014014 6.33663526e-09 4.9610097e-08 1
LGIC_C 93 -0.0720031476 0.584199151 0.0250140118 -6.33661298e-09 -4.96100859e-08 1
LGIC_C 94 0.124659453 -0.0446233348 0.0250139908 -4.96100802e-08 3.14742968e-08 1
LGIC_C 95 -0.369853072 -0.396970013 0.0250140096 -5.56021111e-08 -1.45571543e-08 -1
LGIC_C 96 0.317947974 -0.0365720776 0.0250139994 -4.96100859e-08 9.86807898e-09 1
LGIC_C 97 -0.37040834 0.121738062 0.0250139981 4.96100851e-08 2.90231542e-08 1
LGIC_C 98 -0.351736896 -0.489821537 0.0250140122 3.95603082e-08 3.05989652e-08 1
LGIC_C 99 0.2308172 -0.0649569689 0.0250139967 -4.96100802e-08 3.14742968e-08 1
LGIC_C 100 -0.345539982 -0.459981673 0.0250140087 2.45891453e-08 3.68002268e-08 1
LGIC_C 101 -0.381830266 0.0095527538 0.0250140023 4.96100897e-08 -9.86805572e-09 1
LGIC_C 102 -0.343410033 0.475345483 0.0250140149 1.28239438e-08 -5.73353116e-08 1
LGIC_C 103 -0.394838345 -0.0123831453 0.0250140005 4.34088238e-08 8.63459484e-09 1
LGIC_C 104 0.577014255 -0.23422521 0.0250140142 -4.96100859e-08 9.86807898e-09 1
LGIC_C 105 -0.304824661 0.0879108347 0.0250139987 4.34088279e-08 -2.48392273e-08 1
LGIC_C 106 -0.264446335 0.702555228 0.025014016 8.63455111e-09 -4.34088279e-08 1
LGIC_C 107 -0.681408285 -0.269283427 0.0250140152 4.34088238e-08 8.63459484e-09 1
LGIC_C 108 -0.041562183 -0.518515205 0.0250140068 2.48392553e-08 4.34088306e-08 1
LGIC_C 109 0.20543099 0.120405683 0.0250139947 -4.82586616e-08 -1.31306776e-08 1
LGIC_C 110 -0.151044652 -0.697444841 0.0250140148 8.63456455e-09 4.34088336e-08 1
LGIC_C 111 -0.531739117 -0.202540934 0.0250140041 5.7878436e-08 -4.89847332e-08 1
LGIC_C 112 0.719572354 -0.000316258039 0.0250140189 -4.96100802e-08 3.14742968e-08 1
LGIC_C 113 -0.0365242573 -0.671045788 0.0250140133 2.48392553e-08 4.34088306e-08 1
LGIC_C 114 -0.348709953 0.395455614 0.0250140104 1.28239438e-08 -5.73353116e-08 1
LGIC_C 115 0.495191988 -0.450330939 0.0250140162 -3.05989503e-08 3.95603122e-08 1
LGIC_C 116 0.192525624 -0.465452748 0.0250140082 1.00935263e-08 5.7878447e-08 1
LGIC_C 117 -0.161958947 -0.00691195279 0.0250139911 -4.96100919e-08 2.90231703e-08 -1
LGIC_C 118 -0.277617216 -0.333138171 0.0250140044 3.95603082e-08 3.05989652e-08 1
LGIC_C 119 0.0912882316 0.438465922 0.0250140059 -9.86806672e-09 -4.96100854e-08 1
LGIC_C 120 0.0186550323 0.524358053 0.0250140095 -9.86806672e-09 -4.96100854e-08 1
LGIC_C 121 -0.417902866 -0.394336383 0.0250140077 1.15916899e-08 4.97976879e-08 1
LGIC_C 122 0.579462061 -0.271639254 0.0250140112 -3.68002179e-08 2.45891393e-08 1
LGIC_C 123 0.345497847 -0.344145979 0.0250140115 -4.90669481e-08 3.27855328e-08 1
LGIC_C 124 0.520320018 -0.438876103 0.0250140132 -3.68002179e-08 2.45891393e-08 1
LGIC_C 125 0.130732722 -0.171440244 0.0250139932 -1.31306721e-08 4.82586744e-08 1
LGIC_C 126 0.623648787 -0.377046625 0.0250140172 -3.05989503e-08 3.95603122e-08 1
LGIC_C 127 0.308516739 -0.286500441 0.025014004 -3.05989503e-08 3.95603122e-08 1
LGIC_C 128 0.277292432 -0.355008453 0.0250140031 -2.45891087e-08 3.68002429e-08 1
LGIC_C 129 0.403567032 -0.076648212 0.0250140014 -4.34088226e-08 8.63456802e-09 1
LGIC_C 130 -0.676394253 0.18656942 0.0250140142 4.34088259e-08 -8.63455061e-09 1
LGIC_C 131 0.39640036 0.282455656 0.0250140061 -4.82586616e-08 -1.31306776e-08 1
LGIC_C 132 -0.246533759 0.0848624875 0.0250139934 5.7878425e-08 4.89846948e-08 1
LGIC_C 133 -0.544070861 -0.0691421125 0.0250140075 4.34088238e-08 8.63459484e-09 1
LGIC_C 134 0.295289109 -0.635090409 0.0250140139 -2.45891087e-08 3.68002429e-08 1
LGIC_C 135 -0.326915577 -0.278921176 0.0250140064 6.28883752e-09 7.55636663e-08 1
LGIC_C 136 0.424120411 -0.280360856 0.0250140057 -3.68002179e-08 2.45891393e-08 1
LGIC_C 137 0.350079433 -0.297458983 0.0250140057 -3.05989503e-08 3.95603122e-08 1
LGIC_C 138 -0.67015441 -0.186542029 0.0250140087 4.96100935e-08 -4.19869172e-08 1
LGIC_C 139 0.122792184 -0.0390879082 0.0250139905 -4.96100802e-08 3.14742968e-08 1
LGIC_C 140 0.439039214 0.554225304 0.0250140144 -2.45891309e-08 -3.68002211e-08 1
LGIC_C 141 0.57887105 0.0700523623 0.025014009 -4.34088272e-08 -8.63453573e-09 1
LGIC_C 142 -0.469447938 -0.538897029 0.0250140183 3.95603082e-08 3.05989652e-08 1
LGIC_C 143 -0.0684779249 -0.163243074 0.025013992 2.81018674e-08 4.20574117e-08 1
LGIC_C 144 -0.469615169 -0.492851954 0.0250140169 3.95603082e-08 3.05989652e-08 1
LGIC_C 145 0.186517323 -0.016726662 0.0250139917 -4.34088182e-08 2.48392526e-08 1
LGIC_C 146 0.0404761487 0.601435437 0.0250140135 -9.86806672e-09 -4.96100854e-08 1
LGIC_C 147 -0.380371872 -0.29208913 0.0250140022 1.15916899e-08 4.97976879e-08 1
LGIC_C 148 0.411540607 -0.0890946931 0.0250140081 -5.78784275e-08 1.15127558e-08 1
LGIC_C 149 0.561685128 0.512638846 0.0250140165 -3.68002282e-08 -2.45891172e-08 1
LGIC_C 150 0.424548908 0.175396537 0.0250140032 -4.96100869e-08 6.3366408e-09 1
LGIC_C 151 -0.136108622 -0.697259803 0.0250140147 8.63456455e-09 4.34088336e-08 1
LGIC_C 152 0.275565488 0.612624004 0.0250140164 1.3130701e-08 4.82586573e-08 -1
LGIC_C 153 0.135184377 -0.168201977 0.0250139946 -1.28239349e-08 5.73353226e-08 1
LGIC_C 154 0.152199198 0.533589431 0.0250140112 -9.86806672e-09 -4.96100854e-08 1
LGIC_C 155 -0.613088832 0.0943698786 0.0250140107 4.34088259e-08 -8.63455061e-09 1
LGIC_C 156 -0.275442097 0.0361980459 0.0250139955 4.34088259e-08 -8.63455061e-09 1
LGIC_C 157 -0.382558405 0.29205723 0.0250140077 6.28881943e-09 -7.55636452e-08 1
LGIC_C 158 0.402184224 0.22105833 0.0250140075 3.37890593e-08 4.80634111e-08 -1
LGIC_C 159 0.72584169 0.2229969 0.0250140167 -4.34088272e-08 -8.63453573e-09 1
LGIC_C 160 -0.270648295 -0.106419416 0.0250139921 -4.34088282e-08 2.70157287e-08 -1
LGIC_C 161 -0.406487455 0.147369394 0.0250140049 4.96100897e-08 -9.86805572e-09 1
LGIC_C 162 0.429190971 -0.102827413 0.0250140093 -5.78784275e-08 1.15127558e-08 1
LGIC_C 163 0.335969744 -0.222139371 0.0250140036 -4.20573976e-08 2.81018683e-08 1
LGIC_C 164 0.248847588 -0.585484757 0.0250140148 -1.31306721e-08 4.82586744e-08 1
LGIC_C 165 -0.356902146 0.0752280368 0.0250139988 4.96100851e-08 2.90231542e-08 1
LGIC_C 166 -0.184787003 -0.701655383 0.0250140183 2.48392553e-08 4.34088306e-08 1
LGIC_C 167 -0.551047816 0.482812159 0.0250140162 -4.82586679e-08 1.31306769e-08 -1
LGIC_C 168 -0.599867066 -0.223728235 0.0250140112 4.34088238e-08 8.63459484e-09 1
LGIC_C 169 0.662194701 -0.452374957 0.0250140187 -3.68002179e-08 2.45891393e-08 1
LGIC_C 170 0.499499408 -0.383233599 0.0250140185 -3.37890406e-08 4.80634332e-08 1
LGIC_C 171 -0.205877723 0.254599413 0.0250140005 1.28239438e-08 -5.73353116e-08 1
LGIC_C 172 0.371335471 0.155075167 0.0250140032 -4.20574004e-08 -2.81018564e-08 1
LGIC_C 173 0.705603249 0.328016674 0.0250140173 -3.68002282e-08 -2.45891172e-08 1
LGIC_C 174 -0.105338331 -0.548424141 0.0250140097 2.48392553e-08 4.34088306e-08 1
LGIC_C 175 0.376355872 -0.26903508 0.0250140089 -3.37890406e-08 4.80634332e-08 1
LGIC_C 176 -0.549480598 -0.592187941 0.0250140186 2.45891453e-08 3.68002268e-08 1
LGIC_C 177 0.314782891 0.333195665 0.0250140061 -2.81018716e-08 -4.20573923e-08 1
LGIC_C 178 0.019720918 -0.603453455 0.025014013 6.33663526e-09 4.9610097e-08 1
LGIC_C 179 -0.247681625 -0.146158357 0.0250139958 6.28883752e-09 7.55636663e-08 1
LGIC_C 180 -0.164366344 0.197756775 0.0250139962 2.8101852e-08 -4.20574041e-08 1
LGIC_C 181 -0.674938836 -0.260984872 0.0250140148 4.34088238e-08 8.63459484e-09 1
LGIC_C 182 0.0547798154 -0.161595759 0.0250139932 -1.15127059e-08 5.78784511e-08 1
LGIC_C 183 0.659664045 0.302228712 0.025014019 -4.82586616e-08 -1.31306776e-08 1
LGIC_C 184 0.742291452 -0.0153936729 0.0250140158 -4.34088182e-08 2.48392526e-08 1
LGIC_C 185 0.362069052 -0.179542994 0.0250140014 -3.05989503e-08 3.95603122e-08 1
LGIC_C 186 -0.655911869 -0.3374516 0.0250140086 5.39043203e-09 6.47688584e-08 1
LGIC_C 187 0.142787429 0.0595587802 0.0250139922 -4.90669739e-08 -3.27854893e-08 1
LGIC_C 188 -0.732806786 0.0723403843 0.0250140157 4.34088259e-08 -8.63455061e-09 1
LGIC_C 189 -0.493688124 0.247198385 0.025014011 4.20574045e-08 -2.81018523e-08 1
LGIC_C 190 0.391432216 -0.691117297 0.0250140183 -2.45891087e-08 3.68002429e-08 1
LGIC_C 191 -0.472388311 -0.22677908 0.0250140005 5.39043203e-09 6.47688584e-08 1
LGIC_C 192 -0.307377081 0.0609536679 0.0250139971 4.34088259e-08 -8.63455061e-09 1
LGIC_C 193 0.249196009 0.0666031925 0.0250139963 -4.96100911e-08 -9.86803575e-09 1
LGIC_C 194 -0.624169418 0.40422247 0.0250140162 3.68002297e-08 -2.45891157e-08 1
LGIC_C 195 0.32930684 0.405084886 0.0250140095 -2.81018716e-08 -4.20573923e-08 1
LGIC_C 196 0.724488792 0.35217816 0.0250140186 -3.68002282e-08 -2.45891172e-08 1
LGIC_C 197 -0.241614967 -0.502080187 0.0250140077 2.45891453e-08 3.68002268e-08 1
LGIC_C 198 0.509595639 0.0173999363 0.0250140055 -4.34088272e-08 -8.63453573e-09 1
LGIC_C 199 0.609047805 0.247804791 0.0250140119 -4.96100869e-08 6.3366408e-09 1
LGIC_C 200 0.75214366 -0.298282446 0.0250140185 -4.34088226e-08 8.63456802e-09 1
LGIC_C 201 0.249102889 0.110430085 0.025013997 3.37890593e-08 4.80634111e-08 -1
LGIC_C 202 -0.0616523417 -0.345520455 0.0250139998 2.48392553e-08 4.34088306e-08 1
LGIC_C 203 -0.170506978 -0.0352810145 0.0250139907 -4.96100919e-08 2.90231703e-08 -1
LGIC_C 204 -0.398792517 0.559591092 0.025014018 2.8101852e-08 -4.20574041e-08 1
LGIC_C 205 -0.0937093265 0.238169967 0.025013996 9.86805557e-09 -4.96100883e-08 1
LGIC_C 206 0.619053406 -0.383028963 0.0250140154 -3.68002179e-08 2.45891393e-08 1
LGIC_C 207 -0.127130725 -0.465716308 0.0250140039 -4.89847109e-08 5.78784581e-08 1
LGIC_C 208 -0.507886685 0.350721445 0.0250140124 -4.82586679e-08 1.31306769e-08 -1
LGIC_C 209 -0.0525079704 0.025216998 0.0250139915 -1.17760707e-07 7.86851935e-08 -1
LGIC_C 210 0.0433563288 0.239260558 0.0250139956 -9.86806672e-09 -4.96100854e-08 1
LGIC_C 211 0.610473431 -0.127792616 0.02501402 -5.78784275e-08 1.15127558e-08 1
LGIC_C 212 -0.315488494 -0.444007036 0.0250140073 -5.56021111e-08 -1.45571543e-08 -1
LGIC_C 213 0.403477747 -0.406420692 0.0250140117 -2.81018481e-08 4.20574137e-08 1
LGIC_C 214 0.526617835 -0.041976686 0.0250140065 -4.34088226e-08 8.63456802e-09 1
LGIC_C 215 -0.434446514 -0.00925891944 0.0250140022 4.34088238e-08 8.63459484e-09 1
LGIC_C 216 0.189660355 -0.146527341 0.0250139948 -3.05989503e-08 3.95603122e-08 1
LGIC_C 217 0.540451661 -0.393717032 0.0250140204 -3.37890406e-08 4.80634332e-08 1
LGIC_C 218 -0.27209905 0.338985053 0.0250140032 1.31306824e-08 -4.82586643e-08 1
LGIC_C 219 -0.23357327 -0.425000422 0.0250140055 3.95603082e-08 3.05989652e-08 1
LGIC_C 220 -0.668101242 -0.345355182 0.0250140163 3.68002489e-08 2.45891179e-08 1
LGIC_C 221 0.716112828 -0.445989412 0.0140667161 0.827616944 -0.552996408 0.0961517878
LGIC_C 222 -0.566755741 -0.208447789 0.0250140053 -4.96100919e-08 2.90231703e-08 -1
LGIC_C 223 0.220757464 0.445529782 0.0250140089 -4.80634192e-08 -3.37890445e-08 1
LGIC_C 224 -0.401293334 0.119946516 0.0250139997 4.96100851e-08 2.90231542e-08 1
LGIC_C 225 0.198745051 -0.565950946 0.0250140095 -8.63454093e-09 4.34088369e-08 1
LGIC_C 226 0.346473679 -0.269245173 0.0250140026 -3.68002179e-08 2.45891393e-08 1
LGIC_C 227 -0.0877401614 0.467108243 0.0250140043 8.63455111e-09 -4.34088279e-08 1
LGIC_C 228 0.236834608 -0.30856828 0.0250140012 -1.31306721e-08 4.82586744e-08 1
LGIC_C 229 -0.549677295 -0.0474479562 0.0250140075 4.34088238e-08 8.63459484e-09 1
LGIC_C 230 -0.645491198 -0.243877784 0.0250140047 -4.34088282e-08 2.70157287e-08 -1
LGIC_C 231 0.497032226 0.290162632 0.025014014 3.37890593e-08 4.80634111e-08 -1
LGIC_C 232 -0.235446217 0.758204627 0.0250140182 8.63455111e-09 -4.34088279e-08 1
LGIC_C 233 0.37908151 0.223128636 0.0250140045 -4.82586616e-08 -1.31306776e-08 1
LGIC_C 234 -0.0577360415 -0.455990064 0.0250140035 8.63456455e-09 4.34088336e-08 1
LGIC_C 235 0.254779937 0.451014356 0.0250140094 -2.81018716e-08 -4.20573923e-08 1
LGIC_C 236 0.328860756 -0.0302054969 0.0250139983 -4.34088182e-08 2.48392526e-08 1
LGIC_C 237 0.698737788 -0.0612663201 0.0250140198 -4.96100802e-08 3.14742968e-08 1
LGIC_C 238 -0.175276228 0.0465744496 0.0250139911 5.7878425e-08 4.89846948e-08 1
LGIC_C 239 0.532757738 -0.312167478 0.0250140144 -4.20573976e-08 2.81018683e-08 1
LGIC_C 240 0.132622523 -0.205797155 0.0250139967 -1.28239349e-08 5.73353226e-08 1
LGIC_C 241 -0.126960891 0.286041173 0.0250139989 2.8101852e-08 -4.20574041e-08 1
LGIC_C 242 0.615583783 -0.295687431 0.0250140182 -3.37890406e-08 4.80634332e-08 1
LGIC_C 243 -0.622709254 0.204507399 0.0250140162 4.96100897e-08 -9.86805572e-09 1
LGIC_C 244 0.592154192 -0.20502159 0.0250140199 -5.78784275e-08 1.15127558e-08 1
LGIC_C 245 -0.456127601 -0.418265779 0.0250140131 1.45571809e-08 5.5602105e-08 1
LGIC_C 246 0.429601407 0.530830155 0.0250140134 -2.45891309e-08 -3.68002211e-08 1
LGIC_C 247 -0.454213209 0.680828536 0.0250140195 2.45891128e-08 -3.68002333e-08 1
LGIC_C 248 0.12950145 -0.147075673 0.0250139918 -2.45891087e-08 3.68002429e-08 1
LGIC_C 249 0.511437089 -0.00877754575 0.0250140089 -4.96100802e-08 3.14742968e-08 1
LGIC_C 250 0.225395125 0.51301183 0.0250140114 -4.80634192e-08 -3.37890445e-08 1
LGIC_C 251 0.00065882775 0.625221305 0.0250140143 -6.33660387e-09 4.96100877e-08 -1
LGIC_C 252 0.120605371 0.66578806 0.0250140201 -3.14742949e-08 -4.96100822e-08 1
LGIC_C 253 0.473857574 0.355006366 0.0250140108 -4.82586616e-08 -1.31306776e-08 1
LGIC_C 254 -0.48786098 0.257085503 0.0250140121 3.37890593e-08 -4.80634052e-08 1
LGIC_C 255 -0.822986479 -0.0258268447 0.0250140183 -4.34088282e-08 2.70157287e-08 -1
LGIC_C 256 -0.266555918 0.585919279 0.0250140114 2.45891128e-08 -3.68002333e-08 1
LGIC_C 257 0.302332093 0.309188676 0.0250140021 -2.45891309e-08 -3.68002211e-08 1
LGIC_C 258 -0.255754663 0.603333778 0.0250140118 2.45891128e-08 -3.68002333e-08 1
LGIC_C 259 0.246353759 -0.362246248 0.0250140091 -3.27854948e-08 4.90669785e-08 1
LGIC_C 260 -0.0974380375 -0.612586952 0.0250140146 9.8680833e-09 4.96100963e-08 1
LGIC_C 261 0.138786581 0.53117369 0.0250140075 -8.63455884e-09 -4.34088253e-08 1
LGIC_C 262 -0.312616149 0.271501238 0.025014004 4.20574045e-08 -2.81018523e-08 1
LGIC_C 263 -0.664259628 -0.258211867 0.0250140054 4.96100935e-08 -4.19869172e-08 1
LGIC_C 264 0.48464776 -0.296982719 0.0250140084 -3.68002179e-08 2.45891393e-08 1
LGIC_C 265 0.158224523 0.038704019 0.0250139915 -4.96100911e-08 -9.86803575e-09 1
LGIC_C 266 -0.0935671353 -0.339208643 0.0250140003 2.48392553e-08 4.34088306e-08 1
LGIC_C 267 -0.295238452 -0.263974713 0.0250140022 1.45571809e-08 5.5602105e-08 1
LGIC_C 268 -0.0156620213 -0.519802543 0.0250140086 -2.90231482e-08 4.96101036e-08 1
LGIC_C 269 -0.043334751 0.703848605 0.0250140179 -6.33661298e-09 -4.96100859e-08 1
LGIC_C 270 -0.0993534833 -0.133147795 0.0250139916 7.55636799e-08 6.2887973e-09 1
LGIC_C 271 -0.499235577 -0.398652311 0.0250140114 3.68002489e-08 2.45891179e-08 1
LGIC_C 272 -0.354021857 0.309459936 0.0250140044 -4.82586679e-08 1.31306769e-08 -1
LGIC_C 273 0.682573926 -0.101886125 0.0250140154 -4.34088182e-08 2.48392526e-08 1
LGIC_C 274 -0.297651272 0.374325924 0.0250140044 2.45891128e-08 -3.68002333e-08 1
LGIC_C 275 0.0356833734 -0.590358698 0.0250140123 6.33663526e-09 4.9610097e-08 1
LGIC_C 276 -0.0859058404 -0.382896685 0.0250139997 -2.90231482e-08 4.96101036e-08 1
LGIC_C 277 0.641117881 -0.0722515338 0.0250140173 -4.96100802e-08 3.14742968e-08 1
LGIC_C 278 0.259703291 0.256018837 0.0250139991 -3.68002282e-08 -2.45891172e-08 1
LGIC_C 279 0.0909096207 -0.0674236306 0.0250139882 -3.68002179e-08 2.45891393e-08 1
LGIC_C 280 -0.303357822 -0.138014668 0.0250139953 1.45571809e-08 5.5602105e-08 1
LGIC_C 281 0.292035718 0.675051534 0.0250140201 -4.80634192e-08 -3.37890445e-08 1
LGIC_C 282 -0.249484383 -0.496553089 0.0250140083 3.95603082e-08 3.05989652e-08 1
LGIC_C 283 -0.266734937 -0.48545563 0.0250140065 7.55636799e-08 6.2887973e-09 1
LGIC_C 284 0.173888436 -0.749117433 0.0250140173 -8.63454093e-09 4.34088369e-08 1
LGIC_C 285 -0.242572126 0.56925197 0.0250140192 3.27854968e-08 -4.90669676e-08 1
LGIC_C 286 -0.523388699 0.0253276019 0.0250140085 4.96100851e-08 2.90231542e-08 1
LGIC_C 287 -0.0703617476 -0.110806415 0.0250139891 2.45891453e-08 3.68002268e-08 1
LGIC_C 288 0.0754368828 -0.350336203 0.0250140001 6.33663526e-09 4.9610097e-08 1
LGIC_C 289 -0.0136813313 -0.0443028594 0.0250139853 8.63456455e-09 4.34088336e-08 1
LGIC_C 290 -0.416216229 -0.524488471 0.025014017 2.81018674e-08 4.20574117e-08 1
LGIC_C 291 -0.528175131 0.396908862 0.0250140125 3.68002297e-08 -2.45891157e-08 1
LGIC_C 292 0.445720554 0.455455126 0.0250140149 -2.81018716e-08 -4.20573923e-08 1
LGIC_C 293 -0.650561771 -0.0366998529 0.0250140145 -4.96100919e-08 2.90231703e-08 -1
LGIC_C 294 0.0497106787 -0.230179818 0.0250139971 -1.15127059e-08 5.78784511e-08 1
LGIC_C 295 -0.171901119 0.141093065 0.025013995 6.28881943e-09 -7.55636452e-08 1
LGIC_C 296 0.558430528 0.286945964 0.0250140148 -4.20574004e-08 -2.81018564e-08 1
LGIC_C 297 0.0449098788 0.311330979 0.0250139972 -8.63455884e-09 -4.34088253e-08 1
LGIC_C 298 0.0366554971 -0.538321387 0.0250140103 -9.86804037e-09 4.96101e-08 1
LGIC_C 299 -0.0583494312 -0.301640384 0.0250139988 9.8680833e-09 4.96100963e-08 1
LGIC_C 300 0.39736913 -0.0820141621 0.0250140025 -4.34088182e-08 2.48392526e-08 1
LGIC_C 301 0.110924738 0.415103105 0.0250140022 -8.63455884e-09 -4.34088253e-08 1
LGIC_C 302 0.362446359 0.288885377 0.0250140066 -4.20574004e-08 -2.81018564e-08 1
LGIC_C 303 -0.0812428536 0.31380675 0.0250139996 9.86805557e-09 -4.96100883e-08 1
LGIC_C 304 -0.182884435 0.378895207 0.025014004 1.31306824e-08 -4.82586643e-08 1
LGIC_C 305 -0.455716443 0.177764432 0.0250140075 4.34088279e-08 -2.48392273e-08 1
LGIC_C 306 0.17815446 0.094210173 0.0250139934 -4.20574004e-08 -2.81018564e-08 1
LGIC_C 307 -0.395225582 0.311033339 0.0250140064 -4.82586679e-08 1.31306769e-08 -1
LGIC_C 308 0.610437854 -0.243578577 0.0250140118 -4.34088226e-08 8.63456802e-09 1
LGIC_C 309 0.156169438 0.138415082 0.0250139924 -3.68002282e-08 -2.45891172e-08 1
LGIC_C 310 0.00724065586 0.803828067 0.0250140182 -8.63455884e-09 -4.34088253e-08 1
LGIC_C 311 0.550990449 0.589947572 0.0250140185 -2.45891309e-08 -3.68002211e-08 1
LGIC_C 312 0.292180334 0.174475649 0.0250140004 -4.20574004e-08 -2.81018564e-08 1
LGIC_C 313 0.601175824 0.366765916 0.0250140144 -3.68002282e-08 -2.45891172e-08 1
LGIC_C 314 -0.278267712 0.480929877 0.0250140078 2.45891128e-08 -3.68002333e-08 1
LGIC_C 315 -0.0939714562 0.0419571369 0.025013987 6.28881943e-09 -7.55636452e-08 1
LGIC_C 316 -0.230732007 -0.205975247 0.0250140002 6.28883752e-09 7.55636663e-08 1
LGIC_C 317 -0.421907158 -0.182454003 0.0250140033 3.68002489e-08 2.45891179e-08 1
LGIC_C 318 -0.187752633 -0.345069934 0.0250139987 -5.56021111e-08 -1.45571543e-08 -1
LGIC_C 319 -0.544426286 -0.0652244555 0.0250140051 -4.34088282e-08 2.70157287e-08 -1
LGIC_C 320 0.379189613 0.550631981 0.0250140171 -2.81018716e-08 -4.20573923e-08 1
LGIC_C 321 0.601239182 -0.341666526 0.02501402 -3.37890406e-08 4.80634332e-08 1
LGIC_C 322 0.544010061 0.16911151 0.0250140167 -5.78784335e-08 -1.15127284e-08 1
LGIC_C 323 -0.283036136 -0.683882287 0.02501402 2.81018674e-08 4.20574117e-08 1
LGIC_C 324 0.0339148958 0.707009558 0.0250140181 -6.33660387e-09 4.96100877e-08 -1
LGIC_C 325 0.457751316 0.698084902 0.0250140202 -2.45891309e-08 -3.68002211e-08 1
LGIC_C 326 0.195674414 0.663919409 0.025014015 -6.33660387e-09 4.96100877e-08 -1
LGIC_C 327 -0.316994888 -0.0160320787 0.0250139985 -4.96100919e-08 2.90231703e-08 -1
LGIC_C 328 -0.417627303 0.0322007204 0.0250140022 4.34088279e-08 -2.48392273e-08 1
LGIC_C 329 0.638379233 -0.178415548 0.0250140167 -4.96100859e-08 9.86807898e-09 1
LGIC_C 330 0.35164785 -0.049523695 0.0250140022 -4.96100802e-08 3.14742968e-08 1
LGIC_C 331 0.240232837 -0.0382644764 0.0250139946 -4.34088182e-08 2.48392526e-08 1
LGIC_C 332 -0.000241276737 -0.359741612 0.0250140011 9.8680833e-09 4.96100963e-08 1
LGIC_C 333 0.458505993 0.110354323 0.0250140041 -4.34088272e-08 -8.63453573e-09 1
LGIC_C 334 0.249605213 0.809820757 0.00950531466 0.194186548 0.976240951 0.0961519121
LGIC_C 335 0.172317964 0.619335812 0.0250140129 -6.33660387e-09 4.96100877e-08 -1
LGIC_C 336 -0.755474523 0.0440351558 0.0250140172 4.34088279e-08 -2.48392273e-08 1
LGIC_C 337 -0.0541724569 -0.0150994273 0.0250139853 4.96100935e-08 -4.19869172e-08 1
LGIC_C 338 -0.152146125 0.299267466 0.025013998 2.45891128e-08 -3.68002333e-08 1
LGIC_C 339 0.12439157 -0.242056356 0.0250139965 -1.31306721e-08 4.82586744e-08 1
LGIC_C 340 -0.269062385 0.647054923 0.025014018 2.8101852e-08 -4.20574041e-08 1
LGIC_C 341 -0.00537315366 -0.717249304 0.0250140144 8.63456455e-09 4.34088336e-08 1
LGIC_C 342 -0.86160949 0.00623058721 -0.0263243675 -0.976241016 0.194186373 0.0961516081
LGIC_C 343 0.275031156 0.421244666 0.0250140072 1.3130701e-08 4.82586573e-08 -1
LGIC_C 344 -0.157867592 0.0428704376 0.0250139903 5.7878425e-08 4.89846948e-08 1
LGIC_C 345 -0.0497206679 -0.114685026 0.0250139878 7.55636799e-08 6.2887973e-09 1
LGIC_C 346 0.374124033 0.344669916 0.0250140055 -3.68002282e-08 -2.45891172e-08 1
LGIC_C 347 0.429763867 -0.247834537 0.0250140124 -4.90669481e-08 3.27855328e-08 1
LGIC_C 348 -0.104820069 -0.632081435 0.0250140156 9.8680833e-09 4.96100963e-08 1
LGIC_C 349 -0.122584765 -0.586858798 0.0250140088 -2.90231482e-08 4.96101036e-08 1
LGIC_C 350 -0.190994396 0.351287981 0.0250140009 2.45891128e-08 -3.68002333e-08 1
LGIC_C 351 -0.115560081 0.0556891916 0.0250139899 3.37890593e-08 -4.80634052e-08 1
LGIC_C 352 -0.135292952 -0.364913909 0.0250140024 2.48392553e-08 4.34088306e-08 1
LGIC_C 353 -0.286898267 0.136590713 0.0250139989 -4.82586679e-08 1.31306769e-08 -1
LGIC_C 354 0.163782179 0.237055658 0.0250139978 -2.81018716e-08 -4.20573923e-08 1
LGIC_C 355 0.118163075 -0.542573905 0.0250140134 1.00935263e-08 5.7878447e-08 1
LGIC_C 356 0.112450556 0.753385929 0.0250140169 -8.63455884e-09 -4.34088253e-08 1
LGIC_C 357 0.720466859 0.227465699 0.0250140175 -4.96100869e-08 6.3366408e-09 1
LGIC_C 358 0.0477544098 -0.0374291791 0.0250139868 -4.90669481e-08 3.27855328e-08 1
LGIC_C 359 -0.201834798 0.146984516 0.0250139957 6.28881943e-09 -7.55636452e-08 1
LGIC_C 360 -0.502980696 0.438097974 0.0250140126 3.68002297e-08 -2.45891157e-08 1
LGIC_C 361 0.598313658 -0.139361827 0.0250140143 -4.96100859e-08 9.86807898e-09 1
LGIC_C 362 -0.385837098 -0.100393943 0.0250139995 -4.96100919e-08 2.90231703e-08 -1
LGIC_C 363 -0.475473344 0.358913686 0.0250140134 4.20574045e-08 -2.81018523e-08 1
LGIC_C 364 0.109501937 0.131191226 0.0250139933 -3.27855134e-08 -4.90669575e-08 1
LGIC_C 365 0.640052713 -0.30975757 0.0250140189 -4.20573976e-08 2.81018683e-08 1
LGIC_C 366 -0.236618367 -0.702730989 0.0250140196 2.48392553e-08 4.34088306e-08 1
LGIC_C 367 0.394746504 -0.123559926 0.0250140034 -4.34088182e-08 2.48392526e-08 1
LGIC_C 368 -0.106442978 -0.246300581 0.025013995 3.95603082e-08 3.05989652e-08 1
LGIC_C 369 -0.0662941165 -0.602122568 0.0250140112 -2.90231482e-08 4.96101036e-08 1
LGIC_C 370 -0.390453225 -0.513575079 0.0250140117 2.45891453e-08 3.68002268e-08 1
LGIC_C 371 0.183800439 0.0926181598 0.0250139923 -3.68002282e-08 -2.45891172e-08 1
LGIC_C 372 -0.0449914542 0.436519435 0.0250140026 8.63455111e-09 -4.34088279e-08 1
LGIC_C 373 -0.49682228 0.492252172 0.0250140137 3.68002297e-08 -2.45891157e-08 1
LGIC_C 374 0.11985289 -0.280091559 0.0250139983 -1.31306721e-08 4.82586744e-08 1
LGIC_C 375 0.215975326 -0.598530572 0.0250140157 1.00935263e-08 5.7878447e-08 1
LGIC_C 376 0.459235715 0.376973291 0.0250140132 -4.20574004e-08 -2.81018564e-08 1
LGIC_C 377 0.295648594 0.18965662 0.0250139988 -3.68002282e-08 -2.45891172e-08 1
LGIC_C 378 -0.607909193 0.0115358398 0.0250140131 4.96100851e-08 2.90231542e-08 1
LGIC_C 379 -0.0517564927 -0.38362961 0.0250140028 9.8680833e-09 4.96100963e-08 1
LGIC_C 380 0.187421321 0.632362545 0.0250140165 -9.86806672e-09 -4.96100854e-08 1
LGIC_C 381 0.0170198182 0.587312523 0.0250140126 -9.86806672e-09 -4.96100854e-08 1
LGIC_C 382 0.566582766 -0.281671041 0.0250140159 -3.37890406e-08 4.80634332e-08 1
LGIC_C 383 0.320597665 -0.498056511 0.0250140182 -3.27854948e-08 4.90669785e-08 1
LGIC_C 384 -0.490508079 -0.378887058 0.0250140149 6.28883752e-09 7.55636663e-08 1
LGIC_C 385 0.594670036 0.0664517077 0.0250140184 -5.78784335e-08 -1.15127284e-08 1
LGIC_C 386 0.57628501 -0.423343493 0.0250140148 -3.68002179e-08 2.45891393e-08 1
LGIC_C 387 0.562767104 -0.241651347 0.0250140139 -3.37890406e-08 4.80634332e-08 1
LGIC_C 388 -0.0316985503 0.44689593 0.0250140058 9.86805557e-09 -4.96100883e-08 1
LGIC_C 389 0.409809299 -0.332050315 0.0250140098 -4.20573976e-08 2.81018683e-08 1
LGIC_C 390 0.544619102 0.0574057826 0.0250140099 -4.96100869e-08 6.3366408e-09 1
LGIC_C 391 -0.24432619 0.109759038 0.0250139968 3.37890593e-08 -4.80634052e-08 1
LGIC_C 392 -0.162664333 -0.606069255 0.0250140086 -2.90231482e-08 4.96101036e-08 1
LGIC_C 393 -0.034011708 -0.347930346 0.0250139986 8.63456455e-09 4.34088336e-08 1
LGIC_C 394 0.442979216 0.625407327 0.0250140172 -2.45891309e-08 -3.68002211e-08 1
LGIC_C 395 0.318402557 0.474878365 0.0250140104 1.3130701e-08 4.82586573e-08 -1
LGIC_C 396 0.249288213 0.414637106 0.0250140065 1.3130701e-08 4.82586573e-08 -1
LGIC_C 397 -0.61199168 0.130407452 0.025014011 4.34088259e-08 -8.63455061e-09 1
LGIC_C 398 -0.602819891 0.2599649 0.0250140161 3.37890593e-08 -4.80634052e-08 1
LGIC_C 399 0.567429664 -0.171848333 0.0250140168 -4.96100802e-08 3.14742968e-08 1
