VGCC_O 8 -0.134706799 0.0161271258 0.0466933331 -1.62059677e-06 3.22356891e-07 -1
VGCC_O 5 0.113746944 -0.0200409323 0.0466929896 -1.01287282e-06 -1.51427976e-07 -1
VGCC_O 3 0.0772568984 -0.00428239309 0.046693036 -1.41802159e-06 2.82063681e-07 -1
CaBS 10 0.10799159 -0.000206284402 0.070416032 -0.344822968 0.867728907 0.357971598
CaBS 11 0.0976060206 -0.00611152292 0.0747263275 -0.344822968 0.867728907 0.357971598
CaBS 13 0.102198502 -0.00996235195 0.0530425075 -0.333750671 -0.131704002 -0.933415527
CaBS 14 0.122590884 -0.0244910815 0.0707798609 0.999896301 0.01419805 -0.0024089266
CaBS 15 0.0950509791 -0.0141976068 0.0597913445 -0.751399618 0.322919164 -0.575431861
CaBS 16 0.117576906 -0.0257905251 0.0791094932 0.751399702 -0.322919474 0.575431578
CaBS 17 0.0953301278 -0.008662691 0.0625328996 -0.751399618 0.322919164 -0.575431861
CaBS 19 0.0905649047 -0.00795086325 0.070015097 -0.999896295 -0.0141984568 0.00240892729
CaBS 20 0.0919319211 -0.019033725 0.0611502955 -0.751399618 0.322919164 -0.575431861
CaBS 21 0.0959045303 -0.00836826091 0.0775315101 -0.748611723 0.322508223 0.579283121
CaBS 22 0.0927197563 -0.0271589757 0.0714613222 -0.735818491 -0.677177075 0.00153536998
CaBS 23 0.117165831 -0.0145109083 0.0823857655 0.333750516 0.131703927 0.933415593
CaBS 24 0.116267535 -0.0220113231 0.0829400766 0.751399702 -0.322919474 0.575431578
Ca 8 -0.70569591 -0.431356669 0.429768016 0 0 0
Ca 6 -0.215775746 -0.19211958 0.0898138526 0 0 0
Ca 4 0.161575956 -0.118340525 0.578625256 0 0 0
Ca 8 -0.461227136 -0.0821491466 0.686610332 0 0 0
Ca 7 0.324592076 0.274918664 0.186133745 0 0 0
Ca 1 -0.0552332063 0.369575675 0.616780615 0 0 0
Ca 7 -0.52110421 0.160297092 0.617560685 0 0 0
Ca 6 -0.392536083 -0.179942191 0.365267306 0 0 0
Ca 1 0.544011963 -0.405726254 0.526522989 0 0 0
Ca 6 0.660847828 -0.281196142 0.469807036 0 0 0
Ca 1 -0.5025467 -0.0806983238 0.522822317 0 0 0
Ca 1 -0.0175877079 0.242385504 0.0718362732 0 0 0
Ca 6 0.509844562 0.171832082 0.216790362 0 0 0
Ca 8 -0.102092186 0.332755882 0.198749196 0 0 0
Ca 8 0.491339548 0.570219608 0.411401126 0 0 0
Ca 6 -0.206917358 0.375910378 0.373805798 0 0 0
Ca 1 -0.156623212 -0.612378177 0.439458719 0 0 0
Ca 6 -0.30450145 -0.628553095 0.572052893 0 0 0
Ca 4 -0.609704534 0.43418949 0.363370092 0 0 0
Ca 1 -0.254361499 -0.0511388558 0.503143592 0 0 0
Ca 7 0.124411191 0.506183882 0.612778404 0 0 0
Ca 1 0.104901943 -0.357728027 0.630361898 0 0 0
Ca 1 -0.432727754 0.122922775 0.798355086 0 0 0
Ca 6 -0.240189568 0.450910396 0.213690606 0 0 0
Ca 6 -0.642987888 0.257582305 0.10047576 0 0 0
Ca 7 0.587343656 -0.178878512 0.150071101 0 0 0
Ca 6 -0.658074098 0.0818614057 0.278187212 0 0 0
Ca 7 -0.0416973292 0.075247272 0.373111183 0 0 0
Ca 7 0.0754762729 0.180744054 0.481722432 0 0 0
Ca 8 -0.44445912 0.183578243 0.315574809 0 0 0
Ca 8 0.0776564293 0.61988412 0.283550922 0 0 0
Ca 7 0.0883476455 -0.154955495 0.0924575001 0 0 0
Ca 6 0.223631978 0.497548941 0.112666821 0 0 0
Ca 4 -0.0480414101 0.0733196584 0.192051926 0 0 0
Ca 6 -0.161387811 0.141582192 0.600369752 0 0 0
Ca 6 -0.306142467 0.404128205 0.318579292 0 0 0
Ca 7 -0.348770462 0.133584896 0.348066326 0 0 0
Ca 4 0.280249 -0.247589528 0.0723891924 0 0 0
Ca 1 -0.54477209 -0.501063714 0.238296924 0 0 0
Ca 8 -0.716547779 0.162174167 0.138990222 0 0 0
Ca 4 0.0448812525 0.296369367 0.680857069 0 0 0
Ca 8 -0.0813093866 0.289964586 0.193862811 0 0 0
Ca 7 -0.489661078 0.0412093932 0.136355124 0 0 0
Ca 1 -0.521073744 -0.0646385439 0.171545368 0 0 0
Ca 8 -0.352002326 -0.127739178 0.139521872 0 0 0
Ca 1 -0.212651221 0.320163358 0.269874989 0 0 0
Ca 8 0.0424521655 0.165994273 0.241305892 0 0 0
Ca 1 0.0578507133 0.106794029 0.133945045 0 0 0
Ca 4 -0.0576097716 -0.0189238725 0.612582058 0 0 0
Ca 4 -0.176193753 -0.0649128867 0.197150678 0 0 0
Ca 4 -0.332795308 0.20522334 0.436773148 0 0 0
Ca 8 -0.164654513 0.121118515 0.373549659 0 0 0
Ca 8 -0.152951914 -0.0551058846 0.534067414 0 0 0
Ca 4 -0.214820335 -0.0678801237 0.165036736 0 0 0
Ca 6 0.162955241 0.116960274 0.0829351459 0 0 0
Ca 8 0.299807943 -0.0353105558 0.331265351 0 0 0
Ca 8 -0.27207234 0.173010132 0.0927507147 0 0 0
Ca 6 -0.561502215 0.129025731 0.433934628 0 0 0
Ca 4 -0.0231016753 -0.0395604244 0.205877748 0 0 0
Ca 7 0.0589453092 0.286663105 0.0493973903 0 0 0
Ca 1 -0.552163023 -0.0995529306 0.163622657 0 0 0
Ca 7 -0.167255402 0.114360945 0.2223478 0 0 0
Ca 1 -0.241499142 0.270549269 0.329760641 0 0 0
Ca 1 -0.257389008 -0.047549124 0.10458849 0 0 0
Ca 6 -0.287982764 0.0413278671 0.0806335976 0 0 0
Ca 8 -0.501764153 0.214192464 0.280102126 0 0 0
Ca 4 -0.0828201039 0.125752922 0.0894475512 0 0 0
Ca 4 -0.139618716 -0.103430907 0.229299452 0 0 0
Ca 6 -0.288464963 0.00294831964 0.0467566911 0 0 0
Ca 8 -0.236104956 -0.0100551382 0.400772293 0 0 0
Ca 7 -0.148041047 -0.0788670533 0.0575600209 0 0 0
Ca 7 -0.0132588596 0.169686026 0.205605511 0 0 0
Ca 4 -0.0623126114 0.00325370647 0.0917151755 0 0 0
Ca 1 -0.259838937 -0.122967228 0.0941825945 0 0 0
Ca 4 -0.0720337902 -0.0764111479 0.0487704596 0 0 0
Ca 1 -0.245981582 0.0492132012 0.087547642 0 0 0
Ca 6 -0.132914706 0.152830238 0.104001666 0 0 0
Ca 8 -0.160121018 0.0943864645 0.0817587578 0 0 0
Ca 7 -0.206525714 0.0670838054 0.0502674535 0 0 0
Ca 1 -0.208656618 -0.0904312665 0.0947169809 0 0 0
Ca 4 -0.0780429151 0.0257645797 0.0849888173 0 0 0
Ca 7 -0.192886382 -0.0346058115 0.110953046 0 0 0
VGCC_O 0 0.11238887 -0.0311459409 0.0466929927 -1.01287282e-06 -1.51427976e-07 -1
VGCC_O 2 0.119933892 -0.04777957 0.0466929781 -1.41802115e-06 2.82063236e-07 -1
VGCC_O 9 0.0953603447 -0.018533153 0.0466930096 -1.14792244e-06 -1.24564753e-07 -1
VGCC_O 1 -0.126159285 0.0151063295 0.0466933189 -1.62059625e-06 3.22356338e-07 -1
VGCC_O 7 -0.137449801 0.00579357966 0.0466933342 -1.62059625e-06 3.22356338e-07 -1
VGCC_O 4 -0.108229728 0.00324736392 0.0466932869 -8.10297798e-07 1.61178104e-07 -1
VGCC_O 6 -0.12622171 0.0241576588 0.046693322 -1.62059677e-06 3.22356891e-07 -1
TAG 41 -0.105784995 0.0105052503 0.0536665039 -0.333750681 -0.131703993 -0.933415524
TAG 73 0.105323475 -0.00357186878 0.063445091 -0.346545998 0.867982935 -0.355684546
TAG 71 -0.096079873 0.00270213046 0.0564810255 0.74861179 -0.322508554 -0.579282851
TAG 70 -0.118208439 0.00383577013 0.0653592954 -0.735818461 -0.677177107 0.0015353549
TAG 69 -0.119239302 0.00795267007 0.0681959954 -0.999896295 -0.0141984574 0.00240892698
TAG 67 -0.115078276 0.000454692191 0.0742448755 -0.735818461 -0.677177107 0.0015353549
TAG 65 0.119072188 -0.020557456 0.0800936336 0.751399702 -0.322919474 0.575431578
TAG 63 -0.104896891 0.0149528875 0.0527352849 0.329239713 0.132369034 -0.93492227
TAG 62 -0.0995730683 0.0302300905 0.0690462359 0.3213287 0.750213891 -0.577864158
TAG 59 -0.100018848 -0.00188752594 0.0603333581 0.344822933 -0.867729023 -0.35797135
TAG 55 -0.119337383 0.0151637023 0.0699872324 -0.999896295 -0.0141984574 0.00240892698
TAG 54 -0.104785227 0.0261860029 0.076486355 -0.344822968 0.867728888 0.357971643
TAG 53 -0.089146311 -0.000197085518 0.0670554248 0.74861179 -0.322508554 -0.579282851
TAG 52 -0.119278263 0.0119799944 0.0757618237 -0.999896295 -0.0141984574 0.00240892698
TAG 51 -0.102448777 0.00747370566 0.0865367572 -0.329239868 -0.132369105 0.934922205
TAG 45 -0.113699624 0.0170707545 0.0588716642 -0.751399624 0.322919173 -0.575431849
TAG 44 -0.11923843 0.00668793202 0.0611035411 -0.999896295 -0.0141984574 0.00240892698
LGIC_C 0 0.492046361 0.227389371 0.0250140103 -4.20574004e-08 -2.81018564e-08 1
LGIC_C 1 -0.318147466 0.0439463011 0.0250139975 4.34088259e-08 -8.63455061e-09 1
LGIC_C 2 -0.518989573 0.0988559735 0.02501401 4.96100897e-08 -9.86805572e-09 1
LGIC_C 3 0.249420157 -0.62590895 0.0250140167 -9.86804037e-09 4.96101e-08 1
LGIC_C 4 -0.369343331 -0.232603258 0.0250140031 6.28883752e-09 7.55636663e-08 1
LGIC_C 5 0.00128299954 -0.537603179 0.0250140143 1.00935263e-08 5.7878447e-08 1
LGIC_C 6 -0.332250597 0.462824243 0.0250140141 1.28239438e-08 -5.73353116e-08 1
LGIC_C 7 -0.704052889 0.436422412 0.0250140199 3.68002297e-08 -2.45891157e-08 1
LGIC_C 8 -0.227380175 0.293527346 0.0250139997 2.45891128e-08 -3.68002333e-08 1
LGIC_C 9 -0.475839268 -0.27138055 0.0250140067 6.28883752e-09 7.55636663e-08 1
LGIC_C 10 -0.390427174 -0.64114714 0.0250140183 3.95603082e-08 3.05989652e-08 1
LGIC_C 11 0.185568484 0.574192839 0.0250140106 -6.33660387e-09 4.96100877e-08 -1
LGIC_C 12 0.356818377 0.161479011 0.025014006 -4.90669739e-08 -3.27854893e-08 1
LGIC_C 13 0.710443548 -0.118153738 0.0250140196 -4.96100859e-08 9.86807898e-09 1
LGIC_C 14 0.664727355 0.228084736 0.0250140148 -4.96100869e-08 6.3366408e-09 1
LGIC_C 15 -0.445302414 -0.333842188 0.0250140073 5.39043203e-09 6.47688584e-08 1
LGIC_C 16 0.655856255 -0.117363105 0.0250140169 -4.96100859e-08 9.86807898e-09 1
LGIC_C 17 -0.536943173 0.345583403 0.0250140137 -4.82586679e-08 1.31306769e-08 -1
LGIC_C 18 0.272066839 -0.423889885 0.0250140087 -2.81018481e-08 4.20574137e-08 1
LGIC_C 19 -0.326249248 0.270177102 0.0250140073 3.37890593e-08 -4.80634052e-08 1
LGIC_C 20 0.151786481 -0.344680747 0.025014002 -2.81018481e-08 4.20574137e-08 1
LGIC_C 21 -0.0261316289 -0.167037943 0.0250139908 -2.90231482e-08 4.96101036e-08 1
LGIC_C 22 0.159489061 0.634659829 0.0250140163 -9.86806672e-09 -4.96100854e-08 1
LGIC_C 23 -0.465143033 0.383731995 0.0250140098 3.68002297e-08 -2.45891157e-08 1
LGIC_C 24 0.123070312 0.482132142 0.0250140084 -9.86806672e-09 -4.96100854e-08 1
LGIC_C 25 0.420431659 0.0169030174 0.0250140016 -4.34088272e-08 -8.63453573e-09 1
LGIC_C 26 -0.0572312406 0.277974637 0.025014 1.15127271e-08 -5.78784352e-08 1
LGIC_C 27 -0.256632273 0.489830467 0.0250140157 3.27854968e-08 -4.90669676e-08 1
LGIC_C 28 0.672504314 0.0705757284 0.025014013 -4.34088272e-08 -8.63453573e-09 1
LGIC_C 29 -0.595022096 -0.118531265 0.0250140119 5.7878436e-08 -4.89847332e-08 1
LGIC_C 30 0.630348718 0.0469833491 0.0250140142 -4.96100869e-08 6.3366408e-09 1
LGIC_C 31 -0.376446508 -0.460033081 0.0250140122 3.95603082e-08 3.05989652e-08 1
LGIC_C 32 0.0382807686 0.0821791666 0.0250139877 1.3130701e-08 4.82586573e-08 -1
LGIC_C 33 -0.0284848583 0.622238025 0.0250140105 8.63455111e-09 -4.34088279e-08 1
LGIC_C 34 0.218941617 -0.462787577 0.0250140131 -3.27854948e-08 4.90669785e-08 1
LGIC_C 35 -0.175779036 -0.539415354 0.0250140049 -2.90231482e-08 4.96101036e-08 1
LGIC_C 36 0.545846711 -0.600314923 0.0250140187 -2.45891087e-08 3.68002429e-08 1
LGIC_C 37 0.131200021 0.752394262 0.0250140171 -8.63455884e-09 -4.34088253e-08 1
LGIC_C 38 0.729174388 -0.312117395 0.0250140179 -3.05989503e-08 3.95603122e-08 1
LGIC_C 39 0.694473277 0.323518717 0.0250140168 -3.68002282e-08 -2.45891172e-08 1
LGIC_C 40 -0.743418957 0.0187268113 0.025014016 4.34088279e-08 -2.48392273e-08 1
LGIC_C 41 -0.528541055 0.610924848 0.0250140187 2.45891128e-08 -3.68002333e-08 1
LGIC_C 42 -0.265723883 -0.648485758 0.0250140137 8.63456455e-09 4.34088336e-08 1
LGIC_C 43 -0.57198365 -0.531021404 0.0250140163 1.15916899e-08 4.97976879e-08 1
LGIC_C 44 0.297566521 0.542259144 0.0250140133 1.3130701e-08 4.82586573e-08 -1
LGIC_C 45 0.025571381 -0.221453177 0.0250139941 6.33663526e-09 4.9610097e-08 1
LGIC_C 46 -0.21536425 -0.185886465 0.0250139964 5.39043203e-09 6.47688584e-08 1
LGIC_C 47 0.487206037 -0.171521811 0.0250140134 -5.78784275e-08 1.15127558e-08 1
LGIC_C 48 -0.0443189371 -0.432303881 0.0250140024 8.63456455e-09 4.34088336e-08 1
LGIC_C 49 -0.524810705 -0.215667708 0.0250140079 4.34088238e-08 8.63459484e-09 1
LGIC_C 50 0.27049607 -0.308296394 0.0250140072 -3.27854948e-08 4.90669785e-08 1
LGIC_C 51 -0.606064394 -0.00618257273 0.0250140094 -4.34088282e-08 2.70157287e-08 -1
LGIC_C 52 0.646471835 -0.204205105 0.0250140164 -4.34088182e-08 2.48392526e-08 1
LGIC_C 53 0.355558362 -0.117734772 0.0250140016 -4.34088182e-08 2.48392526e-08 1
LGIC_C 54 -0.0364606584 -0.20846123 0.0250139935 -4.89847109e-08 5.78784581e-08 1
LGIC_C 55 0.41818081 0.513975579 0.0250140125 -2.45891309e-08 -3.68002211e-08 1
LGIC_C 56 -0.138935035 -0.23050502 0.0250139943 -5.56021111e-08 -1.45571543e-08 -1
LGIC_C 57 -0.0655351584 0.434809064 0.0250140069 -3.14742797e-08 4.96100914e-08 -1
LGIC_C 58 0.430653593 -0.0612421226 0.0250140034 -4.34088182e-08 2.48392526e-08 1
LGIC_C 59 -0.399764199 -0.198947547 0.0250140001 1.45571809e-08 5.5602105e-08 1
LGIC_C 60 0.116507374 0.500580015 0.0250140118 -3.14742949e-08 -4.96100822e-08 1
LGIC_C 61 -0.405248882 0.364416159 0.0250140106 4.20574045e-08 -2.81018523e-08 1
LGIC_C 62 -0.0968807554 0.418176672 0.0250140071 -3.14742797e-08 4.96100914e-08 -1
LGIC_C 63 0.210156656 -0.0284250822 0.0250139939 -4.96100859e-08 9.86807898e-09 1
LGIC_C 64 -0.258679083 0.0658496959 0.025013995 5.7878425e-08 4.89846948e-08 1
LGIC_C 65 0.0471293754 0.330762104 0.0250140001 -9.86806672e-09 -4.96100854e-08 1
LGIC_C 66 -0.292759453 -0.273512633 0.0250140003 1.15916899e-08 4.97976879e-08 1
LGIC_C 67 -0.471107299 0.411672686 0.0250140173 6.28881943e-09 -7.55636452e-08 1
LGIC_C 68 -0.602009019 -0.100034068 0.0250140067 -4.34088282e-08 2.70157287e-08 -1
LGIC_C 69 -0.669572802 -0.330465143 0.025014016 3.68002489e-08 2.45891179e-08 1
LGIC_C 70 -0.0304521437 0.431113706 0.0250140022 8.63455111e-09 -4.34088279e-08 1
LGIC_C 71 0.599086641 0.141625796 0.0250140195 -5.78784335e-08 -1.15127284e-08 1
LGIC_C 72 0.10498332 0.34328444 0.0250139996 -6.33660387e-09 4.96100877e-08 -1
LGIC_C 73 -0.0233278251 0.0101917896 0.0250139844 3.68002297e-08 -2.45891157e-08 1
LGIC_C 74 0.515991464 0.45236449 0.0250140141 -4.82586616e-08 -1.31306776e-08 1
LGIC_C 75 0.549216814 -0.586709066 0.0250140183 -2.45891087e-08 3.68002429e-08 1
LGIC_C 76 -0.671983813 0.0680550518 0.0250140146 4.96100851e-08 2.90231542e-08 1
LGIC_C 77 0.315134583 -0.233177598 0.0250140021 -3.05989503e-08 3.95603122e-08 1
LGIC_C 78 0.246895867 0.380353241 0.02501401 -3.27855134e-08 -4.90669575e-08 1
LGIC_C 79 -0.602869012 -0.269511587 0.0250140036 1.15916899e-08 4.97976879e-08 1
LGIC_C 80 0.69379362 -0.0334918666 0.0250140136 -4.34088226e-08 8.63456802e-09 1
LGIC_C 81 0.0904663993 0.670203828 0.0250140159 -6.33660387e-09 4.96100877e-08 -1
LGIC_C 82 0.500834757 -0.350638764 0.0250140124 -3.05989503e-08 3.95603122e-08 1
LGIC_C 83 -0.375304592 0.252188272 0.0250140047 -4.82586679e-08 1.31306769e-08 -1
LGIC_C 84 0.262266948 0.494619148 0.0250140106 1.3130701e-08 4.82586573e-08 -1
LGIC_C 85 -0.0553778074 0.124360675 0.0250139911 1.28239438e-08 -5.73353116e-08 1
LGIC_C 86 0.532187495 -0.35479873 0.0250140183 -3.37890406e-08 4.80634332e-08 1
LGIC_C 87 -0.348879691 -0.254507665 0.0250140025 1.45571809e-08 5.5602105e-08 1
LGIC_C 88 -0.559884047 -0.521782398 0.0250140157 1.15916899e-08 4.97976879e-08 1
LGIC_C 89 0.305472046 -0.515146734 0.0250140121 -1.31306721e-08 4.82586744e-08 1
LGIC_C 90 -0.335062994 -0.317191948 0.0250140058 1.45571809e-08 5.5602105e-08 1
LGIC_C 91 0.123352403 0.76494264 0.0250140175 -8.63455884e-09 -4.34088253e-08 1
LGIC_C 92 0.217641006 -0.663821663 0.0250140148 6.33663526e-09 4.9610097e-08 1
LGIC_C 93 -0.0772494803 0.554733606 0.0250140103 -6.33661298e-09 -4.96100859e-08 1
LGIC_C 94 0.140850663 -0.0340171276 0.0250139913 -4.96100802e-08 3.14742968e-08 1
LGIC_C 95 -0.314957385 -0.371031528 0.0250140062 -5.56021111e-08 -1.45571543e-08 -1
LGIC_C 96 0.338706623 -0.00802266987 0.0250140001 -4.96100859e-08 9.86807898e-09 1
LGIC_C 97 -0.390137087 0.113330462 0.0250139993 4.96100851e-08 2.90231542e-08 1
LGIC_C 98 -0.338644689 -0.520059259 0.0250140126 3.95603082e-08 3.05989652e-08 1
LGIC_C 99 0.24416248 -0.0568170539 0.0250139971 -4.96100802e-08 3.14742968e-08 1
LGIC_C 100 -0.340989168 -0.495678468 0.0250140099 2.45891453e-08 3.68002268e-08 1
LGIC_C 101 -0.36093109 0.0153712791 0.0250140013 4.96100897e-08 -9.86805572e-09 1
LGIC_C 102 -0.336554305 0.445318574 0.0250140131 1.28239438e-08 -5.73353116e-08 1
LGIC_C 103 -0.416975961 -0.0282785809 0.0250140016 4.34088238e-08 8.63459484e-09 1
LGIC_C 104 0.578721719 -0.246980788 0.0250140197 -4.90669481e-08 3.27855328e-08 1
LGIC_C 105 -0.342448974 0.120055831 0.0250140011 4.34088279e-08 -2.48392273e-08 1
LGIC_C 106 -0.269723343 0.720811269 0.0250140169 8.63455111e-09 -4.34088279e-08 1
LGIC_C 107 -0.7096798 -0.275606041 0.0250140164 4.34088238e-08 8.63459484e-09 1
LGIC_C 108 -0.0480399571 -0.512738565 0.0250140067 2.48392553e-08 4.34088306e-08 1
LGIC_C 109 0.195078228 0.110897326 0.0250139941 -4.82586616e-08 -1.31306776e-08 1
LGIC_C 110 -0.148791056 -0.710692556 0.0250140154 8.63456455e-09 4.34088336e-08 1
LGIC_C 111 -0.520699699 -0.181639027 0.0250140038 -4.96100919e-08 2.90231703e-08 -1
LGIC_C 112 0.719192983 -0.0198879295 0.0250140195 -4.96100802e-08 3.14742968e-08 1
LGIC_C 113 -0.02646738 -0.691200681 0.0250140139 2.48392553e-08 4.34088306e-08 1
LGIC_C 114 -0.356547806 0.406038061 0.0250140111 1.28239438e-08 -5.73353116e-08 1
LGIC_C 115 0.510740684 -0.421370406 0.0250140155 -3.05989503e-08 3.95603122e-08 1
LGIC_C 116 0.184289665 -0.463420182 0.0250140082 1.00935263e-08 5.7878447e-08 1
LGIC_C 117 -0.185382244 -0.0134119557 0.0250139921 -4.96100919e-08 2.90231703e-08 -1
LGIC_C 118 -0.324829317 -0.331032484 0.0250140062 3.95603082e-08 3.05989652e-08 1
LGIC_C 119 0.0857190576 0.419751229 0.0250140049 -9.86806672e-09 -4.96100854e-08 1
LGIC_C 120 0.0232557519 0.497247329 0.0250140082 -9.86806672e-09 -4.96100854e-08 1
LGIC_C 121 -0.450429081 -0.413519202 0.0250140091 1.15916899e-08 4.97976879e-08 1
LGIC_C 122 0.596656903 -0.327078844 0.0250140132 -3.68002179e-08 2.45891393e-08 1
LGIC_C 123 0.346988893 -0.335358618 0.0250140112 -4.90669481e-08 3.27855328e-08 1
LGIC_C 124 0.49828127 -0.426815565 0.0250140121 -3.68002179e-08 2.45891393e-08 1
LGIC_C 125 0.105984331 -0.174895924 0.0250139931 -1.31306721e-08 4.82586744e-08 1
LGIC_C 126 0.63781993 -0.355305532 0.0250140168 -3.05989503e-08 3.95603122e-08 1
LGIC_C 127 0.279852123 -0.271391215 0.0250140025 -3.05989503e-08 3.95603122e-08 1
LGIC_C 128 0.271687695 -0.373725195 0.0250140037 -2.45891087e-08 3.68002429e-08 1
LGIC_C 129 0.382717974 -0.102552553 0.0250140007 -4.34088226e-08 8.63456802e-09 1
LGIC_C 130 -0.670635071 0.177106727 0.0250140139 4.34088259e-08 -8.63455061e-09 1
LGIC_C 131 0.370527782 0.295376996 0.025014005 -4.82586616e-08 -1.31306776e-08 1
LGIC_C 132 -0.244461758 0.0577097674 0.0250139946 5.7878425e-08 4.89846948e-08 1
LGIC_C 133 -0.571264418 -0.0520236476 0.0250140085 4.34088238e-08 8.63459484e-09 1
LGIC_C 134 0.327862504 -0.651359147 0.0250140153 -2.45891087e-08 3.68002429e-08 1
LGIC_C 135 -0.347162156 -0.269063506 0.0250140057 6.28883752e-09 7.55636663e-08 1
LGIC_C 136 0.424180553 -0.279790835 0.0250140057 -3.68002179e-08 2.45891393e-08 1
LGIC_C 137 0.371266312 -0.291403967 0.0250140061 -3.05989503e-08 3.95603122e-08 1
LGIC_C 138 -0.686022129 -0.200076273 0.0250140089 4.96100935e-08 -4.19869172e-08 1
LGIC_C 139 0.155665968 -0.00306894654 0.025013991 -4.96100802e-08 3.14742968e-08 1
LGIC_C 140 0.429378495 0.546665366 0.0250140139 -2.45891309e-08 -3.68002211e-08 1
LGIC_C 141 0.53139493 0.0411026416 0.0250140067 -4.34088272e-08 -8.63453573e-09 1
LGIC_C 142 -0.464357805 -0.556883134 0.0250140187 3.95603082e-08 3.05989652e-08 1
LGIC_C 143 -0.0913047231 -0.165240812 0.0250139928 2.81018674e-08 4.20574117e-08 1
LGIC_C 144 -0.449204028 -0.482619099 0.0250140158 3.95603082e-08 3.05989652e-08 1
LGIC_C 145 0.182672041 0.00243805628 0.0250139923 -4.96100869e-08 6.3366408e-09 1
LGIC_C 146 0.00159217606 0.578072339 0.025014012 -9.86806672e-09 -4.96100854e-08 1
LGIC_C 147 -0.361283891 -0.32696438 0.0250140037 1.15916899e-08 4.97976879e-08 1
LGIC_C 148 0.402204703 -0.114958497 0.0250140078 -5.78784275e-08 1.15127558e-08 1
LGIC_C 149 0.533223762 0.511804596 0.0250140155 -3.68002282e-08 -2.45891172e-08 1
LGIC_C 150 0.443592007 0.163459002 0.0250140042 -4.96100869e-08 6.3366408e-09 1
LGIC_C 151 -0.098383749 -0.711947952 0.025014015 8.63456455e-09 4.34088336e-08 1
LGIC_C 152 0.267330403 0.630318633 0.0250140173 -2.81018716e-08 -4.20573923e-08 1
LGIC_C 153 0.155502054 -0.1596759 0.0250139944 -1.28239349e-08 5.73353226e-08 1
LGIC_C 154 0.172916667 0.529200553 0.0250140112 -9.86806672e-09 -4.96100854e-08 1
LGIC_C 155 -0.611870799 0.0901559258 0.0250140106 4.34088259e-08 -8.63455061e-09 1
LGIC_C 156 -0.283613017 0.0332234198 0.0250139959 4.34088259e-08 -8.63455061e-09 1
LGIC_C 157 -0.392835122 0.282997428 0.0250140071 6.28881943e-09 -7.55636452e-08 1
LGIC_C 158 0.399916666 0.214168952 0.0250140071 3.37890593e-08 4.80634111e-08 -1
LGIC_C 159 0.750662678 0.236049566 0.0250140179 -4.34088272e-08 -8.63453573e-09 1
LGIC_C 160 -0.248290689 -0.0846957522 0.0250139918 -4.34088282e-08 2.70157287e-08 -1
LGIC_C 161 -0.422208605 0.135840566 0.0250140056 4.96100897e-08 -9.86805572e-09 1
LGIC_C 162 0.446422507 -0.0760420767 0.0250140099 -5.78784275e-08 1.15127558e-08 1
LGIC_C 163 0.360331551 -0.210448127 0.0250140043 -4.20573976e-08 2.81018683e-08 1
LGIC_C 164 0.230831493 -0.568907364 0.02501401 6.33663526e-09 4.9610097e-08 1
LGIC_C 165 -0.332181674 0.0561744448 0.0250139981 4.96100851e-08 2.90231542e-08 1
LGIC_C 166 -0.178406912 -0.688128406 0.0250140175 2.48392553e-08 4.34088306e-08 1
LGIC_C 167 -0.535357574 0.506061477 0.0250140158 -4.82586679e-08 1.31306769e-08 -1
LGIC_C 168 -0.600914631 -0.222870255 0.0250140113 4.34088238e-08 8.63459484e-09 1
LGIC_C 169 0.671963154 -0.459833479 0.0250140193 -3.68002179e-08 2.45891393e-08 1
LGIC_C 170 0.483329281 -0.356137717 0.0250140167 -3.37890406e-08 4.80634332e-08 1
LGIC_C 171 -0.195291026 0.253177421 0.0250140003 1.28239438e-08 -5.73353116e-08 1
LGIC_C 172 0.376784592 0.160158267 0.0250140037 3.37890593e-08 4.80634111e-08 -1
LGIC_C 173 0.666105202 0.315956068 0.0250140155 -3.68002282e-08 -2.45891172e-08 1
LGIC_C 174 -0.0485745977 -0.561958324 0.0250140088 2.48392553e-08 4.34088306e-08 1
LGIC_C 175 0.394770029 -0.256260626 0.0250140089 -3.37890406e-08 4.80634332e-08 1
LGIC_C 176 -0.601219421 -0.571243339 0.0250140187 1.15916899e-08 4.97976879e-08 1
LGIC_C 177 0.314365194 0.342924453 0.0250140065 -2.81018716e-08 -4.20573923e-08 1
LGIC_C 178 0.0781284964 -0.616522397 0.0250140133 6.33663526e-09 4.9610097e-08 1
LGIC_C 179 -0.259698711 -0.178993843 0.0250139984 6.28883752e-09 7.55636663e-08 1
LGIC_C 180 -0.16953156 0.223564712 0.0250139974 2.8101852e-08 -4.20574041e-08 1
LGIC_C 181 -0.682467977 -0.280272428 0.0250140153 4.34088238e-08 8.63459484e-09 1
LGIC_C 182 0.0910146302 -0.190597436 0.0250139938 -2.81018481e-08 4.20574137e-08 1
LGIC_C 183 0.686851097 0.302142026 0.0250140204 -4.82586616e-08 -1.31306776e-08 1
LGIC_C 184 0.748555344 -0.023605636 0.0250140163 -4.34088182e-08 2.48392526e-08 1
LGIC_C 185 0.383987208 -0.149340825 0.0250140036 -4.34088182e-08 2.48392526e-08 1
LGIC_C 186 -0.637331247 -0.347850312 0.0250140092 5.39043203e-09 6.47688584e-08 1
LGIC_C 187 0.148628033 0.0799780916 0.0250139932 -4.90669739e-08 -3.27854893e-08 1
LGIC_C 188 -0.714781147 0.0881804507 0.0250140151 4.34088259e-08 -8.63455061e-09 1
LGIC_C 189 -0.506605413 0.246118452 0.0250140115 4.20574045e-08 -2.81018523e-08 1
LGIC_C 190 0.373602462 -0.708088138 0.0250140185 -2.45891087e-08 3.68002429e-08 1
LGIC_C 191 -0.442180871 -0.258064832 0.0250140023 5.39043203e-09 6.47688584e-08 1
LGIC_C 192 -0.303473623 0.105636337 0.0250139974 4.34088259e-08 -8.63455061e-09 1
LGIC_C 193 0.272355288 0.0586286755 0.0250139973 -4.96100911e-08 -9.86803575e-09 1
LGIC_C 194 -0.650306933 0.391008548 0.0250140168 3.68002297e-08 -2.45891157e-08 1
LGIC_C 195 0.349978952 0.401882254 0.02501401 -2.81018716e-08 -4.20573923e-08 1
LGIC_C 196 0.739537881 0.389058292 0.02501402 -3.68002282e-08 -2.45891172e-08 1
LGIC_C 197 -0.224235382 -0.461031064 0.0250140057 2.45891453e-08 3.68002268e-08 1
LGIC_C 198 0.536957198 0.0337246793 0.0250140068 -4.34088272e-08 -8.63453573e-09 1
LGIC_C 199 0.61618961 0.241609712 0.0250140123 -4.96100869e-08 6.3366408e-09 1
LGIC_C 200 0.725659093 -0.272716817 0.0250140171 -4.34088226e-08 8.63456802e-09 1
LGIC_C 201 0.227754395 0.0955038799 0.0250139955 -4.20574004e-08 -2.81018564e-08 1
LGIC_C 202 -0.0320448854 -0.343988704 0.025013999 2.48392553e-08 4.34088306e-08 1
LGIC_C 203 -0.181691424 -0.0731888641 0.0250139902 5.7878436e-08 -4.89847332e-08 1
LGIC_C 204 -0.380664451 0.537562439 0.0250140166 2.8101852e-08 -4.20574041e-08 1
LGIC_C 205 -0.0775240158 0.237113727 0.0250139958 9.86805557e-09 -4.96100883e-08 1
LGIC_C 206 0.623214539 -0.374392365 0.0250140154 -3.68002179e-08 2.45891393e-08 1
LGIC_C 207 -0.120138453 -0.461674802 0.0250140041 -4.89847109e-08 5.78784581e-08 1
LGIC_C 208 -0.497210287 0.352614443 0.0250140119 -4.82586679e-08 1.31306769e-08 -1
LGIC_C 209 -0.0507466353 -0.015350239 0.0250139908 -1.38908242e-07 -2.76307273e-08 -1
LGIC_C 210 0.0579811098 0.234173935 0.0250139955 -9.86806672e-09 -4.96100854e-08 1
LGIC_C 211 0.591607989 -0.155382415 0.0250140193 -5.78784275e-08 1.15127558e-08 1
LGIC_C 212 -0.321785883 -0.466022552 0.0250140079 -5.56021111e-08 -1.45571543e-08 -1
LGIC_C 213 0.401898716 -0.425410907 0.0250140124 -2.81018481e-08 4.20574137e-08 1
LGIC_C 214 0.507446423 -0.0725625306 0.0250140059 -4.34088226e-08 8.63456802e-09 1
LGIC_C 215 -0.457425698 -0.00326375055 0.0250140031 4.34088238e-08 8.63459484e-09 1
LGIC_C 216 0.194659853 -0.14670147 0.025013995 -3.05989503e-08 3.95603122e-08 1
LGIC_C 217 0.501415708 -0.421488646 0.0250140204 -3.37890406e-08 4.80634332e-08 1
LGIC_C 218 -0.271876271 0.365294011 0.0250140045 1.31306824e-08 -4.82586643e-08 1
LGIC_C 219 -0.214788536 -0.447247541 0.0250140054 3.95603082e-08 3.05989652e-08 1
LGIC_C 220 -0.676460697 -0.342741143 0.0250140166 3.68002489e-08 2.45891179e-08 1
LGIC_C 221 0.700823863 -0.470182185 0.00652540669 0.827616944 -0.552996408 0.0961517878
LGIC_C 222 -0.567765495 -0.188822555 0.025014006 -4.96100919e-08 2.90231703e-08 -1
LGIC_C 223 0.247031932 0.447570479 0.0250140102 -4.80634192e-08 -3.37890445e-08 1
LGIC_C 224 -0.3811462 0.0994302708 0.0250139993 4.96100851e-08 2.90231542e-08 1
LGIC_C 225 0.172776344 -0.59725364 0.0250140107 -8.63454093e-09 4.34088369e-08 1
LGIC_C 226 0.365910014 -0.266988528 0.0250140033 -3.68002179e-08 2.45891393e-08 1
LGIC_C 227 -0.126079064 0.463461937 0.0250140045 8.63455111e-09 -4.34088279e-08 1
LGIC_C 228 0.267925827 -0.323620964 0.0250140024 -1.31306721e-08 4.82586744e-08 1
LGIC_C 229 -0.551563608 -0.0744050059 0.0250140078 4.34088238e-08 8.63459484e-09 1
LGIC_C 230 -0.641244505 -0.244726325 0.0250140045 -4.34088282e-08 2.70157287e-08 -1
LGIC_C 231 0.510141362 0.295846039 0.0250140147 3.37890593e-08 4.80634111e-08 -1
LGIC_C 232 -0.217110029 0.74733483 0.0250140176 8.63455111e-09 -4.34088279e-08 1
LGIC_C 233 0.374367627 0.216842272 0.0250140042 -4.82586616e-08 -1.31306776e-08 1
LGIC_C 234 -0.0855041757 -0.458314701 0.0250140039 8.63456455e-09 4.34088336e-08 1
LGIC_C 235 0.281670257 0.455351501 0.0250140103 -2.81018716e-08 -4.20573923e-08 1
LGIC_C 236 0.345955133 -0.0114699713 0.0250139985 -4.34088182e-08 2.48392526e-08 1
LGIC_C 237 0.689984713 -0.0334789854 0.0250140185 -4.96100802e-08 3.14742968e-08 1
LGIC_C 238 -0.176925952 0.0298207633 0.025013992 5.7878425e-08 4.89846948e-08 1
LGIC_C 239 0.511588074 -0.307335295 0.0250140134 -4.20573976e-08 2.81018683e-08 1
LGIC_C 240 0.13219091 -0.21549409 0.0250139973 -1.28239349e-08 5.73353226e-08 1
LGIC_C 241 -0.126234312 0.279938021 0.0250139986 2.8101852e-08 -4.20574041e-08 1
LGIC_C 242 0.627443458 -0.313849312 0.0250140195 -3.37890406e-08 4.80634332e-08 1
LGIC_C 243 -0.607098532 0.203825694 0.0250140154 4.96100897e-08 -9.86805572e-09 1
LGIC_C 244 0.564849889 -0.208418042 0.0250140183 -5.78784275e-08 1.15127558e-08 1
LGIC_C 245 -0.444225499 -0.432253275 0.0250140137 1.45571809e-08 5.5602105e-08 1
LGIC_C 246 0.413313364 0.495783828 0.0250140117 -2.45891309e-08 -3.68002211e-08 1
LGIC_C 247 -0.453280225 0.671436639 0.0250140191 2.45891128e-08 -3.68002333e-08 1
LGIC_C 248 0.138528309 -0.1435585 0.0250139919 -2.45891087e-08 3.68002429e-08 1
LGIC_C 249 0.514846554 -0.0311134272 0.0250140097 -4.96100802e-08 3.14742968e-08 1
LGIC_C 250 0.220419102 0.514688669 0.0250140112 -4.80634192e-08 -3.37890445e-08 1
LGIC_C 251 0.0150275422 0.664810475 0.0250140162 -6.33660387e-09 4.96100877e-08 -1
LGIC_C 252 0.138437627 0.657800807 0.0250140202 -3.14742949e-08 -4.96100822e-08 1
LGIC_C 253 0.53204594 0.324435189 0.0250140132 -4.82586616e-08 -1.31306776e-08 1
LGIC_C 254 -0.47483281 0.288346556 0.0250140132 3.37890593e-08 -4.80634052e-08 1
LGIC_C 255 -0.815844485 -0.027546123 0.0250140179 -4.34088282e-08 2.70157287e-08 -1
LGIC_C 256 -0.288855715 0.563775763 0.0250140111 2.45891128e-08 -3.68002333e-08 1
LGIC_C 257 0.306084933 0.325007917 0.025014003 1.3130701e-08 4.82586573e-08 -1
LGIC_C 258 -0.276887436 0.58482994 0.0250140116 2.45891128e-08 -3.68002333e-08 1
LGIC_C 259 0.254121471 -0.296065947 0.0250140061 -3.27854948e-08 4.90669785e-08 1
LGIC_C 260 -0.0489411971 -0.579483709 0.0250140125 9.8680833e-09 4.96100963e-08 1
LGIC_C 261 0.113571155 0.561537607 0.0250140086 -8.63455884e-09 -4.34088253e-08 1
LGIC_C 262 -0.344168289 0.338874719 0.0250140073 4.20574045e-08 -2.81018523e-08 1
LGIC_C 263 -0.679125118 -0.261250206 0.025014006 4.96100935e-08 -4.19869172e-08 1
LGIC_C 264 0.496429622 -0.306726598 0.025014009 -3.68002179e-08 2.45891393e-08 1
LGIC_C 265 0.140506676 0.0177846476 0.0250139904 -4.96100911e-08 -9.86803575e-09 1
LGIC_C 266 -0.114099758 -0.317996184 0.0250139999 2.48392553e-08 4.34088306e-08 1
LGIC_C 267 -0.282592362 -0.26812426 0.0250140023 1.45571809e-08 5.5602105e-08 1
LGIC_C 268 -0.0459911835 -0.506098821 0.025014007 -2.90231482e-08 4.96101036e-08 1
LGIC_C 269 -0.032816012 0.686994148 0.0250140171 -6.33661298e-09 -4.96100859e-08 1
LGIC_C 270 -0.0949691888 -0.102152773 0.0250139911 7.55636799e-08 6.2887973e-09 1
LGIC_C 271 -0.509156843 -0.401531692 0.0250140119 3.68002489e-08 2.45891179e-08 1
LGIC_C 272 -0.395561717 0.297464726 0.0250140063 -4.82586679e-08 1.31306769e-08 -1
LGIC_C 273 0.698172244 -0.105875674 0.0250140162 -4.34088182e-08 2.48392526e-08 1
LGIC_C 274 -0.328947289 0.381723327 0.0250140054 2.45891128e-08 -3.68002333e-08 1
LGIC_C 275 0.0183926821 -0.57879112 0.0250140118 6.33663526e-09 4.9610097e-08 1
LGIC_C 276 -0.0926938544 -0.42807502 0.0250140018 -2.90231482e-08 4.96101036e-08 1
LGIC_C 277 0.631916557 -0.0680056893 0.0250140167 -4.96100802e-08 3.14742968e-08 1
LGIC_C 278 0.285641005 0.277629613 0.0250140006 -3.68002282e-08 -2.45891172e-08 1
LGIC_C 279 0.0878800189 -0.0809334682 0.0250139885 -3.68002179e-08 2.45891393e-08 1
LGIC_C 280 -0.271186191 -0.131524894 0.0250139945 1.45571809e-08 5.5602105e-08 1
LGIC_C 281 0.321431954 0.645336269 0.0250140205 -4.80634192e-08 -3.37890445e-08 1
LGIC_C 282 -0.271584295 -0.470527375 0.0250140084 3.95603082e-08 3.05989652e-08 1
LGIC_C 283 -0.253488954 -0.50119711 0.0250140056 7.55636799e-08 6.2887973e-09 1
LGIC_C 284 0.187671795 -0.770912747 0.0250140183 -8.63454093e-09 4.34088369e-08 1
LGIC_C 285 -0.225981258 0.544070763 0.0250140174 3.27854968e-08 -4.90669676e-08 1
LGIC_C 286 -0.51904879 0.00658886413 0.0250140088 4.96100851e-08 2.90231542e-08 1
LGIC_C 287 -0.0320476697 -0.139457293 0.0250139896 8.63456455e-09 4.34088336e-08 1
LGIC_C 288 0.0307785435 -0.340377473 0.0250139999 6.33663526e-09 4.9610097e-08 1
LGIC_C 289 -0.0281415756 -0.0304853681 0.0250139851 2.45891453e-08 3.68002268e-08 1
LGIC_C 290 -0.399327986 -0.504352539 0.0250140157 2.81018674e-08 4.20574117e-08 1
LGIC_C 291 -0.509293263 0.409121664 0.0250140121 3.68002297e-08 -2.45891157e-08 1
LGIC_C 292 0.441494363 0.478587915 0.0250140158 -2.81018716e-08 -4.20573923e-08 1
LGIC_C 293 -0.6397473 -0.0363043682 0.025014014 -4.96100919e-08 2.90231703e-08 -1
LGIC_C 294 0.0776941436 -0.186104694 0.0250139932 -2.81018481e-08 4.20574137e-08 1
LGIC_C 295 -0.180026732 0.148260281 0.0250139956 6.28881943e-09 -7.55636452e-08 1
LGIC_C 296 0.525648867 0.300607873 0.0250140138 -4.20574004e-08 -2.81018564e-08 1
LGIC_C 297 0.0634749556 0.317471978 0.0250139976 -8.63455884e-09 -4.34088253e-08 1
LGIC_C 298 0.0261600975 -0.525696275 0.0250140096 -9.86804037e-09 4.96101e-08 1
LGIC_C 299 -0.0905253003 -0.314327415 0.0250139997 9.8680833e-09 4.96100963e-08 1
LGIC_C 300 0.414026412 -0.0719811364 0.025014003 -4.34088182e-08 2.48392526e-08 1
LGIC_C 301 0.0906613164 0.374323115 0.0250140003 -8.63455884e-09 -4.34088253e-08 1
LGIC_C 302 0.357032282 0.316443159 0.0250140072 -4.20574004e-08 -2.81018564e-08 1
LGIC_C 303 -0.0439076691 0.329559892 0.0250140001 9.86805557e-09 -4.96100883e-08 1
LGIC_C 304 -0.180345871 0.379108927 0.0250140039 1.31306824e-08 -4.82586643e-08 1
LGIC_C 305 -0.459427033 0.192399567 0.0250140049 3.68002297e-08 -2.45891157e-08 1
LGIC_C 306 0.198798139 0.0916789836 0.0250139944 3.37890593e-08 4.80634111e-08 -1
LGIC_C 307 -0.442354122 0.294946859 0.0250140085 -4.82586679e-08 1.31306769e-08 -1
LGIC_C 308 0.597839231 -0.266445879 0.0250140118 -3.68002179e-08 2.45891393e-08 1
LGIC_C 309 0.155032852 0.121078836 0.0250139919 -3.68002282e-08 -2.45891172e-08 1
LGIC_C 310 0.0703182884 0.805554053 0.0250140188 -8.63455884e-09 -4.34088253e-08 1
LGIC_C 311 0.55727168 0.578220954 0.0250140182 -2.45891309e-08 -3.68002211e-08 1
LGIC_C 312 0.321829417 0.191434549 0.0250140022 -4.20574004e-08 -2.81018564e-08 1
LGIC_C 313 0.620901789 0.356077817 0.0250140149 -3.68002282e-08 -2.45891172e-08 1
LGIC_C 314 -0.245622468 0.459284688 0.0250140062 2.45891128e-08 -3.68002333e-08 1
LGIC_C 315 -0.114133724 0.0162063195 0.0250139891 4.96100897e-08 -9.86805572e-09 1
LGIC_C 316 -0.245600244 -0.1959259 0.0250139996 6.28883752e-09 7.55636663e-08 1
LGIC_C 317 -0.419698865 -0.179234802 0.0250140031 3.68002489e-08 2.45891179e-08 1
LGIC_C 318 -0.175223202 -0.345033872 0.025013998 -5.56021111e-08 -1.45571543e-08 -1
LGIC_C 319 -0.544853573 -0.073415754 0.0250140049 -4.34088282e-08 2.70157287e-08 -1
LGIC_C 320 0.420640349 0.5592419 0.0250140186 -2.81018716e-08 -4.20573923e-08 1
LGIC_C 321 0.600134432 -0.325879907 0.0250140192 -3.37890406e-08 4.80634332e-08 1
LGIC_C 322 0.557379613 0.215486055 0.025014018 -5.78784335e-08 -1.15127284e-08 1
LGIC_C 323 -0.307957488 -0.670398872 0.0250140201 2.81018674e-08 4.20574117e-08 1
LGIC_C 324 0.0186555935 0.711787975 0.0250140185 -6.33660387e-09 4.96100877e-08 -1
LGIC_C 325 0.444556699 0.659646011 0.0250140185 -2.45891309e-08 -3.68002211e-08 1
LGIC_C 326 0.204349543 0.670863267 0.0250140153 -6.33660387e-09 4.96100877e-08 -1
LGIC_C 327 -0.309162171 -0.027135718 0.0250139978 -4.96100919e-08 2.90231703e-08 -1
LGIC_C 328 -0.397905724 0.0143527793 0.0250140009 4.34088279e-08 -2.48392273e-08 1
LGIC_C 329 0.636992158 -0.181124478 0.0250140166 -4.96100859e-08 9.86807898e-09 1
LGIC_C 330 0.343626583 -0.0352319179 0.0250140014 -4.96100802e-08 3.14742968e-08 1
LGIC_C 331 0.253167261 -0.0434040986 0.0250139953 -4.34088182e-08 2.48392526e-08 1
LGIC_C 332 -0.00137541623 -0.356255287 0.0250140009 9.8680833e-09 4.96100963e-08 1
LGIC_C 333 0.483425378 0.147940519 0.0250140055 -4.34088272e-08 -8.63453573e-09 1
LGIC_C 334 0.252225571 0.808440536 0.0182268316 0.194186548 0.976240951 0.0961519121
LGIC_C 335 0.193157672 0.631182983 0.0250140134 -6.33660387e-09 4.96100877e-08 -1
LGIC_C 336 -0.766463348 0.0165952004 0.025014017 4.34088279e-08 -2.48392273e-08 1
LGIC_C 337 -0.061675818 -0.00190905001 0.0250139863 -4.96100919e-08 2.90231703e-08 -1
LGIC_C 338 -0.156321 0.268236277 0.025013997 2.45891128e-08 -3.68002333e-08 1
LGIC_C 339 0.178139312 -0.255531392 0.0250139979 -1.31306721e-08 4.82586744e-08 1
LGIC_C 340 -0.277957831 0.618295922 0.0250140171 2.8101852e-08 -4.20574041e-08 1
LGIC_C 341 -0.0450172279 -0.71111084 0.0250140145 8.63456455e-09 4.34088336e-08 1
LGIC_C 342 -0.855348818 -0.0272279249 -0.00390972802 -0.976240825 -0.194187339 0.0961515894
LGIC_C 343 0.281905218 0.469169301 0.0250140096 1.3130701e-08 4.82586573e-08 -1
LGIC_C 344 -0.165926717 0.0332562747 0.0250139912 5.7878425e-08 4.89846948e-08 1
LGIC_C 345 -0.068735323 -0.0931325701 0.0250139891 7.55636799e-08 6.2887973e-09 1
LGIC_C 346 0.354326256 0.3451321 0.0250140048 -3.68002282e-08 -2.45891172e-08 1
LGIC_C 347 0.433437722 -0.229697638 0.025014012 -4.90669481e-08 3.27855328e-08 1
LGIC_C 348 -0.121270401 -0.621817876 0.0250140153 9.8680833e-09 4.96100963e-08 1
LGIC_C 349 -0.118725145 -0.587472529 0.0250140089 -2.90231482e-08 4.96101036e-08 1
LGIC_C 350 -0.220438987 0.366537316 0.0250140022 2.45891128e-08 -3.68002333e-08 1
LGIC_C 351 -0.12245269 0.0758768435 0.0250139911 3.37890593e-08 -4.80634052e-08 1
LGIC_C 352 -0.163319743 -0.365421103 0.0250140009 3.95603082e-08 3.05989652e-08 1
LGIC_C 353 -0.302325063 0.132473026 0.0250139997 4.20574045e-08 -2.81018523e-08 1
LGIC_C 354 0.171148717 0.24686965 0.0250139984 -2.81018716e-08 -4.20573923e-08 1
LGIC_C 355 0.114813222 -0.532515909 0.0250140129 1.00935263e-08 5.7878447e-08 1
LGIC_C 356 0.0957693103 0.760038311 0.0250140171 -8.63455884e-09 -4.34088253e-08 1
LGIC_C 357 0.76681249 0.224218055 0.0250140199 -4.96100869e-08 6.3366408e-09 1
LGIC_C 358 0.066732574 -0.0638634987 0.0250139886 -4.90669481e-08 3.27855328e-08 1
LGIC_C 359 -0.187687416 0.132010875 0.0250139944 6.28881943e-09 -7.55636452e-08 1
LGIC_C 360 -0.474846948 0.446392015 0.0250140117 3.68002297e-08 -2.45891157e-08 1
LGIC_C 361 0.581591813 -0.130258897 0.0250140134 -4.96100859e-08 9.86807898e-09 1
LGIC_C 362 -0.400268445 -0.114320281 0.0250139998 -4.96100919e-08 2.90231703e-08 -1
LGIC_C 363 -0.454691697 0.372071086 0.0250140129 4.20574045e-08 -2.81018523e-08 1
LGIC_C 364 0.0856965839 0.158048983 0.0250139938 -3.27855134e-08 -4.90669575e-08 1
LGIC_C 365 0.614670411 -0.312726344 0.0250140179 -4.20573976e-08 2.81018683e-08 1
LGIC_C 366 -0.262754712 -0.696999297 0.02501402 2.48392553e-08 4.34088306e-08 1
LGIC_C 367 0.393197492 -0.124342404 0.0250140034 -4.34088182e-08 2.48392526e-08 1
LGIC_C 368 -0.110287671 -0.265699078 0.0250139957 3.95603082e-08 3.05989652e-08 1
LGIC_C 369 -0.0563662835 -0.598996757 0.0250140113 -2.90231482e-08 4.96101036e-08 1
LGIC_C 370 -0.41174348 -0.520571771 0.0250140125 2.45891453e-08 3.68002268e-08 1
LGIC_C 371 0.199940635 0.100750121 0.0250139931 -3.68002282e-08 -2.45891172e-08 1
LGIC_C 372 -0.0660687094 0.43118782 0.0250140026 8.63455111e-09 -4.34088279e-08 1
LGIC_C 373 -0.537228279 0.497952796 0.0250140153 3.68002297e-08 -2.45891157e-08 1
LGIC_C 374 0.117935095 -0.270694834 0.0250139978 -1.31306721e-08 4.82586744e-08 1
LGIC_C 375 0.188319287 -0.594191077 0.0250140157 1.00935263e-08 5.7878447e-08 1
LGIC_C 376 0.478641062 0.384767985 0.0250140142 -4.20574004e-08 -2.81018564e-08 1
LGIC_C 377 0.283811135 0.182839505 0.0250139982 -3.68002282e-08 -2.45891172e-08 1
LGIC_C 378 -0.615539444 0.0325317871 0.0250140128 4.96100851e-08 2.90231542e-08 1
LGIC_C 379 -0.0814375106 -0.445875582 0.0250140062 9.8680833e-09 4.96100963e-08 1
LGIC_C 380 0.120771816 0.61030014 0.0250140147 -9.86806672e-09 -4.96100854e-08 1
LGIC_C 381 0.0155987919 0.617700391 0.0250140141 -9.86806672e-09 -4.96100854e-08 1
LGIC_C 382 0.572744201 -0.288740142 0.0250140165 -3.37890406e-08 4.80634332e-08 1
LGIC_C 383 0.318032809 -0.490871662 0.0250140177 -3.27854948e-08 4.90669785e-08 1
LGIC_C 384 -0.496287068 -0.378354389 0.0250140149 6.28883752e-09 7.55636663e-08 1
LGIC_C 385 0.603735111 0.0746343453 0.025014019 -5.78784335e-08 -1.15127284e-08 1
LGIC_C 386 0.575452013 -0.431865282 0.025014015 -3.68002179e-08 2.45891393e-08 1
LGIC_C 387 0.522340539 -0.259223986 0.0250140133 -3.37890406e-08 4.80634332e-08 1
LGIC_C 388 -0.0393674526 0.469276543 0.0250140069 9.86805557e-09 -4.96100883e-08 1
LGIC_C 389 0.408910836 -0.331784743 0.0250140097 -4.20573976e-08 2.81018683e-08 1
LGIC_C 390 0.554564218 0.0568249714 0.0250140104 -4.96100869e-08 6.3366408e-09 1
LGIC_C 391 -0.215070205 0.13426674 0.025013997 3.37890593e-08 -4.80634052e-08 1
LGIC_C 392 -0.176714248 -0.604615737 0.0250140081 -2.90231482e-08 4.96101036e-08 1
LGIC_C 393 -0.0131268357 -0.328477852 0.0250139976 8.63456455e-09 4.34088336e-08 1
LGIC_C 394 0.421943783 0.664042305 0.0250140181 -2.45891309e-08 -3.68002211e-08 1
LGIC_C 395 0.318052471 0.465195807 0.0250140099 1.3130701e-08 4.82586573e-08 -1
LGIC_C 396 0.26873731 0.428551021 0.0250140075 1.3130701e-08 4.82586573e-08 -1
LGIC_C 397 -0.628387765 0.18331287 0.0250140121 4.34088259e-08 -8.63455061e-09 1
LGIC_C 398 -0.601916232 0.252159172 0.0250140157 3.37890593e-08 -4.80634052e-08 1
LGIC_C 399 0.557618652 -0.169555235 0.0250140162 -4.96100802e-08 3.14742968e-08 1
