VGCC_O 2 0.119933892 -0.04777957 0.0466929781 -1.41802115e-06 2.82063236e-07 -1
VGCC_O 8 -0.134706799 0.0161271258 0.0466933331 -1.62059677e-06 3.22356891e-07 -1
CaBS 10 0.100916628 -0.0205930076 0.0844740576 -0.329239867 -0.132369096 0.934922207
CaBS 11 0.104885861 -0.00568562389 0.0587132296 -0.346545998 0.867982935 -0.355684546
CaBS 13 0.0933862192 -0.0162588054 0.0608084926 -0.751399618 0.322919164 -0.575431861
CaBS 14 0.111740916 -0.00197422055 0.0669151431 0.321328636 0.750213906 -0.577864173
CaBS 15 0.10443025 -0.0252498963 0.0850520695 -0.329239867 -0.132369096 0.934922207
CaBS 16 0.117942542 -0.0252336071 0.060529981 0.748611785 -0.322508546 -0.579282861
CaBS 17 0.122272134 -0.0194328475 0.0628956452 0.748611785 -0.322508546 -0.579282861
CaBS 19 0.122437133 -0.0137243672 0.0704194198 0.999896301 0.01419805 -0.0024089266
CaBS 20 0.112966496 -0.0275999321 0.0841143771 0.751399702 -0.322919474 0.575431578
CaBS 21 0.118124981 -0.00875161932 0.0777719724 0.324116486 0.74980293 0.576839726
CaBS 22 0.110278784 -0.0096409676 0.0833366338 0.324116486 0.74980293 0.576839726
CaBS 23 0.117070748 -0.0302008073 0.0630739232 0.344822999 -0.867728964 -0.357971429
CaBS 24 0.0937295989 -0.0113231036 0.0763659004 -0.748611723 0.322508223 0.579283121
Ca 4 0.166570049 0.35268048 0.438669925 0 0 0
Ca 1 -0.00550182066 -0.694346185 0.636390102 0 0 0
Ca 1 -0.306740077 0.138395102 0.588218777 0 0 0
Ca 6 -0.327076313 0.590519913 0.562489305 0 0 0
Ca 6 0.0405511657 -0.2475653 0.536652226 0 0 0
Ca 8 -0.259828469 0.113323079 0.901785728 0 0 0
Ca 6 -0.226676517 0.211541236 0.902574768 0 0 0
Ca 4 -0.110746355 -0.17270772 0.264282624 0 0 0
Ca 1 0.139749703 0.358849063 0.895422962 0 0 0
Ca 6 -0.429250349 -0.626512305 0.300136843 0 0 0
CaBS_Ca 72 0.0944903872 -0.0290846645 0.0706997038 -0.735818491 -0.677177075 0.00153536998
Ca 8 0.153513558 0.343610193 0.372818251 0 0 0
Ca 4 0.300529045 0.184446599 0.435333685 0 0 0
Ca 8 -0.280645678 0.21361864 0.180052731 0 0 0
Ca 8 0.0863999918 -0.40747627 0.543047613 0 0 0
Ca 4 -0.350235659 0.547778479 0.608487419 0 0 0
Ca 8 -0.114029773 -0.492196086 0.337170419 0 0 0
Ca 4 -0.00683381514 0.431865597 0.714489125 0 0 0
Ca 8 -0.0720959954 -0.133986537 0.469498965 0 0 0
Ca 6 -0.697425793 0.231829421 0.247925832 0 0 0
Ca 6 0.0187242387 -0.340343305 0.747464383 0 0 0
Ca 4 -0.0749173621 0.158506433 0.399469112 0 0 0
Ca 1 -0.509723148 0.121967347 0.660833661 0 0 0
Ca 1 0.311126291 0.727301395 0.0983593689 0 0 0
Ca 4 -0.11513472 0.0225612993 0.450727992 0 0 0
Ca 8 -0.0403295965 -0.270367363 0.846834359 0 0 0
Ca 7 0.158549138 0.535817568 0.191893858 0 0 0
Ca 1 -0.34438783 -0.0112434443 0.267712645 0 0 0
Ca 8 -0.277564938 0.600229143 0.419192928 0 0 0
Ca 8 0.443859368 0.148684515 0.264347559 0 0 0
Ca 6 0.153942276 0.229464358 0.509361882 0 0 0
Ca 6 0.285267099 0.392225858 0.187173599 0 0 0
Ca 6 0.115098011 -0.234210805 0.495838013 0 0 0
Ca 6 0.0912071673 0.285772115 0.452481113 0 0 0
Ca 1 0.140275966 0.255978618 0.343508387 0 0 0
Ca 1 -0.559134044 -0.0536291516 0.29240454 0 0 0
Ca 8 0.205888898 0.0885107337 0.70014364 0 0 0
Ca 8 -0.170273947 0.56332695 0.134520655 0 0 0
Ca 7 0.0245714949 -0.302862746 0.632852502 0 0 0
Ca 7 -0.267871933 -0.231551081 0.0696785148 0 0 0
Ca 6 0.480358426 0.45254215 0.302522428 0 0 0
Ca 8 0.0366354827 -0.442878204 0.318485867 0 0 0
Ca 4 0.28673486 0.4602462 0.0890796231 0 0 0
Ca 8 -0.272289298 0.233088327 0.159171406 0 0 0
Ca 6 0.0630524629 -0.049035458 0.148058787 0 0 0
Ca 7 0.162748026 0.0676738276 0.289728539 0 0 0
Ca 4 -0.469338512 0.1208369 0.438305003 0 0 0
Ca 6 -0.157342092 -0.24366313 0.371794249 0 0 0
Ca 7 0.0294091643 0.216185822 0.228616868 0 0 0
Ca 8 -0.268965753 0.12631159 0.072435416 0 0 0
Ca 7 -0.276199812 0.0692521264 0.141423893 0 0 0
Ca 1 0.1304554 0.232349789 0.204595295 0 0 0
Ca 8 -0.152804095 -0.165990216 0.061705383 0 0 0
Ca 7 -0.184400426 0.379003144 0.290042433 0 0 0
Ca 1 0.361240469 0.442029288 0.34937287 0 0 0
Ca 8 -0.116747077 -0.104884489 0.162559325 0 0 0
Ca 6 -0.133196397 0.0489587434 0.409685511 0 0 0
Ca 1 -0.253678128 0.236330492 0.259656615 0 0 0
Ca 4 -0.28195482 0.0702442645 0.502082893 0 0 0
Ca 1 0.0787799464 -0.147516471 0.235532733 0 0 0
Ca 4 0.221253382 0.160569539 0.282369722 0 0 0
Ca 4 -0.198278196 0.262137897 0.215242905 0 0 0
Ca 8 0.341229078 -0.0295790009 0.313705983 0 0 0
Ca 7 -0.152056315 0.0535299218 0.288387687 0 0 0
Ca 4 0.121507503 -0.298329911 0.292303596 0 0 0
Ca 1 -0.21332924 0.0455102945 0.125537748 0 0 0
Ca 8 -0.512064878 -0.017585321 0.316308299 0 0 0
Ca 6 -0.253048255 0.0531996587 0.0847474307 0 0 0
Ca 1 -0.0202873122 -0.110699925 0.0829665618 0 0 0
Ca 6 -0.242625729 0.0967689034 0.123205777 0 0 0
Ca 6 -0.119654329 -0.279109258 0.250220544 0 0 0
Ca 4 0.123238802 0.125734076 0.309696801 0 0 0
Ca 6 -0.367367205 -0.0945115836 0.140878309 0 0 0
Ca 1 -0.125311731 0.0382238618 0.0859082576 0 0 0
Ca 6 0.00384841028 0.0602977931 0.0731064917 0 0 0
Ca 8 -0.161423099 0.0199118913 0.0933565081 0 0 0
Ca 7 -0.183839051 -0.0652800292 0.148343025 0 0 0
Ca 6 0.0289133691 -0.0236816519 0.0975958844 0 0 0
Ca 4 -0.182025919 0.067586984 0.173645082 0 0 0
Ca 4 -0.111558173 -0.0549813534 0.153403257 0 0 0
Ca 1 -0.173733118 -0.0169117759 0.0472395904 0 0 0
Ca 7 -0.052571154 0.0526803917 0.10062816 0 0 0
Ca 7 -0.179563752 0.0738264511 0.0726978974 0 0 0
Ca 8 -0.139836489 0.00411023184 0.0466403605 0 0 0
Ca 6 -0.13419935 0.0253867023 0.0466786765 0 0 0
Ca 4 -0.152687044 0.00507672281 0.0482793698 0 0 0
Ca 6 -0.111388991 -0.0192255652 0.0587625933 0 0 0
Ca 4 -0.0705851274 -0.0219214139 0.0476046052 0 0 0
Ca 4 -0.105059682 0.0152372342 0.0466472886 0 0 0
VGCC_O 7 -0.137449801 0.00579357966 0.0466933342 -1.62059625e-06 3.22356338e-07 -1
VGCC_O 9 0.0953603447 -0.018533153 0.0466930096 -1.14792244e-06 -1.24564753e-07 -1
VGCC_O 1 -0.126159285 0.0151063295 0.0466933189 -1.62059625e-06 3.22356338e-07 -1
VGCC_O 3 0.0772568984 -0.00428239309 0.046693036 -1.41802159e-06 2.82063681e-07 -1
VGCC_O 6 -0.12622171 0.0241576588 0.046693322 -1.62059677e-06 3.22356891e-07 -1
VGCC_O 4 -0.108229728 0.00324736392 0.0466932869 -8.10297798e-07 1.61178104e-07 -1
VGCC_O 0 0.11238887 -0.0311459409 0.0466929927 -1.01287282e-06 -1.51427976e-07 -1
VGCC_O 5 0.113746944 -0.0200409323 0.0466929896 -1.01287282e-06 -1.51427976e-07 -1
TAG 41 -0.105784995 0.0105052503 0.0536665039 -0.333750681 -0.131703993 -0.933415524
TAG 71 -0.096079873 0.00270213046 0.0564810255 0.74861179 -0.322508554 -0.579282851
TAG 70 -0.118208439 0.00383577013 0.0653592954 -0.735818461 -0.677177107 0.0015353549
TAG 69 -0.119239302 0.00795267007 0.0681959954 -0.999896295 -0.0141984574 0.00240892698
TAG 67 -0.115078276 0.000454692191 0.0742448755 -0.735818461 -0.677177107 0.0015353549
TAG 65 0.119072188 -0.020557456 0.0800936336 0.751399702 -0.322919474 0.575431578
TAG 63 -0.104896891 0.0149528875 0.0527352849 0.329239713 0.132369034 -0.93492227
TAG 62 -0.0995730683 0.0302300905 0.0690462359 0.3213287 0.750213891 -0.577864158
TAG 59 -0.100018848 -0.00188752594 0.0603333581 0.344822933 -0.867729023 -0.35797135
TAG 55 -0.119337383 0.0151637023 0.0699872324 -0.999896295 -0.0141984574 0.00240892698
TAG 54 -0.104785227 0.0261860029 0.076486355 -0.344822968 0.867728888 0.357971643
TAG 53 -0.089146311 -0.000197085518 0.0670554248 0.74861179 -0.322508554 -0.579282851
TAG 52 -0.119278263 0.0119799944 0.0757618237 -0.999896295 -0.0141984574 0.00240892698
TAG 51 -0.102448777 0.00747370566 0.0865367572 -0.329239868 -0.132369105 0.934922205
TAG 45 -0.113699624 0.0170707545 0.0588716642 -0.751399624 0.322919173 -0.575431849
TAG 44 -0.11923843 0.00668793202 0.0611035411 -0.999896295 -0.0141984574 0.00240892698
LGIC_C 0 0.501134785 0.233818308 0.0250140109 -4.20574004e-08 -2.81018564e-08 1
LGIC_C 1 -0.319364575 0.0616931341 0.0250139977 4.34088259e-08 -8.63455061e-09 1
LGIC_C 2 -0.525033802 0.0919279115 0.0250140102 4.96100897e-08 -9.86805572e-09 1
LGIC_C 3 0.252557049 -0.634192831 0.0250140172 -9.86804037e-09 4.96101e-08 1
LGIC_C 4 -0.366451785 -0.232261021 0.0250140031 6.28883752e-09 7.55636663e-08 1
LGIC_C 5 0.0219345062 -0.530904742 0.0250140137 1.00935263e-08 5.7878447e-08 1
LGIC_C 6 -0.322029953 0.456836396 0.0250140136 1.28239438e-08 -5.73353116e-08 1
LGIC_C 7 -0.701451679 0.453780496 0.0250140202 3.68002297e-08 -2.45891157e-08 1
LGIC_C 8 -0.217308866 0.28388944 0.0250139991 2.45891128e-08 -3.68002333e-08 1
LGIC_C 9 -0.471695314 -0.270178309 0.0250140066 6.28883752e-09 7.55636663e-08 1
LGIC_C 10 -0.378999592 -0.619578359 0.0250140172 3.95603082e-08 3.05989652e-08 1
LGIC_C 11 0.173739518 0.569514823 0.0250140104 -6.33660387e-09 4.96100877e-08 -1
LGIC_C 12 0.363082604 0.15020262 0.025014006 -4.90669739e-08 -3.27854893e-08 1
LGIC_C 13 0.701378677 -0.122738527 0.0250140192 -4.96100859e-08 9.86807898e-09 1
LGIC_C 14 0.656175753 0.227933546 0.0250140143 -4.96100869e-08 6.3366408e-09 1
LGIC_C 15 -0.446752054 -0.345115353 0.025014008 5.39043203e-09 6.47688584e-08 1
LGIC_C 16 0.657054266 -0.12001366 0.025014017 -4.96100859e-08 9.86807898e-09 1
LGIC_C 17 -0.532591775 0.342734813 0.0250140135 -4.82586679e-08 1.31306769e-08 -1
LGIC_C 18 0.272617903 -0.429488838 0.025014009 -2.81018481e-08 4.20574137e-08 1
LGIC_C 19 -0.333833119 0.284236188 0.0250140082 3.37890593e-08 -4.80634052e-08 1
LGIC_C 20 0.144336759 -0.364974913 0.025014006 -1.15127059e-08 5.78784511e-08 1
LGIC_C 21 -0.0109299713 -0.163256896 0.025013991 -2.90231482e-08 4.96101036e-08 1
LGIC_C 22 0.15355492 0.637720645 0.0250140164 -9.86806672e-09 -4.96100854e-08 1
LGIC_C 23 -0.456939328 0.401969892 0.02501401 3.68002297e-08 -2.45891157e-08 1
LGIC_C 24 0.124087645 0.472258552 0.0250140079 -9.86806672e-09 -4.96100854e-08 1
LGIC_C 25 0.412497013 0.0234352233 0.0250140013 -4.34088272e-08 -8.63453573e-09 1
LGIC_C 26 -0.047617772 0.280758689 0.0250140001 1.15127271e-08 -5.78784352e-08 1
LGIC_C 27 -0.257468105 0.480376421 0.0250140153 3.27854968e-08 -4.90669676e-08 1
LGIC_C 28 0.659193679 0.0723718158 0.0250140125 -4.34088272e-08 -8.63453573e-09 1
LGIC_C 29 -0.596153239 -0.0953433329 0.0250140131 5.7878436e-08 -4.89847332e-08 1
LGIC_C 30 0.649439073 0.0534265337 0.0250140151 -4.96100869e-08 6.3366408e-09 1
LGIC_C 31 -0.389434184 -0.474184363 0.0250140132 3.95603082e-08 3.05989652e-08 1
LGIC_C 32 0.0393640648 0.0897802086 0.0250139881 1.3130701e-08 4.82586573e-08 -1
LGIC_C 33 -0.0189040272 0.611946509 0.02501401 8.63455111e-09 -4.34088279e-08 1
LGIC_C 34 0.223226638 -0.455673941 0.0250140129 -3.27854948e-08 4.90669785e-08 1
LGIC_C 35 -0.180067288 -0.515717279 0.0250140036 -2.90231482e-08 4.96101036e-08 1
LGIC_C 36 0.539693922 -0.601464926 0.0250140186 -2.45891087e-08 3.68002429e-08 1
LGIC_C 37 0.150777633 0.765807281 0.0250140178 -8.63455884e-09 -4.34088253e-08 1
LGIC_C 38 0.748055035 -0.318947516 0.0250140187 -3.05989503e-08 3.95603122e-08 1
LGIC_C 39 0.695073805 0.312008989 0.0250140165 -3.68002282e-08 -2.45891172e-08 1
LGIC_C 40 -0.723740866 0.0348646704 0.0250140156 4.34088279e-08 -2.48392273e-08 1
LGIC_C 41 -0.511165953 0.620752347 0.0250140187 2.45891128e-08 -3.68002333e-08 1
LGIC_C 42 -0.24906682 -0.643800038 0.0250140133 8.63456455e-09 4.34088336e-08 1
LGIC_C 43 -0.566482109 -0.538860254 0.0250140166 1.15916899e-08 4.97976879e-08 1
LGIC_C 44 0.308872497 0.547044703 0.0250140137 1.3130701e-08 4.82586573e-08 -1
LGIC_C 45 0.0201014339 -0.234289118 0.0250139947 6.33663526e-09 4.9610097e-08 1
LGIC_C 46 -0.217893967 -0.198138989 0.0250139972 5.39043203e-09 6.47688584e-08 1
LGIC_C 47 0.486351902 -0.184214985 0.0250140135 -5.78784275e-08 1.15127558e-08 1
LGIC_C 48 -0.0434481968 -0.438410444 0.0250140026 8.63456455e-09 4.34088336e-08 1
LGIC_C 49 -0.525176952 -0.211853654 0.0250140079 4.34088238e-08 8.63459484e-09 1
LGIC_C 50 0.280415688 -0.307159282 0.0250140075 -3.27854948e-08 4.90669785e-08 1
LGIC_C 51 -0.597131738 -0.00675391861 0.025014009 -4.34088282e-08 2.70157287e-08 -1
LGIC_C 52 0.640997045 -0.195375039 0.0250140159 -4.34088182e-08 2.48392526e-08 1
LGIC_C 53 0.354996388 -0.0906315297 0.0250140009 -4.34088182e-08 2.48392526e-08 1
LGIC_C 54 -0.0292140393 -0.21415532 0.0250139942 -4.89847109e-08 5.78784581e-08 1
LGIC_C 55 0.416791671 0.531836847 0.0250140131 -2.45891309e-08 -3.68002211e-08 1
LGIC_C 56 -0.152685437 -0.250961718 0.0250139954 -5.56021111e-08 -1.45571543e-08 -1
LGIC_C 57 -0.0775972824 0.432086175 0.0250140072 -3.14742797e-08 4.96100914e-08 -1
LGIC_C 58 0.442458988 -0.0386752591 0.0250140034 -4.34088182e-08 2.48392526e-08 1
LGIC_C 59 -0.388194734 -0.197612859 0.0250139999 1.45571809e-08 5.5602105e-08 1
LGIC_C 60 0.134302369 0.511351875 0.0250140128 -3.14742949e-08 -4.96100822e-08 1
LGIC_C 61 -0.411272027 0.364933394 0.0250140108 4.20574045e-08 -2.81018523e-08 1
LGIC_C 62 -0.0899718277 0.433828437 0.0250140076 -3.14742797e-08 4.96100914e-08 -1
LGIC_C 63 0.212044124 -0.030702403 0.0250139941 -4.96100859e-08 9.86807898e-09 1
LGIC_C 64 -0.261514809 0.038625879 0.0250139965 5.7878425e-08 4.89846948e-08 1
LGIC_C 65 0.0571774421 0.324286232 0.0250139999 -9.86806672e-09 -4.96100854e-08 1
LGIC_C 66 -0.281650775 -0.29142033 0.0250140009 2.45891453e-08 3.68002268e-08 1
LGIC_C 67 -0.478637834 0.402281727 0.0250140167 6.28881943e-09 -7.55636452e-08 1
LGIC_C 68 -0.604647811 -0.0910363908 0.0250140071 -4.34088282e-08 2.70157287e-08 -1
LGIC_C 69 -0.702571183 -0.316784057 0.0250140169 3.68002489e-08 2.45891179e-08 1
LGIC_C 70 -0.0229196166 0.428652663 0.0250140021 8.63455111e-09 -4.34088279e-08 1
LGIC_C 71 0.601326583 0.144189976 0.0250140197 -5.78784335e-08 -1.15127284e-08 1
LGIC_C 72 0.107385979 0.335117575 0.0250139992 -6.33660387e-09 4.96100877e-08 -1
LGIC_C 73 -0.026111232 0.0210781308 0.0250139847 3.68002297e-08 -2.45891157e-08 1
LGIC_C 74 0.515203886 0.453787796 0.0250140141 -4.82586616e-08 -1.31306776e-08 1
LGIC_C 75 0.542785659 -0.597135227 0.0250140186 -2.45891087e-08 3.68002429e-08 1
LGIC_C 76 -0.663593305 0.0858886115 0.0250140137 4.96100851e-08 2.90231542e-08 1
LGIC_C 77 0.333426489 -0.231688411 0.0250140026 -3.05989503e-08 3.95603122e-08 1
LGIC_C 78 0.248213451 0.373059719 0.0250140097 -3.27855134e-08 -4.90669575e-08 1
LGIC_C 79 -0.600359082 -0.256871306 0.025014003 1.15916899e-08 4.97976879e-08 1
LGIC_C 80 0.686896702 -0.0481719106 0.0250140135 -4.34088226e-08 8.63456802e-09 1
LGIC_C 81 0.075712606 0.686579899 0.0250140168 -6.33660387e-09 4.96100877e-08 -1
LGIC_C 82 0.498843691 -0.351938152 0.0250140124 -3.05989503e-08 3.95603122e-08 1
LGIC_C 83 -0.363771167 0.272018087 0.0250140044 -4.82586679e-08 1.31306769e-08 -1
LGIC_C 84 0.24425682 0.49756709 0.0250140105 1.3130701e-08 4.82586573e-08 -1
LGIC_C 85 -0.0553017911 0.12764511 0.0250139913 1.28239438e-08 -5.73353116e-08 1
LGIC_C 86 0.526785827 -0.340361504 0.0250140174 -3.37890406e-08 4.80634332e-08 1
LGIC_C 87 -0.348141147 -0.245686102 0.025014002 1.45571809e-08 5.5602105e-08 1
LGIC_C 88 -0.568404381 -0.502564919 0.0250140149 1.15916899e-08 4.97976879e-08 1
LGIC_C 89 0.300944555 -0.520339214 0.0250140123 -1.31306721e-08 4.82586744e-08 1
LGIC_C 90 -0.344480857 -0.329861016 0.0250140066 1.45571809e-08 5.5602105e-08 1
LGIC_C 91 0.129186785 0.794997026 0.0250140189 -8.63455884e-09 -4.34088253e-08 1
LGIC_C 92 0.217196603 -0.665116246 0.0250140149 6.33663526e-09 4.9610097e-08 1
LGIC_C 93 -0.0850434245 0.563412442 0.0250140107 -6.33661298e-09 -4.96100859e-08 1
LGIC_C 94 0.148015681 -0.0457885355 0.025013992 -4.96100802e-08 3.14742968e-08 1
LGIC_C 95 -0.309540749 -0.361279047 0.0250140057 -5.56021111e-08 -1.45571543e-08 -1
LGIC_C 96 0.330870582 -0.0203111928 0.0250139998 -4.96100859e-08 9.86807898e-09 1
LGIC_C 97 -0.41902815 0.102465038 0.0250140011 4.96100851e-08 2.90231542e-08 1
LGIC_C 98 -0.330784943 -0.529962712 0.0250140126 3.95603082e-08 3.05989652e-08 1
LGIC_C 99 0.236861031 -0.0440779008 0.0250139964 -4.96100802e-08 3.14742968e-08 1
LGIC_C 100 -0.338774751 -0.485034733 0.0250140094 2.45891453e-08 3.68002268e-08 1
LGIC_C 101 -0.360650036 0.00948122032 0.0250140013 4.96100897e-08 -9.86805572e-09 1
LGIC_C 102 -0.333425434 0.440907361 0.0250140128 1.28239438e-08 -5.73353116e-08 1
LGIC_C 103 -0.43252596 -0.0306631643 0.0250140023 4.34088238e-08 8.63459484e-09 1
LGIC_C 104 0.577149864 -0.238881768 0.0250140142 -4.96100859e-08 9.86807898e-09 1
LGIC_C 105 -0.364146978 0.120768394 0.0250140021 4.34088279e-08 -2.48392273e-08 1
LGIC_C 106 -0.293113617 0.733125893 0.0250140176 8.63455111e-09 -4.34088279e-08 1
LGIC_C 107 -0.720123721 -0.280644783 0.0250140169 4.34088238e-08 8.63459484e-09 1
LGIC_C 108 -0.0533805975 -0.529487542 0.0250140076 2.48392553e-08 4.34088306e-08 1
LGIC_C 109 0.181650173 0.11771254 0.0250139935 -4.82586616e-08 -1.31306776e-08 1
LGIC_C 110 -0.166353688 -0.706285547 0.0250140153 8.63456455e-09 4.34088336e-08 1
LGIC_C 111 -0.51369845 -0.172681072 0.0250140037 -4.96100919e-08 2.90231703e-08 -1
LGIC_C 112 0.713069404 -0.0242909029 0.0250140194 -4.96100802e-08 3.14742968e-08 1
LGIC_C 113 -0.0348834898 -0.686238075 0.0250140139 2.48392553e-08 4.34088306e-08 1
LGIC_C 114 -0.35223204 0.413150287 0.0250140115 1.28239438e-08 -5.73353116e-08 1
LGIC_C 115 0.508519743 -0.421780634 0.0250140155 -3.05989503e-08 3.95603122e-08 1
LGIC_C 116 0.173547029 -0.449810589 0.0250140075 1.00935263e-08 5.7878447e-08 1
LGIC_C 117 -0.190753193 -0.0224140683 0.0250139921 -4.96100919e-08 2.90231703e-08 -1
LGIC_C 118 -0.33026639 -0.333142348 0.0250140065 3.95603082e-08 3.05989652e-08 1
LGIC_C 119 0.0843919356 0.421084727 0.025014005 -9.86806672e-09 -4.96100854e-08 1
LGIC_C 120 0.0355712819 0.516828808 0.0250140093 -9.86806672e-09 -4.96100854e-08 1
LGIC_C 121 -0.435566843 -0.400279959 0.0250140082 1.15916899e-08 4.97976879e-08 1
LGIC_C 122 0.603866181 -0.332306426 0.0250140136 -3.68002179e-08 2.45891393e-08 1
LGIC_C 123 0.350177751 -0.338812018 0.0250140115 -4.90669481e-08 3.27855328e-08 1
LGIC_C 124 0.502351448 -0.429128672 0.0250140123 -3.68002179e-08 2.45891393e-08 1
LGIC_C 125 0.136840744 -0.173126092 0.0250139934 -1.31306721e-08 4.82586744e-08 1
LGIC_C 126 0.639032986 -0.344693636 0.0250140164 -3.05989503e-08 3.95603122e-08 1
LGIC_C 127 0.263542245 -0.283001209 0.0250140003 -1.31306721e-08 4.82586744e-08 1
LGIC_C 128 0.25793807 -0.364241638 0.025014003 -2.45891087e-08 3.68002429e-08 1
LGIC_C 129 0.389235511 -0.091345423 0.0250140009 -4.34088226e-08 8.63456802e-09 1
LGIC_C 130 -0.659357977 0.171803314 0.0250140134 4.34088259e-08 -8.63455061e-09 1
LGIC_C 131 0.376852923 0.28350543 0.0250140051 -4.82586616e-08 -1.31306776e-08 1
LGIC_C 132 -0.24894475 0.0475723359 0.0250139953 5.7878425e-08 4.89846948e-08 1
LGIC_C 133 -0.579171575 -0.0565421604 0.0250140089 4.34088238e-08 8.63459484e-09 1
LGIC_C 134 0.330440556 -0.66039063 0.0250140157 -2.45891087e-08 3.68002429e-08 1
LGIC_C 135 -0.344421006 -0.27426298 0.0250140061 6.28883752e-09 7.55636663e-08 1
LGIC_C 136 0.408718385 -0.283147419 0.0250140052 -3.68002179e-08 2.45891393e-08 1
LGIC_C 137 0.371439554 -0.302632687 0.0250140066 -3.05989503e-08 3.95603122e-08 1
LGIC_C 138 -0.677023531 -0.201506114 0.0250140084 4.96100935e-08 -4.19869172e-08 1
LGIC_C 139 0.172976749 -0.00249804168 0.0250139919 -4.96100802e-08 3.14742968e-08 1
LGIC_C 140 0.413982516 0.560201031 0.025014014 -2.45891309e-08 -3.68002211e-08 1
LGIC_C 141 0.51165199 0.0467566915 0.0250140059 -4.34088272e-08 -8.63453573e-09 1
LGIC_C 142 -0.463922883 -0.556174476 0.0250140186 3.95603082e-08 3.05989652e-08 1
LGIC_C 143 -0.0902617626 -0.167642256 0.0250139928 2.81018674e-08 4.20574117e-08 1
LGIC_C 144 -0.440425015 -0.470869964 0.0250140151 3.95603082e-08 3.05989652e-08 1
LGIC_C 145 0.171842621 0.0105551699 0.0250139917 -4.96100869e-08 6.3366408e-09 1
LGIC_C 146 0.00537459222 0.584681757 0.0250140122 -6.33660387e-09 4.96100877e-08 -1
LGIC_C 147 -0.36133437 -0.325546251 0.0250140036 1.15916899e-08 4.97976879e-08 1
LGIC_C 148 0.417263575 -0.102086877 0.0250140086 -5.78784275e-08 1.15127558e-08 1
LGIC_C 149 0.538641025 0.533257525 0.0250140162 -3.68002282e-08 -2.45891172e-08 1
LGIC_C 150 0.451463086 0.154766017 0.0250140046 -4.96100869e-08 6.3366408e-09 1
LGIC_C 151 -0.0892507837 -0.722209899 0.0250140154 8.63456455e-09 4.34088336e-08 1
LGIC_C 152 0.277792627 0.620134168 0.0250140171 -2.81018716e-08 -4.20573923e-08 1
LGIC_C 153 0.142519751 -0.158892724 0.0250139942 -1.28239349e-08 5.73353226e-08 1
LGIC_C 154 0.177821324 0.524420511 0.025014011 -9.86806672e-09 -4.96100854e-08 1
LGIC_C 155 -0.615111962 0.0854851049 0.0250140107 4.34088259e-08 -8.63455061e-09 1
LGIC_C 156 -0.287773872 0.03059638 0.025013996 4.34088259e-08 -8.63455061e-09 1
LGIC_C 157 -0.405482812 0.291498757 0.0250140079 6.28881943e-09 -7.55636452e-08 1
LGIC_C 158 0.396764925 0.201260879 0.0250140063 3.37890593e-08 4.80634111e-08 -1
LGIC_C 159 0.752701403 0.21516827 0.0250140178 -4.34088272e-08 -8.63453573e-09 1
LGIC_C 160 -0.247921994 -0.0833239502 0.0250139918 -4.34088282e-08 2.70157287e-08 -1
LGIC_C 161 -0.432681751 0.112785995 0.0250140058 4.96100897e-08 -9.86805572e-09 1
LGIC_C 162 0.453809128 -0.0509938544 0.0250140101 -5.78784275e-08 1.15127558e-08 1
LGIC_C 163 0.363626016 -0.21627227 0.0250140046 -4.20573976e-08 2.81018683e-08 1
LGIC_C 164 0.219053642 -0.58349587 0.0250140108 6.33663526e-09 4.9610097e-08 1
LGIC_C 165 -0.34311906 0.067464183 0.0250139983 4.96100851e-08 2.90231542e-08 1
LGIC_C 166 -0.183286465 -0.677769968 0.0250140172 2.48392553e-08 4.34088306e-08 1
LGIC_C 167 -0.536740866 0.519688157 0.025014016 -4.82586679e-08 1.31306769e-08 -1
LGIC_C 168 -0.599143351 -0.226694171 0.0250140112 4.34088238e-08 8.63459484e-09 1
LGIC_C 169 0.675644145 -0.464325418 0.0250140195 -3.68002179e-08 2.45891393e-08 1
LGIC_C 170 0.491688451 -0.351339845 0.0250140167 -3.37890406e-08 4.80634332e-08 1
LGIC_C 171 -0.186021674 0.257987478 0.0250140004 1.28239438e-08 -5.73353116e-08 1
LGIC_C 172 0.365176024 0.169608596 0.0250140034 -4.20574004e-08 -2.81018564e-08 1
LGIC_C 173 0.666996961 0.322207943 0.0250140157 -3.68002282e-08 -2.45891172e-08 1
LGIC_C 174 -0.0505117256 -0.554091754 0.0250140086 2.48392553e-08 4.34088306e-08 1
LGIC_C 175 0.411445168 -0.260418449 0.0250140096 -3.37890406e-08 4.80634332e-08 1
LGIC_C 176 -0.598411745 -0.585183239 0.0250140193 1.15916899e-08 4.97976879e-08 1
LGIC_C 177 0.307097849 0.33559453 0.025014006 -2.81018716e-08 -4.20573923e-08 1
LGIC_C 178 0.0673543286 -0.639244778 0.0250140145 6.33663526e-09 4.9610097e-08 1
LGIC_C 179 -0.281790601 -0.190452687 0.0250139994 6.28883752e-09 7.55636663e-08 1
LGIC_C 180 -0.139564814 0.224800529 0.0250139966 2.8101852e-08 -4.20574041e-08 1
LGIC_C 181 -0.658201295 -0.294061426 0.0250140058 5.39043203e-09 6.47688584e-08 1
LGIC_C 182 0.0916306556 -0.200532715 0.0250139942 -2.81018481e-08 4.20574137e-08 1
LGIC_C 183 0.678120098 0.307653718 0.02501402 -4.82586616e-08 -1.31306776e-08 1
LGIC_C 184 0.767415229 -0.0148172271 0.0250140169 -4.34088182e-08 2.48392526e-08 1
LGIC_C 185 0.402514648 -0.139678274 0.0250140042 -4.34088182e-08 2.48392526e-08 1
LGIC_C 186 -0.641927816 -0.352502611 0.0250140095 5.39043203e-09 6.47688584e-08 1
LGIC_C 187 0.147060556 0.0713631152 0.0250139928 -4.90669739e-08 -3.27854893e-08 1
LGIC_C 188 -0.722526905 0.0786693126 0.0250140153 4.34088259e-08 -8.63455061e-09 1
LGIC_C 189 -0.495710319 0.266903605 0.0250140116 4.20574045e-08 -2.81018523e-08 1
LGIC_C 190 0.361095878 -0.723809499 0.0250140187 -2.45891087e-08 3.68002429e-08 1
LGIC_C 191 -0.435690594 -0.258272887 0.0250140023 5.39043203e-09 6.47688584e-08 1
LGIC_C 192 -0.312590127 0.121587333 0.0250139979 4.34088259e-08 -8.63455061e-09 1
LGIC_C 193 0.273854577 0.0625687549 0.0250139974 -4.96100911e-08 -9.86803575e-09 1
LGIC_C 194 -0.649811236 0.388504053 0.0250140167 3.68002297e-08 -2.45891157e-08 1
LGIC_C 195 0.344393536 0.389493587 0.0250140093 -2.81018716e-08 -4.20573923e-08 1
LGIC_C 196 0.746526298 0.39815417 0.023826515 0.827617292 0.55299599 0.0961512016
LGIC_C 197 -0.225124504 -0.47102143 0.0250140061 2.45891453e-08 3.68002268e-08 1
LGIC_C 198 0.541597195 0.0403055452 0.0250140071 -4.34088272e-08 -8.63453573e-09 1
LGIC_C 199 0.618944232 0.233672715 0.0250140125 -4.96100869e-08 6.3366408e-09 1
LGIC_C 200 0.71171087 -0.262357904 0.0250140164 -4.34088226e-08 8.63456802e-09 1
LGIC_C 201 0.238549615 0.101306165 0.0250139961 -4.20574004e-08 -2.81018564e-08 1
LGIC_C 202 -0.0388474416 -0.341479072 0.025013999 2.48392553e-08 4.34088306e-08 1
LGIC_C 203 -0.183813258 -0.0746271734 0.0250139902 -4.96100919e-08 2.90231703e-08 -1
LGIC_C 204 -0.367496073 0.532594469 0.025014016 2.8101852e-08 -4.20574041e-08 1
LGIC_C 205 -0.0871420995 0.234523441 0.0250139958 9.86805557e-09 -4.96100883e-08 1
LGIC_C 206 0.628658256 -0.373684532 0.0250140156 -3.68002179e-08 2.45891393e-08 1
LGIC_C 207 -0.125222997 -0.444766101 0.0250140028 -4.89847109e-08 5.78784581e-08 1
LGIC_C 208 -0.51300341 0.356254096 0.0250140127 -4.82586679e-08 1.31306769e-08 -1
LGIC_C 209 -0.0397898231 -0.00518659719 0.025013989 -1.38908242e-07 -2.76307273e-08 -1
LGIC_C 210 0.0644913427 0.237263645 0.0250139957 -9.86806672e-09 -4.96100854e-08 1
LGIC_C 211 0.605159773 -0.144114614 0.0250140199 -5.78784275e-08 1.15127558e-08 1
LGIC_C 212 -0.332058235 -0.466311212 0.0250140085 -5.56021111e-08 -1.45571543e-08 -1
LGIC_C 213 0.39118394 -0.415664196 0.0250140117 -2.81018481e-08 4.20574137e-08 1
LGIC_C 214 0.509203121 -0.0726341132 0.025014006 -4.34088226e-08 8.63456802e-09 1
LGIC_C 215 -0.456010311 -0.00975656319 0.0250140031 4.34088238e-08 8.63459484e-09 1
LGIC_C 216 0.199328401 -0.156787211 0.0250139955 -3.05989503e-08 3.95603122e-08 1
LGIC_C 217 0.484943678 -0.404615897 0.0250140191 -3.37890406e-08 4.80634332e-08 1
LGIC_C 218 -0.282233109 0.370610184 0.0250140049 1.31306824e-08 -4.82586643e-08 1
LGIC_C 219 -0.22151179 -0.453367099 0.0250140059 3.95603082e-08 3.05989652e-08 1
LGIC_C 220 -0.688886565 -0.339510483 0.025014017 3.68002489e-08 2.45891179e-08 1
LGIC_C 221 0.700192801 -0.471204417 0.00607806733 0.827616944 -0.552996408 0.0961517878
LGIC_C 222 -0.554943087 -0.202480123 0.0250140049 -4.96100919e-08 2.90231703e-08 -1
LGIC_C 223 0.265894227 0.452467688 0.0250140113 -4.80634192e-08 -3.37890445e-08 1
LGIC_C 224 -0.368279066 0.0856625638 0.025013999 4.96100851e-08 2.90231542e-08 1
LGIC_C 225 0.165222078 -0.608353362 0.0250140111 -8.63454093e-09 4.34088369e-08 1
LGIC_C 226 0.347079237 -0.254160129 0.0250140023 -3.68002179e-08 2.45891393e-08 1
LGIC_C 227 -0.153560687 0.474561898 0.0250140052 8.63455111e-09 -4.34088279e-08 1
LGIC_C 228 0.277010323 -0.324690271 0.0250140025 -1.31306721e-08 4.82586744e-08 1
LGIC_C 229 -0.539450126 -0.0764414894 0.0250140073 4.34088238e-08 8.63459484e-09 1
LGIC_C 230 -0.643244127 -0.252692684 0.0250140044 -4.34088282e-08 2.70157287e-08 -1
LGIC_C 231 0.508216458 0.298877315 0.0250140148 3.37890593e-08 4.80634111e-08 -1
LGIC_C 232 -0.247665289 0.770731699 0.0250140189 8.63455111e-09 -4.34088279e-08 1
LGIC_C 233 0.375525739 0.221910607 0.0250140043 -4.82586616e-08 -1.31306776e-08 1
LGIC_C 234 -0.0866519662 -0.460559528 0.025014004 8.63456455e-09 4.34088336e-08 1
LGIC_C 235 0.269326164 0.457654763 0.0250140101 -2.81018716e-08 -4.20573923e-08 1
LGIC_C 236 0.333387668 -0.0219011343 0.0250139982 -4.34088182e-08 2.48392526e-08 1
LGIC_C 237 0.684378546 -0.035985234 0.0250140183 -4.96100802e-08 3.14742968e-08 1
LGIC_C 238 -0.173036799 0.0146855904 0.0250139925 5.7878425e-08 4.89846948e-08 1
LGIC_C 239 0.519349549 -0.301675985 0.0250140135 -4.20573976e-08 2.81018683e-08 1
LGIC_C 240 0.116921347 -0.210717275 0.0250139968 -1.28239349e-08 5.73353226e-08 1
LGIC_C 241 -0.112698276 0.269771795 0.0250139978 2.8101852e-08 -4.20574041e-08 1
LGIC_C 242 0.613043544 -0.310117646 0.0250140188 -3.37890406e-08 4.80634332e-08 1
LGIC_C 243 -0.603225696 0.203365613 0.0250140152 4.96100897e-08 -9.86805572e-09 1
LGIC_C 244 0.570880323 -0.219588102 0.0250140188 -5.78784275e-08 1.15127558e-08 1
LGIC_C 245 -0.454253367 -0.412609158 0.0250140128 1.45571809e-08 5.5602105e-08 1
LGIC_C 246 0.406259766 0.489545526 0.0250140113 -2.45891309e-08 -3.68002211e-08 1
LGIC_C 247 -0.464457095 0.672068811 0.0250140194 2.45891128e-08 -3.68002333e-08 1
LGIC_C 248 0.150202689 -0.130593197 0.025013992 -3.68002179e-08 2.45891393e-08 1
LGIC_C 249 0.510160628 -0.0409699528 0.0250140098 -4.96100802e-08 3.14742968e-08 1
LGIC_C 250 0.239021653 0.511079847 0.025014012 -4.80634192e-08 -3.37890445e-08 1
LGIC_C 251 0.000475995319 0.658825192 0.0250140159 -6.33660387e-09 4.96100877e-08 -1
LGIC_C 252 0.132282953 0.639542162 0.0250140191 -3.14742949e-08 -4.96100822e-08 1
LGIC_C 253 0.527002778 0.316468093 0.0250140128 -4.82586616e-08 -1.31306776e-08 1
LGIC_C 254 -0.487916664 0.288593265 0.0250140136 3.37890593e-08 -4.80634052e-08 1
LGIC_C 255 -0.826039109 -0.0219192166 0.0250140185 -4.34088282e-08 2.70157287e-08 -1
LGIC_C 256 -0.285140046 0.556389269 0.0250140108 2.45891128e-08 -3.68002333e-08 1
LGIC_C 257 0.30318944 0.320438618 0.0250140027 1.3130701e-08 4.82586573e-08 -1
LGIC_C 258 -0.273015751 0.574638466 0.0250140111 2.45891128e-08 -3.68002333e-08 1
LGIC_C 259 0.260414799 -0.31698848 0.0250140073 -3.27854948e-08 4.90669785e-08 1
LGIC_C 260 -0.0359758993 -0.57669598 0.0250140122 9.8680833e-09 4.96100963e-08 1
LGIC_C 261 0.106164152 0.580877858 0.0250140094 -8.63455884e-09 -4.34088253e-08 1
LGIC_C 262 -0.34289374 0.338094283 0.0250140072 4.20574045e-08 -2.81018523e-08 1
LGIC_C 263 -0.686568043 -0.252296017 0.0250140067 4.96100935e-08 -4.19869172e-08 1
LGIC_C 264 0.481488932 -0.316802129 0.0250140087 -3.68002179e-08 2.45891393e-08 1
LGIC_C 265 0.154519444 0.0189589667 0.0250139911 -4.96100911e-08 -9.86803575e-09 1
LGIC_C 266 -0.115457373 -0.317787006 0.0250139999 2.48392553e-08 4.34088306e-08 1
LGIC_C 267 -0.278876438 -0.265638347 0.0250140021 1.45571809e-08 5.5602105e-08 1
LGIC_C 268 -0.045480558 -0.493537393 0.0250140064 -2.90231482e-08 4.96101036e-08 1
LGIC_C 269 -0.026100329 0.683931713 0.025014017 -6.33661298e-09 -4.96100859e-08 1
LGIC_C 270 -0.0891815555 -0.0971757241 0.0250139906 7.55636799e-08 6.2887973e-09 1
LGIC_C 271 -0.501735483 -0.403890934 0.0250140116 3.68002489e-08 2.45891179e-08 1
LGIC_C 272 -0.393537406 0.283551602 0.025014006 -4.82586679e-08 1.31306769e-08 -1
LGIC_C 273 0.70647904 -0.0892411648 0.0250140161 -4.34088182e-08 2.48392526e-08 1
LGIC_C 274 -0.336986941 0.386735678 0.0250140058 2.45891128e-08 -3.68002333e-08 1
LGIC_C 275 0.02869999 -0.57801063 0.0250140117 6.33663526e-09 4.9610097e-08 1
LGIC_C 276 -0.0908065549 -0.434051615 0.0250140021 -2.90231482e-08 4.96101036e-08 1
LGIC_C 277 0.614608443 -0.0583759943 0.0250140156 -4.96100802e-08 3.14742968e-08 1
LGIC_C 278 0.291145287 0.273164427 0.0250140007 -3.68002282e-08 -2.45891172e-08 1
LGIC_C 279 0.0811298865 -0.0726726199 0.025013988 -3.68002179e-08 2.45891393e-08 1
LGIC_C 280 -0.282309971 -0.131311286 0.0250139946 1.45571809e-08 5.5602105e-08 1
LGIC_C 281 0.322996118 0.631244347 0.0250140201 -4.80634192e-08 -3.37890445e-08 1
LGIC_C 282 -0.272873242 -0.483360648 0.0250140088 3.95603082e-08 3.05989652e-08 1
LGIC_C 283 -0.242819673 -0.501053291 0.0250140048 7.55636799e-08 6.2887973e-09 1
LGIC_C 284 0.188695805 -0.760476732 0.0250140179 -8.63454093e-09 4.34088369e-08 1
LGIC_C 285 -0.243581246 0.540396107 0.0250140178 3.27854968e-08 -4.90669676e-08 1
LGIC_C 286 -0.509841475 0.00431481507 0.0250140084 4.96100851e-08 2.90231542e-08 1
LGIC_C 287 -0.0402577473 -0.124784513 0.025013989 8.63456455e-09 4.34088336e-08 1
LGIC_C 288 0.0343894459 -0.360731409 0.0250140009 6.33663526e-09 4.9610097e-08 1
LGIC_C 289 -0.0179368888 -0.0341221534 0.0250139849 2.45891453e-08 3.68002268e-08 1
LGIC_C 290 -0.383768067 -0.52270095 0.025014016 2.81018674e-08 4.20574117e-08 1
LGIC_C 291 -0.491718814 0.414084043 0.0250140115 3.68002297e-08 -2.45891157e-08 1
LGIC_C 292 0.429440926 0.467889147 0.025014015 -2.81018716e-08 -4.20573923e-08 1
LGIC_C 293 -0.646814112 -0.0318124019 0.0250140144 -4.96100919e-08 2.90231703e-08 -1
LGIC_C 294 0.0624396782 -0.180490429 0.0250139944 -1.15127059e-08 5.78784511e-08 1
LGIC_C 295 -0.170549125 0.158487404 0.0250139963 6.28881943e-09 -7.55636452e-08 1
LGIC_C 296 0.51627946 0.291078368 0.0250140131 -4.20574004e-08 -2.81018564e-08 1
LGIC_C 297 0.0718674695 0.297110259 0.0250139968 -8.63455884e-09 -4.34088253e-08 1
LGIC_C 298 0.0401157567 -0.517324394 0.0250140093 -9.86804037e-09 4.96101e-08 1
LGIC_C 299 -0.0901871871 -0.317793786 0.0250139999 9.8680833e-09 4.96100963e-08 1
LGIC_C 300 0.402170349 -0.0564388255 0.0250140021 -4.34088182e-08 2.48392526e-08 1
LGIC_C 301 0.0860542641 0.384431431 0.0250140007 -8.63455884e-09 -4.34088253e-08 1
LGIC_C 302 0.373805647 0.332796489 0.0250140083 -4.20574004e-08 -2.81018564e-08 1
LGIC_C 303 -0.05505735 0.339311451 0.0250140006 9.86805557e-09 -4.96100883e-08 1
LGIC_C 304 -0.178448663 0.397000018 0.0250140048 1.31306824e-08 -4.82586643e-08 1
LGIC_C 305 -0.449268732 0.212132099 0.025014005 3.68002297e-08 -2.45891157e-08 1
LGIC_C 306 0.193082355 0.0892621706 0.0250139941 3.37890593e-08 4.80634111e-08 -1
LGIC_C 307 -0.429999061 0.284758621 0.0250140078 -4.82586679e-08 1.31306769e-08 -1
LGIC_C 308 0.607563716 -0.270997576 0.0250140123 -3.68002179e-08 2.45891393e-08 1
LGIC_C 309 0.154872876 0.121949133 0.0250139919 -3.68002282e-08 -2.45891172e-08 1
LGIC_C 310 0.0565241931 0.812000695 0.025014019 -8.63455884e-09 -4.34088253e-08 1
LGIC_C 311 0.557097196 0.582559788 0.0250140184 -2.45891309e-08 -3.68002211e-08 1
LGIC_C 312 0.33640007 0.204471389 0.0250140031 -4.20574004e-08 -2.81018564e-08 1
LGIC_C 313 0.625096328 0.334176371 0.0250140145 -3.68002282e-08 -2.45891172e-08 1
LGIC_C 314 -0.244885699 0.475848427 0.0250140068 2.45891128e-08 -3.68002333e-08 1
LGIC_C 315 -0.0939727337 0.00740713522 0.025013988 4.96100897e-08 -9.86805572e-09 1
LGIC_C 316 -0.254899869 -0.192464993 0.0250139994 6.28883752e-09 7.55636663e-08 1
LGIC_C 317 -0.400489791 -0.181919294 0.0250140025 3.68002489e-08 2.45891179e-08 1
LGIC_C 318 -0.160084648 -0.334410754 0.025013997 -5.56021111e-08 -1.45571543e-08 -1
LGIC_C 319 -0.537510867 -0.0544459206 0.0250140051 -4.34088282e-08 2.70157287e-08 -1
LGIC_C 320 0.427818337 0.582698762 0.0250140198 -2.81018716e-08 -4.20573923e-08 1
LGIC_C 321 0.606258612 -0.324350981 0.0250140193 -3.37890406e-08 4.80634332e-08 1
LGIC_C 322 0.562792155 0.204805174 0.0250140182 -5.78784335e-08 -1.15127284e-08 1
LGIC_C 323 -0.310924081 -0.667643171 0.0250140201 2.81018674e-08 4.20574117e-08 1
LGIC_C 324 0.00497854772 0.713196956 0.0250140186 -6.33660387e-09 4.96100877e-08 -1
LGIC_C 325 0.422220873 0.652511975 0.0250140176 -2.45891309e-08 -3.68002211e-08 1
LGIC_C 326 0.194307954 0.667408696 0.0250140151 -6.33660387e-09 4.96100877e-08 -1
LGIC_C 327 -0.310664401 -0.0169962427 0.0250139982 -4.96100919e-08 2.90231703e-08 -1
LGIC_C 328 -0.397725029 0.0154839314 0.0250140009 4.34088279e-08 -2.48392273e-08 1
LGIC_C 329 0.641759393 -0.181703213 0.0250140169 -4.96100859e-08 9.86807898e-09 1
LGIC_C 330 0.363000097 -0.0332233932 0.0250140023 -4.96100802e-08 3.14742968e-08 1
LGIC_C 331 0.267787588 -0.0617061206 0.0250139964 -4.34088182e-08 2.48392526e-08 1
LGIC_C 332 -0.00861730312 -0.349093919 0.0250140006 9.8680833e-09 4.96100963e-08 1
LGIC_C 333 0.471901925 0.170068784 0.0250140052 -4.34088272e-08 -8.63453573e-09 1
LGIC_C 334 0.253279703 0.808618059 0.014295515 0.194186548 0.976240951 0.0961519121
LGIC_C 335 0.171278872 0.623983709 0.0250140131 -6.33660387e-09 4.96100877e-08 -1
LGIC_C 336 -0.755172297 0.0277018103 0.0250140167 4.34088279e-08 -2.48392273e-08 1
LGIC_C 337 -0.0602723075 -0.00260930423 0.0250139862 -4.96100919e-08 2.90231703e-08 -1
LGIC_C 338 -0.161190485 0.277556545 0.0250139974 2.45891128e-08 -3.68002333e-08 1
LGIC_C 339 0.164362381 -0.254225428 0.0250139977 -1.31306721e-08 4.82586744e-08 1
LGIC_C 340 -0.283947217 0.620576551 0.0250140174 2.8101852e-08 -4.20574041e-08 1
LGIC_C 341 -0.030453677 -0.714272784 0.0250140145 8.63456455e-09 4.34088336e-08 1
LGIC_C 342 -0.858973316 -0.0157070738 -0.0174423182 -0.976240825 -0.194187339 0.0961515894
LGIC_C 343 0.269706552 0.451024528 0.0250140086 1.3130701e-08 4.82586573e-08 -1
LGIC_C 344 -0.153751254 0.036112205 0.0250139904 5.7878425e-08 4.89846948e-08 1
LGIC_C 345 -0.0774976345 -0.0832337375 0.0250139897 7.55636799e-08 6.2887973e-09 1
LGIC_C 346 0.362028127 0.336090953 0.0250140048 -3.68002282e-08 -2.45891172e-08 1
LGIC_C 347 0.437282928 -0.218441245 0.0250140118 -4.90669481e-08 3.27855328e-08 1
LGIC_C 348 -0.139582514 -0.627920033 0.0250140158 9.8680833e-09 4.96100963e-08 1
LGIC_C 349 -0.105930013 -0.596093516 0.0250140097 -2.90231482e-08 4.96101036e-08 1
LGIC_C 350 -0.21843631 0.384124132 0.0250140028 2.45891128e-08 -3.68002333e-08 1
LGIC_C 351 -0.100679334 0.0893638519 0.025013991 3.37890593e-08 -4.80634052e-08 1
LGIC_C 352 -0.166412299 -0.364487311 0.025014001 3.95603082e-08 3.05989652e-08 1
LGIC_C 353 -0.300256443 0.125325729 0.0250139994 -4.82586679e-08 1.31306769e-08 -1
LGIC_C 354 0.17557452 0.237658564 0.0250139982 -2.81018716e-08 -4.20573923e-08 1
LGIC_C 355 0.113009051 -0.535892887 0.0250140131 1.00935263e-08 5.7878447e-08 1
LGIC_C 356 0.114441937 0.758123583 0.0250140172 -8.63455884e-09 -4.34088253e-08 1
LGIC_C 357 0.750593723 0.206686241 0.0250140192 -4.96100869e-08 6.3366408e-09 1
LGIC_C 358 0.0830092837 -0.0569846086 0.0250139892 -4.90669481e-08 3.27855328e-08 1
LGIC_C 359 -0.19401716 0.154973221 0.0250139962 6.28881943e-09 -7.55636452e-08 1
LGIC_C 360 -0.469533965 0.439012534 0.0250140113 3.68002297e-08 -2.45891157e-08 1
LGIC_C 361 0.57769205 -0.131498943 0.0250140132 -4.96100859e-08 9.86807898e-09 1
LGIC_C 362 -0.387607441 -0.109532525 0.0250139993 -4.96100919e-08 2.90231703e-08 -1
LGIC_C 363 -0.427279789 0.376771932 0.0250140118 4.20574045e-08 -2.81018523e-08 1
LGIC_C 364 0.0847595822 0.157289642 0.0250139938 -3.27855134e-08 -4.90669575e-08 1
LGIC_C 365 0.61502069 -0.31982955 0.0250140181 -4.20573976e-08 2.81018683e-08 1
LGIC_C 366 -0.268555817 -0.703021532 0.0250140204 2.48392553e-08 4.34088306e-08 1
LGIC_C 367 0.408185778 -0.131936254 0.0250140042 -4.34088182e-08 2.48392526e-08 1
LGIC_C 368 -0.106278057 -0.264227277 0.0250139974 2.48392553e-08 4.34088306e-08 1
LGIC_C 369 -0.0804205882 -0.605553111 0.0250140109 -2.90231482e-08 4.96101036e-08 1
LGIC_C 370 -0.431171105 -0.522974521 0.0250140131 2.45891453e-08 3.68002268e-08 1
LGIC_C 371 0.192419917 0.118309379 0.0250139932 -3.68002282e-08 -2.45891172e-08 1
LGIC_C 372 -0.0665292111 0.430357494 0.0250140025 8.63455111e-09 -4.34088279e-08 1
LGIC_C 373 -0.544872907 0.513737665 0.025014016 3.68002297e-08 -2.45891157e-08 1
LGIC_C 374 0.0962443402 -0.26938144 0.025013996 6.33663526e-09 4.9610097e-08 1
LGIC_C 375 0.175019923 -0.591933517 0.0250140157 1.00935263e-08 5.7878447e-08 1
LGIC_C 376 0.466582054 0.398350755 0.0250140141 -4.20574004e-08 -2.81018564e-08 1
LGIC_C 377 0.309143341 0.178170402 0.025013999 -3.68002282e-08 -2.45891172e-08 1
LGIC_C 378 -0.63266625 0.0497192997 0.0250140132 4.96100851e-08 2.90231542e-08 1
LGIC_C 379 -0.0770175098 -0.460990883 0.0250140069 9.8680833e-09 4.96100963e-08 1
LGIC_C 380 0.115052457 0.619259701 0.0250140151 -9.86806672e-09 -4.96100854e-08 1
LGIC_C 381 0.00904195469 0.621218094 0.025014014 -6.33660387e-09 4.96100877e-08 -1
LGIC_C 382 0.566482023 -0.294647308 0.0250140165 -3.37890406e-08 4.80634332e-08 1
LGIC_C 383 0.30397957 -0.487890818 0.0250140171 -3.27854948e-08 4.90669785e-08 1
LGIC_C 384 -0.481555551 -0.39267785 0.0250140159 6.28883752e-09 7.55636663e-08 1
LGIC_C 385 0.591705362 0.0620708332 0.0250140182 -5.78784335e-08 -1.15127284e-08 1
LGIC_C 386 0.551127783 -0.424207341 0.0250140139 -3.68002179e-08 2.45891393e-08 1
LGIC_C 387 0.539883173 -0.260192847 0.025014014 -3.37890406e-08 4.80634332e-08 1
LGIC_C 388 -0.0435505539 0.474682871 0.0250140072 9.86805557e-09 -4.96100883e-08 1
LGIC_C 389 0.402366242 -0.324988776 0.0250140093 -4.20573976e-08 2.81018683e-08 1
LGIC_C 390 0.55628142 0.0447962798 0.0250140105 -4.96100869e-08 6.3366408e-09 1
LGIC_C 391 -0.221912608 0.138581098 0.0250139974 3.37890593e-08 -4.80634052e-08 1
LGIC_C 392 -0.182724812 -0.596291105 0.0250140075 -2.90231482e-08 4.96101036e-08 1
LGIC_C 393 -0.0101181378 -0.313930703 0.025013997 8.63456455e-09 4.34088336e-08 1
LGIC_C 394 0.423835242 0.660120075 0.025014018 -2.45891309e-08 -3.68002211e-08 1
LGIC_C 395 0.314926699 0.480683814 0.0250140106 1.3130701e-08 4.82586573e-08 -1
LGIC_C 396 0.250503388 0.432077475 0.0250140074 1.3130701e-08 4.82586573e-08 -1
LGIC_C 397 -0.635987837 0.189879139 0.0250140125 4.34088259e-08 -8.63455061e-09 1
LGIC_C 398 -0.579806995 0.257944956 0.0250140153 3.37890593e-08 -4.80634052e-08 1
LGIC_C 399 0.562176089 -0.157605782 0.0250140161 -4.96100802e-08 3.14742968e-08 1
