VGCC_O 1 -0.126159285 0.0151063295 0.0466933189 -1.62059625e-06 3.22356338e-07 -1
VGCC_O 8 -0.134706799 0.0161271258 0.0466933331 -1.62059677e-06 3.22356891e-07 -1
CaBS 10 0.108656249 -0.0155617111 0.0855767044 0.333750516 0.131703927 0.933415593
CaBS 11 0.12072033 -0.0106669591 0.0618565706 0.735818353 0.677177225 -0.00153536905
CaBS 13 0.108623604 -0.0317511616 0.0586951322 0.344822999 -0.867728964 -0.357971429
CaBS 14 0.104024656 -0.0140921944 0.0864889774 -0.329239867 -0.132369096 0.934922207
CaBS 15 0.0924331266 -0.0123570149 0.0642426374 -0.751399618 0.322919164 -0.575431861
CaBS 16 0.119825108 -0.0306788097 0.0668858009 0.344822999 -0.867728964 -0.357971429
CaBS 17 0.118377092 -0.0297966176 0.0636319533 0.748611785 -0.322508546 -0.579282861
CaBS 18 0.0907912225 -0.0232163249 0.0739788314 -0.999896295 -0.0141984568 0.00240892729
CaBS 19 0.116026811 -0.026050562 0.0585090955 0.748611785 -0.322508546 -0.579282861
CaBS 20 0.0936546124 -0.0187139328 0.0803837412 -0.748611723 0.322508223 0.579283121
CaBS 21 0.0937106604 -0.0282431655 0.0681638179 -0.735818491 -0.677177075 0.00153536998
CaBS 22 0.0948065327 -0.0119801791 0.0613549125 -0.751399618 0.322919164 -0.575431861
CaBS 23 0.121243298 -0.0309385346 0.0705169022 0.34654604 -0.867983022 0.355684293
CaBS 24 0.0907828149 -0.024293525 0.0641398609 -0.999896295 -0.0141984568 0.00240892729
Ca 8 0.549560979 0.354490872 0.594137481 0 0 0
Ca 4 -0.154878017 -0.198455243 0.633891712 0 0 0
Ca 1 -0.411462061 0.37978843 0.839632254 0 0 0
Ca 7 0.0265102884 -0.55172872 0.318415588 0 0 0
Ca 4 -0.327931327 0.183560266 0.985922168 0 0 0
Ca 1 0.627075388 -0.356355168 0.369070444 0 0 0
Ca 4 0.257355508 -0.668592478 0.612821243 0 0 0
Ca 4 -0.687979481 -0.361112448 0.107643174 0 0 0
Ca 6 0.104298893 -0.371754364 0.30255417 0 0 0
Ca 4 0.137615417 -0.310312113 0.871074044 0 0 0
Ca 1 -0.288422272 -0.209248546 0.374471564 0 0 0
Ca 4 0.49417605 0.0837325231 0.907601649 0 0 0
Ca 8 0.175061699 0.478858936 0.227651461 0 0 0
Ca 6 -0.0705014072 -0.482072921 0.412967139 0 0 0
Ca 1 0.246287841 0.1563663 0.655513083 0 0 0
Ca 6 -0.240668327 -0.0194883154 0.685559501 0 0 0
Ca 8 -0.10083125 0.133257174 0.731149499 0 0 0
Ca 8 0.171358977 0.519902875 0.230844914 0 0 0
Ca 6 0.0852869521 0.409496469 0.405604831 0 0 0
Ca 8 -0.210177287 -0.261179182 0.436502174 0 0 0
Ca 6 -0.309671371 0.194407645 0.629111452 0 0 0
Ca 6 0.0625390356 0.353945148 0.458693685 0 0 0
Ca 8 -0.193569575 0.0191952979 0.431371452 0 0 0
Ca 8 -0.218390647 0.368605991 0.488285854 0 0 0
Ca 1 -0.55952416 -0.358748732 0.578573608 0 0 0
Ca 4 -0.151580745 -0.597161555 0.624701402 0 0 0
Ca 1 -0.493169631 0.454600912 0.331658289 0 0 0
Ca 7 -0.311027504 0.271463311 0.552010302 0 0 0
Ca 4 0.144481497 0.280147428 0.406249946 0 0 0
Ca 8 0.101196734 -0.13485273 0.16924726 0 0 0
Ca 6 0.286346129 -0.550927922 0.343723613 0 0 0
Ca 4 -0.121142106 -0.260536636 1.01494322 0 0 0
Ca 8 -0.452228044 0.19994741 0.371190912 0 0 0
Ca 7 0.30241167 0.298641835 0.298397517 0 0 0
Ca 8 0.0353943242 0.132268918 0.637765618 0 0 0
Ca 1 -0.427520162 0.157630086 0.437552309 0 0 0
Ca 8 -0.491479012 0.278970919 0.572067046 0 0 0
Ca 6 -0.238398761 0.218561671 0.109997054 0 0 0
Ca 7 -0.497050294 -0.347803073 0.223461256 0 0 0
Ca 1 -0.166634235 -0.215772244 0.825917476 0 0 0
Ca 7 -0.223161675 0.42777001 0.608991913 0 0 0
Ca 1 -0.211787052 0.462505598 0.412812026 0 0 0
Ca 1 -0.198095929 0.269587363 0.230970528 0 0 0
Ca 1 -0.261384988 -0.0853800715 0.117604707 0 0 0
Ca 6 0.102037618 0.507249544 0.629384345 0 0 0
Ca 4 0.250382992 -0.211904974 0.61730912 0 0 0
Ca 7 -0.321855037 0.523374824 0.191958754 0 0 0
Ca 7 -0.281815451 0.0723741308 0.224124935 0 0 0
Ca 8 -0.173359956 0.0863327426 0.0914848171 0 0 0
Ca 6 -0.0972813344 0.492219899 0.396152471 0 0 0
Ca 1 -0.203878172 0.556161868 0.251013171 0 0 0
Ca 6 -0.322856572 0.0537804408 0.619187306 0 0 0
Ca 1 -0.181416287 0.163544294 0.228682963 0 0 0
Ca 7 0.286563951 -0.0628331631 0.317148171 0 0 0
Ca 1 -0.262767168 0.332744759 0.420412708 0 0 0
Ca 8 -0.30007296 -0.0487673073 0.295204178 0 0 0
Ca 7 -0.174611366 0.156906464 0.405055894 0 0 0
Ca 4 -0.250048765 -0.121219269 0.452992287 0 0 0
Ca 1 -0.284481883 0.424275659 0.428721996 0 0 0
Ca 8 -0.352097772 -0.215595914 0.213135862 0 0 0
Ca 7 -0.0901797668 -0.0193832687 0.423951628 0 0 0
Ca 1 -0.132984925 0.205779236 0.186702632 0 0 0
Ca 8 0.209680167 0.0921466639 0.126235056 0 0 0
Ca 1 -0.0718836989 0.367587833 0.160529751 0 0 0
Ca 7 -0.184545277 0.0332353389 0.339117062 0 0 0
Ca 1 -0.00454866927 -0.110500224 0.345539345 0 0 0
Ca 6 0.226710969 0.208658584 0.497055875 0 0 0
Ca 1 -0.520673968 0.337125458 0.115802364 0 0 0
Ca 7 0.00603366068 -0.0124244909 0.268775098 0 0 0
Ca 8 -0.00329401088 -0.0797571922 0.509452456 0 0 0
Ca 6 -0.0872607772 0.0873053459 0.371130215 0 0 0
Ca 7 -0.119699173 0.07900042 0.202522767 0 0 0
Ca 4 -0.134224133 0.0895086968 0.292646285 0 0 0
Ca 7 -0.111839431 0.126559885 0.200032801 0 0 0
Ca 1 -0.118012524 0.0779784095 0.0837595184 0 0 0
Ca 7 -0.128814744 -0.0483966956 0.232455292 0 0 0
Ca 1 -0.104608502 0.0451458043 0.164516711 0 0 0
Ca 7 -0.244019384 0.0713355368 0.126190282 0 0 0
Ca 1 0.0101724722 -0.0751463021 0.130089893 0 0 0
Ca 1 -0.112881799 -0.173273708 0.178835335 0 0 0
Ca 4 -0.144854016 0.0419584314 0.10663407 0 0 0
Ca 6 -0.161649292 0.0279760592 0.0836745076 0 0 0
Ca 4 -0.116085063 0.0251327741 0.0466617829 0 0 0
Ca 4 -0.16702981 0.0171349854 0.0650121092 0 0 0
Ca 8 -0.111679752 0.0150642014 0.0466320272 0 0 0
Ca 6 -0.120205794 0.0445176189 0.0774653928 0 0 0
Ca 8 -0.121280245 0.0531072196 0.0471589558 0 0 0
VGCC_O 9 0.0953603447 -0.018533153 0.0466930096 -1.14792244e-06 -1.24564753e-07 -1
VGCC_O 5 0.113746944 -0.0200409323 0.0466929896 -1.01287282e-06 -1.51427976e-07 -1
VGCC_O 6 -0.12622171 0.0241576588 0.046693322 -1.62059677e-06 3.22356891e-07 -1
VGCC_O 0 0.11238887 -0.0311459409 0.0466929927 -1.01287282e-06 -1.51427976e-07 -1
VGCC_O 7 -0.137449801 0.00579357966 0.0466933342 -1.62059625e-06 3.22356338e-07 -1
VGCC_O 4 -0.108229728 0.00324736392 0.0466932869 -8.10297798e-07 1.61178104e-07 -1
VGCC_O 2 0.119933892 -0.04777957 0.0466929781 -1.41802115e-06 2.82063236e-07 -1
VGCC_O 3 0.0772568984 -0.00428239309 0.046693036 -1.41802159e-06 2.82063681e-07 -1
TAG 41 -0.105784995 0.0105052503 0.0536665039 -0.333750681 -0.131703993 -0.933415524
TAG 71 -0.096079873 0.00270213046 0.0564810255 0.74861179 -0.322508554 -0.579282851
TAG 70 -0.118208439 0.00383577013 0.0653592954 -0.735818461 -0.677177107 0.0015353549
TAG 69 -0.119239302 0.00795267007 0.0681959954 -0.999896295 -0.0141984574 0.00240892698
TAG 67 -0.115078276 0.000454692191 0.0742448755 -0.735818461 -0.677177107 0.0015353549
TAG 65 0.119072188 -0.020557456 0.0800936336 0.751399702 -0.322919474 0.575431578
TAG 63 -0.104896891 0.0149528875 0.0527352849 0.329239713 0.132369034 -0.93492227
TAG 62 -0.0995730683 0.0302300905 0.0690462359 0.3213287 0.750213891 -0.577864158
TAG 59 -0.100018848 -0.00188752594 0.0603333581 0.344822933 -0.867729023 -0.35797135
TAG 55 -0.119337383 0.0151637023 0.0699872324 -0.999896295 -0.0141984574 0.00240892698
TAG 54 -0.104785227 0.0261860029 0.076486355 -0.344822968 0.867728888 0.357971643
TAG 53 -0.089146311 -0.000197085518 0.0670554248 0.74861179 -0.322508554 -0.579282851
TAG 52 -0.119278263 0.0119799944 0.0757618237 -0.999896295 -0.0141984574 0.00240892698
TAG 51 -0.102448777 0.00747370566 0.0865367572 -0.329239868 -0.132369105 0.934922205
TAG 45 -0.113699624 0.0170707545 0.0588716642 -0.751399624 0.322919173 -0.575431849
TAG 44 -0.11923843 0.00668793202 0.0611035411 -0.999896295 -0.0141984574 0.00240892698
LGIC_C 0 0.502877205 0.217895789 0.0250140105 -4.20574004e-08 -2.81018564e-08 1
LGIC_C 1 -0.34278049 0.0770090747 0.0250139988 4.34088259e-08 -8.63455061e-09 1
LGIC_C 2 -0.496375758 0.0809814484 0.0250140087 4.96100897e-08 -9.86805572e-09 1
LGIC_C 3 0.245927885 -0.674783042 0.0250140191 -9.86804037e-09 4.96101e-08 1
LGIC_C 4 -0.395540479 -0.225751311 0.0250140028 6.28883752e-09 7.55636663e-08 1
LGIC_C 5 0.0391876627 -0.524757995 0.0250140132 1.00935263e-08 5.7878447e-08 1
LGIC_C 6 -0.320704948 0.456632593 0.0250140136 1.28239438e-08 -5.73353116e-08 1
LGIC_C 7 -0.680262232 0.440947136 0.0250140191 3.68002297e-08 -2.45891157e-08 1
LGIC_C 8 -0.222420205 0.291630549 0.0250139995 2.45891128e-08 -3.68002333e-08 1
LGIC_C 9 -0.443934679 -0.255565473 0.0250140053 6.28883752e-09 7.55636663e-08 1
LGIC_C 10 -0.425643588 -0.59275846 0.0250140182 3.95603082e-08 3.05989652e-08 1
LGIC_C 11 0.17421767 0.563365071 0.0250140101 -6.33660387e-09 4.96100877e-08 -1
LGIC_C 12 0.370568606 0.157487354 0.0250140066 -4.90669739e-08 -3.27854893e-08 1
LGIC_C 13 0.722430763 -0.095585055 0.02501402 -4.96100859e-08 9.86807898e-09 1
LGIC_C 14 0.670342963 0.224551787 0.0250140151 -4.96100869e-08 6.3366408e-09 1
LGIC_C 15 -0.431719221 -0.334634135 0.0250140072 5.39043203e-09 6.47688584e-08 1
LGIC_C 16 0.638154922 -0.130329865 0.0250140162 -4.96100859e-08 9.86807898e-09 1
LGIC_C 17 -0.529554286 0.345886671 0.0250140134 -4.82586679e-08 1.31306769e-08 -1
LGIC_C 18 0.299315624 -0.431804364 0.0250140098 -2.81018481e-08 4.20574137e-08 1
LGIC_C 19 -0.312665627 0.268478431 0.0250140067 3.37890593e-08 -4.80634052e-08 1
LGIC_C 20 0.121526115 -0.394573312 0.0250140075 -1.15127059e-08 5.78784511e-08 1
LGIC_C 21 -0.0269560755 -0.183007574 0.0250139915 -2.90231482e-08 4.96101036e-08 1
LGIC_C 22 0.147234139 0.656912809 0.0250140173 -9.86806672e-09 -4.96100854e-08 1
LGIC_C 23 -0.427158431 0.41246006 0.0250140091 3.68002297e-08 -2.45891157e-08 1
LGIC_C 24 0.115028881 0.472714343 0.0250140078 -9.86806672e-09 -4.96100854e-08 1
LGIC_C 25 0.376707779 0.00748331637 0.0250139997 -4.34088272e-08 -8.63453573e-09 1
LGIC_C 26 -0.0428386894 0.270554894 0.0250139994 1.15127271e-08 -5.78784352e-08 1
LGIC_C 27 -0.276840067 0.496362593 0.0250140167 3.27854968e-08 -4.90669676e-08 1
LGIC_C 28 0.676353883 0.0876576483 0.0250140134 -4.34088272e-08 -8.63453573e-09 1
LGIC_C 29 -0.619157985 -0.118979588 0.0250140133 5.7878436e-08 -4.89847332e-08 1
LGIC_C 30 0.65271595 0.0702286038 0.0250140152 -4.96100869e-08 6.3366408e-09 1
LGIC_C 31 -0.399915272 -0.45115566 0.0250140129 3.95603082e-08 3.05989652e-08 1
LGIC_C 32 0.0471872783 0.0842545702 0.0250139881 -2.81018716e-08 -4.20573923e-08 1
LGIC_C 33 -0.0414018996 0.621271086 0.0250140106 8.63455111e-09 -4.34088279e-08 1
LGIC_C 34 0.223051393 -0.476670619 0.0250140139 -3.27854948e-08 4.90669785e-08 1
LGIC_C 35 -0.146302243 -0.509169724 0.0250140042 -2.90231482e-08 4.96101036e-08 1
LGIC_C 36 0.526564498 -0.613782597 0.0250140188 -2.45891087e-08 3.68002429e-08 1
LGIC_C 37 0.116322705 0.761574994 0.0250140173 -8.63455884e-09 -4.34088253e-08 1
LGIC_C 38 0.714274947 -0.324430475 0.0250140179 -3.05989503e-08 3.95603122e-08 1
LGIC_C 39 0.719105065 0.339834888 0.0250140181 -3.68002282e-08 -2.45891172e-08 1
LGIC_C 40 -0.707760816 0.0315369543 0.0250140148 4.34088279e-08 -2.48392273e-08 1
LGIC_C 41 -0.528874259 0.603970201 0.0250140185 2.45891128e-08 -3.68002333e-08 1
LGIC_C 42 -0.280671072 -0.673062359 0.0250140149 2.45891453e-08 3.68002268e-08 1
LGIC_C 43 -0.579909648 -0.521525432 0.0250140159 1.15916899e-08 4.97976879e-08 1
LGIC_C 44 0.349355559 0.539410921 0.0250140139 1.3130701e-08 4.82586573e-08 -1
LGIC_C 45 0.0179689257 -0.239115723 0.025013995 6.33663526e-09 4.9610097e-08 1
LGIC_C 46 -0.188444374 -0.180112259 0.0250139959 5.39043203e-09 6.47688584e-08 1
LGIC_C 47 0.503760955 -0.193185206 0.0250140146 -5.78784275e-08 1.15127558e-08 1
LGIC_C 48 -0.0645450328 -0.395768536 0.025014001 8.63456455e-09 4.34088336e-08 1
LGIC_C 49 -0.510317303 -0.188131426 0.025014007 4.34088238e-08 8.63459484e-09 1
LGIC_C 50 0.264196544 -0.306835532 0.0250140069 -3.27854948e-08 4.90669785e-08 1
LGIC_C 51 -0.580905573 -0.0396929071 0.0250140074 -4.34088282e-08 2.70157287e-08 -1
LGIC_C 52 0.666655561 -0.170896203 0.0250140164 -4.34088182e-08 2.48392526e-08 1
LGIC_C 53 0.334040086 -0.0849684338 0.0250139998 -4.34088182e-08 2.48392526e-08 1
LGIC_C 54 -0.0166751085 -0.229728472 0.0250139957 -4.89847109e-08 5.78784581e-08 1
LGIC_C 55 0.411468947 0.485329558 0.0250140112 -2.45891309e-08 -3.68002211e-08 1
LGIC_C 56 -0.123395024 -0.234272413 0.0250139935 -5.56021111e-08 -1.45571543e-08 -1
LGIC_C 57 -0.0749869193 0.426989694 0.0250140068 -3.14742797e-08 4.96100914e-08 -1
LGIC_C 58 0.424669795 -0.0419487877 0.0250140027 -4.34088182e-08 2.48392526e-08 1
LGIC_C 59 -0.411267679 -0.179735659 0.0250139992 1.45571809e-08 5.5602105e-08 1
LGIC_C 60 0.134505309 0.525519269 0.0250140136 -3.14742949e-08 -4.96100822e-08 1
LGIC_C 61 -0.406434561 0.358887497 0.0250140105 4.20574045e-08 -2.81018523e-08 1
LGIC_C 62 -0.0503772845 0.435609472 0.0250140065 -3.14742797e-08 4.96100914e-08 -1
LGIC_C 63 0.16473076 -0.0119343274 0.0250139915 -4.96100859e-08 9.86807898e-09 1
LGIC_C 64 -0.233247694 0.0239490016 0.0250139956 5.7878425e-08 4.89846948e-08 1
LGIC_C 65 0.00764405014 0.329335313 0.0250139997 -9.86806672e-09 -4.96100854e-08 1
LGIC_C 66 -0.245670954 -0.327238001 0.0250140013 2.45891453e-08 3.68002268e-08 1
LGIC_C 67 -0.46430036 0.422160974 0.0250140181 6.28881943e-09 -7.55636452e-08 1
LGIC_C 68 -0.646592045 -0.107686369 0.0250140084 -4.34088282e-08 2.70157287e-08 -1
LGIC_C 69 -0.721523895 -0.376806808 0.0250140191 3.68002489e-08 2.45891179e-08 1
LGIC_C 70 -0.0202103327 0.406746075 0.0250140011 8.63455111e-09 -4.34088279e-08 1
LGIC_C 71 0.57952851 0.140973575 0.0250140184 -5.78784335e-08 -1.15127284e-08 1
LGIC_C 72 0.137849134 0.356053387 0.0250140001 -6.33660387e-09 4.96100877e-08 -1
LGIC_C 73 -0.0305588944 0.00386683931 0.0250139847 4.34088279e-08 -2.48392273e-08 1
LGIC_C 74 0.490189706 0.484105613 0.0250140133 -4.82586616e-08 -1.31306776e-08 1
LGIC_C 75 0.536608173 -0.582716944 0.0250140179 -2.45891087e-08 3.68002429e-08 1
LGIC_C 76 -0.673020552 0.0717086546 0.0250140146 4.96100851e-08 2.90231542e-08 1
LGIC_C 77 0.314218173 -0.228869854 0.0250140019 -3.05989503e-08 3.95603122e-08 1
LGIC_C 78 0.273810452 0.360951227 0.0250140099 -3.27855134e-08 -4.90669575e-08 1
LGIC_C 79 -0.585738167 -0.243087472 0.0250140021 1.15916899e-08 4.97976879e-08 1
LGIC_C 80 0.712404972 -0.0651168919 0.0250140147 -4.34088226e-08 8.63456802e-09 1
LGIC_C 81 0.0502873706 0.667493045 0.0250140161 -6.33660387e-09 4.96100877e-08 -1
LGIC_C 82 0.510613902 -0.306206173 0.025014011 -3.05989503e-08 3.95603122e-08 1
LGIC_C 83 -0.353256063 0.286842086 0.0250140041 -4.82586679e-08 1.31306769e-08 -1
LGIC_C 84 0.236867554 0.521084857 0.0250140115 1.3130701e-08 4.82586573e-08 -1
LGIC_C 85 -0.0645545584 0.131872663 0.0250139917 1.28239438e-08 -5.73353116e-08 1
LGIC_C 86 0.567538869 -0.324314581 0.025014018 -3.37890406e-08 4.80634332e-08 1
LGIC_C 87 -0.324924983 -0.255086313 0.0250140022 1.45571809e-08 5.5602105e-08 1
LGIC_C 88 -0.575435898 -0.491787357 0.0250140144 1.15916899e-08 4.97976879e-08 1
LGIC_C 89 0.283504059 -0.496428731 0.0250140109 -1.31306721e-08 4.82586744e-08 1
LGIC_C 90 -0.350366316 -0.325256611 0.0250140064 1.45571809e-08 5.5602105e-08 1
LGIC_C 91 0.13886278 0.827673091 0.0250140204 -8.63455884e-09 -4.34088253e-08 1
LGIC_C 92 0.244621816 -0.683384574 0.0250140156 6.33663526e-09 4.9610097e-08 1
LGIC_C 93 -0.0741327093 0.592685224 0.0250140122 -6.33661298e-09 -4.96100859e-08 1
LGIC_C 94 0.155045671 -0.0622995524 0.0250139929 -4.96100802e-08 3.14742968e-08 1
LGIC_C 95 -0.307355938 -0.393022915 0.0250140061 -5.56021111e-08 -1.45571543e-08 -1
LGIC_C 96 0.324769424 -0.0275207544 0.0250139996 -4.96100859e-08 9.86807898e-09 1
LGIC_C 97 -0.402488356 0.0689714864 0.0250140012 4.96100851e-08 2.90231542e-08 1
LGIC_C 98 -0.343079302 -0.539975323 0.0250140133 3.95603082e-08 3.05989652e-08 1
LGIC_C 99 0.226362186 -0.0638500091 0.0250139965 -4.96100802e-08 3.14742968e-08 1
LGIC_C 100 -0.335824635 -0.494031943 0.0250140097 2.45891453e-08 3.68002268e-08 1
LGIC_C 101 -0.382585658 0.0332818363 0.0250140026 4.96100897e-08 -9.86805572e-09 1
LGIC_C 102 -0.320461747 0.438311753 0.0250140125 1.28239438e-08 -5.73353116e-08 1
LGIC_C 103 -0.445331262 -0.0365130802 0.0250140029 4.34088238e-08 8.63459484e-09 1
LGIC_C 104 0.603909536 -0.247131171 0.0250140156 -4.96100859e-08 9.86807898e-09 1
LGIC_C 105 -0.331666521 0.0900200507 0.0250139999 4.34088279e-08 -2.48392273e-08 1
LGIC_C 106 -0.289784069 0.790532864 0.0250140201 8.63455111e-09 -4.34088279e-08 1
LGIC_C 107 -0.741143152 -0.273062724 0.0250140178 4.34088238e-08 8.63459484e-09 1
LGIC_C 108 -0.050671703 -0.492047685 0.0250140059 2.48392553e-08 4.34088306e-08 1
LGIC_C 109 0.216894972 0.109141746 0.0250139951 -4.82586616e-08 -1.31306776e-08 1
LGIC_C 110 -0.170237236 -0.701918934 0.0250140152 8.63456455e-09 4.34088336e-08 1
LGIC_C 111 -0.531692048 -0.145842342 0.0250140054 -4.96100919e-08 2.90231703e-08 -1
LGIC_C 112 0.718305393 -0.0455095654 0.0250140203 -4.96100802e-08 3.14742968e-08 1
LGIC_C 113 -0.0142461016 -0.697345934 0.0250140139 2.48392553e-08 4.34088306e-08 1
LGIC_C 114 -0.3647386 0.391911299 0.0250140104 1.28239438e-08 -5.73353116e-08 1
LGIC_C 115 0.498631869 -0.383133896 0.0250140136 -3.05989503e-08 3.95603122e-08 1
LGIC_C 116 0.14829875 -0.453350614 0.025014008 1.00935263e-08 5.7878447e-08 1
LGIC_C 117 -0.183744393 -0.0269974201 0.0250139916 -4.96100919e-08 2.90231703e-08 -1
LGIC_C 118 -0.314074762 -0.350655105 0.0250140058 -5.56021111e-08 -1.45571543e-08 -1
LGIC_C 119 0.0835120949 0.423403012 0.0250140051 -9.86806672e-09 -4.96100854e-08 1
LGIC_C 120 0.0176568561 0.488322624 0.0250140077 -9.86806672e-09 -4.96100854e-08 1
LGIC_C 121 -0.427805404 -0.398303253 0.025014008 1.15916899e-08 4.97976879e-08 1
LGIC_C 122 0.600453389 -0.345345634 0.0250140138 -3.68002179e-08 2.45891393e-08 1
LGIC_C 123 0.354247757 -0.301979101 0.0250140105 -4.90669481e-08 3.27855328e-08 1
LGIC_C 124 0.497778572 -0.440528217 0.0250140124 -3.68002179e-08 2.45891393e-08 1
LGIC_C 125 0.158389528 -0.184562863 0.0250139942 -1.31306721e-08 4.82586744e-08 1
LGIC_C 126 0.629995079 -0.349466162 0.0250140163 -3.05989503e-08 3.95603122e-08 1
LGIC_C 127 0.240368965 -0.295327214 0.0250140006 -1.31306721e-08 4.82586744e-08 1
LGIC_C 128 0.267066857 -0.349341973 0.0250140027 -2.45891087e-08 3.68002429e-08 1
LGIC_C 129 0.425446942 -0.127182013 0.0250140028 -4.34088226e-08 8.63456802e-09 1
LGIC_C 130 -0.651298154 0.208707056 0.0250140133 4.34088259e-08 -8.63455061e-09 1
LGIC_C 131 0.398781682 0.254321765 0.0250140058 -4.82586616e-08 -1.31306776e-08 1
LGIC_C 132 -0.247314259 0.0823288589 0.0250139935 5.7878425e-08 4.89846948e-08 1
LGIC_C 133 -0.591524686 -0.0540486036 0.0250140094 4.34088238e-08 8.63459484e-09 1
LGIC_C 134 0.317469504 -0.654434697 0.0250140151 -2.45891087e-08 3.68002429e-08 1
LGIC_C 135 -0.321337599 -0.258466023 0.0250140048 6.28883752e-09 7.55636663e-08 1
LGIC_C 136 0.4246653 -0.256578383 0.0250140052 -3.68002179e-08 2.45891393e-08 1
LGIC_C 137 0.374764106 -0.306602494 0.0250140068 -3.05989503e-08 3.95603122e-08 1
LGIC_C 138 -0.710580387 -0.200223792 0.0250140101 4.96100935e-08 -4.19869172e-08 1
LGIC_C 139 0.172362164 -0.0048655729 0.0250139919 -4.96100802e-08 3.14742968e-08 1
LGIC_C 140 0.452724808 0.592890708 0.0250140162 -2.45891309e-08 -3.68002211e-08 1
LGIC_C 141 0.507620075 0.0642577014 0.0250140058 -4.34088272e-08 -8.63453573e-09 1
LGIC_C 142 -0.463085696 -0.534470814 0.0250140179 3.95603082e-08 3.05989652e-08 1
LGIC_C 143 -0.0804432726 -0.179869211 0.0250139931 2.81018674e-08 4.20574117e-08 1
LGIC_C 144 -0.462437218 -0.477030376 0.0250140161 3.95603082e-08 3.05989652e-08 1
LGIC_C 145 0.214776514 0.0193834377 0.0250139938 -4.96100869e-08 6.3366408e-09 1
LGIC_C 146 0.0101960831 0.590636071 0.0250140125 -6.33660387e-09 4.96100877e-08 -1
LGIC_C 147 -0.362782026 -0.335298954 0.0250140041 1.15916899e-08 4.97976879e-08 1
LGIC_C 148 0.398417067 -0.0658586456 0.025014007 -5.78784275e-08 1.15127558e-08 1
LGIC_C 149 0.561379926 0.539129293 0.0250140172 -3.68002282e-08 -2.45891172e-08 1
LGIC_C 150 0.409035841 0.146611349 0.0250140026 -4.96100869e-08 6.3366408e-09 1
LGIC_C 151 -0.120934005 -0.716267901 0.0250140154 8.63456455e-09 4.34088336e-08 1
LGIC_C 152 0.261799485 0.623655007 0.0250140168 -2.81018716e-08 -4.20573923e-08 1
LGIC_C 153 0.152411419 -0.166734883 0.0250139947 -1.28239349e-08 5.73353226e-08 1
LGIC_C 154 0.185918323 0.499471327 0.0250140099 -9.86806672e-09 -4.96100854e-08 1
LGIC_C 155 -0.608139003 0.123773994 0.0250140107 4.34088259e-08 -8.63455061e-09 1
LGIC_C 156 -0.267923979 0.0297916493 0.0250139952 4.34088259e-08 -8.63455061e-09 1
LGIC_C 157 -0.393002175 0.298651377 0.0250140083 6.28881943e-09 -7.55636452e-08 1
LGIC_C 158 0.394975657 0.196379403 0.025014006 3.37890593e-08 4.80634111e-08 -1
LGIC_C 159 0.760972064 0.198103711 0.025014018 -4.34088272e-08 -8.63453573e-09 1
LGIC_C 160 -0.255695137 -0.0802200103 0.0250139922 -4.34088282e-08 2.70157287e-08 -1
LGIC_C 161 -0.426904544 0.103560167 0.0250140055 4.96100897e-08 -9.86805572e-09 1
LGIC_C 162 0.479956192 -0.030893099 0.0250140114 -5.78784275e-08 1.15127558e-08 1
LGIC_C 163 0.373509396 -0.250484706 0.025014006 -4.20573976e-08 2.81018683e-08 1
LGIC_C 164 0.243615912 -0.574490033 0.0250140142 -1.31306721e-08 4.82586744e-08 1
LGIC_C 165 -0.354206546 0.047285239 0.0250139995 4.96100851e-08 2.90231542e-08 1
LGIC_C 166 -0.187161753 -0.687733136 0.0250140177 2.48392553e-08 4.34088306e-08 1
LGIC_C 167 -0.556114782 0.554814882 0.0250140174 3.68002297e-08 -2.45891157e-08 1
LGIC_C 168 -0.566412348 -0.236206395 0.0250140016 5.39043203e-09 6.47688584e-08 1
LGIC_C 169 0.684614398 -0.469027798 0.02501402 -3.68002179e-08 2.45891393e-08 1
LGIC_C 170 0.485588839 -0.340215921 0.025014016 -3.37890406e-08 4.80634332e-08 1
LGIC_C 171 -0.190177594 0.295246562 0.0250140026 1.28239438e-08 -5.73353116e-08 1
LGIC_C 172 0.393821829 0.174098465 0.0250140049 3.37890593e-08 4.80634111e-08 -1
LGIC_C 173 0.660660313 0.293322925 0.0250140148 -3.68002282e-08 -2.45891172e-08 1
LGIC_C 174 -0.068177238 -0.549913642 0.0250140088 2.48392553e-08 4.34088306e-08 1
LGIC_C 175 0.42342198 -0.282236533 0.0250140111 -3.37890406e-08 4.80634332e-08 1
LGIC_C 176 -0.589136417 -0.581860172 0.025014019 1.15916899e-08 4.97976879e-08 1
LGIC_C 177 0.308261953 0.330516097 0.0250140058 -2.81018716e-08 -4.20573923e-08 1
LGIC_C 178 0.077694655 -0.638267908 0.0250140144 6.33663526e-09 4.9610097e-08 1
LGIC_C 179 -0.256374661 -0.179267688 0.0250139984 6.28883752e-09 7.55636663e-08 1
LGIC_C 180 -0.16240163 0.275460136 0.0250139994 2.8101852e-08 -4.20574041e-08 1
LGIC_C 181 -0.650693208 -0.327733756 0.025014008 5.39043203e-09 6.47688584e-08 1
LGIC_C 182 0.0873087045 -0.192289373 0.0250139938 -2.81018481e-08 4.20574137e-08 1
LGIC_C 183 0.668147645 0.332409236 0.0250140198 -4.82586616e-08 -1.31306776e-08 1
LGIC_C 184 0.726482298 -0.0348774159 0.0250140156 -4.34088182e-08 2.48392526e-08 1
LGIC_C 185 0.405837421 -0.12061862 0.0250140038 -4.34088182e-08 2.48392526e-08 1
LGIC_C 186 -0.606182844 -0.31085534 0.0250140066 5.39043203e-09 6.47688584e-08 1
LGIC_C 187 0.179660194 0.078771029 0.0250139946 -4.90669739e-08 -3.27854893e-08 1
LGIC_C 188 -0.745786339 0.110353122 0.0250140166 4.34088259e-08 -8.63455061e-09 1
LGIC_C 189 -0.484870226 0.304182894 0.0250140122 4.20574045e-08 -2.81018523e-08 1
LGIC_C 190 0.341362604 -0.749131905 0.0250140192 -2.45891087e-08 3.68002429e-08 1
LGIC_C 191 -0.410064807 -0.259063414 0.0250140022 5.39043203e-09 6.47688584e-08 1
LGIC_C 192 -0.287623279 0.115740474 0.0250139968 4.34088259e-08 -8.63455061e-09 1
LGIC_C 193 0.292537064 0.0822761503 0.0250139986 -4.96100911e-08 -9.86803575e-09 1
LGIC_C 194 -0.651704497 0.382021237 0.0250140166 3.68002297e-08 -2.45891157e-08 1
LGIC_C 195 0.341650633 0.381109615 0.0250140089 -2.81018716e-08 -4.20573923e-08 1
LGIC_C 196 0.708314422 0.391167705 0.0250140189 -3.68002282e-08 -2.45891172e-08 1
LGIC_C 197 -0.230667428 -0.485162147 0.0250140068 2.45891453e-08 3.68002268e-08 1
LGIC_C 198 0.539888278 0.0331411263 0.025014007 -4.34088272e-08 -8.63453573e-09 1
LGIC_C 199 0.601677225 0.242051907 0.0250140115 -4.96100869e-08 6.3366408e-09 1
LGIC_C 200 0.702358398 -0.279779577 0.0250140161 -4.34088226e-08 8.63456802e-09 1
LGIC_C 201 0.215680691 0.120693662 0.0250139957 -4.20574004e-08 -2.81018564e-08 1
LGIC_C 202 -0.034611952 -0.334955441 0.0250139986 2.48392553e-08 4.34088306e-08 1
LGIC_C 203 -0.192921545 -0.0702284938 0.0250139908 -4.96100919e-08 2.90231703e-08 -1
LGIC_C 204 -0.364655201 0.536483939 0.0250140161 2.8101852e-08 -4.20574041e-08 1
LGIC_C 205 -0.080499165 0.228990288 0.0250139954 9.86805557e-09 -4.96100883e-08 1
LGIC_C 206 0.608336299 -0.37035993 0.0250140147 -3.68002179e-08 2.45891393e-08 1
LGIC_C 207 -0.143364472 -0.447259184 0.0250140021 -4.89847109e-08 5.78784581e-08 1
LGIC_C 208 -0.524387499 0.362055815 0.0250140133 -4.82586679e-08 1.31306769e-08 -1
LGIC_C 209 -0.0232783562 -0.000567673754 0.0250139865 -1.38908242e-07 -2.76307273e-08 -1
LGIC_C 210 0.0574793047 0.240465275 0.0250139958 -9.86806672e-09 -4.96100854e-08 1
LGIC_C 211 0.606622164 -0.153139939 0.0250140201 -5.78784275e-08 1.15127558e-08 1
LGIC_C 212 -0.33898911 -0.452438065 0.0250140087 -5.56021111e-08 -1.45571543e-08 -1
LGIC_C 213 0.395257904 -0.429100795 0.0250140124 -2.81018481e-08 4.20574137e-08 1
LGIC_C 214 0.489749762 -0.0867000466 0.0250140052 -4.34088226e-08 8.63456802e-09 1
LGIC_C 215 -0.413595077 -0.0223061805 0.0250140014 4.34088238e-08 8.63459484e-09 1
LGIC_C 216 0.195068161 -0.173708031 0.0250139961 -3.05989503e-08 3.95603122e-08 1
LGIC_C 217 0.482313922 -0.410605587 0.0250140193 -3.37890406e-08 4.80634332e-08 1
LGIC_C 218 -0.26334935 0.366411248 0.0250140044 1.31306824e-08 -4.82586643e-08 1
LGIC_C 219 -0.21047309 -0.446794987 0.0250140053 3.95603082e-08 3.05989652e-08 1
LGIC_C 220 -0.712182691 -0.32929034 0.0250140176 3.68002489e-08 2.45891179e-08 1
LGIC_C 221 0.705411806 -0.462931015 0.00873869944 0.827616944 -0.552996408 0.0961517878
LGIC_C 222 -0.586126462 -0.16625734 0.0250140075 -4.96100919e-08 2.90231703e-08 -1
LGIC_C 223 0.281464151 0.432722178 0.0250140114 -4.80634192e-08 -3.37890445e-08 1
LGIC_C 224 -0.376522319 0.0652793042 0.025014 4.96100851e-08 2.90231542e-08 1
LGIC_C 225 0.1901066 -0.630750505 0.0250140123 -8.63454093e-09 4.34088369e-08 1
LGIC_C 226 0.3423204 -0.22413109 0.0250140013 -3.68002179e-08 2.45891393e-08 1
LGIC_C 227 -0.175570203 0.493310605 0.0250140062 8.63455111e-09 -4.34088279e-08 1
LGIC_C 228 0.256086435 -0.317035802 0.0250140019 -1.31306721e-08 4.82586744e-08 1
LGIC_C 229 -0.551944811 -0.0665789394 0.0250140078 4.34088238e-08 8.63459484e-09 1
LGIC_C 230 -0.695163095 -0.246541514 0.0250140068 -4.34088282e-08 2.70157287e-08 -1
LGIC_C 231 0.513465604 0.287298418 0.0250140144 3.37890593e-08 4.80634111e-08 -1
LGIC_C 232 -0.242715682 0.743423773 0.0250140176 8.63455111e-09 -4.34088279e-08 1
LGIC_C 233 0.354124017 0.247955695 0.0250140036 -4.82586616e-08 -1.31306776e-08 1
LGIC_C 234 -0.080326206 -0.457569325 0.0250140038 8.63456455e-09 4.34088336e-08 1
LGIC_C 235 0.28430225 0.452687925 0.0250140103 -2.81018716e-08 -4.20573923e-08 1
LGIC_C 236 0.325528809 -0.0173060898 0.0250139978 -4.34088182e-08 2.48392526e-08 1
LGIC_C 237 0.65960602 -0.0383603247 0.0250140172 -4.96100802e-08 3.14742968e-08 1
LGIC_C 238 -0.151221008 0.00277946082 0.0250139919 5.7878425e-08 4.89846948e-08 1
LGIC_C 239 0.524650179 -0.292048726 0.0250140135 -4.20573976e-08 2.81018683e-08 1
LGIC_C 240 0.117518536 -0.192570453 0.0250139958 -1.28239349e-08 5.73353226e-08 1
LGIC_C 241 -0.114339582 0.235670189 0.0250139964 2.8101852e-08 -4.20574041e-08 1
LGIC_C 242 0.601171217 -0.308162684 0.0250140183 -3.37890406e-08 4.80634332e-08 1
LGIC_C 243 -0.611057905 0.212491901 0.0250140157 4.96100897e-08 -9.86805572e-09 1
LGIC_C 244 0.586328277 -0.194922054 0.0250140194 -5.78784275e-08 1.15127558e-08 1
LGIC_C 245 -0.474363174 -0.439809774 0.0250140146 1.45571809e-08 5.5602105e-08 1
LGIC_C 246 0.4152597 0.468415544 0.0250140107 -2.45891309e-08 -3.68002211e-08 1
LGIC_C 247 -0.473053914 0.677686831 0.0250140198 2.45891128e-08 -3.68002333e-08 1
LGIC_C 248 0.136849996 -0.125084616 0.0250139913 -3.68002179e-08 2.45891393e-08 1
LGIC_C 249 0.475239546 -0.00830333103 0.0250140071 -4.96100802e-08 3.14742968e-08 1
LGIC_C 250 0.228276638 0.503036518 0.0250140112 -4.80634192e-08 -3.37890445e-08 1
LGIC_C 251 0.021210209 0.671747244 0.0250140165 -6.33660387e-09 4.96100877e-08 -1
LGIC_C 252 0.141677645 0.6159574 0.0250140183 -3.14742949e-08 -4.96100822e-08 1
LGIC_C 253 0.506715976 0.313728392 0.0250140118 -4.82586616e-08 -1.31306776e-08 1
LGIC_C 254 -0.458869217 0.28534505 0.0250140125 3.37890593e-08 -4.80634052e-08 1
LGIC_C 255 -0.801593889 -0.0479581881 0.0250140168 -4.34088282e-08 2.70157287e-08 -1
LGIC_C 256 -0.276233866 0.554238418 0.0250140105 2.45891128e-08 -3.68002333e-08 1
LGIC_C 257 0.308715106 0.316379901 0.0250140026 1.3130701e-08 4.82586573e-08 -1
LGIC_C 258 -0.250537493 0.56359861 0.0250140102 2.45891128e-08 -3.68002333e-08 1
LGIC_C 259 0.259446461 -0.309124479 0.0250140069 -3.27854948e-08 4.90669785e-08 1
LGIC_C 260 -0.0328231603 -0.59152018 0.0250140129 9.8680833e-09 4.96100963e-08 1
LGIC_C 261 0.0829787766 0.596975694 0.0250140099 -8.63455884e-09 -4.34088253e-08 1
LGIC_C 262 -0.342799277 0.322825078 0.0250140068 4.20574045e-08 -2.81018523e-08 1
LGIC_C 263 -0.678379888 -0.25935959 0.025014006 4.96100935e-08 -4.19869172e-08 1
LGIC_C 264 0.462952773 -0.321151314 0.0250140082 -3.68002179e-08 2.45891393e-08 1
LGIC_C 265 0.194795006 0.0246633275 0.0250139931 -4.96100911e-08 -9.86803575e-09 1
LGIC_C 266 -0.13464796 -0.334325357 0.0250140011 2.48392553e-08 4.34088306e-08 1
LGIC_C 267 -0.283025972 -0.261123 0.0250140019 1.45571809e-08 5.5602105e-08 1
LGIC_C 268 -0.0554999072 -0.506529311 0.0250140067 -2.90231482e-08 4.96101036e-08 1
LGIC_C 269 -0.0470375659 0.681607717 0.0250140168 -6.33661298e-09 -4.96100859e-08 1
LGIC_C 270 -0.0954690824 -0.0978508274 0.0250139911 7.55636799e-08 6.2887973e-09 1
LGIC_C 271 -0.511247326 -0.431209655 0.0250140127 3.68002489e-08 2.45891179e-08 1
LGIC_C 272 -0.413533371 0.315941883 0.0250140074 -4.82586679e-08 1.31306769e-08 -1
LGIC_C 273 0.703177335 -0.133083621 0.0250140171 -4.34088182e-08 2.48392526e-08 1
LGIC_C 274 -0.34490283 0.399115626 0.0250140064 2.45891128e-08 -3.68002333e-08 1
LGIC_C 275 0.0308982531 -0.565486155 0.0250140111 6.33663526e-09 4.9610097e-08 1
LGIC_C 276 -0.132178474 -0.466838696 0.0250140025 -2.90231482e-08 4.96101036e-08 1
LGIC_C 277 0.641494608 -0.0580841067 0.0250140169 -4.96100802e-08 3.14742968e-08 1
LGIC_C 278 0.30097848 0.278404301 0.0250140012 -3.68002282e-08 -2.45891172e-08 1
LGIC_C 279 0.0557642887 -0.112216992 0.0250139887 -2.45891087e-08 3.68002429e-08 1
LGIC_C 280 -0.282698654 -0.139360096 0.0250139951 1.45571809e-08 5.5602105e-08 1
LGIC_C 281 0.354581852 0.597132851 0.0250140205 -4.80634192e-08 -3.37890445e-08 1
LGIC_C 282 -0.284809389 -0.453684431 0.0250140084 3.95603082e-08 3.05989652e-08 1
LGIC_C 283 -0.257917487 -0.503696446 0.0250140059 7.55636799e-08 6.2887973e-09 1
LGIC_C 284 0.211249752 -0.759379247 0.025014018 -8.63454093e-09 4.34088369e-08 1
LGIC_C 285 -0.247121472 0.528814996 0.0250140173 3.27854968e-08 -4.90669676e-08 1
LGIC_C 286 -0.49217442 0.00168671643 0.0250140076 4.96100851e-08 2.90231542e-08 1
LGIC_C 287 -0.0795097502 -0.109164721 0.0250139892 2.45891453e-08 3.68002268e-08 1
LGIC_C 288 0.0209974814 -0.346429067 0.0250140003 6.33663526e-09 4.9610097e-08 1
LGIC_C 289 -0.0152728465 -0.0134580921 0.0250139841 1.15916899e-08 4.97976879e-08 1
LGIC_C 290 -0.363685211 -0.515457039 0.0250140151 2.81018674e-08 4.20574117e-08 1
LGIC_C 291 -0.480454789 0.406769653 0.025014011 3.68002297e-08 -2.45891157e-08 1
LGIC_C 292 0.443030161 0.467441356 0.0250140154 -2.81018716e-08 -4.20573923e-08 1
LGIC_C 293 -0.639583408 -0.0211349328 0.0250140144 -4.96100919e-08 2.90231703e-08 -1
LGIC_C 294 0.0563683225 -0.16442512 0.0250139934 -1.15127059e-08 5.78784511e-08 1
LGIC_C 295 -0.159764284 0.133558232 0.0250139944 6.28881943e-09 -7.55636452e-08 1
LGIC_C 296 0.524207203 0.272580787 0.025014013 -4.20574004e-08 -2.81018564e-08 1
LGIC_C 297 0.0499662946 0.322796176 0.0250139977 -8.63455884e-09 -4.34088253e-08 1
LGIC_C 298 0.0256869015 -0.513039705 0.0250140089 -9.86804037e-09 4.96101e-08 1
LGIC_C 299 -0.110372343 -0.319409377 0.0250140002 9.8680833e-09 4.96100963e-08 1
LGIC_C 300 0.403526561 -0.0276445561 0.0250140014 -4.34088182e-08 2.48392526e-08 1
LGIC_C 301 0.0773380711 0.370575859 0.025014 -8.63455884e-09 -4.34088253e-08 1
LGIC_C 302 0.362552507 0.356420537 0.0250140085 -4.20574004e-08 -2.81018564e-08 1
LGIC_C 303 -0.0325358707 0.360860084 0.0250140015 9.86805557e-09 -4.96100883e-08 1
LGIC_C 304 -0.175722653 0.400438942 0.0250140049 1.31306824e-08 -4.82586643e-08 1
LGIC_C 305 -0.445618309 0.25987236 0.0250140061 3.68002297e-08 -2.45891157e-08 1
LGIC_C 306 0.17300184 0.0969009443 0.0250139938 3.37890593e-08 4.80634111e-08 -1
LGIC_C 307 -0.419657686 0.294596642 0.0250140074 -4.82586679e-08 1.31306769e-08 -1
LGIC_C 308 0.64037243 -0.270998354 0.0250140135 -3.68002179e-08 2.45891393e-08 1
LGIC_C 309 0.135211674 0.132019892 0.0250139915 -3.68002282e-08 -2.45891172e-08 1
LGIC_C 310 0.0855802699 0.807082423 0.025014019 -8.63455884e-09 -4.34088253e-08 1
LGIC_C 311 0.536842154 0.582553623 0.0250140179 -2.45891309e-08 -3.68002211e-08 1
LGIC_C 312 0.299734565 0.219875398 0.025014002 -4.20574004e-08 -2.81018564e-08 1
LGIC_C 313 0.659891486 0.338832118 0.0250140159 -3.68002282e-08 -2.45891172e-08 1
LGIC_C 314 -0.240862628 0.486792107 0.0250140071 2.45891128e-08 -3.68002333e-08 1
LGIC_C 315 -0.0705617817 0.00346905463 0.0250139868 4.96100897e-08 -9.86805572e-09 1
LGIC_C 316 -0.250603602 -0.199853411 0.0250139999 6.28883752e-09 7.55636663e-08 1
LGIC_C 317 -0.394941246 -0.191231915 0.0250140025 3.68002489e-08 2.45891179e-08 1
LGIC_C 318 -0.195311546 -0.353462333 0.0250139993 -5.56021111e-08 -1.45571543e-08 -1
LGIC_C 319 -0.535686851 -0.0615967865 0.0250140049 -4.34088282e-08 2.70157287e-08 -1
LGIC_C 320 0.444248695 0.581061641 0.0250140202 -2.81018716e-08 -4.20573923e-08 1
LGIC_C 321 0.61196462 -0.28974408 0.0250140178 -3.37890406e-08 4.80634332e-08 1
LGIC_C 322 0.562741087 0.218283383 0.0250140183 -5.78784335e-08 -1.15127284e-08 1
LGIC_C 323 -0.315878951 -0.671840455 0.0250140204 2.81018674e-08 4.20574117e-08 1
LGIC_C 324 0.00751327648 0.700781852 0.0250140181 -9.86806672e-09 -4.96100854e-08 1
LGIC_C 325 0.459315824 0.660125707 0.0250140188 -2.45891309e-08 -3.68002211e-08 1
LGIC_C 326 0.194240612 0.630175597 0.0250140133 -6.33660387e-09 4.96100877e-08 -1
LGIC_C 327 -0.322086736 -0.0175504077 0.0250139987 -4.96100919e-08 2.90231703e-08 -1
LGIC_C 328 -0.441344996 0.0214580614 0.025014003 4.34088279e-08 -2.48392273e-08 1
LGIC_C 329 0.651186811 -0.22097573 0.0250140177 -4.96100859e-08 9.86807898e-09 1
LGIC_C 330 0.388594226 -0.048078414 0.025014004 -4.96100802e-08 3.14742968e-08 1
LGIC_C 331 0.236871214 -0.0567136196 0.0250139949 -4.34088182e-08 2.48392526e-08 1
LGIC_C 332 -0.0292979798 -0.343424338 0.0250140006 9.8680833e-09 4.96100963e-08 1
LGIC_C 333 0.459329343 0.17785539 0.0250140047 -4.34088272e-08 -8.63453573e-09 1
LGIC_C 334 0.263286971 0.806668192 0.0138822386 0.194186548 0.976240951 0.0961519121
LGIC_C 335 0.201444148 0.602511043 0.0250140119 -6.33660387e-09 4.96100877e-08 -1
LGIC_C 336 -0.770102784 0.00942871653 0.0250140169 4.34088279e-08 -2.48392273e-08 1
LGIC_C 337 -0.0450775453 -0.00363699986 0.0250139854 4.96100935e-08 -4.19869172e-08 1
LGIC_C 338 -0.179314289 0.301481531 0.0250139988 2.45891128e-08 -3.68002333e-08 1
LGIC_C 339 0.174679583 -0.24656194 0.0250139974 -1.31306721e-08 4.82586744e-08 1
LGIC_C 340 -0.290804155 0.606506586 0.025014017 2.8101852e-08 -4.20574041e-08 1
LGIC_C 341 -0.0440810096 -0.720177785 0.0250140149 8.63456455e-09 4.34088336e-08 1
LGIC_C 342 -0.855813336 -0.0266506109 -0.00746011163 -0.976240825 -0.194187339 0.0961515894
LGIC_C 343 0.268478713 0.478115363 0.0250140099 1.3130701e-08 4.82586573e-08 -1
LGIC_C 344 -0.14946206 0.0190274238 0.025013991 5.7878425e-08 4.89846948e-08 1
LGIC_C 345 -0.0895720945 -0.100842796 0.0250139907 7.55636799e-08 6.2887973e-09 1
LGIC_C 346 0.355941535 0.338974305 0.0250140047 -3.68002282e-08 -2.45891172e-08 1
LGIC_C 347 0.464311826 -0.221975561 0.0250140133 -4.90669481e-08 3.27855328e-08 1
LGIC_C 348 -0.113800344 -0.632762579 0.0250140158 9.8680833e-09 4.96100963e-08 1
LGIC_C 349 -0.151599981 -0.538779806 0.0250140056 -2.90231482e-08 4.96101036e-08 1
LGIC_C 350 -0.242197206 0.393502159 0.0250140037 2.45891128e-08 -3.68002333e-08 1
LGIC_C 351 -0.110682113 0.0634358182 0.0250139901 3.37890593e-08 -4.80634052e-08 1
LGIC_C 352 -0.1566907 -0.371217962 0.0250140008 3.95603082e-08 3.05989652e-08 1
LGIC_C 353 -0.319173718 0.145003258 0.0250140008 4.20574045e-08 -2.81018523e-08 1
LGIC_C 354 0.164871527 0.240756836 0.025013998 -2.81018716e-08 -4.20573923e-08 1
LGIC_C 355 0.094366351 -0.535881288 0.0250140133 1.00935263e-08 5.7878447e-08 1
LGIC_C 356 0.125297731 0.747529751 0.0250140168 -8.63455884e-09 -4.34088253e-08 1
LGIC_C 357 0.743152361 0.171304776 0.025014019 -4.96100869e-08 6.3366408e-09 1
LGIC_C 358 0.0575269126 -0.0468873904 0.0250139876 -4.90669481e-08 3.27855328e-08 1
LGIC_C 359 -0.187271196 0.176621984 0.0250139978 6.28881943e-09 -7.55636452e-08 1
LGIC_C 360 -0.481931578 0.428481474 0.0250140115 3.68002297e-08 -2.45891157e-08 1
LGIC_C 361 0.590855855 -0.148537002 0.025014014 -4.96100859e-08 9.86807898e-09 1
LGIC_C 362 -0.404200812 -0.119525268 0.0250139999 -4.96100919e-08 2.90231703e-08 -1
LGIC_C 363 -0.419725108 0.415000025 0.0250140126 4.20574045e-08 -2.81018523e-08 1
LGIC_C 364 0.119941815 0.151501856 0.0250139946 -3.27855134e-08 -4.90669575e-08 1
LGIC_C 365 0.614026771 -0.300421352 0.0250140175 -4.20573976e-08 2.81018683e-08 1
LGIC_C 366 -0.289617983 -0.673636783 0.0250140153 3.95603082e-08 3.05989652e-08 1
LGIC_C 367 0.404943126 -0.159481114 0.0250140048 -4.34088182e-08 2.48392526e-08 1
LGIC_C 368 -0.118918798 -0.288231309 0.0250139987 2.48392553e-08 4.34088306e-08 1
LGIC_C 369 -0.0784598915 -0.598327821 0.0250140106 -2.90231482e-08 4.96101036e-08 1
LGIC_C 370 -0.385053262 -0.546169237 0.0250140128 2.45891453e-08 3.68002268e-08 1
LGIC_C 371 0.172117687 0.101493986 0.0250139921 -3.68002282e-08 -2.45891172e-08 1
LGIC_C 372 -0.0788180325 0.438908926 0.025014003 8.63455111e-09 -4.34088279e-08 1
LGIC_C 373 -0.539191358 0.528095799 0.0250140161 3.68002297e-08 -2.45891157e-08 1
LGIC_C 374 0.0970989476 -0.247061013 0.0250139949 6.33663526e-09 4.9610097e-08 1
LGIC_C 375 0.191208032 -0.609714824 0.0250140166 1.00935263e-08 5.7878447e-08 1
LGIC_C 376 0.4226783 0.398493611 0.0250140122 -4.20574004e-08 -2.81018564e-08 1
LGIC_C 377 0.330761622 0.149386221 0.0250139991 -3.68002282e-08 -2.45891172e-08 1
LGIC_C 378 -0.640862608 0.0912362793 0.0250140124 4.96100851e-08 2.90231542e-08 1
LGIC_C 379 -0.0432644196 -0.493555645 0.0250140081 9.8680833e-09 4.96100963e-08 1
LGIC_C 380 0.0855242094 0.609679193 0.0250140144 -9.86806672e-09 -4.96100854e-08 1
LGIC_C 381 0.00499582397 0.631358783 0.0250140146 -9.86806672e-09 -4.96100854e-08 1
LGIC_C 382 0.58446303 -0.274298231 0.0250140162 -3.37890406e-08 4.80634332e-08 1
LGIC_C 383 0.301413185 -0.496681733 0.0250140175 -3.27854948e-08 4.90669785e-08 1
LGIC_C 384 -0.462604095 -0.402021835 0.0250140165 6.28883752e-09 7.55636663e-08 1
LGIC_C 385 0.610118737 0.0627450647 0.0250140193 -5.78784335e-08 -1.15127284e-08 1
LGIC_C 386 0.533478733 -0.460386411 0.0250140142 -3.68002179e-08 2.45891393e-08 1
LGIC_C 387 0.572040882 -0.253912079 0.0250140148 -3.37890406e-08 4.80634332e-08 1
LGIC_C 388 -0.039341992 0.483051872 0.0250140076 9.86805557e-09 -4.96100883e-08 1
LGIC_C 389 0.385411522 -0.363003077 0.0250140096 -4.20573976e-08 2.81018683e-08 1
LGIC_C 390 0.543260533 0.0226107542 0.02501401 -4.96100869e-08 6.3366408e-09 1
LGIC_C 391 -0.196853649 0.126961151 0.025013996 3.37890593e-08 -4.80634052e-08 1
LGIC_C 392 -0.18629607 -0.59525007 0.0250140073 -2.90231482e-08 4.96101036e-08 1
LGIC_C 393 -0.00672432927 -0.300813132 0.0250139964 8.63456455e-09 4.34088336e-08 1
LGIC_C 394 0.401126004 0.63074927 0.0250140163 -2.45891309e-08 -3.68002211e-08 1
LGIC_C 395 0.33016115 0.4840523 0.025014011 1.3130701e-08 4.82586573e-08 -1
LGIC_C 396 0.244060267 0.409270202 0.0250140062 1.3130701e-08 4.82586573e-08 -1
LGIC_C 397 -0.646571908 0.221961351 0.0250140133 4.34088259e-08 -8.63455061e-09 1
LGIC_C 398 -0.563430437 0.23594082 0.0250140137 3.37890593e-08 -4.80634052e-08 1
LGIC_C 399 0.581759504 -0.14899583 0.0250140168 -4.96100802e-08 3.14742968e-08 1
