VGCC_O 9 0.0953603447 -0.018533153 0.0466930096 -1.14792244e-06 -1.24564753e-07 -1
VGCC_O 0 0.11238887 -0.0311459409 0.0466929927 -1.01287282e-06 -1.51427976e-07 -1
CaBS 10 0.101621293 -0.0142974393 0.0538605702 -0.333750671 -0.131704002 -0.933415527
CaBS 11 0.091503623 -0.0258355117 0.0723510642 -0.735818491 -0.677177075 0.00153536998
CaBS 13 0.101207284 -0.00727124732 0.0810065036 -0.344822968 0.867728907 0.357971598
CaBS 14 0.103144779 -0.0302200565 0.0589909944 -0.324116536 -0.749802846 -0.576839807
CaBS 15 0.0997651468 -0.0168371987 0.0846003134 -0.329239867 -0.132369096 0.934922207
CaBS 16 0.120376335 -0.0102665525 0.0735989716 0.735818353 0.677177225 -0.00153536905
CaBS 17 0.11297969 -0.0263893537 0.0547598954 0.748611785 -0.322508546 -0.579282861
CaBS 18 0.12258315 -0.0236677279 0.0724225082 0.999896301 0.01419805 -0.0024089266
CaBS 19 0.0922655579 -0.0266728483 0.0681961333 -0.735818491 -0.677177075 0.00153536998
CaBS 20 0.0955776636 -0.0272944292 0.0800614058 -0.321328743 -0.750213836 0.577864204
CaBS 21 0.0979096729 -0.00582815139 0.0651623672 -0.346545998 0.867982935 -0.355684546
CaBS 22 0.101090586 -0.0070115962 0.059175201 -0.346545998 0.867982935 -0.355684546
CaBS 23 0.109877808 -0.0340848637 0.0739123444 0.34654604 -0.867983022 0.355684293
CaBS 24 0.108802131 0.000318871616 0.0699238146 -0.344822968 0.867728907 0.357971598
Ca 8 0.40226622 0.515006544 0.615236093 0 0 0
Ca 4 -0.19905517 -0.226420227 0.607194083 0 0 0
Ca 7 -0.0242584053 -0.691078436 0.425896206 0 0 0
Ca 4 -0.0654773673 0.00783418813 0.87503033 0 0 0
Ca 1 0.677987676 -0.470205774 0.415656827 0 0 0
Ca 6 0.0477700492 -0.39129418 0.0993732053 0 0 0
Ca 1 -0.201615181 -0.166180926 0.362514751 0 0 0
Ca 8 0.185287597 0.453311528 0.167511826 0 0 0
Ca 6 -0.0529198494 -0.259116998 0.462218313 0 0 0
Ca 1 0.275546776 0.125025435 0.650147993 0 0 0
Ca 6 -0.248323305 -0.182115505 0.681496228 0 0 0
Ca 8 -0.0712465601 0.263530507 0.61196804 0 0 0
Ca 8 -0.0397597329 0.487025756 0.414205273 0 0 0
Ca 6 0.188862427 0.487837066 0.48596365 0 0 0
Ca 8 -0.219836419 -0.274114264 0.645040035 0 0 0
Ca 6 -0.0814322931 0.174139263 0.496163051 0 0 0
Ca 6 0.0826781173 0.4871563 0.362897399 0 0 0
Ca 8 -0.16845489 -0.0685250133 0.478502608 0 0 0
Ca 8 -0.103113935 0.438925773 0.605972552 0 0 0
Ca 1 -0.463682084 -0.34031072 0.562790261 0 0 0
Ca 4 0.0302175134 -0.621109325 0.789472892 0 0 0
Ca 1 -0.591413007 0.491220293 0.404303027 0 0 0
Ca 7 -0.338501352 0.332883762 0.460296135 0 0 0
Ca 4 0.144259236 0.312987596 0.305547093 0 0 0
Ca 8 0.169838264 -0.106796877 0.184704718 0 0 0
Ca 6 0.304203739 -0.525569221 0.215603746 0 0 0
Ca 4 -0.161601435 -0.101262259 0.916622702 0 0 0
Ca 8 -0.453800396 0.149503892 0.342037411 0 0 0
Ca 7 0.313532566 0.202834536 0.299851637 0 0 0
Ca 8 0.107742738 0.124103547 0.587469045 0 0 0
Ca 1 -0.554730364 0.27605088 0.77987445 0 0 0
Ca 8 -0.237664452 0.333971946 0.690702804 0 0 0
Ca 6 -0.312878914 0.0870626034 0.0619296053 0 0 0
Ca 7 -0.475529615 -0.213809951 0.0825380883 0 0 0
Ca 1 -0.12014394 -0.273367249 0.845418014 0 0 0
Ca 7 -0.317701501 0.454760566 0.582766671 0 0 0
Ca 1 -0.0455773045 0.429568597 0.413656431 0 0 0
Ca 1 -0.116637328 0.122743577 0.455499714 0 0 0
Ca 1 -0.315751824 -0.121435547 0.245393314 0 0 0
Ca 6 0.090774673 0.358385347 0.391001476 0 0 0
Ca 4 0.247796569 -0.355980136 0.687908979 0 0 0
Ca 7 -0.221284252 0.435065601 0.247294089 0 0 0
Ca 7 -0.266843188 0.0936142169 0.30083553 0 0 0
Ca 8 -0.173277146 0.0442132793 0.222085656 0 0 0
Ca 6 0.159907683 0.450712302 0.333071644 0 0 0
Ca 1 -0.134068187 0.686275745 0.432279544 0 0 0
Ca 6 -0.252429077 -0.0481685908 0.585858963 0 0 0
Ca 1 -0.327988343 0.241659724 0.224100399 0 0 0
Ca 7 0.223439705 -0.161071869 0.390091096 0 0 0
Ca 1 -0.0227364774 0.305409204 0.355027505 0 0 0
Ca 8 -0.302247574 -0.145514739 0.193827683 0 0 0
Ca 7 -0.333918108 0.247950275 0.200113389 0 0 0
Ca 4 -0.154486157 -0.209710378 0.363054744 0 0 0
Ca 1 -0.226929282 0.461231069 0.359914175 0 0 0
Ca 8 -0.437505157 -0.0394530823 0.242593848 0 0 0
Ca 7 0.0463106515 0.0162690917 0.217070603 0 0 0
Ca 1 0.262632343 -0.031827129 0.0768035989 0 0 0
Ca 8 0.22899484 0.02873323 0.219872871 0 0 0
Ca 7 -0.201124082 -0.0315453637 0.370361843 0 0 0
Ca 1 -0.126237422 0.0260245968 0.444583372 0 0 0
Ca 6 0.43352266 0.282701495 0.327518981 0 0 0
Ca 1 -0.634970857 0.21383184 0.0637488396 0 0 0
Ca 8 0.34157053 -0.146508503 0.645380253 0 0 0
Ca 6 0.0282224817 0.250341756 0.274448902 0 0 0
Ca 7 -0.0725069573 0.199364683 0.0952923017 0 0 0
Ca 7 -0.011292863 0.116613981 0.214583704 0 0 0
Ca 1 -0.0694630159 -0.165090719 0.226610758 0 0 0
Ca 7 0.0178713609 -0.0759210131 0.0868437521 0 0 0
Ca 1 -0.303573603 0.0243889127 0.245694391 0 0 0
Ca 7 -0.0906663455 0.279515724 0.159528612 0 0 0
Ca 1 0.110726835 -0.325979989 0.185233659 0 0 0
Ca 6 -0.193861789 0.0398400748 0.0919506944 0 0 0
Ca 8 -0.213772107 0.0126433621 0.0648397328 0 0 0
Ca 8 -0.122770003 -0.0770499783 0.262314122 0 0 0
Ca 1 -0.134201352 0.0776209916 0.146917307 0 0 0
Ca 8 -0.15865807 0.0952014705 0.121191901 0 0 0
Ca 6 -0.173455221 -0.036084874 0.0712744267 0 0 0
Ca 8 -0.221622725 -0.00879971302 0.163641656 0 0 0
Ca 4 -0.0543089727 0.148986763 0.0788553889 0 0 0
Ca 1 -0.158584717 0.085429946 0.0521607616 0 0 0
Ca 6 -0.162253369 0.00145840111 0.0827791997 0 0 0
Ca 8 -0.016441084 0.0491825875 0.146535627 0 0 0
Ca 4 -0.0646757221 0.070509457 0.138227522 0 0 0
Ca 1 -0.102673414 -0.0439470642 0.0755979073 0 0 0
Ca 7 -0.240392899 -0.0340467372 0.069528588 0 0 0
Ca 1 -0.168501017 0.104570256 0.0645155218 0 0 0
VGCC_O 1 -0.126159285 0.0151063295 0.0466933189 -1.62059625e-06 3.22356338e-07 -1
VGCC_O 5 0.113746944 -0.0200409323 0.0466929896 -1.01287282e-06 -1.51427976e-07 -1
VGCC_O 2 0.119933892 -0.04777957 0.0466929781 -1.41802115e-06 2.82063236e-07 -1
VGCC_O 7 -0.137449801 0.00579357966 0.0466933342 -1.62059625e-06 3.22356338e-07 -1
VGCC_O 4 -0.108229728 0.00324736392 0.0466932869 -8.10297798e-07 1.61178104e-07 -1
VGCC_O 6 -0.12622171 0.0241576588 0.046693322 -1.62059677e-06 3.22356891e-07 -1
VGCC_O 8 -0.134706799 0.0161271258 0.0466933331 -1.62059677e-06 3.22356891e-07 -1
VGCC_O 3 0.0772568984 -0.00428239309 0.046693036 -1.41802159e-06 2.82063681e-07 -1
TAG 41 -0.105784995 0.0105052503 0.0536665039 -0.333750681 -0.131703993 -0.933415524
TAG 71 -0.096079873 0.00270213046 0.0564810255 0.74861179 -0.322508554 -0.579282851
TAG 70 -0.118208439 0.00383577013 0.0653592954 -0.735818461 -0.677177107 0.0015353549
TAG 69 -0.119239302 0.00795267007 0.0681959954 -0.999896295 -0.0141984574 0.00240892698
TAG 67 -0.115078276 0.000454692191 0.0742448755 -0.735818461 -0.677177107 0.0015353549
TAG 65 0.119072188 -0.020557456 0.0800936336 0.751399702 -0.322919474 0.575431578
TAG 63 -0.104896891 0.0149528875 0.0527352849 0.329239713 0.132369034 -0.93492227
TAG 62 -0.0995730683 0.0302300905 0.0690462359 0.3213287 0.750213891 -0.577864158
TAG 59 -0.100018848 -0.00188752594 0.0603333581 0.344822933 -0.867729023 -0.35797135
TAG 55 -0.119337383 0.0151637023 0.0699872324 -0.999896295 -0.0141984574 0.00240892698
TAG 54 -0.104785227 0.0261860029 0.076486355 -0.344822968 0.867728888 0.357971643
TAG 53 -0.089146311 -0.000197085518 0.0670554248 0.74861179 -0.322508554 -0.579282851
TAG 52 -0.119278263 0.0119799944 0.0757618237 -0.999896295 -0.0141984574 0.00240892698
TAG 51 -0.102448777 0.00747370566 0.0865367572 -0.329239868 -0.132369105 0.934922205
TAG 45 -0.113699624 0.0170707545 0.0588716642 -0.751399624 0.322919173 -0.575431849
TAG 44 -0.11923843 0.00668793202 0.0611035411 -0.999896295 -0.0141984574 0.00240892698
LGIC_C 0 0.502431594 0.221734284 0.0250140106 -4.20574004e-08 -2.81018564e-08 1
LGIC_C 1 -0.344776717 0.0779484914 0.0250139989 4.34088259e-08 -8.63455061e-09 1
LGIC_C 2 -0.496073791 0.08177543 0.0250140087 4.96100897e-08 -9.86805572e-09 1
LGIC_C 3 0.247433119 -0.676334659 0.0250140192 -9.86804037e-09 4.96101e-08 1
LGIC_C 4 -0.393738756 -0.225971684 0.0250140028 6.28883752e-09 7.55636663e-08 1
LGIC_C 5 0.0393098006 -0.525435096 0.0250140132 1.00935263e-08 5.7878447e-08 1
LGIC_C 6 -0.323005554 0.458762092 0.0250140137 1.28239438e-08 -5.73353116e-08 1
LGIC_C 7 -0.679641718 0.439729714 0.0250140191 3.68002297e-08 -2.45891157e-08 1
LGIC_C 8 -0.225356872 0.293368945 0.0250139996 2.45891128e-08 -3.68002333e-08 1
LGIC_C 9 -0.441801956 -0.256681971 0.0250140054 6.28883752e-09 7.55636663e-08 1
LGIC_C 10 -0.425360059 -0.592967702 0.0250140182 3.95603082e-08 3.05989652e-08 1
LGIC_C 11 0.176052566 0.561381044 0.02501401 -6.33660387e-09 4.96100877e-08 -1
LGIC_C 12 0.370927145 0.156488773 0.0250140066 -4.90669739e-08 -3.27854893e-08 1
LGIC_C 13 0.722472639 -0.0961820394 0.02501402 -4.96100859e-08 9.86807898e-09 1
LGIC_C 14 0.667805874 0.224453125 0.0250140149 -4.96100869e-08 6.3366408e-09 1
LGIC_C 15 -0.431544061 -0.334078216 0.0250140072 5.39043203e-09 6.47688584e-08 1
LGIC_C 16 0.636739988 -0.128813828 0.0250140161 -4.96100859e-08 9.86807898e-09 1
LGIC_C 17 -0.530129169 0.344822444 0.0250140134 -4.82586679e-08 1.31306769e-08 -1
LGIC_C 18 0.299750732 -0.430859491 0.0250140098 -2.81018481e-08 4.20574137e-08 1
LGIC_C 19 -0.313580082 0.26670748 0.0250140067 3.37890593e-08 -4.80634052e-08 1
LGIC_C 20 0.119816941 -0.395690173 0.0250140075 -1.15127059e-08 5.78784511e-08 1
LGIC_C 21 -0.0261240361 -0.183801825 0.0250139916 -2.90231482e-08 4.96101036e-08 1
LGIC_C 22 0.144134845 0.654360655 0.0250140171 -9.86806672e-09 -4.96100854e-08 1
LGIC_C 23 -0.426152668 0.41240201 0.0250140091 3.68002297e-08 -2.45891157e-08 1
LGIC_C 24 0.117169625 0.474085964 0.0250140079 -9.86806672e-09 -4.96100854e-08 1
LGIC_C 25 0.378279655 0.00765541079 0.0250139997 -4.34088272e-08 -8.63453573e-09 1
LGIC_C 26 -0.0418379291 0.270951337 0.0250139994 1.15127271e-08 -5.78784352e-08 1
LGIC_C 27 -0.277948635 0.496384754 0.0250140167 3.27854968e-08 -4.90669676e-08 1
LGIC_C 28 0.679227127 0.0897011879 0.0250140135 -4.34088272e-08 -8.63453573e-09 1
LGIC_C 29 -0.619166729 -0.118096301 0.0250140133 5.7878436e-08 -4.89847332e-08 1
LGIC_C 30 0.650720367 0.0686955227 0.0250140151 -4.96100869e-08 6.3366408e-09 1
LGIC_C 31 -0.399028226 -0.450423023 0.0250140128 3.95603082e-08 3.05989652e-08 1
LGIC_C 32 0.0488713003 0.0833696177 0.0250139881 -2.81018716e-08 -4.20573923e-08 1
LGIC_C 33 -0.039299569 0.619985297 0.0250140105 8.63455111e-09 -4.34088279e-08 1
LGIC_C 34 0.219010789 -0.47726538 0.0250140138 -3.27854948e-08 4.90669785e-08 1
LGIC_C 35 -0.1451416 -0.513132152 0.0250140045 -2.90231482e-08 4.96101036e-08 1
LGIC_C 36 0.527570903 -0.614403766 0.0250140188 -2.45891087e-08 3.68002429e-08 1
LGIC_C 37 0.116499911 0.762005196 0.0250140173 -8.63455884e-09 -4.34088253e-08 1
LGIC_C 38 0.717443876 -0.324589483 0.025014018 -3.05989503e-08 3.95603122e-08 1
LGIC_C 39 0.717535263 0.339752396 0.025014018 -3.68002282e-08 -2.45891172e-08 1
LGIC_C 40 -0.708549302 0.0295908744 0.0250140148 4.34088279e-08 -2.48392273e-08 1
LGIC_C 41 -0.52772852 0.601707232 0.0250140184 2.45891128e-08 -3.68002333e-08 1
LGIC_C 42 -0.279937178 -0.67508643 0.025014015 2.45891453e-08 3.68002268e-08 1
LGIC_C 43 -0.578854993 -0.524703767 0.0250140161 1.15916899e-08 4.97976879e-08 1
LGIC_C 44 0.348962588 0.539727008 0.0250140139 1.3130701e-08 4.82586573e-08 -1
LGIC_C 45 0.0172148224 -0.240232628 0.025013995 6.33663526e-09 4.9610097e-08 1
LGIC_C 46 -0.190228004 -0.182289566 0.0250139961 5.39043203e-09 6.47688584e-08 1
LGIC_C 47 0.503591384 -0.194121244 0.0250140146 -5.78784275e-08 1.15127558e-08 1
LGIC_C 48 -0.0673769899 -0.394594999 0.0250140009 8.63456455e-09 4.34088336e-08 1
LGIC_C 49 -0.508865403 -0.188041172 0.025014007 4.34088238e-08 8.63459484e-09 1
LGIC_C 50 0.264183656 -0.303775282 0.0250140068 -3.27854948e-08 4.90669785e-08 1
LGIC_C 51 -0.579953342 -0.0384926687 0.0250140074 -4.34088282e-08 2.70157287e-08 -1
LGIC_C 52 0.666178409 -0.174365671 0.0250140165 -4.34088182e-08 2.48392526e-08 1
LGIC_C 53 0.332975214 -0.0828596122 0.0250139997 -4.34088182e-08 2.48392526e-08 1
LGIC_C 54 -0.0150137439 -0.232281714 0.0250139959 -4.89847109e-08 5.78784581e-08 1
LGIC_C 55 0.412608128 0.485085127 0.0250140112 -2.45891309e-08 -3.68002211e-08 1
LGIC_C 56 -0.121691373 -0.235460161 0.0250139935 -5.56021111e-08 -1.45571543e-08 -1
LGIC_C 57 -0.0732639184 0.427938741 0.0250140068 -3.14742797e-08 4.96100914e-08 -1
LGIC_C 58 0.423844197 -0.0427170988 0.0250140027 -4.34088182e-08 2.48392526e-08 1
LGIC_C 59 -0.410626503 -0.178270325 0.0250139991 1.45571809e-08 5.5602105e-08 1
LGIC_C 60 0.135104591 0.526717717 0.0250140136 -3.14742949e-08 -4.96100822e-08 1
LGIC_C 61 -0.407204754 0.357792544 0.0250140105 4.20574045e-08 -2.81018523e-08 1
LGIC_C 62 -0.0488525432 0.437331266 0.0250140065 -3.14742797e-08 4.96100914e-08 -1
LGIC_C 63 0.162263651 -0.0123037742 0.0250139914 -4.96100859e-08 9.86807898e-09 1
LGIC_C 64 -0.234204498 0.024362482 0.0250139956 5.7878425e-08 4.89846948e-08 1
LGIC_C 65 0.00672334608 0.332223561 0.0250139998 -9.86806672e-09 -4.96100854e-08 1
LGIC_C 66 -0.246698563 -0.329003645 0.0250140014 2.45891453e-08 3.68002268e-08 1
LGIC_C 67 -0.462730114 0.422239479 0.0250140181 6.28881943e-09 -7.55636452e-08 1
LGIC_C 68 -0.650514701 -0.107307377 0.0250140086 -4.34088282e-08 2.70157287e-08 -1
LGIC_C 69 -0.723854255 -0.375568393 0.0250140191 3.68002489e-08 2.45891179e-08 1
LGIC_C 70 -0.0218270892 0.409270776 0.0250140012 8.63455111e-09 -4.34088279e-08 1
LGIC_C 71 0.578811534 0.144300934 0.0250140184 -5.78784335e-08 -1.15127284e-08 1
LGIC_C 72 0.136869319 0.357420196 0.0250140001 -6.33660387e-09 4.96100877e-08 -1
LGIC_C 73 -0.0311048142 0.00441739616 0.0250139847 4.34088279e-08 -2.48392273e-08 1
LGIC_C 74 0.488873646 0.48485661 0.0250140132 -4.82586616e-08 -1.31306776e-08 1
LGIC_C 75 0.538948847 -0.584814799 0.025014018 -2.45891087e-08 3.68002429e-08 1
LGIC_C 76 -0.672100562 0.0728335503 0.0250140145 4.96100851e-08 2.90231542e-08 1
LGIC_C 77 0.315438014 -0.227698943 0.0250140019 -3.05989503e-08 3.95603122e-08 1
LGIC_C 78 0.274047517 0.361580647 0.02501401 -3.27855134e-08 -4.90669575e-08 1
LGIC_C 79 -0.58608827 -0.243738218 0.0250140022 1.15916899e-08 4.97976879e-08 1
LGIC_C 80 0.712634959 -0.0632442486 0.0250140147 -4.34088226e-08 8.63456802e-09 1
LGIC_C 81 0.0504970375 0.669716205 0.0250140162 -6.33660387e-09 4.96100877e-08 -1
LGIC_C 82 0.509657042 -0.30746072 0.025014011 -3.05989503e-08 3.95603122e-08 1
LGIC_C 83 -0.352303288 0.286093469 0.025014004 -4.82586679e-08 1.31306769e-08 -1
LGIC_C 84 0.236721991 0.520123188 0.0250140115 1.3130701e-08 4.82586573e-08 -1
LGIC_C 85 -0.0672213316 0.132260282 0.0250139917 1.28239438e-08 -5.73353116e-08 1
LGIC_C 86 0.564664836 -0.32912382 0.0250140181 -3.37890406e-08 4.80634332e-08 1
LGIC_C 87 -0.32685008 -0.254189171 0.0250140021 1.45571809e-08 5.5602105e-08 1
LGIC_C 88 -0.577043401 -0.492642738 0.0250140145 1.15916899e-08 4.97976879e-08 1
LGIC_C 89 0.284327589 -0.494164074 0.0250140108 -1.31306721e-08 4.82586744e-08 1
LGIC_C 90 -0.352071599 -0.327284815 0.0250140066 1.45571809e-08 5.5602105e-08 1
LGIC_C 91 0.138772869 0.826622038 0.0250140203 -8.63455884e-09 -4.34088253e-08 1
LGIC_C 92 0.248424043 -0.682831465 0.0250140155 6.33663526e-09 4.9610097e-08 1
LGIC_C 93 -0.0733417988 0.591032506 0.0250140121 -6.33661298e-09 -4.96100859e-08 1
LGIC_C 94 0.154864257 -0.0615032585 0.0250139928 -4.96100802e-08 3.14742968e-08 1
LGIC_C 95 -0.308493323 -0.393067383 0.0250140061 -5.56021111e-08 -1.45571543e-08 -1
LGIC_C 96 0.325913653 -0.0267633799 0.0250139997 -4.96100859e-08 9.86807898e-09 1
LGIC_C 97 -0.402508973 0.0691476867 0.0250140012 4.96100851e-08 2.90231542e-08 1
LGIC_C 98 -0.342314578 -0.539335221 0.0250140133 3.95603082e-08 3.05989652e-08 1
LGIC_C 99 0.226585737 -0.0639955743 0.0250139965 -4.96100802e-08 3.14742968e-08 1
LGIC_C 100 -0.334111205 -0.494056634 0.0250140096 2.45891453e-08 3.68002268e-08 1
LGIC_C 101 -0.382346439 0.0339278385 0.0250140026 4.96100897e-08 -9.86805572e-09 1
LGIC_C 102 -0.320693407 0.437231669 0.0250140125 1.28239438e-08 -5.73353116e-08 1
LGIC_C 103 -0.444895199 -0.0370084107 0.0250140029 4.34088238e-08 8.63459484e-09 1
LGIC_C 104 0.601788685 -0.24755256 0.0250140155 -4.96100859e-08 9.86807898e-09 1
LGIC_C 105 -0.330412685 0.0922453826 0.0250139999 4.34088279e-08 -2.48392273e-08 1
LGIC_C 106 -0.2889414 0.790388774 0.0250140201 8.63455111e-09 -4.34088279e-08 1
LGIC_C 107 -0.740037181 -0.274538364 0.0250140178 4.34088238e-08 8.63459484e-09 1
LGIC_C 108 -0.0514483814 -0.491168339 0.0250140058 2.48392553e-08 4.34088306e-08 1
LGIC_C 109 0.217906141 0.109768324 0.0250139952 -4.82586616e-08 -1.31306776e-08 1
LGIC_C 110 -0.169108434 -0.700836842 0.0250140151 8.63456455e-09 4.34088336e-08 1
LGIC_C 111 -0.53370103 -0.146994404 0.0250140055 -4.96100919e-08 2.90231703e-08 -1
LGIC_C 112 0.716343849 -0.0461233742 0.0250140202 -4.96100802e-08 3.14742968e-08 1
LGIC_C 113 -0.0138408379 -0.696693546 0.0250140138 2.48392553e-08 4.34088306e-08 1
LGIC_C 114 -0.363950907 0.392911272 0.0250140105 1.28239438e-08 -5.73353116e-08 1
LGIC_C 115 0.497953573 -0.383951966 0.0250140137 -3.05989503e-08 3.95603122e-08 1
LGIC_C 116 0.148531789 -0.451792789 0.0250140079 1.00935263e-08 5.7878447e-08 1
LGIC_C 117 -0.18357838 -0.0305250927 0.0250139915 -4.96100919e-08 2.90231703e-08 -1
LGIC_C 118 -0.311402102 -0.349744358 0.0250140057 -5.56021111e-08 -1.45571543e-08 -1
LGIC_C 119 0.0831811675 0.424684957 0.0250140052 -9.86806672e-09 -4.96100854e-08 1
LGIC_C 120 0.0168504026 0.489198886 0.0250140077 -9.86806672e-09 -4.96100854e-08 1
LGIC_C 121 -0.425289815 -0.399654529 0.0250140081 1.15916899e-08 4.97976879e-08 1
LGIC_C 122 0.60125452 -0.347320461 0.0250140139 -3.68002179e-08 2.45891393e-08 1
LGIC_C 123 0.353482744 -0.304599507 0.0250140106 -4.90669481e-08 3.27855328e-08 1
LGIC_C 124 0.493595606 -0.441013889 0.0250140122 -3.68002179e-08 2.45891393e-08 1
LGIC_C 125 0.156736599 -0.184323473 0.0250139942 -1.31306721e-08 4.82586744e-08 1
LGIC_C 126 0.62894733 -0.348402618 0.0250140163 -3.05989503e-08 3.95603122e-08 1
LGIC_C 127 0.241403077 -0.294832946 0.0250140006 -1.31306721e-08 4.82586744e-08 1
LGIC_C 128 0.26619045 -0.350809642 0.0250140027 -2.45891087e-08 3.68002429e-08 1
LGIC_C 129 0.424621811 -0.124012501 0.0250140027 -4.34088226e-08 8.63456802e-09 1
LGIC_C 130 -0.651693272 0.21018325 0.0250140134 4.34088259e-08 -8.63455061e-09 1
LGIC_C 131 0.397007927 0.254007384 0.0250140057 -4.82586616e-08 -1.31306776e-08 1
LGIC_C 132 -0.247241407 0.0831162956 0.0250139935 5.7878425e-08 4.89846948e-08 1
LGIC_C 133 -0.591969375 -0.0542419462 0.0250140094 4.34088238e-08 8.63459484e-09 1
LGIC_C 134 0.318587145 -0.655690299 0.0250140152 -2.45891087e-08 3.68002429e-08 1
LGIC_C 135 -0.319589437 -0.258754354 0.0250140048 6.28883752e-09 7.55636663e-08 1
LGIC_C 136 0.424992502 -0.259312534 0.0250140052 -3.68002179e-08 2.45891393e-08 1
LGIC_C 137 0.373438631 -0.306839728 0.0250140068 -3.05989503e-08 3.95603122e-08 1
LGIC_C 138 -0.709797319 -0.200444712 0.0250140101 4.96100935e-08 -4.19869172e-08 1
LGIC_C 139 0.173048431 -0.00505863484 0.025013992 -4.96100802e-08 3.14742968e-08 1
LGIC_C 140 0.449258027 0.592886567 0.0250140161 -2.45891309e-08 -3.68002211e-08 1
LGIC_C 141 0.506074342 0.0654618662 0.0250140058 -4.34088272e-08 -8.63453573e-09 1
LGIC_C 142 -0.461348552 -0.536415631 0.0250140179 3.95603082e-08 3.05989652e-08 1
LGIC_C 143 -0.0822495651 -0.179427857 0.0250139931 2.81018674e-08 4.20574117e-08 1
LGIC_C 144 -0.464025676 -0.476790705 0.0250140162 3.95603082e-08 3.05989652e-08 1
LGIC_C 145 0.215044876 0.0213340188 0.0250139938 -4.96100869e-08 6.3366408e-09 1
LGIC_C 146 0.00705681779 0.591087571 0.0250140125 -6.33660387e-09 4.96100877e-08 -1
LGIC_C 147 -0.362982908 -0.334944331 0.0250140041 1.15916899e-08 4.97976879e-08 1
LGIC_C 148 0.40168448 -0.0636686631 0.0250140072 -5.78784275e-08 1.15127558e-08 1
LGIC_C 149 0.561198708 0.539605712 0.0250140172 -3.68002282e-08 -2.45891172e-08 1
LGIC_C 150 0.408345358 0.142293716 0.0250140026 -4.96100869e-08 6.3366408e-09 1
LGIC_C 151 -0.121747266 -0.717086702 0.0250140154 8.63456455e-09 4.34088336e-08 1
LGIC_C 152 0.263362601 0.623166785 0.0250140169 -2.81018716e-08 -4.20573923e-08 1
LGIC_C 153 0.153026257 -0.165777404 0.0250139947 -1.28239349e-08 5.73353226e-08 1
LGIC_C 154 0.189200194 0.499577489 0.0250140099 -9.86806672e-09 -4.96100854e-08 1
LGIC_C 155 -0.609533411 0.122539685 0.0250140108 4.34088259e-08 -8.63455061e-09 1
LGIC_C 156 -0.266750828 0.0268973025 0.0250139951 4.34088259e-08 -8.63455061e-09 1
LGIC_C 157 -0.393176618 0.299179277 0.0250140084 6.28881943e-09 -7.55636452e-08 1
LGIC_C 158 0.393761252 0.196604249 0.025014006 3.37890593e-08 4.80634111e-08 -1
LGIC_C 159 0.761340438 0.198610515 0.025014018 -4.34088272e-08 -8.63453573e-09 1
LGIC_C 160 -0.257084717 -0.0805582774 0.0250139923 -4.34088282e-08 2.70157287e-08 -1
LGIC_C 161 -0.427038461 0.102170708 0.0250140055 4.96100897e-08 -9.86805572e-09 1
LGIC_C 162 0.477843515 -0.0323119072 0.0250140113 -5.78784275e-08 1.15127558e-08 1
LGIC_C 163 0.371625924 -0.252773937 0.025014006 -4.20573976e-08 2.81018683e-08 1
LGIC_C 164 0.243668251 -0.574615336 0.0250140142 -1.31306721e-08 4.82586744e-08 1
LGIC_C 165 -0.351836489 0.0491640672 0.0250139993 4.96100851e-08 2.90231542e-08 1
LGIC_C 166 -0.188906512 -0.687304481 0.0250140178 2.48392553e-08 4.34088306e-08 1
LGIC_C 167 -0.554543236 0.554234208 0.0250140173 3.68002297e-08 -2.45891157e-08 1
LGIC_C 168 -0.563909874 -0.236198272 0.0250140016 5.39043203e-09 6.47688584e-08 1
LGIC_C 169 0.687380398 -0.46739474 0.02501402 -3.68002179e-08 2.45891393e-08 1
LGIC_C 170 0.485599019 -0.341458188 0.025014016 -3.37890406e-08 4.80634332e-08 1
LGIC_C 171 -0.185218288 0.29768484 0.0250140027 1.28239438e-08 -5.73353116e-08 1
LGIC_C 172 0.393162039 0.173285772 0.0250140049 3.37890593e-08 4.80634111e-08 -1
LGIC_C 173 0.660625911 0.292243201 0.0250140147 -3.68002282e-08 -2.45891172e-08 1
LGIC_C 174 -0.0698483051 -0.549813601 0.0250140088 2.48392553e-08 4.34088306e-08 1
LGIC_C 175 0.425806646 -0.283958969 0.0250140113 -3.37890406e-08 4.80634332e-08 1
LGIC_C 176 -0.590385307 -0.584517718 0.0250140192 1.15916899e-08 4.97976879e-08 1
LGIC_C 177 0.311057073 0.328633316 0.0250140058 -2.81018716e-08 -4.20573923e-08 1
LGIC_C 178 0.0770500345 -0.639555269 0.0250140145 6.33663526e-09 4.9610097e-08 1
LGIC_C 179 -0.255523802 -0.180389773 0.0250139985 6.28883752e-09 7.55636663e-08 1
LGIC_C 180 -0.16263031 0.275422644 0.0250139994 2.8101852e-08 -4.20574041e-08 1
LGIC_C 181 -0.646744418 -0.32552104 0.0250140078 5.39043203e-09 6.47688584e-08 1
LGIC_C 182 0.0866973044 -0.191912321 0.0250139937 -2.81018481e-08 4.20574137e-08 1
LGIC_C 183 0.66790768 0.331518925 0.0250140198 -4.82586616e-08 -1.31306776e-08 1
LGIC_C 184 0.726921942 -0.0334237692 0.0250140156 -4.34088182e-08 2.48392526e-08 1
LGIC_C 185 0.409123894 -0.120093145 0.025014004 -4.34088182e-08 2.48392526e-08 1
LGIC_C 186 -0.606025693 -0.312196204 0.0250140067 5.39043203e-09 6.47688584e-08 1
LGIC_C 187 0.179421264 0.0790511429 0.0250139946 -4.90669739e-08 -3.27854893e-08 1
LGIC_C 188 -0.747097578 0.111566187 0.0250140167 4.34088259e-08 -8.63455061e-09 1
LGIC_C 189 -0.485464807 0.304041731 0.0250140122 4.20574045e-08 -2.81018523e-08 1
LGIC_C 190 0.340539003 -0.745414766 0.025014019 -2.45891087e-08 3.68002429e-08 1
LGIC_C 191 -0.410266621 -0.260130485 0.0250140023 5.39043203e-09 6.47688584e-08 1
LGIC_C 192 -0.286878405 0.116809835 0.0250139967 4.34088259e-08 -8.63455061e-09 1
LGIC_C 193 0.292449177 0.0839478421 0.0250139986 -4.96100911e-08 -9.86803575e-09 1
LGIC_C 194 -0.651891514 0.380528375 0.0250140166 3.68002297e-08 -2.45891157e-08 1
LGIC_C 195 0.342696232 0.380384786 0.0250140089 -2.81018716e-08 -4.20573923e-08 1
LGIC_C 196 0.708659778 0.391575529 0.025014019 -3.68002282e-08 -2.45891172e-08 1
LGIC_C 197 -0.232063792 -0.484417897 0.0250140068 2.45891453e-08 3.68002268e-08 1
LGIC_C 198 0.539746171 0.0332063003 0.025014007 -4.34088272e-08 -8.63453573e-09 1
LGIC_C 199 0.601562806 0.240903691 0.0250140115 -4.96100869e-08 6.3366408e-09 1
LGIC_C 200 0.702211801 -0.282224282 0.0250140162 -4.34088226e-08 8.63456802e-09 1
LGIC_C 201 0.214799071 0.121679358 0.0250139957 -4.20574004e-08 -2.81018564e-08 1
LGIC_C 202 -0.0365402776 -0.334878477 0.0250139987 2.48392553e-08 4.34088306e-08 1
LGIC_C 203 -0.191192226 -0.0688453909 0.0250139908 -4.96100919e-08 2.90231703e-08 -1
LGIC_C 204 -0.365568635 0.53573481 0.0250140161 2.8101852e-08 -4.20574041e-08 1
LGIC_C 205 -0.0788254599 0.22921758 0.0250139954 9.86805557e-09 -4.96100883e-08 1
LGIC_C 206 0.60618099 -0.368984669 0.0250140146 -3.68002179e-08 2.45891393e-08 1
LGIC_C 207 -0.14341554 -0.447670062 0.0250140021 -4.89847109e-08 5.78784581e-08 1
LGIC_C 208 -0.525172232 0.362868735 0.0250140134 -4.82586679e-08 1.31306769e-08 -1
LGIC_C 209 -0.0227507116 0.000777455968 0.0250139865 -1.38908237e-07 2.76305608e-08 -1
LGIC_C 210 0.0590210498 0.243392626 0.0250139959 -9.86806672e-09 -4.96100854e-08 1
LGIC_C 211 0.605638487 -0.152231392 0.02501402 -5.78784275e-08 1.15127558e-08 1
LGIC_C 212 -0.338834804 -0.452823324 0.0250140087 -5.56021111e-08 -1.45571543e-08 -1
LGIC_C 213 0.39028897 -0.429739911 0.0250140123 -2.81018481e-08 4.20574137e-08 1
LGIC_C 214 0.490474695 -0.0874027506 0.0250140053 -4.34088226e-08 8.63456802e-09 1
LGIC_C 215 -0.41642567 -0.0205403634 0.0250140015 4.34088238e-08 8.63459484e-09 1
LGIC_C 216 0.194127102 -0.172615272 0.025013996 -3.05989503e-08 3.95603122e-08 1
LGIC_C 217 0.482603263 -0.410454269 0.0250140193 -3.37890406e-08 4.80634332e-08 1
LGIC_C 218 -0.264196834 0.370109581 0.0250140046 1.31306824e-08 -4.82586643e-08 1
LGIC_C 219 -0.207134658 -0.445199856 0.0250140051 3.95603082e-08 3.05989652e-08 1
LGIC_C 220 -0.712365782 -0.328999366 0.0250140176 3.68002489e-08 2.45891179e-08 1
LGIC_C 221 0.705378345 -0.463154105 0.00774365921 0.827616944 -0.552996408 0.0961517878
LGIC_C 222 -0.58631522 -0.166739295 0.0250140075 -4.96100919e-08 2.90231703e-08 -1
LGIC_C 223 0.284132608 0.433705637 0.0250140116 -4.80634192e-08 -3.37890445e-08 1
LGIC_C 224 -0.374276812 0.0638438473 0.025014 4.96100851e-08 2.90231542e-08 1
LGIC_C 225 0.188491244 -0.630147325 0.0250140122 -8.63454093e-09 4.34088369e-08 1
LGIC_C 226 0.34020815 -0.222311322 0.0250140012 -3.68002179e-08 2.45891393e-08 1
LGIC_C 227 -0.174224282 0.492920398 0.0250140062 8.63455111e-09 -4.34088279e-08 1
LGIC_C 228 0.25918464 -0.320091268 0.0250140021 -1.31306721e-08 4.82586744e-08 1
LGIC_C 229 -0.552069742 -0.0643938373 0.0250140078 4.34088238e-08 8.63459484e-09 1
LGIC_C 230 -0.692935687 -0.244944051 0.0250140067 -4.34088282e-08 2.70157287e-08 -1
LGIC_C 231 0.515322228 0.287838063 0.0250140145 3.37890593e-08 4.80634111e-08 -1
LGIC_C 232 -0.244543919 0.744691492 0.0250140177 8.63455111e-09 -4.34088279e-08 1
LGIC_C 233 0.357054478 0.24605619 0.0250140037 -4.82586616e-08 -1.31306776e-08 1
LGIC_C 234 -0.0815454921 -0.460357927 0.0250140039 8.63456455e-09 4.34088336e-08 1
LGIC_C 235 0.286756689 0.456186272 0.0250140105 -2.81018716e-08 -4.20573923e-08 1
LGIC_C 236 0.322864637 -0.0174666283 0.0250139977 -4.34088182e-08 2.48392526e-08 1
LGIC_C 237 0.661036302 -0.038477473 0.0250140172 -4.96100802e-08 3.14742968e-08 1
LGIC_C 238 -0.149873232 0.00486748042 0.0250139917 5.7878425e-08 4.89846948e-08 1
LGIC_C 239 0.527227123 -0.289853902 0.0250140135 -4.20573976e-08 2.81018683e-08 1
LGIC_C 240 0.114830147 -0.189747045 0.0250139956 -1.28239349e-08 5.73353226e-08 1
LGIC_C 241 -0.111501455 0.23561683 0.0250139963 2.8101852e-08 -4.20574041e-08 1
LGIC_C 242 0.601162223 -0.307994704 0.0250140183 -3.37890406e-08 4.80634332e-08 1
LGIC_C 243 -0.612604225 0.210370135 0.0250140157 4.96100897e-08 -9.86805572e-09 1
LGIC_C 244 0.587803599 -0.196611366 0.0250140195 -5.78784275e-08 1.15127558e-08 1
LGIC_C 245 -0.475490699 -0.435678284 0.0250140144 1.45571809e-08 5.5602105e-08 1
LGIC_C 246 0.4127027 0.467147394 0.0250140106 -2.45891309e-08 -3.68002211e-08 1
LGIC_C 247 -0.474270252 0.677707414 0.0250140199 2.45891128e-08 -3.68002333e-08 1
LGIC_C 248 0.13757891 -0.12669683 0.0250139914 -3.68002179e-08 2.45891393e-08 1
LGIC_C 249 0.471412709 -0.00907507434 0.0250140069 -4.96100802e-08 3.14742968e-08 1
LGIC_C 250 0.224358372 0.501425197 0.025014011 -4.80634192e-08 -3.37890445e-08 1
LGIC_C 251 0.023425065 0.673735364 0.0250140165 -6.33660387e-09 4.96100877e-08 -1
LGIC_C 252 0.142217392 0.614048988 0.0250140182 -3.14742949e-08 -4.96100822e-08 1
LGIC_C 253 0.504780325 0.316606282 0.0250140118 -4.82586616e-08 -1.31306776e-08 1
LGIC_C 254 -0.456121336 0.285337979 0.0250140124 3.37890593e-08 -4.80634052e-08 1
LGIC_C 255 -0.802524926 -0.0509541909 0.0250140167 -4.34088282e-08 2.70157287e-08 -1
LGIC_C 256 -0.276517962 0.554507649 0.0250140105 2.45891128e-08 -3.68002333e-08 1
LGIC_C 257 0.307060852 0.317511076 0.0250140026 1.3130701e-08 4.82586573e-08 -1
LGIC_C 258 -0.251973208 0.562811322 0.0250140102 2.45891128e-08 -3.68002333e-08 1
LGIC_C 259 0.259424119 -0.31046436 0.025014007 -3.27854948e-08 4.90669785e-08 1
LGIC_C 260 -0.0309336036 -0.590774292 0.0250140129 9.8680833e-09 4.96100963e-08 1
LGIC_C 261 0.0848285844 0.598063491 0.02501401 -8.63455884e-09 -4.34088253e-08 1
LGIC_C 262 -0.3436574 0.322923139 0.0250140068 4.20574045e-08 -2.81018523e-08 1
LGIC_C 263 -0.678392973 -0.25817659 0.0250140061 4.96100935e-08 -4.19869172e-08 1
LGIC_C 264 0.462321261 -0.321113926 0.0250140081 -3.68002179e-08 2.45891393e-08 1
LGIC_C 265 0.193978833 0.0257853116 0.0250139931 -4.96100911e-08 -9.86803575e-09 1
LGIC_C 266 -0.134373622 -0.331590431 0.025014001 2.48392553e-08 4.34088306e-08 1
LGIC_C 267 -0.283514664 -0.26165468 0.0250140019 1.45571809e-08 5.5602105e-08 1
LGIC_C 268 -0.0565635561 -0.506646586 0.0250140067 -2.90231482e-08 4.96101036e-08 1
LGIC_C 269 -0.0457549483 0.683220785 0.0250140169 -6.33661298e-09 -4.96100859e-08 1
LGIC_C 270 -0.0977294783 -0.0990439454 0.0250139913 7.55636799e-08 6.2887973e-09 1
LGIC_C 271 -0.510686273 -0.432741558 0.0250140127 3.68002489e-08 2.45891179e-08 1
LGIC_C 272 -0.411896147 0.316091572 0.0250140073 -4.82586679e-08 1.31306769e-08 -1
LGIC_C 273 0.703345875 -0.13198797 0.025014017 -4.34088182e-08 2.48392526e-08 1
LGIC_C 274 -0.343975966 0.397733802 0.0250140064 2.45891128e-08 -3.68002333e-08 1
LGIC_C 275 0.0293332958 -0.564565975 0.0250140111 6.33663526e-09 4.9610097e-08 1
LGIC_C 276 -0.134702481 -0.468014635 0.0250140025 -2.90231482e-08 4.96101036e-08 1
LGIC_C 277 0.641884318 -0.0566183583 0.0250140168 -4.96100802e-08 3.14742968e-08 1
LGIC_C 278 0.30071961 0.278544852 0.0250140012 -3.68002282e-08 -2.45891172e-08 1
LGIC_C 279 0.0572337989 -0.111758422 0.0250139888 -2.45891087e-08 3.68002429e-08 1
LGIC_C 280 -0.283637929 -0.140318892 0.0250139952 1.45571809e-08 5.5602105e-08 1
LGIC_C 281 0.354202205 0.597643415 0.0250140205 -4.80634192e-08 -3.37890445e-08 1
LGIC_C 282 -0.282623772 -0.451840808 0.0250140083 3.95603082e-08 3.05989652e-08 1
LGIC_C 283 -0.257611743 -0.50399624 0.0250140059 7.55636799e-08 6.2887973e-09 1
LGIC_C 284 0.209759581 -0.759066159 0.025014018 -8.63454093e-09 4.34088369e-08 1
LGIC_C 285 -0.24355118 0.530810306 0.0250140173 3.27854968e-08 -4.90669676e-08 1
LGIC_C 286 -0.490575858 0.00328681361 0.0250140075 4.96100851e-08 2.90231542e-08 1
LGIC_C 287 -0.0798954426 -0.110916822 0.0250139893 2.45891453e-08 3.68002268e-08 1
LGIC_C 288 0.0205844407 -0.347428275 0.0250140003 6.33663526e-09 4.9610097e-08 1
LGIC_C 289 -0.0140157224 -0.0161431968 0.0250139842 2.45891453e-08 3.68002268e-08 1
LGIC_C 290 -0.361379696 -0.516008481 0.0250140151 2.81018674e-08 4.20574117e-08 1
LGIC_C 291 -0.478929229 0.407277434 0.0250140109 3.68002297e-08 -2.45891157e-08 1
LGIC_C 292 0.442457 0.46813478 0.0250140154 -2.81018716e-08 -4.20573923e-08 1
LGIC_C 293 -0.642684509 -0.0201045697 0.0250140146 -4.96100919e-08 2.90231703e-08 -1
LGIC_C 294 0.0555372117 -0.165156269 0.0250139934 -1.15127059e-08 5.78784511e-08 1
LGIC_C 295 -0.160839027 0.133205439 0.0250139944 6.28881943e-09 -7.55636452e-08 1
LGIC_C 296 0.523848744 0.270847768 0.0250140129 -4.20574004e-08 -2.81018564e-08 1
LGIC_C 297 0.0496879584 0.323933518 0.0250139978 -8.63455884e-09 -4.34088253e-08 1
LGIC_C 298 0.0240140087 -0.511721844 0.0250140089 -9.86804037e-09 4.96101e-08 1
LGIC_C 299 -0.110517173 -0.31807848 0.0250140001 9.8680833e-09 4.96100963e-08 1
LGIC_C 300 0.401280506 -0.0247641841 0.0250140013 -4.34088182e-08 2.48392526e-08 1
LGIC_C 301 0.075305915 0.371271994 0.025014 -8.63455884e-09 -4.34088253e-08 1
LGIC_C 302 0.365076073 0.351597781 0.0250140085 -4.20574004e-08 -2.81018564e-08 1
LGIC_C 303 -0.0313725392 0.360467512 0.0250140015 9.86805557e-09 -4.96100883e-08 1
LGIC_C 304 -0.176497841 0.402028913 0.025014005 1.31306824e-08 -4.82586643e-08 1
LGIC_C 305 -0.445691545 0.259258231 0.025014006 3.68002297e-08 -2.45891157e-08 1
LGIC_C 306 0.172368612 0.0972386735 0.0250139938 3.37890593e-08 4.80634111e-08 -1
LGIC_C 307 -0.417749174 0.296801341 0.0250140073 -4.82586679e-08 1.31306769e-08 -1
LGIC_C 308 0.639284834 -0.272021969 0.0250140134 -3.68002179e-08 2.45891393e-08 1
LGIC_C 309 0.13378988 0.1323439 0.0250139914 -3.68002282e-08 -2.45891172e-08 1
LGIC_C 310 0.0851503562 0.805058347 0.0250140189 -8.63455884e-09 -4.34088253e-08 1
LGIC_C 311 0.536452214 0.582884045 0.0250140179 -2.45891309e-08 -3.68002211e-08 1
LGIC_C 312 0.301224239 0.222957761 0.0250140022 -4.20574004e-08 -2.81018564e-08 1
LGIC_C 313 0.659736947 0.339133439 0.0250140159 -3.68002282e-08 -2.45891172e-08 1
LGIC_C 314 -0.240160271 0.484603468 0.025014007 2.45891128e-08 -3.68002333e-08 1
LGIC_C 315 -0.0693048435 0.00358785266 0.0250139867 4.96100897e-08 -9.86805572e-09 1
LGIC_C 316 -0.250683271 -0.201063861 0.025014 6.28883752e-09 7.55636663e-08 1
LGIC_C 317 -0.392861971 -0.189284359 0.0250140024 3.68002489e-08 2.45891179e-08 1
LGIC_C 318 -0.194759774 -0.350546514 0.0250139992 -5.56021111e-08 -1.45571543e-08 -1
LGIC_C 319 -0.535371184 -0.0635446775 0.0250140048 -4.34088282e-08 2.70157287e-08 -1
LGIC_C 320 0.447245476 0.583467503 0.0250140204 -2.81018716e-08 -4.20573923e-08 1
LGIC_C 321 0.612022866 -0.289773713 0.0250140178 -3.37890406e-08 4.80634332e-08 1
LGIC_C 322 0.562445906 0.218227465 0.0250140183 -5.78784335e-08 -1.15127284e-08 1
LGIC_C 323 -0.314079884 -0.672158553 0.0250140203 2.81018674e-08 4.20574117e-08 1
LGIC_C 324 0.00776772816 0.700242478 0.0250140181 -9.86806672e-09 -4.96100854e-08 1
LGIC_C 325 0.458516626 0.659179377 0.0250140188 -2.45891309e-08 -3.68002211e-08 1
LGIC_C 326 0.192926737 0.62750796 0.0250140132 -6.33660387e-09 4.96100877e-08 -1
LGIC_C 327 -0.321589919 -0.017822317 0.0250139987 -4.96100919e-08 2.90231703e-08 -1
LGIC_C 328 -0.440329204 0.016035651 0.0250140028 4.34088279e-08 -2.48392273e-08 1
LGIC_C 329 0.649346682 -0.218407574 0.0250140176 -4.96100859e-08 9.86807898e-09 1
LGIC_C 330 0.38979754 -0.0474133847 0.0250140041 -4.96100802e-08 3.14742968e-08 1
LGIC_C 331 0.238012751 -0.0543224936 0.0250139949 -4.34088182e-08 2.48392526e-08 1
LGIC_C 332 -0.0298235467 -0.343115117 0.0250140006 9.8680833e-09 4.96100963e-08 1
LGIC_C 333 0.459493275 0.176820136 0.0250140047 -4.34088272e-08 -8.63453573e-09 1
LGIC_C 334 0.265470185 0.806221411 0.0140092824 0.194186548 0.976240951 0.0961519121
LGIC_C 335 0.199379948 0.603536351 0.0250140119 -6.33660387e-09 4.96100877e-08 -1
LGIC_C 336 -0.771641296 0.0108554304 0.025014017 4.34088279e-08 -2.48392273e-08 1
LGIC_C 337 -0.0443977217 -0.00455800462 0.0250139853 4.96100935e-08 -4.19869172e-08 1
LGIC_C 338 -0.177617791 0.303034912 0.0250139988 2.45891128e-08 -3.68002333e-08 1
LGIC_C 339 0.175379105 -0.245233052 0.0250139974 -1.31306721e-08 4.82586744e-08 1
LGIC_C 340 -0.291516846 0.60506788 0.0250140169 2.8101852e-08 -4.20574041e-08 1
LGIC_C 341 -0.0446173821 -0.72145738 0.0250140149 8.63456455e-09 4.34088336e-08 1
LGIC_C 342 -0.855504877 -0.0275531643 -0.0061510725 -0.976240825 -0.194187339 0.0961515894
LGIC_C 343 0.265042686 0.475074771 0.0250140097 1.3130701e-08 4.82586573e-08 -1
LGIC_C 344 -0.148856485 0.0206836667 0.0250139909 5.7878425e-08 4.89846948e-08 1
LGIC_C 345 -0.0888551688 -0.100626743 0.0250139906 7.55636799e-08 6.2887973e-09 1
LGIC_C 346 0.357654365 0.34075899 0.0250140048 -3.68002282e-08 -2.45891172e-08 1
LGIC_C 347 0.461968854 -0.222073254 0.0250140132 -4.90669481e-08 3.27855328e-08 1
LGIC_C 348 -0.111901518 -0.635415712 0.0250140159 9.8680833e-09 4.96100963e-08 1
LGIC_C 349 -0.150850557 -0.539276737 0.0250140056 -2.90231482e-08 4.96101036e-08 1
LGIC_C 350 -0.240728045 0.394128911 0.0250140037 2.45891128e-08 -3.68002333e-08 1
LGIC_C 351 -0.110435784 0.0647462287 0.0250139901 3.37890593e-08 -4.80634052e-08 1
LGIC_C 352 -0.158752479 -0.371947923 0.0250140009 3.95603082e-08 3.05989652e-08 1
LGIC_C 353 -0.318980415 0.145210079 0.0250140008 4.20574045e-08 -2.81018523e-08 1
LGIC_C 354 0.162217261 0.240915157 0.0250139979 -2.81018716e-08 -4.20573923e-08 1
LGIC_C 355 0.0943275979 -0.538118261 0.0250140134 1.00935263e-08 5.7878447e-08 1
LGIC_C 356 0.123950885 0.748390417 0.0250140168 -8.63455884e-09 -4.34088253e-08 1
LGIC_C 357 0.744895731 0.168380673 0.0250140191 -4.96100869e-08 6.3366408e-09 1
LGIC_C 358 0.0540351528 -0.0461247974 0.0250139874 -4.90669481e-08 3.27855328e-08 1
LGIC_C 359 -0.184497995 0.179506461 0.025013998 6.28881943e-09 -7.55636452e-08 1
LGIC_C 360 -0.482882008 0.426638629 0.0250140115 3.68002297e-08 -2.45891157e-08 1
LGIC_C 361 0.592786241 -0.150999967 0.0250140141 -4.96100859e-08 9.86807898e-09 1
LGIC_C 362 -0.402334677 -0.118521735 0.0250139998 -4.96100919e-08 2.90231703e-08 -1
LGIC_C 363 -0.421062777 0.412695192 0.0250140126 4.20574045e-08 -2.81018523e-08 1
LGIC_C 364 0.11874378 0.14894279 0.0250139945 -3.27855134e-08 -4.90669575e-08 1
LGIC_C 365 0.614636567 -0.303871281 0.0250140176 -4.20573976e-08 2.81018683e-08 1
LGIC_C 366 -0.287010381 -0.672026593 0.0250140152 3.95603082e-08 3.05989652e-08 1
LGIC_C 367 0.405841644 -0.157481099 0.0250140048 -4.34088182e-08 2.48392526e-08 1
LGIC_C 368 -0.115523525 -0.289479208 0.0250139987 2.48392553e-08 4.34088306e-08 1
LGIC_C 369 -0.0777020016 -0.596978473 0.0250140106 -2.90231482e-08 4.96101036e-08 1
LGIC_C 370 -0.384752749 -0.547850438 0.0250140129 2.45891453e-08 3.68002268e-08 1
LGIC_C 371 0.17475446 0.102775763 0.0250139922 -3.68002282e-08 -2.45891172e-08 1
LGIC_C 372 -0.0801803167 0.43795122 0.025014003 8.63455111e-09 -4.34088279e-08 1
LGIC_C 373 -0.541485558 0.52662298 0.0250140161 3.68002297e-08 -2.45891157e-08 1
LGIC_C 374 0.0976402195 -0.247956964 0.0250139949 6.33663526e-09 4.9610097e-08 1
LGIC_C 375 0.190902437 -0.609322197 0.0250140166 1.00935263e-08 5.7878447e-08 1
LGIC_C 376 0.423399177 0.401121879 0.0250140123 -4.20574004e-08 -2.81018564e-08 1
LGIC_C 377 0.331191039 0.150651425 0.0250139991 -3.68002282e-08 -2.45891172e-08 1
LGIC_C 378 -0.643605227 0.0907521507 0.0250140126 4.96100851e-08 2.90231542e-08 1
LGIC_C 379 -0.043164866 -0.49506094 0.0250140082 9.8680833e-09 4.96100963e-08 1
LGIC_C 380 0.0835210357 0.609970272 0.0250140143 -9.86806672e-09 -4.96100854e-08 1
LGIC_C 381 0.00732179973 0.633797345 0.0250140148 -9.86806672e-09 -4.96100854e-08 1
LGIC_C 382 0.584482161 -0.272784521 0.0250140161 -3.37890406e-08 4.80634332e-08 1
LGIC_C 383 0.301021454 -0.497811882 0.0250140175 -3.27854948e-08 4.90669785e-08 1
LGIC_C 384 -0.46663316 -0.403485603 0.0250140167 6.28883752e-09 7.55636663e-08 1
LGIC_C 385 0.611616306 0.0638881197 0.0250140194 -5.78784335e-08 -1.15127284e-08 1
LGIC_C 386 0.535392638 -0.45771167 0.0250140142 -3.68002179e-08 2.45891393e-08 1
LGIC_C 387 0.5740173 -0.25223094 0.0250140147 -3.37890406e-08 4.80634332e-08 1
LGIC_C 388 -0.0391226735 0.484684375 0.0250140077 9.86805557e-09 -4.96100883e-08 1
LGIC_C 389 0.383797798 -0.363914047 0.0250140096 -4.20573976e-08 2.81018683e-08 1
LGIC_C 390 0.544250513 0.0237238363 0.0250140101 -4.96100869e-08 6.3366408e-09 1
LGIC_C 391 -0.197405624 0.125179423 0.025013996 3.37890593e-08 -4.80634052e-08 1
LGIC_C 392 -0.186735978 -0.597753592 0.0250140075 -2.90231482e-08 4.96101036e-08 1
LGIC_C 393 -0.0051292285 -0.304161332 0.0250139965 8.63456455e-09 4.34088336e-08 1
LGIC_C 394 0.401799971 0.63012548 0.0250140163 -2.45891309e-08 -3.68002211e-08 1
LGIC_C 395 0.331973909 0.482040574 0.0250140109 1.3130701e-08 4.82586573e-08 -1
LGIC_C 396 0.243657502 0.40820934 0.0250140062 1.3130701e-08 4.82586573e-08 -1
LGIC_C 397 -0.646296807 0.220062148 0.0250140132 4.34088259e-08 -8.63455061e-09 1
LGIC_C 398 -0.563461231 0.236605459 0.0250140137 3.37890593e-08 -4.80634052e-08 1
LGIC_C 399 0.581293008 -0.150100702 0.0250140168 -4.96100802e-08 3.14742968e-08 1
