VGCC_O 2 0.119933892 -0.04777957 0.0466929781 -1.41802115e-06 2.82063236e-07 -1
VGCC_O 8 -0.134706799 0.0161271258 0.0466933331 -1.62059677e-06 3.22356891e-07 -1
CaBS 10 0.12259658 -0.0255728623 0.0667683108 0.999896301 0.01419805 -0.0024089266
CaBS 11 0.114229992 -0.0114931927 0.0564525598 0.329239702 0.132369043 -0.934922272
CaBS 13 0.117974018 -0.0324597164 0.0699900195 0.34654604 -0.867983022 0.355684293
CaBS 14 0.107940674 -0.00950607912 0.0550237125 0.321328636 0.750213906 -0.577864173
CaBS 15 0.105171022 -0.0268160281 0.0850912001 -0.329239867 -0.132369096 0.934922207
CaBS 16 0.0959036753 -0.0112464618 0.0791328055 -0.748611723 0.322508223 0.579283121
CaBS 17 0.0907264888 -0.0193307054 0.0700114104 -0.999896295 -0.0141984568 0.00240892729
CaBS 19 0.0908030428 -0.0232780327 0.07852147 -0.999896295 -0.0141984568 0.00240892729
CaBS 20 0.102805328 -0.0146417165 0.0859817789 -0.329239867 -0.132369096 0.934922207
CaBS 21 0.0936945103 -0.0282348327 0.0640991113 -0.735818491 -0.677177075 0.00153536998
CaBS 22 0.122502252 -0.0186064927 0.0686738907 0.999896301 0.01419805 -0.0024089266
CaBS 23 0.0976789881 -0.0299652804 0.0617309604 -0.324116536 -0.749802846 -0.576839807
CaBS 24 0.10995012 -0.0298750804 0.0841151031 0.34654604 -0.867983022 0.355684293
Ca 7 -0.50166872 -0.329632551 0.298386619 0 0 0
Ca 1 0.0678089945 0.471496382 0.50278885 0 0 0
Ca 8 -0.352040286 -0.270376059 0.16185356 0 0 0
Ca 6 0.0946504773 -0.0738012877 0.865549497 0 0 0
Ca 6 0.0305931764 0.602266408 0.488193225 0 0 0
Ca 8 -0.369234595 -0.186955999 0.506040842 0 0 0
Ca 6 -0.222033679 0.609001713 0.2334537 0 0 0
Ca 7 0.282368203 -0.448059105 0.54422447 0 0 0
Ca 6 -0.353166816 -0.550612799 0.483390165 0 0 0
Ca 7 0.202463764 0.0401016725 0.914701392 0 0 0
Ca 1 -0.28573389 0.0688575039 0.212047235 0 0 0
Ca 6 0.410368774 0.327516098 0.211561338 0 0 0
Ca 1 0.108194315 0.291930747 0.557117726 0 0 0
Ca 6 -0.343611467 0.315516702 0.600372575 0 0 0
Ca 6 -0.259163693 0.177781482 0.278046898 0 0 0
Ca 6 0.323032534 0.326142152 0.897974241 0 0 0
Ca 4 -0.0558860433 0.00550854145 0.0802452212 0 0 0
Ca 8 0.255850484 0.358750328 0.66890285 0 0 0
Ca 8 -0.615986757 0.0797932624 0.399925747 0 0 0
Ca 4 -0.475049541 -0.0498106311 0.105653085 0 0 0
Ca 7 0.290140884 0.397419796 0.779368993 0 0 0
Ca 1 0.506931737 0.288732957 0.552257423 0 0 0
Ca 4 0.306204406 0.0245549413 0.788590683 0 0 0
Ca 6 0.189719357 0.269648935 0.603748691 0 0 0
Ca 1 -0.340216929 -0.197826585 0.791540483 0 0 0
Ca 1 -0.265876629 -0.182682487 0.509024058 0 0 0
Ca 4 -0.393225745 -0.175831644 0.631766121 0 0 0
Ca 4 -0.266228176 0.517958859 0.289879245 0 0 0
Ca 8 -0.286707036 -0.142468021 0.101932162 0 0 0
Ca 6 0.252171433 0.55005709 0.60189397 0 0 0
Ca 1 -0.12221076 -0.157974291 0.542047666 0 0 0
Ca 6 -0.160047337 0.00599297246 0.480136176 0 0 0
Ca 7 0.224937793 0.0216505135 0.586282659 0 0 0
Ca 7 -0.174233587 -0.22426939 0.203975284 0 0 0
Ca 4 -0.260759243 -0.212657316 0.491333421 0 0 0
Ca 1 -0.0587115817 0.0354518674 0.301457402 0 0 0
Ca 1 -0.242232588 0.0775041415 0.329889353 0 0 0
Ca 1 -0.179321173 -0.316667259 0.334929223 0 0 0
Ca 7 -0.533556067 0.179225653 0.408375978 0 0 0
Ca 1 0.0558448707 0.377311095 0.899872558 0 0 0
Ca 1 -0.341159099 0.15404904 0.384648799 0 0 0
Ca 8 -0.294054876 0.000660844061 0.257604814 0 0 0
Ca 8 0.144316791 -0.436498641 0.145198653 0 0 0
Ca 8 -0.0532537951 -0.00257409498 0.0730705619 0 0 0
Ca 7 -0.162450011 -0.164422482 0.429841617 0 0 0
Ca 1 -0.00483639894 0.477719953 0.554096791 0 0 0
Ca 1 -0.284337473 0.218593155 0.199752705 0 0 0
Ca 7 -0.37705617 0.0565920609 0.0665472396 0 0 0
Ca 8 -0.462817017 -0.28224496 0.415471059 0 0 0
Ca 4 0.0405246358 -0.0125011822 0.172779654 0 0 0
Ca 8 -0.369417306 0.0940711497 0.0935857707 0 0 0
Ca 7 -0.255579089 -0.192883418 0.344018455 0 0 0
Ca 8 -0.403298766 0.0145338375 0.250452376 0 0 0
Ca 1 -0.0563698465 0.21094574 0.32926173 0 0 0
Ca 8 -0.0130807431 -0.0715627434 0.15674387 0 0 0
Ca 7 0.0153303096 0.270979813 0.339907079 0 0 0
Ca 4 -0.0339853969 0.0521789833 0.446850336 0 0 0
Ca 4 -0.299734844 0.192262971 0.217979941 0 0 0
Ca 6 0.111142234 0.0201711541 0.274501448 0 0 0
Ca 1 0.0434862824 0.211502588 0.109175599 0 0 0
Ca 8 0.189810871 -0.130709711 0.20515391 0 0 0
Ca 4 0.189761302 -0.124653176 0.156742668 0 0 0
Ca 6 -0.0228027265 0.0991035029 0.0607959278 0 0 0
Ca 8 -0.164640085 0.00251347842 0.409733449 0 0 0
Ca 7 -0.26402042 -0.159981673 0.0797241695 0 0 0
Ca 8 -0.312942088 0.148016652 0.132353895 0 0 0
Ca 4 0.192241638 0.187956426 0.0803822069 0 0 0
Ca 1 -0.323905329 0.141960097 0.285395975 0 0 0
Ca 7 -0.0399994039 0.128794077 0.115765081 0 0 0
Ca 7 -0.0559662656 -0.0696913545 0.200510533 0 0 0
Ca 8 -0.083851974 -0.116035353 0.181909189 0 0 0
Ca 1 -0.0105848048 0.000639442125 0.0816134271 0 0 0
Ca 4 -0.118806811 0.10964754 0.278637427 0 0 0
Ca 7 -0.201754185 -0.0628149285 0.0878656065 0 0 0
Ca 6 -0.024083366 -0.121919794 0.211135137 0 0 0
Ca 1 0.0137544053 -0.0290383703 0.189169112 0 0 0
Ca 1 -0.225343504 -0.0369486541 0.129127377 0 0 0
Ca 1 -0.165722816 0.0562487293 0.0521465323 0 0 0
Ca 7 -0.0321259689 0.0143011642 0.159220056 0 0 0
Ca 1 -0.282103547 -0.0203217088 0.118138005 0 0 0
Ca 1 -0.108168873 0.0543252828 0.0480190325 0 0 0
Ca 7 -0.224642451 0.0472287488 0.134307515 0 0 0
Ca 8 -0.163593003 -0.0354675519 0.146702694 0 0 0
Ca 6 -0.134702206 0.143309481 0.152160453 0 0 0
Ca 7 -0.198963434 0.126856849 0.168115303 0 0 0
Ca 8 -0.172391652 0.0717431147 0.13038762 0 0 0
Ca 8 -0.248526851 0.0823711965 0.0992668103 0 0 0
Ca 8 -0.201377724 0.0679774324 0.0860210397 0 0 0
Ca 6 -0.101987583 0.00603868884 0.0501914413 0 0 0
Ca 4 -0.174215734 -0.00111256491 0.047854643 0 0 0
Ca 8 -0.178564203 -0.00487066889 0.0988590017 0 0 0
Ca 6 -0.0407570478 0.0414862089 0.0506419563 0 0 0
VGCC_O 1 -0.126159285 0.0151063295 0.0466933189 -1.62059625e-06 3.22356338e-07 -1
VGCC_O 7 -0.137449801 0.00579357966 0.0466933342 -1.62059625e-06 3.22356338e-07 -1
VGCC_O 4 -0.108229728 0.00324736392 0.0466932869 -8.10297798e-07 1.61178104e-07 -1
VGCC_O 9 0.0953603447 -0.018533153 0.0466930096 -1.14792244e-06 -1.24564753e-07 -1
VGCC_O 5 0.113746944 -0.0200409323 0.0466929896 -1.01287282e-06 -1.51427976e-07 -1
VGCC_O 6 -0.12622171 0.0241576588 0.046693322 -1.62059677e-06 3.22356891e-07 -1
VGCC_O 0 0.11238887 -0.0311459409 0.0466929927 -1.01287282e-06 -1.51427976e-07 -1
VGCC_O 3 0.0772568984 -0.00428239309 0.046693036 -1.41802159e-06 2.82063681e-07 -1
TAG 41 -0.105784995 0.0105052503 0.0536665039 -0.333750681 -0.131703993 -0.933415524
TAG 73 0.105323475 -0.00357186878 0.063445091 -0.346545998 0.867982935 -0.355684546
TAG 71 -0.096079873 0.00270213046 0.0564810255 0.74861179 -0.322508554 -0.579282851
TAG 70 -0.118208439 0.00383577013 0.0653592954 -0.735818461 -0.677177107 0.0015353549
TAG 69 -0.119239302 0.00795267007 0.0681959954 -0.999896295 -0.0141984574 0.00240892698
TAG 67 -0.115078276 0.000454692191 0.0742448755 -0.735818461 -0.677177107 0.0015353549
TAG 65 0.119072188 -0.020557456 0.0800936336 0.751399702 -0.322919474 0.575431578
TAG 63 -0.104896891 0.0149528875 0.0527352849 0.329239713 0.132369034 -0.93492227
TAG 62 -0.0995730683 0.0302300905 0.0690462359 0.3213287 0.750213891 -0.577864158
TAG 59 -0.100018848 -0.00188752594 0.0603333581 0.344822933 -0.867729023 -0.35797135
TAG 55 -0.119337383 0.0151637023 0.0699872324 -0.999896295 -0.0141984574 0.00240892698
TAG 54 -0.104785227 0.0261860029 0.076486355 -0.344822968 0.867728888 0.357971643
TAG 53 -0.089146311 -0.000197085518 0.0670554248 0.74861179 -0.322508554 -0.579282851
TAG 52 -0.119278263 0.0119799944 0.0757618237 -0.999896295 -0.0141984574 0.00240892698
TAG 51 -0.102448777 0.00747370566 0.0865367572 -0.329239868 -0.132369105 0.934922205
TAG 45 -0.113699624 0.0170707545 0.0588716642 -0.751399624 0.322919173 -0.575431849
TAG 44 -0.11923843 0.00668793202 0.0611035411 -0.999896295 -0.0141984574 0.00240892698
LGIC_C 0 0.541098978 0.224008195 0.0250140123 -4.20574004e-08 -2.81018564e-08 1
LGIC_C 1 -0.327557841 0.0268941127 0.0250139977 4.34088259e-08 -8.63455061e-09 1
LGIC_C 2 -0.506499064 0.0875413495 0.0250140093 4.96100897e-08 -9.86805572e-09 1
LGIC_C 3 0.257153623 -0.640111566 0.0250140175 -9.86804037e-09 4.96101e-08 1
LGIC_C 4 -0.368891016 -0.207097838 0.0250140012 6.28883752e-09 7.55636663e-08 1
LGIC_C 5 0.0191088625 -0.541895601 0.0250140144 1.00935263e-08 5.7878447e-08 1
LGIC_C 6 -0.330422443 0.471459703 0.0250140145 1.28239438e-08 -5.73353116e-08 1
LGIC_C 7 -0.71689621 0.444525486 0.00643626918 -0.827617296 0.552995934 0.0961514895
LGIC_C 8 -0.2572532 0.279521689 0.0250139999 2.45891128e-08 -3.68002333e-08 1
LGIC_C 9 -0.482145399 -0.298383193 0.0250140088 6.28883752e-09 7.55636663e-08 1
LGIC_C 10 -0.417036391 -0.621433731 0.0250140188 3.95603082e-08 3.05989652e-08 1
LGIC_C 11 0.212052911 0.583544495 0.0250140109 -6.33660387e-09 4.96100877e-08 -1
LGIC_C 12 0.362955235 0.17648567 0.0250140068 -4.90669739e-08 -3.27854893e-08 1
LGIC_C 13 0.688406323 -0.122635847 0.0250140186 -4.96100859e-08 9.86807898e-09 1
LGIC_C 14 0.643096417 0.22701506 0.0250140137 -4.96100869e-08 6.3366408e-09 1
LGIC_C 15 -0.439057393 -0.354947525 0.0250140086 5.39043203e-09 6.47688584e-08 1
LGIC_C 16 0.636297531 -0.107736077 0.0250140159 -4.96100859e-08 9.86807898e-09 1
LGIC_C 17 -0.535791543 0.345687992 0.0250140137 -4.82586679e-08 1.31306769e-08 -1
LGIC_C 18 0.271747748 -0.435715494 0.0250140092 -2.81018481e-08 4.20574137e-08 1
LGIC_C 19 -0.357745349 0.276952263 0.0250140087 3.37890593e-08 -4.80634052e-08 1
LGIC_C 20 0.166933138 -0.343379134 0.0250140024 -2.81018481e-08 4.20574137e-08 1
LGIC_C 21 -0.00229447383 -0.162889837 0.0250139912 -2.90231482e-08 4.96101036e-08 1
LGIC_C 22 0.163799452 0.626354917 0.025014016 -9.86806672e-09 -4.96100854e-08 1
LGIC_C 23 -0.494109 0.364578346 0.0250140104 3.68002297e-08 -2.45891157e-08 1
LGIC_C 24 0.100247691 0.498026896 0.025014009 -9.86806672e-09 -4.96100854e-08 1
LGIC_C 25 0.419149736 0.0234509302 0.0250140016 -4.34088272e-08 -8.63453573e-09 1
LGIC_C 26 -0.06981594 0.300758952 0.0250140015 1.15127271e-08 -5.78784352e-08 1
LGIC_C 27 -0.254516378 0.483492131 0.0250140153 3.27854968e-08 -4.90669676e-08 1
LGIC_C 28 0.669942938 0.0879355088 0.0250140131 -4.34088272e-08 -8.63453573e-09 1
LGIC_C 29 -0.580405046 -0.11809965 0.0250140111 5.7878436e-08 -4.89847332e-08 1
LGIC_C 30 0.586426621 0.0734523443 0.0250140119 -4.96100869e-08 6.3366408e-09 1
LGIC_C 31 -0.382979129 -0.486520422 0.0250140133 3.95603082e-08 3.05989652e-08 1
LGIC_C 32 0.0388556073 0.0918690654 0.0250139882 1.3130701e-08 4.82586573e-08 -1
LGIC_C 33 -0.0207328083 0.605885132 0.0250140097 8.63455111e-09 -4.34088279e-08 1
LGIC_C 34 0.195294307 -0.452609246 0.0250140118 -3.27854948e-08 4.90669785e-08 1
LGIC_C 35 -0.165601203 -0.518129412 0.0250140041 -2.90231482e-08 4.96101036e-08 1
LGIC_C 36 0.545429486 -0.548190785 0.0250140168 -2.45891087e-08 3.68002429e-08 1
LGIC_C 37 0.116532317 0.75658445 0.0250140171 -8.63455884e-09 -4.34088253e-08 1
LGIC_C 38 0.720769326 -0.310036461 0.0250140175 -3.05989503e-08 3.95603122e-08 1
LGIC_C 39 0.729213134 0.337496265 0.0250140184 -3.68002282e-08 -2.45891172e-08 1
LGIC_C 40 -0.748475227 0.00574052436 0.0250140159 4.34088279e-08 -2.48392273e-08 1
LGIC_C 41 -0.515100431 0.629915464 0.0250140191 2.45891128e-08 -3.68002333e-08 1
LGIC_C 42 -0.282790643 -0.614169575 0.0250140128 2.45891453e-08 3.68002268e-08 1
LGIC_C 43 -0.587704997 -0.532494692 0.0250140166 1.15916899e-08 4.97976879e-08 1
LGIC_C 44 0.292975008 0.57050278 0.0250140146 1.3130701e-08 4.82586573e-08 -1
LGIC_C 45 0.00985208214 -0.221114948 0.0250139941 6.33663526e-09 4.9610097e-08 1
LGIC_C 46 -0.204656043 -0.198610197 0.0250139972 5.39043203e-09 6.47688584e-08 1
LGIC_C 47 0.486501454 -0.194671959 0.0250140136 -5.78784275e-08 1.15127558e-08 1
LGIC_C 48 -0.0185265597 -0.421735478 0.0250140017 8.63456455e-09 4.34088336e-08 1
LGIC_C 49 -0.539446606 -0.215704551 0.0250140085 4.34088238e-08 8.63459484e-09 1
LGIC_C 50 0.270098626 -0.322530291 0.0250140079 -3.27854948e-08 4.90669785e-08 1
LGIC_C 51 -0.608120084 -0.00796525262 0.0250140097 4.34088238e-08 8.63459484e-09 1
LGIC_C 52 0.63606591 -0.179863818 0.0250140153 -4.34088182e-08 2.48392526e-08 1
LGIC_C 53 0.351840663 -0.115177322 0.0250140014 -4.34088182e-08 2.48392526e-08 1
LGIC_C 54 -0.0493911907 -0.240161503 0.0250139947 -4.89847109e-08 5.78784581e-08 1
LGIC_C 55 0.432693946 0.557488569 0.0250140144 -2.45891309e-08 -3.68002211e-08 1
LGIC_C 56 -0.174843365 -0.238466284 0.0250139965 -5.56021111e-08 -1.45571543e-08 -1
LGIC_C 57 -0.0971060592 0.424318568 0.0250140074 -3.14742797e-08 4.96100914e-08 -1
LGIC_C 58 0.414137214 -0.0837526307 0.0250140033 -4.34088182e-08 2.48392526e-08 1
LGIC_C 59 -0.405348762 -0.249595067 0.025014003 1.45571809e-08 5.5602105e-08 1
LGIC_C 60 0.128774729 0.470941687 0.0250140107 -3.14742949e-08 -4.96100822e-08 1
LGIC_C 61 -0.376509052 0.326155482 0.0250140083 4.20574045e-08 -2.81018523e-08 1
LGIC_C 62 -0.0837745718 0.427576107 0.0250140071 -3.14742797e-08 4.96100914e-08 -1
LGIC_C 63 0.179900513 -0.0326303644 0.0250139925 -4.96100859e-08 9.86807898e-09 1
LGIC_C 64 -0.254075396 0.0919251892 0.0250139935 5.7878425e-08 4.89846948e-08 1
LGIC_C 65 0.0319482294 0.306481752 0.0250139988 -9.86806672e-09 -4.96100854e-08 1
LGIC_C 66 -0.288109535 -0.303331379 0.0250140015 2.45891453e-08 3.68002268e-08 1
LGIC_C 67 -0.466866724 0.428731378 0.0250140186 6.28881943e-09 -7.55636452e-08 1
LGIC_C 68 -0.611380507 -0.116729348 0.0250140067 -4.34088282e-08 2.70157287e-08 -1
LGIC_C 69 -0.640142428 -0.348703068 0.0250140154 3.68002489e-08 2.45891179e-08 1
LGIC_C 70 -0.0757923893 0.449608357 0.0250140034 8.63455111e-09 -4.34088279e-08 1
LGIC_C 71 0.606076249 0.135538107 0.0250140199 -5.78784335e-08 -1.15127284e-08 1
LGIC_C 72 0.0919563562 0.349505671 0.025014 -6.33660387e-09 4.96100877e-08 -1
LGIC_C 73 -0.0291733046 0.0113274922 0.0250139848 4.34088279e-08 -2.48392273e-08 1
LGIC_C 74 0.505196062 0.449557773 0.0250140135 -4.82586616e-08 -1.31306776e-08 1
LGIC_C 75 0.549342714 -0.581011457 0.0250140181 -2.45891087e-08 3.68002429e-08 1
LGIC_C 76 -0.664491686 0.0658194459 0.0250140143 4.96100851e-08 2.90231542e-08 1
LGIC_C 77 0.323371284 -0.224489696 0.025014002 -3.05989503e-08 3.95603122e-08 1
LGIC_C 78 0.243821629 0.3981273 0.0250140108 -3.27855134e-08 -4.90669575e-08 1
LGIC_C 79 -0.586282216 -0.251266854 0.0250140025 1.15916899e-08 4.97976879e-08 1
LGIC_C 80 0.700227587 -0.0624952192 0.0250140142 -4.34088226e-08 8.63456802e-09 1
LGIC_C 81 0.0809842785 0.693564643 0.0250140172 -6.33660387e-09 4.96100877e-08 -1
LGIC_C 82 0.497710122 -0.351265859 0.0250140124 -3.05989503e-08 3.95603122e-08 1
LGIC_C 83 -0.370569056 0.250690973 0.0250140044 -4.82586679e-08 1.31306769e-08 -1
LGIC_C 84 0.233628318 0.48493243 0.0250140097 1.3130701e-08 4.82586573e-08 -1
LGIC_C 85 -0.050820249 0.105135051 0.02501399 1.28239438e-08 -5.73353116e-08 1
LGIC_C 86 0.583715113 -0.364626614 0.0250140205 -3.37890406e-08 4.80634332e-08 1
LGIC_C 87 -0.356733476 -0.197328041 0.0250139994 1.45571809e-08 5.5602105e-08 1
LGIC_C 88 -0.587878944 -0.520759435 0.025014016 1.15916899e-08 4.97976879e-08 1
LGIC_C 89 0.304702971 -0.518534592 0.0250140123 -1.31306721e-08 4.82586744e-08 1
LGIC_C 90 -0.333219278 -0.308359003 0.0250140052 1.45571809e-08 5.5602105e-08 1
LGIC_C 91 0.146215595 0.782791181 0.0250140185 -8.63455884e-09 -4.34088253e-08 1
LGIC_C 92 0.23115853 -0.662081422 0.0250140146 6.33663526e-09 4.9610097e-08 1
LGIC_C 93 -0.0707462263 0.575641119 0.0250140114 -6.33661298e-09 -4.96100859e-08 1
LGIC_C 94 0.114725479 -0.0383034 0.0250139901 -4.96100802e-08 3.14742968e-08 1
LGIC_C 95 -0.360732677 -0.399252674 0.0250140091 -5.56021111e-08 -1.45571543e-08 -1
LGIC_C 96 0.338498259 -0.0377376953 0.0250140004 -4.96100859e-08 9.86807898e-09 1
LGIC_C 97 -0.357127875 0.120699388 0.0250139975 4.96100851e-08 2.90231542e-08 1
LGIC_C 98 -0.343823268 -0.497213225 0.0250140121 3.95603082e-08 3.05989652e-08 1
LGIC_C 99 0.241556511 -0.066006176 0.0250139973 -4.96100802e-08 3.14742968e-08 1
LGIC_C 100 -0.355577112 -0.466920979 0.0250140092 2.45891453e-08 3.68002268e-08 1
LGIC_C 101 -0.386154526 0.00878191919 0.0250140025 4.96100897e-08 -9.86805572e-09 1
LGIC_C 102 -0.342768447 0.467419134 0.0250140145 1.28239438e-08 -5.73353116e-08 1
LGIC_C 103 -0.401943331 -0.000624417013 0.0250140007 4.34088238e-08 8.63459484e-09 1
LGIC_C 104 0.561533977 -0.231935569 0.0250140134 -4.96100859e-08 9.86807898e-09 1
LGIC_C 105 -0.319879667 0.0909276015 0.0250139994 4.34088279e-08 -2.48392273e-08 1
LGIC_C 106 -0.258471395 0.702487362 0.025014016 8.63455111e-09 -4.34088279e-08 1
LGIC_C 107 -0.678210918 -0.27486354 0.0250140151 4.34088238e-08 8.63459484e-09 1
LGIC_C 108 -0.0396445099 -0.523293778 0.0250140069 2.48392553e-08 4.34088306e-08 1
LGIC_C 109 0.216168064 0.126190948 0.0250139953 -4.82586616e-08 -1.31306776e-08 1
LGIC_C 110 -0.143719687 -0.703832081 0.025014015 8.63456455e-09 4.34088336e-08 1
LGIC_C 111 -0.535472593 -0.221123094 0.0250140034 -4.96100919e-08 2.90231703e-08 -1
LGIC_C 112 0.711877973 -0.00853277649 0.0250140188 -4.96100802e-08 3.14742968e-08 1
LGIC_C 113 -0.0296542978 -0.680105315 0.0250140135 2.48392553e-08 4.34088306e-08 1
LGIC_C 114 -0.343320512 0.37774883 0.0250140093 1.28239438e-08 -5.73353116e-08 1
LGIC_C 115 0.50094309 -0.440198681 0.025014016 -3.05989503e-08 3.95603122e-08 1
LGIC_C 116 0.162655356 -0.461381786 0.0250140083 1.00935263e-08 5.7878447e-08 1
LGIC_C 117 -0.162603944 -0.00958863624 0.0250139911 -4.96100919e-08 2.90231703e-08 -1
LGIC_C 118 -0.276956467 -0.330505939 0.0250140043 3.95603082e-08 3.05989652e-08 1
LGIC_C 119 0.0869964809 0.423900889 0.0250140052 -9.86806672e-09 -4.96100854e-08 1
LGIC_C 120 0.0253864415 0.521528511 0.0250140094 -9.86806672e-09 -4.96100854e-08 1
LGIC_C 121 -0.42556724 -0.389346452 0.0250140076 1.15916899e-08 4.97976879e-08 1
LGIC_C 122 0.597106725 -0.280283908 0.0250140121 -3.68002179e-08 2.45891393e-08 1
LGIC_C 123 0.348703583 -0.339836671 0.0250140115 -4.90669481e-08 3.27855328e-08 1
LGIC_C 124 0.519882617 -0.427405588 0.0250140129 -3.68002179e-08 2.45891393e-08 1
LGIC_C 125 0.117685733 -0.145537043 0.0250139918 -1.31306721e-08 4.82586744e-08 1
LGIC_C 126 0.627515587 -0.373668952 0.0250140172 -3.05989503e-08 3.95603122e-08 1
LGIC_C 127 0.325693166 -0.284035443 0.0250140044 -3.05989503e-08 3.95603122e-08 1
LGIC_C 128 0.262393899 -0.345110797 0.0250140024 -2.45891087e-08 3.68002429e-08 1
LGIC_C 129 0.402527889 -0.0847540671 0.0250140014 -4.34088226e-08 8.63456802e-09 1
LGIC_C 130 -0.66426969 0.18614151 0.0250140137 4.34088259e-08 -8.63455061e-09 1
LGIC_C 131 0.392323444 0.278446297 0.0250140058 -4.82586616e-08 -1.31306776e-08 1
LGIC_C 132 -0.228498555 0.0776198081 0.0250139927 5.7878425e-08 4.89846948e-08 1
LGIC_C 133 -0.550922741 -0.0618604091 0.0250140077 4.34088238e-08 8.63459484e-09 1
LGIC_C 134 0.305462593 -0.634139981 0.0250140141 -2.45891087e-08 3.68002429e-08 1
LGIC_C 135 -0.333582635 -0.282118019 0.0250140066 6.28883752e-09 7.55636663e-08 1
LGIC_C 136 0.417167762 -0.275114061 0.0250140053 -3.68002179e-08 2.45891393e-08 1
LGIC_C 137 0.346474051 -0.299338768 0.0250140057 -3.05989503e-08 3.95603122e-08 1
LGIC_C 138 -0.664134692 -0.187527984 0.0250140084 4.96100935e-08 -4.19869172e-08 1
LGIC_C 139 0.128229913 -0.0131849896 0.02501399 -4.96100802e-08 3.14742968e-08 1
LGIC_C 140 0.437539244 0.544991571 0.0250140141 -2.45891309e-08 -3.68002211e-08 1
LGIC_C 141 0.558729118 0.0625108151 0.025014008 -4.34088272e-08 -8.63453573e-09 1
LGIC_C 142 -0.471393363 -0.535690513 0.0250140183 3.95603082e-08 3.05989652e-08 1
LGIC_C 143 -0.0731372587 -0.156672034 0.0250139919 2.81018674e-08 4.20574117e-08 1
LGIC_C 144 -0.463521667 -0.473354041 0.0250140161 3.95603082e-08 3.05989652e-08 1
LGIC_C 145 0.184538698 -0.00461342011 0.0250139914 -4.34088182e-08 2.48392526e-08 1
LGIC_C 146 0.0287445161 0.595744218 0.0250140131 -9.86806672e-09 -4.96100854e-08 1
LGIC_C 147 -0.387105435 -0.299985815 0.0250140027 1.15916899e-08 4.97976879e-08 1
LGIC_C 148 0.429152143 -0.0906603092 0.0250140091 -5.78784275e-08 1.15127558e-08 1
LGIC_C 149 0.566995669 0.506610343 0.0250140166 -3.68002282e-08 -2.45891172e-08 1
LGIC_C 150 0.42052915 0.166669617 0.025014003 -4.96100869e-08 6.3366408e-09 1
LGIC_C 151 -0.137908944 -0.706594337 0.0250140151 8.63456455e-09 4.34088336e-08 1
LGIC_C 152 0.271861918 0.606085023 0.0250140161 1.3130701e-08 4.82586573e-08 -1
LGIC_C 153 0.153285865 -0.158227836 0.0250139943 -1.28239349e-08 5.73353226e-08 1
LGIC_C 154 0.160760481 0.533133086 0.0250140113 -9.86806672e-09 -4.96100854e-08 1
LGIC_C 155 -0.614803897 0.0945262968 0.0250140108 4.34088259e-08 -8.63455061e-09 1
LGIC_C 156 -0.288279973 0.024379883 0.025013996 4.34088259e-08 -8.63455061e-09 1
LGIC_C 157 -0.393041729 0.303131309 0.0250140087 6.28881943e-09 -7.55636452e-08 1
LGIC_C 158 0.405954206 0.220250038 0.0250140076 3.37890593e-08 4.80634111e-08 -1
LGIC_C 159 0.726417129 0.240148658 0.0250140168 -4.34088272e-08 -8.63453573e-09 1
LGIC_C 160 -0.246138778 -0.0963142925 0.0250139914 -4.34088282e-08 2.70157287e-08 -1
LGIC_C 161 -0.425069431 0.145310896 0.0250140058 4.96100897e-08 -9.86805572e-09 1
LGIC_C 162 0.439137156 -0.104334013 0.0250140098 -5.78784275e-08 1.15127558e-08 1
LGIC_C 163 0.337609981 -0.220402785 0.0250140036 -4.20573976e-08 2.81018683e-08 1
LGIC_C 164 0.24264703 -0.582536926 0.0250140145 -1.31306721e-08 4.82586744e-08 1
LGIC_C 165 -0.350509757 0.0629748138 0.0250139988 4.96100851e-08 2.90231542e-08 1
LGIC_C 166 -0.179732894 -0.680246578 0.0250140172 2.48392553e-08 4.34088306e-08 1
LGIC_C 167 -0.538474814 0.506320001 0.0250140159 -4.82586679e-08 1.31306769e-08 -1
LGIC_C 168 -0.603518865 -0.225908696 0.0250140114 4.34088238e-08 8.63459484e-09 1
LGIC_C 169 0.655036377 -0.447343211 0.0250140183 -3.68002179e-08 2.45891393e-08 1
LGIC_C 170 0.483225196 -0.367869677 0.0250140172 -3.37890406e-08 4.80634332e-08 1
LGIC_C 171 -0.208803433 0.246636134 0.0250140001 1.28239438e-08 -5.73353116e-08 1
LGIC_C 172 0.354974564 0.147577425 0.0250140023 3.37890593e-08 4.80634111e-08 -1
LGIC_C 173 0.690645187 0.316791304 0.0250140165 -3.68002282e-08 -2.45891172e-08 1
LGIC_C 174 -0.100739258 -0.553796535 0.0250140098 2.48392553e-08 4.34088306e-08 1
LGIC_C 175 0.391414 -0.271932189 0.0250140095 -3.37890406e-08 4.80634332e-08 1
LGIC_C 176 -0.571746745 -0.576136595 0.0250140185 2.45891453e-08 3.68002268e-08 1
LGIC_C 177 0.327008852 0.33489385 0.0250140065 -2.81018716e-08 -4.20573923e-08 1
LGIC_C 178 0.0281169938 -0.596049488 0.0250140126 6.33663526e-09 4.9610097e-08 1
LGIC_C 179 -0.261584457 -0.151221565 0.0250139963 6.28883752e-09 7.55636663e-08 1
LGIC_C 180 -0.166749086 0.215363404 0.025013997 2.8101852e-08 -4.20574041e-08 1
LGIC_C 181 -0.687764831 -0.261697971 0.0250140154 4.34088238e-08 8.63459484e-09 1
LGIC_C 182 0.0583252725 -0.166865369 0.0250139936 -1.15127059e-08 5.78784511e-08 1
LGIC_C 183 0.655895036 0.309213036 0.025014019 -4.82586616e-08 -1.31306776e-08 1
LGIC_C 184 0.738191803 -0.0128310628 0.0250140156 -4.34088182e-08 2.48392526e-08 1
LGIC_C 185 0.370819601 -0.174134817 0.0250140015 -3.05989503e-08 3.95603122e-08 1
LGIC_C 186 -0.652748498 -0.341780461 0.0250140089 5.39043203e-09 6.47688584e-08 1
LGIC_C 187 0.148430198 0.0629625063 0.0250139926 -4.90669739e-08 -3.27854893e-08 1
LGIC_C 188 -0.715816227 0.0771309657 0.025014015 4.34088259e-08 -8.63455061e-09 1
LGIC_C 189 -0.507153993 0.239138719 0.0250140113 4.20574045e-08 -2.81018523e-08 1
LGIC_C 190 0.388389801 -0.689760291 0.0250140182 -2.45891087e-08 3.68002429e-08 1
LGIC_C 191 -0.465905861 -0.235099989 0.025014001 5.39043203e-09 6.47688584e-08 1
LGIC_C 192 -0.306323326 0.0748657023 0.0250139972 4.34088259e-08 -8.63455061e-09 1
LGIC_C 193 0.243302271 0.0735434191 0.025013996 -4.96100911e-08 -9.86803575e-09 1
LGIC_C 194 -0.623830378 0.407300781 0.0250140162 3.68002297e-08 -2.45891157e-08 1
LGIC_C 195 0.333299972 0.418711432 0.0250140102 -2.81018716e-08 -4.20573923e-08 1
LGIC_C 196 0.735128409 0.348167864 0.0250140189 -3.68002282e-08 -2.45891172e-08 1
LGIC_C 197 -0.237854469 -0.50339538 0.0250140076 2.45891453e-08 3.68002268e-08 1
LGIC_C 198 0.511054799 0.0193291333 0.0250140056 -4.34088272e-08 -8.63453573e-09 1
LGIC_C 199 0.613358034 0.242023651 0.0250140121 -4.96100869e-08 6.3366408e-09 1
LGIC_C 200 0.756202663 -0.279613864 0.0250140185 -4.34088226e-08 8.63456802e-09 1
LGIC_C 201 0.245438428 0.101247638 0.0250139964 -4.20574004e-08 -2.81018564e-08 1
LGIC_C 202 -0.0742047815 -0.339517735 0.0250139998 2.48392553e-08 4.34088306e-08 1
LGIC_C 203 -0.171483097 -0.0404982108 0.0250139906 -4.96100919e-08 2.90231703e-08 -1
LGIC_C 204 -0.397644185 0.562678482 0.0250140181 2.8101852e-08 -4.20574041e-08 1
LGIC_C 205 -0.0928302322 0.237276333 0.025013996 9.86805557e-09 -4.96100883e-08 1
LGIC_C 206 0.622623968 -0.376333223 0.0250140154 -3.68002179e-08 2.45891393e-08 1
LGIC_C 207 -0.132701097 -0.467939046 0.0250140038 -4.89847109e-08 5.78784581e-08 1
LGIC_C 208 -0.499003083 0.341148355 0.0250140118 -4.82586679e-08 1.31306769e-08 -1
LGIC_C 209 -0.040121008 0.0210310824 0.0250139897 -1.17760707e-07 7.86851935e-08 -1
LGIC_C 210 0.0452696214 0.239881399 0.0250139956 -9.86806672e-09 -4.96100854e-08 1
LGIC_C 211 0.600829293 -0.129647885 0.0250140195 -5.78784275e-08 1.15127558e-08 1
LGIC_C 212 -0.317224255 -0.430430253 0.0250140072 -5.56021111e-08 -1.45571543e-08 -1
LGIC_C 213 0.409859426 -0.415182365 0.0250140122 -2.81018481e-08 4.20574137e-08 1
LGIC_C 214 0.520664579 -0.0413725802 0.0250140062 -4.34088226e-08 8.63456802e-09 1
LGIC_C 215 -0.430478278 -0.00134681133 0.025014002 4.34088238e-08 8.63459484e-09 1
LGIC_C 216 0.204573139 -0.161010344 0.0250139959 -3.05989503e-08 3.95603122e-08 1
LGIC_C 217 0.533845394 -0.383145991 0.0250140197 -3.37890406e-08 4.80634332e-08 1
LGIC_C 218 -0.281748895 0.350106651 0.0250140039 1.31306824e-08 -4.82586643e-08 1
LGIC_C 219 -0.247841406 -0.435116717 0.0250140064 3.95603082e-08 3.05989652e-08 1
LGIC_C 220 -0.661001258 -0.359111523 0.0250140164 3.68002489e-08 2.45891179e-08 1
LGIC_C 221 0.715454153 -0.447232101 0.0125891377 0.827616944 -0.552996408 0.0961517878
LGIC_C 222 -0.556120312 -0.18504099 0.0250140055 -4.96100919e-08 2.90231703e-08 -1
LGIC_C 223 0.228918052 0.438990336 0.0250140091 -4.80634192e-08 -3.37890445e-08 1
LGIC_C 224 -0.394120571 0.11640691 0.0250139994 4.96100851e-08 2.90231542e-08 1
LGIC_C 225 0.190541295 -0.565533143 0.0250140094 -8.63454093e-09 4.34088369e-08 1
LGIC_C 226 0.344048024 -0.280100192 0.0250140028 -3.68002179e-08 2.45891393e-08 1
LGIC_C 227 -0.0903312302 0.465253373 0.0250140042 8.63455111e-09 -4.34088279e-08 1
LGIC_C 228 0.243873998 -0.304984239 0.0250140012 -1.31306721e-08 4.82586744e-08 1
LGIC_C 229 -0.540361342 -0.0552567736 0.0250140072 4.34088238e-08 8.63459484e-09 1
LGIC_C 230 -0.651035229 -0.238391255 0.0250140051 -4.34088282e-08 2.70157287e-08 -1
LGIC_C 231 0.503212667 0.284797917 0.0250140139 3.37890593e-08 4.80634111e-08 -1
LGIC_C 232 -0.231607234 0.752330886 0.0250140179 8.63455111e-09 -4.34088279e-08 1
LGIC_C 233 0.375535409 0.223645246 0.0250140043 -4.82586616e-08 -1.31306776e-08 1
LGIC_C 234 -0.0424004866 -0.447698531 0.025014003 8.63456455e-09 4.34088336e-08 1
LGIC_C 235 0.258292702 0.443405296 0.0250140092 -2.81018716e-08 -4.20573923e-08 1
LGIC_C 236 0.327475593 -0.0267334922 0.0250139981 -4.34088182e-08 2.48392526e-08 1
LGIC_C 237 0.674886249 -0.0425668084 0.025014018 -4.96100802e-08 3.14742968e-08 1
LGIC_C 238 -0.185074693 0.0273294465 0.0250139926 5.7878425e-08 4.89846948e-08 1
LGIC_C 239 0.516964708 -0.310159715 0.0250140137 -4.20573976e-08 2.81018683e-08 1
LGIC_C 240 0.131292115 -0.204593941 0.0250139966 -1.28239349e-08 5.73353226e-08 1
LGIC_C 241 -0.132645344 0.287416664 0.0250139991 2.8101852e-08 -4.20574041e-08 1
LGIC_C 242 0.609197805 -0.286296817 0.0250140176 -3.37890406e-08 4.80634332e-08 1
LGIC_C 243 -0.624828176 0.223239876 0.0250140165 4.96100897e-08 -9.86805572e-09 1
LGIC_C 244 0.592607861 -0.206404463 0.0250140199 -5.78784275e-08 1.15127558e-08 1
LGIC_C 245 -0.439322375 -0.426647841 0.0250140134 1.45571809e-08 5.5602105e-08 1
LGIC_C 246 0.423492206 0.525620874 0.025014013 -2.45891309e-08 -3.68002211e-08 1
LGIC_C 247 -0.454771538 0.68814906 0.0250140198 2.45891128e-08 -3.68002333e-08 1
LGIC_C 248 0.119336129 -0.156068423 0.0250139919 -2.45891087e-08 3.68002429e-08 1
LGIC_C 249 0.508491124 -0.0100125679 0.0250140088 -4.96100802e-08 3.14742968e-08 1
LGIC_C 250 0.21371884 0.509527622 0.0250140107 -4.80634192e-08 -3.37890445e-08 1
LGIC_C 251 0.000410500918 0.628383947 0.0250140144 -6.33660387e-09 4.96100877e-08 -1
LGIC_C 252 0.116177074 0.673894923 0.0250140203 -3.14742949e-08 -4.96100822e-08 1
LGIC_C 253 0.485964865 0.344821695 0.0250140112 -4.82586616e-08 -1.31306776e-08 1
LGIC_C 254 -0.489887516 0.256457777 0.0250140122 3.37890593e-08 -4.80634052e-08 1
LGIC_C 255 -0.819380505 -0.0321690455 0.025014018 -4.34088282e-08 2.70157287e-08 -1
LGIC_C 256 -0.267227948 0.595601274 0.0250140118 2.45891128e-08 -3.68002333e-08 1
LGIC_C 257 0.314050151 0.315037147 0.0250140026 -2.45891309e-08 -3.68002211e-08 1
LGIC_C 258 -0.266118665 0.606357131 0.0250140121 2.45891128e-08 -3.68002333e-08 1
LGIC_C 259 0.253012056 -0.340201855 0.0250140082 -3.27854948e-08 4.90669785e-08 1
LGIC_C 260 -0.0771965133 -0.601619152 0.0250140138 9.8680833e-09 4.96100963e-08 1
LGIC_C 261 0.139793314 0.546805364 0.0250140082 -8.63455884e-09 -4.34088253e-08 1
LGIC_C 262 -0.312150832 0.312213363 0.0250140024 1.31306824e-08 -4.82586643e-08 1
LGIC_C 263 -0.663296362 -0.257108473 0.0250140054 4.96100935e-08 -4.19869172e-08 1
LGIC_C 264 0.4774002 -0.287993406 0.0250140079 -3.68002179e-08 2.45891393e-08 1
LGIC_C 265 0.151380108 0.0279779964 0.025013991 -4.96100911e-08 -9.86803575e-09 1
LGIC_C 266 -0.0831620748 -0.335664931 0.0250139999 2.48392553e-08 4.34088306e-08 1
LGIC_C 267 -0.294082665 -0.25316412 0.0250140016 1.45571809e-08 5.5602105e-08 1
LGIC_C 268 -0.034208061 -0.52192599 0.0250140081 -2.90231482e-08 4.96101036e-08 1
LGIC_C 269 -0.0462423087 0.707585855 0.0250140181 -6.33661298e-09 -4.96100859e-08 1
LGIC_C 270 -0.104768123 -0.128138774 0.025013992 7.55636799e-08 6.2887973e-09 1
LGIC_C 271 -0.512819713 -0.391624261 0.0250140118 3.68002489e-08 2.45891179e-08 1
LGIC_C 272 -0.381449396 0.321275775 0.0250140059 -4.82586679e-08 1.31306769e-08 -1
LGIC_C 273 0.676646491 -0.0967862026 0.025014015 -4.34088182e-08 2.48392526e-08 1
LGIC_C 274 -0.304189637 0.374341695 0.0250140045 2.45891128e-08 -3.68002333e-08 1
LGIC_C 275 0.0317401763 -0.589470661 0.0250140123 6.33663526e-09 4.9610097e-08 1
LGIC_C 276 -0.0885988468 -0.37361552 0.0250139992 -2.90231482e-08 4.96101036e-08 1
LGIC_C 277 0.605027027 -0.0548898051 0.025014015 -4.96100802e-08 3.14742968e-08 1
LGIC_C 278 0.263136274 0.259203362 0.0250139993 -3.68002282e-08 -2.45891172e-08 1
LGIC_C 279 0.0871547365 -0.0582779562 0.0250139879 -3.68002179e-08 2.45891393e-08 1
LGIC_C 280 -0.286379049 -0.134399297 0.0250139949 1.45571809e-08 5.5602105e-08 1
LGIC_C 281 0.30720848 0.66039602 0.0250140203 -4.80634192e-08 -3.37890445e-08 1
LGIC_C 282 -0.253615757 -0.481668182 0.025014008 3.95603082e-08 3.05989652e-08 1
LGIC_C 283 -0.265134282 -0.49548249 0.0250140064 7.55636799e-08 6.2887973e-09 1
LGIC_C 284 0.187649121 -0.754641374 0.0250140176 -8.63454093e-09 4.34088369e-08 1
LGIC_C 285 -0.244293248 0.554604409 0.0250140185 3.27854968e-08 -4.90669676e-08 1
LGIC_C 286 -0.535582415 0.00143426183 0.0250140098 4.96100851e-08 2.90231542e-08 1
LGIC_C 287 -0.0677710686 -0.119469497 0.0250139893 2.45891453e-08 3.68002268e-08 1
LGIC_C 288 0.0640323195 -0.353537424 0.0250140004 6.33663526e-09 4.9610097e-08 1
LGIC_C 289 -0.0184629221 -0.0585782019 0.0250139859 8.63456455e-09 4.34088336e-08 1
LGIC_C 290 -0.410253341 -0.536683154 0.0250140173 2.81018674e-08 4.20574117e-08 1
LGIC_C 291 -0.53080164 0.400150319 0.0250140126 3.68002297e-08 -2.45891157e-08 1
LGIC_C 292 0.430184766 0.460509585 0.0250140147 -2.81018716e-08 -4.20573923e-08 1
LGIC_C 293 -0.646901779 -0.0410972256 0.0250140142 -4.96100919e-08 2.90231703e-08 -1
LGIC_C 294 0.0614150864 -0.220329852 0.0250139967 -1.15127059e-08 5.78784511e-08 1
LGIC_C 295 -0.161845931 0.157103188 0.0250139962 6.28881943e-09 -7.55636452e-08 1
LGIC_C 296 0.559349492 0.294761654 0.0250140151 -4.20574004e-08 -2.81018564e-08 1
LGIC_C 297 0.0375488411 0.309698807 0.025013997 -8.63455884e-09 -4.34088253e-08 1
LGIC_C 298 0.0322839305 -0.536840059 0.0250140102 -9.86804037e-09 4.96101e-08 1
LGIC_C 299 -0.0741237602 -0.30858541 0.0250139993 9.8680833e-09 4.96100963e-08 1
LGIC_C 300 0.402161741 -0.0770666642 0.0250140026 -4.34088182e-08 2.48392526e-08 1
LGIC_C 301 0.100688695 0.4126096 0.025014002 -8.63455884e-09 -4.34088253e-08 1
LGIC_C 302 0.354193002 0.296002563 0.0250140065 -4.20574004e-08 -2.81018564e-08 1
LGIC_C 303 -0.0750010399 0.317042927 0.0250139997 9.86805557e-09 -4.96100883e-08 1
LGIC_C 304 -0.17792883 0.369620976 0.0250140034 1.31306824e-08 -4.82586643e-08 1
LGIC_C 305 -0.463939572 0.171378199 0.0250140077 4.34088279e-08 -2.48392273e-08 1
LGIC_C 306 0.182371635 0.094154582 0.0250139936 -4.20574004e-08 -2.81018564e-08 1
LGIC_C 307 -0.402842821 0.299943709 0.0250140066 -4.82586679e-08 1.31306769e-08 -1
LGIC_C 308 0.602793985 -0.24708021 0.0250140115 -4.34088226e-08 8.63456802e-09 1
LGIC_C 309 0.161304046 0.140960882 0.0250139926 -3.68002282e-08 -2.45891172e-08 1
LGIC_C 310 0.0167476949 0.817733642 0.0250140189 -8.63455884e-09 -4.34088253e-08 1
LGIC_C 311 0.544592528 0.577872254 0.0250140179 -2.45891309e-08 -3.68002211e-08 1
LGIC_C 312 0.30605832 0.178328816 0.0250140011 -4.20574004e-08 -2.81018564e-08 1
LGIC_C 313 0.612545653 0.376508484 0.025014015 -3.68002282e-08 -2.45891172e-08 1
LGIC_C 314 -0.280090533 0.459905912 0.0250140071 2.45891128e-08 -3.68002333e-08 1
LGIC_C 315 -0.0867393225 0.0359064082 0.0250139865 6.28881943e-09 -7.55636452e-08 1
LGIC_C 316 -0.232845283 -0.202469334 0.025014 6.28883752e-09 7.55636663e-08 1
LGIC_C 317 -0.437191797 -0.182333076 0.0250140038 3.68002489e-08 2.45891179e-08 1
LGIC_C 318 -0.178077885 -0.340492788 0.0250139981 -5.56021111e-08 -1.45571543e-08 -1
LGIC_C 319 -0.548822808 -0.0620912277 0.0250140054 -4.34088282e-08 2.70157287e-08 -1
LGIC_C 320 0.397350274 0.548869132 0.0250140175 -2.81018716e-08 -4.20573923e-08 1
LGIC_C 321 0.61136776 -0.336475431 0.0250140201 -3.37890406e-08 4.80634332e-08 1
LGIC_C 322 0.533234561 0.178382507 0.0250140162 -5.78784335e-08 -1.15127284e-08 1
LGIC_C 323 -0.292549166 -0.67547104 0.0250140199 2.81018674e-08 4.20574117e-08 1
LGIC_C 324 0.0286348248 0.722632049 0.0250140189 -6.33660387e-09 4.96100877e-08 -1
LGIC_C 325 0.456612318 0.701416816 0.0250140203 -2.45891309e-08 -3.68002211e-08 1
LGIC_C 326 0.2022519 0.669417008 0.0250140152 -6.33660387e-09 4.96100877e-08 -1
LGIC_C 327 -0.305004691 -0.00968604141 0.0250139981 -4.96100919e-08 2.90231703e-08 -1
LGIC_C 328 -0.412807527 0.0312786566 0.025014002 4.34088279e-08 -2.48392273e-08 1
LGIC_C 329 0.6392042 -0.187971093 0.0250140168 -4.96100859e-08 9.86807898e-09 1
LGIC_C 330 0.341769705 -0.0468078145 0.0250140017 -4.96100802e-08 3.14742968e-08 1
LGIC_C 331 0.24182445 -0.0466433679 0.0250139949 -4.34088182e-08 2.48392526e-08 1
LGIC_C 332 -0.00607554317 -0.373697646 0.0250140018 9.8680833e-09 4.96100963e-08 1
LGIC_C 333 0.443541961 0.116207019 0.0250140035 -4.34088272e-08 -8.63453573e-09 1
LGIC_C 334 0.238955148 0.81172417 0.0116884259 0.194186548 0.976240951 0.0961519121
LGIC_C 335 0.184333163 0.625889768 0.0250140131 -6.33660387e-09 4.96100877e-08 -1
LGIC_C 336 -0.758167318 0.0356045974 0.0250140171 4.34088279e-08 -2.48392273e-08 1
LGIC_C 337 -0.0673349473 -0.0146141113 0.0250139858 -4.34088282e-08 2.70157287e-08 -1
LGIC_C 338 -0.148622839 0.288158874 0.0250139975 2.45891128e-08 -3.68002333e-08 1
LGIC_C 339 0.144018732 -0.257298012 0.0250139975 -1.31306721e-08 4.82586744e-08 1
LGIC_C 340 -0.267081782 0.632359913 0.0250140174 2.8101852e-08 -4.20574041e-08 1
LGIC_C 341 -0.0211123366 -0.724756098 0.0250140149 8.63456455e-09 4.34088336e-08 1
LGIC_C 342 -0.861311865 -0.00758020881 -0.0247729558 -0.976240825 -0.194187339 0.0961515894
LGIC_C 343 0.280753312 0.442032279 0.0250140083 1.3130701e-08 4.82586573e-08 -1
LGIC_C 344 -0.17188645 0.0261932878 0.0250139919 5.7878425e-08 4.89846948e-08 1
LGIC_C 345 -0.0529778952 -0.10506288 0.0250139879 7.55636799e-08 6.2887973e-09 1
LGIC_C 346 0.367747683 0.354098863 0.0250140055 -3.68002282e-08 -2.45891172e-08 1
LGIC_C 347 0.414101951 -0.248856657 0.0250140117 -4.90669481e-08 3.27855328e-08 1
LGIC_C 348 -0.114095708 -0.633962597 0.0250140158 9.8680833e-09 4.96100963e-08 1
LGIC_C 349 -0.12544837 -0.589666543 0.0250140088 -2.90231482e-08 4.96101036e-08 1
LGIC_C 350 -0.187429376 0.342092561 0.0250140005 2.45891128e-08 -3.68002333e-08 1
LGIC_C 351 -0.0928462823 0.0457369258 0.0250139886 3.37890593e-08 -4.80634052e-08 1
LGIC_C 352 -0.128470704 -0.379628985 0.0250140029 2.48392553e-08 4.34088306e-08 1
LGIC_C 353 -0.292906268 0.133226135 0.0250139992 -4.82586679e-08 1.31306769e-08 -1
LGIC_C 354 0.164439435 0.249429148 0.0250139984 -2.81018716e-08 -4.20573923e-08 1
LGIC_C 355 0.119939541 -0.552474611 0.025014014 1.00935263e-08 5.7878447e-08 1
LGIC_C 356 0.0991284266 0.74243614 0.0250140163 -8.63455884e-09 -4.34088253e-08 1
LGIC_C 357 0.7333518 0.218218148 0.0250140182 -4.96100869e-08 6.3366408e-09 1
LGIC_C 358 0.0448640583 -0.0295971361 0.0250139864 -4.90669481e-08 3.27855328e-08 1
LGIC_C 359 -0.203484532 0.14949465 0.0250139959 6.28881943e-09 -7.55636452e-08 1
LGIC_C 360 -0.49201859 0.450148378 0.0250140124 3.68002297e-08 -2.45891157e-08 1
LGIC_C 361 0.587251588 -0.13434593 0.0250140137 -4.96100859e-08 9.86807898e-09 1
LGIC_C 362 -0.391803 -0.100382212 0.0250139998 -4.96100919e-08 2.90231703e-08 -1
LGIC_C 363 -0.477802648 0.355560724 0.0250140134 4.20574045e-08 -2.81018523e-08 1
LGIC_C 364 0.111336472 0.141515986 0.0250139938 -3.27855134e-08 -4.90669575e-08 1
LGIC_C 365 0.628081161 -0.30659604 0.0250140183 -4.20573976e-08 2.81018683e-08 1
LGIC_C 366 -0.241631799 -0.717029739 0.0250140204 2.48392553e-08 4.34088306e-08 1
LGIC_C 367 0.400549752 -0.135417014 0.025014004 -4.34088182e-08 2.48392526e-08 1
LGIC_C 368 -0.110302094 -0.248677747 0.0250139952 3.95603082e-08 3.05989652e-08 1
LGIC_C 369 -0.0577499815 -0.59485253 0.0250140111 -2.90231482e-08 4.96101036e-08 1
LGIC_C 370 -0.400218778 -0.509552111 0.0250140118 2.45891453e-08 3.68002268e-08 1
LGIC_C 371 0.193006203 0.0853718288 0.0250139924 -3.68002282e-08 -2.45891172e-08 1
LGIC_C 372 -0.0401867004 0.414531124 0.0250140016 8.63455111e-09 -4.34088279e-08 1
LGIC_C 373 -0.512881744 0.495660739 0.0250140143 3.68002297e-08 -2.45891157e-08 1
LGIC_C 374 0.127382328 -0.280186828 0.0250139984 -1.31306721e-08 4.82586744e-08 1
LGIC_C 375 0.201926991 -0.607428148 0.0250140164 1.00935263e-08 5.7878447e-08 1
LGIC_C 376 0.455693334 0.38187174 0.0250140131 -4.20574004e-08 -2.81018564e-08 1
LGIC_C 377 0.284643234 0.198301684 0.0250139986 -3.68002282e-08 -2.45891172e-08 1
LGIC_C 378 -0.60603254 0.024349249 0.0250140126 4.96100851e-08 2.90231542e-08 1
LGIC_C 379 -0.0515007774 -0.393226115 0.0250140033 9.8680833e-09 4.96100963e-08 1
LGIC_C 380 0.160777784 0.63504263 0.0250140164 -9.86806672e-09 -4.96100854e-08 1
LGIC_C 381 0.0120209573 0.600175641 0.0250140132 -9.86806672e-09 -4.96100854e-08 1
LGIC_C 382 0.555993961 -0.300216775 0.0250140164 -3.37890406e-08 4.80634332e-08 1
LGIC_C 383 0.31713076 -0.491173737 0.0250140177 -3.27854948e-08 4.90669785e-08 1
LGIC_C 384 -0.485489375 -0.385478037 0.0250140154 6.28883752e-09 7.55636663e-08 1
LGIC_C 385 0.602318913 0.0759156218 0.025014019 -5.78784335e-08 -1.15127284e-08 1
LGIC_C 386 0.579619093 -0.41825697 0.0250140148 -3.68002179e-08 2.45891393e-08 1
LGIC_C 387 0.542473623 -0.244981498 0.0250140133 -3.37890406e-08 4.80634332e-08 1
LGIC_C 388 -0.0221278207 0.456479845 0.0250140061 9.86805557e-09 -4.96100883e-08 1
LGIC_C 389 0.41507013 -0.339036698 0.0250140102 -4.20573976e-08 2.81018683e-08 1
LGIC_C 390 0.553893853 0.0673429657 0.0250140103 -4.96100869e-08 6.3366408e-09 1
LGIC_C 391 -0.247262353 0.112406174 0.025013997 3.37890593e-08 -4.80634052e-08 1
LGIC_C 392 -0.164789609 -0.612172809 0.0250140088 -2.90231482e-08 4.96101036e-08 1
LGIC_C 393 -0.0311175987 -0.363465191 0.0250139993 8.63456455e-09 4.34088336e-08 1
LGIC_C 394 0.449099555 0.636286284 0.0250140177 -2.45891309e-08 -3.68002211e-08 1
LGIC_C 395 0.315245089 0.460685882 0.0250140096 1.3130701e-08 4.82586573e-08 -1
LGIC_C 396 0.230420943 0.426737474 0.0250140069 1.3130701e-08 4.82586573e-08 -1
LGIC_C 397 -0.601280219 0.128507587 0.0250140105 4.34088259e-08 -8.63455061e-09 1
LGIC_C 398 -0.59710144 0.259044122 0.0250140159 3.37890593e-08 -4.80634052e-08 1
LGIC_C 399 0.570776269 -0.167524321 0.0250140168 -4.96100802e-08 3.14742968e-08 1
