CaBS 10 0.119826133 -0.0257480787 0.0761962687 0.751399702 -0.322919474 0.575431578
CaBS 11 0.0984566694 -0.00618254521 0.0757178903 -0.344822968 0.867728907 0.357971598
CaBS 13 0.119149646 -0.00892756803 0.0762753898 0.735818353 0.677177225 -0.00153536905
CaBS 14 0.0907050725 -0.0180868584 0.0684532965 -0.999896295 -0.0141984568 0.00240892729
CaBS 15 0.111802745 -0.0302426875 0.0581009339 0.344822999 -0.867728964 -0.357971429
CaBS 16 0.0969288692 -0.0271868185 0.0809524667 -0.321328743 -0.750213836 0.577864204
CaBS 17 0.0993913648 -0.00754996735 0.0595169679 -0.346545998 0.867982935 -0.355684546
CaBS 18 0.122424263 -0.0126160945 0.0716092107 0.999896301 0.01419805 -0.0024089266
CaBS 19 0.120641914 -0.0223678043 0.0770279544 0.751399702 -0.322919474 0.575431578
CaBS 20 0.106390397 -0.0112118052 0.0857731118 0.333750516 0.131703927 0.933415593
CaBS 21 0.120554574 -0.0181638259 0.0599695178 0.748611785 -0.322508546 -0.579282861
CaBS 22 0.0918483631 -0.0134534197 0.064390945 -0.751399618 0.322919164 -0.575431861
CaBS 23 0.10131356 -0.00301038341 0.0687221814 -0.346545998 0.867982935 -0.355684546
CaBS 24 0.0910838755 -0.0254051512 0.0610002344 -0.735818491 -0.677177075 0.00153536998
Ca 4 0.173237255 -0.280366883 0.571420837 0 0 0
Ca 6 0.341299043 -0.3834751 0.432973672 0 0 0
Ca 1 0.0219121142 0.401602664 0.214296453 0 0 0
Ca 4 -0.0334139266 -0.240111387 0.493709962 0 0 0
Ca 4 0.309036841 -0.219141082 0.562151426 0 0 0
Ca 8 -0.0137666143 0.125278176 0.55202023 0 0 0
Ca 8 0.370038785 -0.0226464966 0.859380583 0 0 0
Ca 6 -0.105140398 0.00143153579 0.949356976 0 0 0
Ca 1 -0.211451228 -0.418147551 0.686626207 0 0 0
Ca 8 0.261287262 0.0638255699 0.599963946 0 0 0
Ca 6 -0.0197052444 -0.652952744 0.165404736 0 0 0
Ca 7 -0.668247986 -0.095860198 0.335972406 0 0 0
Ca 8 -0.405634559 -0.041557673 0.246551127 0 0 0
Ca 1 0.198510167 -0.045643291 0.548140164 0 0 0
Ca 4 -0.469930242 0.0283103622 0.145068298 0 0 0
Ca 1 -0.699064863 -0.18939441 0.263242215 0 0 0
Ca 8 0.195244726 -0.137014164 0.193683514 0 0 0
Ca 6 -0.104816475 -0.27444476 0.290884054 0 0 0
Ca 6 0.059172538 0.0497003565 0.685409155 0 0 0
Ca 1 0.104815556 -0.188011623 1.14278626 0 0 0
Ca 8 -0.239683328 0.0402424476 0.15479018 0 0 0
Ca 6 -0.227464196 -0.463042604 0.399514113 0 0 0
Ca 2 0.0283343635 0.18620089 0.212896695 0 0 0
Ca 6 0.00608556659 -0.0289734352 0.731334303 0 0 0
Ca 1 -0.243276185 -0.128247711 0.3367622 0 0 0
Ca 4 -0.0149803275 -0.204826312 0.263960916 0 0 0
Ca 4 -0.0159697622 0.175366551 0.0633331907 0 0 0
Ca 8 -0.251449025 0.174278955 0.511429375 0 0 0
Ca 4 -0.285381548 -0.271387548 0.0629774579 0 0 0
Ca 7 0.157751247 -0.133352782 0.352264777 0 0 0
Ca 4 -0.0549971699 -0.0103665763 0.307186676 0 0 0
Ca 6 -0.424541674 -0.261423931 0.317092359 0 0 0
Ca 7 0.00896869719 -0.0437521163 0.439342723 0 0 0
Ca 4 -0.329308597 -0.443799376 0.468446071 0 0 0
Ca 8 0.14547105 0.226759913 0.173173932 0 0 0
Ca 8 0.0610073224 0.494369819 0.378226194 0 0 0
Ca 8 -0.333788798 -0.213680062 0.105084541 0 0 0
Ca 8 0.0185781307 0.219758283 0.28199512 0 0 0
Ca 8 0.130587665 -0.428270821 0.196670441 0 0 0
Ca 7 0.0225341369 0.134023122 0.235334372 0 0 0
Ca 8 -0.670213736 0.0901355686 0.0516442343 0 0 0
Ca 6 -0.343528198 -0.617740215 0.649876449 0 0 0
Ca 7 -0.123566639 -0.366037447 0.466380498 0 0 0
Ca 4 -0.507697728 0.514014322 0.177794482 0 0 0
Ca 8 -0.1457127 0.00268488435 0.376615019 0 0 0
Ca 4 0.0159116861 -0.252272919 0.418261803 0 0 0
Ca 6 -0.116760629 -0.0923511932 0.424231891 0 0 0
Ca 4 -0.0393172968 0.207580171 0.229895566 0 0 0
Ca 8 -0.229150594 0.249072435 0.140677356 0 0 0
Ca 7 -0.310215942 -0.0482511169 0.28025358 0 0 0
Ca 4 -0.291706388 -0.107128702 0.0579132299 0 0 0
Ca 4 -0.0328546889 0.258249966 0.147799358 0 0 0
Ca 1 -0.468179779 0.161291358 0.0798721285 0 0 0
Ca 1 -0.0229381778 0.0503786712 0.446122946 0 0 0
Ca 7 -0.0935422464 -0.0598201857 0.0632585222 0 0 0
Ca 6 -0.215879173 -0.0985935428 0.209510137 0 0 0
Ca 6 0.160290614 -0.142497057 0.340374922 0 0 0
Ca 1 -0.0656874355 0.106307472 0.475133451 0 0 0
Ca 4 -0.0339263449 0.00362635336 0.292855974 0 0 0
Ca 4 -0.363350013 0.564988552 0.390468989 0 0 0
Ca 6 -0.0323301944 -0.449643788 0.251052726 0 0 0
Ca 6 0.17285425 -0.0979624879 0.264544543 0 0 0
Ca 8 -0.156083054 0.204955018 0.325049442 0 0 0
Ca 2 0.0904524506 0.137754012 0.236716397 0 0 0
Ca 7 -0.232500023 -0.0236381076 0.218375412 0 0 0
Ca 1 -0.312616779 0.000617187033 0.0798335251 0 0 0
Ca 7 -0.515738371 0.00428083212 0.256951573 0 0 0
Ca 1 -0.190464995 0.137957396 0.205089188 0 0 0
Ca 6 -0.263420043 0.217834245 0.10494501 0 0 0
Ca 8 -0.205938943 -0.0620224214 0.097685257 0 0 0
Ca 1 -0.233511135 0.0519249632 0.0821031249 0 0 0
Ca 4 -0.0655334874 -0.0321080102 0.218030353 0 0 0
Ca 6 -0.162412903 0.0163160731 0.0546300562 0 0 0
Ca 4 -0.00621066909 -0.0915015295 0.172379055 0 0 0
Ca 1 -0.417340985 -0.0434859237 0.135948304 0 0 0
Ca 7 0.0541608109 -0.0474985064 0.0732303028 0 0 0
Ca 8 -0.164602717 0.0713411553 0.160843569 0 0 0
Ca 8 -0.120535259 0.0733444182 0.148251167 0 0 0
Ca 8 -0.0858793846 0.0699892651 0.107309208 0 0 0
Ca 1 -0.260662342 -0.0102834223 0.0754514912 0 0 0
Ca 7 -0.102405999 -0.152749408 0.0858159639 0 0 0
Ca 8 -0.15025487 0.00623393247 0.0492731054 0 0 0
Ca 8 -0.258571135 0.111846272 0.0927983675 0 0 0
Ca 6 -0.241330359 0.102805047 0.0896470411 0 0 0
Ca 1 -0.131805783 -0.0829581168 0.0565724427 0 0 0
Ca 7 -0.16818286 0.00371822693 0.0953167487 0 0 0
Ca 6 -0.103561638 0.00127763403 0.0466419863 0 0 0
VGCC_O 7 -0.137449801 0.00579357966 0.0466933342 -1.62059625e-06 3.22356338e-07 -1
VGCC_O 2 0.119933892 -0.04777957 0.0466929781 -1.41802115e-06 2.82063236e-07 -1
VGCC_O 0 0.11238887 -0.0311459409 0.0466929927 -1.01287282e-06 -1.51427976e-07 -1
VGCC_O 9 0.0953603447 -0.018533153 0.0466930096 -1.14792244e-06 -1.24564753e-07 -1
VGCC_O 5 0.113746944 -0.0200409323 0.0466929896 -1.01287282e-06 -1.51427976e-07 -1
VGCC_O 1 -0.126159285 0.0151063295 0.0466933189 -1.62059625e-06 3.22356338e-07 -1
VGCC_O 4 -0.108229728 0.00324736392 0.0466932869 -8.10297798e-07 1.61178104e-07 -1
VGCC_O 6 -0.12622171 0.0241576588 0.046693322 -1.62059677e-06 3.22356891e-07 -1
VGCC_O 3 0.0772568984 -0.00428239309 0.046693036 -1.41802159e-06 2.82063681e-07 -1
VGCC_O 8 -0.134706799 0.0161271258 0.0466933331 -1.62059677e-06 3.22356891e-07 -1
TAG 41 -0.105784995 0.0105052503 0.0536665039 -0.333750681 -0.131703993 -0.933415524
TAG 71 -0.096079873 0.00270213046 0.0564810255 0.74861179 -0.322508554 -0.579282851
TAG 70 -0.118208439 0.00383577013 0.0653592954 -0.735818461 -0.677177107 0.0015353549
TAG 69 -0.119239302 0.00795267007 0.0681959954 -0.999896295 -0.0141984574 0.00240892698
TAG 67 -0.115078276 0.000454692191 0.0742448755 -0.735818461 -0.677177107 0.0015353549
TAG 65 0.119072188 -0.020557456 0.0800936336 0.751399702 -0.322919474 0.575431578
TAG 63 -0.104896891 0.0149528875 0.0527352849 0.329239713 0.132369034 -0.93492227
TAG 62 -0.0995730683 0.0302300905 0.0690462359 0.3213287 0.750213891 -0.577864158
TAG 59 -0.100018848 -0.00188752594 0.0603333581 0.344822933 -0.867729023 -0.35797135
TAG 55 -0.119337383 0.0151637023 0.0699872324 -0.999896295 -0.0141984574 0.00240892698
TAG 54 -0.104785227 0.0261860029 0.076486355 -0.344822968 0.867728888 0.357971643
TAG 53 -0.089146311 -0.000197085518 0.0670554248 0.74861179 -0.322508554 -0.579282851
TAG 52 -0.119278263 0.0119799944 0.0757618237 -0.999896295 -0.0141984574 0.00240892698
TAG 51 -0.102448777 0.00747370566 0.0865367572 -0.329239868 -0.132369105 0.934922205
TAG 45 -0.113699624 0.0170707545 0.0588716642 -0.751399624 0.322919173 -0.575431849
TAG 44 -0.11923843 0.00668793202 0.0611035411 -0.999896295 -0.0141984574 0.00240892698
LGIC_C 0 0.492536657 0.220299446 0.0250140102 -4.20574004e-08 -2.81018564e-08 1
LGIC_C 1 -0.339596464 0.0818950082 0.0250139987 4.34088259e-08 -8.63455061e-09 1
LGIC_C 2 -0.505723555 0.0802981514 0.0250140092 4.96100897e-08 -9.86805572e-09 1
LGIC_C 3 0.264971887 -0.655015664 0.0250140183 -9.86804037e-09 4.96101e-08 1
LGIC_C 4 -0.36748404 -0.232719103 0.0250140031 6.28883752e-09 7.55636663e-08 1
LGIC_C 5 0.0129298217 -0.541313846 0.0250140144 1.00935263e-08 5.7878447e-08 1
LGIC_C 6 -0.310589245 0.454869013 0.0250140133 1.28239438e-08 -5.73353116e-08 1
LGIC_C 7 -0.692356995 0.453816818 0.0250140199 3.68002297e-08 -2.45891157e-08 1
LGIC_C 8 -0.226897279 0.275284171 0.025013999 2.45891128e-08 -3.68002333e-08 1
LGIC_C 9 -0.454686044 -0.264632254 0.0250140061 6.28883752e-09 7.55636663e-08 1
LGIC_C 10 -0.387392038 -0.611944345 0.0250140173 3.95603082e-08 3.05989652e-08 1
LGIC_C 11 0.18645171 0.552247792 0.0250140095 -6.33660387e-09 4.96100877e-08 -1
LGIC_C 12 0.361746414 0.153620217 0.025014006 -4.90669739e-08 -3.27854893e-08 1
LGIC_C 13 0.716381692 -0.142969852 0.0250140202 -4.96100859e-08 9.86807898e-09 1
LGIC_C 14 0.663408698 0.224409109 0.0250140147 -4.96100869e-08 6.3366408e-09 1
LGIC_C 15 -0.451967578 -0.35195227 0.0250140085 5.39043203e-09 6.47688584e-08 1
LGIC_C 16 0.644040306 -0.127646141 0.0250140164 -4.96100859e-08 9.86807898e-09 1
LGIC_C 17 -0.52809986 0.333651449 0.0250140131 -4.82586679e-08 1.31306769e-08 -1
LGIC_C 18 0.292316658 -0.432682096 0.0250140096 -2.81018481e-08 4.20574137e-08 1
LGIC_C 19 -0.341224804 0.288194366 0.0250140087 3.37890593e-08 -4.80634052e-08 1
LGIC_C 20 0.141379013 -0.377122433 0.0250140067 -1.15127059e-08 5.78784511e-08 1
LGIC_C 21 -0.0231757353 -0.185465715 0.0250139918 -2.90231482e-08 4.96101036e-08 1
LGIC_C 22 0.157422163 0.633981274 0.0250140163 -9.86806672e-09 -4.96100854e-08 1
LGIC_C 23 -0.433531586 0.39399125 0.0250140089 3.68002297e-08 -2.45891157e-08 1
LGIC_C 24 0.116655196 0.465503294 0.0250140075 -9.86806672e-09 -4.96100854e-08 1
LGIC_C 25 0.396745737 0.0231367284 0.0250140007 -4.34088272e-08 -8.63453573e-09 1
LGIC_C 26 -0.0480000415 0.266829948 0.0250139993 1.15127271e-08 -5.78784352e-08 1
LGIC_C 27 -0.26800765 0.485012915 0.0250140159 3.27854968e-08 -4.90669676e-08 1
LGIC_C 28 0.663463986 0.0720877795 0.0250140127 -4.34088272e-08 -8.63453573e-09 1
LGIC_C 29 -0.606621698 -0.0851422655 0.0250140142 5.7878436e-08 -4.89847332e-08 1
LGIC_C 30 0.655525097 0.0675100059 0.0250140153 -4.96100869e-08 6.3366408e-09 1
LGIC_C 31 -0.38552646 -0.463564101 0.0250140127 3.95603082e-08 3.05989652e-08 1
LGIC_C 32 0.0368560898 0.085010633 0.0250139878 1.3130701e-08 4.82586573e-08 -1
LGIC_C 33 -0.0566202632 0.626078594 0.0250140109 8.63455111e-09 -4.34088279e-08 1
LGIC_C 34 0.230067584 -0.459252643 0.0250140133 -3.27854948e-08 4.90669785e-08 1
LGIC_C 35 -0.158637268 -0.514459194 0.0250140041 -2.90231482e-08 4.96101036e-08 1
LGIC_C 36 0.541752409 -0.604559096 0.0250140188 -2.45891087e-08 3.68002429e-08 1
LGIC_C 37 0.139952689 0.772945354 0.025014018 -8.63455884e-09 -4.34088253e-08 1
LGIC_C 38 0.734741983 -0.309733878 0.025014018 -3.05989503e-08 3.95603122e-08 1
LGIC_C 39 0.694938995 0.331367661 0.025014017 -3.68002282e-08 -2.45891172e-08 1
LGIC_C 40 -0.719549517 0.0295252507 0.0250140152 4.34088279e-08 -2.48392273e-08 1
LGIC_C 41 -0.534474895 0.609023241 0.0250140188 2.45891128e-08 -3.68002333e-08 1
LGIC_C 42 -0.266781214 -0.667005697 0.0250140145 8.63456455e-09 4.34088336e-08 1
LGIC_C 43 -0.56672201 -0.5239679 0.0250140159 1.15916899e-08 4.97976879e-08 1
LGIC_C 44 0.316639119 0.544671777 0.0250140137 1.3130701e-08 4.82586573e-08 -1
LGIC_C 45 0.0115112985 -0.23205746 0.0250139947 6.33663526e-09 4.9610097e-08 1
LGIC_C 46 -0.204181487 -0.186658029 0.0250139964 5.39043203e-09 6.47688584e-08 1
LGIC_C 47 0.509944362 -0.196562743 0.025014015 -5.78784275e-08 1.15127558e-08 1
LGIC_C 48 -0.0456187716 -0.417288845 0.0250140017 8.63456455e-09 4.34088336e-08 1
LGIC_C 49 -0.529168159 -0.193205632 0.0250140079 4.34088238e-08 8.63459484e-09 1
LGIC_C 50 0.282737939 -0.306343652 0.0250140075 -3.27854948e-08 4.90669785e-08 1
LGIC_C 51 -0.580231055 -0.000444115327 0.0250140084 -4.34088282e-08 2.70157287e-08 -1
LGIC_C 52 0.628350006 -0.195600035 0.0250140154 -4.34088182e-08 2.48392526e-08 1
LGIC_C 53 0.351678676 -0.0885634023 0.0250140007 -4.34088182e-08 2.48392526e-08 1
LGIC_C 54 -0.0251223223 -0.245529115 0.0250139962 -4.89847109e-08 5.78784581e-08 1
LGIC_C 55 0.422963298 0.516880158 0.0250140127 -2.45891309e-08 -3.68002211e-08 1
LGIC_C 56 -0.151994884 -0.249573363 0.0250139953 -5.56021111e-08 -1.45571543e-08 -1
LGIC_C 57 -0.0683590283 0.439405474 0.0250140072 -3.14742797e-08 4.96100914e-08 -1
LGIC_C 58 0.418393876 -0.0286782642 0.0250140021 -4.34088182e-08 2.48392526e-08 1
LGIC_C 59 -0.403532966 -0.183789296 0.0250139993 1.45571809e-08 5.5602105e-08 1
LGIC_C 60 0.139467688 0.506941491 0.0250140128 -3.14742949e-08 -4.96100822e-08 1
LGIC_C 61 -0.407831593 0.366503773 0.0250140107 4.20574045e-08 -2.81018523e-08 1
LGIC_C 62 -0.0870422035 0.412260322 0.0250140065 -3.14742797e-08 4.96100914e-08 -1
LGIC_C 63 0.208232059 -0.0320048522 0.0250139939 -4.96100859e-08 9.86807898e-09 1
LGIC_C 64 -0.257636295 0.0183491219 0.0250139973 5.7878425e-08 4.89846948e-08 1
LGIC_C 65 0.055515404 0.326693046 0.025014 -9.86806672e-09 -4.96100854e-08 1
LGIC_C 66 -0.267908514 -0.298771025 0.0250140008 2.45891453e-08 3.68002268e-08 1
LGIC_C 67 -0.46808324 0.416322772 0.0250140177 6.28881943e-09 -7.55636452e-08 1
LGIC_C 68 -0.618567729 -0.100406932 0.0250140074 -4.34088282e-08 2.70157287e-08 -1
LGIC_C 69 -0.707556816 -0.319656284 0.0250140172 3.68002489e-08 2.45891179e-08 1
LGIC_C 70 -0.0155948406 0.405513456 0.025014001 8.63455111e-09 -4.34088279e-08 1
LGIC_C 71 0.600704564 0.131053002 0.0250140195 -5.78784335e-08 -1.15127284e-08 1
LGIC_C 72 0.124036899 0.347989477 0.0250139997 -6.33660387e-09 4.96100877e-08 -1
LGIC_C 73 -0.034558876 0.00737619134 0.025013985 4.34088279e-08 -2.48392273e-08 1
LGIC_C 74 0.506422339 0.476996932 0.0250140139 -4.82586616e-08 -1.31306776e-08 1
LGIC_C 75 0.530809094 -0.596945789 0.0250140182 -2.45891087e-08 3.68002429e-08 1
LGIC_C 76 -0.660456486 0.068940647 0.025014014 4.96100851e-08 2.90231542e-08 1
LGIC_C 77 0.322964009 -0.215966088 0.0250140017 -3.05989503e-08 3.95603122e-08 1
LGIC_C 78 0.257406929 0.359347142 0.0250140093 -3.27855134e-08 -4.90669575e-08 1
LGIC_C 79 -0.596098589 -0.264897373 0.0250140033 1.15916899e-08 4.97976879e-08 1
LGIC_C 80 0.695123464 -0.047848591 0.0250140138 -4.34088226e-08 8.63456802e-09 1
LGIC_C 81 0.0598595755 0.677806756 0.0250140165 -6.33660387e-09 4.96100877e-08 -1
LGIC_C 82 0.482401983 -0.334556189 0.0250140112 -3.05989503e-08 3.95603122e-08 1
LGIC_C 83 -0.352401056 0.278853061 0.0250140039 -4.82586679e-08 1.31306769e-08 -1
LGIC_C 84 0.235998541 0.522000979 0.0250140116 1.3130701e-08 4.82586573e-08 -1
LGIC_C 85 -0.0544878989 0.128209772 0.0250139913 1.28239438e-08 -5.73353116e-08 1
LGIC_C 86 0.549637053 -0.34464547 0.0250140184 -3.37890406e-08 4.80634332e-08 1
LGIC_C 87 -0.343816852 -0.262453647 0.0250140028 1.45571809e-08 5.5602105e-08 1
LGIC_C 88 -0.564862819 -0.486050101 0.025014014 1.15916899e-08 4.97976879e-08 1
LGIC_C 89 0.300421683 -0.523720461 0.0250140124 -1.31306721e-08 4.82586744e-08 1
LGIC_C 90 -0.336345898 -0.312591826 0.0250140055 1.45571809e-08 5.5602105e-08 1
LGIC_C 91 0.131700694 0.797575525 0.025014019 -8.63455884e-09 -4.34088253e-08 1
LGIC_C 92 0.234236056 -0.662730199 0.0250140146 6.33663526e-09 4.9610097e-08 1
LGIC_C 93 -0.076679926 0.580017422 0.0250140116 -6.33661298e-09 -4.96100859e-08 1
LGIC_C 94 0.150330254 -0.0471961101 0.0250139922 -4.96100802e-08 3.14742968e-08 1
LGIC_C 95 -0.326908695 -0.3709686 0.0250140068 -5.56021111e-08 -1.45571543e-08 -1
LGIC_C 96 0.336342077 -0.0188471134 0.0250140001 -4.96100859e-08 9.86807898e-09 1
LGIC_C 97 -0.405772492 0.102035356 0.0250140004 4.96100851e-08 2.90231542e-08 1
LGIC_C 98 -0.327051845 -0.53435454 0.0250140125 3.95603082e-08 3.05989652e-08 1
LGIC_C 99 0.244012031 -0.0483112288 0.0250139968 -4.96100802e-08 3.14742968e-08 1
LGIC_C 100 -0.343540735 -0.46563124 0.0250140088 2.45891453e-08 3.68002268e-08 1
LGIC_C 101 -0.366863915 0.0144888337 0.0250140016 4.96100897e-08 -9.86805572e-09 1
LGIC_C 102 -0.317133683 0.446826491 0.025014013 1.28239438e-08 -5.73353116e-08 1
LGIC_C 103 -0.44401373 -0.0269277901 0.0250140028 4.34088238e-08 8.63459484e-09 1
LGIC_C 104 0.572606457 -0.238340785 0.0250140191 -4.90669481e-08 3.27855328e-08 1
LGIC_C 105 -0.349399855 0.113961277 0.0250140013 4.34088279e-08 -2.48392273e-08 1
LGIC_C 106 -0.289901941 0.749391458 0.0250140183 8.63455111e-09 -4.34088279e-08 1
LGIC_C 107 -0.73589494 -0.280819433 0.0250140176 4.34088238e-08 8.63459484e-09 1
LGIC_C 108 -0.0515458475 -0.514227248 0.0250140068 2.48392553e-08 4.34088306e-08 1
LGIC_C 109 0.200344293 0.113387677 0.0250139944 -4.82586616e-08 -1.31306776e-08 1
LGIC_C 110 -0.156644064 -0.70983041 0.0250140154 8.63456455e-09 4.34088336e-08 1
LGIC_C 111 -0.523135339 -0.162168157 0.0250140045 -4.96100919e-08 2.90231703e-08 -1
LGIC_C 112 0.717598292 -0.0313435705 0.0250140198 -4.96100802e-08 3.14742968e-08 1
LGIC_C 113 -0.0155616068 -0.699652371 0.025014014 2.48392553e-08 4.34088306e-08 1
LGIC_C 114 -0.357160837 0.399447691 0.0250140108 1.28239438e-08 -5.73353116e-08 1
LGIC_C 115 0.488132376 -0.406757373 0.0250140143 -3.05989503e-08 3.95603122e-08 1
LGIC_C 116 0.180866984 -0.453012027 0.0250140076 1.00935263e-08 5.7878447e-08 1
LGIC_C 117 -0.179743342 -0.031296238 0.0250139913 -4.96100919e-08 2.90231703e-08 -1
LGIC_C 118 -0.326665154 -0.343363412 0.0250140067 3.95603082e-08 3.05989652e-08 1
LGIC_C 119 0.0874808378 0.435398959 0.0250140057 -9.86806672e-09 -4.96100854e-08 1
LGIC_C 120 0.0326023599 0.503383785 0.0250140086 -9.86806672e-09 -4.96100854e-08 1
LGIC_C 121 -0.415336098 -0.406515046 0.0250140083 1.15916899e-08 4.97976879e-08 1
LGIC_C 122 0.58998248 -0.351028688 0.0250140136 -3.68002179e-08 2.45891393e-08 1
LGIC_C 123 0.33545513 -0.331538884 0.0250140106 -4.90669481e-08 3.27855328e-08 1
LGIC_C 124 0.517205348 -0.443912459 0.0250140132 -3.68002179e-08 2.45891393e-08 1
LGIC_C 125 0.137618802 -0.157181839 0.0250139926 -1.31306721e-08 4.82586744e-08 1
LGIC_C 126 0.63371601 -0.354018816 0.0250140166 -3.05989503e-08 3.95603122e-08 1
LGIC_C 127 0.25024966 -0.280913003 0.0250140001 -1.31306721e-08 4.82586744e-08 1
LGIC_C 128 0.258823053 -0.35033067 0.0250140025 -2.45891087e-08 3.68002429e-08 1
LGIC_C 129 0.412728502 -0.0975084192 0.025014002 -4.34088226e-08 8.63456802e-09 1
LGIC_C 130 -0.664983387 0.193339741 0.0250140138 4.34088259e-08 -8.63455061e-09 1
LGIC_C 131 0.385668756 0.267739381 0.0250140054 -4.82586616e-08 -1.31306776e-08 1
LGIC_C 132 -0.257743645 0.0617788181 0.0250139951 5.7878425e-08 4.89846948e-08 1
LGIC_C 133 -0.594531832 -0.0541935395 0.0250140095 4.34088238e-08 8.63459484e-09 1
LGIC_C 134 0.331783495 -0.656726685 0.0250140156 -2.45891087e-08 3.68002429e-08 1
LGIC_C 135 -0.340088805 -0.281571758 0.0250140066 6.28883752e-09 7.55636663e-08 1
LGIC_C 136 0.403766767 -0.275709537 0.0250140049 -3.68002179e-08 2.45891393e-08 1
LGIC_C 137 0.372418109 -0.312355678 0.025014007 -3.05989503e-08 3.95603122e-08 1
LGIC_C 138 -0.706888967 -0.199597169 0.02501401 4.96100935e-08 -4.19869172e-08 1
LGIC_C 139 0.176924919 -0.0034817837 0.0250139921 -4.96100802e-08 3.14742968e-08 1
LGIC_C 140 0.434918101 0.575285211 0.0250140151 -2.45891309e-08 -3.68002211e-08 1
LGIC_C 141 0.508124801 0.0432600938 0.0250140057 -4.34088272e-08 -8.63453573e-09 1
LGIC_C 142 -0.47015352 -0.540257105 0.0250140184 3.95603082e-08 3.05989652e-08 1
LGIC_C 143 -0.0837953948 -0.169393436 0.0250139927 2.81018674e-08 4.20574117e-08 1
LGIC_C 144 -0.453767925 -0.467139638 0.0250140155 3.95603082e-08 3.05989652e-08 1
LGIC_C 145 0.192844397 0.0134934889 0.0250139927 -4.96100869e-08 6.3366408e-09 1
LGIC_C 146 0.00286780262 0.583699213 0.0250140122 -6.33660387e-09 4.96100877e-08 -1
LGIC_C 147 -0.349623592 -0.342948926 0.0250140044 1.15916899e-08 4.97976879e-08 1
LGIC_C 148 0.423186097 -0.0822586312 0.0250140087 -5.78784275e-08 1.15127558e-08 1
LGIC_C 149 0.529791015 0.514754485 0.0250140154 -3.68002282e-08 -2.45891172e-08 1
LGIC_C 150 0.433518703 0.149800161 0.0250140038 -4.96100869e-08 6.3366408e-09 1
LGIC_C 151 -0.108369248 -0.717901668 0.0250140153 8.63456455e-09 4.34088336e-08 1
LGIC_C 152 0.295630257 0.616842518 0.0250140175 -2.81018716e-08 -4.20573923e-08 1
LGIC_C 153 0.144756173 -0.159659239 0.0250139942 -1.28239349e-08 5.73353226e-08 1
LGIC_C 154 0.176206096 0.519956701 0.0250140108 -9.86806672e-09 -4.96100854e-08 1
LGIC_C 155 -0.596277974 0.0965090935 0.02501401 4.34088259e-08 -8.63455061e-09 1
LGIC_C 156 -0.28161044 0.0349846766 0.0250139958 4.34088259e-08 -8.63455061e-09 1
LGIC_C 157 -0.397878599 0.298803925 0.0250140084 6.28881943e-09 -7.55636452e-08 1
LGIC_C 158 0.402620896 0.18873554 0.0250140059 3.37890593e-08 4.80634111e-08 -1
LGIC_C 159 0.750945607 0.179441147 0.0250140174 -4.34088272e-08 -8.63453573e-09 1
LGIC_C 160 -0.253921822 -0.101661917 0.0250139915 -4.34088282e-08 2.70157287e-08 -1
LGIC_C 161 -0.416107643 0.0990119045 0.0250140049 4.96100897e-08 -9.86805572e-09 1
LGIC_C 162 0.46081427 -0.0387793596 0.0250140103 -5.78784275e-08 1.15127558e-08 1
LGIC_C 163 0.340591199 -0.226344036 0.0250140039 -4.20573976e-08 2.81018683e-08 1
LGIC_C 164 0.240754273 -0.578943408 0.0250140143 -1.31306721e-08 4.82586744e-08 1
LGIC_C 165 -0.348843786 0.0706371777 0.0250139985 4.96100851e-08 2.90231542e-08 1
LGIC_C 166 -0.166651804 -0.670995118 0.0250140165 2.48392553e-08 4.34088306e-08 1
LGIC_C 167 -0.551925614 0.526060021 0.0250140168 -4.82586679e-08 1.31306769e-08 -1
LGIC_C 168 -0.586868921 -0.220176888 0.0250140106 4.34088238e-08 8.63459484e-09 1
LGIC_C 169 0.678261405 -0.457960917 0.0250140195 -3.68002179e-08 2.45891393e-08 1
LGIC_C 170 0.492154093 -0.358697073 0.0250140171 -3.37890406e-08 4.80634332e-08 1
LGIC_C 171 -0.201941346 0.275870887 0.0250140017 1.28239438e-08 -5.73353116e-08 1
LGIC_C 172 0.375244405 0.167459576 0.0250140037 -4.20574004e-08 -2.81018564e-08 1
LGIC_C 173 0.676124795 0.320641096 0.025014016 -3.68002282e-08 -2.45891172e-08 1
LGIC_C 174 -0.0675563272 -0.542101866 0.0250140085 2.48392553e-08 4.34088306e-08 1
LGIC_C 175 0.414132462 -0.263209404 0.0250140099 -3.37890406e-08 4.80634332e-08 1
LGIC_C 176 -0.583052285 -0.58590566 0.0250140191 2.45891453e-08 3.68002268e-08 1
LGIC_C 177 0.319331957 0.327178199 0.025014006 -2.81018716e-08 -4.20573923e-08 1
LGIC_C 178 0.0669969496 -0.647530137 0.0250140149 6.33663526e-09 4.9610097e-08 1
LGIC_C 179 -0.268048594 -0.188363734 0.0250139991 6.28883752e-09 7.55636663e-08 1
LGIC_C 180 -0.164892385 0.235857906 0.0250139978 2.8101852e-08 -4.20574041e-08 1
LGIC_C 181 -0.659914484 -0.28597455 0.0250140053 5.39043203e-09 6.47688584e-08 1
LGIC_C 182 0.0898444752 -0.199993007 0.0250139942 -2.81018481e-08 4.20574137e-08 1
LGIC_C 183 0.666930541 0.32745697 0.0250140197 -4.82586616e-08 -1.31306776e-08 1
LGIC_C 184 0.741918251 -0.0131591385 0.0250140158 -4.34088182e-08 2.48392526e-08 1
LGIC_C 185 0.409085866 -0.128740706 0.0250140042 -4.34088182e-08 2.48392526e-08 1
LGIC_C 186 -0.621934418 -0.333293731 0.0250140082 5.39043203e-09 6.47688584e-08 1
LGIC_C 187 0.162054777 0.0815447957 0.0250139939 -4.90669739e-08 -3.27854893e-08 1
LGIC_C 188 -0.729697834 0.0902088097 0.0250140157 4.34088259e-08 -8.63455061e-09 1
LGIC_C 189 -0.481041219 0.278717456 0.0250140113 4.20574045e-08 -2.81018523e-08 1
LGIC_C 190 0.340478214 -0.730612965 0.0250140185 -2.45891087e-08 3.68002429e-08 1
LGIC_C 191 -0.427977081 -0.26153368 0.0250140025 5.39043203e-09 6.47688584e-08 1
LGIC_C 192 -0.316020419 0.117350419 0.025013998 4.34088259e-08 -8.63455061e-09 1
LGIC_C 193 0.272519574 0.0774775194 0.0250139975 -4.96100911e-08 -9.86803575e-09 1
LGIC_C 194 -0.640002296 0.416900116 0.0250140171 3.68002297e-08 -2.45891157e-08 1
LGIC_C 195 0.354009571 0.391206381 0.0250140097 -2.81018716e-08 -4.20573923e-08 1
LGIC_C 196 0.736702124 0.405635749 0.0250140203 -3.68002282e-08 -2.45891172e-08 1
LGIC_C 197 -0.215416411 -0.486476693 0.0250140064 2.45891453e-08 3.68002268e-08 1
LGIC_C 198 0.538109664 0.0404617256 0.0250140069 -4.34088272e-08 -8.63453573e-09 1
LGIC_C 199 0.617594203 0.240228952 0.0250140123 -4.96100869e-08 6.3366408e-09 1
LGIC_C 200 0.71358402 -0.257845273 0.0250140164 -4.34088226e-08 8.63456802e-09 1
LGIC_C 201 0.233288459 0.105371706 0.025013996 -4.20574004e-08 -2.81018564e-08 1
LGIC_C 202 -0.0405760346 -0.330894464 0.0250139986 2.48392553e-08 4.34088306e-08 1
LGIC_C 203 -0.186612994 -0.0711704603 0.0250139905 -4.96100919e-08 2.90231703e-08 -1
LGIC_C 204 -0.379630098 0.501616529 0.025014015 2.8101852e-08 -4.20574041e-08 1
LGIC_C 205 -0.100446829 0.251325115 0.0250139967 9.86805557e-09 -4.96100883e-08 1
LGIC_C 206 0.633878238 -0.391764605 0.0250140162 -3.68002179e-08 2.45891393e-08 1
LGIC_C 207 -0.136539513 -0.457980864 0.025014003 -4.89847109e-08 5.78784581e-08 1
LGIC_C 208 -0.50860426 0.390036002 0.0250140129 -4.82586679e-08 1.31306769e-08 -1
LGIC_C 209 -0.038811078 -0.00894708917 0.0250139889 -1.38908242e-07 -2.76307273e-08 -1
LGIC_C 210 0.058550902 0.237518638 0.0250139956 -9.86806672e-09 -4.96100854e-08 1
LGIC_C 211 0.601740327 -0.165771622 0.02501402 -5.78784275e-08 1.15127558e-08 1
LGIC_C 212 -0.348005909 -0.464326707 0.0250140094 -5.56021111e-08 -1.45571543e-08 -1
LGIC_C 213 0.400319059 -0.408759032 0.0250140117 -2.81018481e-08 4.20574137e-08 1
LGIC_C 214 0.521968018 -0.0921294765 0.0250140067 -4.34088226e-08 8.63456802e-09 1
LGIC_C 215 -0.449834302 -0.0191907429 0.0250140023 -4.34088282e-08 2.70157287e-08 -1
LGIC_C 216 0.170033789 -0.16334332 0.0250139949 -3.05989503e-08 3.95603122e-08 1
LGIC_C 217 0.482266878 -0.41656268 0.0250140195 -3.37890406e-08 4.80634332e-08 1
LGIC_C 218 -0.270550977 0.365558532 0.0250140045 1.31306824e-08 -4.82586643e-08 1
LGIC_C 219 -0.217309161 -0.454955936 0.0250140058 3.95603082e-08 3.05989652e-08 1
LGIC_C 220 -0.710296115 -0.34750838 0.0250140179 3.68002489e-08 2.45891179e-08 1
LGIC_C 221 0.703342837 -0.465312578 0.0128500961 0.827616944 -0.552996408 0.0961517878
LGIC_C 222 -0.572442494 -0.159702124 0.025014007 -4.96100919e-08 2.90231703e-08 -1
LGIC_C 223 0.272001591 0.452535153 0.0250140116 -4.80634192e-08 -3.37890445e-08 1
LGIC_C 224 -0.376308634 0.0787345591 0.0250139996 4.96100851e-08 2.90231542e-08 1
LGIC_C 225 0.195279735 -0.62514482 0.0250140121 -8.63454093e-09 4.34088369e-08 1
LGIC_C 226 0.35058028 -0.251975806 0.0250140023 -3.68002179e-08 2.45891393e-08 1
LGIC_C 227 -0.161925973 0.490365999 0.025014006 8.63455111e-09 -4.34088279e-08 1
LGIC_C 228 0.262277538 -0.315520474 0.0250140019 -1.31306721e-08 4.82586744e-08 1
LGIC_C 229 -0.539200143 -0.0652802299 0.0250140072 4.34088238e-08 8.63459484e-09 1
LGIC_C 230 -0.670502065 -0.265283332 0.0250140052 -4.34088282e-08 2.70157287e-08 -1
LGIC_C 231 0.524421188 0.280647751 0.0250140145 3.37890593e-08 4.80634111e-08 -1
LGIC_C 232 -0.245541271 0.753379251 0.0250140181 8.63455111e-09 -4.34088279e-08 1
LGIC_C 233 0.370049805 0.235618984 0.0250140042 -4.82586616e-08 -1.31306776e-08 1
LGIC_C 234 -0.0775330179 -0.46414225 0.0250140041 8.63456455e-09 4.34088336e-08 1
LGIC_C 235 0.279002293 0.468957185 0.0250140108 -2.81018716e-08 -4.20573923e-08 1
LGIC_C 236 0.328849702 -0.0140424495 0.0250139979 -4.34088182e-08 2.48392526e-08 1
LGIC_C 237 0.685441632 -0.0283638366 0.0250140181 -4.96100802e-08 3.14742968e-08 1
LGIC_C 238 -0.160318687 0.00140302138 0.0250139925 5.7878425e-08 4.89846948e-08 1
LGIC_C 239 0.520908433 -0.299915529 0.0250140136 -4.20573976e-08 2.81018683e-08 1
LGIC_C 240 0.111885752 -0.203787618 0.0250139963 -1.28239349e-08 5.73353226e-08 1
LGIC_C 241 -0.10688662 0.250893095 0.0250139968 2.8101852e-08 -4.20574041e-08 1
LGIC_C 242 0.608340845 -0.303126817 0.0250140183 -3.37890406e-08 4.80634332e-08 1
LGIC_C 243 -0.598773102 0.21391668 0.0250140151 4.96100897e-08 -9.86805572e-09 1
LGIC_C 244 0.58233017 -0.209984841 0.0250140193 -5.78784275e-08 1.15127558e-08 1
LGIC_C 245 -0.465380658 -0.415920356 0.0250140131 1.45571809e-08 5.5602105e-08 1
LGIC_C 246 0.409772676 0.496770399 0.0250140116 -2.45891309e-08 -3.68002211e-08 1
LGIC_C 247 -0.462670119 0.667839048 0.0250140192 2.45891128e-08 -3.68002333e-08 1
LGIC_C 248 0.142319652 -0.137292189 0.0250139918 -3.68002179e-08 2.45891393e-08 1
LGIC_C 249 0.49230148 -0.0374477906 0.0250140088 -4.96100802e-08 3.14742968e-08 1
LGIC_C 250 0.237584708 0.521028051 0.0250140123 -4.80634192e-08 -3.37890445e-08 1
LGIC_C 251 0.0185497436 0.663460221 0.0250140161 -6.33660387e-09 4.96100877e-08 -1
LGIC_C 252 0.137850659 0.628220983 0.0250140188 -3.14742949e-08 -4.96100822e-08 1
LGIC_C 253 0.526847586 0.311662586 0.0250140128 -4.82586616e-08 -1.31306776e-08 1
LGIC_C 254 -0.468511627 0.292397351 0.0250140132 3.37890593e-08 -4.80634052e-08 1
LGIC_C 255 -0.825281673 -0.0248451662 0.0250140184 -4.34088282e-08 2.70157287e-08 -1
LGIC_C 256 -0.300179611 0.553285519 0.025014011 2.45891128e-08 -3.68002333e-08 1
LGIC_C 257 0.316054306 0.319864908 0.0250140028 1.3130701e-08 4.82586573e-08 -1
LGIC_C 258 -0.275242871 0.576123233 0.0250140112 2.45891128e-08 -3.68002333e-08 1
LGIC_C 259 0.276927124 -0.312275625 0.0250140076 -3.27854948e-08 4.90669785e-08 1
LGIC_C 260 -0.0391610683 -0.583243865 0.0250140126 9.8680833e-09 4.96100963e-08 1
LGIC_C 261 0.0948461777 0.573435197 0.025014009 -8.63455884e-09 -4.34088253e-08 1
LGIC_C 262 -0.344682823 0.31286395 0.0250140066 4.20574045e-08 -2.81018523e-08 1
LGIC_C 263 -0.694285844 -0.273453997 0.0250140062 4.96100935e-08 -4.19869172e-08 1
LGIC_C 264 0.48851393 -0.313083138 0.0250140089 -3.68002179e-08 2.45891393e-08 1
LGIC_C 265 0.177818729 0.0311294683 0.0250139924 -4.96100911e-08 -9.86803575e-09 1
LGIC_C 266 -0.135605027 -0.342384494 0.0250140015 2.48392553e-08 4.34088306e-08 1
LGIC_C 267 -0.289853837 -0.249608077 0.0250140013 1.45571809e-08 5.5602105e-08 1
LGIC_C 268 -0.0558478 -0.494133529 0.0250140061 -2.90231482e-08 4.96101036e-08 1
LGIC_C 269 -0.0361518824 0.685313975 0.025014017 -6.33661298e-09 -4.96100859e-08 1
LGIC_C 270 -0.091384498 -0.0972057708 0.0250139908 7.55636799e-08 6.2887973e-09 1
LGIC_C 271 -0.489777777 -0.412182254 0.0250140114 3.68002489e-08 2.45891179e-08 1
LGIC_C 272 -0.39153145 0.303581253 0.0250140062 -4.82586679e-08 1.31306769e-08 -1
LGIC_C 273 0.703820972 -0.0913182368 0.025014016 -4.34088182e-08 2.48392526e-08 1
LGIC_C 274 -0.334723756 0.402290055 0.0250140063 2.45891128e-08 -3.68002333e-08 1
LGIC_C 275 0.0405275196 -0.565279904 0.025014011 6.33663526e-09 4.9610097e-08 1
LGIC_C 276 -0.10620432 -0.437410438 0.0250140018 -2.90231482e-08 4.96101036e-08 1
LGIC_C 277 0.638195756 -0.0682145534 0.025014017 -4.96100802e-08 3.14742968e-08 1
LGIC_C 278 0.299975732 0.279554457 0.0250140012 -3.68002282e-08 -2.45891172e-08 1
LGIC_C 279 0.0719307923 -0.0863939337 0.0250139882 -2.45891087e-08 3.68002429e-08 1
LGIC_C 280 -0.282661767 -0.118999886 0.025013994 1.45571809e-08 5.5602105e-08 1
LGIC_C 281 0.333878385 0.625684403 0.0250140204 -4.80634192e-08 -3.37890445e-08 1
LGIC_C 282 -0.289905296 -0.48770905 0.0250140096 3.95603082e-08 3.05989652e-08 1
LGIC_C 283 -0.246230356 -0.498393806 0.025014005 7.55636799e-08 6.2887973e-09 1
LGIC_C 284 0.20242832 -0.753389064 0.0250140177 -8.63454093e-09 4.34088369e-08 1
LGIC_C 285 -0.233087629 0.53903488 0.0250140174 3.27854968e-08 -4.90669676e-08 1
LGIC_C 286 -0.497470654 0.0135224807 0.0250140075 4.96100851e-08 2.90231542e-08 1
LGIC_C 287 -0.0635493619 -0.12698658 0.0250139895 2.45891453e-08 3.68002268e-08 1
LGIC_C 288 0.0425829495 -0.342722167 0.025014 6.33663526e-09 4.9610097e-08 1
LGIC_C 289 -0.019691329 -0.0153920423 0.0250139842 1.15916899e-08 4.97976879e-08 1
LGIC_C 290 -0.36780294 -0.518545109 0.0250140154 2.81018674e-08 4.20574117e-08 1
LGIC_C 291 -0.489107856 0.415186959 0.0250140115 3.68002297e-08 -2.45891157e-08 1
LGIC_C 292 0.436964294 0.469530145 0.0250140153 -2.81018716e-08 -4.20573923e-08 1
LGIC_C 293 -0.630391606 -0.0307989546 0.0250140137 -4.96100919e-08 2.90231703e-08 -1
LGIC_C 294 0.0477268975 -0.175689295 0.0250139939 -1.15127059e-08 5.78784511e-08 1
LGIC_C 295 -0.149783944 0.138025691 0.0250139946 6.28881943e-09 -7.55636452e-08 1
LGIC_C 296 0.521620139 0.274228152 0.0250140129 -4.20574004e-08 -2.81018564e-08 1
LGIC_C 297 0.0577397086 0.308491158 0.0250139972 -8.63455884e-09 -4.34088253e-08 1
LGIC_C 298 0.0376262785 -0.512590006 0.025014009 -9.86804037e-09 4.96101e-08 1
LGIC_C 299 -0.0968661993 -0.303157765 0.0250139992 9.8680833e-09 4.96100963e-08 1
LGIC_C 300 0.390826348 -0.0261537165 0.0250140008 -4.34088182e-08 2.48392526e-08 1
LGIC_C 301 0.0974693269 0.371951788 0.0250140002 -8.63455884e-09 -4.34088253e-08 1
LGIC_C 302 0.365307901 0.350799839 0.0250140085 -4.20574004e-08 -2.81018564e-08 1
LGIC_C 303 -0.0479539985 0.323246898 0.0250139998 9.86805557e-09 -4.96100883e-08 1
LGIC_C 304 -0.17952432 0.404471896 0.0250140051 1.31306824e-08 -4.82586643e-08 1
LGIC_C 305 -0.451347412 0.209700025 0.025014005 3.68002297e-08 -2.45891157e-08 1
LGIC_C 306 0.191137016 0.108715046 0.0250139949 3.37890593e-08 4.80634111e-08 -1
LGIC_C 307 -0.419790476 0.269712766 0.0250140071 -4.82586679e-08 1.31306769e-08 -1
LGIC_C 308 0.633297751 -0.267519796 0.0250140131 -3.68002179e-08 2.45891393e-08 1
LGIC_C 309 0.148681265 0.126841883 0.0250139918 -3.68002282e-08 -2.45891172e-08 1
LGIC_C 310 0.0647046626 0.795569015 0.0250140184 -8.63455884e-09 -4.34088253e-08 1
LGIC_C 311 0.564807441 0.584470163 0.0250140186 -2.45891309e-08 -3.68002211e-08 1
LGIC_C 312 0.331300724 0.229440352 0.0250140036 -4.20574004e-08 -2.81018564e-08 1
LGIC_C 313 0.643393036 0.354780585 0.0250140156 -3.68002282e-08 -2.45891172e-08 1
LGIC_C 314 -0.241076219 0.484312536 0.025014007 2.45891128e-08 -3.68002333e-08 1
LGIC_C 315 -0.0822580034 0.0129279083 0.0250139875 4.96100897e-08 -9.86805572e-09 1
LGIC_C 316 -0.238599972 -0.205930266 0.0250140003 6.28883752e-09 7.55636663e-08 1
LGIC_C 317 -0.394544035 -0.189350613 0.0250140024 3.68002489e-08 2.45891179e-08 1
LGIC_C 318 -0.171180559 -0.361830099 0.025013998 -5.56021111e-08 -1.45571543e-08 -1
LGIC_C 319 -0.5459351 -0.0478963962 0.0250140057 -4.34088282e-08 2.70157287e-08 -1
LGIC_C 320 0.432919839 0.595292106 0.0250140205 -2.81018716e-08 -4.20573923e-08 1
LGIC_C 321 0.61331333 -0.318100819 0.0250140192 -3.37890406e-08 4.80634332e-08 1
LGIC_C 322 0.571163309 0.203356511 0.0250140186 -5.78784335e-08 -1.15127284e-08 1
LGIC_C 323 -0.310189708 -0.656052901 0.0250140196 2.81018674e-08 4.20574117e-08 1
LGIC_C 324 0.00974839324 0.726551718 0.0250140192 -6.33660387e-09 4.96100877e-08 -1
LGIC_C 325 0.431274013 0.645127962 0.0250140176 -2.45891309e-08 -3.68002211e-08 1
LGIC_C 326 0.190994326 0.66633716 0.0250140151 -6.33660387e-09 4.96100877e-08 -1
LGIC_C 327 -0.309382374 -0.0228089179 0.025013998 -4.96100919e-08 2.90231703e-08 -1
LGIC_C 328 -0.432618807 0.0319082642 0.0250140028 4.34088279e-08 -2.48392273e-08 1
LGIC_C 329 0.652767697 -0.185164762 0.0250140174 -4.96100859e-08 9.86807898e-09 1
LGIC_C 330 0.367533619 -0.0300753279 0.0250140024 -4.96100802e-08 3.14742968e-08 1
LGIC_C 331 0.257774198 -0.0701541609 0.0250139962 -4.34088182e-08 2.48392526e-08 1
LGIC_C 332 -0.0107148171 -0.344185473 0.0250140004 9.8680833e-09 4.96100963e-08 1
LGIC_C 333 0.48637888 0.176836274 0.0250140059 -4.34088272e-08 -8.63453573e-09 1
LGIC_C 334 0.261860821 0.807924329 0.00400876787 0.194186548 0.976240951 0.0961519121
LGIC_C 335 0.190122693 0.631701736 0.0250140134 -6.33660387e-09 4.96100877e-08 -1
LGIC_C 336 -0.756486851 0.0310639262 0.0250140169 4.34088279e-08 -2.48392273e-08 1
LGIC_C 337 -0.0719352058 -0.00197436538 0.0250139868 4.96100935e-08 -4.19869172e-08 1
LGIC_C 338 -0.169560802 0.288231653 0.025013998 2.45891128e-08 -3.68002333e-08 1
LGIC_C 339 0.17854341 -0.248777509 0.0250139976 -1.31306721e-08 4.82586744e-08 1
LGIC_C 340 -0.276257848 0.625246854 0.0250140173 2.8101852e-08 -4.20574041e-08 1
LGIC_C 341 -0.0360178736 -0.693052163 0.0250140136 8.63456455e-09 4.34088336e-08 1
LGIC_C 342 -0.859022021 -0.00882605345 -0.00403994719 -0.976240825 -0.194187339 0.0961515894
LGIC_C 343 0.278010348 0.448845243 0.0250140086 1.3130701e-08 4.82586573e-08 -1
LGIC_C 344 -0.147540463 0.022025236 0.0250139907 5.7878425e-08 4.89846948e-08 1
LGIC_C 345 -0.0890668119 -0.0929316636 0.0250139906 7.55636799e-08 6.2887973e-09 1
LGIC_C 346 0.364582665 0.34472478 0.0250140051 -3.68002282e-08 -2.45891172e-08 1
LGIC_C 347 0.448335482 -0.204433088 0.0250140119 -4.90669481e-08 3.27855328e-08 1
LGIC_C 348 -0.128025582 -0.63357244 0.0250140159 9.8680833e-09 4.96100963e-08 1
LGIC_C 349 -0.121268472 -0.571350411 0.025014008 -2.90231482e-08 4.96101036e-08 1
LGIC_C 350 -0.215651962 0.383854858 0.0250140027 2.45891128e-08 -3.68002333e-08 1
LGIC_C 351 -0.115050431 0.0740795212 0.0250139907 3.37890593e-08 -4.80634052e-08 1
LGIC_C 352 -0.162258398 -0.373151474 0.0250140011 3.95603082e-08 3.05989652e-08 1
LGIC_C 353 -0.302808642 0.131231503 0.0250139997 4.20574045e-08 -2.81018523e-08 1
LGIC_C 354 0.186476259 0.224308976 0.0250139979 -2.81018716e-08 -4.20573923e-08 1
LGIC_C 355 0.0865344193 -0.512299145 0.025014012 1.00935263e-08 5.7878447e-08 1
LGIC_C 356 0.134503963 0.768139325 0.0250140178 -8.63455884e-09 -4.34088253e-08 1
LGIC_C 357 0.738521864 0.181484504 0.0250140187 -4.96100869e-08 6.3366408e-09 1
LGIC_C 358 0.067813897 -0.0551262723 0.0250139884 -4.90669481e-08 3.27855328e-08 1
LGIC_C 359 -0.186554897 0.170608314 0.0250139973 6.28881943e-09 -7.55636452e-08 1
LGIC_C 360 -0.489100062 0.416877635 0.0250140115 3.68002297e-08 -2.45891157e-08 1
LGIC_C 361 0.591360406 -0.140183786 0.025014014 -4.96100859e-08 9.86807898e-09 1
LGIC_C 362 -0.399786128 -0.112124011 0.0250139999 -4.96100919e-08 2.90231703e-08 -1
LGIC_C 363 -0.429347802 0.387890353 0.0250140122 4.20574045e-08 -2.81018523e-08 1
LGIC_C 364 0.0870072443 0.166470413 0.0250139943 -3.27855134e-08 -4.90669575e-08 1
LGIC_C 365 0.620553074 -0.301548248 0.0250140178 -4.20573976e-08 2.81018683e-08 1
LGIC_C 366 -0.264783873 -0.670223066 0.0250140189 2.48392553e-08 4.34088306e-08 1
LGIC_C 367 0.412608498 -0.140889692 0.0250140046 -4.34088182e-08 2.48392526e-08 1
LGIC_C 368 -0.113924598 -0.294096359 0.0250139988 2.48392553e-08 4.34088306e-08 1
LGIC_C 369 -0.0713369452 -0.612340174 0.0250140115 -2.90231482e-08 4.96101036e-08 1
LGIC_C 370 -0.410594918 -0.531097296 0.0250140129 2.45891453e-08 3.68002268e-08 1
LGIC_C 371 0.187218233 0.111165888 0.0250139929 -3.68002282e-08 -2.45891172e-08 1
LGIC_C 372 -0.0701097204 0.443140143 0.0250140031 8.63455111e-09 -4.34088279e-08 1
LGIC_C 373 -0.541987103 0.528357529 0.0250140162 3.68002297e-08 -2.45891157e-08 1
LGIC_C 374 0.115127556 -0.266609401 0.0250139976 -1.31306721e-08 4.82586744e-08 1
LGIC_C 375 0.188942191 -0.586382732 0.0250140153 1.00935263e-08 5.7878447e-08 1
LGIC_C 376 0.462928489 0.398832701 0.0250140139 -4.20574004e-08 -2.81018564e-08 1
LGIC_C 377 0.302367495 0.17987961 0.0250139988 -3.68002282e-08 -2.45891172e-08 1
LGIC_C 378 -0.64749103 0.0706487065 0.0250140133 4.96100851e-08 2.90231542e-08 1
LGIC_C 379 -0.0723340441 -0.467871277 0.0250140072 9.8680833e-09 4.96100963e-08 1
LGIC_C 380 0.108137256 0.618618187 0.025014015 -9.86806672e-09 -4.96100854e-08 1
LGIC_C 381 0.00833339483 0.634098476 0.0250140147 -6.33660387e-09 4.96100877e-08 -1
LGIC_C 382 0.574229798 -0.274446639 0.0250140158 -3.37890406e-08 4.80634332e-08 1
LGIC_C 383 0.285736473 -0.475357399 0.0250140159 -3.27854948e-08 4.90669785e-08 1
LGIC_C 384 -0.46767443 -0.398389912 0.0250140163 6.28883752e-09 7.55636663e-08 1
LGIC_C 385 0.607269256 0.0615406634 0.0250140191 -5.78784335e-08 -1.15127284e-08 1
LGIC_C 386 0.55462625 -0.423897441 0.0250140141 -3.68002179e-08 2.45891393e-08 1
LGIC_C 387 0.538761295 -0.252625998 0.0250140136 -3.37890406e-08 4.80634332e-08 1
LGIC_C 388 -0.0537024303 0.486814031 0.0250140079 9.86805557e-09 -4.96100883e-08 1
LGIC_C 389 0.406021886 -0.331883468 0.0250140096 -4.20573976e-08 2.81018683e-08 1
LGIC_C 390 0.559625335 0.0340443411 0.0250140108 -4.96100869e-08 6.3366408e-09 1
LGIC_C 391 -0.211962737 0.144103597 0.0250139974 3.37890593e-08 -4.80634052e-08 1
LGIC_C 392 -0.182304718 -0.599155333 0.0250140077 -2.90231482e-08 4.96101036e-08 1
LGIC_C 393 0.00895771156 -0.324991688 0.0250139974 -8.63454093e-09 4.34088369e-08 1
LGIC_C 394 0.417385649 0.64586879 0.0250140173 -2.45891309e-08 -3.68002211e-08 1
LGIC_C 395 0.327790864 0.46933753 0.0250140102 1.3130701e-08 4.82586573e-08 -1
LGIC_C 396 0.240763901 0.430416229 0.0250140072 1.3130701e-08 4.82586573e-08 -1
LGIC_C 397 -0.632515262 0.209040297 0.0250140125 4.34088259e-08 -8.63455061e-09 1
LGIC_C 398 -0.573893644 0.238865836 0.0250140141 3.37890593e-08 -4.80634052e-08 1
LGIC_C 399 0.563309098 -0.154988339 0.025014016 -4.96100802e-08 3.14742968e-08 1
