VGCC_O 5 0.113746944 -0.0200409323 0.0466929896 -1.01287282e-06 -1.51427976e-07 -1
VGCC_O 9 0.0953603447 -0.018533153 0.0466930096 -1.14792244e-06 -1.24564753e-07 -1
VGCC_O 4 -0.108229728 0.00324736392 0.0466932869 -8.10297798e-07 1.61178104e-07 -1
CaBS 10 0.105555535 -0.0123686396 0.0532738381 0.329239702 0.132369043 -0.934922272
CaBS 11 0.106179734 -0.0193584171 0.0529447598 -0.333750671 -0.131704002 -0.933415527
CaBS 12 0.122512426 -0.0192225334 0.0692662053 0.999896301 0.01419805 -0.0024089266
CaBS 13 0.111998731 -0.0178597939 0.0547654029 0.329239702 0.132369043 -0.934922272
CaBS 14 0.122514552 -0.0182494794 0.0758838494 0.999896301 0.01419805 -0.0024089266
CaBS 15 0.0927650154 -0.018532257 0.0791329631 -0.748611723 0.322508223 0.579283121
CaBS 16 0.113773129 -0.00309747023 0.0709799623 0.735818353 0.677177225 -0.00153536905
CaBS 17 0.115720875 -0.0120319628 0.0569013045 0.329239702 0.132369043 -0.934922272
CaBS 18 0.105881398 -0.0053351177 0.0802105075 0.324116486 0.74980293 0.576839726
CaBS 19 0.109386888 -0.0116807077 0.0847678531 0.333750516 0.131703927 0.933415593
CaBS 20 0.104099851 -0.0330654466 0.0621529243 -0.324116536 -0.749802846 -0.576839807
CaBS 21 0.118160625 -0.0315327669 0.0673524615 0.344822999 -0.867728964 -0.357971429
CaBS 22 0.0940925668 -0.015758248 0.0793041744 -0.748611723 0.322508223 0.579283121
CaBS 23 0.0907577676 -0.0217273771 0.0688683738 -0.999896295 -0.0141984568 0.00240892729
CaBS 24 0.101513694 -0.00770233492 0.0570773424 -0.346545998 0.867982935 -0.355684546
CaBS 25 -0.110844126 0.0249348566 0.0658101727 -0.34654601 0.867982945 -0.355684509
CaBS 26 -0.092601415 0.00857333806 0.057707542 0.74861179 -0.322508554 -0.579282851
CaBS 28 -0.0936361252 0.0240898913 0.0720607976 0.735818381 0.677177195 -0.00153536913
CaBS 29 -0.0981233583 0.0117115317 0.0546617132 0.329239713 0.132369034 -0.93492227
CaBS 31 -0.0943036725 0.0113220129 0.0559516943 0.329239713 0.132369034 -0.93492227
CaBS 38 -0.093624581 0.0219771085 0.0778077895 0.324116492 0.749802901 0.576839761
CaBS 39 -0.0895849167 0.010388159 0.0788707457 0.75139969 -0.322919491 0.575431584
Ca 6 0.134650362 0.350320276 0.246046167 0 0 0
Ca 8 -0.139079246 0.440291973 0.608240247 0 0 0
Ca 4 0.202649146 0.304122144 0.242966226 0 0 0
Ca 8 -0.00590129554 -0.0416714722 0.278368913 0 0 0
Ca 7 0.0777694605 0.411177688 0.587190666 0 0 0
Ca 2 -0.186699796 0.27975803 0.695359675 0 0 0
Ca 1 0.484113351 0.546164723 0.204944 0 0 0
Ca 7 -0.0670250323 0.0629169007 0.829999269 0 0 0
Ca 6 0.313945647 0.532717194 0.70937907 0 0 0
Ca 7 -0.442758721 -0.301805479 0.650330533 0 0 0
Ca 6 0.25904009 -0.0418554641 0.183450595 0 0 0
Ca 8 -0.480616524 0.435035267 0.625343076 0 0 0
Ca 4 0.223741418 -0.410497568 0.384662839 0 0 0
Ca 7 0.0543126109 0.433058654 0.0863306497 0 0 0
Ca 3 0.0434644157 0.0531296825 0.34474479 0 0 0
Ca 1 -0.62235334 0.252524297 0.349219219 0 0 0
Ca 6 0.00119579396 -0.128129219 0.891459761 0 0 0
Ca 6 0.0983584333 -0.227884417 0.717397907 0 0 0
Ca 1 -0.37065866 -0.203767925 0.570996509 0 0 0
Ca 4 0.235889895 -0.744256818 0.449339259 0 0 0
Ca 1 -0.0520864774 -0.0105842204 0.232307717 0 0 0
Ca 8 0.154755094 0.421101586 0.362369299 0 0 0
Ca 4 -0.240321931 0.180268289 0.175901122 0 0 0
Ca 1 0.164422135 0.311339253 0.756779117 0 0 0
Ca 4 0.134316173 0.288513679 0.405465512 0 0 0
Ca 4 -0.544633376 0.150398153 0.277603915 0 0 0
Ca 8 -0.108269157 -0.0571662436 0.277957555 0 0 0
Ca 7 0.00945619477 0.199709893 0.299042624 0 0 0
Ca 6 -0.115758562 0.0363068632 0.199224452 0 0 0
Ca 7 0.0011225195 0.0454315205 0.303761657 0 0 0
Ca 1 -0.174973186 -0.173770118 0.358822453 0 0 0
Ca 4 -0.40117149 -0.676909956 0.228189408 0 0 0
Ca 6 -0.178648209 -0.174725131 0.526168535 0 0 0
Ca 1 -0.246123663 0.515737467 0.54918499 0 0 0
Ca 8 -0.209304857 -0.414898013 0.29271899 0 0 0
Ca 1 0.190280289 0.358775561 0.603638397 0 0 0
Ca 8 0.0518789866 -0.437095706 0.303796076 0 0 0
Ca 1 -0.060487632 0.38236438 0.0605721144 0 0 0
Ca 6 0.36037449 -0.240551913 0.514869908 0 0 0
Ca 8 0.0735161615 0.27879151 0.438854668 0 0 0
Ca 6 -0.306841832 -0.330234758 0.314580702 0 0 0
Ca 7 -0.3278478 0.156686105 0.339660679 0 0 0
Ca 7 -0.133873533 -0.0146452838 0.350900587 0 0 0
Ca 4 -0.251979981 0.497175411 0.339659559 0 0 0
Ca 7 -0.0702625302 -0.180647215 0.341120618 0 0 0
Ca 1 -0.57742202 0.274252477 0.221066095 0 0 0
Ca 4 -0.0576711194 -0.049334225 0.297401024 0 0 0
Ca 6 -0.346647277 0.0264107958 0.20778309 0 0 0
Ca 1 -0.332422623 0.504369705 0.463882036 0 0 0
Ca 4 -0.036321711 0.139239485 0.313203989 0 0 0
Ca 7 -0.42584947 0.514113646 0.200757172 0 0 0
Ca 1 -0.498420802 0.121823907 0.171988498 0 0 0
Ca 4 -0.254000618 0.421429564 0.133331615 0 0 0
Ca 1 -0.0915743098 0.297538994 0.516491949 0 0 0
Ca 8 -0.481346408 -0.0467900786 0.48052392 0 0 0
Ca 1 -0.326649888 0.00805982141 0.287132581 0 0 0
Ca 4 0.0644165359 -0.2007029 0.0912453931 0 0 0
Ca 8 -0.328138208 0.00693895229 0.0692850804 0 0 0
Ca 7 -0.211842467 -0.196040575 0.663763917 0 0 0
Ca 8 -0.119947743 0.361829634 0.069507188 0 0 0
Ca 1 -0.512783755 -0.0166215759 0.440052673 0 0 0
Ca 8 -0.139849525 0.630787545 0.236919013 0 0 0
Ca 6 -0.270094468 -0.340719687 0.366462976 0 0 0
Ca 6 -0.386336557 0.274820205 0.0978643798 0 0 0
Ca 8 -0.432102427 0.209328256 0.191862318 0 0 0
Ca 8 0.14029472 0.109255553 0.208096081 0 0 0
Ca 8 -0.0914550808 -0.111623173 0.156405366 0 0 0
Ca 4 -0.0415683984 -0.072301412 0.495951603 0 0 0
Ca 4 -0.231573362 -0.190240542 0.340936405 0 0 0
Ca 6 -0.257764159 -0.0843407717 0.0748284873 0 0 0
Ca 6 0.0594831029 0.454204646 0.230047371 0 0 0
Ca 6 -0.0642587146 -0.00039755275 0.313958357 0 0 0
Ca 1 0.0738049018 0.317223843 0.38400269 0 0 0
Ca 1 -0.277118578 0.210906907 0.156697388 0 0 0
Ca 6 0.194330649 -0.085737701 0.154381558 0 0 0
Ca 8 -0.202525603 0.0835471577 0.302059506 0 0 0
Ca 6 -0.098290662 -0.0362581751 0.281969766 0 0 0
Ca 7 -0.340702295 0.0895709793 0.383345156 0 0 0
Ca 8 -0.35667572 0.0461456937 0.0532048678 0 0 0
Ca 4 -0.337785185 0.161623855 0.237674251 0 0 0
Ca 6 0.0593747637 0.21139715 0.0944473634 0 0 0
Ca 1 -0.554591713 0.132205986 0.169709666 0 0 0
Ca 7 -0.318913232 0.106033111 0.348438961 0 0 0
Ca 4 0.00461413707 0.122333945 0.0827167376 0 0 0
Ca 1 -0.171920862 0.321853121 0.281858889 0 0 0
Ca 8 -0.1601202 0.00821563731 0.145743494 0 0 0
Ca 6 -0.358452538 0.318995268 0.108091305 0 0 0
Ca 7 -0.309094154 -0.0104389214 0.0653294479 0 0 0
Ca 1 -0.255982096 0.0666046363 0.0635457256 0 0 0
Ca 6 -0.0278997234 0.126773691 0.195312224 0 0 0
Ca 7 -0.0942019148 -0.178086117 0.222406843 0 0 0
Ca 7 -0.147653905 0.0519750515 0.0878448211 0 0 0
Ca 8 -0.0868318296 -0.0935161716 0.0525499885 0 0 0
Ca 6 -0.140450582 0.166310602 0.0520144969 0 0 0
Ca 8 -0.0652799157 -0.0199972669 0.105034833 0 0 0
Ca 7 -0.121879137 0.0725979734 0.05251284 0 0 0
Ca 6 -0.0947168625 0.0202682291 0.046660503 0 0 0
Ca 8 -0.135040501 0.0213689618 0.0466778595 0 0 0
VGCC_O 0 0.11238887 -0.0311459409 0.0466929927 -1.01287282e-06 -1.51427976e-07 -1
VGCC_O 6 -0.12622171 0.0241576588 0.046693322 -1.62059677e-06 3.22356891e-07 -1
VGCC_O 1 -0.126159285 0.0151063295 0.0466933189 -1.62059625e-06 3.22356338e-07 -1
VGCC_O 7 -0.137449801 0.00579357966 0.0466933342 -1.62059625e-06 3.22356338e-07 -1
VGCC_O 8 -0.134706799 0.0161271258 0.0466933331 -1.62059677e-06 3.22356891e-07 -1
VGCC_O 3 0.0772568984 -0.00428239309 0.046693036 -1.41802159e-06 2.82063681e-07 -1
VGCC_O 2 0.119933892 -0.04777957 0.0466929781 -1.41802115e-06 2.82063236e-07 -1
TAG 41 -0.105784995 0.0105052503 0.0536665039 -0.333750681 -0.131703993 -0.933415524
TAG 55 -0.119337383 0.0151637023 0.0699872324 -0.999896295 -0.0141984574 0.00240892698
TAG 54 -0.104785227 0.0261860029 0.076486355 -0.344822968 0.867728888 0.357971643
TAG 53 -0.089146311 -0.000197085518 0.0670554248 0.74861179 -0.322508554 -0.579282851
TAG 52 -0.119278263 0.0119799944 0.0757618237 -0.999896295 -0.0141984574 0.00240892698
TAG 51 -0.102448777 0.00747370566 0.0865367572 -0.329239868 -0.132369105 0.934922205
TAG 45 -0.113699624 0.0170707545 0.0588716642 -0.751399624 0.322919173 -0.575431849
TAG 44 -0.11923843 0.00668793202 0.0611035411 -0.999896295 -0.0141984574 0.00240892698
LGIC_C 0 0.521429553 0.237084206 0.0250140123 3.37890593e-08 4.80634111e-08 -1
LGIC_C 1 -0.357370339 0.0442464385 0.0250139992 4.34088259e-08 -8.63455061e-09 1
LGIC_C 2 -0.576770822 0.0830986466 0.0250140127 4.96100897e-08 -9.86805572e-09 1
LGIC_C 3 0.243756607 -0.652090004 0.025014018 -9.86804037e-09 4.96101e-08 1
LGIC_C 4 -0.405034935 -0.230860873 0.0250140032 6.28883752e-09 7.55636663e-08 1
LGIC_C 5 0.0369638342 -0.531295736 0.0250140136 1.00935263e-08 5.7878447e-08 1
LGIC_C 6 -0.31963475 0.462420147 0.0250140139 1.28239438e-08 -5.73353116e-08 1
LGIC_C 7 -0.691353338 0.427517764 0.0250140192 3.68002297e-08 -2.45891157e-08 1
LGIC_C 8 -0.184375455 0.273964112 0.0250139979 2.45891128e-08 -3.68002333e-08 1
LGIC_C 9 -0.450213664 -0.258438919 0.0250140056 6.28883752e-09 7.55636663e-08 1
LGIC_C 10 -0.414610546 -0.606620545 0.0250140182 3.95603082e-08 3.05989652e-08 1
LGIC_C 11 0.13790475 0.561098875 0.0250140102 -6.33660387e-09 4.96100877e-08 -1
LGIC_C 12 0.377774478 0.166126445 0.0250140072 -4.90669739e-08 -3.27854893e-08 1
LGIC_C 13 0.727362907 -0.102662648 0.0250140203 -4.96100859e-08 9.86807898e-09 1
LGIC_C 14 0.658396032 0.25070963 0.0250140143 -4.96100869e-08 6.3366408e-09 1
LGIC_C 15 -0.462932039 -0.35002849 0.0250140084 5.39043203e-09 6.47688584e-08 1
LGIC_C 16 0.642397066 -0.162405621 0.0250140167 -4.96100859e-08 9.86807898e-09 1
LGIC_C 17 -0.535240553 0.34869229 0.0250140137 -4.82586679e-08 1.31306769e-08 -1
LGIC_C 18 0.297951153 -0.482561575 0.0250140119 -2.81018481e-08 4.20574137e-08 1
LGIC_C 19 -0.328536257 0.263832876 0.0250140071 3.37890593e-08 -4.80634052e-08 1
LGIC_C 20 0.111609153 -0.420788696 0.0250140089 -1.15127059e-08 5.78784511e-08 1
LGIC_C 21 -0.0125013014 -0.156217612 0.0250139906 -2.90231482e-08 4.96101036e-08 1
LGIC_C 22 0.144398508 0.601322727 0.0250140145 -9.86806672e-09 -4.96100854e-08 1
LGIC_C 23 -0.433847936 0.39983342 0.0250140091 3.68002297e-08 -2.45891157e-08 1
LGIC_C 24 0.117419898 0.442003249 0.0250140063 -9.86806672e-09 -4.96100854e-08 1
LGIC_C 25 0.378181113 0.00197227833 0.0250139997 -4.34088272e-08 -8.63453573e-09 1
LGIC_C 26 -0.0462778364 0.27853776 0.0250139999 1.15127271e-08 -5.78784352e-08 1
LGIC_C 27 -0.259867364 0.517938341 0.0250140172 3.27854968e-08 -4.90669676e-08 1
LGIC_C 28 0.701501906 0.111525968 0.0250140147 -4.34088272e-08 -8.63453573e-09 1
LGIC_C 29 -0.613222649 -0.10590897 0.0250140136 5.7878436e-08 -4.89847332e-08 1
LGIC_C 30 0.659696428 0.152323992 0.025014015 -4.96100869e-08 6.3366408e-09 1
LGIC_C 31 -0.396763178 -0.409468813 0.0250140115 3.95603082e-08 3.05989652e-08 1
LGIC_C 32 0.0756903859 0.089396873 0.0250139891 -2.81018716e-08 -4.20573923e-08 1
LGIC_C 33 -0.0268950956 0.632873027 0.025014011 8.63455111e-09 -4.34088279e-08 1
LGIC_C 34 0.25948785 -0.493737154 0.025014016 -3.27854948e-08 4.90669785e-08 1
LGIC_C 35 -0.166666385 -0.516131421 0.025014004 -2.90231482e-08 4.96101036e-08 1
LGIC_C 36 0.535334048 -0.616050757 0.0250140191 -2.45891087e-08 3.68002429e-08 1
LGIC_C 37 0.11962122 0.785430428 0.0250140184 -8.63455884e-09 -4.34088253e-08 1
LGIC_C 38 0.73230276 -0.323294837 0.0250140184 -3.05989503e-08 3.95603122e-08 1
LGIC_C 39 0.695871479 0.311803281 0.0250140165 -3.68002282e-08 -2.45891172e-08 1
LGIC_C 40 -0.682383129 0.0347101158 0.0250140138 4.34088279e-08 -2.48392273e-08 1
LGIC_C 41 -0.528109218 0.607392321 0.0250140186 2.45891128e-08 -3.68002333e-08 1
LGIC_C 42 -0.272114059 -0.661983954 0.0250140143 8.63456455e-09 4.34088336e-08 1
LGIC_C 43 -0.545715379 -0.503388649 0.0250140146 1.15916899e-08 4.97976879e-08 1
LGIC_C 44 0.359557288 0.566362158 0.0250140153 1.3130701e-08 4.82586573e-08 -1
LGIC_C 45 0.00946383145 -0.256977297 0.0250139959 6.33663526e-09 4.9610097e-08 1
LGIC_C 46 -0.212492514 -0.210100593 0.025013998 5.39043203e-09 6.47688584e-08 1
LGIC_C 47 0.503296669 -0.188938426 0.0250140145 -5.78784275e-08 1.15127558e-08 1
LGIC_C 48 -0.0930989291 -0.374364233 0.0250140003 8.63456455e-09 4.34088336e-08 1
LGIC_C 49 -0.502437867 -0.188736731 0.0250140067 4.34088238e-08 8.63459484e-09 1
LGIC_C 50 0.231572082 -0.326153795 0.0250140068 -3.27854948e-08 4.90669785e-08 1
LGIC_C 51 -0.562350191 -0.00131281104 0.0250140077 4.34088238e-08 8.63459484e-09 1
LGIC_C 52 0.641734394 -0.186224857 0.0250140157 -4.34088182e-08 2.48392526e-08 1
LGIC_C 53 0.331118045 -0.0724292626 0.0250139994 -4.34088182e-08 2.48392526e-08 1
LGIC_C 54 -0.0466991292 -0.223519878 0.0250139939 -4.89847109e-08 5.78784581e-08 1
LGIC_C 55 0.386354057 0.47960426 0.0250140104 -2.45891309e-08 -3.68002211e-08 1
LGIC_C 56 -0.11431373 -0.214813333 0.0250139927 -5.56021111e-08 -1.45571543e-08 -1
LGIC_C 57 -0.0860154901 0.424227821 0.025014007 -3.14742797e-08 4.96100914e-08 -1
LGIC_C 58 0.463335927 -0.0920136018 0.0250140056 -4.34088182e-08 2.48392526e-08 1
LGIC_C 59 -0.455725883 -0.22487859 0.0250140024 1.45571809e-08 5.5602105e-08 1
LGIC_C 60 0.0725356919 0.524126434 0.0250140115 -3.14742949e-08 -4.96100822e-08 1
LGIC_C 61 -0.395491341 0.332415766 0.0250140092 4.20574045e-08 -2.81018523e-08 1
LGIC_C 62 -0.0277040842 0.402428578 0.0250140041 -3.14742797e-08 4.96100914e-08 -1
LGIC_C 63 0.205879833 -0.0508551946 0.0250139939 -4.96100859e-08 9.86807898e-09 1
LGIC_C 64 -0.244254453 0.00567367097 0.0250139971 5.7878425e-08 4.89846948e-08 1
LGIC_C 65 0.00371428987 0.298027222 0.0250139981 -9.86806672e-09 -4.96100854e-08 1
LGIC_C 66 -0.260755433 -0.338710795 0.0250140021 2.45891453e-08 3.68002268e-08 1
LGIC_C 67 -0.463441266 0.435974618 0.0250140191 6.28881943e-09 -7.55636452e-08 1
LGIC_C 68 -0.665433695 -0.1227668 0.0250140088 -4.34088282e-08 2.70157287e-08 -1
LGIC_C 69 -0.718129729 -0.369956608 0.0250140188 3.68002489e-08 2.45891179e-08 1
LGIC_C 70 -0.0198193046 0.393810802 0.0250140005 8.63455111e-09 -4.34088279e-08 1
LGIC_C 71 0.527218582 0.127779978 0.0250140152 -5.78784335e-08 -1.15127284e-08 1
LGIC_C 72 0.157696222 0.389601974 0.0250140016 -6.33660387e-09 4.96100877e-08 -1
LGIC_C 73 0.000626851651 0.00113100857 0.0250139833 -1.15127423e-08 -5.78784318e-08 1
LGIC_C 74 0.505415271 0.500407061 0.0250140142 -4.82586616e-08 -1.31306776e-08 1
LGIC_C 75 0.499618677 -0.612368294 0.0250140181 -2.45891087e-08 3.68002429e-08 1
LGIC_C 76 -0.659900163 0.0853833043 0.0250140135 4.96100851e-08 2.90231542e-08 1
LGIC_C 77 0.336367723 -0.225719763 0.0250140024 -3.05989503e-08 3.95603122e-08 1
LGIC_C 78 0.241086761 0.38923686 0.0250140103 -3.27855134e-08 -4.90669575e-08 1
LGIC_C 79 -0.580823351 -0.258207652 0.0250140028 1.15916899e-08 4.97976879e-08 1
LGIC_C 80 0.712870558 -0.0456771218 0.0250140146 -4.34088226e-08 8.63456802e-09 1
LGIC_C 81 0.0706822728 0.688544281 0.025014017 -6.33660387e-09 4.96100877e-08 -1
LGIC_C 82 0.487285528 -0.308301887 0.0250140103 -3.05989503e-08 3.95603122e-08 1
LGIC_C 83 -0.359109515 0.238199516 0.0250140037 -4.82586679e-08 1.31306769e-08 -1
LGIC_C 84 0.225546575 0.531158136 0.0250140119 1.3130701e-08 4.82586573e-08 -1
LGIC_C 85 -0.0732740864 0.113507133 0.0250139907 1.28239438e-08 -5.73353116e-08 1
LGIC_C 86 0.566360957 -0.318414232 0.0250140177 -3.37890406e-08 4.80634332e-08 1
LGIC_C 87 -0.314900462 -0.246120188 0.0250140015 1.45571809e-08 5.5602105e-08 1
LGIC_C 88 -0.607011157 -0.528064482 0.0250140166 1.15916899e-08 4.97976879e-08 1
LGIC_C 89 0.260457041 -0.479646491 0.0250140098 -1.31306721e-08 4.82586744e-08 1
LGIC_C 90 -0.370219013 -0.327580126 0.0250140068 1.45571809e-08 5.5602105e-08 1
LGIC_C 91 0.176955548 0.784861034 0.0250140189 -8.63455884e-09 -4.34088253e-08 1
LGIC_C 92 0.229498315 -0.697081675 0.0250140164 6.33663526e-09 4.9610097e-08 1
LGIC_C 93 -0.0821120262 0.568101233 0.0250140109 -6.33661298e-09 -4.96100859e-08 1
LGIC_C 94 0.143289137 -0.0387305358 0.0250139916 -4.96100802e-08 3.14742968e-08 1
LGIC_C 95 -0.313663932 -0.427114538 0.0250140069 -5.56021111e-08 -1.45571543e-08 -1
LGIC_C 96 0.333326418 -0.0193464975 0.025014 -4.96100859e-08 9.86807898e-09 1
LGIC_C 97 -0.386322308 0.0398629161 0.0250140013 4.96100851e-08 2.90231542e-08 1
LGIC_C 98 -0.353020206 -0.573041704 0.0250140148 3.95603082e-08 3.05989652e-08 1
LGIC_C 99 0.227005156 -0.076487867 0.0250139969 -4.96100802e-08 3.14742968e-08 1
LGIC_C 100 -0.335546841 -0.504442019 0.0250140101 2.45891453e-08 3.68002268e-08 1
LGIC_C 101 -0.396373599 0.0177760876 0.0250140031 4.96100897e-08 -9.86805572e-09 1
LGIC_C 102 -0.352751718 0.433139366 0.0250140126 1.28239438e-08 -5.73353116e-08 1
LGIC_C 103 -0.446594826 -0.0123410602 0.0250140028 4.34088238e-08 8.63459484e-09 1
LGIC_C 104 0.588791184 -0.254027923 0.0250140204 -4.90669481e-08 3.27855328e-08 1
LGIC_C 105 -0.300203128 0.0915733892 0.0250139986 4.34088279e-08 -2.48392273e-08 1
LGIC_C 106 -0.297320533 0.784781792 0.0250140199 8.63455111e-09 -4.34088279e-08 1
LGIC_C 107 -0.752005246 -0.245777213 0.025014018 4.34088238e-08 8.63459484e-09 1
LGIC_C 108 -0.0517738267 -0.509018264 0.0250140066 2.48392553e-08 4.34088306e-08 1
LGIC_C 109 0.171247566 0.0867374913 0.0250139926 -4.82586616e-08 -1.31306776e-08 1
LGIC_C 110 -0.189180121 -0.697327067 0.0250140151 8.63456455e-09 4.34088336e-08 1
LGIC_C 111 -0.525606634 -0.143526642 0.0250140052 -4.96100919e-08 2.90231703e-08 -1
LGIC_C 112 0.720650475 -0.00879784562 0.0250140193 -4.96100802e-08 3.14742968e-08 1
LGIC_C 113 -0.0297514722 -0.706610709 0.0250140147 2.48392553e-08 4.34088306e-08 1
LGIC_C 114 -0.352402939 0.398973497 0.0250140107 1.28239438e-08 -5.73353116e-08 1
LGIC_C 115 0.536597581 -0.371131049 0.0250140143 -3.05989503e-08 3.95603122e-08 1
LGIC_C 116 0.157016549 -0.435520244 0.0250140069 1.00935263e-08 5.7878447e-08 1
LGIC_C 117 -0.202934919 -0.00542391829 0.0250139932 -4.96100919e-08 2.90231703e-08 -1
LGIC_C 118 -0.316490174 -0.335656422 0.025014006 3.95603082e-08 3.05989652e-08 1
LGIC_C 119 0.102698646 0.417352834 0.025014005 -9.86806672e-09 -4.96100854e-08 1
LGIC_C 120 0.0291962509 0.498876617 0.0250140083 -9.86806672e-09 -4.96100854e-08 1
LGIC_C 121 -0.443778905 -0.40335139 0.0250140085 1.15916899e-08 4.97976879e-08 1
LGIC_C 122 0.625904484 -0.355504012 0.025014015 -3.68002179e-08 2.45891393e-08 1
LGIC_C 123 0.359316177 -0.309013448 0.025014011 -4.90669481e-08 3.27855328e-08 1
LGIC_C 124 0.496066058 -0.428819133 0.025014012 -3.68002179e-08 2.45891393e-08 1
LGIC_C 125 0.131486741 -0.153083256 0.0250139923 -1.31306721e-08 4.82586744e-08 1
LGIC_C 126 0.610050136 -0.355154035 0.0250140159 -3.05989503e-08 3.95603122e-08 1
LGIC_C 127 0.244948699 -0.335614126 0.0250140026 -1.31306721e-08 4.82586744e-08 1
LGIC_C 128 0.221136563 -0.361442253 0.025014002 -2.45891087e-08 3.68002429e-08 1
LGIC_C 129 0.465229133 -0.0925015245 0.0250140042 -4.34088226e-08 8.63456802e-09 1
LGIC_C 130 -0.634841663 0.196533713 0.0250140125 4.34088259e-08 -8.63455061e-09 1
LGIC_C 131 0.431558573 0.259680706 0.0250140075 -4.82586616e-08 -1.31306776e-08 1
LGIC_C 132 -0.228925905 0.0658462385 0.0250139933 5.7878425e-08 4.89846948e-08 1
LGIC_C 133 -0.584788209 -0.0231078979 0.0250140088 4.34088238e-08 8.63459484e-09 1
LGIC_C 134 0.28056513 -0.64593176 0.0250140139 -2.45891087e-08 3.68002429e-08 1
LGIC_C 135 -0.290397924 -0.264527878 0.025014005 6.28883752e-09 7.55636663e-08 1
LGIC_C 136 0.385185622 -0.27444342 0.0250140042 -3.68002179e-08 2.45891393e-08 1
LGIC_C 137 0.354082748 -0.346935267 0.0250140078 -3.05989503e-08 3.95603122e-08 1
LGIC_C 138 -0.697628506 -0.229437974 0.0250140083 4.96100935e-08 -4.19869172e-08 1
LGIC_C 139 0.143584499 -0.00925091942 0.0250139906 -4.96100802e-08 3.14742968e-08 1
LGIC_C 140 0.430616929 0.55635019 0.0250140143 -2.45891309e-08 -3.68002211e-08 1
LGIC_C 141 0.472862454 0.121379402 0.0250140048 -4.34088272e-08 -8.63453573e-09 1
LGIC_C 142 -0.48580393 -0.538040445 0.0250140189 3.95603082e-08 3.05989652e-08 1
LGIC_C 143 -0.107386362 -0.170109234 0.0250139934 2.81018674e-08 4.20574117e-08 1
LGIC_C 144 -0.452696419 -0.459074771 0.0250140152 3.95603082e-08 3.05989652e-08 1
LGIC_C 145 0.229854157 0.00272089261 0.0250139946 -4.96100869e-08 6.3366408e-09 1
LGIC_C 146 0.0118310905 0.58453353 0.0250140124 -9.86806672e-09 -4.96100854e-08 1
LGIC_C 147 -0.311446523 -0.339878001 0.0250140034 2.45891453e-08 3.68002268e-08 1
LGIC_C 148 0.445531602 -0.0836477943 0.02501401 -5.78784275e-08 1.15127558e-08 1
LGIC_C 149 0.540200567 0.514381529 0.0250140158 -3.68002282e-08 -2.45891172e-08 1
LGIC_C 150 0.430019089 0.172643657 0.0250140035 -4.96100869e-08 6.3366408e-09 1
LGIC_C 151 -0.107910902 -0.728315634 0.0250140158 8.63456455e-09 4.34088336e-08 1
LGIC_C 152 0.254657512 0.586525811 0.0250140151 -2.81018716e-08 -4.20573923e-08 1
LGIC_C 153 0.176965412 -0.22793198 0.0250139986 -1.28239349e-08 5.73353226e-08 1
LGIC_C 154 0.146887339 0.523250282 0.0250140107 -9.86806672e-09 -4.96100854e-08 1
LGIC_C 155 -0.613792045 0.115622408 0.0250140109 4.34088259e-08 -8.63455061e-09 1
LGIC_C 156 -0.239265024 0.0200114812 0.0250139938 4.34088259e-08 -8.63455061e-09 1
LGIC_C 157 -0.404344624 0.298714337 0.0250140084 6.28881943e-09 -7.55636452e-08 1
LGIC_C 158 0.357429952 0.171882823 0.0250140036 3.37890593e-08 4.80634111e-08 -1
LGIC_C 159 0.785085699 0.157183687 0.0250140187 -4.34088272e-08 -8.63453573e-09 1
LGIC_C 160 -0.252308491 -0.0556486106 0.0250139927 -4.34088282e-08 2.70157287e-08 -1
LGIC_C 161 -0.445186939 0.0822225138 0.0250140062 4.96100897e-08 -9.86805572e-09 1
LGIC_C 162 0.444772615 -0.0184895734 0.0250140092 -5.78784275e-08 1.15127558e-08 1
LGIC_C 163 0.377956334 -0.251946113 0.0250140062 -4.20573976e-08 2.81018683e-08 1
LGIC_C 164 0.227249059 -0.592854598 0.0250140112 6.33663526e-09 4.9610097e-08 1
LGIC_C 165 -0.303266869 0.0360889366 0.0250139973 4.96100851e-08 2.90231542e-08 1
LGIC_C 166 -0.145824075 -0.672335248 0.0250140161 2.48392553e-08 4.34088306e-08 1
LGIC_C 167 -0.56311349 0.531916487 0.0250140171 3.68002297e-08 -2.45891157e-08 1
LGIC_C 168 -0.572498397 -0.255158617 0.0250140028 5.39043203e-09 6.47688584e-08 1
LGIC_C 169 0.659650499 -0.47980639 0.0250140193 -3.68002179e-08 2.45891393e-08 1
LGIC_C 170 0.561198997 -0.330852103 0.0250140181 -3.37890406e-08 4.80634332e-08 1
LGIC_C 171 -0.200793662 0.311713482 0.0250140037 1.28239438e-08 -5.73353116e-08 1
LGIC_C 172 0.339593515 0.155958438 0.0250140022 3.37890593e-08 4.80634111e-08 -1
LGIC_C 173 0.686416277 0.312379192 0.0250140162 -3.68002282e-08 -2.45891172e-08 1
LGIC_C 174 -0.0762675354 -0.498145932 0.0250140068 2.48392553e-08 4.34088306e-08 1
LGIC_C 175 0.415672534 -0.285306776 0.025014011 -3.37890406e-08 4.80634332e-08 1
LGIC_C 176 -0.606204051 -0.598388207 0.0250140201 1.15916899e-08 4.97976879e-08 1
LGIC_C 177 0.305178003 0.321385007 0.0250140053 -2.81018716e-08 -4.20573923e-08 1
LGIC_C 178 0.0675055981 -0.637841583 0.0250140145 6.33663526e-09 4.9610097e-08 1
LGIC_C 179 -0.232350703 -0.160220104 0.0250139968 6.28883752e-09 7.55636663e-08 1
LGIC_C 180 -0.147790172 0.259808082 0.0250139984 2.8101852e-08 -4.20574041e-08 1
LGIC_C 181 -0.635130436 -0.314761203 0.025014007 5.39043203e-09 6.47688584e-08 1
LGIC_C 182 0.0785674118 -0.181115132 0.0250139931 -2.81018481e-08 4.20574137e-08 1
LGIC_C 183 0.643293866 0.326414698 0.0250140186 -4.82586616e-08 -1.31306776e-08 1
LGIC_C 184 0.713901337 -0.0451956535 0.0250140153 -4.34088182e-08 2.48392526e-08 1
LGIC_C 185 0.369880697 -0.122210183 0.0250140023 -4.34088182e-08 2.48392526e-08 1
LGIC_C 186 -0.615272039 -0.314637815 0.0250140069 5.39043203e-09 6.47688584e-08 1
LGIC_C 187 0.152128333 0.107486147 0.0250139942 -4.90669739e-08 -3.27854893e-08 1
LGIC_C 188 -0.760025279 0.0971148832 0.0250140171 4.34088259e-08 -8.63455061e-09 1
LGIC_C 189 -0.55125582 0.269495161 0.025014014 4.20574045e-08 -2.81018523e-08 1
LGIC_C 190 0.327809294 -0.758944203 0.0250140192 -2.45891087e-08 3.68002429e-08 1
LGIC_C 191 -0.411581612 -0.241362772 0.0250140011 5.39043203e-09 6.47688584e-08 1
LGIC_C 192 -0.300217869 0.10694831 0.0250139972 4.34088259e-08 -8.63455061e-09 1
LGIC_C 193 0.29542895 0.0611686301 0.0250139985 -4.96100911e-08 -9.86803575e-09 1
LGIC_C 194 -0.666475601 0.371784799 0.0250140169 3.68002297e-08 -2.45891157e-08 1
LGIC_C 195 0.390553421 0.394171899 0.0250140108 -2.81018716e-08 -4.20573923e-08 1
LGIC_C 196 0.688574516 0.36976727 0.0250140177 -3.68002282e-08 -2.45891172e-08 1
LGIC_C 197 -0.276193041 -0.505178612 0.0250140086 2.45891453e-08 3.68002268e-08 1
LGIC_C 198 0.540034064 0.0307363277 0.0250140069 -4.34088272e-08 -8.63453573e-09 1
LGIC_C 199 0.615752312 0.24812761 0.0250140122 -4.96100869e-08 6.3366408e-09 1
LGIC_C 200 0.721822621 -0.284392136 0.025014017 -4.34088226e-08 8.63456802e-09 1
LGIC_C 201 0.262297749 0.137214719 0.0250139981 -4.20574004e-08 -2.81018564e-08 1
LGIC_C 202 -0.0294633466 -0.309550205 0.0250139974 2.48392553e-08 4.34088306e-08 1
LGIC_C 203 -0.169652145 -0.0594782677 0.02501399 -4.96100919e-08 2.90231703e-08 -1
LGIC_C 204 -0.370596245 0.549860865 0.0250140168 2.8101852e-08 -4.20574041e-08 1
LGIC_C 205 -0.100627625 0.248758666 0.0250139966 9.86805557e-09 -4.96100883e-08 1
LGIC_C 206 0.646454887 -0.382719919 0.0250140164 -3.68002179e-08 2.45891393e-08 1
LGIC_C 207 -0.151788275 -0.447804532 0.0250140017 -4.89847109e-08 5.78784581e-08 1
LGIC_C 208 -0.500914909 0.325788225 0.0250140117 -4.82586679e-08 1.31306769e-08 -1
LGIC_C 209 -0.00425317357 -0.00146415703 0.0250139839 -1.38908242e-07 -2.76307273e-08 -1
LGIC_C 210 0.0779659216 0.239901007 0.0250139959 -9.86806672e-09 -4.96100854e-08 1
LGIC_C 211 0.567283666 -0.193356881 0.0250140183 -5.78784275e-08 1.15127558e-08 1
LGIC_C 212 -0.357423285 -0.478905314 0.0250140101 -5.56021111e-08 -1.45571543e-08 -1
LGIC_C 213 0.376871371 -0.415630952 0.0250140113 -2.81018481e-08 4.20574137e-08 1
LGIC_C 214 0.465583652 -0.0568354244 0.0250140039 -4.34088226e-08 8.63456802e-09 1
LGIC_C 215 -0.444565941 -0.0457809612 0.025014003 4.34088238e-08 8.63459484e-09 1
LGIC_C 216 0.212368193 -0.163810544 0.0250139962 -3.05989503e-08 3.95603122e-08 1
LGIC_C 217 0.495220959 -0.40184159 0.0250140193 -3.37890406e-08 4.80634332e-08 1
LGIC_C 218 -0.248997122 0.392662168 0.0250140055 1.31306824e-08 -4.82586643e-08 1
LGIC_C 219 -0.198852239 -0.453848483 0.025014005 3.95603082e-08 3.05989652e-08 1
LGIC_C 220 -0.731481795 -0.340800807 0.0250140186 3.68002489e-08 2.45891179e-08 1
LGIC_C 221 0.685945065 -0.45790724 0.0250140197 -3.68002179e-08 2.45891393e-08 1
LGIC_C 222 -0.562701865 -0.150755712 0.0250140068 -4.96100919e-08 2.90231703e-08 -1
LGIC_C 223 0.247551029 0.403686813 0.0250140088 -4.80634192e-08 -3.37890445e-08 1
LGIC_C 224 -0.37211031 0.067424218 0.0250139998 4.96100851e-08 2.90231542e-08 1
LGIC_C 225 0.200380266 -0.645578208 0.025014013 -8.63454093e-09 4.34088369e-08 1
LGIC_C 226 0.38706975 -0.227612782 0.0250140031 -3.68002179e-08 2.45891393e-08 1
LGIC_C 227 -0.164128 0.50268804 0.0250140065 8.63455111e-09 -4.34088279e-08 1
LGIC_C 228 0.263658901 -0.329568391 0.0250140026 -1.31306721e-08 4.82586744e-08 1
LGIC_C 229 -0.521206758 -0.0874404056 0.0250140066 4.34088238e-08 8.63459484e-09 1
LGIC_C 230 -0.67468955 -0.213767168 0.0250140068 -4.34088282e-08 2.70157287e-08 -1
LGIC_C 231 0.533552448 0.262461705 0.0250140139 3.37890593e-08 4.80634111e-08 -1
LGIC_C 232 -0.27855114 0.780023607 0.0250140195 8.63455111e-09 -4.34088279e-08 1
LGIC_C 233 0.309502873 0.252016169 0.0250140015 -4.82586616e-08 -1.31306776e-08 1
LGIC_C 234 -0.0774676862 -0.442501973 0.0250140031 8.63456455e-09 4.34088336e-08 1
LGIC_C 235 0.284146453 0.458593169 0.0250140105 -2.81018716e-08 -4.20573923e-08 1
LGIC_C 236 0.304229392 -0.0237406649 0.025013997 -4.34088182e-08 2.48392526e-08 1
LGIC_C 237 0.668926751 -0.0253629925 0.0250140172 -4.96100802e-08 3.14742968e-08 1
LGIC_C 238 -0.155688775 0.0176223384 0.0250139914 5.7878425e-08 4.89846948e-08 1
LGIC_C 239 0.500706728 -0.291643716 0.0250140125 -4.20573976e-08 2.81018683e-08 1
LGIC_C 240 0.103698221 -0.167297262 0.0250139941 -1.28239349e-08 5.73353226e-08 1
LGIC_C 241 -0.101639232 0.227654259 0.0250139957 2.8101852e-08 -4.20574041e-08 1
LGIC_C 242 0.628328263 -0.331325644 0.0250140204 -3.37890406e-08 4.80634332e-08 1
LGIC_C 243 -0.641594999 0.228017467 0.0250140173 4.96100897e-08 -9.86805572e-09 1
LGIC_C 244 0.559815348 -0.159336337 0.0250140175 -5.78784275e-08 1.15127558e-08 1
LGIC_C 245 -0.496720966 -0.453332242 0.0250140157 1.45571809e-08 5.5602105e-08 1
LGIC_C 246 0.397661801 0.442176399 0.0250140093 -2.45891309e-08 -3.68002211e-08 1
LGIC_C 247 -0.50837937 0.618722186 0.0250140185 2.45891128e-08 -3.68002333e-08 1
LGIC_C 248 0.105473361 -0.100429728 0.0250139896 -3.68002179e-08 2.45891393e-08 1
LGIC_C 249 0.496772221 -0.00556116934 0.025014008 -4.96100802e-08 3.14742968e-08 1
LGIC_C 250 0.223945719 0.519995434 0.0250140116 -4.80634192e-08 -3.37890445e-08 1
LGIC_C 251 0.0552211833 0.664909523 0.0250140159 -6.33660387e-09 4.96100877e-08 -1
LGIC_C 252 0.132472326 0.578185564 0.0250140161 -3.14742949e-08 -4.96100822e-08 1
LGIC_C 253 0.495244647 0.340258298 0.0250140116 -4.82586616e-08 -1.31306776e-08 1
LGIC_C 254 -0.464872779 0.283308358 0.0250140126 3.37890593e-08 -4.80634052e-08 1
LGIC_C 255 -0.767336826 -0.0771038829 0.0250140145 -4.34088282e-08 2.70157287e-08 -1
LGIC_C 256 -0.308008149 0.526274936 0.0250140102 2.45891128e-08 -3.68002333e-08 1
LGIC_C 257 0.287655958 0.293229412 0.0250140011 -2.45891309e-08 -3.68002211e-08 1
LGIC_C 258 -0.27841891 0.559579769 0.0250140107 2.45891128e-08 -3.68002333e-08 1
LGIC_C 259 0.248569127 -0.327527261 0.0250140074 -3.27854948e-08 4.90669785e-08 1
LGIC_C 260 -0.0150190654 -0.606521432 0.0250140135 9.8680833e-09 4.96100963e-08 1
LGIC_C 261 0.0911190075 0.611614762 0.0250140106 -8.63455884e-09 -4.34088253e-08 1
LGIC_C 262 -0.346266667 0.331344984 0.0250140071 4.20574045e-08 -2.81018523e-08 1
LGIC_C 263 -0.68785522 -0.274126046 0.0250140057 -4.34088282e-08 2.70157287e-08 -1
LGIC_C 264 0.464726178 -0.321532173 0.0250140082 -3.68002179e-08 2.45891393e-08 1
LGIC_C 265 0.21312764 0.0349421304 0.0250139942 -4.96100911e-08 -9.86803575e-09 1
LGIC_C 266 -0.139788159 -0.326132314 0.0250139988 3.95603082e-08 3.05989652e-08 1
LGIC_C 267 -0.276001875 -0.256725191 0.0250140015 1.45571809e-08 5.5602105e-08 1
LGIC_C 268 -0.0706444901 -0.504450389 0.0250140062 -2.90231482e-08 4.96101036e-08 1
LGIC_C 269 -0.0596279796 0.673501152 0.0250140163 -6.33661298e-09 -4.96100859e-08 1
LGIC_C 270 -0.0855807315 -0.111669492 0.0250139904 7.55636799e-08 6.2887973e-09 1
LGIC_C 271 -0.509686202 -0.421684119 0.0250140124 3.68002489e-08 2.45891179e-08 1
LGIC_C 272 -0.427784466 0.291650142 0.0250140077 -4.82586679e-08 1.31306769e-08 -1
LGIC_C 273 0.742505951 -0.184502938 0.02501402 -4.34088182e-08 2.48392526e-08 1
LGIC_C 274 -0.365734489 0.383170205 0.0250140064 2.45891128e-08 -3.68002333e-08 1
LGIC_C 275 0.0424596637 -0.57066828 0.0250140113 6.33663526e-09 4.9610097e-08 1
LGIC_C 276 -0.159334337 -0.516986716 0.0250140042 -2.90231482e-08 4.96101036e-08 1
LGIC_C 277 0.672838398 -0.0985173043 0.0250140197 -4.96100802e-08 3.14742968e-08 1
LGIC_C 278 0.28914953 0.247637165 0.025014 -3.68002282e-08 -2.45891172e-08 1
LGIC_C 279 0.0508752441 -0.0906525508 0.0250139878 -2.45891087e-08 3.68002429e-08 1
LGIC_C 280 -0.290455526 -0.127382682 0.0250139945 1.45571809e-08 5.5602105e-08 1
LGIC_C 281 0.366076433 0.572394741 0.0250140202 -4.80634192e-08 -3.37890445e-08 1
LGIC_C 282 -0.246112026 -0.43061062 0.0250140062 3.95603082e-08 3.05989652e-08 1
LGIC_C 283 -0.24488921 -0.490862658 0.0250140049 7.55636799e-08 6.2887973e-09 1
LGIC_C 284 0.225448775 -0.794607842 0.0250140197 -8.63454093e-09 4.34088369e-08 1
LGIC_C 285 -0.275256384 0.488103867 0.0250140163 3.27854968e-08 -4.90669676e-08 1
LGIC_C 286 -0.512018148 0.0163009969 0.0250140082 4.96100851e-08 2.90231542e-08 1
LGIC_C 287 -0.0737269722 -0.14967609 0.0250139906 2.45891453e-08 3.68002268e-08 1
LGIC_C 288 0.0156703209 -0.321267091 0.0250139991 6.33663526e-09 4.9610097e-08 1
LGIC_C 289 0.0342867643 0.0310027184 0.0250139853 -3.68002282e-08 -2.45891172e-08 1
LGIC_C 290 -0.369524779 -0.504846782 0.0250140149 2.81018674e-08 4.20574117e-08 1
LGIC_C 291 -0.508722832 0.447036075 0.025014013 3.68002297e-08 -2.45891157e-08 1
LGIC_C 292 0.451252466 0.454748945 0.0250140151 -2.81018716e-08 -4.20573923e-08 1
LGIC_C 293 -0.665501354 -0.0511667574 0.0250140148 -4.96100919e-08 2.90231703e-08 -1
LGIC_C 294 0.062307203 -0.188727984 0.0250139949 -1.15127059e-08 5.78784511e-08 1
LGIC_C 295 -0.170664749 0.125509827 0.0250139938 6.28881943e-09 -7.55636452e-08 1
LGIC_C 296 0.496016747 0.274314659 0.0250140118 -4.20574004e-08 -2.81018564e-08 1
LGIC_C 297 0.0185925964 0.371867462 0.0250139996 -8.63455884e-09 -4.34088253e-08 1
LGIC_C 298 0.0766162096 -0.505065717 0.025014009 -9.86804037e-09 4.96101e-08 1
LGIC_C 299 -0.103376951 -0.2967844 0.025013999 9.8680833e-09 4.96100963e-08 1
LGIC_C 300 0.418262369 -0.0514173144 0.0250140027 -4.34088182e-08 2.48392526e-08 1
LGIC_C 301 0.116767419 0.373954471 0.0250140005 -8.63455884e-09 -4.34088253e-08 1
LGIC_C 302 0.402487383 0.317051974 0.0250140091 -4.20574004e-08 -2.81018564e-08 1
LGIC_C 303 -0.052574456 0.368658558 0.0250140021 9.86805557e-09 -4.96100883e-08 1
LGIC_C 304 -0.116511744 0.387612699 0.0250140018 -6.33661298e-09 -4.96100859e-08 1
LGIC_C 305 -0.427831873 0.226668651 0.0250140046 3.68002297e-08 -2.45891157e-08 1
LGIC_C 306 0.166071248 0.0946862612 0.0250139934 3.37890593e-08 4.80634111e-08 -1
LGIC_C 307 -0.406953457 0.268723158 0.0250140064 -4.82586679e-08 1.31306769e-08 -1
LGIC_C 308 0.638706371 -0.244326216 0.0250140131 -4.34088226e-08 8.63456802e-09 1
LGIC_C 309 0.122916942 0.116128321 0.0250139906 -3.68002282e-08 -2.45891172e-08 1
LGIC_C 310 0.0920242921 0.79584963 0.0250140186 -8.63455884e-09 -4.34088253e-08 1
LGIC_C 311 0.585154365 0.60399262 0.0250140199 -2.45891309e-08 -3.68002211e-08 1
LGIC_C 312 0.305743929 0.214938528 0.0250140021 -4.20574004e-08 -2.81018564e-08 1
LGIC_C 313 0.68531556 0.353079761 0.0250140171 -3.68002282e-08 -2.45891172e-08 1
LGIC_C 314 -0.267160785 0.497012359 0.0250140081 2.45891128e-08 -3.68002333e-08 1
LGIC_C 315 -0.092526191 0.0117618106 0.025013988 4.96100897e-08 -9.86805572e-09 1
LGIC_C 316 -0.217102965 -0.211623229 0.0250140006 6.28883752e-09 7.55636663e-08 1
LGIC_C 317 -0.415749309 -0.19483998 0.0250140033 3.68002489e-08 2.45891179e-08 1
LGIC_C 318 -0.2195818 -0.33973301 0.0250140004 -5.56021111e-08 -1.45571543e-08 -1
LGIC_C 319 -0.495585779 -0.0711608534 0.0250140029 -4.34088282e-08 2.70157287e-08 -1
LGIC_C 320 0.431296974 0.564837616 0.0250140191 -2.81018716e-08 -4.20573923e-08 1
LGIC_C 321 0.601196002 -0.287032945 0.0250140173 -3.37890406e-08 4.80634332e-08 1
LGIC_C 322 0.533496606 0.231683091 0.025014012 -4.82586616e-08 -1.31306776e-08 1
LGIC_C 323 -0.320958958 -0.65602678 0.0250140199 2.81018674e-08 4.20574117e-08 1
LGIC_C 324 0.0341463987 0.680152375 0.0250140168 -6.33660387e-09 4.96100877e-08 -1
LGIC_C 325 0.476391789 0.641836948 0.0250140186 -2.45891309e-08 -3.68002211e-08 1
LGIC_C 326 0.19289735 0.646246941 0.0250140141 -6.33660387e-09 4.96100877e-08 -1
LGIC_C 327 -0.295679335 -0.0202089308 0.0250139974 -4.96100919e-08 2.90231703e-08 -1
LGIC_C 328 -0.397243644 0.00152576279 0.0250140006 4.34088279e-08 -2.48392273e-08 1
LGIC_C 329 0.596421408 -0.21150422 0.0250140149 -4.96100859e-08 9.86807898e-09 1
LGIC_C 330 0.378414934 -0.07672403 0.0250140044 -4.96100802e-08 3.14742968e-08 1
LGIC_C 331 0.237731249 -0.0850975074 0.0250139957 -4.34088182e-08 2.48392526e-08 1
LGIC_C 332 -0.0278456478 -0.364109468 0.0250140016 9.8680833e-09 4.96100963e-08 1
LGIC_C 333 0.451895862 0.180931443 0.0250140044 -4.34088272e-08 -8.63453573e-09 1
LGIC_C 334 0.234986301 0.811575925 0.0212089707 0.194186548 0.976240951 0.0961519121
LGIC_C 335 0.16456537 0.592683191 0.0250140116 -6.33660387e-09 4.96100877e-08 -1
LGIC_C 336 -0.755540295 0.016915786 0.0250140165 4.34088279e-08 -2.48392273e-08 1
LGIC_C 337 -0.0668328471 -0.0176659221 0.0250139861 -4.96100919e-08 2.90231703e-08 -1
LGIC_C 338 -0.170229357 0.31496934 0.025013999 2.45891128e-08 -3.68002333e-08 1
LGIC_C 339 0.164863717 -0.196928091 0.0250139949 -1.31306721e-08 4.82586744e-08 1
LGIC_C 340 -0.320410091 0.60259195 0.0250140176 2.8101852e-08 -4.20574041e-08 1
LGIC_C 341 -0.0531409001 -0.708456466 0.0250140145 8.63456455e-09 4.34088336e-08 1
LGIC_C 342 -0.847777898 -0.0106517869 0.0250140198 -4.34088282e-08 2.70157287e-08 -1
LGIC_C 343 0.257554215 0.468049264 0.0250140092 1.3130701e-08 4.82586573e-08 -1
LGIC_C 344 -0.136972808 0.0201275238 0.0250139902 5.7878425e-08 4.89846948e-08 1
LGIC_C 345 -0.116676899 -0.145704172 0.025013993 7.55636799e-08 6.2887973e-09 1
LGIC_C 346 0.332658502 0.322813496 0.0250140034 -3.68002282e-08 -2.45891172e-08 1
LGIC_C 347 0.476009943 -0.178430177 0.0250140086 -4.96100859e-08 9.86807898e-09 1
LGIC_C 348 -0.147708368 -0.616168981 0.0250140153 9.8680833e-09 4.96100963e-08 1
LGIC_C 349 -0.187663847 -0.527016387 0.0250140039 -2.90231482e-08 4.96101036e-08 1
LGIC_C 350 -0.242543898 0.343540604 0.0250140019 2.45891128e-08 -3.68002333e-08 1
LGIC_C 351 -0.115683526 0.0880914013 0.0250139914 3.37890593e-08 -4.80634052e-08 1
LGIC_C 352 -0.185846031 -0.319671256 0.0250140004 3.95603082e-08 3.05989652e-08 1
LGIC_C 353 -0.336990781 0.16212877 0.025014002 4.20574045e-08 -2.81018523e-08 1
LGIC_C 354 0.128573658 0.211605914 0.0250139958 -2.81018716e-08 -4.20573923e-08 1
LGIC_C 355 0.107527374 -0.552391517 0.0250140141 1.00935263e-08 5.7878447e-08 1
LGIC_C 356 0.109459878 0.685664656 0.025014014 -8.63455884e-09 -4.34088253e-08 1
LGIC_C 357 0.766420022 0.153183888 0.0250140203 -4.96100869e-08 6.3366408e-09 1
LGIC_C 358 0.0624940419 -0.029303223 0.0250139873 -4.90669481e-08 3.27855328e-08 1
LGIC_C 359 -0.248733172 0.201526795 0.0250140001 6.28881943e-09 -7.55636452e-08 1
LGIC_C 360 -0.496969939 0.446656078 0.0250140125 3.68002297e-08 -2.45891157e-08 1
LGIC_C 361 0.577045129 -0.156649158 0.0250140134 -4.96100859e-08 9.86807898e-09 1
LGIC_C 362 -0.431125069 -0.0877947416 0.0250140021 -4.96100919e-08 2.90231703e-08 -1
LGIC_C 363 -0.355977226 0.472965156 0.0250140108 1.31306824e-08 -4.82586643e-08 1
LGIC_C 364 0.0759510025 0.15117302 0.0250139932 -3.27855134e-08 -4.90669575e-08 1
LGIC_C 365 0.588639568 -0.322425401 0.025014017 -4.20573976e-08 2.81018683e-08 1
LGIC_C 366 -0.324865622 -0.701938708 0.0250140176 3.95603082e-08 3.05989652e-08 1
LGIC_C 367 0.41052092 -0.155514491 0.0250140049 -4.34088182e-08 2.48392526e-08 1
LGIC_C 368 -0.111523118 -0.284632635 0.0250139984 2.48392553e-08 4.34088306e-08 1
LGIC_C 369 -0.0996000255 -0.593826499 0.0250140098 -2.90231482e-08 4.96101036e-08 1
LGIC_C 370 -0.382018054 -0.550259705 0.0250140129 2.45891453e-08 3.68002268e-08 1
LGIC_C 371 0.207853396 0.0868682663 0.025013993 -3.68002282e-08 -2.45891172e-08 1
LGIC_C 372 -0.0793442131 0.439807037 0.025014003 8.63455111e-09 -4.34088279e-08 1
LGIC_C 373 -0.595632313 0.540113328 0.0250140185 3.68002297e-08 -2.45891157e-08 1
LGIC_C 374 0.0851405676 -0.213475922 0.0250139933 6.33663526e-09 4.9610097e-08 1
LGIC_C 375 0.146528851 -0.639824893 0.0250140188 1.00935263e-08 5.7878447e-08 1
LGIC_C 376 0.406007545 0.384911674 0.0250140111 -4.20574004e-08 -2.81018564e-08 1
LGIC_C 377 0.307441323 0.136715543 0.0250139979 -3.68002282e-08 -2.45891172e-08 1
LGIC_C 378 -0.645607775 0.0959065127 0.0250140125 4.96100851e-08 2.90231542e-08 1
LGIC_C 379 -0.0169423001 -0.494997418 0.025014008 9.8680833e-09 4.96100963e-08 1
LGIC_C 380 0.0782861868 0.6349272 0.0250140155 -9.86806672e-09 -4.96100854e-08 1
LGIC_C 381 0.00461346845 0.636940288 0.0250140149 -9.86806672e-09 -4.96100854e-08 1
LGIC_C 382 0.577553097 -0.277731545 0.0250140161 -3.37890406e-08 4.80634332e-08 1
LGIC_C 383 0.345459504 -0.491069182 0.0250140186 -3.27854948e-08 4.90669785e-08 1
LGIC_C 384 -0.450273551 -0.397748155 0.0250140161 6.28883752e-09 7.55636663e-08 1
LGIC_C 385 0.612651239 0.0580064314 0.0250140194 -5.78784335e-08 -1.15127284e-08 1
LGIC_C 386 0.529418782 -0.473013699 0.0250140143 -3.68002179e-08 2.45891393e-08 1
LGIC_C 387 0.527511175 -0.240175713 0.0250140126 -3.37890406e-08 4.80634332e-08 1
LGIC_C 388 -0.00423661527 0.456777213 0.0250140061 -3.14742797e-08 4.96100914e-08 -1
LGIC_C 389 0.374056774 -0.369123553 0.0250140093 -4.20573976e-08 2.81018683e-08 1
LGIC_C 390 0.543322027 0.0244279864 0.02501401 -4.96100869e-08 6.3366408e-09 1
LGIC_C 391 -0.210716994 0.0984577106 0.0250139951 3.37890593e-08 -4.80634052e-08 1
LGIC_C 392 -0.186721652 -0.570290024 0.0250140061 -2.90231482e-08 4.96101036e-08 1
LGIC_C 393 -0.00536471763 -0.321612875 0.0250139972 8.63456455e-09 4.34088336e-08 1
LGIC_C 394 0.436805732 0.67394641 0.0250140188 -2.45891309e-08 -3.68002211e-08 1
LGIC_C 395 0.339609497 0.436132915 0.0250140088 1.3130701e-08 4.82586573e-08 -1
LGIC_C 396 0.274103558 0.418269471 0.025014007 1.3130701e-08 4.82586573e-08 -1
LGIC_C 397 -0.662029999 0.231944982 0.025014014 4.34088259e-08 -8.63455061e-09 1
LGIC_C 398 -0.585586198 0.246049465 0.0250140149 3.37890593e-08 -4.80634052e-08 1
LGIC_C 399 0.603195873 -0.158661877 0.0250140181 -4.96100802e-08 3.14742968e-08 1
