VGCC_O 0 0.11238887 -0.0311459409 0.0466929927 -1.01287282e-06 -1.51427976e-07 -1
VGCC_O 9 0.0953603447 -0.018533153 0.0466930096 -1.14792244e-06 -1.24564753e-07 -1
CaBS 10 0.102035094 -0.0355125135 0.0664938863 -0.324116536 -0.749802846 -0.576839807
CaBS 11 0.106605214 -0.0044794843 0.060806905 0.321328636 0.750213906 -0.577864173
CaBS 12 0.108051935 -0.0364871641 0.0696246125 0.344822999 -0.867728964 -0.357971429
CaBS 13 0.101919175 -0.0082745029 0.0841241538 -0.344822968 0.867728907 0.357971598
CaBS 14 0.113713554 -0.0266413128 0.0836768224 0.751399702 -0.322919474 0.575431578
CaBS 15 0.118098737 -0.00781347944 0.0640029477 0.735818353 0.677177225 -0.00153536905
CaBS 16 0.110002417 -0.0210591776 0.0858710573 0.333750516 0.131703927 0.933415593
CaBS 17 0.113170848 -0.0312433995 0.077637988 0.34654604 -0.867983022 0.355684293
CaBS 18 0.0906439942 -0.013466453 0.0703341035 -0.999896295 -0.0141984568 0.00240892729
CaBS 19 0.101018968 -0.00421166598 0.0660776951 -0.346545998 0.867982935 -0.355684546
CaBS 20 0.113453556 -0.0114168687 0.0832765545 0.333750516 0.131703927 0.933415593
CaBS 21 0.106310854 -0.0339269032 0.0774191047 -0.321328743 -0.750213836 0.577864204
CaBS 22 0.112334526 -0.0112403955 0.0558208497 0.329239702 0.132369043 -0.934922272
CaBS 23 0.122414696 -0.0202855792 0.0758815512 0.751399702 -0.322919474 0.575431578
CaBS 24 0.0989547174 -0.00854716467 0.081572891 -0.748611723 0.322508223 0.579283121
CaBS 25 -0.0915989726 -0.00209743962 0.0704580595 0.346545964 -0.867983059 0.355684276
CaBS 26 -0.0875370744 0.0142545837 0.0692107226 0.999896301 0.0141980506 -0.0024089266
CaBS 28 -0.0874583474 0.00819871611 0.0661958489 0.999896301 0.0141980506 -0.0024089266
CaBS 29 -0.0894694884 0.0195682682 0.074632126 0.735818381 0.677177195 -0.00153536913
CaBS 31 -0.102956923 0.0261433209 0.0776360393 0.324116492 0.749802901 0.576839761
CaBS 38 -0.103736283 0.0176083855 0.0859848793 0.333750517 0.131703937 0.933415591
CaBS 39 -0.0949641178 -0.000633320123 0.0773096651 0.346545964 -0.867983059 0.355684276
Ca 6 0.472469821 -0.0250838389 0.622991966 0 0 0
Ca 6 -0.264539306 -0.254515136 0.510476385 0 0 0
Ca 6 0.0916473267 -0.480697895 0.152243043 0 0 0
Ca 1 0.469871281 -0.108451522 0.601281528 0 0 0
Ca 8 -0.0137153015 0.145534209 0.475101281 0 0 0
Ca 6 -0.0696394101 0.22148492 0.447067268 0 0 0
Ca 4 0.494448408 -0.212484733 0.652801049 0 0 0
Ca 8 -0.148326386 -0.0761795578 1.44948169 0 0 0
Ca 6 -0.215315427 0.612911457 0.593593569 0 0 0
Ca 7 0.17987887 0.302846948 0.521275062 0 0 0
CaBS_Ca 49 -0.119265551 0.00966150681 0.0673727502 -0.999896295 -0.0141984574 0.00240892698
Ca 7 -0.22466289 0.417364836 0.51071747 0 0 0
Ca 4 0.207640316 0.112518806 0.0555584332 0 0 0
Ca 6 0.383316846 -0.33890868 0.100799537 0 0 0
Ca 4 0.577781594 -0.437238574 0.642122267 0 0 0
Ca 4 -0.0609349025 -0.388491331 0.457556437 0 0 0
Ca 6 0.0162023927 0.251409653 0.318982711 0 0 0
CaBS_Ca 50 -0.108838855 -0.00342252153 0.0752103541 -0.321328736 -0.750213873 0.57786416
Ca 8 0.160852826 0.219243446 0.825395409 0 0 0
Ca 8 0.321199672 0.376891964 0.17184121 0 0 0
Ca 6 0.50864088 -0.02933504 0.349991694 0 0 0
Ca 7 -0.53902068 0.27754901 0.452036351 0 0 0
Ca 4 -0.687044809 0.233729212 0.253749413 0 0 0
Ca 7 0.0870030854 0.0151370756 0.953967886 0 0 0
Ca 6 -0.130764981 -0.294542858 0.642469706 0 0 0
Ca 6 0.006074025 0.00209862094 0.611254123 0 0 0
Ca 8 0.242075575 0.356274331 0.257050085 0 0 0
Ca 7 -0.0336379623 -0.304854985 0.249818865 0 0 0
Ca 4 -0.348879612 -0.232570911 0.761417904 0 0 0
Ca 4 -0.071730547 0.117424689 0.19528031 0 0 0
Ca 1 -0.121490666 0.0552100473 0.277561656 0 0 0
Ca 1 0.19804091 -0.0934869097 0.362886074 0 0 0
Ca 7 0.0481747689 0.254153891 0.0802187697 0 0 0
Ca 6 -0.515516676 0.569236716 0.189386499 0 0 0
Ca 8 -0.223233744 0.013601069 0.239937335 0 0 0
Ca 1 0.0174875129 0.398203907 0.415226113 0 0 0
Ca 4 -0.418246114 0.173050418 0.450304915 0 0 0
Ca 1 0.0185988283 -0.281740656 0.413919359 0 0 0
Ca 7 -0.215685326 0.314247401 0.190705117 0 0 0
Ca 1 -0.0337855776 -0.380027292 0.319949296 0 0 0
Ca 4 -0.186556221 -0.157189022 0.136112451 0 0 0
Ca 4 -0.377154672 0.429209002 0.1296134 0 0 0
Ca 1 0.106665766 0.0532139583 0.463317394 0 0 0
Ca 1 -0.460192967 0.199776812 0.0943513307 0 0 0
Ca 1 -0.58289383 0.272060107 0.427676545 0 0 0
Ca 1 -0.679675575 0.337787037 0.483776608 0 0 0
Ca 1 -0.368160817 -0.347145261 0.334344003 0 0 0
Ca 7 -0.28205944 0.180529236 0.767060968 0 0 0
Ca 8 -0.0662334562 -0.35104343 0.235129652 0 0 0
Ca 2 0.258364301 0.453963245 0.581952916 0 0 0
Ca 1 0.312781174 0.296137318 0.213947915 0 0 0
Ca 4 -0.254164532 0.276418029 0.143103507 0 0 0
Ca 6 -0.372185667 -0.449875616 0.272945965 0 0 0
Ca 8 -0.295461579 -0.620209141 0.185241875 0 0 0
Ca 4 -0.691527541 0.034282274 0.10072249 0 0 0
Ca 7 -0.148872156 -0.309092488 0.201483376 0 0 0
Ca 4 -0.0170648179 -0.0330607628 0.0471145054 0 0 0
Ca 2 0.264698905 0.215641916 0.243193317 0 0 0
Ca 1 -0.0229261603 0.323469652 0.35421046 0 0 0
Ca 1 -0.0701797341 -0.0360695486 0.164897179 0 0 0
Ca 6 -0.163668677 0.0795334265 0.518572247 0 0 0
Ca 7 0.304076903 -0.0838240058 0.287867137 0 0 0
Ca 6 -0.275132244 -0.106190509 0.328842275 0 0 0
Ca 6 -0.0491487697 -0.0586602903 0.266354775 0 0 0
Ca 8 -0.0683248604 0.129736079 0.443179595 0 0 0
Ca 6 -0.205777519 -0.00138040383 0.116286142 0 0 0
Ca 7 -0.315820314 -0.138875207 0.100141572 0 0 0
Ca 1 0.0183558574 0.0535511459 0.293681682 0 0 0
Ca 8 0.0148249923 0.167166224 0.164877527 0 0 0
Ca 6 -0.0067890185 0.0222524591 0.196834723 0 0 0
Ca 1 -0.108536697 -0.258196572 0.149713592 0 0 0
Ca 6 -0.25119007 0.061737806 0.313015999 0 0 0
Ca 7 -0.205275797 0.153204161 0.192125127 0 0 0
Ca 8 -0.167903208 0.00962383383 0.0474014965 0 0 0
Ca 7 -0.122830249 0.0772071102 0.121193695 0 0 0
Ca 8 -0.0847010009 0.169658104 0.0758708714 0 0 0
Ca 7 -0.260096551 0.134588313 0.112358534 0 0 0
Ca 1 -0.248302637 -0.0374208451 0.213422042 0 0 0
Ca 6 -0.105792004 0.123326614 0.119916169 0 0 0
Ca 4 -0.175850802 0.0439718443 0.0822583931 0 0 0
Ca 4 -0.11507134 0.0859501634 0.105816957 0 0 0
Ca 8 -0.18753018 -0.00570268186 0.0595373242 0 0 0
VGCC_O 3 0.0772568984 -0.00428239309 0.046693036 -1.41802159e-06 2.82063681e-07 -1
VGCC_O 5 0.113746944 -0.0200409323 0.0466929896 -1.01287282e-06 -1.51427976e-07 -1
VGCC_O 7 -0.137449801 0.00579357966 0.0466933342 -1.62059625e-06 3.22356338e-07 -1
VGCC_O 8 -0.134706799 0.0161271258 0.0466933331 -1.62059677e-06 3.22356891e-07 -1
VGCC_O 4 -0.108229728 0.00324736392 0.0466932869 -8.10297798e-07 1.61178104e-07 -1
VGCC_O 1 -0.126159285 0.0151063295 0.0466933189 -1.62059625e-06 3.22356338e-07 -1
VGCC_O 6 -0.12622171 0.0241576588 0.046693322 -1.62059677e-06 3.22356891e-07 -1
VGCC_O 2 0.119933892 -0.04777957 0.0466929781 -1.41802115e-06 2.82063236e-07 -1
TAG 41 -0.105784995 0.0105052503 0.0536665039 -0.333750681 -0.131703993 -0.933415524
TAG 53 -0.089146311 -0.000197085518 0.0670554248 0.74861179 -0.322508554 -0.579282851
TAG 52 -0.119278263 0.0119799944 0.0757618237 -0.999896295 -0.0141984574 0.00240892698
TAG 51 -0.102448777 0.00747370566 0.0865367572 -0.329239868 -0.132369105 0.934922205
TAG 45 -0.113699624 0.0170707545 0.0588716642 -0.751399624 0.322919173 -0.575431849
TAG 44 -0.11923843 0.00668793202 0.0611035411 -0.999896295 -0.0141984574 0.00240892698
LGIC_C 0 0.524564237 0.231225847 0.0250140121 3.37890593e-08 4.80634111e-08 -1
LGIC_C 1 -0.36665856 0.0417523951 0.0250139995 4.34088259e-08 -8.63455061e-09 1
LGIC_C 2 -0.578007142 0.0961875492 0.0250140129 4.96100897e-08 -9.86805572e-09 1
LGIC_C 3 0.252040562 -0.651977108 0.0250140181 -9.86804037e-09 4.96101e-08 1
LGIC_C 4 -0.414581865 -0.236352949 0.0250140037 6.28883752e-09 7.55636663e-08 1
LGIC_C 5 0.0256341317 -0.534362383 0.0250140139 1.00935263e-08 5.7878447e-08 1
LGIC_C 6 -0.315502639 0.471507202 0.0250140144 1.28239438e-08 -5.73353116e-08 1
LGIC_C 7 -0.695760255 0.42417444 0.0250140193 3.68002297e-08 -2.45891157e-08 1
LGIC_C 8 -0.179419169 0.269509394 0.0250139976 2.45891128e-08 -3.68002333e-08 1
LGIC_C 9 -0.4394739 -0.265203969 0.025014006 6.28883752e-09 7.55636663e-08 1
LGIC_C 10 -0.41548002 -0.610168315 0.0250140184 3.95603082e-08 3.05989652e-08 1
LGIC_C 11 0.136577229 0.562322458 0.0250140103 -6.33660387e-09 4.96100877e-08 -1
LGIC_C 12 0.376287619 0.166487796 0.0250140072 -4.90669739e-08 -3.27854893e-08 1
LGIC_C 13 0.722713367 -0.113527657 0.0250140202 -4.96100859e-08 9.86807898e-09 1
LGIC_C 14 0.664839033 0.25851651 0.0250140146 -4.96100869e-08 6.3366408e-09 1
LGIC_C 15 -0.467680775 -0.347064201 0.0250140082 5.39043203e-09 6.47688584e-08 1
LGIC_C 16 0.635566634 -0.169188686 0.0250140164 -4.96100859e-08 9.86807898e-09 1
LGIC_C 17 -0.548247574 0.353082623 0.0250140144 -4.82586679e-08 1.31306769e-08 -1
LGIC_C 18 0.294749526 -0.488015219 0.025014012 -2.81018481e-08 4.20574137e-08 1
LGIC_C 19 -0.329809917 0.26678513 0.0250140072 3.37890593e-08 -4.80634052e-08 1
LGIC_C 20 0.106200628 -0.420679508 0.0250140088 -1.15127059e-08 5.78784511e-08 1
LGIC_C 21 -0.00943499485 -0.158584694 0.0250139908 -2.90231482e-08 4.96101036e-08 1
LGIC_C 22 0.136738963 0.592553984 0.025014014 -9.86806672e-09 -4.96100854e-08 1
LGIC_C 23 -0.443530616 0.399596775 0.0250140094 3.68002297e-08 -2.45891157e-08 1
LGIC_C 24 0.130194517 0.442504177 0.0250140065 -9.86806672e-09 -4.96100854e-08 1
LGIC_C 25 0.382571777 -0.00900748492 0.0250139999 -4.34088226e-08 8.63456802e-09 1
LGIC_C 26 -0.0416304875 0.276938071 0.0250139998 1.15127271e-08 -5.78784352e-08 1
LGIC_C 27 -0.252270866 0.515767255 0.0250140169 3.27854968e-08 -4.90669676e-08 1
LGIC_C 28 0.699123392 0.107646222 0.0250140145 -4.34088272e-08 -8.63453573e-09 1
LGIC_C 29 -0.614755062 -0.0992489581 0.025014014 5.7878436e-08 -4.89847332e-08 1
LGIC_C 30 0.667932357 0.152100111 0.0250140154 -4.96100869e-08 6.3366408e-09 1
LGIC_C 31 -0.404134669 -0.406631981 0.0250140117 -5.56021111e-08 -1.45571543e-08 -1
LGIC_C 32 0.0854055767 0.0909623649 0.0250139895 -2.81018716e-08 -4.20573923e-08 1
LGIC_C 33 -0.0304559452 0.625331689 0.0250140107 8.63455111e-09 -4.34088279e-08 1
LGIC_C 34 0.276989778 -0.502186866 0.0250140169 -3.27854948e-08 4.90669785e-08 1
LGIC_C 35 -0.173865964 -0.513787949 0.0250140037 -2.90231482e-08 4.96101036e-08 1
LGIC_C 36 0.530462948 -0.620799664 0.0250140191 -2.45891087e-08 3.68002429e-08 1
LGIC_C 37 0.110656537 0.786166804 0.0250140183 -8.63455884e-09 -4.34088253e-08 1
LGIC_C 38 0.730138271 -0.312890635 0.0250140179 -3.05989503e-08 3.95603122e-08 1
LGIC_C 39 0.686634723 0.304888272 0.025014016 -3.68002282e-08 -2.45891172e-08 1
LGIC_C 40 -0.680215278 0.0420726277 0.0250140138 4.34088279e-08 -2.48392273e-08 1
LGIC_C 41 -0.54088248 0.614009303 0.0250140192 2.45891128e-08 -3.68002333e-08 1
LGIC_C 42 -0.27005462 -0.65693051 0.0250140141 8.63456455e-09 4.34088336e-08 1
LGIC_C 43 -0.55865477 -0.498097988 0.0250140145 1.15916899e-08 4.97976879e-08 1
LGIC_C 44 0.350134775 0.558471742 0.0250140148 1.3130701e-08 4.82586573e-08 -1
LGIC_C 45 -0.00242965146 -0.264764065 0.0250139948 2.48392553e-08 4.34088306e-08 1
LGIC_C 46 -0.212579433 -0.205725284 0.0250139977 5.39043203e-09 6.47688584e-08 1
LGIC_C 47 0.506047116 -0.17698048 0.0250140146 -5.78784275e-08 1.15127558e-08 1
LGIC_C 48 -0.108901179 -0.383369997 0.0250140008 8.63456455e-09 4.34088336e-08 1
LGIC_C 49 -0.505684233 -0.174277642 0.0250140067 4.34088238e-08 8.63459484e-09 1
LGIC_C 50 0.225869976 -0.33689551 0.0250140072 -3.27854948e-08 4.90669785e-08 1
LGIC_C 51 -0.57120876 -0.0101783366 0.0250140081 4.34088238e-08 8.63459484e-09 1
LGIC_C 52 0.642893596 -0.179106118 0.0250140156 -4.34088182e-08 2.48392526e-08 1
LGIC_C 53 0.340453659 -0.0814246135 0.025014 -4.34088182e-08 2.48392526e-08 1
LGIC_C 54 -0.0458633341 -0.224223562 0.0250139939 -4.89847109e-08 5.78784581e-08 1
LGIC_C 55 0.396563966 0.487378155 0.0250140109 -2.45891309e-08 -3.68002211e-08 1
LGIC_C 56 -0.111279055 -0.211425552 0.0250139925 -5.56021111e-08 -1.45571543e-08 -1
LGIC_C 57 -0.0849164205 0.438157732 0.0250140077 -3.14742797e-08 4.96100914e-08 -1
LGIC_C 58 0.454966785 -0.0825528478 0.025014005 -4.34088182e-08 2.48392526e-08 1
LGIC_C 59 -0.4581384 -0.217785567 0.025014002 1.45571809e-08 5.5602105e-08 1
LGIC_C 60 0.0850502762 0.51662718 0.0250140116 -3.14742949e-08 -4.96100822e-08 1
LGIC_C 61 -0.405286142 0.338158534 0.0250140098 4.20574045e-08 -2.81018523e-08 1
LGIC_C 62 -0.0295641889 0.40588006 0.0250140043 -3.14742797e-08 4.96100914e-08 -1
LGIC_C 63 0.199146938 -0.0452661941 0.0250139936 -4.96100859e-08 9.86807898e-09 1
LGIC_C 64 -0.255320735 0.0049863664 0.0250139978 5.7878425e-08 4.89846948e-08 1
LGIC_C 65 0.0151295044 0.303689093 0.0250139985 -9.86806672e-09 -4.96100854e-08 1
LGIC_C 66 -0.244582138 -0.343678717 0.0250140019 2.45891453e-08 3.68002268e-08 1
LGIC_C 67 -0.460877207 0.442450709 0.0250140196 6.28881943e-09 -7.55636452e-08 1
LGIC_C 68 -0.662836715 -0.118032177 0.0250140089 -4.34088282e-08 2.70157287e-08 -1
LGIC_C 69 -0.711698973 -0.355401409 0.0250140182 3.68002489e-08 2.45891179e-08 1
LGIC_C 70 -0.0247962118 0.395041696 0.0250140006 8.63455111e-09 -4.34088279e-08 1
LGIC_C 71 0.536132697 0.117468561 0.0250140156 -5.78784335e-08 -1.15127284e-08 1
LGIC_C 72 0.157517814 0.394373317 0.0250140018 -6.33660387e-09 4.96100877e-08 -1
LGIC_C 73 -0.00569576544 0.00333465305 0.0250139836 3.68002297e-08 -2.45891157e-08 1
LGIC_C 74 0.510557318 0.500721497 0.0250140145 -4.82586616e-08 -1.31306776e-08 1
LGIC_C 75 0.508590314 -0.611469372 0.0250140182 -2.45891087e-08 3.68002429e-08 1
LGIC_C 76 -0.667158427 0.068703663 0.0250140144 4.96100851e-08 2.90231542e-08 1
LGIC_C 77 0.337691839 -0.229967637 0.0250140027 -3.05989503e-08 3.95603122e-08 1
LGIC_C 78 0.249191495 0.388897495 0.0250140105 -3.27855134e-08 -4.90669575e-08 1
LGIC_C 79 -0.565448261 -0.259307618 0.0250140027 1.15916899e-08 4.97976879e-08 1
LGIC_C 80 0.711931665 -0.0414665787 0.0250140145 -4.34088226e-08 8.63456802e-09 1
LGIC_C 81 0.0764537848 0.690082793 0.025014017 -6.33660387e-09 4.96100877e-08 -1
LGIC_C 82 0.486370975 -0.309828937 0.0250140104 -3.05989503e-08 3.95603122e-08 1
LGIC_C 83 -0.364347214 0.240501387 0.025014004 -4.82586679e-08 1.31306769e-08 -1
LGIC_C 84 0.219592376 0.522610342 0.0250140114 1.3130701e-08 4.82586573e-08 -1
LGIC_C 85 -0.0754282465 0.106940164 0.0250139904 1.28239438e-08 -5.73353116e-08 1
LGIC_C 86 0.555496846 -0.325892826 0.0250140177 -3.37890406e-08 4.80634332e-08 1
LGIC_C 87 -0.309802521 -0.246900725 0.0250140015 1.45571809e-08 5.5602105e-08 1
LGIC_C 88 -0.620160561 -0.523446113 0.0250140165 1.15916899e-08 4.97976879e-08 1
LGIC_C 89 0.257526094 -0.485539336 0.02501401 -1.31306721e-08 4.82586744e-08 1
LGIC_C 90 -0.372346836 -0.31988794 0.0250140064 1.45571809e-08 5.5602105e-08 1
LGIC_C 91 0.188721529 0.779038579 0.0250140187 -8.63455884e-09 -4.34088253e-08 1
LGIC_C 92 0.229428768 -0.688883525 0.025014016 6.33663526e-09 4.9610097e-08 1
LGIC_C 93 -0.0713425922 0.571875318 0.0250140112 -6.33661298e-09 -4.96100859e-08 1
LGIC_C 94 0.151308934 -0.0370206575 0.0250139919 -4.96100802e-08 3.14742968e-08 1
LGIC_C 95 -0.32163984 -0.421098727 0.0250140073 -5.56021111e-08 -1.45571543e-08 -1
LGIC_C 96 0.332800064 -0.0154093008 0.0250139999 -4.96100859e-08 9.86807898e-09 1
LGIC_C 97 -0.384240682 0.0348571061 0.0250140013 4.96100851e-08 2.90231542e-08 1
LGIC_C 98 -0.351684646 -0.570917092 0.0250140146 3.95603082e-08 3.05989652e-08 1
LGIC_C 99 0.221300504 -0.0676816972 0.0250139963 -4.96100802e-08 3.14742968e-08 1
LGIC_C 100 -0.334554005 -0.50871247 0.0250140102 2.45891453e-08 3.68002268e-08 1
LGIC_C 101 -0.387337621 0.0328485667 0.0250140028 4.96100897e-08 -9.86805572e-09 1
LGIC_C 102 -0.348981052 0.440635735 0.025014013 1.28239438e-08 -5.73353116e-08 1
LGIC_C 103 -0.444302171 -0.00333074934 0.0250140026 4.34088238e-08 8.63459484e-09 1
LGIC_C 104 0.584318816 -0.249347821 0.0250140201 -4.90669481e-08 3.27855328e-08 1
LGIC_C 105 -0.29186952 0.103091795 0.0250139985 4.34088279e-08 -2.48392273e-08 1
LGIC_C 106 -0.298935551 0.777219752 0.0250140196 8.63455111e-09 -4.34088279e-08 1
LGIC_C 107 -0.750944778 -0.249380412 0.025014018 4.34088238e-08 8.63459484e-09 1
LGIC_C 108 -0.057307888 -0.516629956 0.0250140071 2.48392553e-08 4.34088306e-08 1
LGIC_C 109 0.178861435 0.0842072229 0.025013993 -4.82586616e-08 -1.31306776e-08 1
LGIC_C 110 -0.200846253 -0.697763651 0.0250140153 8.63456455e-09 4.34088336e-08 1
LGIC_C 111 -0.51801221 -0.142193723 0.0250140048 -4.96100919e-08 2.90231703e-08 -1
LGIC_C 112 0.712138041 -0.00772596675 0.0250140188 -4.96100802e-08 3.14742968e-08 1
LGIC_C 113 -0.0448982439 -0.70916681 0.0250140151 2.48392553e-08 4.34088306e-08 1
LGIC_C 114 -0.348592489 0.401966965 0.0250140108 1.28239438e-08 -5.73353116e-08 1
LGIC_C 115 0.538348259 -0.370236074 0.0250140143 -3.05989503e-08 3.95603122e-08 1
LGIC_C 116 0.140661289 -0.433642166 0.0250140069 1.00935263e-08 5.7878447e-08 1
LGIC_C 117 -0.206161358 -0.0152606631 0.0250139929 4.96100935e-08 -4.19869172e-08 1
LGIC_C 118 -0.309891467 -0.333335785 0.0250140057 3.95603082e-08 3.05989652e-08 1
LGIC_C 119 0.105103117 0.420449493 0.0250140052 -9.86806672e-09 -4.96100854e-08 1
LGIC_C 120 0.0276424992 0.49570978 0.0250140081 -9.86806672e-09 -4.96100854e-08 1
LGIC_C 121 -0.432609378 -0.404916113 0.0250140084 1.15916899e-08 4.97976879e-08 1
LGIC_C 122 0.623389961 -0.348144513 0.0250140147 -3.68002179e-08 2.45891393e-08 1
LGIC_C 123 0.351219824 -0.316661429 0.0250140108 -4.90669481e-08 3.27855328e-08 1
LGIC_C 124 0.50075545 -0.416254046 0.0250140119 -3.68002179e-08 2.45891393e-08 1
LGIC_C 125 0.11177016 -0.160845321 0.0250139925 -1.31306721e-08 4.82586744e-08 1
LGIC_C 126 0.616466943 -0.352702895 0.025014016 -3.05989503e-08 3.95603122e-08 1
LGIC_C 127 0.245846383 -0.332028901 0.0250140025 -1.31306721e-08 4.82586744e-08 1
LGIC_C 128 0.227468623 -0.352842455 0.0250140018 -2.45891087e-08 3.68002429e-08 1
LGIC_C 129 0.467176458 -0.0815038883 0.0250140042 -4.34088226e-08 8.63456802e-09 1
LGIC_C 130 -0.635806426 0.196672251 0.0250140126 4.34088259e-08 -8.63455061e-09 1
LGIC_C 131 0.437648471 0.26429622 0.0250140078 -4.82586616e-08 -1.31306776e-08 1
LGIC_C 132 -0.217764019 0.0695226454 0.0250139925 5.7878425e-08 4.89846948e-08 1
LGIC_C 133 -0.598103327 -0.0382222285 0.0250140096 4.34088238e-08 8.63459484e-09 1
LGIC_C 134 0.282935464 -0.645483517 0.0250140139 -2.45891087e-08 3.68002429e-08 1
LGIC_C 135 -0.289370542 -0.26432477 0.025014005 6.28883752e-09 7.55636663e-08 1
LGIC_C 136 0.380670353 -0.283779891 0.0250140042 -3.68002179e-08 2.45891393e-08 1
LGIC_C 137 0.354995992 -0.352153017 0.025014008 -3.05989503e-08 3.95603122e-08 1
LGIC_C 138 -0.704617703 -0.217254771 0.0250140091 4.96100935e-08 -4.19869172e-08 1
LGIC_C 139 0.14548339 -0.0173722592 0.025013991 -4.96100802e-08 3.14742968e-08 1
LGIC_C 140 0.429795479 0.554685792 0.0250140142 -2.45891309e-08 -3.68002211e-08 1
LGIC_C 141 0.459708105 0.122895907 0.0250140043 -4.34088272e-08 -8.63453573e-09 1
LGIC_C 142 -0.490925111 -0.537191906 0.0250140191 3.95603082e-08 3.05989652e-08 1
LGIC_C 143 -0.116717934 -0.174391058 0.0250139939 2.81018674e-08 4.20574117e-08 1
LGIC_C 144 -0.446714994 -0.463195624 0.0250140148 -5.56021111e-08 -1.45571543e-08 -1
LGIC_C 145 0.222591069 0.0128400672 0.0250139942 -4.96100869e-08 6.3366408e-09 1
LGIC_C 146 0.000709874938 0.57620604 0.0250140118 -6.33660387e-09 4.96100877e-08 -1
LGIC_C 147 -0.321385575 -0.341667714 0.0250140037 2.45891453e-08 3.68002268e-08 1
LGIC_C 148 0.442566033 -0.0637884208 0.0250140096 -5.78784275e-08 1.15127558e-08 1
LGIC_C 149 0.542837815 0.503370048 0.0250140156 -3.68002282e-08 -2.45891172e-08 1
LGIC_C 150 0.428537801 0.176414655 0.0250140034 -4.96100869e-08 6.3366408e-09 1
LGIC_C 151 -0.103047982 -0.722777187 0.0250140155 8.63456455e-09 4.34088336e-08 1
LGIC_C 152 0.250784676 0.584024629 0.0250140149 -2.81018716e-08 -4.20573923e-08 1
LGIC_C 153 0.170654605 -0.2294897 0.0250139986 -1.28239349e-08 5.73353226e-08 1
LGIC_C 154 0.144912119 0.520269352 0.0250140105 -9.86806672e-09 -4.96100854e-08 1
LGIC_C 155 -0.606075374 0.111635955 0.0250140105 4.34088259e-08 -8.63455061e-09 1
LGIC_C 156 -0.239050591 0.0254917234 0.0250139939 4.34088259e-08 -8.63455061e-09 1
LGIC_C 157 -0.415562579 0.284491093 0.0250140074 6.28881943e-09 -7.55636452e-08 1
LGIC_C 158 0.356347059 0.17457389 0.0250140037 3.37890593e-08 4.80634111e-08 -1
LGIC_C 159 0.784953138 0.15895295 0.0250140187 -4.34088272e-08 -8.63453573e-09 1
LGIC_C 160 -0.261343341 -0.066336493 0.0250139928 -4.34088282e-08 2.70157287e-08 -1
LGIC_C 161 -0.45146733 0.092198974 0.0250140066 4.96100897e-08 -9.86805572e-09 1
LGIC_C 162 0.457385342 -0.0106773487 0.0250140098 -5.78784275e-08 1.15127558e-08 1
LGIC_C 163 0.377734266 -0.252634421 0.0250140062 -4.20573976e-08 2.81018683e-08 1
LGIC_C 164 0.22206923 -0.598847537 0.0250140115 6.33663526e-09 4.9610097e-08 1
LGIC_C 165 -0.304854555 0.0342249236 0.0250139974 4.96100851e-08 2.90231542e-08 1
LGIC_C 166 -0.151620479 -0.67385071 0.0250140163 2.48392553e-08 4.34088306e-08 1
LGIC_C 167 -0.576464562 0.535515496 0.0250140177 3.68002297e-08 -2.45891157e-08 1
LGIC_C 168 -0.570477109 -0.256356174 0.0250140029 5.39043203e-09 6.47688584e-08 1
LGIC_C 169 0.655682631 -0.476342502 0.0250140191 -3.68002179e-08 2.45891393e-08 1
LGIC_C 170 0.54934469 -0.341546543 0.0250140182 -3.37890406e-08 4.80634332e-08 1
LGIC_C 171 -0.209013031 0.315115108 0.025014004 1.28239438e-08 -5.73353116e-08 1
LGIC_C 172 0.342839228 0.150373492 0.0250140021 3.37890593e-08 4.80634111e-08 -1
LGIC_C 173 0.691019851 0.318126382 0.0250140165 -3.68002282e-08 -2.45891172e-08 1
LGIC_C 174 -0.0764684934 -0.501761652 0.0250140069 2.48392553e-08 4.34088306e-08 1
LGIC_C 175 0.418615357 -0.289113589 0.0250140113 -3.37890406e-08 4.80634332e-08 1
LGIC_C 176 -0.606022904 -0.598898629 0.0250140201 1.15916899e-08 4.97976879e-08 1
LGIC_C 177 0.301652974 0.326884521 0.0250140055 -2.81018716e-08 -4.20573923e-08 1
LGIC_C 178 0.0626757404 -0.637753348 0.0250140145 6.33663526e-09 4.9610097e-08 1
LGIC_C 179 -0.235270799 -0.169716732 0.0250139975 6.28883752e-09 7.55636663e-08 1
LGIC_C 180 -0.136768311 0.258231722 0.025013998 2.8101852e-08 -4.20574041e-08 1
LGIC_C 181 -0.636580257 -0.301282992 0.0250140062 5.39043203e-09 6.47688584e-08 1
LGIC_C 182 0.0834974674 -0.184824284 0.0250139933 -2.81018481e-08 4.20574137e-08 1
LGIC_C 183 0.645807855 0.335916876 0.0250140188 -4.82586616e-08 -1.31306776e-08 1
LGIC_C 184 0.709109004 -0.0436593196 0.0250140151 -4.34088182e-08 2.48392526e-08 1
LGIC_C 185 0.365577055 -0.12608853 0.0250140022 -4.34088182e-08 2.48392526e-08 1
LGIC_C 186 -0.604308224 -0.31418408 0.0250140068 5.39043203e-09 6.47688584e-08 1
LGIC_C 187 0.150173256 0.101985761 0.025013994 -4.90669739e-08 -3.27854893e-08 1
LGIC_C 188 -0.75263405 0.103949869 0.0250140168 4.34088259e-08 -8.63455061e-09 1
LGIC_C 189 -0.544715373 0.273932348 0.0250140139 4.20574045e-08 -2.81018523e-08 1
LGIC_C 190 0.332225461 -0.759685302 0.0250140194 -2.45891087e-08 3.68002429e-08 1
LGIC_C 191 -0.411554194 -0.241392649 0.0250140011 5.39043203e-09 6.47688584e-08 1
LGIC_C 192 -0.302965726 0.112809254 0.0250139974 4.34088259e-08 -8.63455061e-09 1
LGIC_C 193 0.296189797 0.0629161373 0.0250139986 -4.96100911e-08 -9.86803575e-09 1
LGIC_C 194 -0.668752142 0.370682125 0.025014017 3.68002297e-08 -2.45891157e-08 1
LGIC_C 195 0.389136611 0.391029619 0.0250140106 -2.81018716e-08 -4.20573923e-08 1
LGIC_C 196 0.690118377 0.366425817 0.0250140177 -3.68002282e-08 -2.45891172e-08 1
LGIC_C 197 -0.265711088 -0.518611171 0.0250140089 2.45891453e-08 3.68002268e-08 1
LGIC_C 198 0.524759749 0.0285801951 0.0250140063 -4.34088272e-08 -8.63453573e-09 1
LGIC_C 199 0.612885944 0.246275379 0.0250140121 -4.96100869e-08 6.3366408e-09 1
LGIC_C 200 0.720942288 -0.295833067 0.0250140171 -4.34088226e-08 8.63456802e-09 1
LGIC_C 201 0.25937318 0.124167224 0.0250139976 -4.20574004e-08 -2.81018564e-08 1
LGIC_C 202 -0.0195160522 -0.301718854 0.0250139968 2.48392553e-08 4.34088306e-08 1
LGIC_C 203 -0.175212176 -0.0476927267 0.0250139906 -4.96100919e-08 2.90231703e-08 -1
LGIC_C 204 -0.363461956 0.550988211 0.0250140167 2.8101852e-08 -4.20574041e-08 1
LGIC_C 205 -0.101785726 0.256957219 0.025013997 9.86805557e-09 -4.96100883e-08 1
LGIC_C 206 0.654114427 -0.389221461 0.0250140169 -3.68002179e-08 2.45891393e-08 1
LGIC_C 207 -0.144084371 -0.445687015 0.025014002 -4.89847109e-08 5.78784581e-08 1
LGIC_C 208 -0.516140453 0.33371094 0.0250140126 -4.82586679e-08 1.31306769e-08 -1
LGIC_C 209 -0.00325061722 -0.000570434846 0.0250139838 -1.38908242e-07 -2.76307273e-08 -1
LGIC_C 210 0.0769590679 0.242612248 0.0250139961 -9.86806672e-09 -4.96100854e-08 1
LGIC_C 211 0.56457682 -0.196776216 0.0250140182 -5.78784275e-08 1.15127558e-08 1
LGIC_C 212 -0.364715442 -0.481849468 0.0250140106 -5.56021111e-08 -1.45571543e-08 -1
LGIC_C 213 0.36886122 -0.402834695 0.0250140105 -2.81018481e-08 4.20574137e-08 1
LGIC_C 214 0.476826643 -0.0509995363 0.0250140044 -4.34088226e-08 8.63456802e-09 1
LGIC_C 215 -0.45251311 -0.0390094795 0.0250140032 4.34088238e-08 8.63459484e-09 1
LGIC_C 216 0.219551326 -0.168814783 0.0250139966 -3.05989503e-08 3.95603122e-08 1
LGIC_C 217 0.49625102 -0.391828552 0.0250140188 -3.37890406e-08 4.80634332e-08 1
LGIC_C 218 -0.257466277 0.395311953 0.0250140057 1.31306824e-08 -4.82586643e-08 1
LGIC_C 219 -0.204413759 -0.464929964 0.0250140056 3.95603082e-08 3.05989652e-08 1
LGIC_C 220 -0.733325318 -0.349165075 0.0250140188 3.68002489e-08 2.45891179e-08 1
LGIC_C 221 0.67837712 -0.45363175 0.0250140193 -3.68002179e-08 2.45891393e-08 1
LGIC_C 222 -0.556224557 -0.153605204 0.0250140064 -4.96100919e-08 2.90231703e-08 -1
LGIC_C 223 0.228999697 0.40545023 0.025014008 -4.80634192e-08 -3.37890445e-08 1
LGIC_C 224 -0.383384442 0.0540176778 0.0250140007 4.96100851e-08 2.90231542e-08 1
LGIC_C 225 0.200793052 -0.651936442 0.0250140133 -8.63454093e-09 4.34088369e-08 1
LGIC_C 226 0.389228931 -0.237537698 0.0250140034 -3.68002179e-08 2.45891393e-08 1
LGIC_C 227 -0.168514407 0.507986212 0.0250140068 8.63455111e-09 -4.34088279e-08 1
LGIC_C 228 0.270658903 -0.32339035 0.0250140024 -1.31306721e-08 4.82586744e-08 1
LGIC_C 229 -0.512125103 -0.0843899705 0.0250140062 4.34088238e-08 8.63459484e-09 1
LGIC_C 230 -0.672186155 -0.215214637 0.0250140066 -4.34088282e-08 2.70157287e-08 -1
LGIC_C 231 0.532346201 0.254087061 0.0250140135 3.37890593e-08 4.80634111e-08 -1
LGIC_C 232 -0.276083621 0.773514378 0.0250140192 8.63455111e-09 -4.34088279e-08 1
LGIC_C 233 0.308592856 0.248679925 0.0250140014 -4.82586616e-08 -1.31306776e-08 1
LGIC_C 234 -0.0671893336 -0.453134664 0.0250140035 8.63456455e-09 4.34088336e-08 1
LGIC_C 235 0.29904858 0.46006556 0.025014011 -2.81018716e-08 -4.20573923e-08 1
LGIC_C 236 0.295310721 -0.0152713493 0.0250139964 -4.34088182e-08 2.48392526e-08 1
LGIC_C 237 0.665962553 -0.0198460212 0.0250140169 -4.96100802e-08 3.14742968e-08 1
LGIC_C 238 -0.15756201 0.0196089424 0.0250139914 5.7878425e-08 4.89846948e-08 1
LGIC_C 239 0.48894675 -0.289075717 0.0250140119 -4.20573976e-08 2.81018683e-08 1
LGIC_C 240 0.116264424 -0.161961898 0.025013994 -1.28239349e-08 5.73353226e-08 1
LGIC_C 241 -0.110205362 0.2269401 0.0250139959 2.8101852e-08 -4.20574041e-08 1
LGIC_C 242 0.636830691 -0.3205437 0.0250140201 -3.37890406e-08 4.80634332e-08 1
LGIC_C 243 -0.650397386 0.217680495 0.0250140177 4.96100897e-08 -9.86805572e-09 1
LGIC_C 244 0.564131324 -0.171426277 0.0250140179 -5.78784275e-08 1.15127558e-08 1
LGIC_C 245 -0.499440413 -0.459963912 0.0250140161 1.45571809e-08 5.5602105e-08 1
LGIC_C 246 0.391285622 0.452884989 0.0250140095 -2.45891309e-08 -3.68002211e-08 1
LGIC_C 247 -0.507570633 0.616644692 0.0250140184 2.45891128e-08 -3.68002333e-08 1
LGIC_C 248 0.0999545336 -0.0967407204 0.0250139893 -3.68002179e-08 2.45891393e-08 1
LGIC_C 249 0.501107042 -0.010868814 0.0250140084 -4.96100802e-08 3.14742968e-08 1
LGIC_C 250 0.21722213 0.514322864 0.0250140111 -4.80634192e-08 -3.37890445e-08 1
LGIC_C 251 0.0480737116 0.67162305 0.0250140163 -6.33660387e-09 4.96100877e-08 -1
LGIC_C 252 0.136460529 0.586326281 0.0250140166 -3.14742949e-08 -4.96100822e-08 1
LGIC_C 253 0.495276873 0.340093964 0.0250140116 -4.82586616e-08 -1.31306776e-08 1
LGIC_C 254 -0.464442294 0.284063921 0.0250140126 3.37890593e-08 -4.80634052e-08 1
LGIC_C 255 -0.776495412 -0.0812613256 0.0250140148 -4.34088282e-08 2.70157287e-08 -1
LGIC_C 256 -0.304856979 0.502731975 0.0250140093 2.45891128e-08 -3.68002333e-08 1
LGIC_C 257 0.28999264 0.296786586 0.0250140014 1.3130701e-08 4.82586573e-08 -1
LGIC_C 258 -0.278640038 0.559767476 0.0250140107 2.45891128e-08 -3.68002333e-08 1
LGIC_C 259 0.23591146 -0.336197916 0.0250140075 -3.27854948e-08 4.90669785e-08 1
LGIC_C 260 -0.0267799453 -0.613451051 0.0250140139 9.8680833e-09 4.96100963e-08 1
LGIC_C 261 0.0880958967 0.618139256 0.0250140109 -8.63455884e-09 -4.34088253e-08 1
LGIC_C 262 -0.352315392 0.326132316 0.0250140073 4.20574045e-08 -2.81018523e-08 1
LGIC_C 263 -0.681115364 -0.261933395 0.0250140058 -4.34088282e-08 2.70157287e-08 -1
LGIC_C 264 0.457916521 -0.318754468 0.0250140079 -3.68002179e-08 2.45891393e-08 1
LGIC_C 265 0.223938839 0.0147753968 0.0250139945 -4.96100911e-08 -9.86803575e-09 1
LGIC_C 266 -0.134657261 -0.323704772 0.0250139985 3.95603082e-08 3.05989652e-08 1
LGIC_C 267 -0.286275926 -0.260719824 0.0250140019 1.45571809e-08 5.5602105e-08 1
LGIC_C 268 -0.0882811195 -0.515188117 0.0250140062 -2.90231482e-08 4.96101036e-08 1
LGIC_C 269 -0.0615019852 0.680787938 0.0250140166 -6.33661298e-09 -4.96100859e-08 1
LGIC_C 270 -0.0878904885 -0.11773502 0.0250139907 7.55636799e-08 6.2887973e-09 1
LGIC_C 271 -0.501409481 -0.428626458 0.0250140122 3.68002489e-08 2.45891179e-08 1
LGIC_C 272 -0.430326262 0.297377759 0.0250140079 -4.82586679e-08 1.31306769e-08 -1
LGIC_C 273 0.733901273 -0.193533772 0.0250140199 -4.34088182e-08 2.48392526e-08 1
LGIC_C 274 -0.354729867 0.368022726 0.0250140055 2.45891128e-08 -3.68002333e-08 1
LGIC_C 275 0.0360011064 -0.580757595 0.0250140118 6.33663526e-09 4.9610097e-08 1
LGIC_C 276 -0.162040215 -0.518531274 0.0250140042 -2.90231482e-08 4.96101036e-08 1
LGIC_C 277 0.678750743 -0.105207258 0.0250140202 -4.96100802e-08 3.14742968e-08 1
LGIC_C 278 0.287118176 0.251303604 0.025014 -3.68002282e-08 -2.45891172e-08 1
LGIC_C 279 0.0611772651 -0.0979681576 0.0250139883 -2.45891087e-08 3.68002429e-08 1
LGIC_C 280 -0.286735141 -0.127616588 0.0250139945 1.45571809e-08 5.5602105e-08 1
LGIC_C 281 0.368530258 0.576239817 0.0250140204 -4.80634192e-08 -3.37890445e-08 1
LGIC_C 282 -0.243499583 -0.436447105 0.0250140062 3.95603082e-08 3.05989652e-08 1
LGIC_C 283 -0.250660316 -0.483575306 0.0250140053 7.55636799e-08 6.2887973e-09 1
LGIC_C 284 0.237620817 -0.790199219 0.0250140196 -8.63454093e-09 4.34088369e-08 1
LGIC_C 285 -0.270605765 0.489677245 0.0250140162 3.27854968e-08 -4.90669676e-08 1
LGIC_C 286 -0.523243126 0.0173385134 0.0250140087 4.96100851e-08 2.90231542e-08 1
LGIC_C 287 -0.0750733836 -0.140742389 0.0250139903 2.45891453e-08 3.68002268e-08 1
LGIC_C 288 0.0151594233 -0.336901047 0.0250139999 6.33663526e-09 4.9610097e-08 1
LGIC_C 289 0.0316994184 0.0235361586 0.025013985 -3.68002282e-08 -2.45891172e-08 1
LGIC_C 290 -0.357196516 -0.515095469 0.0250140149 2.81018674e-08 4.20574117e-08 1
LGIC_C 291 -0.521069757 0.45653406 0.0250140137 3.68002297e-08 -2.45891157e-08 1
LGIC_C 292 0.444525207 0.45165061 0.0250140147 -2.81018716e-08 -4.20573923e-08 1
LGIC_C 293 -0.664527863 -0.0577552489 0.0250140146 -4.96100919e-08 2.90231703e-08 -1
LGIC_C 294 0.0587935406 -0.188945354 0.0250139948 -1.15127059e-08 5.78784511e-08 1
LGIC_C 295 -0.166542648 0.112751184 0.0250139928 6.28881943e-09 -7.55636452e-08 1
LGIC_C 296 0.487511159 0.275448011 0.0250140115 -4.20574004e-08 -2.81018564e-08 1
LGIC_C 297 0.0128164799 0.375090698 0.0250139997 -8.63455884e-09 -4.34088253e-08 1
LGIC_C 298 0.0707167728 -0.505714511 0.025014009 -9.86804037e-09 4.96101e-08 1
LGIC_C 299 -0.102743249 -0.306614835 0.0250139995 9.8680833e-09 4.96100963e-08 1
LGIC_C 300 0.427094168 -0.0516726393 0.0250140031 -4.34088182e-08 2.48392526e-08 1
LGIC_C 301 0.10434778 0.382985821 0.0250140008 -8.63455884e-09 -4.34088253e-08 1
LGIC_C 302 0.397232698 0.328106213 0.0250140092 -4.20574004e-08 -2.81018564e-08 1
LGIC_C 303 -0.0368090758 0.363426326 0.0250140017 9.86805557e-09 -4.96100883e-08 1
LGIC_C 304 -0.124089907 0.392183102 0.0250140019 -6.33661298e-09 -4.96100859e-08 1
LGIC_C 305 -0.429826535 0.226540297 0.0250140047 3.68002297e-08 -2.45891157e-08 1
LGIC_C 306 0.169786691 0.0946646631 0.0250139935 3.37890593e-08 4.80634111e-08 -1
LGIC_C 307 -0.414561255 0.269855672 0.0250140068 -4.82586679e-08 1.31306769e-08 -1
LGIC_C 308 0.640751453 -0.249184089 0.0250140132 -4.34088226e-08 8.63456802e-09 1
LGIC_C 309 0.12991849 0.114700404 0.0250139908 -3.68002282e-08 -2.45891172e-08 1
LGIC_C 310 0.0971472886 0.795536557 0.0250140186 -8.63455884e-09 -4.34088253e-08 1
LGIC_C 311 0.589900137 0.603929964 0.02501402 -2.45891309e-08 -3.68002211e-08 1
LGIC_C 312 0.294554705 0.210675766 0.0250140016 -4.20574004e-08 -2.81018564e-08 1
LGIC_C 313 0.682499678 0.353303634 0.025014017 -3.68002282e-08 -2.45891172e-08 1
LGIC_C 314 -0.25957516 0.492357493 0.0250140078 2.45891128e-08 -3.68002333e-08 1
LGIC_C 315 -0.0974258419 0.00403519235 0.0250139881 4.96100897e-08 -9.86805572e-09 1
LGIC_C 316 -0.212141239 -0.207185679 0.0250140002 6.28883752e-09 7.55636663e-08 1
LGIC_C 317 -0.395481838 -0.20445546 0.0250140028 3.68002489e-08 2.45891179e-08 1
LGIC_C 318 -0.216298214 -0.341012146 0.0250140003 -5.56021111e-08 -1.45571543e-08 -1
LGIC_C 319 -0.498629613 -0.0667285242 0.0250140031 -4.34088282e-08 2.70157287e-08 -1
LGIC_C 320 0.439036562 0.566821314 0.0250140194 -2.81018716e-08 -4.20573923e-08 1
LGIC_C 321 0.596569902 -0.293799389 0.0250140175 -3.37890406e-08 4.80634332e-08 1
LGIC_C 322 0.533587485 0.231445615 0.025014012 -4.82586616e-08 -1.31306776e-08 1
LGIC_C 323 -0.318448985 -0.663338021 0.0250140201 2.81018674e-08 4.20574117e-08 1
LGIC_C 324 0.0290858728 0.684457686 0.025014017 -6.33660387e-09 4.96100877e-08 -1
LGIC_C 325 0.483022849 0.629838803 0.0250140183 -2.45891309e-08 -3.68002211e-08 1
LGIC_C 326 0.183229353 0.653849887 0.0250140145 -6.33660387e-09 4.96100877e-08 -1
LGIC_C 327 -0.29126503 -0.0217514846 0.0250139971 -4.96100919e-08 2.90231703e-08 -1
LGIC_C 328 -0.397994665 0.0167004412 0.025014001 4.34088279e-08 -2.48392273e-08 1
LGIC_C 329 0.59724712 -0.20519462 0.0250140149 -4.96100859e-08 9.86807898e-09 1
LGIC_C 330 0.387210803 -0.0733780752 0.0250140047 -4.96100802e-08 3.14742968e-08 1
LGIC_C 331 0.234085955 -0.0768601062 0.0250139953 -4.34088182e-08 2.48392526e-08 1
LGIC_C 332 -0.0241564216 -0.35672909 0.0250140012 9.8680833e-09 4.96100963e-08 1
LGIC_C 333 0.450018322 0.189124228 0.0250140045 -3.68002282e-08 -2.45891172e-08 1
LGIC_C 334 0.238118214 0.811659426 0.0140360339 0.194186548 0.976240951 0.0961519121
LGIC_C 335 0.183269105 0.592873192 0.0250140115 -6.33660387e-09 4.96100877e-08 -1
LGIC_C 336 -0.754748836 0.018622364 0.0250140165 4.34088279e-08 -2.48392273e-08 1
LGIC_C 337 -0.0518383104 -0.017736465 0.0250139854 5.7878436e-08 -4.89847332e-08 1
LGIC_C 338 -0.178970689 0.322059114 0.0250139995 2.45891128e-08 -3.68002333e-08 1
LGIC_C 339 0.153540472 -0.194529539 0.0250139946 -1.31306721e-08 4.82586744e-08 1
LGIC_C 340 -0.322179432 0.603910482 0.0250140177 2.8101852e-08 -4.20574041e-08 1
LGIC_C 341 -0.0357301677 -0.708446421 0.0250140143 8.63456455e-09 4.34088336e-08 1
LGIC_C 342 -0.837690005 -0.0156366119 0.0250140192 -4.34088282e-08 2.70157287e-08 -1
LGIC_C 343 0.270932696 0.470942272 0.0250140095 1.3130701e-08 4.82586573e-08 -1
LGIC_C 344 -0.137398795 0.0110568469 0.0250139907 5.7878425e-08 4.89846948e-08 1
LGIC_C 345 -0.123457051 -0.156203333 0.0250139936 7.55636799e-08 6.2887973e-09 1
LGIC_C 346 0.332930062 0.315907348 0.0250140033 -3.68002282e-08 -2.45891172e-08 1
LGIC_C 347 0.48705686 -0.176200153 0.0250140091 -4.96100859e-08 9.86807898e-09 1
LGIC_C 348 -0.147471732 -0.606781617 0.0250140148 9.8680833e-09 4.96100963e-08 1
LGIC_C 349 -0.192886124 -0.524533071 0.0250140036 -2.90231482e-08 4.96101036e-08 1
LGIC_C 350 -0.238261725 0.33533218 0.0250140015 2.45891128e-08 -3.68002333e-08 1
LGIC_C 351 -0.111579728 0.082129499 0.025013991 3.37890593e-08 -4.80634052e-08 1
LGIC_C 352 -0.199708474 -0.313379349 0.0250140007 3.95603082e-08 3.05989652e-08 1
LGIC_C 353 -0.350546377 0.158072418 0.0250140025 4.20574045e-08 -2.81018523e-08 1
LGIC_C 354 0.12802653 0.201494711 0.0250139953 -2.81018716e-08 -4.20573923e-08 1
LGIC_C 355 0.10740457 -0.560871735 0.0250140146 1.00935263e-08 5.7878447e-08 1
LGIC_C 356 0.111505737 0.685114776 0.025014014 -8.63455884e-09 -4.34088253e-08 1
LGIC_C 357 0.7571051 0.163637315 0.0250140198 -4.96100869e-08 6.3366408e-09 1
LGIC_C 358 0.0728039181 -0.0117012332 0.025013987 -4.96100859e-08 9.86807898e-09 1
LGIC_C 359 -0.247885871 0.206559654 0.0250140004 6.28881943e-09 -7.55636452e-08 1
LGIC_C 360 -0.494707741 0.4482789 0.0250140125 3.68002297e-08 -2.45891157e-08 1
LGIC_C 361 0.589938833 -0.167614449 0.0250140142 -4.96100859e-08 9.86807898e-09 1
LGIC_C 362 -0.439411004 -0.0991084107 0.0250140022 -4.96100919e-08 2.90231703e-08 -1
LGIC_C 363 -0.3485047 0.472457874 0.0250140106 1.31306824e-08 -4.82586643e-08 1
LGIC_C 364 0.0794187965 0.158409179 0.0250139936 -3.27855134e-08 -4.90669575e-08 1
LGIC_C 365 0.600421879 -0.316319949 0.0250140174 -4.20573976e-08 2.81018683e-08 1
LGIC_C 366 -0.327181236 -0.702586551 0.0250140177 3.95603082e-08 3.05989652e-08 1
LGIC_C 367 0.422629983 -0.150049457 0.0250140053 -4.34088182e-08 2.48392526e-08 1
LGIC_C 368 -0.11100902 -0.29096045 0.0250139986 2.48392553e-08 4.34088306e-08 1
LGIC_C 369 -0.0974470367 -0.588364024 0.0250140096 -2.90231482e-08 4.96101036e-08 1
LGIC_C 370 -0.374874153 -0.55927098 0.025014013 2.45891453e-08 3.68002268e-08 1
LGIC_C 371 0.210130678 0.0837249732 0.0250139931 -4.34088272e-08 -8.63453573e-09 1
LGIC_C 372 -0.0720493611 0.450062212 0.0250140034 8.63455111e-09 -4.34088279e-08 1
LGIC_C 373 -0.600406117 0.537932387 0.0250140186 3.68002297e-08 -2.45891157e-08 1
LGIC_C 374 0.0809369797 -0.209627304 0.0250139931 6.33663526e-09 4.9610097e-08 1
LGIC_C 375 0.144401724 -0.632638742 0.0250140184 1.00935263e-08 5.7878447e-08 1
LGIC_C 376 0.399852285 0.384425699 0.0250140109 -4.20574004e-08 -2.81018564e-08 1
LGIC_C 377 0.31780985 0.139803572 0.0250139984 -3.68002282e-08 -2.45891172e-08 1
LGIC_C 378 -0.63742642 0.0934476353 0.0250140122 4.96100851e-08 2.90231542e-08 1
LGIC_C 379 -0.0184541028 -0.476499116 0.0250140071 9.8680833e-09 4.96100963e-08 1
LGIC_C 380 0.0814620636 0.625476487 0.0250140151 -9.86806672e-09 -4.96100854e-08 1
LGIC_C 381 0.00976056815 0.642558763 0.0250140152 -9.86806672e-09 -4.96100854e-08 1
LGIC_C 382 0.580791872 -0.286163708 0.0250140166 -3.37890406e-08 4.80634332e-08 1
LGIC_C 383 0.337298989 -0.495138931 0.0250140186 -3.27854948e-08 4.90669785e-08 1
LGIC_C 384 -0.461030599 -0.384347754 0.0250140152 6.28883752e-09 7.55636663e-08 1
LGIC_C 385 0.602653895 0.0523820522 0.0250140187 -5.78784335e-08 -1.15127284e-08 1
LGIC_C 386 0.526901762 -0.468334352 0.0250140141 -3.68002179e-08 2.45891393e-08 1
LGIC_C 387 0.539595368 -0.246008447 0.0250140133 -3.37890406e-08 4.80634332e-08 1
LGIC_C 388 -0.00441592276 0.448012867 0.0250140056 -3.14742797e-08 4.96100914e-08 -1
LGIC_C 389 0.37503701 -0.370686971 0.0250140094 -4.20573976e-08 2.81018683e-08 1
LGIC_C 390 0.5422874 0.0310593854 0.0250140099 -4.96100869e-08 6.3366408e-09 1
LGIC_C 391 -0.209409259 0.0901243964 0.0250139947 3.37890593e-08 -4.80634052e-08 1
LGIC_C 392 -0.179674084 -0.574073741 0.0250140065 -2.90231482e-08 4.96101036e-08 1
LGIC_C 393 -0.0105193939 -0.323497468 0.0250139974 8.63456455e-09 4.34088336e-08 1
LGIC_C 394 0.427445711 0.664024189 0.0250140182 -2.45891309e-08 -3.68002211e-08 1
LGIC_C 395 0.334159733 0.423583921 0.0250140081 1.3130701e-08 4.82586573e-08 -1
LGIC_C 396 0.268707855 0.421127971 0.0250140071 1.3130701e-08 4.82586573e-08 -1
LGIC_C 397 -0.672574933 0.240866141 0.0250140145 4.34088259e-08 -8.63455061e-09 1
LGIC_C 398 -0.584044767 0.247211049 0.0250140149 3.37890593e-08 -4.80634052e-08 1
LGIC_C 399 0.603311214 -0.152591018 0.025014018 -4.96100802e-08 3.14742968e-08 1
