CaBS 10 0.111105845 -0.032617384 0.0631859373 0.344822999 -0.867728964 -0.357971429
CaBS 11 0.1078627 -0.0102761584 0.054382583 0.329239702 0.132369043 -0.934922272
CaBS 13 0.116214897 -0.00830628707 0.0611823319 0.321328636 0.750213906 -0.577864173
CaBS 14 0.093951409 -0.0284945145 0.0726835284 -0.735818491 -0.677177075 0.00153536998
CaBS 15 0.114179666 -0.00354951665 0.0664349032 0.735818353 0.677177225 -0.00153536905
CaBS 16 0.107952317 -0.0329239457 0.0608913503 0.344822999 -0.867728964 -0.357971429
CaBS 17 0.105032945 -0.036289836 0.0662381846 0.344822999 -0.867728964 -0.357971429
CaBS 19 0.122492611 -0.0187689215 0.0637149135 0.999896301 0.01419805 -0.0024089266
CaBS 20 0.0967193903 -0.00503372588 0.0712596665 -0.344822968 0.867728907 0.357971598
CaBS 21 0.112076553 -0.0101909832 0.0830414333 0.324116486 0.74980293 0.576839726
CaBS 22 0.0906043627 -0.0110925116 0.067876105 -0.999896295 -0.0141984568 0.00240892729
CaBS 23 0.116264375 -0.00580861335 0.0691435473 0.735818353 0.677177225 -0.00153536905
CaBS 24 0.0921366113 -0.0256808801 0.0802427594 -0.321328743 -0.750213836 0.577864204
Ca 4 0.550422456 -0.0617960776 0.683149869 0 0 0
Ca 6 -0.329653553 0.183463741 0.198659101 0 0 0
Ca 7 -0.206665524 0.199824458 0.406550582 0 0 0
Ca 4 -0.397803351 -0.163916721 0.428568648 0 0 0
Ca 8 0.462304365 0.223841444 0.58442349 0 0 0
Ca 4 0.0607329043 0.781424627 0.366380004 0 0 0
Ca 4 -0.0759889534 0.155158639 0.226866379 0 0 0
Ca 1 -0.464851497 0.15476777 0.67289691 0 0 0
Ca 1 -0.563755639 0.293644567 0.465670928 0 0 0
Ca 6 0.296051117 -0.421017512 0.441149121 0 0 0
Ca 7 -0.0938016307 0.15284318 0.469038867 0 0 0
Ca 4 0.0806824268 0.0137353064 0.627190829 0 0 0
Ca 4 -0.569744731 0.423378066 0.349743829 0 0 0
Ca 6 -0.214842518 -0.118645382 0.649222813 0 0 0
Ca 6 4.79854341e-05 -0.0502989746 0.484236468 0 0 0
Ca 8 -0.168049579 0.0920435233 0.336446057 0 0 0
Ca 8 -0.37245253 -0.0625443077 0.256687787 0 0 0
Ca 1 0.124851002 0.110587132 1.01574223 0 0 0
Ca 7 -0.162323214 0.509079506 0.312922778 0 0 0
Ca 1 -0.0125849299 0.104746947 0.486471217 0 0 0
Ca 7 -0.204375025 0.350191369 0.714407322 0 0 0
Ca 8 -0.102430431 -0.0908833834 0.179309882 0 0 0
Ca 7 -0.0464914679 -0.0198963706 0.876363167 0 0 0
Ca 6 -0.217780448 -0.546139107 0.817767266 0 0 0
Ca 4 0.188175142 0.729653333 0.362947045 0 0 0
Ca 4 -0.637226816 -0.0746719218 0.502877617 0 0 0
Ca 1 -0.151889015 0.682363946 0.115268771 0 0 0
Ca 1 0.398833722 0.323165214 0.0882354711 0 0 0
Ca 6 0.0205418595 0.324901924 0.712893016 0 0 0
Ca 7 -0.504375957 0.324440261 0.242539484 0 0 0
Ca 4 -0.318324994 0.0219376325 0.0508921733 0 0 0
Ca 8 0.480274167 0.503062757 0.40891857 0 0 0
Ca 4 0.306208475 -0.00451874212 0.464813302 0 0 0
Ca 6 0.284210746 0.457473512 0.413027628 0 0 0
Ca 4 0.132323038 0.128490805 0.355587025 0 0 0
Ca 7 -0.361605996 0.240156036 0.107183327 0 0 0
Ca 8 0.315908235 -0.176519863 0.538509415 0 0 0
Ca 7 0.305586077 0.143349391 0.350179859 0 0 0
Ca 6 -0.139312186 0.458946638 0.51741834 0 0 0
Ca 7 -0.269617569 0.0528767129 0.562145086 0 0 0
Ca 4 0.257812549 0.0125678105 0.447772968 0 0 0
Ca 6 0.0289870451 -0.429668196 0.127933646 0 0 0
Ca 4 -0.567241565 0.216377882 0.160442252 0 0 0
Ca 4 -0.707226311 0.330990863 0.383079511 0 0 0
Ca 1 -0.491349117 -0.304061577 0.434467536 0 0 0
Ca 8 -0.0726416257 0.249580449 0.354459934 0 0 0
Ca 8 0.00616078957 0.435440766 0.344864428 0 0 0
Ca 1 -0.473358959 0.159563045 0.437080275 0 0 0
Ca 1 0.0345311056 0.235476466 0.246423233 0 0 0
Ca 8 -0.0799993469 0.0217592613 0.481036504 0 0 0
Ca 1 0.0650878372 0.32341103 0.0670822782 0 0 0
Ca 8 -0.286585185 0.215758252 0.191977759 0 0 0
Ca 8 -0.177212699 -0.268077832 0.0818301525 0 0 0
Ca 8 -0.47092531 -0.0340216298 0.664716518 0 0 0
Ca 4 0.0980335896 -0.088645679 0.263011893 0 0 0
Ca 8 -0.386890671 0.173747924 0.288478699 0 0 0
Ca 1 -0.565283794 0.273972815 0.195900497 0 0 0
Ca 4 0.156917672 -0.00288021962 0.110624774 0 0 0
Ca 8 -0.157152659 0.0115817868 0.10358794 0 0 0
Ca 4 -0.0890985613 0.10733248 0.251819383 0 0 0
Ca 6 -0.271335395 0.265763885 0.398901223 0 0 0
Ca 7 0.276670473 0.278826148 0.0512194272 0 0 0
Ca 8 0.0327978108 0.194051342 0.151845658 0 0 0
Ca 7 -0.0997119788 0.181271339 0.298368139 0 0 0
Ca 7 -0.227307988 0.152563067 0.12214134 0 0 0
Ca 8 -0.0387497655 0.073500852 0.177696869 0 0 0
Ca 4 -0.0244048003 0.239541496 0.240188508 0 0 0
Ca 6 -0.0349351735 0.207545468 0.339896668 0 0 0
Ca 8 0.0729185214 -0.21115794 0.41133851 0 0 0
Ca 1 -0.0471467697 0.137599309 0.0695700159 0 0 0
Ca 6 -0.0433219196 -0.0705128788 0.13753274 0 0 0
Ca 1 -0.291328652 -0.0860555046 0.142415966 0 0 0
Ca 6 -0.0631291056 0.484375566 0.28842454 0 0 0
Ca 1 -0.202669563 -0.0244525509 0.102797685 0 0 0
Ca 6 -0.242834306 0.264326719 0.300377979 0 0 0
Ca 8 -0.0345467607 -0.0611864911 0.0883512806 0 0 0
Ca 4 -0.0543003641 0.14358159 0.127503606 0 0 0
Ca 4 -0.209082201 -0.106700663 0.0917659107 0 0 0
Ca 4 0.0674576738 0.00410525934 0.289678374 0 0 0
Ca 8 -0.0526530626 -0.107051975 0.0547711942 0 0 0
Ca 8 -0.191083759 0.185944647 0.13294203 0 0 0
Ca 1 -0.0642293392 -0.221437729 0.186391935 0 0 0
Ca 7 -0.243692275 -0.0474164717 0.0560785426 0 0 0
Ca 4 0.0596551897 -0.0352559551 0.0944592559 0 0 0
Ca 8 -0.012007985 -0.0870140199 0.0644892669 0 0 0
Ca 6 -0.241015499 0.0267846682 0.103926212 0 0 0
Ca 4 -0.10881564 0.0435868469 0.0938209471 0 0 0
Ca 8 -0.0960160179 -0.00353009456 0.0467220095 0 0 0
VGCC_O 3 0.0772568984 -0.00428239309 0.046693036 -1.41802159e-06 2.82063681e-07 -1
VGCC_O 9 0.0953603447 -0.018533153 0.0466930096 -1.14792244e-06 -1.24564753e-07 -1
VGCC_O 8 -0.134706799 0.0161271258 0.0466933331 -1.62059677e-06 3.22356891e-07 -1
VGCC_O 2 0.119933892 -0.04777957 0.0466929781 -1.41802115e-06 2.82063236e-07 -1
VGCC_O 7 -0.137449801 0.00579357966 0.0466933342 -1.62059625e-06 3.22356338e-07 -1
VGCC_O 0 0.11238887 -0.0311459409 0.0466929927 -1.01287282e-06 -1.51427976e-07 -1
VGCC_O 5 0.113746944 -0.0200409323 0.0466929896 -1.01287282e-06 -1.51427976e-07 -1
VGCC_O 1 -0.126159285 0.0151063295 0.0466933189 -1.62059625e-06 3.22356338e-07 -1
VGCC_O 4 -0.108229728 0.00324736392 0.0466932869 -8.10297798e-07 1.61178104e-07 -1
VGCC_O 6 -0.12622171 0.0241576588 0.046693322 -1.62059677e-06 3.22356891e-07 -1
TAG 41 -0.105784995 0.0105052503 0.0536665039 -0.333750681 -0.131703993 -0.933415524
TAG 73 0.105323475 -0.00357186878 0.063445091 -0.346545998 0.867982935 -0.355684546
TAG 71 -0.096079873 0.00270213046 0.0564810255 0.74861179 -0.322508554 -0.579282851
TAG 70 -0.118208439 0.00383577013 0.0653592954 -0.735818461 -0.677177107 0.0015353549
TAG 69 -0.119239302 0.00795267007 0.0681959954 -0.999896295 -0.0141984574 0.00240892698
TAG 67 -0.115078276 0.000454692191 0.0742448755 -0.735818461 -0.677177107 0.0015353549
TAG 65 0.119072188 -0.020557456 0.0800936336 0.751399702 -0.322919474 0.575431578
TAG 63 -0.104896891 0.0149528875 0.0527352849 0.329239713 0.132369034 -0.93492227
TAG 62 -0.0995730683 0.0302300905 0.0690462359 0.3213287 0.750213891 -0.577864158
TAG 59 -0.100018848 -0.00188752594 0.0603333581 0.344822933 -0.867729023 -0.35797135
TAG 55 -0.119337383 0.0151637023 0.0699872324 -0.999896295 -0.0141984574 0.00240892698
TAG 54 -0.104785227 0.0261860029 0.076486355 -0.344822968 0.867728888 0.357971643
TAG 53 -0.089146311 -0.000197085518 0.0670554248 0.74861179 -0.322508554 -0.579282851
TAG 52 -0.119278263 0.0119799944 0.0757618237 -0.999896295 -0.0141984574 0.00240892698
TAG 51 -0.102448777 0.00747370566 0.0865367572 -0.329239868 -0.132369105 0.934922205
TAG 45 -0.113699624 0.0170707545 0.0588716642 -0.751399624 0.322919173 -0.575431849
TAG 44 -0.11923843 0.00668793202 0.0611035411 -0.999896295 -0.0141984574 0.00240892698
LGIC_C 0 0.53567532 0.234514183 0.0250140124 -4.20574004e-08 -2.81018564e-08 1
LGIC_C 1 -0.329334243 0.0262721052 0.0250139978 4.34088259e-08 -8.63455061e-09 1
LGIC_C 2 -0.506736188 0.100903028 0.0250140094 4.96100897e-08 -9.86805572e-09 1
LGIC_C 3 0.247344392 -0.64013938 0.0250140174 -9.86804037e-09 4.96101e-08 1
LGIC_C 4 -0.383157112 -0.21398123 0.0250140018 6.28883752e-09 7.55636663e-08 1
LGIC_C 5 0.00798880151 -0.534842981 0.0250140141 1.00935263e-08 5.7878447e-08 1
LGIC_C 6 -0.337868113 0.480656637 0.0250140152 1.28239438e-08 -5.73353116e-08 1
LGIC_C 7 -0.719571257 0.441649821 -5.02040371e-05 -0.827617296 0.552995934 0.0961514895
LGIC_C 8 -0.249373328 0.282151083 0.0250139998 2.45891128e-08 -3.68002333e-08 1
LGIC_C 9 -0.475627337 -0.3033307 0.0250140091 6.28883752e-09 7.55636663e-08 1
LGIC_C 10 -0.399898571 -0.6191601 0.025014018 3.95603082e-08 3.05989652e-08 1
LGIC_C 11 0.198211129 0.578088728 0.0250140107 -6.33660387e-09 4.96100877e-08 -1
LGIC_C 12 0.355854489 0.181245181 0.0250140066 -4.90669739e-08 -3.27854893e-08 1
LGIC_C 13 0.697719976 -0.12341357 0.0250140191 -4.96100859e-08 9.86807898e-09 1
LGIC_C 14 0.637520055 0.234652183 0.0250140134 -4.96100869e-08 6.3366408e-09 1
LGIC_C 15 -0.435983525 -0.355606586 0.0250140086 5.39043203e-09 6.47688584e-08 1
LGIC_C 16 0.642014225 -0.102271411 0.0250140161 -4.96100859e-08 9.86807898e-09 1
LGIC_C 17 -0.54414918 0.348687193 0.0250140141 -4.82586679e-08 1.31306769e-08 -1
LGIC_C 18 0.267933507 -0.437994025 0.0250140092 -2.81018481e-08 4.20574137e-08 1
LGIC_C 19 -0.353010331 0.274851765 0.0250140084 3.37890593e-08 -4.80634052e-08 1
LGIC_C 20 0.176236782 -0.342103123 0.0250140026 -2.81018481e-08 4.20574137e-08 1
LGIC_C 21 -0.00440522257 -0.173369988 0.0250139917 -2.90231482e-08 4.96101036e-08 1
LGIC_C 22 0.171114906 0.620943174 0.0250140158 -9.86806672e-09 -4.96100854e-08 1
LGIC_C 23 -0.489513534 0.37029623 0.0250140104 3.68002297e-08 -2.45891157e-08 1
LGIC_C 24 0.0977125222 0.487202732 0.0250140084 -9.86806672e-09 -4.96100854e-08 1
LGIC_C 25 0.41476746 0.0243621381 0.0250140015 -4.34088272e-08 -8.63453573e-09 1
LGIC_C 26 -0.0728685578 0.294033304 0.0250140011 1.15127271e-08 -5.78784352e-08 1
LGIC_C 27 -0.254440537 0.486751598 0.0250140155 3.27854968e-08 -4.90669676e-08 1
LGIC_C 28 0.664525003 0.0837164927 0.0250140128 -4.34088272e-08 -8.63453573e-09 1
LGIC_C 29 -0.559735839 -0.123184776 0.0250140096 5.7878436e-08 -4.89847332e-08 1
LGIC_C 30 0.609187737 0.0665507447 0.025014013 -4.96100869e-08 6.3366408e-09 1
LGIC_C 31 -0.401807347 -0.493778499 0.0250140143 3.95603082e-08 3.05989652e-08 1
LGIC_C 32 0.0383314249 0.0828811193 0.0250139878 -2.81018716e-08 -4.20573923e-08 1
LGIC_C 33 -0.0174834128 0.599957253 0.0250140095 8.63455111e-09 -4.34088279e-08 1
LGIC_C 34 0.19078072 -0.443049981 0.0250140112 -3.27854948e-08 4.90669785e-08 1
LGIC_C 35 -0.161142067 -0.526581655 0.0250140047 -2.90231482e-08 4.96101036e-08 1
LGIC_C 36 0.541160066 -0.547364481 0.0250140167 -2.45891087e-08 3.68002429e-08 1
LGIC_C 37 0.129061979 0.744036701 0.0250140167 -8.63455884e-09 -4.34088253e-08 1
LGIC_C 38 0.713758633 -0.300999998 0.025014017 -3.05989503e-08 3.95603122e-08 1
LGIC_C 39 0.717449731 0.336604364 0.0250140179 -3.68002282e-08 -2.45891172e-08 1
LGIC_C 40 -0.74190511 0.0105703188 0.0250140157 4.34088279e-08 -2.48392273e-08 1
LGIC_C 41 -0.504259862 0.626542223 0.0250140187 2.45891128e-08 -3.68002333e-08 1
LGIC_C 42 -0.279156128 -0.610426836 0.0250140126 2.45891453e-08 3.68002268e-08 1
LGIC_C 43 -0.589686669 -0.550045371 0.0250140175 1.15916899e-08 4.97976879e-08 1
LGIC_C 44 0.288923801 0.569437852 0.0250140145 1.3130701e-08 4.82586573e-08 -1
LGIC_C 45 0.0123206072 -0.2180523 0.025013994 6.33663526e-09 4.9610097e-08 1
LGIC_C 46 -0.205919918 -0.190818941 0.0250139967 5.39043203e-09 6.47688584e-08 1
LGIC_C 47 0.497784231 -0.202510965 0.0250140144 -5.78784275e-08 1.15127558e-08 1
LGIC_C 48 -0.0216311214 -0.420054856 0.0250140017 8.63456455e-09 4.34088336e-08 1
LGIC_C 49 -0.544286768 -0.210730035 0.0250140087 4.34088238e-08 8.63459484e-09 1
LGIC_C 50 0.282111292 -0.309249124 0.0250140076 -3.27854948e-08 4.90669785e-08 1
LGIC_C 51 -0.591630661 -0.0115032106 0.025014009 4.34088238e-08 8.63459484e-09 1
LGIC_C 52 0.623133276 -0.182688621 0.0250140148 -4.34088182e-08 2.48392526e-08 1
LGIC_C 53 0.354780731 -0.135510201 0.025014002 -4.34088182e-08 2.48392526e-08 1
LGIC_C 54 -0.0543283909 -0.243519474 0.0250139946 -4.89847109e-08 5.78784581e-08 1
LGIC_C 55 0.436682472 0.546150954 0.0250140141 -2.45891309e-08 -3.68002211e-08 1
LGIC_C 56 -0.166881704 -0.233606377 0.0250139959 -5.56021111e-08 -1.45571543e-08 -1
LGIC_C 57 -0.0767641716 0.431180718 0.0250140071 -3.14742797e-08 4.96100914e-08 -1
LGIC_C 58 0.408805197 -0.0708227173 0.0250140027 -4.34088182e-08 2.48392526e-08 1
LGIC_C 59 -0.399660817 -0.254935902 0.0250140032 1.45571809e-08 5.5602105e-08 1
LGIC_C 60 0.133262097 0.468762108 0.0250140107 -3.14742949e-08 -4.96100822e-08 1
LGIC_C 61 -0.3667156 0.32467107 0.0250140078 4.20574045e-08 -2.81018523e-08 1
LGIC_C 62 -0.0908717697 0.431501926 0.0250140075 -3.14742797e-08 4.96100914e-08 -1
LGIC_C 63 0.185292848 -0.0298869108 0.0250139927 -4.96100859e-08 9.86807898e-09 1
LGIC_C 64 -0.24786091 0.0865440501 0.0250139934 5.7878425e-08 4.89846948e-08 1
LGIC_C 65 0.0372100391 0.316408108 0.0250139993 -9.86806672e-09 -4.96100854e-08 1
LGIC_C 66 -0.291563503 -0.309235608 0.0250140018 2.45891453e-08 3.68002268e-08 1
LGIC_C 67 -0.472309445 0.419233478 0.0250140179 6.28881943e-09 -7.55636452e-08 1
LGIC_C 68 -0.603956941 -0.0910407871 0.025014007 -4.34088282e-08 2.70157287e-08 -1
LGIC_C 69 -0.660192865 -0.343129729 0.025014016 3.68002489e-08 2.45891179e-08 1
LGIC_C 70 -0.0535445517 0.440906526 0.0250140029 8.63455111e-09 -4.34088279e-08 1
LGIC_C 71 0.614819657 0.128378084 0.0250140203 -5.78784335e-08 -1.15127284e-08 1
LGIC_C 72 0.089695003 0.346746046 0.0250139999 -6.33660387e-09 4.96100877e-08 -1
LGIC_C 73 -0.00944739783 0.00176349786 0.0250139837 4.34088279e-08 -2.48392273e-08 1
LGIC_C 74 0.491615409 0.442219193 0.0250140128 -4.82586616e-08 -1.31306776e-08 1
LGIC_C 75 0.544555467 -0.576928309 0.0250140179 -2.45891087e-08 3.68002429e-08 1
LGIC_C 76 -0.666103154 0.0892175301 0.0250140137 4.96100851e-08 2.90231542e-08 1
LGIC_C 77 0.314243324 -0.211565364 0.0250140012 -3.05989503e-08 3.95603122e-08 1
LGIC_C 78 0.250480462 0.382311332 0.0250140102 -3.27855134e-08 -4.90669575e-08 1
LGIC_C 79 -0.593544751 -0.252889354 0.0250140027 1.15916899e-08 4.97976879e-08 1
LGIC_C 80 0.706726334 -0.0663604438 0.0250140145 -4.34088226e-08 8.63456802e-09 1
LGIC_C 81 0.0929961351 0.684420102 0.0250140166 -6.33660387e-09 4.96100877e-08 -1
LGIC_C 82 0.4951661 -0.336443523 0.0250140117 -3.05989503e-08 3.95603122e-08 1
LGIC_C 83 -0.375077063 0.257007818 0.0250140047 -4.82586679e-08 1.31306769e-08 -1
LGIC_C 84 0.252666787 0.482011392 0.0250140098 1.3130701e-08 4.82586573e-08 -1
LGIC_C 85 -0.064110873 0.114056009 0.0250139906 1.28239438e-08 -5.73353116e-08 1
LGIC_C 86 0.565485824 -0.364118567 0.0250140198 -3.37890406e-08 4.80634332e-08 1
LGIC_C 87 -0.355997427 -0.203179679 0.0250139997 1.45571809e-08 5.5602105e-08 1
LGIC_C 88 -0.575534 -0.516229073 0.0250140156 1.15916899e-08 4.97976879e-08 1
LGIC_C 89 0.312556878 -0.50866829 0.0250140119 -1.31306721e-08 4.82586744e-08 1
LGIC_C 90 -0.326363649 -0.307195689 0.0250140051 1.45571809e-08 5.5602105e-08 1
LGIC_C 91 0.138541729 0.770473055 0.0250140179 -8.63455884e-09 -4.34088253e-08 1
LGIC_C 92 0.221779777 -0.669453173 0.025014015 6.33663526e-09 4.9610097e-08 1
LGIC_C 93 -0.0767562287 0.574255347 0.0250140113 -6.33661298e-09 -4.96100859e-08 1
LGIC_C 94 0.139694782 -0.038853065 0.0250139914 -4.96100802e-08 3.14742968e-08 1
LGIC_C 95 -0.357037477 -0.39181116 0.0250140088 -5.56021111e-08 -1.45571543e-08 -1
LGIC_C 96 0.353423217 -0.024073596 0.025014001 -4.96100859e-08 9.86807898e-09 1
LGIC_C 97 -0.362715086 0.110839455 0.025013998 4.96100851e-08 2.90231542e-08 1
LGIC_C 98 -0.323452874 -0.494652225 0.0250140112 3.95603082e-08 3.05989652e-08 1
LGIC_C 99 0.229969487 -0.0490708505 0.0250139962 -4.96100802e-08 3.14742968e-08 1
LGIC_C 100 -0.35337696 -0.482544513 0.0250140097 2.45891453e-08 3.68002268e-08 1
LGIC_C 101 -0.372295272 0.00986992915 0.0250140018 4.96100897e-08 -9.86805572e-09 1
LGIC_C 102 -0.334702053 0.461286948 0.025014014 1.28239438e-08 -5.73353116e-08 1
LGIC_C 103 -0.410525391 -0.0165655943 0.0250140012 4.34088238e-08 8.63459484e-09 1
LGIC_C 104 0.570570182 -0.23185535 0.0250140138 -4.96100859e-08 9.86807898e-09 1
LGIC_C 105 -0.333123633 0.0914473052 0.025014 4.34088279e-08 -2.48392273e-08 1
LGIC_C 106 -0.248339713 0.698798624 0.0250140157 8.63455111e-09 -4.34088279e-08 1
LGIC_C 107 -0.679737282 -0.271200854 0.0250140151 4.34088238e-08 8.63459484e-09 1
LGIC_C 108 -0.0265408618 -0.521665554 0.0250140065 2.48392553e-08 4.34088306e-08 1
LGIC_C 109 0.214220121 0.121971744 0.0250139952 -4.82586616e-08 -1.31306776e-08 1
LGIC_C 110 -0.145891186 -0.713516647 0.0250140155 8.63456455e-09 4.34088336e-08 1
LGIC_C 111 -0.534038322 -0.211604584 0.0250140036 -4.96100919e-08 2.90231703e-08 -1
LGIC_C 112 0.72080462 -0.00321889188 0.0250140191 -4.96100802e-08 3.14742968e-08 1
LGIC_C 113 -0.0255874919 -0.689282864 0.0250140138 2.48392553e-08 4.34088306e-08 1
LGIC_C 114 -0.349396131 0.388071117 0.02501401 1.28239438e-08 -5.73353116e-08 1
LGIC_C 115 0.50920656 -0.439307231 0.0250140162 -3.05989503e-08 3.95603122e-08 1
LGIC_C 116 0.168388261 -0.471006073 0.0250140088 1.00935263e-08 5.7878447e-08 1
LGIC_C 117 -0.159013706 -0.00708332003 0.025013991 -4.96100919e-08 2.90231703e-08 -1
LGIC_C 118 -0.288570828 -0.327709567 0.0250140047 3.95603082e-08 3.05989652e-08 1
LGIC_C 119 0.0929771661 0.424596683 0.0250140052 -9.86806672e-09 -4.96100854e-08 1
LGIC_C 120 0.0308913839 0.508691401 0.0250140088 -9.86806672e-09 -4.96100854e-08 1
LGIC_C 121 -0.426952702 -0.410594818 0.0250140086 1.15916899e-08 4.97976879e-08 1
LGIC_C 122 0.602784408 -0.284437784 0.0250140124 -3.68002179e-08 2.45891393e-08 1
LGIC_C 123 0.351332926 -0.339082596 0.0250140116 -4.90669481e-08 3.27855328e-08 1
LGIC_C 124 0.509950651 -0.416546141 0.0250140122 -3.68002179e-08 2.45891393e-08 1
LGIC_C 125 0.103403715 -0.153172065 0.025013992 -1.31306721e-08 4.82586744e-08 1
LGIC_C 126 0.632640313 -0.373224032 0.0250140174 -3.05989503e-08 3.95603122e-08 1
LGIC_C 127 0.298266798 -0.279396512 0.0250140034 -3.05989503e-08 3.95603122e-08 1
LGIC_C 128 0.270201243 -0.360994434 0.0250140032 -2.45891087e-08 3.68002429e-08 1
LGIC_C 129 0.403931146 -0.0950188761 0.0250140016 -4.34088226e-08 8.63456802e-09 1
LGIC_C 130 -0.667392413 0.17867968 0.0250140138 4.34088259e-08 -8.63455061e-09 1
LGIC_C 131 0.390394523 0.276053434 0.0250140057 -4.82586616e-08 -1.31306776e-08 1
LGIC_C 132 -0.236694497 0.0696090487 0.0250139935 5.7878425e-08 4.89846948e-08 1
LGIC_C 133 -0.569131144 -0.0551045703 0.0250140084 4.34088238e-08 8.63459484e-09 1
LGIC_C 134 0.298359719 -0.636578859 0.025014014 -2.45891087e-08 3.68002429e-08 1
LGIC_C 135 -0.348373743 -0.278084128 0.0250140064 6.28883752e-09 7.55636663e-08 1
LGIC_C 136 0.432415894 -0.25336076 0.0250140054 -3.68002179e-08 2.45891393e-08 1
LGIC_C 137 0.359622999 -0.28414693 0.0250140055 -3.05989503e-08 3.95603122e-08 1
LGIC_C 138 -0.675811357 -0.178700474 0.0250140093 4.96100935e-08 -4.19869172e-08 1
LGIC_C 139 0.141858752 -0.00640727424 0.0250139905 -4.96100802e-08 3.14742968e-08 1
LGIC_C 140 0.434798723 0.539045882 0.0250140138 -2.45891309e-08 -3.68002211e-08 1
LGIC_C 141 0.550123817 0.0555546157 0.0250140076 -4.34088272e-08 -8.63453573e-09 1
LGIC_C 142 -0.473119258 -0.533340133 0.0250140183 3.95603082e-08 3.05989652e-08 1
LGIC_C 143 -0.0753777904 -0.140275713 0.0250139913 2.81018674e-08 4.20574117e-08 1
LGIC_C 144 -0.470134286 -0.475632136 0.0250140164 3.95603082e-08 3.05989652e-08 1
LGIC_C 145 0.18573275 -0.00597828684 0.0250139914 -4.34088182e-08 2.48392526e-08 1
LGIC_C 146 0.0211091252 0.59495326 0.025014013 -9.86806672e-09 -4.96100854e-08 1
LGIC_C 147 -0.382780478 -0.29810075 0.0250140025 1.15916899e-08 4.97976879e-08 1
LGIC_C 148 0.407631419 -0.103812495 0.025014008 -5.78784275e-08 1.15127558e-08 1
LGIC_C 149 0.549907006 0.503663536 0.0250140159 -3.68002282e-08 -2.45891172e-08 1
LGIC_C 150 0.422564119 0.163496557 0.0250140032 -4.96100869e-08 6.3366408e-09 1
LGIC_C 151 -0.120981497 -0.703283271 0.0250140148 8.63456455e-09 4.34088336e-08 1
LGIC_C 152 0.262463781 0.609525614 0.0250140161 1.3130701e-08 4.82586573e-08 -1
LGIC_C 153 0.151869293 -0.160861431 0.0250139944 -1.28239349e-08 5.73353226e-08 1
LGIC_C 154 0.171823939 0.522518727 0.0250140109 -9.86806672e-09 -4.96100854e-08 1
LGIC_C 155 -0.625167057 0.0899625309 0.0250140112 4.34088259e-08 -8.63455061e-09 1
LGIC_C 156 -0.281255206 0.0281120213 0.0250139957 4.34088259e-08 -8.63455061e-09 1
LGIC_C 157 -0.393754548 0.289899491 0.0250140077 6.28881943e-09 -7.55636452e-08 1
LGIC_C 158 0.400658552 0.222931558 0.0250140075 3.37890593e-08 4.80634111e-08 -1
LGIC_C 159 0.740188885 0.238169255 0.0250140174 -4.34088272e-08 -8.63453573e-09 1
LGIC_C 160 -0.262793881 -0.101531914 0.0250139919 -4.34088282e-08 2.70157287e-08 -1
LGIC_C 161 -0.426027067 0.126346769 0.0250140057 4.96100897e-08 -9.86805572e-09 1
LGIC_C 162 0.45212342 -0.0875610189 0.0250140104 -5.78784275e-08 1.15127558e-08 1
LGIC_C 163 0.333292938 -0.230094854 0.0250140037 -4.20573976e-08 2.81018683e-08 1
LGIC_C 164 0.229545912 -0.578776444 0.0250140105 6.33663526e-09 4.9610097e-08 1
LGIC_C 165 -0.353282535 0.0729536641 0.0250139987 4.96100851e-08 2.90231542e-08 1
LGIC_C 166 -0.183372814 -0.684914875 0.0250140175 2.48392553e-08 4.34088306e-08 1
LGIC_C 167 -0.546376285 0.501297542 0.0250140162 -4.82586679e-08 1.31306769e-08 -1
LGIC_C 168 -0.620506089 -0.232715482 0.0250140122 4.34088238e-08 8.63459484e-09 1
LGIC_C 169 0.649737159 -0.458635272 0.0250140184 -3.68002179e-08 2.45891393e-08 1
LGIC_C 170 0.486173192 -0.363352322 0.0250140171 -3.37890406e-08 4.80634332e-08 1
LGIC_C 171 -0.208658505 0.260317824 0.0250140009 1.28239438e-08 -5.73353116e-08 1
LGIC_C 172 0.356154772 0.156473043 0.0250140026 -4.20574004e-08 -2.81018564e-08 1
LGIC_C 173 0.685498327 0.313427875 0.0250140162 -3.68002282e-08 -2.45891172e-08 1
LGIC_C 174 -0.0741270153 -0.547315048 0.0250140088 2.48392553e-08 4.34088306e-08 1
LGIC_C 175 0.385381514 -0.275725613 0.0250140095 -3.37890406e-08 4.80634332e-08 1
LGIC_C 176 -0.579664793 -0.573718504 0.0250140185 1.15916899e-08 4.97976879e-08 1
LGIC_C 177 0.338008243 0.337613827 0.025014007 -2.81018716e-08 -4.20573923e-08 1
LGIC_C 178 0.0387187264 -0.590099457 0.0250140123 6.33663526e-09 4.9610097e-08 1
LGIC_C 179 -0.259870985 -0.164209938 0.0250139973 6.28883752e-09 7.55636663e-08 1
LGIC_C 180 -0.184189994 0.213863638 0.0250139974 2.8101852e-08 -4.20574041e-08 1
LGIC_C 181 -0.673165073 -0.260434836 0.0250140147 4.34088238e-08 8.63459484e-09 1
LGIC_C 182 0.0614423503 -0.168124345 0.0250139937 -1.15127059e-08 5.78784511e-08 1
LGIC_C 183 0.676358945 0.332905509 0.0250140202 -4.82586616e-08 -1.31306776e-08 1
LGIC_C 184 0.740828054 -0.00488810454 0.0250140155 -4.34088182e-08 2.48392526e-08 1
LGIC_C 185 0.352188964 -0.160310226 0.0250140003 -3.05989503e-08 3.95603122e-08 1
LGIC_C 186 -0.64214098 -0.339801471 0.0250140087 5.39043203e-09 6.47688584e-08 1
LGIC_C 187 0.161942337 0.0828777061 0.0250139939 -4.90669739e-08 -3.27854893e-08 1
LGIC_C 188 -0.714531956 0.0901815705 0.0250140151 4.34088259e-08 -8.63455061e-09 1
LGIC_C 189 -0.500021768 0.24308148 0.0250140111 4.20574045e-08 -2.81018523e-08 1
LGIC_C 190 0.382210868 -0.690030708 0.025014018 -2.45891087e-08 3.68002429e-08 1
LGIC_C 191 -0.461616887 -0.235699549 0.025014001 5.39043203e-09 6.47688584e-08 1
LGIC_C 192 -0.295622715 0.080038906 0.0250139968 4.34088259e-08 -8.63455061e-09 1
LGIC_C 193 0.245626149 0.0785736971 0.0250139962 -4.96100911e-08 -9.86803575e-09 1
LGIC_C 194 -0.626440121 0.407944722 0.0250140164 3.68002297e-08 -2.45891157e-08 1
LGIC_C 195 0.335711678 0.417342455 0.0250140102 -2.81018716e-08 -4.20573923e-08 1
LGIC_C 196 0.739283804 0.358491547 0.0250140193 -3.68002282e-08 -2.45891172e-08 1
LGIC_C 197 -0.247776749 -0.505794339 0.025014008 2.45891453e-08 3.68002268e-08 1
LGIC_C 198 0.526166472 0.0180541864 0.0250140062 -4.34088272e-08 -8.63453573e-09 1
LGIC_C 199 0.611637438 0.250783097 0.025014012 -4.96100869e-08 6.3366408e-09 1
LGIC_C 200 0.751406705 -0.285507878 0.0250140183 -4.34088226e-08 8.63456802e-09 1
LGIC_C 201 0.242996231 0.105982363 0.0250139966 3.37890593e-08 4.80634111e-08 -1
LGIC_C 202 -0.071814391 -0.347634815 0.0250140001 2.48392553e-08 4.34088306e-08 1
LGIC_C 203 -0.163997511 -0.0511560097 0.0250139899 -4.96100919e-08 2.90231703e-08 -1
LGIC_C 204 -0.394260143 0.551599729 0.0250140176 2.8101852e-08 -4.20574041e-08 1
LGIC_C 205 -0.0864796189 0.248444047 0.0250139964 9.86805557e-09 -4.96100883e-08 1
LGIC_C 206 0.626360452 -0.375596049 0.0250140155 -3.68002179e-08 2.45891393e-08 1
LGIC_C 207 -0.117501112 -0.472449649 0.0250140048 -4.89847109e-08 5.78784581e-08 1
LGIC_C 208 -0.480919059 0.352704386 0.0250140111 -4.82586679e-08 1.31306769e-08 -1
LGIC_C 209 -0.05236348 0.00504096087 0.0250139907 -1.38908237e-07 2.76305608e-08 -1
LGIC_C 210 0.0508014642 0.235337124 0.0250139954 -9.86806672e-09 -4.96100854e-08 1
LGIC_C 211 0.597918039 -0.129783461 0.0250140193 -5.78784275e-08 1.15127558e-08 1
LGIC_C 212 -0.318904946 -0.442439427 0.0250140074 -5.56021111e-08 -1.45571543e-08 -1
LGIC_C 213 0.423591204 -0.424288718 0.025014013 -2.81018481e-08 4.20574137e-08 1
LGIC_C 214 0.515934182 -0.0386752078 0.025014006 -4.34088226e-08 8.63456802e-09 1
LGIC_C 215 -0.415185537 -0.0129606623 0.0250140009 -4.34088282e-08 2.70157287e-08 -1
LGIC_C 216 0.191017329 -0.143088351 0.0250139947 -3.05989503e-08 3.95603122e-08 1
LGIC_C 217 0.533886285 -0.388709031 0.0250140199 -3.37890406e-08 4.80634332e-08 1
LGIC_C 218 -0.279987658 0.357925692 0.0250140042 1.31306824e-08 -4.82586643e-08 1
LGIC_C 219 -0.2416218 -0.456293115 0.0250140068 3.95603082e-08 3.05989652e-08 1
LGIC_C 220 -0.67682525 -0.369498839 0.0250140172 3.68002489e-08 2.45891179e-08 1
LGIC_C 221 0.713105779 -0.453113705 -0.00102425332 0.827616944 -0.552996408 0.0961517878
LGIC_C 222 -0.560659813 -0.190939662 0.0250140055 -4.96100919e-08 2.90231703e-08 -1
LGIC_C 223 0.23303975 0.4459957 0.0250140095 -4.80634192e-08 -3.37890445e-08 1
LGIC_C 224 -0.383586213 0.117975472 0.0250139989 4.96100851e-08 2.90231542e-08 1
LGIC_C 225 0.191116465 -0.580957075 0.0250140101 -8.63454093e-09 4.34088369e-08 1
LGIC_C 226 0.35161676 -0.272632905 0.0250140029 -3.68002179e-08 2.45891393e-08 1
LGIC_C 227 -0.0922171825 0.470185309 0.0250140045 8.63455111e-09 -4.34088279e-08 1
LGIC_C 228 0.259480368 -0.314549093 0.0250140018 -1.31306721e-08 4.82586744e-08 1
LGIC_C 229 -0.552834221 -0.0484928956 0.0250140077 4.34088238e-08 8.63459484e-09 1
LGIC_C 230 -0.644586312 -0.251612624 0.0250140045 -4.34088282e-08 2.70157287e-08 -1
LGIC_C 231 0.500764442 0.291953875 0.0250140142 3.37890593e-08 4.80634111e-08 -1
LGIC_C 232 -0.220056347 0.752075643 0.0250140178 8.63455111e-09 -4.34088279e-08 1
LGIC_C 233 0.382088923 0.2104887 0.0250140044 -4.82586616e-08 -1.31306776e-08 1
LGIC_C 234 -0.057540598 -0.438335437 0.0250140028 8.63456455e-09 4.34088336e-08 1
LGIC_C 235 0.265962751 0.451417877 0.0250140097 -2.81018716e-08 -4.20573923e-08 1
LGIC_C 236 0.32429174 -0.00945314166 0.0250139975 -4.34088182e-08 2.48392526e-08 1
LGIC_C 237 0.681320841 -0.0309178993 0.025014018 -4.96100802e-08 3.14742968e-08 1
LGIC_C 238 -0.196094843 0.0311022559 0.0250139931 5.7878425e-08 4.89846948e-08 1
LGIC_C 239 0.520114425 -0.328744507 0.0250140143 -4.20573976e-08 2.81018683e-08 1
LGIC_C 240 0.134853144 -0.217437671 0.0250139974 -1.28239349e-08 5.73353226e-08 1
LGIC_C 241 -0.123023473 0.288425138 0.0250139989 2.8101852e-08 -4.20574041e-08 1
LGIC_C 242 0.617312438 -0.304413091 0.0250140187 -3.37890406e-08 4.80634332e-08 1
LGIC_C 243 -0.612512884 0.21325221 0.0250140158 4.96100897e-08 -9.86805572e-09 1
LGIC_C 244 0.594048351 -0.202842205 0.0250140199 -5.78784275e-08 1.15127558e-08 1
LGIC_C 245 -0.454681307 -0.447326691 0.0250140147 1.45571809e-08 5.5602105e-08 1
LGIC_C 246 0.440946155 0.514595934 0.025014013 -2.45891309e-08 -3.68002211e-08 1
LGIC_C 247 -0.451085784 0.683179713 0.0250140195 2.45891128e-08 -3.68002333e-08 1
LGIC_C 248 0.116935081 -0.133048044 0.025013991 -2.45891087e-08 3.68002429e-08 1
LGIC_C 249 0.504946647 -0.0229158094 0.025014009 -4.96100802e-08 3.14742968e-08 1
LGIC_C 250 0.213621886 0.506020362 0.0250140106 -4.80634192e-08 -3.37890445e-08 1
LGIC_C 251 0.00499249017 0.638263579 0.0250140149 -6.33660387e-09 4.96100877e-08 -1
LGIC_C 252 0.115831705 0.672400391 0.0250140203 -3.14742949e-08 -4.96100822e-08 1
LGIC_C 253 0.501498111 0.348965142 0.025014012 -4.82586616e-08 -1.31306776e-08 1
LGIC_C 254 -0.482047141 0.265173223 0.0250140123 3.37890593e-08 -4.80634052e-08 1
LGIC_C 255 -0.833045336 -0.0282037961 0.0250140187 -4.34088282e-08 2.70157287e-08 -1
LGIC_C 256 -0.270204248 0.585503296 0.0250140115 2.45891128e-08 -3.68002333e-08 1
LGIC_C 257 0.307173199 0.313557982 0.0250140024 1.3130701e-08 4.82586573e-08 -1
LGIC_C 258 -0.277173687 0.594762707 0.025014012 2.45891128e-08 -3.68002333e-08 1
LGIC_C 259 0.25352082 -0.320803796 0.0250140073 -3.27854948e-08 4.90669785e-08 1
LGIC_C 260 -0.0720493795 -0.587070713 0.0250140131 9.8680833e-09 4.96100963e-08 1
LGIC_C 261 0.136531875 0.555036536 0.0250140085 -8.63455884e-09 -4.34088253e-08 1
LGIC_C 262 -0.324413655 0.313491635 0.0250140057 4.20574045e-08 -2.81018523e-08 1
LGIC_C 263 -0.657945716 -0.245688013 0.0250140056 4.96100935e-08 -4.19869172e-08 1
LGIC_C 264 0.466706585 -0.282437608 0.0250140073 -3.68002179e-08 2.45891393e-08 1
LGIC_C 265 0.159414385 0.029000218 0.0250139914 -4.96100911e-08 -9.86803575e-09 1
LGIC_C 266 -0.08822954 -0.329739378 0.0250139997 2.48392553e-08 4.34088306e-08 1
LGIC_C 267 -0.28476696 -0.256566092 0.0250140016 1.45571809e-08 5.5602105e-08 1
LGIC_C 268 -0.0490834423 -0.511035026 0.0250140072 -2.90231482e-08 4.96101036e-08 1
LGIC_C 269 -0.0485708018 0.705511028 0.025014018 -6.33661298e-09 -4.96100859e-08 1
LGIC_C 270 -0.10179659 -0.121541351 0.0250139917 7.55636799e-08 6.2887973e-09 1
LGIC_C 271 -0.51591894 -0.382722796 0.0250140117 3.68002489e-08 2.45891179e-08 1
LGIC_C 272 -0.37825105 0.325155457 0.0250140058 -4.82586679e-08 1.31306769e-08 -1
LGIC_C 273 0.680773137 -0.0947199124 0.0250140151 -4.34088182e-08 2.48392526e-08 1
LGIC_C 274 -0.325393756 0.384505148 0.0250140054 2.45891128e-08 -3.68002333e-08 1
LGIC_C 275 0.0198557256 -0.581824918 0.025014012 6.33663526e-09 4.9610097e-08 1
LGIC_C 276 -0.0950355783 -0.392573906 0.0250139999 -2.90231482e-08 4.96101036e-08 1
LGIC_C 277 0.609177226 -0.0665291808 0.0250140155 -4.96100802e-08 3.14742968e-08 1
LGIC_C 278 0.279967119 0.269536245 0.0250140002 -3.68002282e-08 -2.45891172e-08 1
LGIC_C 279 0.0840486589 -0.0615161526 0.0250139878 -3.68002179e-08 2.45891393e-08 1
LGIC_C 280 -0.272493098 -0.144743138 0.0250139953 1.45571809e-08 5.5602105e-08 1
LGIC_C 281 0.293377404 0.66442377 0.0250140198 -4.80634192e-08 -3.37890445e-08 1
LGIC_C 282 -0.244761082 -0.488930323 0.0250140079 3.95603082e-08 3.05989652e-08 1
LGIC_C 283 -0.273282319 -0.497651617 0.0250140071 7.55636799e-08 6.2887973e-09 1
LGIC_C 284 0.190236428 -0.754870646 0.0250140176 -8.63454093e-09 4.34088369e-08 1
LGIC_C 285 -0.228362168 0.54316302 0.0250140174 3.27854968e-08 -4.90669676e-08 1
LGIC_C 286 -0.523172892 0.0043369352 0.0250140091 4.96100851e-08 2.90231542e-08 1
LGIC_C 287 -0.0617801845 -0.118106199 0.0250139891 2.45891453e-08 3.68002268e-08 1
LGIC_C 288 0.0686737066 -0.341342228 0.0250139997 6.33663526e-09 4.9610097e-08 1
LGIC_C 289 -0.0256282772 -0.0610123669 0.0250139861 2.45891453e-08 3.68002268e-08 1
LGIC_C 290 -0.402190064 -0.509016483 0.025014016 2.81018674e-08 4.20574117e-08 1
LGIC_C 291 -0.530149927 0.392158562 0.0250140124 3.68002297e-08 -2.45891157e-08 1
LGIC_C 292 0.448984481 0.46892004 0.0250140156 -2.81018716e-08 -4.20573923e-08 1
LGIC_C 293 -0.669142793 -0.0514581324 0.025014015 -4.96100919e-08 2.90231703e-08 -1
LGIC_C 294 0.0680703541 -0.209704373 0.0250139961 -1.15127059e-08 5.78784511e-08 1
LGIC_C 295 -0.167420999 0.162803301 0.0250139966 6.28881943e-09 -7.55636452e-08 1
LGIC_C 296 0.544534024 0.295216178 0.0250140144 -4.20574004e-08 -2.81018564e-08 1
LGIC_C 297 0.0374694169 0.309049705 0.025013997 -8.63455884e-09 -4.34088253e-08 1
LGIC_C 298 0.0321761787 -0.537582111 0.0250140102 -9.86804037e-09 4.96101e-08 1
LGIC_C 299 -0.0855346089 -0.307074188 0.0250139993 9.8680833e-09 4.96100963e-08 1
LGIC_C 300 0.411938116 -0.088345832 0.0250140033 -4.34088182e-08 2.48392526e-08 1
LGIC_C 301 0.0944335875 0.406535476 0.0250140017 -8.63455884e-09 -4.34088253e-08 1
LGIC_C 302 0.358863861 0.305095335 0.0250140069 -4.20574004e-08 -2.81018564e-08 1
LGIC_C 303 -0.0702846171 0.328100827 0.0250140002 9.86805557e-09 -4.96100883e-08 1
LGIC_C 304 -0.175199158 0.358939737 0.0250140029 1.31306824e-08 -4.82586643e-08 1
LGIC_C 305 -0.460839375 0.181325031 0.0250140078 4.34088279e-08 -2.48392273e-08 1
LGIC_C 306 0.186669918 0.0931378798 0.0250139937 -4.20574004e-08 -2.81018564e-08 1
LGIC_C 307 -0.423422332 0.301985679 0.0250140077 -4.82586679e-08 1.31306769e-08 -1
LGIC_C 308 0.595513622 -0.24020469 0.0250140112 -4.34088226e-08 8.63456802e-09 1
LGIC_C 309 0.172955281 0.134696398 0.0250139929 -3.68002282e-08 -2.45891172e-08 1
LGIC_C 310 0.0227584809 0.813454905 0.0250140188 -8.63455884e-09 -4.34088253e-08 1
LGIC_C 311 0.557919983 0.572025081 0.025014018 -2.45891309e-08 -3.68002211e-08 1
LGIC_C 312 0.310095034 0.17626209 0.0250140012 -4.20574004e-08 -2.81018564e-08 1
LGIC_C 313 0.626439032 0.358857576 0.0250140151 -3.68002282e-08 -2.45891172e-08 1
LGIC_C 314 -0.266620337 0.463653059 0.0250140069 2.45891128e-08 -3.68002333e-08 1
LGIC_C 315 -0.0885143448 0.0424150746 0.025013987 6.28881943e-09 -7.55636452e-08 1
LGIC_C 316 -0.239650052 -0.194198383 0.0250139994 6.28883752e-09 7.55636663e-08 1
LGIC_C 317 -0.428178411 -0.187681322 0.0250140036 3.68002489e-08 2.45891179e-08 1
LGIC_C 318 -0.174921671 -0.354794342 0.0250139982 -5.56021111e-08 -1.45571543e-08 -1
LGIC_C 319 -0.557244758 -0.0641300589 0.0250140057 -4.34088282e-08 2.70157287e-08 -1
LGIC_C 320 0.404106504 0.551632131 0.0250140178 -2.81018716e-08 -4.20573923e-08 1
LGIC_C 321 0.612906169 -0.342863994 0.0250140204 -3.37890406e-08 4.80634332e-08 1
LGIC_C 322 0.54289398 0.179921824 0.0250140167 -5.78784335e-08 -1.15127284e-08 1
LGIC_C 323 -0.291299033 -0.675798485 0.0250140199 2.81018674e-08 4.20574117e-08 1
LGIC_C 324 0.00372870111 0.728234674 0.0250140194 -6.33660387e-09 4.96100877e-08 -1
LGIC_C 325 0.468158041 0.690038769 0.0250140202 -2.45891309e-08 -3.68002211e-08 1
LGIC_C 326 0.198736152 0.685197778 0.025014016 -6.33660387e-09 4.96100877e-08 -1
LGIC_C 327 -0.289482707 -0.0219545679 0.025013997 -4.96100919e-08 2.90231703e-08 -1
LGIC_C 328 -0.405542397 0.0204693967 0.0250140014 4.34088279e-08 -2.48392273e-08 1
LGIC_C 329 0.642069092 -0.191588767 0.025014017 -4.96100859e-08 9.86807898e-09 1
LGIC_C 330 0.343975606 -0.0568794153 0.0250140021 -4.96100802e-08 3.14742968e-08 1
LGIC_C 331 0.229561366 -0.0453784106 0.0250139943 -4.34088182e-08 2.48392526e-08 1
LGIC_C 332 -0.00471545502 -0.364538461 0.0250140014 9.8680833e-09 4.96100963e-08 1
LGIC_C 333 0.458648008 0.127704218 0.0250140042 -4.34088272e-08 -8.63453573e-09 1
LGIC_C 334 0.241758531 0.810719211 0.016230221 0.194186548 0.976240951 0.0961519121
LGIC_C 335 0.187927513 0.621263572 0.0250140129 -6.33660387e-09 4.96100877e-08 -1
LGIC_C 336 -0.760639592 0.0224763853 0.0250140168 4.34088279e-08 -2.48392273e-08 1
LGIC_C 337 -0.0598753956 -0.0217560637 0.0250139853 -4.34088282e-08 2.70157287e-08 -1
LGIC_C 338 -0.152798866 0.290778362 0.0250139977 2.45891128e-08 -3.68002333e-08 1
LGIC_C 339 0.158694952 -0.270239066 0.0250139984 -1.31306721e-08 4.82586744e-08 1
LGIC_C 340 -0.260572447 0.627819895 0.025014017 2.8101852e-08 -4.20574041e-08 1
LGIC_C 341 -0.0213693018 -0.728099276 0.025014015 8.63456455e-09 4.34088336e-08 1
LGIC_C 342 -0.858420042 -0.0132891204 -0.00694155216 -0.976240825 -0.194187339 0.0961515894
LGIC_C 343 0.279180591 0.442818177 0.0250140083 1.3130701e-08 4.82586573e-08 -1
LGIC_C 344 -0.178053027 0.0315475324 0.025013992 5.7878425e-08 4.89846948e-08 1
LGIC_C 345 -0.0564925746 -0.109521931 0.0250139882 7.55636799e-08 6.2887973e-09 1
LGIC_C 346 0.369793725 0.354048881 0.0250140056 -3.68002282e-08 -2.45891172e-08 1
LGIC_C 347 0.399518397 -0.233207879 0.0250140105 -4.90669481e-08 3.27855328e-08 1
LGIC_C 348 -0.119375786 -0.630591978 0.0250140157 9.8680833e-09 4.96100963e-08 1
LGIC_C 349 -0.111896345 -0.594880252 0.0250140095 -2.90231482e-08 4.96101036e-08 1
LGIC_C 350 -0.207677886 0.350669964 0.0250140013 2.45891128e-08 -3.68002333e-08 1
LGIC_C 351 -0.123123411 0.0508327948 0.0250139899 3.37890593e-08 -4.80634052e-08 1
LGIC_C 352 -0.128647952 -0.373211352 0.0250140026 2.48392553e-08 4.34088306e-08 1
LGIC_C 353 -0.299927671 0.12532815 0.0250139994 4.20574045e-08 -2.81018523e-08 1
LGIC_C 354 0.177397409 0.249882783 0.0250139987 -2.81018716e-08 -4.20573923e-08 1
LGIC_C 355 0.121574664 -0.564151282 0.0250140147 1.00935263e-08 5.7878447e-08 1
LGIC_C 356 0.0837334664 0.745800781 0.0250140164 -8.63455884e-09 -4.34088253e-08 1
LGIC_C 357 0.722909553 0.216544051 0.0250140177 -4.96100869e-08 6.3366408e-09 1
LGIC_C 358 0.0433886841 -0.0426990551 0.0250139868 -4.90669481e-08 3.27855328e-08 1
LGIC_C 359 -0.197188568 0.161941546 0.0250139968 6.28881943e-09 -7.55636452e-08 1
LGIC_C 360 -0.482074764 0.458737246 0.0250140123 3.68002297e-08 -2.45891157e-08 1
LGIC_C 361 0.592119826 -0.117896382 0.0250140138 -4.96100859e-08 9.86807898e-09 1
LGIC_C 362 -0.3938875 -0.103396044 0.0250139998 -4.96100919e-08 2.90231703e-08 -1
LGIC_C 363 -0.478191446 0.367974326 0.0250140137 4.20574045e-08 -2.81018523e-08 1
LGIC_C 364 0.11436589 0.142361146 0.025013994 -3.27855134e-08 -4.90669575e-08 1
LGIC_C 365 0.618584883 -0.301050235 0.0250140177 -4.20573976e-08 2.81018683e-08 1
LGIC_C 366 -0.24605026 -0.7102106 0.0250140202 2.48392553e-08 4.34088306e-08 1
LGIC_C 367 0.403806532 -0.15530404 0.0250140046 -4.34088182e-08 2.48392526e-08 1
LGIC_C 368 -0.112261477 -0.254824378 0.0250139955 3.95603082e-08 3.05989652e-08 1
LGIC_C 369 -0.0561342421 -0.608461884 0.0250140118 -2.90231482e-08 4.96101036e-08 1
LGIC_C 370 -0.407222053 -0.51426202 0.0250140122 2.45891453e-08 3.68002268e-08 1
LGIC_C 371 0.192694845 0.0929773276 0.0250139926 -3.68002282e-08 -2.45891172e-08 1
LGIC_C 372 -0.0483695388 0.424748272 0.0250140021 8.63455111e-09 -4.34088279e-08 1
LGIC_C 373 -0.509401842 0.506778821 0.0250140145 3.68002297e-08 -2.45891157e-08 1
LGIC_C 374 0.13587579 -0.283303139 0.0250139987 -1.31306721e-08 4.82586744e-08 1
LGIC_C 375 0.183178914 -0.594263804 0.0250140158 1.00935263e-08 5.7878447e-08 1
LGIC_C 376 0.455171811 0.383944173 0.0250140132 -4.20574004e-08 -2.81018564e-08 1
LGIC_C 377 0.297055924 0.201509473 0.0250139991 -3.68002282e-08 -2.45891172e-08 1
LGIC_C 378 -0.606920745 0.0252747244 0.0250140126 4.96100851e-08 2.90231542e-08 1
LGIC_C 379 -0.0639035287 -0.40520877 0.025014004 9.8680833e-09 4.96100963e-08 1
LGIC_C 380 0.148901376 0.623730351 0.0250140157 -9.86806672e-09 -4.96100854e-08 1
LGIC_C 381 0.00175926963 0.603472061 0.0250140132 -6.33660387e-09 4.96100877e-08 -1
LGIC_C 382 0.554020723 -0.290004912 0.0250140159 -3.37890406e-08 4.80634332e-08 1
LGIC_C 383 0.303486391 -0.495526835 0.0250140175 -3.27854948e-08 4.90669785e-08 1
LGIC_C 384 -0.474987019 -0.380422092 0.025014015 6.28883752e-09 7.55636663e-08 1
LGIC_C 385 0.593159422 0.0806912979 0.0250140185 -5.78784335e-08 -1.15127284e-08 1
LGIC_C 386 0.582158232 -0.401538736 0.0250140145 -3.68002179e-08 2.45891393e-08 1
LGIC_C 387 0.525557442 -0.245609215 0.0250140128 -3.37890406e-08 4.80634332e-08 1
LGIC_C 388 -0.0503936707 0.466406913 0.0250140069 9.86805557e-09 -4.96100883e-08 1
LGIC_C 389 0.425244112 -0.328381147 0.0250140103 -4.20573976e-08 2.81018683e-08 1
LGIC_C 390 0.560485218 0.0676321586 0.0250140106 -4.96100869e-08 6.3366408e-09 1
LGIC_C 391 -0.24379517 0.101597885 0.0250139964 3.37890593e-08 -4.80634052e-08 1
LGIC_C 392 -0.158810792 -0.615464273 0.0250140091 -2.90231482e-08 4.96101036e-08 1
LGIC_C 393 -0.026147278 -0.364774355 0.0250139993 8.63456455e-09 4.34088336e-08 1
LGIC_C 394 0.433716717 0.644134248 0.0250140176 -2.45891309e-08 -3.68002211e-08 1
LGIC_C 395 0.322155805 0.456222371 0.0250140095 1.3130701e-08 4.82586573e-08 -1
LGIC_C 396 0.238271135 0.427670749 0.025014007 1.3130701e-08 4.82586573e-08 -1
LGIC_C 397 -0.60275869 0.138321776 0.0250140106 4.34088259e-08 -8.63455061e-09 1
LGIC_C 398 -0.596761438 0.257183873 0.0250140158 3.37890593e-08 -4.80634052e-08 1
LGIC_C 399 0.56643314 -0.175955591 0.0250140169 -4.96100802e-08 3.14742968e-08 1
