CaBS 10 0.112583591 -0.0301558754 0.0808640625 0.34654604 -0.867983022 0.355684293
CaBS 11 0.100058924 -0.012360364 0.0542829822 -0.751399618 0.322919164 -0.575431861
CaBS 13 0.0916437013 -0.0260051678 0.0646558238 -0.735818491 -0.677177075 0.00153536998
CaBS 14 0.115339922 -0.0086502811 0.0602491994 0.321328636 0.750213906 -0.577864173
CaBS 16 0.105089229 -0.0203390144 0.0534730404 -0.333750671 -0.131704002 -0.933415527
CaBS 17 0.096698655 -0.0110900972 0.0800731095 -0.748611723 0.322508223 0.579283121
CaBS 19 0.0933139445 -0.0188263575 0.0594620176 -0.751399618 0.322919164 -0.575431861
CaBS 20 0.105027293 -0.0327345949 0.0612017544 -0.324116536 -0.749802846 -0.576839807
CaBS 21 0.104741919 -0.0123500037 0.052989956 0.329239702 0.132369043 -0.934922272
CaBS 22 0.104294537 -0.00476813881 0.0779127834 -0.344822968 0.867728907 0.357971598
CaBS 23 0.107399679 -0.0260089222 0.085990311 -0.329239867 -0.132369096 0.934922207
CaBS 24 0.0987761808 -0.0043324697 0.0715410529 -0.344822968 0.867728907 0.357971598
Ca 4 0.724713815 -0.310467083 0.433954157 0 0 0
Ca 1 -0.508645481 -0.000398196305 0.717380993 0 0 0
Ca 1 0.336041236 -0.127282111 0.365758398 0 0 0
Ca 6 -0.0331633017 0.1443523 0.974055246 0 0 0
Ca 1 -0.0766023872 0.408032985 0.776336891 0 0 0
Ca 6 0.192972601 0.355404917 0.278713882 0 0 0
Ca 1 0.189331328 -0.212720373 0.80843997 0 0 0
Ca 1 -0.25750655 0.0519575022 0.491579958 0 0 0
Ca 7 -0.813251815 0.165042463 0.149613608 0 0 0
Ca 6 0.0364579552 0.0170454366 0.777410957 0 0 0
Ca 4 -0.134325097 0.125106317 0.310030182 0 0 0
CaBS_Ca 74 0.120861052 -0.0108052276 0.0683136431 0.735818353 0.677177225 -0.00153536905
Ca 7 -0.70726574 -0.218636369 0.334796589 0 0 0
Ca 1 0.217243275 0.333507563 0.364559029 0 0 0
Ca 8 -0.0476999463 -0.302990501 0.602439213 0 0 0
Ca 4 0.389933916 -0.00917690341 0.502211419 0 0 0
Ca 6 -0.0837605924 0.0939960525 0.127275032 0 0 0
Ca 6 0.398799804 0.465653287 0.134460168 0 0 0
Ca 8 -0.0584046213 0.0455894703 0.858832356 0 0 0
Ca 6 0.458286394 -0.388589909 0.197905726 0 0 0
Ca 4 0.344067259 0.252634178 0.429314769 0 0 0
Ca 1 0.00915996367 0.225389047 0.742997419 0 0 0
Ca 7 0.213017686 -0.102603765 0.207701941 0 0 0
Ca 8 0.0630768454 -0.510806142 0.427309439 0 0 0
Ca 7 -0.245096761 0.284493488 0.235489486 0 0 0
Ca 6 0.141290306 0.104322043 0.108760614 0 0 0
Ca 1 -0.126510498 0.26690242 0.922102081 0 0 0
Ca 6 0.256432572 0.198852444 0.596323593 0 0 0
Ca 4 -0.0410739416 0.310729878 0.0876913794 0 0 0
Ca 1 -0.586425219 -0.222015384 0.472531026 0 0 0
Ca 7 -0.252355502 -0.35467744 0.432636458 0 0 0
Ca 6 -0.640624051 -0.0271338968 0.231600992 0 0 0
Ca 4 0.192250328 -0.130946053 0.189085193 0 0 0
Ca 7 0.0880892482 0.201465111 0.2632809 0 0 0
Ca 7 -0.121003708 -0.567265951 0.600136502 0 0 0
Ca 7 -0.0386381342 0.310983696 0.265582484 0 0 0
Ca 8 -0.231553487 0.22655245 0.146727169 0 0 0
Ca 6 0.450518791 0.624556446 0.374852324 0 0 0
Ca 8 0.056752945 -0.00337989309 0.523211372 0 0 0
Ca 8 -0.402490804 -0.266681566 0.354527242 0 0 0
Ca 6 0.243120537 0.104371496 0.219347687 0 0 0
Ca 8 -0.459563978 0.0446469956 0.394515127 0 0 0
Ca 4 -0.0213010237 -0.224557713 0.610113183 0 0 0
Ca 8 0.141648368 0.500201283 0.532485217 0 0 0
Ca 8 -0.014893593 0.0788715461 0.246788592 0 0 0
Ca 8 -0.411160964 0.240711657 0.739532556 0 0 0
Ca 8 -0.277812863 -0.18464842 0.555731762 0 0 0
Ca 1 -0.49439238 0.25250234 0.242080664 0 0 0
Ca 8 -0.336153441 0.238167822 0.626243959 0 0 0
Ca 6 -0.331235656 -0.0762098464 0.189848454 0 0 0
Ca 4 -0.251574995 0.262582456 0.257741945 0 0 0
Ca 8 -0.204760927 0.0314294166 0.15852362 0 0 0
Ca 6 -0.113622482 -0.147125451 0.434617661 0 0 0
Ca 4 -0.0665205464 0.55291171 0.384456026 0 0 0
Ca 8 0.0262149298 -0.181893922 0.26750067 0 0 0
Ca 6 -0.208105214 -0.238746186 0.245675331 0 0 0
Ca 8 -0.327488283 -0.0379368986 0.256218964 0 0 0
Ca 8 -0.604675755 -0.0800571918 0.455805853 0 0 0
Ca 7 -0.272535215 0.14814541 0.272461826 0 0 0
Ca 7 0.308367267 0.209681025 0.100292626 0 0 0
Ca 4 -0.457922523 -0.129104393 0.379100932 0 0 0
Ca 7 -0.357665505 -0.214605292 0.240751233 0 0 0
Ca 1 -0.237136166 0.0640341508 0.303583424 0 0 0
Ca 6 0.0401238978 0.174198888 0.0565935215 0 0 0
Ca 1 -0.291340916 0.0590792712 0.214837669 0 0 0
Ca 8 -0.161355707 0.0712380112 0.14002542 0 0 0
Ca 7 0.0253033677 0.0171788642 0.166249278 0 0 0
Ca 6 -0.441078678 0.0595616259 0.11249818 0 0 0
Ca 1 0.0908045356 0.103118846 0.490421939 0 0 0
Ca 1 -0.00965083905 0.0547640204 0.104199197 0 0 0
Ca 7 0.0330240082 0.204526318 0.0651373133 0 0 0
Ca 7 -0.301239896 -0.0574770044 0.051970905 0 0 0
Ca 8 -0.196432145 -0.0685882726 0.129189527 0 0 0
Ca 4 -0.216367031 0.0603214467 0.171357559 0 0 0
Ca 6 -0.0919592762 0.0795165854 0.190401513 0 0 0
Ca 1 0.00204376311 0.0314239677 0.119443635 0 0 0
Ca 1 -0.0180619665 -0.167700354 0.244064828 0 0 0
Ca 7 -0.186080218 0.0393598626 0.0741533407 0 0 0
Ca 6 -0.0470496572 0.0675395903 0.131367562 0 0 0
Ca 8 -0.216302334 0.150681836 0.0892520954 0 0 0
Ca 4 -0.102585968 -0.0227204622 0.0882349512 0 0 0
Ca 6 -0.159344773 0.127366564 0.0572480585 0 0 0
Ca 8 -0.140378784 0.016038409 0.108066407 0 0 0
Ca 1 -0.162295695 -0.0132546496 0.0607941949 0 0 0
Ca 8 -0.195449391 0.00184194507 0.072528802 0 0 0
Ca 1 -0.155405198 -0.0360354911 0.0887025699 0 0 0
VGCC_O 9 0.0953603447 -0.018533153 0.0466930096 -1.14792244e-06 -1.24564753e-07 -1
VGCC_O 6 -0.12622171 0.0241576588 0.046693322 -1.62059677e-06 3.22356891e-07 -1
VGCC_O 3 0.0772568984 -0.00428239309 0.046693036 -1.41802159e-06 2.82063681e-07 -1
VGCC_O 0 0.11238887 -0.0311459409 0.0466929927 -1.01287282e-06 -1.51427976e-07 -1
VGCC_O 8 -0.134706799 0.0161271258 0.0466933331 -1.62059677e-06 3.22356891e-07 -1
VGCC_O 2 0.119933892 -0.04777957 0.0466929781 -1.41802115e-06 2.82063236e-07 -1
VGCC_O 4 -0.108229728 0.00324736392 0.0466932869 -8.10297798e-07 1.61178104e-07 -1
VGCC_O 7 -0.137449801 0.00579357966 0.0466933342 -1.62059625e-06 3.22356338e-07 -1
VGCC_O 1 -0.126159285 0.0151063295 0.0466933189 -1.62059625e-06 3.22356338e-07 -1
VGCC_O 5 0.113746944 -0.0200409323 0.0466929896 -1.01287282e-06 -1.51427976e-07 -1
TAG 41 -0.105784995 0.0105052503 0.0536665039 -0.333750681 -0.131703993 -0.933415524
TAG 73 0.105323475 -0.00357186878 0.063445091 -0.346545998 0.867982935 -0.355684546
TAG 71 -0.096079873 0.00270213046 0.0564810255 0.74861179 -0.322508554 -0.579282851
TAG 70 -0.118208439 0.00383577013 0.0653592954 -0.735818461 -0.677177107 0.0015353549
TAG 69 -0.119239302 0.00795267007 0.0681959954 -0.999896295 -0.0141984574 0.00240892698
TAG 67 -0.115078276 0.000454692191 0.0742448755 -0.735818461 -0.677177107 0.0015353549
TAG 65 0.119072188 -0.020557456 0.0800936336 0.751399702 -0.322919474 0.575431578
TAG 63 -0.104896891 0.0149528875 0.0527352849 0.329239713 0.132369034 -0.93492227
TAG 62 -0.0995730683 0.0302300905 0.0690462359 0.3213287 0.750213891 -0.577864158
TAG 59 -0.100018848 -0.00188752594 0.0603333581 0.344822933 -0.867729023 -0.35797135
TAG 55 -0.119337383 0.0151637023 0.0699872324 -0.999896295 -0.0141984574 0.00240892698
TAG 54 -0.104785227 0.0261860029 0.076486355 -0.344822968 0.867728888 0.357971643
TAG 53 -0.089146311 -0.000197085518 0.0670554248 0.74861179 -0.322508554 -0.579282851
TAG 52 -0.119278263 0.0119799944 0.0757618237 -0.999896295 -0.0141984574 0.00240892698
TAG 51 -0.102448777 0.00747370566 0.0865367572 -0.329239868 -0.132369105 0.934922205
TAG 45 -0.113699624 0.0170707545 0.0588716642 -0.751399624 0.322919173 -0.575431849
TAG 44 -0.11923843 0.00668793202 0.0611035411 -0.999896295 -0.0141984574 0.00240892698
LGIC_C 0 0.546112602 0.235023099 0.025014013 3.37890593e-08 4.80634111e-08 -1
LGIC_C 1 -0.309925745 0.0394755071 0.0250139971 4.34088259e-08 -8.63455061e-09 1
LGIC_C 2 -0.498711959 0.10276177 0.025014009 4.96100897e-08 -9.86805572e-09 1
LGIC_C 3 0.260394551 -0.64577081 0.0250140178 -9.86804037e-09 4.96101e-08 1
LGIC_C 4 -0.355633576 -0.219039853 0.025014002 6.28883752e-09 7.55636663e-08 1
LGIC_C 5 0.0252470377 -0.56322494 0.0250140156 1.00935263e-08 5.7878447e-08 1
LGIC_C 6 -0.332650883 0.462840966 0.0250140141 1.28239438e-08 -5.73353116e-08 1
LGIC_C 7 -0.715048584 0.445485498 0.0168182679 -0.827617296 0.552995934 0.0961514895
LGIC_C 8 -0.250716492 0.270231741 0.0250139994 2.45891128e-08 -3.68002333e-08 1
LGIC_C 9 -0.486478072 -0.298814004 0.0250140089 6.28883752e-09 7.55636663e-08 1
LGIC_C 10 -0.405002749 -0.616766208 0.0250140181 3.95603082e-08 3.05989652e-08 1
LGIC_C 11 0.214156395 0.598682882 0.0250140116 -6.33660387e-09 4.96100877e-08 -1
LGIC_C 12 0.367843054 0.166675472 0.0250140068 -4.90669739e-08 -3.27854893e-08 1
LGIC_C 13 0.703028523 -0.117705167 0.0250140193 -4.96100859e-08 9.86807898e-09 1
LGIC_C 14 0.650275267 0.230965757 0.025014014 -4.96100869e-08 6.3366408e-09 1
LGIC_C 15 -0.435774368 -0.355007759 0.0250140086 5.39043203e-09 6.47688584e-08 1
LGIC_C 16 0.639500814 -0.115986688 0.0250140161 -4.96100859e-08 9.86807898e-09 1
LGIC_C 17 -0.550568816 0.34941965 0.0250140144 -4.82586679e-08 1.31306769e-08 -1
LGIC_C 18 0.273930448 -0.425604545 0.0250140088 -2.81018481e-08 4.20574137e-08 1
LGIC_C 19 -0.369962971 0.260925724 0.0250140083 3.37890593e-08 -4.80634052e-08 1
LGIC_C 20 0.149598988 -0.334994075 0.0250140015 -2.81018481e-08 4.20574137e-08 1
LGIC_C 21 -0.00391752768 -0.174208493 0.0250139918 -2.90231482e-08 4.96101036e-08 1
LGIC_C 22 0.158344998 0.641504464 0.0250140166 -9.86806672e-09 -4.96100854e-08 1
LGIC_C 23 -0.487951856 0.367305148 0.0250140103 3.68002297e-08 -2.45891157e-08 1
LGIC_C 24 0.0979710426 0.494962287 0.0250140088 -9.86806672e-09 -4.96100854e-08 1
LGIC_C 25 0.415325449 0.0301089804 0.0250140015 -4.34088272e-08 -8.63453573e-09 1
LGIC_C 26 -0.0717348331 0.311641198 0.0250140021 1.15127271e-08 -5.78784352e-08 1
LGIC_C 27 -0.258870241 0.467039129 0.0250140147 3.27854968e-08 -4.90669676e-08 1
LGIC_C 28 0.671632819 0.102755276 0.0250140133 -4.34088272e-08 -8.63453573e-09 1
LGIC_C 29 -0.568535427 -0.105299717 0.025014011 5.7878436e-08 -4.89847332e-08 1
LGIC_C 30 0.593180011 0.0709640281 0.0250140122 -4.96100869e-08 6.3366408e-09 1
LGIC_C 31 -0.385890383 -0.488927183 0.0250140135 3.95603082e-08 3.05989652e-08 1
LGIC_C 32 0.0410165247 0.082807349 0.0250139879 -2.81018716e-08 -4.20573923e-08 1
LGIC_C 33 -0.0139240533 0.626021051 0.0250140106 8.63455111e-09 -4.34088279e-08 1
LGIC_C 34 0.189829598 -0.43945236 0.025014011 -3.27854948e-08 4.90669785e-08 1
LGIC_C 35 -0.156470478 -0.505148511 0.0250140037 -2.90231482e-08 4.96101036e-08 1
LGIC_C 36 0.544320621 -0.545453459 0.0250140167 -2.45891087e-08 3.68002429e-08 1
LGIC_C 37 0.126988269 0.745090361 0.0250140167 -8.63455884e-09 -4.34088253e-08 1
LGIC_C 38 0.70732415 -0.315758362 0.0250140174 -3.05989503e-08 3.95603122e-08 1
LGIC_C 39 0.739513282 0.339102887 0.0250140188 -3.68002282e-08 -2.45891172e-08 1
LGIC_C 40 -0.74619638 -3.75043238e-05 0.0250140157 4.34088279e-08 -2.48392273e-08 1
LGIC_C 41 -0.514751506 0.620761875 0.0250140188 2.45891128e-08 -3.68002333e-08 1
LGIC_C 42 -0.302287561 -0.598450778 0.0250140127 2.45891453e-08 3.68002268e-08 1
LGIC_C 43 -0.562964769 -0.542105076 0.0250140168 1.15916899e-08 4.97976879e-08 1
LGIC_C 44 0.297894711 0.574743708 0.0250140149 1.3130701e-08 4.82586573e-08 -1
LGIC_C 45 0.00468595851 -0.211050465 0.0250139937 6.33663526e-09 4.9610097e-08 1
LGIC_C 46 -0.199087713 -0.198766078 0.0250139972 5.39043203e-09 6.47688584e-08 1
LGIC_C 47 0.48670661 -0.195184549 0.0250140136 -5.78784275e-08 1.15127558e-08 1
LGIC_C 48 -0.0189840506 -0.422005703 0.0250140017 8.63456455e-09 4.34088336e-08 1
LGIC_C 49 -0.532769917 -0.207550619 0.0250140082 4.34088238e-08 8.63459484e-09 1
LGIC_C 50 0.261932127 -0.312573985 0.0250140071 -3.27854948e-08 4.90669785e-08 1
LGIC_C 51 -0.590639497 -0.0064224826 0.0250140087 -4.34088282e-08 2.70157287e-08 -1
LGIC_C 52 0.633869119 -0.158055719 0.0250140147 -4.34088182e-08 2.48392526e-08 1
LGIC_C 53 0.327476508 -0.1215218 0.0250140005 -4.34088182e-08 2.48392526e-08 1
LGIC_C 54 -0.0473245082 -0.23304653 0.0250139944 -4.89847109e-08 5.78784581e-08 1
LGIC_C 55 0.432915513 0.555288974 0.0250140143 -2.45891309e-08 -3.68002211e-08 1
LGIC_C 56 -0.172978296 -0.24612253 0.0250139965 -5.56021111e-08 -1.45571543e-08 -1
LGIC_C 57 -0.0871613763 0.421758438 0.0250140069 -3.14742797e-08 4.96100914e-08 -1
LGIC_C 58 0.431023061 -0.0804745012 0.0250140039 -4.34088182e-08 2.48392526e-08 1
LGIC_C 59 -0.406095524 -0.242174422 0.0250140026 1.45571809e-08 5.5602105e-08 1
LGIC_C 60 0.137855225 0.475566972 0.0250140112 -3.14742949e-08 -4.96100822e-08 1
LGIC_C 61 -0.377853052 0.326386904 0.0250140083 4.20574045e-08 -2.81018523e-08 1
LGIC_C 62 -0.092012143 0.4339328 0.0250140077 -3.14742797e-08 4.96100914e-08 -1
LGIC_C 63 0.188988442 -0.0277746421 0.0250139929 -4.96100859e-08 9.86807898e-09 1
LGIC_C 64 -0.256055718 0.0766913633 0.0250139943 5.7878425e-08 4.89846948e-08 1
LGIC_C 65 0.0300514705 0.304820857 0.0250139987 -9.86806672e-09 -4.96100854e-08 1
LGIC_C 66 -0.285457364 -0.335350074 0.0250140026 2.45891453e-08 3.68002268e-08 1
LGIC_C 67 -0.465455223 0.43563529 0.0250140191 6.28881943e-09 -7.55636452e-08 1
LGIC_C 68 -0.624826353 -0.121107688 0.0250140071 -4.34088282e-08 2.70157287e-08 -1
LGIC_C 69 -0.638561625 -0.338473405 0.0250140151 3.68002489e-08 2.45891179e-08 1
LGIC_C 70 -0.0831907676 0.445639615 0.0250140033 8.63455111e-09 -4.34088279e-08 1
LGIC_C 71 0.616442214 0.124587764 0.0250140203 -5.78784335e-08 -1.15127284e-08 1
LGIC_C 72 0.0897997639 0.350178414 0.0250140001 -6.33660387e-09 4.96100877e-08 -1
LGIC_C 73 -0.0279778446 0.0263566255 0.025013985 -4.82586679e-08 1.31306769e-08 -1
LGIC_C 74 0.498347963 0.456287803 0.0250140133 -4.82586616e-08 -1.31306776e-08 1
LGIC_C 75 0.54290914 -0.577130114 0.0250140178 -2.45891087e-08 3.68002429e-08 1
LGIC_C 76 -0.662715325 0.0744119708 0.025014014 4.96100851e-08 2.90231542e-08 1
LGIC_C 77 0.322095093 -0.199409589 0.025014001 -3.05989503e-08 3.95603122e-08 1
LGIC_C 78 0.244824752 0.388644463 0.0250140104 -3.27855134e-08 -4.90669575e-08 1
LGIC_C 79 -0.584435034 -0.252612917 0.0250140026 1.15916899e-08 4.97976879e-08 1
LGIC_C 80 0.714609555 -0.0760929142 0.0250140149 -4.34088226e-08 8.63456802e-09 1
LGIC_C 81 0.0781594642 0.700804467 0.0250140175 -6.33660387e-09 4.96100877e-08 -1
LGIC_C 82 0.490439765 -0.364535192 0.0250140127 -3.05989503e-08 3.95603122e-08 1
LGIC_C 83 -0.37008639 0.249687737 0.0250140044 -4.82586679e-08 1.31306769e-08 -1
LGIC_C 84 0.238692209 0.494061784 0.0250140102 1.3130701e-08 4.82586573e-08 -1
LGIC_C 85 -0.0472248408 0.0922636451 0.0250139892 1.28239438e-08 -5.73353116e-08 1
LGIC_C 86 0.585980928 -0.359596527 0.0250140203 -3.37890406e-08 4.80634332e-08 1
LGIC_C 87 -0.354225643 -0.195805509 0.0250139993 1.45571809e-08 5.5602105e-08 1
LGIC_C 88 -0.597274609 -0.523519823 0.0250140162 1.15916899e-08 4.97976879e-08 1
LGIC_C 89 0.309551724 -0.504496623 0.0250140116 -1.31306721e-08 4.82586744e-08 1
LGIC_C 90 -0.341916381 -0.301525648 0.025014005 1.45571809e-08 5.5602105e-08 1
LGIC_C 91 0.151259006 0.795237335 0.0250140191 -8.63455884e-09 -4.34088253e-08 1
LGIC_C 92 0.235545823 -0.649197138 0.025014014 6.33663526e-09 4.9610097e-08 1
LGIC_C 93 -0.0741139458 0.587107249 0.0250140119 -6.33661298e-09 -4.96100859e-08 1
LGIC_C 94 0.12363124 -0.0415277168 0.0250139907 -4.96100802e-08 3.14742968e-08 1
LGIC_C 95 -0.370868605 -0.397328121 0.0250140097 -5.56021111e-08 -1.45571543e-08 -1
LGIC_C 96 0.316832104 -0.0349957117 0.0250139993 -4.96100859e-08 9.86807898e-09 1
LGIC_C 97 -0.371431547 0.126984902 0.025013998 4.96100851e-08 2.90231542e-08 1
LGIC_C 98 -0.35480527 -0.490283192 0.0250140123 3.95603082e-08 3.05989652e-08 1
LGIC_C 99 0.229112341 -0.0627176779 0.0250139966 -4.96100802e-08 3.14742968e-08 1
LGIC_C 100 -0.350017922 -0.45757241 0.0250140087 2.45891453e-08 3.68002268e-08 1
LGIC_C 101 -0.378239883 0.00721418204 0.0250140021 4.96100897e-08 -9.86805572e-09 1
LGIC_C 102 -0.34257708 0.468975216 0.0250140146 1.28239438e-08 -5.73353116e-08 1
LGIC_C 103 -0.399223845 -0.0101984304 0.0250140007 4.34088238e-08 8.63459484e-09 1
LGIC_C 104 0.575508105 -0.234790103 0.0250140141 -4.96100859e-08 9.86807898e-09 1
LGIC_C 105 -0.306122841 0.0870357946 0.0250139987 4.34088279e-08 -2.48392273e-08 1
LGIC_C 106 -0.266786108 0.704536148 0.0250140162 8.63455111e-09 -4.34088279e-08 1
LGIC_C 107 -0.683665394 -0.271058757 0.0250140153 4.34088238e-08 8.63459484e-09 1
LGIC_C 108 -0.0408899576 -0.520432377 0.0250140069 2.48392553e-08 4.34088306e-08 1
LGIC_C 109 0.206526703 0.121330992 0.0250139948 -4.82586616e-08 -1.31306776e-08 1
LGIC_C 110 -0.148798963 -0.699245188 0.0250140149 8.63456455e-09 4.34088336e-08 1
LGIC_C 111 -0.533346806 -0.204080684 0.0250140042 5.7878436e-08 -4.89847332e-08 1
LGIC_C 112 0.718520234 -0.00084981133 0.0250140189 -4.96100802e-08 3.14742968e-08 1
LGIC_C 113 -0.0332429314 -0.669545319 0.0250140131 2.48392553e-08 4.34088306e-08 1
LGIC_C 114 -0.348876612 0.396592119 0.0250140105 1.28239438e-08 -5.73353116e-08 1
LGIC_C 115 0.496242739 -0.448825115 0.0250140162 -3.05989503e-08 3.95603122e-08 1
LGIC_C 116 0.189037325 -0.466601904 0.0250140083 1.00935263e-08 5.7878447e-08 1
LGIC_C 117 -0.164047157 -0.00618351645 0.0250139912 -4.96100919e-08 2.90231703e-08 -1
LGIC_C 118 -0.279413668 -0.336102375 0.0250140046 3.95603082e-08 3.05989652e-08 1
LGIC_C 119 0.0915148879 0.435592248 0.0250140058 -9.86806672e-09 -4.96100854e-08 1
LGIC_C 120 0.016336513 0.527564483 0.0250140096 -9.86806672e-09 -4.96100854e-08 1
LGIC_C 121 -0.416704188 -0.391934988 0.0250140076 1.15916899e-08 4.97976879e-08 1
LGIC_C 122 0.582405455 -0.272667272 0.0250140114 -3.68002179e-08 2.45891393e-08 1
LGIC_C 123 0.345594782 -0.344336042 0.0250140115 -4.90669481e-08 3.27855328e-08 1
LGIC_C 124 0.52022957 -0.437779852 0.0250140131 -3.68002179e-08 2.45891393e-08 1
LGIC_C 125 0.129419546 -0.167423079 0.025013993 -1.31306721e-08 4.82586744e-08 1
LGIC_C 126 0.621193998 -0.379460753 0.0250140172 -3.05989503e-08 3.95603122e-08 1
LGIC_C 127 0.305955262 -0.2891646 0.025014004 -3.05989503e-08 3.95603122e-08 1
LGIC_C 128 0.276467954 -0.355398228 0.0250140031 -2.45891087e-08 3.68002429e-08 1
LGIC_C 129 0.402538425 -0.0718742633 0.0250140013 -4.34088226e-08 8.63456802e-09 1
LGIC_C 130 -0.671014277 0.186689317 0.025014014 4.34088259e-08 -8.63455061e-09 1
LGIC_C 131 0.394786117 0.283247301 0.025014006 -4.82586616e-08 -1.31306776e-08 1
LGIC_C 132 -0.246862185 0.0804101224 0.0250139936 5.7878425e-08 4.89846948e-08 1
LGIC_C 133 -0.540885168 -0.0685225475 0.0250140073 4.34088238e-08 8.63459484e-09 1
LGIC_C 134 0.293752148 -0.632809638 0.0250140137 -2.45891087e-08 3.68002429e-08 1
LGIC_C 135 -0.325378185 -0.27723403 0.0250140062 6.28883752e-09 7.55636663e-08 1
LGIC_C 136 0.427013935 -0.276676646 0.0250140057 -3.68002179e-08 2.45891393e-08 1
LGIC_C 137 0.348411968 -0.294088724 0.0250140055 -3.05989503e-08 3.95603122e-08 1
LGIC_C 138 -0.669509298 -0.185886427 0.0250140087 4.96100935e-08 -4.19869172e-08 1
LGIC_C 139 0.11685576 -0.0385893491 0.0250139902 -4.96100802e-08 3.14742968e-08 1
LGIC_C 140 0.439173718 0.556686037 0.0250140145 -2.45891309e-08 -3.68002211e-08 1
LGIC_C 141 0.581076186 0.0703392607 0.0250140091 -4.34088272e-08 -8.63453573e-09 1
LGIC_C 142 -0.466900873 -0.539942782 0.0250140182 3.95603082e-08 3.05989652e-08 1
LGIC_C 143 -0.0714196951 -0.16397565 0.0250139921 2.81018674e-08 4.20574117e-08 1
LGIC_C 144 -0.471501928 -0.492310765 0.025014017 3.95603082e-08 3.05989652e-08 1
LGIC_C 145 0.187533006 -0.0156204641 0.0250139918 -4.34088182e-08 2.48392526e-08 1
LGIC_C 146 0.0354468904 0.600217845 0.0250140134 -9.86806672e-09 -4.96100854e-08 1
LGIC_C 147 -0.376870006 -0.290146235 0.0250140021 1.15916899e-08 4.97976879e-08 1
LGIC_C 148 0.41033049 -0.0889862785 0.025014008 -5.78784275e-08 1.15127558e-08 1
LGIC_C 149 0.559948107 0.509596356 0.0250140164 -3.68002282e-08 -2.45891172e-08 1
LGIC_C 150 0.425863333 0.17404704 0.0250140033 -4.96100869e-08 6.3366408e-09 1
LGIC_C 151 -0.140597969 -0.698583399 0.0250140148 8.63456455e-09 4.34088336e-08 1
LGIC_C 152 0.275200673 0.609139526 0.0250140163 1.3130701e-08 4.82586573e-08 -1
LGIC_C 153 0.137641264 -0.167664492 0.0250139946 -1.28239349e-08 5.73353226e-08 1
LGIC_C 154 0.150790221 0.536680144 0.0250140114 -9.86806672e-09 -4.96100854e-08 1
LGIC_C 155 -0.611099788 0.0976320395 0.0250140106 4.34088259e-08 -8.63455061e-09 1
LGIC_C 156 -0.278690249 0.0344184128 0.0250139957 4.34088259e-08 -8.63455061e-09 1
LGIC_C 157 -0.383530868 0.295444009 0.025014008 6.28881943e-09 -7.55636452e-08 1
LGIC_C 158 0.40350365 0.219325557 0.0250140074 3.37890593e-08 4.80634111e-08 -1
LGIC_C 159 0.730461869 0.22565032 0.0250140169 -4.34088272e-08 -8.63453573e-09 1
LGIC_C 160 -0.272456478 -0.098980264 0.0250139924 -4.34088282e-08 2.70157287e-08 -1
LGIC_C 161 -0.41082617 0.146416336 0.0250140051 4.96100897e-08 -9.86805572e-09 1
LGIC_C 162 0.434168469 -0.102969085 0.0250140095 -5.78784275e-08 1.15127558e-08 1
LGIC_C 163 0.338492176 -0.223414935 0.0250140037 -4.20573976e-08 2.81018683e-08 1
LGIC_C 164 0.249544065 -0.582341185 0.0250140146 -1.31306721e-08 4.82586744e-08 1
LGIC_C 165 -0.351434255 0.0704801864 0.0250139986 4.96100851e-08 2.90231542e-08 1
LGIC_C 166 -0.183919488 -0.698426789 0.0250140181 2.48392553e-08 4.34088306e-08 1
LGIC_C 167 -0.551205346 0.485881368 0.0250140163 -4.82586679e-08 1.31306769e-08 -1
LGIC_C 168 -0.598989782 -0.225756197 0.0250140112 4.34088238e-08 8.63459484e-09 1
LGIC_C 169 0.665145099 -0.452537896 0.0250140188 -3.68002179e-08 2.45891393e-08 1
LGIC_C 170 0.498953246 -0.381363028 0.0250140184 -3.37890406e-08 4.80634332e-08 1
LGIC_C 171 -0.206604319 0.249308315 0.0250140002 1.28239438e-08 -5.73353116e-08 1
LGIC_C 172 0.37430381 0.158744173 0.0250140034 -4.20574004e-08 -2.81018564e-08 1
LGIC_C 173 0.701396787 0.326937541 0.0250140171 -3.68002282e-08 -2.45891172e-08 1
LGIC_C 174 -0.10522685 -0.549477012 0.0250140097 2.48392553e-08 4.34088306e-08 1
LGIC_C 175 0.378645417 -0.267713292 0.0250140089 -3.37890406e-08 4.80634332e-08 1
LGIC_C 176 -0.549717172 -0.591516743 0.0250140185 2.45891453e-08 3.68002268e-08 1
LGIC_C 177 0.315851398 0.331216288 0.0250140061 -2.81018716e-08 -4.20573923e-08 1
LGIC_C 178 0.0198045562 -0.604868067 0.0250140131 6.33663526e-09 4.9610097e-08 1
LGIC_C 179 -0.246206143 -0.144564488 0.0250139957 6.28883752e-09 7.55636663e-08 1
LGIC_C 180 -0.161199698 0.202606612 0.0250139963 2.8101852e-08 -4.20574041e-08 1
LGIC_C 181 -0.674667258 -0.252867244 0.0250140147 4.34088238e-08 8.63459484e-09 1
LGIC_C 182 0.0567925122 -0.161608608 0.0250139932 -1.15127059e-08 5.78784511e-08 1
LGIC_C 183 0.659721348 0.298996915 0.025014019 -4.82586616e-08 -1.31306776e-08 1
LGIC_C 184 0.738711819 -0.0160847529 0.0250140157 -4.34088182e-08 2.48392526e-08 1
LGIC_C 185 0.363113173 -0.182166719 0.0250140015 -3.05989503e-08 3.95603122e-08 1
LGIC_C 186 -0.65080995 -0.336905714 0.0250140086 5.39043203e-09 6.47688584e-08 1
LGIC_C 187 0.139435925 0.0574537835 0.025013992 -4.90669739e-08 -3.27854893e-08 1
LGIC_C 188 -0.733092904 0.073985689 0.0250140157 4.34088259e-08 -8.63455061e-09 1
LGIC_C 189 -0.491983834 0.244138725 0.0250140108 4.20574045e-08 -2.81018523e-08 1
LGIC_C 190 0.391596906 -0.690671471 0.0250140183 -2.45891087e-08 3.68002429e-08 1
LGIC_C 191 -0.470425838 -0.225160173 0.0250140004 5.39043203e-09 6.47688584e-08 1
LGIC_C 192 -0.308150324 0.0618263701 0.0250139972 4.34088259e-08 -8.63455061e-09 1
LGIC_C 193 0.245191403 0.0684857914 0.0250139961 -4.96100911e-08 -9.86803575e-09 1
LGIC_C 194 -0.621838192 0.402708772 0.0250140161 3.68002297e-08 -2.45891157e-08 1
LGIC_C 195 0.33176522 0.409157347 0.0250140098 -2.81018716e-08 -4.20573923e-08 1
LGIC_C 196 0.725293553 0.353605741 0.0250140186 -3.68002282e-08 -2.45891172e-08 1
LGIC_C 197 -0.241253319 -0.500076592 0.0250140076 2.45891453e-08 3.68002268e-08 1
LGIC_C 198 0.513163656 0.0178285973 0.0250140057 -4.34088272e-08 -8.63453573e-09 1
LGIC_C 199 0.611232162 0.248369513 0.025014012 -4.96100869e-08 6.3366408e-09 1
LGIC_C 200 0.752858201 -0.298111928 0.0250140185 -4.34088226e-08 8.63456802e-09 1
LGIC_C 201 0.249156664 0.109618434 0.0250139969 3.37890593e-08 4.80634111e-08 -1
LGIC_C 202 -0.0647160358 -0.346589519 0.0250139999 2.48392553e-08 4.34088306e-08 1
LGIC_C 203 -0.170127843 -0.0326704207 0.0250139908 -4.96100919e-08 2.90231703e-08 -1
LGIC_C 204 -0.399268188 0.556962851 0.0250140179 2.8101852e-08 -4.20574041e-08 1
LGIC_C 205 -0.0966673479 0.244207175 0.0250139963 9.86805557e-09 -4.96100883e-08 1
LGIC_C 206 0.621932371 -0.382939153 0.0250140155 -3.68002179e-08 2.45891393e-08 1
LGIC_C 207 -0.128490582 -0.470094967 0.0250140041 -4.89847109e-08 5.78784581e-08 1
LGIC_C 208 -0.507660198 0.348994298 0.0250140124 -4.82586679e-08 1.31306769e-08 -1
LGIC_C 209 -0.0515927423 0.0259179425 0.0250139914 -1.17760707e-07 7.86851935e-08 -1
LGIC_C 210 0.0440879212 0.235583567 0.0250139954 -9.86806672e-09 -4.96100854e-08 1
LGIC_C 211 0.608789685 -0.12741493 0.0250140199 -5.78784275e-08 1.15127558e-08 1
LGIC_C 212 -0.312980253 -0.443695165 0.0250140071 -5.56021111e-08 -1.45571543e-08 -1
LGIC_C 213 0.400076714 -0.404970652 0.0250140115 -2.81018481e-08 4.20574137e-08 1
LGIC_C 214 0.525582969 -0.0482696246 0.0250140065 -4.34088226e-08 8.63456802e-09 1
LGIC_C 215 -0.435635328 -0.0150733892 0.0250140023 4.34088238e-08 8.63459484e-09 1
LGIC_C 216 0.188237813 -0.146674864 0.0250139948 -3.05989503e-08 3.95603122e-08 1
LGIC_C 217 0.540370542 -0.392193936 0.0250140203 -3.37890406e-08 4.80634332e-08 1
LGIC_C 218 -0.274751142 0.342525176 0.0250140034 1.31306824e-08 -4.82586643e-08 1
LGIC_C 219 -0.237074589 -0.426171632 0.0250140057 3.95603082e-08 3.05989652e-08 1
LGIC_C 220 -0.666079656 -0.345601456 0.0250140163 3.68002489e-08 2.45891179e-08 1
LGIC_C 221 0.715738724 -0.446591058 0.0138265456 0.827616944 -0.552996408 0.0961517878
LGIC_C 222 -0.563036282 -0.204792794 0.0250140053 -4.96100919e-08 2.90231703e-08 -1
LGIC_C 223 0.21973219 0.446794871 0.0250140089 -4.80634192e-08 -3.37890445e-08 1
LGIC_C 224 -0.400571544 0.12035728 0.0250139996 4.96100851e-08 2.90231542e-08 1
LGIC_C 225 0.195837873 -0.567315007 0.0250140096 -8.63454093e-09 4.34088369e-08 1
LGIC_C 226 0.346452163 -0.271692947 0.0250140027 -3.68002179e-08 2.45891393e-08 1
LGIC_C 227 -0.0912405258 0.468955534 0.0250140044 8.63455111e-09 -4.34088279e-08 1
LGIC_C 228 0.232358729 -0.304664085 0.025014001 -1.31306721e-08 4.82586744e-08 1
LGIC_C 229 -0.548782538 -0.0480089885 0.0250140075 4.34088238e-08 8.63459484e-09 1
LGIC_C 230 -0.640819033 -0.245662491 0.0250140045 -4.34088282e-08 2.70157287e-08 -1
LGIC_C 231 0.495756462 0.29272179 0.0250140141 3.37890593e-08 4.80634111e-08 -1
LGIC_C 232 -0.234292594 0.757052597 0.0250140182 8.63455111e-09 -4.34088279e-08 1
LGIC_C 233 0.378648483 0.220515593 0.0250140044 -4.82586616e-08 -1.31306776e-08 1
LGIC_C 234 -0.0574068282 -0.453604867 0.0250140034 8.63456455e-09 4.34088336e-08 1
LGIC_C 235 0.252115742 0.444772833 0.025014009 -2.81018716e-08 -4.20573923e-08 1
LGIC_C 236 0.327729229 -0.0277107435 0.0250139981 -4.34088182e-08 2.48392526e-08 1
LGIC_C 237 0.692156618 -0.0574508364 0.0250140194 -4.96100802e-08 3.14742968e-08 1
LGIC_C 238 -0.179257849 0.0464673473 0.0250139914 5.7878425e-08 4.89846948e-08 1
LGIC_C 239 0.529123514 -0.310065616 0.0250140142 -4.20573976e-08 2.81018683e-08 1
LGIC_C 240 0.137769074 -0.20736202 0.0250139969 -1.28239349e-08 5.73353226e-08 1
LGIC_C 241 -0.12869226 0.287403439 0.025013999 2.8101852e-08 -4.20574041e-08 1
LGIC_C 242 0.612428539 -0.297160628 0.0250140182 -3.37890406e-08 4.80634332e-08 1
LGIC_C 243 -0.618765457 0.205092456 0.025014016 4.96100897e-08 -9.86805572e-09 1
LGIC_C 244 0.590849209 -0.20389146 0.0250140198 -5.78784275e-08 1.15127558e-08 1
LGIC_C 245 -0.452934398 -0.415438691 0.0250140129 1.45571809e-08 5.5602105e-08 1
LGIC_C 246 0.431060827 0.531277905 0.0250140134 -2.45891309e-08 -3.68002211e-08 1
LGIC_C 247 -0.457664363 0.681643286 0.0250140196 2.45891128e-08 -3.68002333e-08 1
LGIC_C 248 0.128318444 -0.147391043 0.0250139918 -2.45891087e-08 3.68002429e-08 1
LGIC_C 249 0.512406861 -0.00855411344 0.0250140089 -4.96100802e-08 3.14742968e-08 1
LGIC_C 250 0.226708942 0.511036843 0.0250140114 -4.80634192e-08 -3.37890445e-08 1
LGIC_C 251 0.00102541542 0.620921297 0.0250140141 -9.86806672e-09 -4.96100854e-08 1
LGIC_C 252 0.117420934 0.663725534 0.0250140199 -3.14742949e-08 -4.96100822e-08 1
LGIC_C 253 0.476731198 0.355789324 0.0250140109 -4.82586616e-08 -1.31306776e-08 1
LGIC_C 254 -0.488623097 0.254837779 0.025014012 3.37890593e-08 -4.80634052e-08 1
LGIC_C 255 -0.824083362 -0.0268194855 0.0250140183 -4.34088282e-08 2.70157287e-08 -1
LGIC_C 256 -0.264236551 0.586211855 0.0250140113 2.45891128e-08 -3.68002333e-08 1
LGIC_C 257 0.30340278 0.310099891 0.0250140021 -2.45891309e-08 -3.68002211e-08 1
LGIC_C 258 -0.257533216 0.602501331 0.0250140118 2.45891128e-08 -3.68002333e-08 1
LGIC_C 259 0.246248453 -0.361002229 0.025014009 -3.27854948e-08 4.90669785e-08 1
LGIC_C 260 -0.0964942481 -0.613891562 0.0250140146 9.8680833e-09 4.96100963e-08 1
LGIC_C 261 0.139318489 0.531566206 0.0250140075 -8.63455884e-09 -4.34088253e-08 1
LGIC_C 262 -0.312167036 0.27774095 0.0250140042 4.20574045e-08 -2.81018523e-08 1
LGIC_C 263 -0.664829342 -0.256927283 0.0250140055 4.96100935e-08 -4.19869172e-08 1
LGIC_C 264 0.480630751 -0.302627306 0.0250140084 -3.68002179e-08 2.45891393e-08 1
LGIC_C 265 0.153452948 0.0391307052 0.0250139912 -4.96100911e-08 -9.86803575e-09 1
LGIC_C 266 -0.0973711188 -0.335809585 0.0250140002 2.48392553e-08 4.34088306e-08 1
LGIC_C 267 -0.295650312 -0.260042242 0.025014002 1.45571809e-08 5.5602105e-08 1
LGIC_C 268 -0.0162806593 -0.522520759 0.0250140087 -2.90231482e-08 4.96101036e-08 1
LGIC_C 269 -0.0440230269 0.703497265 0.0250140179 -6.33661298e-09 -4.96100859e-08 1
LGIC_C 270 -0.0973987719 -0.134286652 0.0250139915 7.55636799e-08 6.2887973e-09 1
LGIC_C 271 -0.501604551 -0.395784982 0.0250140114 3.68002489e-08 2.45891179e-08 1
LGIC_C 272 -0.354977254 0.31100693 0.0250140045 -4.82586679e-08 1.31306769e-08 -1
LGIC_C 273 0.68058787 -0.097513899 0.0250140152 -4.34088182e-08 2.48392526e-08 1
LGIC_C 274 -0.294740174 0.37831762 0.0250140044 2.45891128e-08 -3.68002333e-08 1
LGIC_C 275 0.0380627428 -0.58574078 0.0250140121 6.33663526e-09 4.9610097e-08 1
LGIC_C 276 -0.086498256 -0.381310876 0.0250139996 -2.90231482e-08 4.96101036e-08 1
LGIC_C 277 0.641528612 -0.0722818955 0.0250140173 -4.96100802e-08 3.14742968e-08 1
LGIC_C 278 0.255477693 0.252664525 0.0250139989 -3.68002282e-08 -2.45891172e-08 1
LGIC_C 279 0.0927870367 -0.0728006973 0.0250139884 -3.68002179e-08 2.45891393e-08 1
LGIC_C 280 -0.298198914 -0.138593377 0.0250139953 1.45571809e-08 5.5602105e-08 1
LGIC_C 281 0.295169038 0.673037368 0.0250140202 -4.80634192e-08 -3.37890445e-08 1
LGIC_C 282 -0.245985533 -0.494716586 0.0250140081 3.95603082e-08 3.05989652e-08 1
LGIC_C 283 -0.266569431 -0.485424747 0.0250140065 7.55636799e-08 6.2887973e-09 1
LGIC_C 284 0.175497202 -0.746893119 0.0250140172 -8.63454093e-09 4.34088369e-08 1
LGIC_C 285 -0.24770255 0.570096061 0.0250140194 3.27854968e-08 -4.90669676e-08 1
LGIC_C 286 -0.528306698 0.024213607 0.0250140088 4.96100851e-08 2.90231542e-08 1
LGIC_C 287 -0.071484909 -0.10458098 0.0250139889 2.45891453e-08 3.68002268e-08 1
LGIC_C 288 0.0726086143 -0.350895662 0.0250140002 6.33663526e-09 4.9610097e-08 1
LGIC_C 289 -0.0148314432 -0.0403581018 0.0250139851 8.63456455e-09 4.34088336e-08 1
LGIC_C 290 -0.412338608 -0.527654987 0.025014017 2.81018674e-08 4.20574117e-08 1
LGIC_C 291 -0.528005314 0.400378068 0.0250140125 3.68002297e-08 -2.45891157e-08 1
LGIC_C 292 0.444671255 0.456995662 0.025014015 -2.81018716e-08 -4.20573923e-08 1
LGIC_C 293 -0.647290091 -0.0370408291 0.0250140143 -4.96100919e-08 2.90231703e-08 -1
LGIC_C 294 0.0490001629 -0.229053661 0.025013997 -1.15127059e-08 5.78784511e-08 1
LGIC_C 295 -0.168509254 0.142647305 0.0250139951 6.28881943e-09 -7.55636452e-08 1
LGIC_C 296 0.557347557 0.29158298 0.0250140149 -4.20574004e-08 -2.81018564e-08 1
LGIC_C 297 0.0417074243 0.311464772 0.0250139971 -8.63455884e-09 -4.34088253e-08 1
LGIC_C 298 0.034585273 -0.536740838 0.0250140102 -9.86804037e-09 4.96101e-08 1
LGIC_C 299 -0.0587392497 -0.301675579 0.0250139988 9.8680833e-09 4.96100963e-08 1
LGIC_C 300 0.395152409 -0.0841942028 0.0250140025 -4.34088182e-08 2.48392526e-08 1
LGIC_C 301 0.109205953 0.414272266 0.0250140022 -8.63455884e-09 -4.34088253e-08 1
LGIC_C 302 0.360830632 0.286956814 0.0250140065 -4.20574004e-08 -2.81018564e-08 1
LGIC_C 303 -0.0782738242 0.318714889 0.0250139999 9.86805557e-09 -4.96100883e-08 1
LGIC_C 304 -0.181878982 0.378492376 0.0250140039 1.31306824e-08 -4.82586643e-08 1
LGIC_C 305 -0.455716502 0.179097463 0.0250140075 4.34088279e-08 -2.48392273e-08 1
LGIC_C 306 0.1777193 0.0933140367 0.0250139933 -4.20574004e-08 -2.81018564e-08 1
LGIC_C 307 -0.397930334 0.310330741 0.0250140065 -4.82586679e-08 1.31306769e-08 -1
LGIC_C 308 0.611077478 -0.244790039 0.0250140119 -4.34088226e-08 8.63456802e-09 1
LGIC_C 309 0.15287924 0.13761155 0.0250139923 -3.68002282e-08 -2.45891172e-08 1
LGIC_C 310 0.00551889915 0.800020823 0.025014018 -8.63455884e-09 -4.34088253e-08 1
LGIC_C 311 0.552366797 0.588697628 0.0250140185 -2.45891309e-08 -3.68002211e-08 1
LGIC_C 312 0.292340301 0.171986854 0.0250140004 -4.20574004e-08 -2.81018564e-08 1
LGIC_C 313 0.60012609 0.362817268 0.0250140143 -3.68002282e-08 -2.45891172e-08 1
LGIC_C 314 -0.279516323 0.474427236 0.0250140076 2.45891128e-08 -3.68002333e-08 1
LGIC_C 315 -0.0919532787 0.0422672061 0.025013987 6.28881943e-09 -7.55636452e-08 1
LGIC_C 316 -0.230700935 -0.208106195 0.0250140004 6.28883752e-09 7.55636663e-08 1
LGIC_C 317 -0.423104723 -0.18221137 0.0250140033 3.68002489e-08 2.45891179e-08 1
LGIC_C 318 -0.186832329 -0.343753742 0.0250139987 -5.56021111e-08 -1.45571543e-08 -1
LGIC_C 319 -0.543865015 -0.0660091958 0.0250140051 -4.34088282e-08 2.70157287e-08 -1
LGIC_C 320 0.383679218 0.549310462 0.0250140171 -2.81018716e-08 -4.20573923e-08 1
LGIC_C 321 0.602440498 -0.341643715 0.02501402 -3.37890406e-08 4.80634332e-08 1
LGIC_C 322 0.544845789 0.170086902 0.0250140167 -5.78784335e-08 -1.15127284e-08 1
LGIC_C 323 -0.282843181 -0.681989087 0.0250140199 2.81018674e-08 4.20574117e-08 1
LGIC_C 324 0.0389266113 0.706553256 0.0250140181 -6.33660387e-09 4.96100877e-08 -1
LGIC_C 325 0.45818773 0.696514346 0.0250140202 -2.45891309e-08 -3.68002211e-08 1
LGIC_C 326 0.192964091 0.664877648 0.025014015 -6.33660387e-09 4.96100877e-08 -1
LGIC_C 327 -0.313205188 -0.0139609481 0.0250139984 -4.96100919e-08 2.90231703e-08 -1
LGIC_C 328 -0.420147448 0.0273207642 0.0250140022 4.34088279e-08 -2.48392273e-08 1
LGIC_C 329 0.635810771 -0.174723501 0.0250140165 -4.96100859e-08 9.86807898e-09 1
LGIC_C 330 0.347982232 -0.04828488 0.025014002 -4.96100802e-08 3.14742968e-08 1
LGIC_C 331 0.241038401 -0.0388095374 0.0250139947 -4.34088182e-08 2.48392526e-08 1
LGIC_C 332 -0.0031592254 -0.358467816 0.0250140011 9.8680833e-09 4.96100963e-08 1
LGIC_C 333 0.46035584 0.11075351 0.0250140042 -4.34088272e-08 -8.63453573e-09 1
LGIC_C 334 0.249009487 0.809739743 0.0115309754 0.194186548 0.976240951 0.0961519121
LGIC_C 335 0.170327405 0.620218611 0.025014013 -6.33660387e-09 4.96100877e-08 -1
LGIC_C 336 -0.756690062 0.0485826783 0.0250140173 4.34088279e-08 -2.48392273e-08 1
LGIC_C 337 -0.0525179921 -0.0167601188 0.0250139852 4.96100935e-08 -4.19869172e-08 1
LGIC_C 338 -0.151841336 0.295536506 0.0250139979 2.45891128e-08 -3.68002333e-08 1
LGIC_C 339 0.126505599 -0.240541418 0.0250139965 -1.31306721e-08 4.82586744e-08 1
LGIC_C 340 -0.267481152 0.645845422 0.025014018 2.8101852e-08 -4.20574041e-08 1
LGIC_C 341 -0.00685836581 -0.721392626 0.0250140146 8.63456455e-09 4.34088336e-08 1
LGIC_C 342 -0.861073409 0.0077889274 -0.0240286626 -0.976241016 0.194186373 0.0961516081
LGIC_C 343 0.27905386 0.420234017 0.0250140072 1.3130701e-08 4.82586573e-08 -1
LGIC_C 344 -0.159657004 0.0425716926 0.0250139904 5.7878425e-08 4.89846948e-08 1
LGIC_C 345 -0.0520380934 -0.118773471 0.025013988 7.55636799e-08 6.2887973e-09 1
LGIC_C 346 0.372583766 0.342430467 0.0250140054 -3.68002282e-08 -2.45891172e-08 1
LGIC_C 347 0.426432306 -0.244493182 0.0250140122 -4.90669481e-08 3.27855328e-08 1
LGIC_C 348 -0.106726977 -0.630539405 0.0250140156 9.8680833e-09 4.96100963e-08 1
LGIC_C 349 -0.122382605 -0.589991275 0.0250140089 -2.90231482e-08 4.96101036e-08 1
LGIC_C 350 -0.193758357 0.349733191 0.0250140009 2.45891128e-08 -3.68002333e-08 1
LGIC_C 351 -0.115005583 0.0562538626 0.0250139899 3.37890593e-08 -4.80634052e-08 1
LGIC_C 352 -0.13326304 -0.365854996 0.0250140024 2.48392553e-08 4.34088306e-08 1
LGIC_C 353 -0.285033595 0.133757674 0.0250139988 -4.82586679e-08 1.31306769e-08 -1
LGIC_C 354 0.161337166 0.235723727 0.0250139977 -2.81018716e-08 -4.20573923e-08 1
LGIC_C 355 0.114656892 -0.540384501 0.0250140134 1.00935263e-08 5.7878447e-08 1
LGIC_C 356 0.114554615 0.752985093 0.0250140169 -8.63455884e-09 -4.34088253e-08 1
LGIC_C 357 0.721474726 0.228258535 0.0250140176 -4.96100869e-08 6.3366408e-09 1
LGIC_C 358 0.0486223985 -0.0381048324 0.0250139869 -4.90669481e-08 3.27855328e-08 1
LGIC_C 359 -0.202126697 0.151217589 0.025013996 6.28881943e-09 -7.55636452e-08 1
LGIC_C 360 -0.503059243 0.439025117 0.0250140126 3.68002297e-08 -2.45891157e-08 1
LGIC_C 361 0.597947979 -0.137887436 0.0250140143 -4.96100859e-08 9.86807898e-09 1
LGIC_C 362 -0.383901248 -0.109358011 0.0250139991 -4.96100919e-08 2.90231703e-08 -1
LGIC_C 363 -0.476632137 0.356527009 0.0250140133 4.20574045e-08 -2.81018523e-08 1
LGIC_C 364 0.107799861 0.130734479 0.0250139932 -3.27855134e-08 -4.90669575e-08 1
LGIC_C 365 0.637675846 -0.308086723 0.0250140187 -4.20573976e-08 2.81018683e-08 1
LGIC_C 366 -0.236016378 -0.702590721 0.0250140196 2.48392553e-08 4.34088306e-08 1
LGIC_C 367 0.396585203 -0.122171644 0.0250140035 -4.34088182e-08 2.48392526e-08 1
LGIC_C 368 -0.104847284 -0.247682653 0.025013995 3.95603082e-08 3.05989652e-08 1
LGIC_C 369 -0.069883019 -0.599681833 0.0250140109 -2.90231482e-08 4.96101036e-08 1
LGIC_C 370 -0.388876813 -0.507268223 0.0250140115 2.45891453e-08 3.68002268e-08 1
LGIC_C 371 0.187078423 0.0958681837 0.0250139925 -3.68002282e-08 -2.45891172e-08 1
LGIC_C 372 -0.0451127094 0.431208808 0.0250140024 8.63455111e-09 -4.34088279e-08 1
LGIC_C 373 -0.496663695 0.495356546 0.0250140137 3.68002297e-08 -2.45891157e-08 1
LGIC_C 374 0.119909525 -0.282726967 0.0250139984 -1.31306721e-08 4.82586744e-08 1
LGIC_C 375 0.217333473 -0.598665734 0.0250140157 1.00935263e-08 5.7878447e-08 1
LGIC_C 376 0.455634353 0.378706899 0.025014013 -4.20574004e-08 -2.81018564e-08 1
LGIC_C 377 0.293808556 0.191341477 0.0250139988 -3.68002282e-08 -2.45891172e-08 1
LGIC_C 378 -0.606303172 0.0136535785 0.0250140129 4.96100851e-08 2.90231542e-08 1
LGIC_C 379 -0.0559230915 -0.384256555 0.0250140029 9.8680833e-09 4.96100963e-08 1
LGIC_C 380 0.18917516 0.631575163 0.0250140165 -9.86806672e-09 -4.96100854e-08 1
LGIC_C 381 0.0138327647 0.586088299 0.0250140125 -9.86806672e-09 -4.96100854e-08 1
LGIC_C 382 0.566742452 -0.280459346 0.0250140159 -3.37890406e-08 4.80634332e-08 1
LGIC_C 383 0.316459193 -0.497005882 0.025014018 -3.27854948e-08 4.90669785e-08 1
LGIC_C 384 -0.494481851 -0.378613931 0.0250140149 6.28883752e-09 7.55636663e-08 1
LGIC_C 385 0.59459675 0.0696738562 0.0250140185 -5.78784335e-08 -1.15127284e-08 1
LGIC_C 386 0.581554836 -0.420804114 0.025014015 -3.68002179e-08 2.45891393e-08 1
LGIC_C 387 0.558883354 -0.248555075 0.0250140141 -3.37890406e-08 4.80634332e-08 1
LGIC_C 388 -0.0299271949 0.449410921 0.0250140059 9.86805557e-09 -4.96100883e-08 1
LGIC_C 389 0.410799458 -0.33501639 0.0250140099 -4.20573976e-08 2.81018683e-08 1
LGIC_C 390 0.543277956 0.0610052188 0.0250140098 -4.96100869e-08 6.3366408e-09 1
LGIC_C 391 -0.245181043 0.108551629 0.0250139968 3.37890593e-08 -4.80634052e-08 1
LGIC_C 392 -0.162212226 -0.60583652 0.0250140086 -2.90231482e-08 4.96101036e-08 1
LGIC_C 393 -0.0378829355 -0.344611283 0.0250139985 8.63456455e-09 4.34088336e-08 1
LGIC_C 394 0.443195675 0.630284907 0.0250140173 -2.45891309e-08 -3.68002211e-08 1
LGIC_C 395 0.31959424 0.470207693 0.0250140101 1.3130701e-08 4.82586573e-08 -1
LGIC_C 396 0.248413638 0.416942124 0.0250140066 1.3130701e-08 4.82586573e-08 -1
LGIC_C 397 -0.609661584 0.128346102 0.0250140108 4.34088259e-08 -8.63455061e-09 1
LGIC_C 398 -0.600616193 0.263658077 0.0250140162 3.37890593e-08 -4.80634052e-08 1
LGIC_C 399 0.566016316 -0.171761964 0.0250140167 -4.96100802e-08 3.14742968e-08 1
