VGCC_O 1 -0.126159285 0.0151063295 0.0466933189 -1.62059625e-06 3.22356338e-07 -1
VGCC_O 5 0.113746944 -0.0200409323 0.0466929896 -1.01287282e-06 -1.51427976e-07 -1
VGCC_O 8 -0.134706799 0.0161271258 0.0466933331 -1.62059677e-06 3.22356891e-07 -1
CaBS 10 0.10843579 -0.0316307367 0.0582223046 0.344822999 -0.867728964 -0.357971429
CaBS 11 0.118645748 -0.00985922176 0.078919075 0.324116486 0.74980293 0.576839726
CaBS 13 0.0968758294 -0.00684328223 0.0757967532 -0.344822968 0.867728907 0.357971598
CaBS 14 0.103752544 -0.0289215153 0.0569615981 -0.324116536 -0.749802846 -0.576839807
CaBS 15 0.105628094 -0.0361998607 0.0665933718 0.344822999 -0.867728964 -0.357971429
CaBS 16 0.090839801 -0.0118492805 0.0666081329 -0.751399618 0.322919164 -0.575431861
CaBS 17 0.122477533 -0.0169310855 0.0682882927 0.999896301 0.01419805 -0.0024089266
CaBS 18 0.108295982 -0.0334256973 0.0624386474 0.344822999 -0.867728964 -0.357971429
CaBS 19 0.104013651 -0.0100354369 0.0530611943 0.329239702 0.132369043 -0.934922272
CaBS 20 0.0984975311 -0.0137896252 0.0839007366 -0.748611723 0.322508223 0.579283121
CaBS 21 0.100834546 -0.0152595114 0.0852002842 -0.329239867 -0.132369096 0.934922207
CaBS 22 0.0906757241 -0.0157039941 0.0703162332 -0.999896295 -0.0141984568 0.00240892729
CaBS 23 0.102750281 -0.0366693823 0.067595786 -0.324116536 -0.749802846 -0.576839807
CaBS 24 0.102011841 -0.0267525396 0.0554783288 -0.333750671 -0.131704002 -0.933415527
CaBS 25 -0.108513645 -0.0043562005 0.0741790397 -0.321328736 -0.750213873 0.57786416
CaBS 38 -0.0906852751 0.00553793264 0.0618737091 0.74861179 -0.322508554 -0.579282851
CaBS_Ca 57 -0.0925261479 0.0228732797 0.0674235408 0.735818381 0.677177195 -0.00153536913
Ca 8 -0.170648803 -0.284344603 0.343696896 0 0 0
Ca 4 -0.047063313 0.219026419 0.552050572 0 0 0
CaBS_Ca 64 -0.110845251 0.021964516 0.0585626963 -0.34654601 0.867982945 -0.355684509
Ca 1 -0.265742829 0.00403560823 0.596095337 0 0 0
Ca 6 -0.516423061 0.0607558163 0.0625287613 0 0 0
Ca 7 -0.256204035 0.318863665 0.382672685 0 0 0
Ca 1 0.751606257 0.0483286206 0.310498126 0 0 0
Ca 8 0.299473515 0.536860816 0.218402517 0 0 0
Ca 6 0.554794645 0.306890841 0.725527445 0 0 0
Ca 4 -0.0952492723 0.0721712028 0.448764276 0 0 0
Ca 7 -0.587667377 -0.378882446 0.237539495 0 0 0
Ca 4 0.152839454 0.499020623 0.422327398 0 0 0
Ca 6 -0.142123932 0.234568721 0.218041192 0 0 0
Ca 7 -0.24475574 -0.115115387 0.450488555 0 0 0
Ca 8 -0.228497265 -0.165284388 0.208884409 0 0 0
Ca 6 -0.602467077 0.0269219222 0.720878054 0 0 0
Ca 8 -0.104073492 0.0225724377 0.177982411 0 0 0
Ca 1 -0.104394673 -0.147816019 0.604985248 0 0 0
Ca 1 -0.498269953 0.492260479 0.135979166 0 0 0
Ca 1 -0.295342333 -0.365583171 0.775183807 0 0 0
Ca 7 -0.459743403 -0.294076414 0.556811152 0 0 0
Ca 1 -0.0430960762 -0.0780263153 0.431089809 0 0 0
Ca 7 -0.50916884 0.118929385 0.224071578 0 0 0
Ca 8 0.332758307 0.0826323931 0.17428118 0 0 0
Ca 1 0.0713181017 0.269727287 0.256220512 0 0 0
Ca 1 -0.0678067423 -0.0483434232 0.469414485 0 0 0
Ca 8 -0.491558001 -0.143281412 0.634839585 0 0 0
Ca 8 -0.0337285876 0.444528463 0.231981586 0 0 0
Ca 6 -0.334519156 0.104443829 0.25560017 0 0 0
Ca 1 -0.361307858 -0.429240742 0.251224686 0 0 0
Ca 6 0.188524248 -0.131963921 0.484387902 0 0 0
Ca 8 -0.21716313 0.200850635 0.26704251 0 0 0
Ca 4 -0.373369276 0.460644517 0.182750856 0 0 0
Ca 6 0.259695151 0.465614728 0.340110203 0 0 0
Ca 8 -0.244131675 0.481148306 0.391219002 0 0 0
Ca 1 0.0514521974 -0.288706208 0.578977501 0 0 0
Ca 8 -0.421620008 -0.0478805502 0.272954816 0 0 0
Ca 7 0.034113957 0.466427032 0.153190111 0 0 0
Ca 6 0.0113125963 -0.292420207 0.538409312 0 0 0
Ca 6 -0.442023487 0.435171142 0.369377436 0 0 0
Ca 6 0.462456227 -0.452726093 0.197638285 0 0 0
Ca 7 -0.703376811 0.0160531155 0.669214568 0 0 0
Ca 6 -0.493489789 -0.0640916279 0.406546802 0 0 0
Ca 1 -0.296087578 0.0471975777 0.399410799 0 0 0
Ca 8 -0.332197525 -0.180606663 0.380825824 0 0 0
Ca 7 -0.000774003654 0.0206156002 0.14067351 0 0 0
Ca 1 -0.168024995 0.0752413227 0.34036815 0 0 0
Ca 1 -0.690869088 0.013720723 0.339698091 0 0 0
Ca 4 -0.281632405 0.187987235 0.447297353 0 0 0
Ca 4 -0.241817151 0.0334395627 0.273454596 0 0 0
Ca 1 -0.0806669269 0.143587935 0.88761237 0 0 0
Ca 6 -0.18867757 0.53790917 0.132104012 0 0 0
Ca 4 0.193777302 0.0456720188 0.522446706 0 0 0
Ca 6 0.0995362552 -0.192606708 0.201471015 0 0 0
Ca 8 -0.1971331 0.29234238 0.345476396 0 0 0
Ca 1 -0.15344971 -0.0478234263 0.205797816 0 0 0
Ca 4 -0.113473108 -0.00911728332 0.104560589 0 0 0
Ca 4 -0.00186747404 0.60858283 0.133448777 0 0 0
Ca 7 0.041513924 0.00519898181 0.143108563 0 0 0
Ca 8 -0.291655601 0.10187643 0.112114684 0 0 0
Ca 4 -0.135784997 0.0181471537 0.410931571 0 0 0
Ca 1 0.0580089673 -0.468813296 0.0783360844 0 0 0
Ca 7 -0.203220338 -0.170447658 0.0628671434 0 0 0
Ca 8 -0.117686105 -0.0358129144 0.269929634 0 0 0
Ca 7 -0.057023534 -0.066288259 0.181358285 0 0 0
Ca 7 -0.151854261 -0.54095238 0.324899829 0 0 0
Ca 8 -0.289181135 -0.189616427 0.287808948 0 0 0
Ca 6 -0.26856285 0.12860986 0.118039247 0 0 0
Ca 7 0.00407469959 -0.00415104467 0.122387459 0 0 0
Ca 8 -0.144849768 -0.0712332128 0.146130274 0 0 0
Ca 8 -0.149783621 0.134548892 0.310551588 0 0 0
Ca 7 -0.477233114 -0.00300667431 0.115237609 0 0 0
Ca 1 -0.0635479912 -0.34945977 0.11175645 0 0 0
Ca 6 -0.0338482831 -0.00734125404 0.167612397 0 0 0
Ca 1 -0.0631244523 -0.0481212299 0.270083506 0 0 0
Ca 8 -0.195210519 0.152450297 0.181570157 0 0 0
Ca 1 -0.174190867 -0.186716485 0.0844432349 0 0 0
Ca 4 -0.287689876 -0.00687995568 0.116015135 0 0 0
Ca 8 -0.208172729 0.077448781 0.204174621 0 0 0
Ca 6 -0.167189067 0.172955046 0.0716270971 0 0 0
Ca 8 -0.333033702 -0.0339659945 0.0801860159 0 0 0
Ca 6 -0.295640876 -0.0465334401 0.237589889 0 0 0
Ca 7 0.11789014 0.0237532043 0.0734847769 0 0 0
Ca 8 -0.0970397909 0.0715155712 0.0856042368 0 0 0
Ca 4 -0.130998506 0.137937263 0.114514758 0 0 0
Ca 8 -0.141184838 0.248799136 0.109142872 0 0 0
Ca 7 -0.117694045 0.0442034332 0.0757465739 0 0 0
Ca 4 -0.0200668936 0.107801346 0.068725349 0 0 0
Ca 6 -0.0747027341 0.0230344241 0.0466742271 0 0 0
Ca 4 -0.137951932 0.00901113836 0.0466543476 0 0 0
VGCC_O 6 -0.12622171 0.0241576588 0.046693322 -1.62059677e-06 3.22356891e-07 -1
VGCC_O 9 0.0953603447 -0.018533153 0.0466930096 -1.14792244e-06 -1.24564753e-07 -1
VGCC_O 4 -0.108229728 0.00324736392 0.0466932869 -8.10297798e-07 1.61178104e-07 -1
VGCC_O 0 0.11238887 -0.0311459409 0.0466929927 -1.01287282e-06 -1.51427976e-07 -1
VGCC_O 3 0.0772568984 -0.00428239309 0.046693036 -1.41802159e-06 2.82063681e-07 -1
VGCC_O 7 -0.137449801 0.00579357966 0.0466933342 -1.62059625e-06 3.22356338e-07 -1
VGCC_O 2 0.119933892 -0.04777957 0.0466929781 -1.41802115e-06 2.82063236e-07 -1
TAG 41 -0.105784995 0.0105052503 0.0536665039 -0.333750681 -0.131703993 -0.933415524
TAG 65 0.119072188 -0.020557456 0.0800936336 0.751399702 -0.322919474 0.575431578
TAG 63 -0.104896891 0.0149528875 0.0527352849 0.329239713 0.132369034 -0.93492227
TAG 62 -0.0995730683 0.0302300905 0.0690462359 0.3213287 0.750213891 -0.577864158
TAG 59 -0.100018848 -0.00188752594 0.0603333581 0.344822933 -0.867729023 -0.35797135
TAG 55 -0.119337383 0.0151637023 0.0699872324 -0.999896295 -0.0141984574 0.00240892698
TAG 54 -0.104785227 0.0261860029 0.076486355 -0.344822968 0.867728888 0.357971643
TAG 53 -0.089146311 -0.000197085518 0.0670554248 0.74861179 -0.322508554 -0.579282851
TAG 52 -0.119278263 0.0119799944 0.0757618237 -0.999896295 -0.0141984574 0.00240892698
TAG 51 -0.102448777 0.00747370566 0.0865367572 -0.329239868 -0.132369105 0.934922205
TAG 45 -0.113699624 0.0170707545 0.0588716642 -0.751399624 0.322919173 -0.575431849
TAG 44 -0.11923843 0.00668793202 0.0611035411 -0.999896295 -0.0141984574 0.00240892698
LGIC_C 0 0.518843717 0.216709694 0.0250140112 3.37890593e-08 4.80634111e-08 -1
LGIC_C 1 -0.336239037 0.0492228281 0.0250139983 4.34088259e-08 -8.63455061e-09 1
LGIC_C 2 -0.536209832 0.0832428719 0.0250140107 4.96100897e-08 -9.86805572e-09 1
LGIC_C 3 0.237763559 -0.664866116 0.0250140186 -9.86804037e-09 4.96101e-08 1
LGIC_C 4 -0.405159726 -0.234581135 0.0250140035 6.28883752e-09 7.55636663e-08 1
LGIC_C 5 0.0559199378 -0.516109568 0.0250140125 1.00935263e-08 5.7878447e-08 1
LGIC_C 6 -0.322775425 0.471364445 0.0250140144 1.28239438e-08 -5.73353116e-08 1
LGIC_C 7 -0.685157264 0.437470079 0.0250140192 3.68002297e-08 -2.45891157e-08 1
LGIC_C 8 -0.235210248 0.272176168 0.0250139991 2.45891128e-08 -3.68002333e-08 1
LGIC_C 9 -0.432390854 -0.264380019 0.0250140059 6.28883752e-09 7.55636663e-08 1
LGIC_C 10 -0.439261853 -0.604260125 0.0250140191 3.95603082e-08 3.05989652e-08 1
LGIC_C 11 0.157464916 0.563789339 0.0250140102 -6.33660387e-09 4.96100877e-08 -1
LGIC_C 12 0.365154329 0.16138097 0.0250140065 -4.90669739e-08 -3.27854893e-08 1
LGIC_C 13 0.722605107 -0.0974526641 0.02501402 -4.96100859e-08 9.86807898e-09 1
LGIC_C 14 0.6564522 0.242737391 0.0250140143 -4.96100869e-08 6.3366408e-09 1
LGIC_C 15 -0.43753619 -0.318880323 0.0250140062 5.39043203e-09 6.47688584e-08 1
LGIC_C 16 0.628431606 -0.15671262 0.025014016 -4.96100859e-08 9.86807898e-09 1
LGIC_C 17 -0.546296943 0.336990383 0.0250140141 -4.82586679e-08 1.31306769e-08 -1
LGIC_C 18 0.286103439 -0.449512508 0.0250140102 -2.81018481e-08 4.20574137e-08 1
LGIC_C 19 -0.312623841 0.29213784 0.0250140079 3.37890593e-08 -4.80634052e-08 1
LGIC_C 20 0.13300899 -0.412465028 0.0250140086 -1.15127059e-08 5.78784511e-08 1
LGIC_C 21 -0.0292815422 -0.182178531 0.0250139914 -2.90231482e-08 4.96101036e-08 1
LGIC_C 22 0.161350586 0.637258067 0.0250140165 -9.86806672e-09 -4.96100854e-08 1
LGIC_C 23 -0.430341543 0.416886585 0.0250140094 3.68002297e-08 -2.45891157e-08 1
LGIC_C 24 0.118709462 0.445127752 0.0250140065 -9.86806672e-09 -4.96100854e-08 1
LGIC_C 25 0.36826762 -0.00632979569 0.0250139993 -4.34088226e-08 8.63456802e-09 1
LGIC_C 26 -0.0450527475 0.254944099 0.0250139985 1.15127271e-08 -5.78784352e-08 1
LGIC_C 27 -0.275452596 0.528864327 0.0250140183 3.27854968e-08 -4.90669676e-08 1
LGIC_C 28 0.683050285 0.113596082 0.0250140139 -4.34088272e-08 -8.63453573e-09 1
LGIC_C 29 -0.611983467 -0.128808715 0.0250140124 5.7878436e-08 -4.89847332e-08 1
LGIC_C 30 0.648528157 0.0971474831 0.0250140148 -4.96100869e-08 6.3366408e-09 1
LGIC_C 31 -0.404053364 -0.426744911 0.0250140123 3.95603082e-08 3.05989652e-08 1
LGIC_C 32 0.0601078959 0.0879911896 0.0250139886 -2.81018716e-08 -4.20573923e-08 1
LGIC_C 33 -0.027321336 0.626542456 0.0250140107 8.63455111e-09 -4.34088279e-08 1
LGIC_C 34 0.245394146 -0.496321832 0.0250140156 -3.27854948e-08 4.90669785e-08 1
LGIC_C 35 -0.163041705 -0.507900406 0.0250140037 -2.90231482e-08 4.96101036e-08 1
LGIC_C 36 0.525177657 -0.618906035 0.0250140189 -2.45891087e-08 3.68002429e-08 1
LGIC_C 37 0.10888676 0.765321085 0.0250140174 -8.63455884e-09 -4.34088253e-08 1
LGIC_C 38 0.728563423 -0.305974537 0.0250140176 -3.05989503e-08 3.95603122e-08 1
LGIC_C 39 0.717650344 0.337180738 0.0250140179 -3.68002282e-08 -2.45891172e-08 1
LGIC_C 40 -0.669485113 0.0371412321 0.0250140133 4.34088279e-08 -2.48392273e-08 1
LGIC_C 41 -0.519909038 0.621644957 0.0250140189 2.45891128e-08 -3.68002333e-08 1
LGIC_C 42 -0.270680515 -0.672972224 0.0250140148 8.63456455e-09 4.34088336e-08 1
LGIC_C 43 -0.580286438 -0.513141743 0.0250140155 1.15916899e-08 4.97976879e-08 1
LGIC_C 44 0.345150375 0.562616743 0.0250140149 1.3130701e-08 4.82586573e-08 -1
LGIC_C 45 -0.00206558662 -0.239372661 0.0250139937 2.48392553e-08 4.34088306e-08 1
LGIC_C 46 -0.215441225 -0.173205574 0.0250139956 5.39043203e-09 6.47688584e-08 1
LGIC_C 47 0.510029467 -0.204539373 0.0250140151 -5.78784275e-08 1.15127558e-08 1
LGIC_C 48 -0.0570592713 -0.393280483 0.0250140008 8.63456455e-09 4.34088336e-08 1
LGIC_C 49 -0.490737324 -0.166233075 0.025014006 4.34088238e-08 8.63459484e-09 1
LGIC_C 50 0.234126628 -0.317880975 0.0250140065 -3.27854948e-08 4.90669785e-08 1
LGIC_C 51 -0.562152646 -0.0183703677 0.0250140072 -4.34088282e-08 2.70157287e-08 -1
LGIC_C 52 0.65475573 -0.163353869 0.0250140157 -4.34088182e-08 2.48392526e-08 1
LGIC_C 53 0.321721037 -0.0850051444 0.0250139993 -4.34088182e-08 2.48392526e-08 1
LGIC_C 54 -0.0365491738 -0.228427902 0.0250139946 -4.89847109e-08 5.78784581e-08 1
LGIC_C 55 0.432462551 0.489769247 0.0250140119 -2.45891309e-08 -3.68002211e-08 1
LGIC_C 56 -0.118667448 -0.227314482 0.0250139932 -5.56021111e-08 -1.45571543e-08 -1
LGIC_C 57 -0.0580436496 0.425994183 0.0250140062 -3.14742797e-08 4.96100914e-08 -1
LGIC_C 58 0.442297087 -0.0594430775 0.0250140039 -4.34088182e-08 2.48392526e-08 1
LGIC_C 59 -0.413467873 -0.192202245 0.0250139999 1.45571809e-08 5.5602105e-08 1
LGIC_C 60 0.110288217 0.514257543 0.0250140122 -3.14742949e-08 -4.96100822e-08 1
LGIC_C 61 -0.393197183 0.358343405 0.0250140099 4.20574045e-08 -2.81018523e-08 1
LGIC_C 62 -0.0254263663 0.401932697 0.025014004 -3.14742797e-08 4.96100914e-08 -1
LGIC_C 63 0.187704504 -0.0498614502 0.025013993 -4.96100859e-08 9.86807898e-09 1
LGIC_C 64 -0.217734554 0.0239324154 0.0250139947 5.7878425e-08 4.89846948e-08 1
LGIC_C 65 0.023058761 0.30991504 0.0250139989 -9.86806672e-09 -4.96100854e-08 1
LGIC_C 66 -0.280219825 -0.315889412 0.0250140018 2.45891453e-08 3.68002268e-08 1
LGIC_C 67 -0.469477517 0.430204307 0.0250140187 6.28881943e-09 -7.55636452e-08 1
LGIC_C 68 -0.650358816 -0.0980523011 0.0250140089 -4.34088282e-08 2.70157287e-08 -1
LGIC_C 69 -0.708330508 -0.367211517 0.0250140184 3.68002489e-08 2.45891179e-08 1
LGIC_C 70 -0.0102006753 0.392897911 0.0250140004 8.63455111e-09 -4.34088279e-08 1
LGIC_C 71 0.549515784 0.13653604 0.0250140166 -5.78784335e-08 -1.15127284e-08 1
LGIC_C 72 0.143135214 0.36362882 0.0250140003 -8.63455884e-09 -4.34088253e-08 1
LGIC_C 73 -0.0178387811 0.000422789554 0.0250139841 4.34088279e-08 -2.48392273e-08 1
LGIC_C 74 0.508701954 0.507287862 0.0250140144 -4.82586616e-08 -1.31306776e-08 1
LGIC_C 75 0.500656752 -0.593145855 0.0250140174 -2.45891087e-08 3.68002429e-08 1
LGIC_C 76 -0.682917552 0.0623321974 0.0250140153 4.96100851e-08 2.90231542e-08 1
LGIC_C 77 0.324655591 -0.239752911 0.0250140026 -3.05989503e-08 3.95603122e-08 1
LGIC_C 78 0.262414363 0.380801872 0.0250140105 -3.27855134e-08 -4.90669575e-08 1
LGIC_C 79 -0.581541899 -0.261146658 0.025014003 1.15916899e-08 4.97976879e-08 1
LGIC_C 80 0.701296003 -0.0517065021 0.0250140141 -4.34088226e-08 8.63456802e-09 1
LGIC_C 81 0.0508268086 0.680153823 0.0250140167 -6.33660387e-09 4.96100877e-08 -1
LGIC_C 82 0.51549385 -0.304015762 0.025014011 -3.05989503e-08 3.95603122e-08 1
LGIC_C 83 -0.358630706 0.266979591 0.0250140041 -4.82586679e-08 1.31306769e-08 -1
LGIC_C 84 0.223872916 0.514341279 0.0250140112 -2.81018716e-08 -4.20573923e-08 1
LGIC_C 85 -0.0737359047 0.148083645 0.0250139927 1.28239438e-08 -5.73353116e-08 1
LGIC_C 86 0.565365331 -0.342442408 0.0250140188 -3.37890406e-08 4.80634332e-08 1
LGIC_C 87 -0.315828392 -0.227759548 0.0250140005 1.45571809e-08 5.5602105e-08 1
LGIC_C 88 -0.598851918 -0.514352166 0.0250140158 1.15916899e-08 4.97976879e-08 1
LGIC_C 89 0.249330458 -0.493701396 0.0250140103 -1.31306721e-08 4.82586744e-08 1
LGIC_C 90 -0.369206385 -0.321148409 0.0250140065 1.45571809e-08 5.5602105e-08 1
LGIC_C 91 0.135008284 0.799321518 0.0250140191 -8.63455884e-09 -4.34088253e-08 1
LGIC_C 92 0.2345199 -0.703401529 0.0250140166 6.33663526e-09 4.9610097e-08 1
LGIC_C 93 -0.069310688 0.578452487 0.0250140115 -6.33661298e-09 -4.96100859e-08 1
LGIC_C 94 0.155262707 -0.0642749143 0.0250139929 -4.96100802e-08 3.14742968e-08 1
LGIC_C 95 -0.324217935 -0.415189284 0.0250140073 -5.56021111e-08 -1.45571543e-08 -1
LGIC_C 96 0.324198146 -0.0215015978 0.0250139995 -4.96100859e-08 9.86807898e-09 1
LGIC_C 97 -0.401990424 0.0631602377 0.0250140014 4.96100851e-08 2.90231542e-08 1
LGIC_C 98 -0.341510616 -0.558400942 0.0250140139 3.95603082e-08 3.05989652e-08 1
LGIC_C 99 0.223188407 -0.0852497303 0.025013997 -4.96100802e-08 3.14742968e-08 1
LGIC_C 100 -0.352146636 -0.502634976 0.0250140104 2.45891453e-08 3.68002268e-08 1
LGIC_C 101 -0.383126183 0.0100114124 0.0250140024 4.96100897e-08 -9.86805572e-09 1
LGIC_C 102 -0.339727131 0.440774876 0.0250140129 1.28239438e-08 -5.73353116e-08 1
LGIC_C 103 -0.452775366 -0.0386033869 0.0250140032 4.34088238e-08 8.63459484e-09 1
LGIC_C 104 0.600765243 -0.246859921 0.0250140155 -4.96100859e-08 9.86807898e-09 1
LGIC_C 105 -0.304068527 0.0917371951 0.0250139987 4.34088279e-08 -2.48392273e-08 1
LGIC_C 106 -0.290154893 0.800572186 0.0201684276 -0.194186377 0.976241021 0.0961515493
LGIC_C 107 -0.74309219 -0.258017287 0.0250140177 4.34088238e-08 8.63459484e-09 1
LGIC_C 108 -0.0423399807 -0.508441982 0.0250140064 2.48392553e-08 4.34088306e-08 1
LGIC_C 109 0.182642877 0.0953883144 0.0250139933 -4.82586616e-08 -1.31306776e-08 1
LGIC_C 110 -0.173598256 -0.709439935 0.0250140155 8.63456455e-09 4.34088336e-08 1
LGIC_C 111 -0.512904731 -0.138196245 0.0250140047 -4.96100919e-08 2.90231703e-08 -1
LGIC_C 112 0.729835551 -0.0230707047 0.0250140202 -4.96100802e-08 3.14742968e-08 1
LGIC_C 113 -0.0200189148 -0.695362292 0.0250140139 2.48392553e-08 4.34088306e-08 1
LGIC_C 114 -0.36146246 0.402755886 0.025014011 1.28239438e-08 -5.73353116e-08 1
LGIC_C 115 0.508278412 -0.377821205 0.0250140137 -3.05989503e-08 3.95603122e-08 1
LGIC_C 116 0.186961559 -0.455360655 0.0250140077 1.00935263e-08 5.7878447e-08 1
LGIC_C 117 -0.203063527 -0.040935074 0.0250139922 -4.96100919e-08 2.90231703e-08 -1
LGIC_C 118 -0.32261025 -0.328572096 0.025014006 -5.56021111e-08 -1.45571543e-08 -1
LGIC_C 119 0.0845796892 0.406089041 0.0250140042 -9.86806672e-09 -4.96100854e-08 1
LGIC_C 120 0.0200922701 0.462327872 0.0250140064 -9.86806672e-09 -4.96100854e-08 1
LGIC_C 121 -0.445661788 -0.413332145 0.025014009 1.15916899e-08 4.97976879e-08 1
LGIC_C 122 0.609677719 -0.342218551 0.0250140141 -3.68002179e-08 2.45891393e-08 1
LGIC_C 123 0.348347735 -0.265115163 0.025014009 -4.90669481e-08 3.27855328e-08 1
LGIC_C 124 0.500837141 -0.425476209 0.0250140121 -3.68002179e-08 2.45891393e-08 1
LGIC_C 125 0.138534614 -0.154159312 0.0250139925 -1.31306721e-08 4.82586744e-08 1
LGIC_C 126 0.634912223 -0.353905192 0.0250140167 -3.05989503e-08 3.95603122e-08 1
LGIC_C 127 0.238662542 -0.302785393 0.025014001 -1.31306721e-08 4.82586744e-08 1
LGIC_C 128 0.224744037 -0.368086291 0.0250140023 -2.45891087e-08 3.68002429e-08 1
LGIC_C 129 0.458407006 -0.109031325 0.0250140041 -4.34088226e-08 8.63456802e-09 1
LGIC_C 130 -0.633989741 0.223096747 0.0250140127 4.34088259e-08 -8.63455061e-09 1
LGIC_C 131 0.413463056 0.256094211 0.0250140066 -4.82586616e-08 -1.31306776e-08 1
LGIC_C 132 -0.253530182 0.0975967345 0.0250139931 5.7878425e-08 4.89846948e-08 1
LGIC_C 133 -0.614103153 -0.0453593271 0.0250140103 4.34088238e-08 8.63459484e-09 1
LGIC_C 134 0.304556307 -0.652396017 0.0250140147 -2.45891087e-08 3.68002429e-08 1
LGIC_C 135 -0.302397268 -0.269112886 0.0250140055 6.28883752e-09 7.55636663e-08 1
LGIC_C 136 0.417064411 -0.259022641 0.0250140049 -3.68002179e-08 2.45891393e-08 1
LGIC_C 137 0.367886813 -0.312471085 0.0250140068 -3.05989503e-08 3.95603122e-08 1
LGIC_C 138 -0.704817209 -0.202595196 0.0250140097 4.96100935e-08 -4.19869172e-08 1
LGIC_C 139 0.160902674 -0.005733443 0.0250139914 -4.96100802e-08 3.14742968e-08 1
LGIC_C 140 0.444524017 0.57825613 0.0250140155 -2.45891309e-08 -3.68002211e-08 1
LGIC_C 141 0.507234157 0.107579558 0.0250140062 -4.34088272e-08 -8.63453573e-09 1
LGIC_C 142 -0.473600824 -0.535154138 0.0250140184 3.95603082e-08 3.05989652e-08 1
LGIC_C 143 -0.071942449 -0.170451345 0.0250139924 2.81018674e-08 4.20574117e-08 1
LGIC_C 144 -0.457522733 -0.45926002 0.0250140154 -5.56021111e-08 -1.45571543e-08 -1
LGIC_C 145 0.206239931 0.00980854821 0.0250139934 -4.96100869e-08 6.3366408e-09 1
LGIC_C 146 0.00246271596 0.581217643 0.0250140121 -6.33660387e-09 4.96100877e-08 -1
LGIC_C 147 -0.30741992 -0.325733548 0.0250140028 2.45891453e-08 3.68002268e-08 1
LGIC_C 148 0.43852423 -0.0799889235 0.0250140095 -5.78784275e-08 1.15127558e-08 1
LGIC_C 149 0.567047486 0.515989611 0.0250140168 -3.68002282e-08 -2.45891172e-08 1
LGIC_C 150 0.408693007 0.156789076 0.0250140025 -4.96100869e-08 6.3366408e-09 1
LGIC_C 151 -0.115687714 -0.747360323 0.0250140167 8.63456455e-09 4.34088336e-08 1
LGIC_C 152 0.259768592 0.603670798 0.0250140159 -2.81018716e-08 -4.20573923e-08 1
LGIC_C 153 0.165114155 -0.173259696 0.0250139953 -1.28239349e-08 5.73353226e-08 1
LGIC_C 154 0.172236017 0.511539893 0.0250140103 -9.86806672e-09 -4.96100854e-08 1
LGIC_C 155 -0.621853581 0.117324636 0.0250140113 4.34088259e-08 -8.63455061e-09 1
LGIC_C 156 -0.260617266 0.0191297803 0.0250139947 4.34088259e-08 -8.63455061e-09 1
LGIC_C 157 -0.392107334 0.27220318 0.0250140063 6.28881943e-09 -7.55636452e-08 1
LGIC_C 158 0.368425796 0.158506954 0.0250140033 3.37890593e-08 4.80634111e-08 -1
LGIC_C 159 0.772466355 0.169753936 0.0250140182 -4.34088272e-08 -8.63453573e-09 1
LGIC_C 160 -0.255780387 -0.0486932072 0.0250139931 -4.34088282e-08 2.70157287e-08 -1
LGIC_C 161 -0.426702908 0.0903599839 0.0250140053 4.96100897e-08 -9.86805572e-09 1
LGIC_C 162 0.457203042 -0.0193546683 0.0250140099 -5.78784275e-08 1.15127558e-08 1
LGIC_C 163 0.357555325 -0.229787724 0.0250140047 -4.20573976e-08 2.81018683e-08 1
LGIC_C 164 0.235155877 -0.604787936 0.0250140117 6.33663526e-09 4.9610097e-08 1
LGIC_C 165 -0.329278545 0.0432277813 0.0250139983 4.96100851e-08 2.90231542e-08 1
LGIC_C 166 -0.173746888 -0.687135587 0.0250140174 2.48392553e-08 4.34088306e-08 1
LGIC_C 167 -0.556873039 0.534516573 0.0250140172 -4.82586679e-08 1.31306769e-08 -1
LGIC_C 168 -0.570013522 -0.256921211 0.0250140029 5.39043203e-09 6.47688584e-08 1
LGIC_C 169 0.675221187 -0.457382355 0.0250140193 -3.68002179e-08 2.45891393e-08 1
LGIC_C 170 0.514101248 -0.347221921 0.0250140173 -3.37890406e-08 4.80634332e-08 1
LGIC_C 171 -0.187566196 0.290768125 0.0250140023 1.28239438e-08 -5.73353116e-08 1
LGIC_C 172 0.368657442 0.157748753 0.0250140032 -4.20574004e-08 -2.81018564e-08 1
LGIC_C 173 0.675154723 0.296647107 0.0250140154 -3.68002282e-08 -2.45891172e-08 1
LGIC_C 174 -0.0721742291 -0.535440842 0.0250140083 2.48392553e-08 4.34088306e-08 1
LGIC_C 175 0.44621523 -0.294522921 0.0250140125 -3.37890406e-08 4.80634332e-08 1
LGIC_C 176 -0.607894143 -0.582538207 0.0250140193 1.15916899e-08 4.97976879e-08 1
LGIC_C 177 0.313147323 0.32278448 0.0250140056 -2.81018716e-08 -4.20573923e-08 1
LGIC_C 178 0.059635144 -0.61498523 0.0250140134 6.33663526e-09 4.9610097e-08 1
LGIC_C 179 -0.250440524 -0.172322537 0.0250139978 6.28883752e-09 7.55636663e-08 1
LGIC_C 180 -0.151101712 0.256390481 0.0250139983 2.8101852e-08 -4.20574041e-08 1
LGIC_C 181 -0.629250665 -0.307080402 0.0250140065 5.39043203e-09 6.47688584e-08 1
LGIC_C 182 0.0772153443 -0.17400897 0.0250139927 -2.81018481e-08 4.20574137e-08 1
LGIC_C 183 0.667659809 0.324354568 0.0250140197 -4.82586616e-08 -1.31306776e-08 1
LGIC_C 184 0.70984919 -0.0401445618 0.025014015 -4.34088182e-08 2.48392526e-08 1
LGIC_C 185 0.3908232 -0.122307331 0.0250140032 -4.34088182e-08 2.48392526e-08 1
LGIC_C 186 -0.61744591 -0.310980038 0.0250140067 5.39043203e-09 6.47688584e-08 1
LGIC_C 187 0.149481126 0.0847200536 0.0250139934 -4.90669739e-08 -3.27854893e-08 1
LGIC_C 188 -0.749814831 0.101733644 0.0250140167 4.34088259e-08 -8.63455061e-09 1
LGIC_C 189 -0.53030747 0.307181499 0.0250140142 4.20574045e-08 -2.81018523e-08 1
LGIC_C 190 0.337471902 -0.751531356 0.0250140192 -2.45891087e-08 3.68002429e-08 1
LGIC_C 191 -0.418037261 -0.236164485 0.0250140008 5.39043203e-09 6.47688584e-08 1
LGIC_C 192 -0.278413152 0.108687274 0.0250139963 4.34088259e-08 -8.63455061e-09 1
LGIC_C 193 0.303664617 0.0708543915 0.025013999 -4.96100911e-08 -9.86803575e-09 1
LGIC_C 194 -0.668174233 0.368110966 0.0250140169 3.68002297e-08 -2.45891157e-08 1
LGIC_C 195 0.356000258 0.383467593 0.0250140094 -2.81018716e-08 -4.20573923e-08 1
LGIC_C 196 0.719570677 0.384651186 0.0250140192 -3.68002282e-08 -2.45891172e-08 1
LGIC_C 197 -0.253148538 -0.508254099 0.0250140082 2.45891453e-08 3.68002268e-08 1
LGIC_C 198 0.520775953 0.0290887566 0.0250140061 -4.34088272e-08 -8.63453573e-09 1
LGIC_C 199 0.618356313 0.252404319 0.0250140123 -4.96100869e-08 6.3366408e-09 1
LGIC_C 200 0.722898396 -0.304087974 0.0250140173 -3.68002179e-08 2.45891393e-08 1
LGIC_C 201 0.229694377 0.14339602 0.0250139969 -4.20574004e-08 -2.81018564e-08 1
LGIC_C 202 -0.0245169915 -0.311538876 0.0250139974 2.48392553e-08 4.34088306e-08 1
LGIC_C 203 -0.174483386 -0.0696196431 0.02501399 5.7878436e-08 -4.89847332e-08 1
LGIC_C 204 -0.364140642 0.548956761 0.0250140166 2.8101852e-08 -4.20574041e-08 1
LGIC_C 205 -0.0867036036 0.247930246 0.0250139964 9.86805557e-09 -4.96100883e-08 1
LGIC_C 206 0.627141652 -0.358527833 0.0250140151 -3.68002179e-08 2.45891393e-08 1
LGIC_C 207 -0.125749292 -0.447443924 0.025014003 -4.89847109e-08 5.78784581e-08 1
LGIC_C 208 -0.513518241 0.368354207 0.0250140129 -4.82586679e-08 1.31306769e-08 -1
LGIC_C 209 -0.00343484438 -0.00784848877 0.0250139844 -7.86852791e-08 -1.17760747e-07 -1
LGIC_C 210 0.0469732177 0.232248719 0.0250139952 -9.86806672e-09 -4.96100854e-08 1
LGIC_C 211 0.604066853 -0.170077352 0.0250140201 -5.78784275e-08 1.15127558e-08 1
LGIC_C 212 -0.347433316 -0.475644062 0.0250140095 -5.56021111e-08 -1.45571543e-08 -1
LGIC_C 213 0.407167989 -0.443288887 0.0250140133 -2.81018481e-08 4.20574137e-08 1
LGIC_C 214 0.489339494 -0.0986392561 0.0250140053 -4.34088226e-08 8.63456802e-09 1
LGIC_C 215 -0.424255665 -0.0497220964 0.0250140021 4.34088238e-08 8.63459484e-09 1
LGIC_C 216 0.196814083 -0.154596004 0.0250139954 -3.05989503e-08 3.95603122e-08 1
LGIC_C 217 0.495641044 -0.40642368 0.0250140195 -3.37890406e-08 4.80634332e-08 1
LGIC_C 218 -0.241480241 0.379186057 0.0250140047 1.31306824e-08 -4.82586643e-08 1
LGIC_C 219 -0.196795273 -0.442173903 0.0250140046 3.95603082e-08 3.05989652e-08 1
LGIC_C 220 -0.710090084 -0.342462314 0.0250140178 3.68002489e-08 2.45891179e-08 1
LGIC_C 221 0.705657647 -0.459915323 0.0239667593 0.827616944 -0.552996408 0.0961517878
LGIC_C 222 -0.587572234 -0.178435961 0.0250140072 -4.96100919e-08 2.90231703e-08 -1
LGIC_C 223 0.275301861 0.408634561 0.0250140103 -4.80634192e-08 -3.37890445e-08 1
LGIC_C 224 -0.354681086 0.0786039272 0.0250139986 4.96100851e-08 2.90231542e-08 1
LGIC_C 225 0.174947675 -0.631639567 0.0250140122 -8.63454093e-09 4.34088369e-08 1
LGIC_C 226 0.349758787 -0.235241377 0.0250140019 -3.68002179e-08 2.45891393e-08 1
LGIC_C 227 -0.183331611 0.487516536 0.025014006 8.63455111e-09 -4.34088279e-08 1
LGIC_C 228 0.267985926 -0.334080694 0.0250140029 -1.31306721e-08 4.82586744e-08 1
LGIC_C 229 -0.539553051 -0.0776129224 0.0250140074 4.34088238e-08 8.63459484e-09 1
LGIC_C 230 -0.68445345 -0.204547737 0.0250140075 -4.34088282e-08 2.70157287e-08 -1
LGIC_C 231 0.533510385 0.254566927 0.0250140135 3.37890593e-08 4.80634111e-08 -1
LGIC_C 232 -0.254024147 0.74810063 0.0250140179 8.63455111e-09 -4.34088279e-08 1
LGIC_C 233 0.334350753 0.248103525 0.0250140026 -4.82586616e-08 -1.31306776e-08 1
LGIC_C 234 -0.0853918009 -0.445619559 0.0250140033 8.63456455e-09 4.34088336e-08 1
LGIC_C 235 0.267912702 0.454363294 0.0250140099 -2.81018716e-08 -4.20573923e-08 1
LGIC_C 236 0.304859645 -0.0274170295 0.0250139971 -4.34088182e-08 2.48392526e-08 1
LGIC_C 237 0.667427671 -0.0357250404 0.0250140175 -4.96100802e-08 3.14742968e-08 1
LGIC_C 238 -0.14041767 0.00968759884 0.0250139909 5.7878425e-08 4.89846948e-08 1
LGIC_C 239 0.509765589 -0.278919246 0.0250140125 -4.20573976e-08 2.81018683e-08 1
LGIC_C 240 0.111722558 -0.160611148 0.0250139939 -1.28239349e-08 5.73353226e-08 1
LGIC_C 241 -0.109768263 0.248551578 0.0250139968 2.8101852e-08 -4.20574041e-08 1
LGIC_C 242 0.617469314 -0.31484904 0.0250140192 -3.37890406e-08 4.80634332e-08 1
LGIC_C 243 -0.627557282 0.23858857 0.0250140168 4.96100897e-08 -9.86805572e-09 1
LGIC_C 244 0.581786071 -0.194372126 0.0250140191 -5.78784275e-08 1.15127558e-08 1
LGIC_C 245 -0.498319014 -0.466624844 0.0250140164 1.45571809e-08 5.5602105e-08 1
LGIC_C 246 0.410985342 0.449346383 0.0250140099 -2.45891309e-08 -3.68002211e-08 1
LGIC_C 247 -0.477593042 0.638387763 0.0250140185 2.45891128e-08 -3.68002333e-08 1
LGIC_C 248 0.143489212 -0.109972498 0.0250139912 -3.68002179e-08 2.45891393e-08 1
LGIC_C 249 0.481961033 -0.00235303461 0.0250140072 -4.96100802e-08 3.14742968e-08 1
LGIC_C 250 0.231582128 0.496164659 0.0250140111 -4.80634192e-08 -3.37890445e-08 1
LGIC_C 251 0.0247780464 0.674934036 0.0250140166 -6.33660387e-09 4.96100877e-08 -1
LGIC_C 252 0.122648481 0.578481834 0.0250140158 -3.14742949e-08 -4.96100822e-08 1
LGIC_C 253 0.508719442 0.337230158 0.0250140122 -4.82586616e-08 -1.31306776e-08 1
LGIC_C 254 -0.458575786 0.301117157 0.0250140132 3.37890593e-08 -4.80634052e-08 1
LGIC_C 255 -0.810589417 -0.0754818218 0.0250140164 -4.34088282e-08 2.70157287e-08 -1
LGIC_C 256 -0.302257252 0.549640761 0.0250140109 2.45891128e-08 -3.68002333e-08 1
LGIC_C 257 0.288293802 0.299063079 0.0250140015 1.3130701e-08 4.82586573e-08 -1
LGIC_C 258 -0.249638781 0.551731242 0.0250140097 2.45891128e-08 -3.68002333e-08 1
LGIC_C 259 0.263589736 -0.317520068 0.0250140074 -3.27854948e-08 4.90669785e-08 1
LGIC_C 260 -0.00299659635 -0.580083532 0.025014012 9.8680833e-09 4.96100963e-08 1
LGIC_C 261 0.095680857 0.609862489 0.0250140106 -8.63455884e-09 -4.34088253e-08 1
LGIC_C 262 -0.340779439 0.326474046 0.0250140068 4.20574045e-08 -2.81018523e-08 1
LGIC_C 263 -0.68724836 -0.280849835 0.0250140055 -4.34088282e-08 2.70157287e-08 -1
LGIC_C 264 0.453677784 -0.326638503 0.025014008 -3.68002179e-08 2.45891393e-08 1
LGIC_C 265 0.212039089 0.0260021271 0.025013994 -4.96100911e-08 -9.86803575e-09 1
LGIC_C 266 -0.145260651 -0.351177163 0.0250139997 3.95603082e-08 3.05989652e-08 1
LGIC_C 267 -0.27667442 -0.254016886 0.0250140014 1.45571809e-08 5.5602105e-08 1
LGIC_C 268 -0.072896713 -0.509343953 0.0250140064 -2.90231482e-08 4.96101036e-08 1
LGIC_C 269 -0.047417684 0.670643854 0.0250140162 -6.33661298e-09 -4.96100859e-08 1
LGIC_C 270 -0.0805357902 -0.101341259 0.02501399 7.55636799e-08 6.2887973e-09 1
LGIC_C 271 -0.490042498 -0.445404158 0.0250140122 3.68002489e-08 2.45891179e-08 1
LGIC_C 272 -0.419123936 0.294137622 0.0250140074 -4.82586679e-08 1.31306769e-08 -1
LGIC_C 273 0.696299277 -0.151692453 0.0250140172 -4.34088182e-08 2.48392526e-08 1
LGIC_C 274 -0.340137037 0.385858991 0.0250140058 2.45891128e-08 -3.68002333e-08 1
LGIC_C 275 0.0453448035 -0.560573597 0.0250140108 6.33663526e-09 4.9610097e-08 1
LGIC_C 276 -0.146633454 -0.507187049 0.0250140041 -2.90231482e-08 4.96101036e-08 1
LGIC_C 277 0.666761277 -0.0742113195 0.0250140186 -4.96100802e-08 3.14742968e-08 1
LGIC_C 278 0.298678775 0.284088429 0.0250140012 -3.68002282e-08 -2.45891172e-08 1
LGIC_C 279 0.0557049683 -0.110335857 0.0250139887 -2.45891087e-08 3.68002429e-08 1
LGIC_C 280 -0.297857194 -0.141825534 0.0250139955 1.45571809e-08 5.5602105e-08 1
LGIC_C 281 0.347355752 0.589083185 0.0250140198 -4.80634192e-08 -3.37890445e-08 1
LGIC_C 282 -0.2750041 -0.458880128 0.0250140082 3.95603082e-08 3.05989652e-08 1
LGIC_C 283 -0.248574162 -0.495162157 0.0250140052 7.55636799e-08 6.2887973e-09 1
LGIC_C 284 0.210933453 -0.752702542 0.0250140177 -8.63454093e-09 4.34088369e-08 1
LGIC_C 285 -0.262629457 0.501864205 0.0250140165 3.27854968e-08 -4.90669676e-08 1
LGIC_C 286 -0.499989264 0.010793986 0.0250140077 4.96100851e-08 2.90231542e-08 1
LGIC_C 287 -0.0666229508 -0.129674887 0.0250139897 2.45891453e-08 3.68002268e-08 1
LGIC_C 288 0.0128239571 -0.330503773 0.0250139996 6.33663526e-09 4.9610097e-08 1
LGIC_C 289 0.0228399078 0.0024023545 0.0250139843 -4.34088272e-08 -8.63453573e-09 1
LGIC_C 290 -0.356495071 -0.501252485 0.0250140143 2.81018674e-08 4.20574117e-08 1
LGIC_C 291 -0.472694073 0.418905162 0.025014011 3.68002297e-08 -2.45891157e-08 1
LGIC_C 292 0.424462622 0.460764861 0.0250140146 -2.81018716e-08 -4.20573923e-08 1
LGIC_C 293 -0.624040059 -0.0232453246 0.0250140136 -4.96100919e-08 2.90231703e-08 -1
LGIC_C 294 0.0641620088 -0.190086658 0.025013995 -1.15127059e-08 5.78784511e-08 1
LGIC_C 295 -0.162110069 0.151583548 0.0250139957 6.28881943e-09 -7.55636452e-08 1
LGIC_C 296 0.504716003 0.283057906 0.0250140124 -4.20574004e-08 -2.81018564e-08 1
LGIC_C 297 0.0293089887 0.335014112 0.0250139981 -8.63455884e-09 -4.34088253e-08 1
LGIC_C 298 0.0402332916 -0.494140967 0.0250140081 -9.86804037e-09 4.96101e-08 1
LGIC_C 299 -0.120677104 -0.306507579 0.0250139996 9.8680833e-09 4.96100963e-08 1
LGIC_C 300 0.434162353 -0.0341524384 0.0250140029 -4.34088182e-08 2.48392526e-08 1
LGIC_C 301 0.0803160694 0.366407086 0.0250139999 -8.63455884e-09 -4.34088253e-08 1
LGIC_C 302 0.391415061 0.351623653 0.0250140096 -4.20574004e-08 -2.81018564e-08 1
LGIC_C 303 -0.0268175837 0.347649191 0.0250140008 9.86805557e-09 -4.96100883e-08 1
LGIC_C 304 -0.177744966 0.37878384 0.0250140039 1.31306824e-08 -4.82586643e-08 1
LGIC_C 305 -0.429557159 0.256954238 0.0250140054 3.68002297e-08 -2.45891157e-08 1
LGIC_C 306 0.174971832 0.10188859 0.0250139941 3.37890593e-08 4.80634111e-08 -1
LGIC_C 307 -0.406623674 0.274623174 0.0250140065 -4.82586679e-08 1.31306769e-08 -1
LGIC_C 308 0.63488478 -0.247301643 0.0250140129 -4.34088226e-08 8.63456802e-09 1
LGIC_C 309 0.129331885 0.122601827 0.025013991 -3.68002282e-08 -2.45891172e-08 1
LGIC_C 310 0.112443017 0.810170119 0.0250140194 -8.63455884e-09 -4.34088253e-08 1
LGIC_C 311 0.55606477 0.607542362 0.0250140193 -2.45891309e-08 -3.68002211e-08 1
LGIC_C 312 0.287083858 0.22084907 0.0250140015 -4.20574004e-08 -2.81018564e-08 1
LGIC_C 313 0.679731828 0.352616076 0.0250140169 -3.68002282e-08 -2.45891172e-08 1
LGIC_C 314 -0.232041117 0.493415779 0.0250140071 2.45891128e-08 -3.68002333e-08 1
LGIC_C 315 -0.0605554203 0.0265607853 0.0250139857 6.28881943e-09 -7.55636452e-08 1
LGIC_C 316 -0.230208821 -0.211786071 0.0250140007 6.28883752e-09 7.55636663e-08 1
LGIC_C 317 -0.415912705 -0.19562617 0.0250140034 3.68002489e-08 2.45891179e-08 1
LGIC_C 318 -0.213169013 -0.349771277 0.0250140002 -5.56021111e-08 -1.45571543e-08 -1
LGIC_C 319 -0.529124496 -0.0770646581 0.0250140042 -4.34088282e-08 2.70157287e-08 -1
LGIC_C 320 0.403572343 0.560399614 0.0250140182 -2.81018716e-08 -4.20573923e-08 1
LGIC_C 321 0.599367302 -0.303615724 0.0250140181 -3.37890406e-08 4.80634332e-08 1
LGIC_C 322 0.547079129 0.203508329 0.0250140172 -5.78784335e-08 -1.15127284e-08 1
LGIC_C 323 -0.314010688 -0.659927021 0.0250140198 2.81018674e-08 4.20574117e-08 1
LGIC_C 324 0.020561135 0.684040011 0.0250140171 -6.33660387e-09 4.96100877e-08 -1
LGIC_C 325 0.457194572 0.653590571 0.0250140185 -2.45891309e-08 -3.68002211e-08 1
LGIC_C 326 0.155264504 0.625247486 0.0250140133 -6.33660387e-09 4.96100877e-08 -1
LGIC_C 327 -0.305527051 -0.0339271548 0.0250139974 -4.96100919e-08 2.90231703e-08 -1
LGIC_C 328 -0.429977732 0.0188796543 0.0250140024 4.34088279e-08 -2.48392273e-08 1
LGIC_C 329 0.652579953 -0.206700352 0.0250140176 -4.96100859e-08 9.86807898e-09 1
LGIC_C 330 0.387367756 -0.0566757831 0.0250140042 -4.96100802e-08 3.14742968e-08 1
LGIC_C 331 0.255912849 -0.0813237568 0.0250139964 -4.34088182e-08 2.48392526e-08 1
LGIC_C 332 -0.0495628769 -0.346556525 0.0250140009 9.8680833e-09 4.96100963e-08 1
LGIC_C 333 0.465806951 0.16805222 0.0250140049 -4.34088272e-08 -8.63453573e-09 1
LGIC_C 334 0.249462878 0.809781234 0.0101940526 0.194186548 0.976240951 0.0961519121
LGIC_C 335 0.193319356 0.606609349 0.0250140121 -6.33660387e-09 4.96100877e-08 -1
LGIC_C 336 -0.74271417 0.00231416869 0.0250140156 4.34088279e-08 -2.48392273e-08 1
LGIC_C 337 -0.049866549 -0.00681711477 0.0250139856 -4.96100919e-08 2.90231703e-08 -1
LGIC_C 338 -0.161698035 0.30231684 0.0250139984 2.45891128e-08 -3.68002333e-08 1
LGIC_C 339 0.178935728 -0.215051938 0.025013996 -1.31306721e-08 4.82586744e-08 1
LGIC_C 340 -0.316980362 0.612587563 0.0250140179 2.8101852e-08 -4.20574041e-08 1
LGIC_C 341 -0.0543545715 -0.719970726 0.025014015 8.63456455e-09 4.34088336e-08 1
LGIC_C 342 -0.853684346 -0.027183344 0.0130799273 -0.976240825 -0.194187339 0.0961515894
LGIC_C 343 0.256893362 0.450673598 0.0250140084 1.3130701e-08 4.82586573e-08 -1
LGIC_C 344 -0.124027614 0.0469891557 0.0250139881 5.7878425e-08 4.89846948e-08 1
LGIC_C 345 -0.101177264 -0.113186577 0.0250139916 7.55636799e-08 6.2887973e-09 1
LGIC_C 346 0.348034548 0.336117256 0.0250140043 -3.68002282e-08 -2.45891172e-08 1
LGIC_C 347 0.455838502 -0.212401927 0.0250140126 -4.90669481e-08 3.27855328e-08 1
LGIC_C 348 -0.138300425 -0.618712785 0.0250140153 9.8680833e-09 4.96100963e-08 1
LGIC_C 349 -0.183238159 -0.538435102 0.0250140046 -2.90231482e-08 4.96101036e-08 1
LGIC_C 350 -0.261996424 0.391347496 0.0250140041 2.45891128e-08 -3.68002333e-08 1
LGIC_C 351 -0.11577857 0.0562550499 0.0250139899 3.37890593e-08 -4.80634052e-08 1
LGIC_C 352 -0.172260684 -0.35080249 0.0250140008 3.95603082e-08 3.05989652e-08 1
LGIC_C 353 -0.332719808 0.164480246 0.0250140019 4.20574045e-08 -2.81018523e-08 1
LGIC_C 354 0.140604354 0.220725503 0.0250139965 -2.81018716e-08 -4.20573923e-08 1
LGIC_C 355 0.0998691495 -0.566783772 0.025014015 1.00935263e-08 5.7878447e-08 1
LGIC_C 356 0.109958589 0.716603973 0.0250140153 -8.63455884e-09 -4.34088253e-08 1
LGIC_C 357 0.750979344 0.168355929 0.0250140194 -4.96100869e-08 6.3366408e-09 1
LGIC_C 358 0.0411838229 -0.0232950336 0.025013986 -4.90669481e-08 3.27855328e-08 1
LGIC_C 359 -0.213606163 0.195410984 0.0250139994 6.28881943e-09 -7.55636452e-08 1
LGIC_C 360 -0.487089168 0.414465764 0.0250140114 3.68002297e-08 -2.45891157e-08 1
LGIC_C 361 0.598412694 -0.162686953 0.0250140145 -4.96100859e-08 9.86807898e-09 1
LGIC_C 362 -0.411178661 -0.10315237 0.0250140007 -4.96100919e-08 2.90231703e-08 -1
LGIC_C 363 -0.383380706 0.405496555 0.0250140079 1.31306824e-08 -4.82586643e-08 1
LGIC_C 364 0.116480806 0.138341472 0.0250139939 -3.27855134e-08 -4.90669575e-08 1
LGIC_C 365 0.59843046 -0.324377868 0.0250140175 -4.20573976e-08 2.81018683e-08 1
LGIC_C 366 -0.297656525 -0.701511565 0.0250140165 3.95603082e-08 3.05989652e-08 1
LGIC_C 367 0.393901656 -0.176786336 0.0250140023 -3.05989503e-08 3.95603122e-08 1
LGIC_C 368 -0.108201284 -0.269097358 0.0250139976 2.48392553e-08 4.34088306e-08 1
LGIC_C 369 -0.0972491776 -0.596353858 0.02501401 -2.90231482e-08 4.96101036e-08 1
LGIC_C 370 -0.388340013 -0.56339871 0.0250140135 2.45891453e-08 3.68002268e-08 1
LGIC_C 371 0.184731401 0.10262014 0.0250139926 -3.68002282e-08 -2.45891172e-08 1
LGIC_C 372 -0.0762163858 0.449562503 0.0250140034 8.63455111e-09 -4.34088279e-08 1
LGIC_C 373 -0.545781947 0.533400807 0.0250140165 3.68002297e-08 -2.45891157e-08 1
LGIC_C 374 0.0758800257 -0.220462719 0.0250139937 6.33663526e-09 4.9610097e-08 1
LGIC_C 375 0.165288097 -0.617142519 0.0250140173 1.00935263e-08 5.7878447e-08 1
LGIC_C 376 0.410532995 0.394594594 0.0250140116 -4.20574004e-08 -2.81018564e-08 1
LGIC_C 377 0.323010952 0.154679648 0.0250139989 -3.68002282e-08 -2.45891172e-08 1
LGIC_C 378 -0.649015325 0.0798055814 0.0250140131 4.96100851e-08 2.90231542e-08 1
LGIC_C 379 -0.00753343881 -0.516921 0.025014009 9.8680833e-09 4.96100963e-08 1
LGIC_C 380 0.0887078806 0.614451902 0.0250140146 -9.86806672e-09 -4.96100854e-08 1
LGIC_C 381 0.0239129226 0.622528839 0.0250140144 -9.86806672e-09 -4.96100854e-08 1
LGIC_C 382 0.597117644 -0.294680593 0.0250140176 -3.37890406e-08 4.80634332e-08 1
LGIC_C 383 0.339333904 -0.497032782 0.0250140187 -3.27854948e-08 4.90669785e-08 1
LGIC_C 384 -0.468057233 -0.373875505 0.0250140144 6.28883752e-09 7.55636663e-08 1
LGIC_C 385 0.631455975 0.0621615073 0.0250140205 -5.78784335e-08 -1.15127284e-08 1
LGIC_C 386 0.53199968 -0.471767308 0.0250140144 -3.68002179e-08 2.45891393e-08 1
LGIC_C 387 0.531458683 -0.263341788 0.0250140138 -3.37890406e-08 4.80634332e-08 1
LGIC_C 388 -0.00202866369 0.477304912 0.025014007 9.86805557e-09 -4.96100883e-08 1
LGIC_C 389 0.339766891 -0.368788275 0.0250140125 -3.27854948e-08 4.90669785e-08 1
LGIC_C 390 0.536412229 0.0261979565 0.0250140097 -4.96100869e-08 6.3366408e-09 1
LGIC_C 391 -0.205224182 0.117372647 0.0250139959 3.37890593e-08 -4.80634052e-08 1
LGIC_C 392 -0.218459708 -0.574216341 0.0250140054 -2.90231482e-08 4.96101036e-08 1
LGIC_C 393 0.00681662002 -0.304830038 0.0250139965 -8.63454093e-09 4.34088369e-08 1
LGIC_C 394 0.407571179 0.637803817 0.0250140167 -2.45891309e-08 -3.68002211e-08 1
LGIC_C 395 0.335002578 0.458271542 0.0250140098 1.3130701e-08 4.82586573e-08 -1
LGIC_C 396 0.273673822 0.380739613 0.0250140052 1.3130701e-08 4.82586573e-08 -1
LGIC_C 397 -0.657057441 0.209420748 0.0250140136 4.34088259e-08 -8.63455061e-09 1
LGIC_C 398 -0.559716988 0.239001915 0.0250140137 3.37890593e-08 -4.80634052e-08 1
LGIC_C 399 0.594308532 -0.1529243 0.0250140175 -4.96100802e-08 3.14742968e-08 1
