VGCC_O 4 -0.108229728 0.00324736392 0.0466932869 -8.10297798e-07 1.61178104e-07 -1
CaBS 10 0.0972230264 -0.0318690094 0.075037369 -0.321328743 -0.750213836 0.577864204
CaBS 11 0.118026502 -0.0122850547 0.0817639599 0.333750516 0.131703927 0.933415593
CaBS 12 0.100139401 -0.00881145542 0.0832510063 -0.748611723 0.322508223 0.579283121
CaBS 13 0.115527005 -0.00945121667 0.0593134123 0.321328636 0.750213906 -0.577864173
CaBS 14 0.0907106794 -0.0183210626 0.0694001808 -0.999896295 -0.0141984568 0.00240892729
CaBS 15 0.0947045524 -0.0184000238 0.0578854088 -0.751399618 0.322919164 -0.575431861
CaBS 16 0.102002884 -0.0257891015 0.0553455912 -0.333750671 -0.131704002 -0.933415527
CaBS 17 0.113938526 -0.00880196762 0.0592730086 0.321328636 0.750213906 -0.577864173
CaBS 18 0.108679761 -0.00977908749 0.084414632 0.324116486 0.74980293 0.576839726
CaBS 19 0.0992364336 -0.0222119442 0.0836531505 -0.329239867 -0.132369096 0.934922207
CaBS 20 0.106759067 -0.00248843682 0.0646903002 -0.346545998 0.867982935 -0.355684546
CaBS 21 0.0907509303 -0.0219827031 0.064525433 -0.999896295 -0.0141984568 0.00240892729
CaBS 22 0.0908197397 -0.0245472815 0.0779709257 -0.999896295 -0.0141984568 0.00240892729
CaBS 23 0.102424386 -0.00585621182 0.0606951738 -0.346545998 0.867982935 -0.355684546
CaBS 24 0.10525215 -0.00701916042 0.0567573748 0.321328636 0.750213906 -0.577864173
CaBS 25 -0.087751676 0.0155138702 0.0793533323 0.75139969 -0.322919491 0.575431584
CaBS 26 -0.0986948337 0.00144771532 0.0538000713 0.74861179 -0.322508554 -0.579282851
CaBS 27 -0.0998716635 -0.00262597301 0.0772284166 0.346545964 -0.867983059 0.355684276
CaBS 28 -0.093748041 0.024216768 0.0743848861 0.735818381 0.677177195 -0.00153536913
CaBS 29 -0.112126501 0.0171074767 0.082594837 -0.748611709 0.322508237 0.579283131
CaBS 31 -0.103423608 0.0104456897 0.0866142454 -0.329239868 -0.132369105 0.934922205
CaBS 32 -0.104905271 -0.00562946641 0.0745325006 -0.321328736 -0.750213873 0.57786416
CaBS 34 -0.115993075 0.00143564635 0.0684834927 -0.735818461 -0.677177107 0.0015353549
CaBS 36 -0.111743997 -0.00317704776 0.0703974575 -0.735818461 -0.677177107 0.0015353549
CaBS 37 -0.100994951 0.0239108686 0.060051631 0.3213287 0.750213891 -0.577864158
CaBS 38 -0.110065533 0.0183344318 0.0548354108 -0.751399624 0.322919173 -0.575431849
CaBS 39 -0.0922166211 0.00773387993 0.0808177076 0.75139969 -0.322919491 0.575431584
Ca 7 0.255117175 0.0634057521 0.434055036 0 0 0
Ca 1 0.108303646 -0.277984842 0.57206587 0 0 0
Ca 6 -0.258242521 -0.0477516991 0.227560715 0 0 0
Ca 7 -0.201377933 -0.075958948 0.294760576 0 0 0
Ca 8 0.167937282 -0.17808819 1.05935867 0 0 0
Ca 1 0.531796235 0.182907068 0.458268155 0 0 0
Ca 1 -0.353038166 0.275359112 0.533659705 0 0 0
Ca 4 -0.355214777 0.214839002 0.933229424 0 0 0
Ca 8 0.0568650605 0.0188617729 0.383891529 0 0 0
Ca 1 0.571526825 0.311713973 0.248270573 0 0 0
Ca 8 0.150396429 0.328436378 0.515044032 0 0 0
Ca 8 0.408677791 0.355710734 0.0612380312 0 0 0
Ca 1 -0.446410866 -0.0752123146 0.425353093 0 0 0
Ca 1 0.172389754 0.195633729 0.774207358 0 0 0
Ca 4 -0.309355735 0.14605839 0.645286451 0 0 0
Ca 1 -0.324958514 -0.24884826 0.224708926 0 0 0
Ca 6 0.181650796 0.414899668 0.309637485 0 0 0
Ca 1 0.488410185 0.154780176 0.673064237 0 0 0
Ca 8 -0.708813703 -0.294836111 0.352937804 0 0 0
Ca 1 -0.222581568 0.380012805 0.286861959 0 0 0
Ca 6 -0.592503331 0.51796019 0.279153354 0 0 0
CaBS_Ca 43 -0.0993748194 -0.000722096289 0.0813904039 0.346545964 -0.867983059 0.355684276
Ca 6 0.325383313 0.580601101 0.488486136 0 0 0
Ca 8 0.118301902 0.038167464 0.229891928 0 0 0
Ca 6 0.483120041 0.232396795 0.235104354 0 0 0
Ca 8 0.264396617 0.0564807192 0.165150582 0 0 0
Ca 7 0.067869877 0.0469129171 0.0638558057 0 0 0
Ca 4 0.0163005748 0.207379607 0.316653517 0 0 0
Ca 4 -0.262288959 -0.248196611 0.308311407 0 0 0
Ca 8 -0.338587333 -0.603459954 0.203480527 0 0 0
Ca 8 -0.439964721 0.300952705 0.274989014 0 0 0
Ca 7 -0.453781301 0.126800883 0.105528935 0 0 0
Ca 1 -0.42387278 -0.0114346117 0.663936937 0 0 0
Ca 7 0.0120509598 -0.29570977 0.156909405 0 0 0
Ca 8 0.510947408 -0.295372411 0.336873099 0 0 0
Ca 8 0.650229571 0.223599998 0.0924711673 0 0 0
Ca 6 -0.169741468 0.720089181 0.402519435 0 0 0
Ca 1 -0.177668181 -0.117029977 0.18243067 0 0 0
Ca 8 -0.720218524 0.382144746 0.257827369 0 0 0
Ca 7 -0.256243204 0.0533406852 0.133465007 0 0 0
Ca 8 0.374586782 -0.265722772 0.226788936 0 0 0
Ca 1 0.266719827 0.623935901 0.176160682 0 0 0
Ca 4 -0.147486734 -0.421400874 0.675364625 0 0 0
Ca 7 -0.288787451 0.264562151 0.141281838 0 0 0
Ca 6 -0.144688184 0.00115877417 0.221646718 0 0 0
Ca 1 -0.215870467 0.213845013 0.3502028 0 0 0
Ca 8 0.00127309482 0.426454288 0.246244238 0 0 0
Ca 8 -0.196031347 0.0930391641 0.45528735 0 0 0
Ca 7 -0.154955121 -0.0801713737 0.0654614454 0 0 0
Ca 6 -0.410291114 -0.0395300451 0.336830958 0 0 0
Ca 7 0.454870569 -0.380076313 0.0873171563 0 0 0
Ca 8 -0.325197372 0.249168862 0.604891793 0 0 0
Ca 6 -0.192765529 -0.0348256823 0.542724475 0 0 0
Ca 6 -0.261880787 -0.0652553057 0.353881412 0 0 0
Ca 8 0.00964886021 0.0406077505 0.232678946 0 0 0
Ca 7 -0.221082121 -0.0697742647 0.296749319 0 0 0
Ca 4 0.0041165879 0.0577330142 0.321930497 0 0 0
Ca 6 -0.0229643248 0.407019068 0.174865642 0 0 0
Ca 7 -0.416571254 0.233946637 0.0550122029 0 0 0
Ca 1 -0.179442231 0.122624976 0.474641606 0 0 0
Ca 8 0.012962277 0.0563899378 0.144257737 0 0 0
Ca 6 -0.146434348 0.138870133 0.292402531 0 0 0
Ca 8 0.0358896287 -0.152840057 0.19564053 0 0 0
Ca 1 0.0839641081 0.0762587137 0.159691535 0 0 0
Ca 4 -0.289665219 -0.0216155651 0.169380033 0 0 0
Ca 1 -0.320851923 0.240449486 0.296565886 0 0 0
Ca 1 0.0673628404 0.0605819997 0.168530305 0 0 0
Ca 7 -0.234982458 0.154371908 0.173644685 0 0 0
Ca 1 -0.15503941 -0.0145839231 0.049477446 0 0 0
Ca 7 -0.341771838 -0.142951682 0.111266202 0 0 0
Ca 7 -0.0835778763 0.175779185 0.134453663 0 0 0
Ca 6 -0.0740525823 0.162295696 0.226120959 0 0 0
Ca 8 -0.0781802164 0.119173688 0.0613998801 0 0 0
Ca 8 -0.197287393 0.212585344 0.0824129082 0 0 0
Ca 1 -0.137070411 -0.0290849341 0.0563073518 0 0 0
Ca 4 -0.10344023 0.00628860768 0.0476848079 0 0 0
Ca 8 -0.0955620365 -0.00820895697 0.0670229977 0 0 0
Ca 4 -0.0644174546 0.0424093159 0.0721666939 0 0 0
Ca 1 -0.151867802 -0.0173108951 0.0585456825 0 0 0
Ca 6 -0.131835995 0.0228436222 0.0466784632 0 0 0
Ca 8 -0.124952139 0.0278690649 0.0466676378 0 0 0
Ca 4 -0.0824984996 -0.00769206846 0.072580163 0 0 0
VGCC_O 9 0.0953603447 -0.018533153 0.0466930096 -1.14792244e-06 -1.24564753e-07 -1
VGCC_O 3 0.0772568984 -0.00428239309 0.046693036 -1.41802159e-06 2.82063681e-07 -1
VGCC_O 6 -0.12622171 0.0241576588 0.046693322 -1.62059677e-06 3.22356891e-07 -1
VGCC_O 1 -0.126159285 0.0151063295 0.0466933189 -1.62059625e-06 3.22356338e-07 -1
VGCC_O 5 0.113746944 -0.0200409323 0.0466929896 -1.01287282e-06 -1.51427976e-07 -1
VGCC_O 7 -0.137449801 0.00579357966 0.0466933342 -1.62059625e-06 3.22356338e-07 -1
VGCC_O 2 0.119933892 -0.04777957 0.0466929781 -1.41802115e-06 2.82063236e-07 -1
VGCC_O 0 0.11238887 -0.0311459409 0.0466929927 -1.01287282e-06 -1.51427976e-07 -1
VGCC_O 8 -0.134706799 0.0161271258 0.0466933331 -1.62059677e-06 3.22356891e-07 -1
TAG 41 -0.105784995 0.0105052503 0.0536665039 -0.333750681 -0.131703993 -0.933415524
TAG 44 -0.11923843 0.00668793202 0.0611035411 -0.999896295 -0.0141984574 0.00240892698
LGIC_C 0 0.511188874 0.226041908 0.0250140114 3.37890593e-08 4.80634111e-08 -1
LGIC_C 1 -0.367885724 0.0397426421 0.0250139996 4.34088259e-08 -8.63455061e-09 1
LGIC_C 2 -0.594145022 0.102351032 0.0250140138 4.96100897e-08 -9.86805572e-09 1
LGIC_C 3 0.259949694 -0.650877671 0.0250140181 -9.86804037e-09 4.96101e-08 1
LGIC_C 4 -0.426599507 -0.242219879 0.0250140042 6.28883752e-09 7.55636663e-08 1
LGIC_C 5 0.0416568267 -0.533108205 0.0250140137 1.00935263e-08 5.7878447e-08 1
LGIC_C 6 -0.33380076 0.492288521 0.0250140158 1.28239438e-08 -5.73353116e-08 1
LGIC_C 7 -0.718889422 0.43230244 0.0250140204 3.68002297e-08 -2.45891157e-08 1
LGIC_C 8 -0.179996618 0.285822183 0.0250139982 2.45891128e-08 -3.68002333e-08 1
LGIC_C 9 -0.460778134 -0.279941125 0.0250140073 6.28883752e-09 7.55636663e-08 1
LGIC_C 10 -0.401640841 -0.605050284 0.0250140177 3.95603082e-08 3.05989652e-08 1
LGIC_C 11 0.143422021 0.560981715 0.0250140102 -6.33660387e-09 4.96100877e-08 -1
LGIC_C 12 0.413691752 0.187203772 0.0250140097 -4.90669739e-08 -3.27854893e-08 1
LGIC_C 13 0.724823388 -0.110796452 0.0250140203 -4.96100859e-08 9.86807898e-09 1
LGIC_C 14 0.682121693 0.257810848 0.0250140154 -4.96100869e-08 6.3366408e-09 1
LGIC_C 15 -0.467916886 -0.351473217 0.0250140085 5.39043203e-09 6.47688584e-08 1
LGIC_C 16 0.635279517 -0.153662863 0.0250140163 -4.96100859e-08 9.86807898e-09 1
LGIC_C 17 -0.556352514 0.356007133 0.0250140148 -4.82586679e-08 1.31306769e-08 -1
LGIC_C 18 0.307428212 -0.476534833 0.0250140119 -2.81018481e-08 4.20574137e-08 1
LGIC_C 19 -0.329810487 0.283921557 0.0250140081 3.37890593e-08 -4.80634052e-08 1
LGIC_C 20 0.0856982002 -0.409108024 0.0250140079 -1.15127059e-08 5.78784511e-08 1
LGIC_C 21 -0.00798155929 -0.153629741 0.0250139906 -2.90231482e-08 4.96101036e-08 1
LGIC_C 22 0.114299722 0.620725487 0.0250140152 -9.86806672e-09 -4.96100854e-08 1
LGIC_C 23 -0.449817727 0.406414644 0.0250140098 3.68002297e-08 -2.45891157e-08 1
LGIC_C 24 0.131732568 0.433471452 0.0250140061 -9.86806672e-09 -4.96100854e-08 1
LGIC_C 25 0.373727389 -0.0318039435 0.0250139997 -4.34088226e-08 8.63456802e-09 1
LGIC_C 26 -0.036162858 0.272813362 0.0250139995 1.15127271e-08 -5.78784352e-08 1
LGIC_C 27 -0.248522154 0.515815252 0.0250140167 3.27854968e-08 -4.90669676e-08 1
LGIC_C 28 0.687620022 0.112366433 0.0250140141 -4.34088272e-08 -8.63453573e-09 1
LGIC_C 29 -0.621470017 -0.109427526 0.0250140139 5.7878436e-08 -4.89847332e-08 1
LGIC_C 30 0.663704428 0.155128924 0.0250140152 -4.96100869e-08 6.3366408e-09 1
LGIC_C 31 -0.416323394 -0.421529874 0.0250140125 -5.56021111e-08 -1.45571543e-08 -1
LGIC_C 32 0.100436015 0.118402302 0.0250139911 -2.81018716e-08 -4.20573923e-08 1
LGIC_C 33 -0.0190926977 0.636016646 0.025014011 8.63455111e-09 -4.34088279e-08 1
LGIC_C 34 0.274217192 -0.509746221 0.0250140172 -3.27854948e-08 4.90669785e-08 1
LGIC_C 35 -0.195335954 -0.505298591 0.0250140026 -2.90231482e-08 4.96101036e-08 1
LGIC_C 36 0.518880382 -0.629243626 0.0250140191 -2.45891087e-08 3.68002429e-08 1
LGIC_C 37 0.123151119 0.798001233 0.025014019 -8.63455884e-09 -4.34088253e-08 1
LGIC_C 38 0.744137287 -0.328592837 0.025014019 -3.05989503e-08 3.95603122e-08 1
LGIC_C 39 0.706798841 0.299879265 0.0250140166 -3.68002282e-08 -2.45891172e-08 1
LGIC_C 40 -0.696674907 0.00556794343 0.0250140137 4.34088279e-08 -2.48392273e-08 1
LGIC_C 41 -0.523303772 0.592049364 0.0250140179 2.45891128e-08 -3.68002333e-08 1
LGIC_C 42 -0.252707728 -0.658964437 0.025014014 8.63456455e-09 4.34088336e-08 1
LGIC_C 43 -0.560280293 -0.488377121 0.0250140141 1.15916899e-08 4.97976879e-08 1
LGIC_C 44 0.339850381 0.538638486 0.0250140137 1.3130701e-08 4.82586573e-08 -1
LGIC_C 45 -0.0285993912 -0.26533058 0.0250139955 2.48392553e-08 4.34088306e-08 1
LGIC_C 46 -0.247565691 -0.180859362 0.0250139963 5.39043203e-09 6.47688584e-08 1
LGIC_C 47 0.504686913 -0.164585579 0.0250140143 -5.78784275e-08 1.15127558e-08 1
LGIC_C 48 -0.0805709205 -0.404094673 0.0250140015 8.63456455e-09 4.34088336e-08 1
LGIC_C 49 -0.526948467 -0.176268603 0.0250140077 4.34088238e-08 8.63459484e-09 1
LGIC_C 50 0.229481104 -0.343760739 0.0250140076 -3.27854948e-08 4.90669785e-08 1
LGIC_C 51 -0.57049034 -0.012979735 0.0250140081 4.34088238e-08 8.63459484e-09 1
LGIC_C 52 0.63676805 -0.164807703 0.025014015 -4.34088182e-08 2.48392526e-08 1
LGIC_C 53 0.336919716 -0.0827229258 0.0250139999 -4.34088182e-08 2.48392526e-08 1
LGIC_C 54 -0.0289633297 -0.198417263 0.0250139933 -4.89847109e-08 5.78784581e-08 1
LGIC_C 55 0.410954364 0.482987665 0.0250140111 -2.45891309e-08 -3.68002211e-08 1
LGIC_C 56 -0.13692469 -0.182833948 0.0250139935 -5.56021111e-08 -1.45571543e-08 -1
LGIC_C 57 -0.0846040595 0.432185704 0.0250140074 -3.14742797e-08 4.96100914e-08 -1
LGIC_C 58 0.449122547 -0.0718914184 0.0250140045 -4.34088182e-08 2.48392526e-08 1
LGIC_C 59 -0.416163811 -0.223184357 0.0250140017 1.45571809e-08 5.5602105e-08 1
LGIC_C 60 0.0826568093 0.528723801 0.0250140121 -3.14742949e-08 -4.96100822e-08 1
LGIC_C 61 -0.38932103 0.339705287 0.0250140092 4.20574045e-08 -2.81018523e-08 1
LGIC_C 62 -0.0367562492 0.425503698 0.0250140055 -3.14742797e-08 4.96100914e-08 -1
LGIC_C 63 0.216708198 -0.0396943985 0.0250139944 -4.96100859e-08 9.86807898e-09 1
LGIC_C 64 -0.233788024 0.00109901553 0.0250139967 5.7878425e-08 4.89846948e-08 1
LGIC_C 65 0.0156758494 0.319118605 0.0250139992 -9.86806672e-09 -4.96100854e-08 1
LGIC_C 66 -0.239469071 -0.330089557 0.0250140013 2.45891453e-08 3.68002268e-08 1
LGIC_C 67 -0.453790096 0.451862499 0.0250140203 6.28881943e-09 -7.55636452e-08 1
LGIC_C 68 -0.680996977 -0.117129835 0.0250140097 -4.34088282e-08 2.70157287e-08 -1
LGIC_C 69 -0.693531787 -0.365933893 0.0250140178 3.68002489e-08 2.45891179e-08 1
LGIC_C 70 -0.0531305393 0.38347094 0.0250140004 8.63455111e-09 -4.34088279e-08 1
LGIC_C 71 0.530603145 0.10047629 0.0250140151 -5.78784335e-08 -1.15127284e-08 1
LGIC_C 72 0.133879539 0.399982391 0.0250140018 -8.63455884e-09 -4.34088253e-08 1
LGIC_C 73 -0.0247927572 0.00516808155 0.0250139845 4.34088279e-08 -2.48392273e-08 1
LGIC_C 74 0.541517269 0.500084472 0.0250140159 -4.82586616e-08 -1.31306776e-08 1
LGIC_C 75 0.506877221 -0.608556167 0.0250140181 -2.45891087e-08 3.68002429e-08 1
LGIC_C 76 -0.669493461 0.0536188415 0.0250140149 4.96100851e-08 2.90231542e-08 1
LGIC_C 77 0.342711363 -0.213860022 0.0250140022 -3.05989503e-08 3.95603122e-08 1
LGIC_C 78 0.274229961 0.342691013 0.0250140091 -3.27855134e-08 -4.90669575e-08 1
LGIC_C 79 -0.575684586 -0.260482463 0.0250140029 1.15916899e-08 4.97976879e-08 1
LGIC_C 80 0.741809821 -0.0273789006 0.0250140157 -4.34088226e-08 8.63456802e-09 1
LGIC_C 81 0.0686006789 0.687261502 0.0250140169 -6.33660387e-09 4.96100877e-08 -1
LGIC_C 82 0.487480078 -0.306546245 0.0250140103 -3.05989503e-08 3.95603122e-08 1
LGIC_C 83 -0.359760909 0.239198583 0.0250140038 -4.82586679e-08 1.31306769e-08 -1
LGIC_C 84 0.212923446 0.498057889 0.0250140102 -2.81018716e-08 -4.20573923e-08 1
LGIC_C 85 -0.0822590415 0.101951341 0.0250139902 1.28239438e-08 -5.73353116e-08 1
LGIC_C 86 0.560629689 -0.319948935 0.0250140175 -3.37890406e-08 4.80634332e-08 1
LGIC_C 87 -0.327839304 -0.260992621 0.0250140025 1.45571809e-08 5.5602105e-08 1
LGIC_C 88 -0.624757187 -0.535921879 0.0250140172 1.15916899e-08 4.97976879e-08 1
LGIC_C 89 0.245824691 -0.49860078 0.0250140105 -1.31306721e-08 4.82586744e-08 1
LGIC_C 90 -0.374691934 -0.337800828 0.0250140075 1.45571809e-08 5.5602105e-08 1
LGIC_C 91 0.17406136 0.768690498 0.0250140181 -8.63455884e-09 -4.34088253e-08 1
LGIC_C 92 0.221606046 -0.72279188 0.0250140177 6.33663526e-09 4.9610097e-08 1
LGIC_C 93 -0.0842585197 0.589487022 0.025014012 -6.33661298e-09 -4.96100859e-08 1
LGIC_C 94 0.155142272 -0.0628486117 0.0250139929 -4.96100802e-08 3.14742968e-08 1
LGIC_C 95 -0.32200804 -0.437450101 0.0250140075 -5.56021111e-08 -1.45571543e-08 -1
LGIC_C 96 0.345243707 -0.00396422397 0.0250140004 -4.96100859e-08 9.86807898e-09 1
LGIC_C 97 -0.375664027 0.0272800128 0.0250140011 4.96100851e-08 2.90231542e-08 1
LGIC_C 98 -0.336634382 -0.571348546 0.0250140141 3.95603082e-08 3.05989652e-08 1
LGIC_C 99 0.227095256 -0.0731448442 0.0250139968 -4.96100802e-08 3.14742968e-08 1
LGIC_C 100 -0.339891963 -0.506097233 0.0250140102 2.45891453e-08 3.68002268e-08 1
LGIC_C 101 -0.372669136 0.0122076921 0.0250140019 4.96100897e-08 -9.86805572e-09 1
LGIC_C 102 -0.375238206 0.441944102 0.0250140134 1.28239438e-08 -5.73353116e-08 1
LGIC_C 103 -0.471222483 -0.000857718755 0.0250140037 -4.34088282e-08 2.70157287e-08 -1
LGIC_C 104 0.586793275 -0.229810392 0.0250140146 -4.96100859e-08 9.86807898e-09 1
LGIC_C 105 -0.292900762 0.10547561 0.0250139986 4.34088279e-08 -2.48392273e-08 1
LGIC_C 106 -0.299858817 0.776556245 0.0250140196 8.63455111e-09 -4.34088279e-08 1
LGIC_C 107 -0.727525518 -0.256793185 0.0250140171 4.34088238e-08 8.63459484e-09 1
LGIC_C 108 -0.0634416585 -0.518878226 0.0250140073 2.48392553e-08 4.34088306e-08 1
LGIC_C 109 0.188160809 0.066739893 0.0250139949 -5.78784335e-08 -1.15127284e-08 1
LGIC_C 110 -0.215694867 -0.709365613 0.0250140159 8.63456455e-09 4.34088336e-08 1
LGIC_C 111 -0.493478956 -0.137634703 0.0250140038 -4.96100919e-08 2.90231703e-08 -1
LGIC_C 112 0.70538947 -0.00823536174 0.0250140185 -4.96100802e-08 3.14742968e-08 1
LGIC_C 113 -0.0643002329 -0.70959639 0.0250140156 2.48392553e-08 4.34088306e-08 1
LGIC_C 114 -0.332052081 0.408135587 0.0250140109 1.28239438e-08 -5.73353116e-08 1
LGIC_C 115 0.51652504 -0.357964299 0.0250140132 -3.05989503e-08 3.95603122e-08 1
LGIC_C 116 0.122977688 -0.431365973 0.025014007 1.00935263e-08 5.7878447e-08 1
LGIC_C 117 -0.202687052 -0.0197099223 0.0250139925 4.96100935e-08 -4.19869172e-08 1
LGIC_C 118 -0.300938208 -0.305167148 0.0250140045 3.95603082e-08 3.05989652e-08 1
LGIC_C 119 0.0861304979 0.416499924 0.0250140048 -9.86806672e-09 -4.96100854e-08 1
LGIC_C 120 0.0154325668 0.514183729 0.0250140089 -9.86806672e-09 -4.96100854e-08 1
LGIC_C 121 -0.44801133 -0.406305848 0.0250140087 1.15916899e-08 4.97976879e-08 1
LGIC_C 122 0.656789318 -0.34076282 0.0250140158 -3.68002179e-08 2.45891393e-08 1
LGIC_C 123 0.333091932 -0.32053233 0.0250140101 -4.90669481e-08 3.27855328e-08 1
LGIC_C 124 0.521625989 -0.427072247 0.0250140129 -3.68002179e-08 2.45891393e-08 1
LGIC_C 125 0.144350454 -0.139204134 0.0250139932 -3.05989503e-08 3.95603122e-08 1
LGIC_C 126 0.621500479 -0.367329538 0.0250140168 -3.05989503e-08 3.95603122e-08 1
LGIC_C 127 0.236523236 -0.346891225 0.0250140031 -1.31306721e-08 4.82586744e-08 1
LGIC_C 128 0.227783237 -0.318315881 0.0250140005 -2.45891087e-08 3.68002429e-08 1
LGIC_C 129 0.479780605 -0.0791435686 0.0250140047 -4.34088226e-08 8.63456802e-09 1
LGIC_C 130 -0.641324916 0.190536577 0.0250140128 4.34088259e-08 -8.63455061e-09 1
LGIC_C 131 0.412171207 0.268926137 0.0250140067 -4.82586616e-08 -1.31306776e-08 1
LGIC_C 132 -0.199673186 0.0600787428 0.0250139919 5.7878425e-08 4.89846948e-08 1
LGIC_C 133 -0.580403654 -0.0324771812 0.0250140087 4.34088238e-08 8.63459484e-09 1
LGIC_C 134 0.305417185 -0.636922908 0.0250140142 -2.45891087e-08 3.68002429e-08 1
LGIC_C 135 -0.273235784 -0.265955717 0.025014005 6.28883752e-09 7.55636663e-08 1
LGIC_C 136 0.357963627 -0.264000366 0.0250140029 -3.68002179e-08 2.45891393e-08 1
LGIC_C 137 0.360425428 -0.345098169 0.0250140079 -3.05989503e-08 3.95603122e-08 1
LGIC_C 138 -0.692387667 -0.23168205 0.0250140079 4.96100935e-08 -4.19869172e-08 1
LGIC_C 139 0.127146836 -0.0260166176 0.0250139903 -4.96100802e-08 3.14742968e-08 1
LGIC_C 140 0.438945981 0.549112922 0.0250140143 -2.45891309e-08 -3.68002211e-08 1
LGIC_C 141 0.462430346 0.124234547 0.0250140044 -4.34088272e-08 -8.63453573e-09 1
LGIC_C 142 -0.485896574 -0.540635365 0.025014019 3.95603082e-08 3.05989652e-08 1
LGIC_C 143 -0.127493307 -0.188032635 0.0250139947 2.81018674e-08 4.20574117e-08 1
LGIC_C 144 -0.457782609 -0.486762721 0.0250140158 -5.56021111e-08 -1.45571543e-08 -1
LGIC_C 145 0.205054109 0.0130187143 0.0250139933 -4.96100869e-08 6.3366408e-09 1
LGIC_C 146 0.0130495383 0.590254394 0.0250140125 -6.33660387e-09 4.96100877e-08 -1
LGIC_C 147 -0.339201751 -0.352331809 0.0250140046 2.45891453e-08 3.68002268e-08 1
LGIC_C 148 0.461531922 -0.0935960528 0.025014011 -5.78784275e-08 1.15127558e-08 1
LGIC_C 149 0.564077724 0.516500585 0.0250140167 -3.68002282e-08 -2.45891172e-08 1
LGIC_C 150 0.425212796 0.169429388 0.0250140033 -4.96100869e-08 6.3366408e-09 1
LGIC_C 151 -0.0825251215 -0.722287058 0.0250140153 8.63456455e-09 4.34088336e-08 1
LGIC_C 152 0.261939859 0.593662964 0.0250140156 -2.81018716e-08 -4.20573923e-08 1
LGIC_C 153 0.179381048 -0.210665339 0.0250139976 -1.28239349e-08 5.73353226e-08 1
LGIC_C 154 0.147203651 0.516979408 0.0250140104 -9.86806672e-09 -4.96100854e-08 1
LGIC_C 155 -0.633604538 0.119111753 0.0250140118 4.34088259e-08 -8.63455061e-09 1
LGIC_C 156 -0.230772333 0.0459830587 0.0250139937 4.34088259e-08 -8.63455061e-09 1
LGIC_C 157 -0.433041282 0.282206903 0.0250140073 6.28881943e-09 -7.55636452e-08 1
LGIC_C 158 0.34293836 0.174387033 0.0250140032 3.37890593e-08 4.80634111e-08 -1
LGIC_C 159 0.783664994 0.16511289 0.0250140187 -4.34088272e-08 -8.63453573e-09 1
LGIC_C 160 -0.29618237 -0.0745915738 0.0250139941 -4.34088282e-08 2.70157287e-08 -1
LGIC_C 161 -0.435628028 0.0755855516 0.0250140056 4.96100897e-08 -9.86805572e-09 1
LGIC_C 162 0.469567155 0.0106783719 0.0250140066 -4.96100911e-08 -9.86803575e-09 1
LGIC_C 163 0.386108561 -0.253608405 0.0250140066 -4.20573976e-08 2.81018683e-08 1
LGIC_C 164 0.236938686 -0.588627982 0.0250140109 6.33663526e-09 4.9610097e-08 1
LGIC_C 165 -0.314873799 0.0592751661 0.0250139972 4.96100851e-08 2.90231542e-08 1
LGIC_C 166 -0.150765757 -0.681920245 0.0250140166 2.48392553e-08 4.34088306e-08 1
LGIC_C 167 -0.56904111 0.531402038 0.0250140173 3.68002297e-08 -2.45891157e-08 1
LGIC_C 168 -0.56679504 -0.238158994 0.0250140017 5.39043203e-09 6.47688584e-08 1
LGIC_C 169 0.642266044 -0.483929757 0.0250140188 -3.68002179e-08 2.45891393e-08 1
LGIC_C 170 0.564834991 -0.366767857 0.0250140199 -3.37890406e-08 4.80634332e-08 1
LGIC_C 171 -0.204533165 0.326328071 0.0250140046 1.28239438e-08 -5.73353116e-08 1
LGIC_C 172 0.338718039 0.157302785 0.0250140023 3.37890593e-08 4.80634111e-08 -1
LGIC_C 173 0.682961858 0.316659811 0.0250140162 -3.68002282e-08 -2.45891172e-08 1
LGIC_C 174 -0.0710649995 -0.520408408 0.0250140076 2.48392553e-08 4.34088306e-08 1
LGIC_C 175 0.421533633 -0.288791772 0.0250140113 -3.37890406e-08 4.80634332e-08 1
LGIC_C 176 -0.604241873 -0.597859014 0.0250140202 3.68002489e-08 2.45891179e-08 1
LGIC_C 177 0.308807983 0.329445494 0.0250140058 -2.81018716e-08 -4.20573923e-08 1
LGIC_C 178 0.0684056571 -0.627827279 0.0250140139 6.33663526e-09 4.9610097e-08 1
LGIC_C 179 -0.257890307 -0.168704451 0.0250139976 6.28883752e-09 7.55636663e-08 1
LGIC_C 180 -0.13271841 0.280170488 0.0250139988 2.8101852e-08 -4.20574041e-08 1
LGIC_C 181 -0.640271122 -0.288108022 0.0250140053 5.39043203e-09 6.47688584e-08 1
LGIC_C 182 0.0693576605 -0.19186956 0.0250139951 -1.15127059e-08 5.78784511e-08 1
LGIC_C 183 0.650558048 0.337344515 0.0250140191 -4.82586616e-08 -1.31306776e-08 1
LGIC_C 184 0.717507338 -0.0621285662 0.0250140159 -4.34088182e-08 2.48392526e-08 1
LGIC_C 185 0.380110902 -0.139971767 0.0250140032 -4.34088182e-08 2.48392526e-08 1
LGIC_C 186 -0.576285473 -0.316963788 0.0250140069 5.39043203e-09 6.47688584e-08 1
LGIC_C 187 0.138291475 0.10276997 0.0250139934 -4.90669739e-08 -3.27854893e-08 1
LGIC_C 188 -0.757566064 0.0915361353 0.0250140169 4.34088259e-08 -8.63455061e-09 1
LGIC_C 189 -0.54336755 0.275418122 0.0250140139 4.20574045e-08 -2.81018523e-08 1
LGIC_C 190 0.329318187 -0.735627715 0.0250140184 -2.45891087e-08 3.68002429e-08 1
LGIC_C 191 -0.418672048 -0.238759805 0.025014001 5.39043203e-09 6.47688584e-08 1
LGIC_C 192 -0.296889291 0.102164288 0.025013997 4.34088259e-08 -8.63455061e-09 1
LGIC_C 193 0.308272757 0.0879952039 0.0250139994 -4.96100911e-08 -9.86803575e-09 1
LGIC_C 194 -0.695886988 0.363119386 0.0250140178 3.68002297e-08 -2.45891157e-08 1
LGIC_C 195 0.389517952 0.390868747 0.0250140106 -2.81018716e-08 -4.20573923e-08 1
LGIC_C 196 0.690883164 0.382222775 0.0250140181 -3.68002282e-08 -2.45891172e-08 1
LGIC_C 197 -0.252757827 -0.50636648 0.0250140081 2.45891453e-08 3.68002268e-08 1
LGIC_C 198 0.534961473 0.0131676311 0.0250140066 -4.34088272e-08 -8.63453573e-09 1
LGIC_C 199 0.609293704 0.2356266 0.025014012 -4.96100869e-08 6.3366408e-09 1
LGIC_C 200 0.748541735 -0.325932499 0.0250140188 -3.68002179e-08 2.45891393e-08 1
LGIC_C 201 0.244988823 0.117426743 0.0250139968 -4.20574004e-08 -2.81018564e-08 1
LGIC_C 202 -0.0175518279 -0.281824477 0.0250139959 2.48392553e-08 4.34088306e-08 1
LGIC_C 203 -0.171962584 -0.0194638854 0.0250139912 -4.96100919e-08 2.90231703e-08 -1
LGIC_C 204 -0.35358274 0.56005375 0.0250140168 2.8101852e-08 -4.20574041e-08 1
LGIC_C 205 -0.0978688601 0.240222511 0.0250139962 9.86805557e-09 -4.96100883e-08 1
LGIC_C 206 0.656128254 -0.398669419 0.0250140172 -3.68002179e-08 2.45891393e-08 1
LGIC_C 207 -0.144446822 -0.432804876 0.0250140012 -4.89847109e-08 5.78784581e-08 1
LGIC_C 208 -0.493607329 0.369265862 0.0250140119 -4.82586679e-08 1.31306769e-08 -1
LGIC_C 209 0.00715975906 0.00474050949 0.0250139845 1.17760736e-07 7.86851455e-08 -1
LGIC_C 210 0.0682934846 0.274120489 0.0250139975 -9.86806672e-09 -4.96100854e-08 1
LGIC_C 211 0.550527215 -0.172131538 0.0250140171 -5.78784275e-08 1.15127558e-08 1
LGIC_C 212 -0.346164462 -0.486675858 0.0250140096 -5.56021111e-08 -1.45571543e-08 -1
LGIC_C 213 0.377089781 -0.392907763 0.0250140103 -2.81018481e-08 4.20574137e-08 1
LGIC_C 214 0.458578602 -0.0777024017 0.0250140038 -4.34088226e-08 8.63456802e-09 1
LGIC_C 215 -0.480306358 -0.0130660157 0.0250140042 4.34088238e-08 8.63459484e-09 1
LGIC_C 216 0.219318999 -0.168752547 0.0250139966 -3.05989503e-08 3.95603122e-08 1
LGIC_C 217 0.497976726 -0.402343611 0.0250140194 -3.37890406e-08 4.80634332e-08 1
LGIC_C 218 -0.281054589 0.410059331 0.0250140067 1.31306824e-08 -4.82586643e-08 1
LGIC_C 219 -0.223760424 -0.47752723 0.0250140067 3.95603082e-08 3.05989652e-08 1
LGIC_C 220 -0.747047639 -0.333038369 0.0250140189 3.68002489e-08 2.45891179e-08 1
LGIC_C 221 0.686213744 -0.418340477 0.0250140188 -3.68002179e-08 2.45891393e-08 1
LGIC_C 222 -0.547804895 -0.142256309 0.0250140063 -4.96100919e-08 2.90231703e-08 -1
LGIC_C 223 0.247908625 0.405244874 0.0250140089 -4.80634192e-08 -3.37890445e-08 1
LGIC_C 224 -0.393974109 0.0442735668 0.0250140015 4.96100851e-08 2.90231542e-08 1
LGIC_C 225 0.186888812 -0.65889594 0.0250140134 -8.63454093e-09 4.34088369e-08 1
LGIC_C 226 0.397088311 -0.224631552 0.0250140034 -3.68002179e-08 2.45891393e-08 1
LGIC_C 227 -0.189762133 0.51097961 0.0250140071 8.63455111e-09 -4.34088279e-08 1
LGIC_C 228 0.269923744 -0.293947244 0.025014001 -1.31306721e-08 4.82586744e-08 1
LGIC_C 229 -0.506282015 -0.0799494861 0.0250140059 4.34088238e-08 8.63459484e-09 1
LGIC_C 230 -0.672203824 -0.207313361 0.0250140069 -4.34088282e-08 2.70157287e-08 -1
LGIC_C 231 0.55145803 0.26602616 0.0250140147 3.37890593e-08 4.80634111e-08 -1
LGIC_C 232 -0.258754642 0.792515444 0.0250140199 8.63455111e-09 -4.34088279e-08 1
LGIC_C 233 0.322030166 0.226147873 0.0250140017 -4.82586616e-08 -1.31306776e-08 1
LGIC_C 234 -0.0576594415 -0.452294281 0.0250140034 8.63456455e-09 4.34088336e-08 1
LGIC_C 235 0.297660808 0.4703356 0.0250140114 -2.81018716e-08 -4.20573923e-08 1
LGIC_C 236 0.29000111 -0.0198213439 0.0250139963 -4.34088182e-08 2.48392526e-08 1
LGIC_C 237 0.686576513 -0.00191848991 0.0250140173 -4.96100802e-08 3.14742968e-08 1
LGIC_C 238 -0.170564965 0.017000829 0.0250139923 5.7878425e-08 4.89846948e-08 1
LGIC_C 239 0.478022325 -0.304605098 0.0250140119 -4.20573976e-08 2.81018683e-08 1
LGIC_C 240 0.150524088 -0.17443858 0.0250139952 -1.28239349e-08 5.73353226e-08 1
LGIC_C 241 -0.0953438199 0.206667189 0.0250139946 2.8101852e-08 -4.20574041e-08 1
LGIC_C 242 0.624529654 -0.317706931 0.0250140196 -3.37890406e-08 4.80634332e-08 1
LGIC_C 243 -0.666916066 0.234175176 0.0250140187 4.96100897e-08 -9.86805572e-09 1
LGIC_C 244 0.558118772 -0.16542343 0.0250140174 -5.78784275e-08 1.15127558e-08 1
LGIC_C 245 -0.499664258 -0.481645945 0.0250140173 1.45571809e-08 5.5602105e-08 1
LGIC_C 246 0.386367034 0.443079876 0.0250140091 -2.45891309e-08 -3.68002211e-08 1
LGIC_C 247 -0.491381732 0.627048545 0.0250140184 2.45891128e-08 -3.68002333e-08 1
LGIC_C 248 0.0876014623 -0.0980571614 0.025013989 -2.45891087e-08 3.68002429e-08 1
LGIC_C 249 0.51174816 -0.000338146856 0.0250140086 -4.96100802e-08 3.14742968e-08 1
LGIC_C 250 0.226051076 0.515838222 0.0250140115 -4.80634192e-08 -3.37890445e-08 1
LGIC_C 251 0.0192278223 0.6657054 0.0250140162 -6.33660387e-09 4.96100877e-08 -1
LGIC_C 252 0.143872021 0.575885612 0.0250140164 -3.14742949e-08 -4.96100822e-08 1
LGIC_C 253 0.487003865 0.314280405 0.0250140109 -4.82586616e-08 -1.31306776e-08 1
LGIC_C 254 -0.490826368 0.305073933 0.0250140145 3.37890593e-08 -4.80634052e-08 1
LGIC_C 255 -0.76451305 -0.0850505767 0.0250140142 -4.34088282e-08 2.70157287e-08 -1
LGIC_C 256 -0.318077989 0.513416843 0.02501401 2.45891128e-08 -3.68002333e-08 1
LGIC_C 257 0.29180392 0.304490631 0.0250140018 1.3130701e-08 4.82586573e-08 -1
LGIC_C 258 -0.315964189 0.577274927 0.0250140123 2.45891128e-08 -3.68002333e-08 1
LGIC_C 259 0.235699857 -0.317998911 0.0250140066 -3.27854948e-08 4.90669785e-08 1
LGIC_C 260 -0.0388672279 -0.634992425 0.0250140151 9.8680833e-09 4.96100963e-08 1
LGIC_C 261 0.0616662447 0.595061 0.0250140096 -8.63455884e-09 -4.34088253e-08 1
LGIC_C 262 -0.331068086 0.346057225 0.0250140043 1.31306824e-08 -4.82586643e-08 1
LGIC_C 263 -0.687838922 -0.225603839 0.025014007 -4.34088282e-08 2.70157287e-08 -1
LGIC_C 264 0.452968836 -0.322767877 0.0250140078 -3.68002179e-08 2.45891393e-08 1
LGIC_C 265 0.208878941 0.0387627894 0.025013994 -4.96100911e-08 -9.86803575e-09 1
LGIC_C 266 -0.160486389 -0.324922808 0.0250139995 3.95603082e-08 3.05989652e-08 1
LGIC_C 267 -0.293395782 -0.280753599 0.0250140031 1.45571809e-08 5.5602105e-08 1
LGIC_C 268 -0.0828657907 -0.525023465 0.0250140069 -2.90231482e-08 4.96101036e-08 1
LGIC_C 269 -0.110882284 0.672436907 0.0250140159 -6.33661298e-09 -4.96100859e-08 1
LGIC_C 270 -0.0947655927 -0.122015028 0.0250139912 7.55636799e-08 6.2887973e-09 1
LGIC_C 271 -0.49585071 -0.444438903 0.0250140124 3.68002489e-08 2.45891179e-08 1
LGIC_C 272 -0.401535758 0.281643767 0.0250140063 -4.82586679e-08 1.31306769e-08 -1
LGIC_C 273 0.741432279 -0.199737104 0.0250140204 -4.34088182e-08 2.48392526e-08 1
LGIC_C 274 -0.34352824 0.344375881 0.0250140044 2.45891128e-08 -3.68002333e-08 1
LGIC_C 275 0.0261369871 -0.567030573 0.0250140112 6.33663526e-09 4.9610097e-08 1
LGIC_C 276 -0.145419185 -0.524606246 0.025014005 -2.90231482e-08 4.96101036e-08 1
LGIC_C 277 0.657645399 -0.116279101 0.0250140195 -4.96100802e-08 3.14742968e-08 1
LGIC_C 278 0.297203411 0.253125058 0.0250140004 -3.68002282e-08 -2.45891172e-08 1
LGIC_C 279 0.0691058797 -0.0890437919 0.0250139882 -2.45891087e-08 3.68002429e-08 1
LGIC_C 280 -0.288372544 -0.141715402 0.0250139953 1.45571809e-08 5.5602105e-08 1
LGIC_C 281 0.370368899 0.572461574 0.0250140204 -4.80634192e-08 -3.37890445e-08 1
LGIC_C 282 -0.229874487 -0.440063542 0.0250140058 3.95603082e-08 3.05989652e-08 1
LGIC_C 283 -0.241491056 -0.467435958 0.0250140045 7.55636799e-08 6.2887973e-09 1
LGIC_C 284 0.264069529 -0.781621386 0.0250140194 -8.63454093e-09 4.34088369e-08 1
LGIC_C 285 -0.274051411 0.483065998 0.025014016 3.27854968e-08 -4.90669676e-08 1
LGIC_C 286 -0.537408057 0.0198630342 0.0250140093 4.96100851e-08 2.90231542e-08 1
LGIC_C 287 -0.0611598376 -0.159996209 0.0250139907 8.63456455e-09 4.34088336e-08 1
LGIC_C 288 0.0295586367 -0.339200285 0.0250139999 6.33663526e-09 4.9610097e-08 1
LGIC_C 289 0.0412824599 0.0188025734 0.0250139852 -3.68002282e-08 -2.45891172e-08 1
LGIC_C 290 -0.36788295 -0.517635156 0.0250140154 2.81018674e-08 4.20574117e-08 1
LGIC_C 291 -0.535192813 0.452325438 0.0250140141 3.68002297e-08 -2.45891157e-08 1
LGIC_C 292 0.448119399 0.453706757 0.0250140149 -2.81018716e-08 -4.20573923e-08 1
LGIC_C 293 -0.677205176 -0.0554293728 0.0250140153 -4.96100919e-08 2.90231703e-08 -1
LGIC_C 294 0.0549605835 -0.199358818 0.0250139954 -1.15127059e-08 5.78784511e-08 1
LGIC_C 295 -0.164159365 0.110999821 0.0250139927 6.28881943e-09 -7.55636452e-08 1
LGIC_C 296 0.497853008 0.277242579 0.025014012 -4.20574004e-08 -2.81018564e-08 1
LGIC_C 297 0.00960991459 0.368597221 0.0250139993 -8.63455884e-09 -4.34088253e-08 1
LGIC_C 298 0.0959462507 -0.514944215 0.0250140097 -9.86804037e-09 4.96101e-08 1
LGIC_C 299 -0.107166931 -0.312729432 0.0250139998 9.8680833e-09 4.96100963e-08 1
LGIC_C 300 0.416169678 -0.0527599934 0.0250140026 -4.34088182e-08 2.48392526e-08 1
LGIC_C 301 0.108685496 0.361303769 0.0250139999 -8.63455884e-09 -4.34088253e-08 1
LGIC_C 302 0.407045061 0.338171372 0.0250140099 -4.20574004e-08 -2.81018564e-08 1
LGIC_C 303 -0.0456995694 0.377320433 0.0250140024 9.86805557e-09 -4.96100883e-08 1
LGIC_C 304 -0.143149813 0.388599285 0.0250140016 -6.33661298e-09 -4.96100859e-08 1
LGIC_C 305 -0.446220608 0.216855286 0.025014005 3.68002297e-08 -2.45891157e-08 1
LGIC_C 306 0.190807982 0.109921008 0.025013995 3.37890593e-08 4.80634111e-08 -1
LGIC_C 307 -0.418565753 0.252724986 0.0250140068 -4.82586679e-08 1.31306769e-08 -1
LGIC_C 308 0.622604295 -0.281109925 0.0250140131 -3.68002179e-08 2.45891393e-08 1
LGIC_C 309 0.119780147 0.0954856618 0.02501399 -3.68002282e-08 -2.45891172e-08 1
LGIC_C 310 0.101868287 0.781468418 0.0250140181 -8.63455884e-09 -4.34088253e-08 1
LGIC_C 311 0.5890522 0.611263375 0.0250140202 -2.45891309e-08 -3.68002211e-08 1
LGIC_C 312 0.298697953 0.210718839 0.0250140017 -4.20574004e-08 -2.81018564e-08 1
LGIC_C 313 0.662658667 0.363887083 0.0250140166 -3.68002282e-08 -2.45891172e-08 1
LGIC_C 314 -0.26784583 0.509935139 0.0250140086 2.45891128e-08 -3.68002333e-08 1
LGIC_C 315 -0.0937821085 0.0106063549 0.025013988 4.96100897e-08 -9.86805572e-09 1
LGIC_C 316 -0.198610936 -0.20477928 0.0250139974 2.81018674e-08 4.20574117e-08 1
LGIC_C 317 -0.36778642 -0.226778045 0.0250140024 3.68002489e-08 2.45891179e-08 1
LGIC_C 318 -0.197630849 -0.338060356 0.0250139992 -5.56021111e-08 -1.45571543e-08 -1
LGIC_C 319 -0.480046192 -0.0524943771 0.0250140027 -4.34088282e-08 2.70157287e-08 -1
LGIC_C 320 0.444000742 0.586128729 0.0250140204 -2.81018716e-08 -4.20573923e-08 1
LGIC_C 321 0.572471334 -0.287262947 0.0250140164 -3.37890406e-08 4.80634332e-08 1
LGIC_C 322 0.495046852 0.23404387 0.0250140102 -4.82586616e-08 -1.31306776e-08 1
LGIC_C 323 -0.318266061 -0.667796739 0.0250140203 2.81018674e-08 4.20574117e-08 1
LGIC_C 324 0.0233403419 0.684011791 0.0250140171 -6.33660387e-09 4.96100877e-08 -1
LGIC_C 325 0.471651921 0.628558265 0.025014018 -2.45891309e-08 -3.68002211e-08 1
LGIC_C 326 0.18323216 0.655792986 0.0250140146 -6.33660387e-09 4.96100877e-08 -1
LGIC_C 327 -0.286848104 -0.0315273914 0.0250139966 -4.96100919e-08 2.90231703e-08 -1
LGIC_C 328 -0.395676012 0.0185094382 0.0250140009 4.34088279e-08 -2.48392273e-08 1
LGIC_C 329 0.583468238 -0.221228642 0.0250140144 -4.96100859e-08 9.86807898e-09 1
LGIC_C 330 0.370212311 -0.0286068299 0.0250140025 -4.96100802e-08 3.14742968e-08 1
LGIC_C 331 0.230745223 -0.0902720293 0.0250139955 -4.34088182e-08 2.48392526e-08 1
LGIC_C 332 -0.0271836637 -0.373560579 0.025014002 9.8680833e-09 4.96100963e-08 1
LGIC_C 333 0.490850567 0.173985889 0.025014006 -4.34088272e-08 -8.63453573e-09 1
LGIC_C 334 0.239274673 0.800240438 0.0250140201 -8.63455884e-09 -4.34088253e-08 1
LGIC_C 335 0.187486253 0.553105383 0.0250140095 -6.33660387e-09 4.96100877e-08 -1
LGIC_C 336 -0.762383387 0.0132038777 0.0250140167 4.34088279e-08 -2.48392273e-08 1
LGIC_C 337 -0.0329606301 -0.000978978122 0.0250139849 -4.96100919e-08 2.90231703e-08 -1
LGIC_C 338 -0.188664543 0.302921096 0.0250139991 2.45891128e-08 -3.68002333e-08 1
LGIC_C 339 0.148099826 -0.180890534 0.0250139939 -1.31306721e-08 4.82586744e-08 1
LGIC_C 340 -0.302099138 0.616083008 0.0250140177 2.8101852e-08 -4.20574041e-08 1
LGIC_C 341 -0.0466136831 -0.727014261 0.0250140152 8.63456455e-09 4.34088336e-08 1
LGIC_C 342 -0.823610205 -0.00556171389 0.0250140189 -4.34088282e-08 2.70157287e-08 -1
LGIC_C 343 0.268510754 0.458763869 0.0250140089 1.3130701e-08 4.82586573e-08 -1
LGIC_C 344 -0.132004712 0.0340446091 0.0250139892 5.7878425e-08 4.89846948e-08 1
LGIC_C 345 -0.117251666 -0.155096841 0.0250139931 7.55636799e-08 6.2887973e-09 1
LGIC_C 346 0.348645737 0.317920393 0.0250140039 -3.68002282e-08 -2.45891172e-08 1
LGIC_C 347 0.474225022 -0.178548783 0.0250140085 -4.96100859e-08 9.86807898e-09 1
LGIC_C 348 -0.156701626 -0.63429824 0.0250140163 9.8680833e-09 4.96100963e-08 1
LGIC_C 349 -0.204606343 -0.525923532 0.0250140034 -2.90231482e-08 4.96101036e-08 1
LGIC_C 350 -0.251614673 0.372023973 0.0250140031 2.45891128e-08 -3.68002333e-08 1
LGIC_C 351 -0.095664473 0.0709853359 0.0250139899 3.37890593e-08 -4.80634052e-08 1
LGIC_C 352 -0.198768651 -0.290433607 0.025014 3.95603082e-08 3.05989652e-08 1
LGIC_C 353 -0.354708989 0.17019487 0.025014003 4.20574045e-08 -2.81018523e-08 1
LGIC_C 354 0.130387156 0.17872254 0.0250139944 -2.81018716e-08 -4.20573923e-08 1
LGIC_C 355 0.0781010668 -0.559453402 0.0250140148 1.00935263e-08 5.7878447e-08 1
LGIC_C 356 0.121280428 0.692111102 0.0250140144 -8.63455884e-09 -4.34088253e-08 1
LGIC_C 357 0.760370336 0.155054738 0.02501402 -4.96100869e-08 6.3366408e-09 1
LGIC_C 358 0.0510158153 -0.0242118743 0.0250139865 -4.90669481e-08 3.27855328e-08 1
LGIC_C 359 -0.269311939 0.21594177 0.0250140013 6.28881943e-09 -7.55636452e-08 1
LGIC_C 360 -0.494988975 0.443891228 0.0250140124 3.68002297e-08 -2.45891157e-08 1
LGIC_C 361 0.607439551 -0.158998145 0.0250140149 -4.96100859e-08 9.86807898e-09 1
LGIC_C 362 -0.437919324 -0.111040797 0.0250140018 -4.96100919e-08 2.90231703e-08 -1
LGIC_C 363 -0.349534728 0.443861442 0.0250140093 1.31306824e-08 -4.82586643e-08 1
LGIC_C 364 0.0809563509 0.138798016 0.0250139927 -3.27855134e-08 -4.90669575e-08 1
LGIC_C 365 0.5994974 -0.310865086 0.0250140172 -4.20573976e-08 2.81018683e-08 1
LGIC_C 366 -0.348784515 -0.710128347 0.0250140188 3.95603082e-08 3.05989652e-08 1
LGIC_C 367 0.40202492 -0.116728355 0.0250140036 -4.34088182e-08 2.48392526e-08 1
LGIC_C 368 -0.117508421 -0.313442859 0.0250139998 2.48392553e-08 4.34088306e-08 1
LGIC_C 369 -0.0877078383 -0.597608543 0.0250140103 -2.90231482e-08 4.96101036e-08 1
LGIC_C 370 -0.391520949 -0.580844758 0.0250140142 2.45891453e-08 3.68002268e-08 1
LGIC_C 371 0.204613642 0.0794762509 0.0250139928 -4.34088272e-08 -8.63453573e-09 1
LGIC_C 372 -0.0632485713 0.452699637 0.0250140035 8.63455111e-09 -4.34088279e-08 1
LGIC_C 373 -0.596388723 0.500133231 0.0250140175 3.68002297e-08 -2.45891157e-08 1
LGIC_C 374 0.0398307922 -0.206305356 0.0250139932 6.33663526e-09 4.9610097e-08 1
LGIC_C 375 0.151504355 -0.646323242 0.0250140191 1.00935263e-08 5.7878447e-08 1
LGIC_C 376 0.386577405 0.356477729 0.0250140095 -4.20574004e-08 -2.81018564e-08 1
LGIC_C 377 0.312299847 0.155898377 0.0250139986 -3.68002282e-08 -2.45891172e-08 1
LGIC_C 378 -0.633474835 0.0925476397 0.025014012 4.96100851e-08 2.90231542e-08 1
LGIC_C 379 -0.0264560911 -0.47668758 0.0250140071 9.8680833e-09 4.96100963e-08 1
LGIC_C 380 0.0910715388 0.602238567 0.025014014 -9.86806672e-09 -4.96100854e-08 1
LGIC_C 381 0.0149779938 0.665858781 0.0250140162 -6.33660387e-09 4.96100877e-08 -1
LGIC_C 382 0.569665043 -0.295609512 0.0250140167 -3.37890406e-08 4.80634332e-08 1
LGIC_C 383 0.341298626 -0.516801222 0.0250140198 -3.27854948e-08 4.90669785e-08 1
LGIC_C 384 -0.447522686 -0.41639104 0.0250140175 6.28883752e-09 7.55636663e-08 1
LGIC_C 385 0.600287282 0.0713412604 0.0250140188 -5.78784335e-08 -1.15127284e-08 1
LGIC_C 386 0.509303683 -0.473982983 0.0250140136 -3.68002179e-08 2.45891393e-08 1
LGIC_C 387 0.552278106 -0.240994843 0.0250140135 -3.37890406e-08 4.80634332e-08 1
LGIC_C 388 -0.0198424935 0.447833297 0.0250140061 -3.14742797e-08 4.96100914e-08 -1
LGIC_C 389 0.354284273 -0.345732202 0.0250140078 -4.20573976e-08 2.81018683e-08 1
LGIC_C 390 0.572310893 0.0257664626 0.0250140115 -4.96100869e-08 6.3366408e-09 1
LGIC_C 391 -0.190441771 0.0980077493 0.0250139944 3.37890593e-08 -4.80634052e-08 1
LGIC_C 392 -0.192120146 -0.577408842 0.0250140063 -2.90231482e-08 4.96101036e-08 1
LGIC_C 393 -0.0202921009 -0.307283679 0.0250139968 8.63456455e-09 4.34088336e-08 1
LGIC_C 394 0.424631979 0.658765955 0.0250140179 -2.45891309e-08 -3.68002211e-08 1
LGIC_C 395 0.333196444 0.443189777 0.025014009 1.3130701e-08 4.82586573e-08 -1
LGIC_C 396 0.280377484 0.425160204 0.0250140075 1.3130701e-08 4.82586573e-08 -1
LGIC_C 397 -0.685271236 0.255209158 0.0250140152 4.34088259e-08 -8.63455061e-09 1
LGIC_C 398 -0.568802316 0.25278374 0.0250140146 3.37890593e-08 -4.80634052e-08 1
LGIC_C 399 0.616152651 -0.153902633 0.0250140186 -4.96100802e-08 3.14742968e-08 1
