VGCC_O 2 0.119933892 -0.04777957 0.0466929781 -1.41802115e-06 2.82063236e-07 -1
VGCC_O 1 -0.126159285 0.0151063295 0.0466933189 -1.62059625e-06 3.22356338e-07 -1
VGCC_O 7 -0.137449801 0.00579357966 0.0466933342 -1.62059625e-06 3.22356338e-07 -1
CaBS 10 0.0933641005 -0.00992017249 0.0643944707 -0.751399618 0.322919164 -0.575431861
CaBS 11 0.102756946 -0.0046965027 0.0762580223 -0.344822968 0.867728907 0.357971598
CaBS 13 0.109773621 -0.0321114021 0.0788297297 0.34654604 -0.867983022 0.355684293
CaBS 14 0.118702088 -0.0268946922 0.0770205946 0.751399702 -0.322919474 0.575431578
CaBS 15 0.0989528716 -0.00453710942 0.0672965224 -0.346545998 0.867982935 -0.355684546
CaBS 16 0.113608593 -0.0048241487 0.0752045465 0.324116486 0.74980293 0.576839726
CaBS 17 0.110807068 -0.00567872759 0.0615864776 0.321328636 0.750213906 -0.577864173
CaBS 19 0.109443697 -0.00499992101 0.0777732083 0.324116486 0.74980293 0.576839726
CaBS 20 0.106822699 -0.0254941026 0.0535806011 -0.333750671 -0.131704002 -0.933415527
CaBS 21 0.12027722 -0.0313372314 0.0689173319 0.344822999 -0.867728964 -0.357971429
CaBS 22 0.100788939 -0.0100647137 0.0546179944 -0.751399618 0.322919164 -0.575431861
CaBS 23 0.108288327 -0.0285146801 0.0855451376 -0.321328743 -0.750213836 0.577864204
CaBS 24 0.10132956 -0.00552638918 0.0625667417 -0.346545998 0.867982935 -0.355684546
Ca 4 0.243190344 0.322450953 0.569711972 0 0 0
Ca 1 0.101644581 -0.634908218 0.668867298 0 0 0
Ca 1 -0.30561436 0.325010433 0.697981526 0 0 0
Ca 6 0.0751194656 -0.190540466 0.516535997 0 0 0
Ca 6 -0.311529542 0.191687717 0.923418641 0 0 0
Ca 4 -0.225978257 -0.00391953354 0.170502929 0 0 0
Ca 1 0.179998511 0.263629723 0.677266359 0 0 0
CaBS_Ca 72 0.0973625224 -0.0198980611 0.056173572 -0.333750671 -0.131704002 -0.933415527
Ca 8 0.202543364 0.209897898 0.62916754 0 0 0
Ca 4 0.236169827 0.117199391 0.616965272 0 0 0
Ca 8 -0.266405306 0.16297996 0.219924752 0 0 0
Ca 8 0.129680266 -0.226298087 0.761197556 0 0 0
Ca 4 -0.249607125 0.662548123 0.40914819 0 0 0
Ca 4 -0.137605816 0.360056631 0.785713202 0 0 0
Ca 8 -0.0521627416 0.0200201664 0.45205679 0 0 0
Ca 6 -0.659444032 0.356546237 0.329243016 0 0 0
Ca 6 0.146537376 -0.518470664 0.533675771 0 0 0
Ca 4 -0.126332705 0.0105687109 0.365240065 0 0 0
Ca 1 -0.481231878 0.0571437347 0.539432153 0 0 0
Ca 4 -0.0386248832 0.000258272848 0.5654612 0 0 0
Ca 8 -0.00819407221 -0.262409568 0.975944343 0 0 0
Ca 7 0.227893437 0.444694338 0.229175678 0 0 0
Ca 1 -0.310871531 0.0991747415 0.328221918 0 0 0
Ca 8 -0.214684184 0.543431296 0.345505407 0 0 0
Ca 8 0.375053237 0.197071464 0.407786862 0 0 0
Ca 6 0.274819183 0.096383218 0.598112551 0 0 0
Ca 6 0.153178024 0.417039012 0.234783843 0 0 0
Ca 6 0.0510223069 -0.324839248 0.568500437 0 0 0
Ca 6 0.0308574094 0.216420843 0.369796424 0 0 0
Ca 1 0.309141967 0.282664484 0.427027186 0 0 0
Ca 1 -0.389140729 -0.0613791028 0.419246744 0 0 0
Ca 8 0.0807690547 0.105766383 0.862521438 0 0 0
Ca 8 -0.478453568 0.417523118 0.11356852 0 0 0
Ca 7 0.104926097 -0.337570171 0.756077896 0 0 0
Ca 7 -0.387787077 -0.204169662 0.0811275913 0 0 0
Ca 6 0.619150839 0.453572903 0.306998802 0 0 0
Ca 8 -0.123434114 -0.589374798 0.392048374 0 0 0
Ca 4 0.323728792 0.712085684 0.188378996 0 0 0
Ca 8 -0.329169531 0.189550475 0.301220045 0 0 0
Ca 6 0.0188494961 -0.022733816 0.149058729 0 0 0
Ca 7 -0.177996232 0.0744190441 0.326493928 0 0 0
Ca 4 -0.516423116 0.187848027 0.495552669 0 0 0
Ca 6 0.0757152301 -0.00928442527 0.154691521 0 0 0
Ca 7 -0.184857153 0.135887098 0.167730691 0 0 0
Ca 8 -0.318593488 0.207435859 0.210710065 0 0 0
Ca 7 -0.174126445 -0.0444944324 0.185029242 0 0 0
Ca 1 -0.00100820411 0.416961717 0.205985915 0 0 0
Ca 8 -0.0449341004 -0.273735608 0.304044631 0 0 0
Ca 7 -0.25012108 0.241603714 0.340534389 0 0 0
Ca 1 0.454571005 0.296629555 0.103281927 0 0 0
Ca 8 -0.216625448 -0.243296682 0.193540427 0 0 0
Ca 6 -0.208740177 0.00522029256 0.353774632 0 0 0
Ca 1 -0.0360419453 0.162616073 0.140627668 0 0 0
Ca 4 -0.327509345 -0.031988028 0.449416318 0 0 0
Ca 4 0.269080083 0.0922889749 0.46949142 0 0 0
Ca 4 -0.208199877 0.161772199 0.396472557 0 0 0
Ca 8 0.406474519 -0.0321269253 0.347022711 0 0 0
Ca 7 -0.293934936 -0.017963987 0.36610638 0 0 0
Ca 4 0.251523238 -0.30698989 0.414547112 0 0 0
Ca 1 -0.347746158 0.12009435 0.282744593 0 0 0
Ca 8 -0.305279653 -0.0100189311 0.687028498 0 0 0
Ca 6 -0.0608793216 0.103025968 0.246164829 0 0 0
Ca 1 -0.289274568 0.000686372219 0.21927452 0 0 0
Ca 6 -0.0505933004 -0.29170854 0.316734809 0 0 0
Ca 4 0.174125724 -0.0783041391 0.241359016 0 0 0
Ca 6 -0.420490391 0.0374875389 0.220276737 0 0 0
Ca 1 -0.0908791712 -0.0685375544 0.167337889 0 0 0
Ca 6 0.0475267344 0.082735796 0.0483245183 0 0 0
Ca 6 0.0207641727 -0.0852110647 0.342411879 0 0 0
Ca 4 -0.361139594 -0.0402173592 0.111716281 0 0 0
Ca 7 0.0888045975 0.111733745 0.298724488 0 0 0
Ca 7 -0.239954694 0.0848289671 0.100493722 0 0 0
Ca 6 0.039500375 0.0271985357 0.0648884476 0 0 0
Ca 7 -0.17959224 -0.0835303054 0.0764930105 0 0 0
Ca 1 -0.0994629309 0.0253534997 0.141236467 0 0 0
Ca 6 -0.0234977378 -0.0304452869 0.0846056828 0 0 0
Ca 8 -0.171064371 0.0495598171 0.132676493 0 0 0
Ca 6 -0.0105129854 -0.102870921 0.140428665 0 0 0
Ca 4 -0.027987179 0.094443465 0.147514595 0 0 0
Ca 6 -0.0833854401 0.0473968255 0.0717160724 0 0 0
VGCC_O 4 -0.108229728 0.00324736392 0.0466932869 -8.10297798e-07 1.61178104e-07 -1
VGCC_O 0 0.11238887 -0.0311459409 0.0466929927 -1.01287282e-06 -1.51427976e-07 -1
VGCC_O 8 -0.134706799 0.0161271258 0.0466933331 -1.62059677e-06 3.22356891e-07 -1
VGCC_O 3 0.0772568984 -0.00428239309 0.046693036 -1.41802159e-06 2.82063681e-07 -1
VGCC_O 6 -0.12622171 0.0241576588 0.046693322 -1.62059677e-06 3.22356891e-07 -1
VGCC_O 9 0.0953603447 -0.018533153 0.0466930096 -1.14792244e-06 -1.24564753e-07 -1
VGCC_O 5 0.113746944 -0.0200409323 0.0466929896 -1.01287282e-06 -1.51427976e-07 -1
TAG 41 -0.105784995 0.0105052503 0.0536665039 -0.333750681 -0.131703993 -0.933415524
TAG 71 -0.096079873 0.00270213046 0.0564810255 0.74861179 -0.322508554 -0.579282851
TAG 70 -0.118208439 0.00383577013 0.0653592954 -0.735818461 -0.677177107 0.0015353549
TAG 69 -0.119239302 0.00795267007 0.0681959954 -0.999896295 -0.0141984574 0.00240892698
TAG 67 -0.115078276 0.000454692191 0.0742448755 -0.735818461 -0.677177107 0.0015353549
TAG 65 0.119072188 -0.020557456 0.0800936336 0.751399702 -0.322919474 0.575431578
TAG 63 -0.104896891 0.0149528875 0.0527352849 0.329239713 0.132369034 -0.93492227
TAG 62 -0.0995730683 0.0302300905 0.0690462359 0.3213287 0.750213891 -0.577864158
TAG 59 -0.100018848 -0.00188752594 0.0603333581 0.344822933 -0.867729023 -0.35797135
TAG 55 -0.119337383 0.0151637023 0.0699872324 -0.999896295 -0.0141984574 0.00240892698
TAG 54 -0.104785227 0.0261860029 0.076486355 -0.344822968 0.867728888 0.357971643
TAG 53 -0.089146311 -0.000197085518 0.0670554248 0.74861179 -0.322508554 -0.579282851
TAG 52 -0.119278263 0.0119799944 0.0757618237 -0.999896295 -0.0141984574 0.00240892698
TAG 51 -0.102448777 0.00747370566 0.0865367572 -0.329239868 -0.132369105 0.934922205
TAG 45 -0.113699624 0.0170707545 0.0588716642 -0.751399624 0.322919173 -0.575431849
TAG 44 -0.11923843 0.00668793202 0.0611035411 -0.999896295 -0.0141984574 0.00240892698
LGIC_C 0 0.500473337 0.235366769 0.0250140109 -4.20574004e-08 -2.81018564e-08 1
LGIC_C 1 -0.319122066 0.0616618822 0.0250139977 4.34088259e-08 -8.63455061e-09 1
LGIC_C 2 -0.525450485 0.0916271149 0.0250140102 4.96100897e-08 -9.86805572e-09 1
LGIC_C 3 0.252828144 -0.633372716 0.0250140171 -9.86804037e-09 4.96101e-08 1
LGIC_C 4 -0.365566793 -0.232386074 0.0250140031 6.28883752e-09 7.55636663e-08 1
LGIC_C 5 0.0214410011 -0.530872598 0.0250140137 1.00935263e-08 5.7878447e-08 1
LGIC_C 6 -0.322776936 0.457764195 0.0250140137 1.28239438e-08 -5.73353116e-08 1
LGIC_C 7 -0.701446682 0.455450703 0.0250140203 3.68002297e-08 -2.45891157e-08 1
LGIC_C 8 -0.217085939 0.283126097 0.025013999 2.45891128e-08 -3.68002333e-08 1
LGIC_C 9 -0.474037226 -0.269671489 0.0250140066 6.28883752e-09 7.55636663e-08 1
LGIC_C 10 -0.377614973 -0.61873551 0.0250140171 3.95603082e-08 3.05989652e-08 1
LGIC_C 11 0.173003618 0.567754901 0.0250140103 -6.33660387e-09 4.96100877e-08 -1
LGIC_C 12 0.360798585 0.14961151 0.0250140059 -4.90669739e-08 -3.27854893e-08 1
LGIC_C 13 0.701685554 -0.122484282 0.0250140192 -4.96100859e-08 9.86807898e-09 1
LGIC_C 14 0.65428821 0.22734783 0.0250140142 -4.96100869e-08 6.3366408e-09 1
LGIC_C 15 -0.447118854 -0.34701757 0.0250140081 5.39043203e-09 6.47688584e-08 1
LGIC_C 16 0.655973648 -0.122002961 0.025014017 -4.96100859e-08 9.86807898e-09 1
LGIC_C 17 -0.532326588 0.34271003 0.0250140135 -4.82586679e-08 1.31306769e-08 -1
LGIC_C 18 0.274195469 -0.431457381 0.0250140091 -2.81018481e-08 4.20574137e-08 1
LGIC_C 19 -0.333937138 0.280734688 0.0250140081 3.37890593e-08 -4.80634052e-08 1
LGIC_C 20 0.143542407 -0.364088906 0.025014006 -1.15127059e-08 5.78784511e-08 1
LGIC_C 21 -0.00738122132 -0.165861553 0.0250139912 -2.90231482e-08 4.96101036e-08 1
LGIC_C 22 0.1530249 0.638514698 0.0250140164 -9.86806672e-09 -4.96100854e-08 1
LGIC_C 23 -0.457043852 0.402335372 0.02501401 3.68002297e-08 -2.45891157e-08 1
LGIC_C 24 0.126632622 0.470954869 0.0250140079 -9.86806672e-09 -4.96100854e-08 1
LGIC_C 25 0.411715095 0.0267041396 0.0250140013 -4.34088272e-08 -8.63453573e-09 1
LGIC_C 26 -0.047564383 0.283043765 0.0250140002 1.15127271e-08 -5.78784352e-08 1
LGIC_C 27 -0.257710442 0.481352303 0.0250140153 3.27854968e-08 -4.90669676e-08 1
LGIC_C 28 0.657132047 0.0726821519 0.0250140124 -4.34088272e-08 -8.63453573e-09 1
LGIC_C 29 -0.595763811 -0.094350168 0.0250140131 5.7878436e-08 -4.89847332e-08 1
LGIC_C 30 0.649504578 0.0519932526 0.0250140151 -4.96100869e-08 6.3366408e-09 1
LGIC_C 31 -0.390354462 -0.473725461 0.0250140132 3.95603082e-08 3.05989652e-08 1
LGIC_C 32 0.0388716728 0.0924699803 0.0250139882 -2.81018716e-08 -4.20573923e-08 1
LGIC_C 33 -0.0203724445 0.612263889 0.02501401 8.63455111e-09 -4.34088279e-08 1
LGIC_C 34 0.223506081 -0.455317817 0.0250140129 -3.27854948e-08 4.90669785e-08 1
LGIC_C 35 -0.179509511 -0.517347036 0.0250140037 -2.90231482e-08 4.96101036e-08 1
LGIC_C 36 0.540075599 -0.602661662 0.0250140187 -2.45891087e-08 3.68002429e-08 1
LGIC_C 37 0.146835971 0.764269286 0.0250140177 -8.63455884e-09 -4.34088253e-08 1
LGIC_C 38 0.747675469 -0.320132667 0.0250140188 -3.05989503e-08 3.95603122e-08 1
LGIC_C 39 0.697983117 0.312365345 0.0250140166 -3.68002282e-08 -2.45891172e-08 1
LGIC_C 40 -0.724247917 0.0335240881 0.0250140155 4.34088279e-08 -2.48392273e-08 1
LGIC_C 41 -0.507313132 0.618671361 0.0250140185 2.45891128e-08 -3.68002333e-08 1
LGIC_C 42 -0.248434543 -0.643739283 0.0250140133 8.63456455e-09 4.34088336e-08 1
LGIC_C 43 -0.564375269 -0.537117245 0.0250140165 1.15916899e-08 4.97976879e-08 1
LGIC_C 44 0.309417731 0.547048832 0.0250140137 1.3130701e-08 4.82586573e-08 -1
LGIC_C 45 0.019687996 -0.234713192 0.0250139948 6.33663526e-09 4.9610097e-08 1
LGIC_C 46 -0.214825803 -0.201160722 0.0250139974 5.39043203e-09 6.47688584e-08 1
LGIC_C 47 0.485387128 -0.186328041 0.0250140135 -5.78784275e-08 1.15127558e-08 1
LGIC_C 48 -0.0439151087 -0.435859777 0.0250140025 8.63456455e-09 4.34088336e-08 1
LGIC_C 49 -0.526784163 -0.210918991 0.0250140079 4.34088238e-08 8.63459484e-09 1
LGIC_C 50 0.283042956 -0.309531167 0.0250140077 -3.27854948e-08 4.90669785e-08 1
LGIC_C 51 -0.596454987 -0.0070038645 0.025014009 -4.34088282e-08 2.70157287e-08 -1
LGIC_C 52 0.642296477 -0.193553838 0.0250140159 -4.34088182e-08 2.48392526e-08 1
LGIC_C 53 0.354868932 -0.0916386788 0.0250140009 -4.34088182e-08 2.48392526e-08 1
LGIC_C 54 -0.0304660757 -0.215193652 0.0250139942 -4.89847109e-08 5.78784581e-08 1
LGIC_C 55 0.418878809 0.531442479 0.0250140131 -2.45891309e-08 -3.68002211e-08 1
LGIC_C 56 -0.152591481 -0.248933171 0.0250139954 -5.56021111e-08 -1.45571543e-08 -1
LGIC_C 57 -0.0791631588 0.429317323 0.0250140071 -3.14742797e-08 4.96100914e-08 -1
LGIC_C 58 0.440123115 -0.0387248846 0.0250140033 -4.34088182e-08 2.48392526e-08 1
LGIC_C 59 -0.386849886 -0.198996627 0.0250139999 1.45571809e-08 5.5602105e-08 1
LGIC_C 60 0.13089804 0.512846413 0.0250140128 -3.14742949e-08 -4.96100822e-08 1
LGIC_C 61 -0.409718224 0.365750773 0.0250140108 4.20574045e-08 -2.81018523e-08 1
LGIC_C 62 -0.0893301352 0.434011229 0.0250140076 -3.14742797e-08 4.96100914e-08 -1
LGIC_C 63 0.213560583 -0.0311317109 0.0250139941 -4.96100859e-08 9.86807898e-09 1
LGIC_C 64 -0.259574889 0.0385203356 0.0250139964 5.7878425e-08 4.89846948e-08 1
LGIC_C 65 0.0573473926 0.325143829 0.025014 -9.86806672e-09 -4.96100854e-08 1
LGIC_C 66 -0.278872928 -0.289023457 0.0250140007 2.45891453e-08 3.68002268e-08 1
LGIC_C 67 -0.477267074 0.404357082 0.0250140168 6.28881943e-09 -7.55636452e-08 1
LGIC_C 68 -0.605302799 -0.0885821093 0.0250140072 -4.34088282e-08 2.70157287e-08 -1
LGIC_C 69 -0.701858628 -0.318402288 0.0250140169 3.68002489e-08 2.45891179e-08 1
LGIC_C 70 -0.0265217503 0.429640372 0.0250140021 8.63455111e-09 -4.34088279e-08 1
LGIC_C 71 0.600331408 0.145926516 0.0250140197 -5.78784335e-08 -1.15127284e-08 1
LGIC_C 72 0.105117808 0.338476622 0.0250139994 -6.33660387e-09 4.96100877e-08 -1
LGIC_C 73 -0.0245183838 0.0207325628 0.0250139847 3.68002297e-08 -2.45891157e-08 1
LGIC_C 74 0.515188056 0.457913842 0.0250140141 -4.82586616e-08 -1.31306776e-08 1
LGIC_C 75 0.541713562 -0.600823662 0.0250140187 -2.45891087e-08 3.68002429e-08 1
LGIC_C 76 -0.664238395 0.0858102404 0.0250140137 4.96100851e-08 2.90231542e-08 1
LGIC_C 77 0.332308508 -0.232380862 0.0250140026 -3.05989503e-08 3.95603122e-08 1
LGIC_C 78 0.245334744 0.373074125 0.0250140096 -3.27855134e-08 -4.90669575e-08 1
LGIC_C 79 -0.600226277 -0.254730792 0.0250140029 1.15916899e-08 4.97976879e-08 1
LGIC_C 80 0.690391266 -0.0487425156 0.0250140136 -4.34088226e-08 8.63456802e-09 1
LGIC_C 81 0.0744603341 0.68580437 0.0250140168 -6.33660387e-09 4.96100877e-08 -1
LGIC_C 82 0.499434223 -0.352734296 0.0250140125 -3.05989503e-08 3.95603122e-08 1
LGIC_C 83 -0.365087419 0.271968118 0.0250140045 -4.82586679e-08 1.31306769e-08 -1
LGIC_C 84 0.243123968 0.49929587 0.0250140105 1.3130701e-08 4.82586573e-08 -1
LGIC_C 85 -0.0542606374 0.125920612 0.0250139912 1.28239438e-08 -5.73353116e-08 1
LGIC_C 86 0.525996223 -0.340566688 0.0250140174 -3.37890406e-08 4.80634332e-08 1
LGIC_C 87 -0.345980878 -0.246523756 0.025014002 1.45571809e-08 5.5602105e-08 1
LGIC_C 88 -0.567360583 -0.503615429 0.0250140149 1.15916899e-08 4.97976879e-08 1
LGIC_C 89 0.300536447 -0.519575612 0.0250140123 -1.31306721e-08 4.82586744e-08 1
LGIC_C 90 -0.345284079 -0.329613164 0.0250140066 1.45571809e-08 5.5602105e-08 1
LGIC_C 91 0.126539397 0.793016937 0.0250140188 -8.63455884e-09 -4.34088253e-08 1
LGIC_C 92 0.217822138 -0.666026838 0.0250140149 6.33663526e-09 4.9610097e-08 1
LGIC_C 93 -0.085656088 0.564095964 0.0250140107 -6.33661298e-09 -4.96100859e-08 1
LGIC_C 94 0.148275846 -0.0436275633 0.025013992 -4.96100802e-08 3.14742968e-08 1
LGIC_C 95 -0.30999626 -0.361770285 0.0250140058 -5.56021111e-08 -1.45571543e-08 -1
LGIC_C 96 0.330158875 -0.0190148239 0.0250139998 -4.96100859e-08 9.86807898e-09 1
LGIC_C 97 -0.418210975 0.102595355 0.025014001 4.96100851e-08 2.90231542e-08 1
LGIC_C 98 -0.331409056 -0.527792117 0.0250140125 3.95603082e-08 3.05989652e-08 1
LGIC_C 99 0.235578466 -0.0474325617 0.0250139964 -4.96100802e-08 3.14742968e-08 1
LGIC_C 100 -0.339671356 -0.486668813 0.0250140095 2.45891453e-08 3.68002268e-08 1
LGIC_C 101 -0.359637017 0.0088975586 0.0250140012 4.96100897e-08 -9.86805572e-09 1
LGIC_C 102 -0.333518846 0.439130494 0.0250140127 1.28239438e-08 -5.73353116e-08 1
LGIC_C 103 -0.4318826 -0.0325017946 0.0250140023 4.34088238e-08 8.63459484e-09 1
LGIC_C 104 0.575569146 -0.238554301 0.0250140141 -4.96100859e-08 9.86807898e-09 1
LGIC_C 105 -0.364768698 0.122275995 0.0250140021 4.34088279e-08 -2.48392273e-08 1
LGIC_C 106 -0.295191997 0.730925572 0.0250140175 8.63455111e-09 -4.34088279e-08 1
LGIC_C 107 -0.720544614 -0.283042648 0.025014017 4.34088238e-08 8.63459484e-09 1
LGIC_C 108 -0.0526890169 -0.529776975 0.0250140076 2.48392553e-08 4.34088306e-08 1
LGIC_C 109 0.178363782 0.117727832 0.0250139934 -4.82586616e-08 -1.31306776e-08 1
LGIC_C 110 -0.166665728 -0.709301727 0.0250140155 8.63456455e-09 4.34088336e-08 1
LGIC_C 111 -0.513218257 -0.176256315 0.0250140036 -4.96100919e-08 2.90231703e-08 -1
LGIC_C 112 0.714742578 -0.0232469123 0.0250140194 -4.96100802e-08 3.14742968e-08 1
LGIC_C 113 -0.0338283383 -0.687074754 0.0250140139 2.48392553e-08 4.34088306e-08 1
LGIC_C 114 -0.353259959 0.411670796 0.0250140114 1.28239438e-08 -5.73353116e-08 1
LGIC_C 115 0.510048033 -0.422400661 0.0250140155 -3.05989503e-08 3.95603122e-08 1
LGIC_C 116 0.172926893 -0.450064482 0.0250140075 1.00935263e-08 5.7878447e-08 1
LGIC_C 117 -0.189535949 -0.0236843758 0.025013992 -4.96100919e-08 2.90231703e-08 -1
LGIC_C 118 -0.330389166 -0.333013735 0.0250140065 3.95603082e-08 3.05989652e-08 1
LGIC_C 119 0.082264438 0.420550397 0.0250140049 -9.86806672e-09 -4.96100854e-08 1
LGIC_C 120 0.036844418 0.516587218 0.0250140093 -9.86806672e-09 -4.96100854e-08 1
LGIC_C 121 -0.436477197 -0.398232844 0.0250140081 1.15916899e-08 4.97976879e-08 1
LGIC_C 122 0.603355175 -0.331136037 0.0250140136 -3.68002179e-08 2.45891393e-08 1
LGIC_C 123 0.350692534 -0.337570175 0.0250140115 -4.90669481e-08 3.27855328e-08 1
LGIC_C 124 0.50139805 -0.428163908 0.0250140122 -3.68002179e-08 2.45891393e-08 1
LGIC_C 125 0.136120569 -0.173604769 0.0250139934 -1.31306721e-08 4.82586744e-08 1
LGIC_C 126 0.638754015 -0.344938799 0.0250140164 -3.05989503e-08 3.95603122e-08 1
LGIC_C 127 0.26490145 -0.280458511 0.0250140002 -1.31306721e-08 4.82586744e-08 1
LGIC_C 128 0.257266861 -0.363316241 0.0250140029 -2.45891087e-08 3.68002429e-08 1
LGIC_C 129 0.389691398 -0.0918453264 0.0250140009 -4.34088226e-08 8.63456802e-09 1
LGIC_C 130 -0.659167047 0.173391279 0.0250140134 4.34088259e-08 -8.63455061e-09 1
LGIC_C 131 0.375361264 0.285607044 0.0250140051 -4.82586616e-08 -1.31306776e-08 1
LGIC_C 132 -0.248730077 0.0477827417 0.0250139953 5.7878425e-08 4.89846948e-08 1
LGIC_C 133 -0.577946825 -0.0574619177 0.0250140088 4.34088238e-08 8.63459484e-09 1
LGIC_C 134 0.332597416 -0.661810792 0.0250140158 -2.45891087e-08 3.68002429e-08 1
LGIC_C 135 -0.344527863 -0.27556538 0.0250140062 6.28883752e-09 7.55636663e-08 1
LGIC_C 136 0.405930395 -0.281053473 0.0250140051 -3.68002179e-08 2.45891393e-08 1
LGIC_C 137 0.371338292 -0.300031712 0.0250140065 -3.05989503e-08 3.95603122e-08 1
LGIC_C 138 -0.67523354 -0.200370159 0.0250140084 4.96100935e-08 -4.19869172e-08 1
LGIC_C 139 0.17226887 -0.0022159724 0.0250139918 -4.96100802e-08 3.14742968e-08 1
LGIC_C 140 0.414347631 0.559130909 0.025014014 -2.45891309e-08 -3.68002211e-08 1
LGIC_C 141 0.510602617 0.0448128072 0.0250140058 -4.34088272e-08 -8.63453573e-09 1
LGIC_C 142 -0.463005701 -0.556111622 0.0250140186 3.95603082e-08 3.05989652e-08 1
LGIC_C 143 -0.0903314117 -0.170009166 0.0250139929 2.81018674e-08 4.20574117e-08 1
LGIC_C 144 -0.439108943 -0.473566077 0.0250140151 3.95603082e-08 3.05989652e-08 1
LGIC_C 145 0.171091952 0.00945990964 0.0250139917 -4.96100869e-08 6.3366408e-09 1
LGIC_C 146 0.00358482512 0.582815816 0.0250140122 -6.33660387e-09 4.96100877e-08 -1
LGIC_C 147 -0.362462311 -0.324685996 0.0250140036 1.15916899e-08 4.97976879e-08 1
LGIC_C 148 0.419343681 -0.10152266 0.0250140087 -5.78784275e-08 1.15127558e-08 1
LGIC_C 149 0.535219753 0.533510488 0.0250140161 -3.68002282e-08 -2.45891172e-08 1
LGIC_C 150 0.449315912 0.153640012 0.0250140045 -4.96100869e-08 6.3366408e-09 1
LGIC_C 151 -0.0898121307 -0.721499976 0.0250140153 8.63456455e-09 4.34088336e-08 1
LGIC_C 152 0.279494656 0.624994978 0.0250140174 -2.81018716e-08 -4.20573923e-08 1
LGIC_C 153 0.144124085 -0.161212326 0.0250139943 -1.28239349e-08 5.73353226e-08 1
LGIC_C 154 0.180614597 0.525212051 0.0250140111 -9.86806672e-09 -4.96100854e-08 1
LGIC_C 155 -0.617182834 0.0838512229 0.0250140108 4.34088259e-08 -8.63455061e-09 1
LGIC_C 156 -0.287883878 0.0280782676 0.025013996 4.34088259e-08 -8.63455061e-09 1
LGIC_C 157 -0.407725053 0.293326359 0.025014008 6.28881943e-09 -7.55636452e-08 1
LGIC_C 158 0.394789042 0.200965145 0.0250140063 3.37890593e-08 4.80634111e-08 -1
LGIC_C 159 0.75103027 0.214529957 0.0250140177 -4.34088272e-08 -8.63453573e-09 1
LGIC_C 160 -0.247662389 -0.085391314 0.0250139917 -4.34088282e-08 2.70157287e-08 -1
LGIC_C 161 -0.432391401 0.111810132 0.0250140058 4.96100897e-08 -9.86805572e-09 1
LGIC_C 162 0.453910721 -0.0499659801 0.0250140101 -5.78784275e-08 1.15127558e-08 1
LGIC_C 163 0.365541901 -0.218925395 0.0250140048 -4.20573976e-08 2.81018683e-08 1
LGIC_C 164 0.217194755 -0.581286745 0.0250140107 6.33663526e-09 4.9610097e-08 1
LGIC_C 165 -0.343515896 0.0676955633 0.0250139983 4.96100851e-08 2.90231542e-08 1
LGIC_C 166 -0.184395847 -0.674497468 0.0250140171 2.48392553e-08 4.34088306e-08 1
LGIC_C 167 -0.536447594 0.518059573 0.025014016 -4.82586679e-08 1.31306769e-08 -1
LGIC_C 168 -0.599707619 -0.226385719 0.0250140112 4.34088238e-08 8.63459484e-09 1
LGIC_C 169 0.676935113 -0.466925244 0.0250140196 -3.68002179e-08 2.45891393e-08 1
LGIC_C 170 0.490378046 -0.350023463 0.0250140166 -3.37890406e-08 4.80634332e-08 1
LGIC_C 171 -0.184006736 0.259735423 0.0250140005 1.28239438e-08 -5.73353116e-08 1
LGIC_C 172 0.364618775 0.170840523 0.0250140034 -4.20574004e-08 -2.81018564e-08 1
LGIC_C 173 0.667119933 0.322110237 0.0250140157 -3.68002282e-08 -2.45891172e-08 1
LGIC_C 174 -0.048571524 -0.552849295 0.0250140084 2.48392553e-08 4.34088306e-08 1
LGIC_C 175 0.409940492 -0.260333034 0.0250140096 -3.37890406e-08 4.80634332e-08 1
LGIC_C 176 -0.600295738 -0.583407709 0.0250140192 1.15916899e-08 4.97976879e-08 1
LGIC_C 177 0.307046962 0.334845789 0.025014006 -2.81018716e-08 -4.20573923e-08 1
LGIC_C 178 0.0676230218 -0.638381896 0.0250140145 6.33663526e-09 4.9610097e-08 1
LGIC_C 179 -0.281754831 -0.189965877 0.0250139994 6.28883752e-09 7.55636663e-08 1
LGIC_C 180 -0.139309372 0.222301822 0.0250139965 2.8101852e-08 -4.20574041e-08 1
LGIC_C 181 -0.656497306 -0.294640901 0.0250140059 5.39043203e-09 6.47688584e-08 1
LGIC_C 182 0.091017356 -0.200461819 0.0250139942 -2.81018481e-08 4.20574137e-08 1
LGIC_C 183 0.678130089 0.309742826 0.02501402 -4.82586616e-08 -1.31306776e-08 1
LGIC_C 184 0.766554393 -0.015389985 0.0250140169 -4.34088182e-08 2.48392526e-08 1
LGIC_C 185 0.401553174 -0.139873338 0.0250140041 -4.34088182e-08 2.48392526e-08 1
LGIC_C 186 -0.641695262 -0.352604362 0.0250140095 5.39043203e-09 6.47688584e-08 1
LGIC_C 187 0.147537942 0.0699804959 0.0250139928 -4.90669739e-08 -3.27854893e-08 1
LGIC_C 188 -0.723381661 0.0790314595 0.0250140154 4.34088259e-08 -8.63455061e-09 1
LGIC_C 189 -0.496079583 0.266632978 0.0250140116 4.20574045e-08 -2.81018523e-08 1
LGIC_C 190 0.362527147 -0.725689704 0.0250140188 -2.45891087e-08 3.68002429e-08 1
LGIC_C 191 -0.436423573 -0.258000425 0.0250140023 5.39043203e-09 6.47688584e-08 1
LGIC_C 192 -0.312008697 0.119127202 0.0250139978 4.34088259e-08 -8.63455061e-09 1
LGIC_C 193 0.274895044 0.0608153008 0.0250139975 -4.96100911e-08 -9.86803575e-09 1
LGIC_C 194 -0.652815382 0.388945105 0.0250140169 3.68002297e-08 -2.45891157e-08 1
LGIC_C 195 0.345405842 0.388676342 0.0250140093 -2.81018716e-08 -4.20573923e-08 1
LGIC_C 196 0.747395794 0.396662653 0.0249205478 0.827617292 0.55299599 0.0961512016
LGIC_C 197 -0.225133423 -0.471026171 0.0250140061 2.45891453e-08 3.68002268e-08 1
LGIC_C 198 0.540743905 0.0408581776 0.0250140071 -4.34088272e-08 -8.63453573e-09 1
LGIC_C 199 0.621100784 0.234782858 0.0250140126 -4.96100869e-08 6.3366408e-09 1
LGIC_C 200 0.713778554 -0.262528715 0.0250140165 -4.34088226e-08 8.63456802e-09 1
LGIC_C 201 0.238130465 0.0990120095 0.025013996 -4.20574004e-08 -2.81018564e-08 1
LGIC_C 202 -0.0395131059 -0.339800932 0.025013999 2.48392553e-08 4.34088306e-08 1
LGIC_C 203 -0.184824328 -0.0752116464 0.0250139903 -4.96100919e-08 2.90231703e-08 -1
LGIC_C 204 -0.369310466 0.53233275 0.025014016 2.8101852e-08 -4.20574041e-08 1
LGIC_C 205 -0.0869592446 0.234364617 0.0250139958 9.86805557e-09 -4.96100883e-08 1
LGIC_C 206 0.628583074 -0.372387984 0.0250140155 -3.68002179e-08 2.45891393e-08 1
LGIC_C 207 -0.124322905 -0.446399515 0.025014003 -4.89847109e-08 5.78784581e-08 1
LGIC_C 208 -0.515208315 0.355637204 0.0250140128 -4.82586679e-08 1.31306769e-08 -1
LGIC_C 209 -0.0381879778 -0.00262806985 0.0250139887 -1.38908242e-07 -2.76307273e-08 -1
LGIC_C 210 0.0637925349 0.233935612 0.0250139955 -9.86806672e-09 -4.96100854e-08 1
LGIC_C 211 0.604799525 -0.145502314 0.0250140199 -5.78784275e-08 1.15127558e-08 1
LGIC_C 212 -0.330136312 -0.465165614 0.0250140084 -5.56021111e-08 -1.45571543e-08 -1
LGIC_C 213 0.390243747 -0.413385558 0.0250140116 -2.81018481e-08 4.20574137e-08 1
LGIC_C 214 0.511341229 -0.0711067705 0.025014006 -4.34088226e-08 8.63456802e-09 1
LGIC_C 215 -0.454053815 -0.0111373201 0.0250140031 4.34088238e-08 8.63459484e-09 1
LGIC_C 216 0.200971239 -0.155772665 0.0250139955 -3.05989503e-08 3.95603122e-08 1
LGIC_C 217 0.483051027 -0.403808354 0.025014019 -3.37890406e-08 4.80634332e-08 1
LGIC_C 218 -0.281645803 0.370013191 0.0250140048 1.31306824e-08 -4.82586643e-08 1
LGIC_C 219 -0.222300848 -0.452518047 0.0250140059 3.95603082e-08 3.05989652e-08 1
LGIC_C 220 -0.688388147 -0.341288823 0.025014017 3.68002489e-08 2.45891179e-08 1
LGIC_C 221 0.699925444 -0.471138018 0.00876119715 0.827616944 -0.552996408 0.0961517878
LGIC_C 222 -0.554823402 -0.203264354 0.0250140049 -4.96100919e-08 2.90231703e-08 -1
LGIC_C 223 0.264326244 0.452931708 0.0250140113 -4.80634192e-08 -3.37890445e-08 1
LGIC_C 224 -0.368510222 0.0856689958 0.0250139991 4.96100851e-08 2.90231542e-08 1
LGIC_C 225 0.163320768 -0.609242403 0.0250140111 -8.63454093e-09 4.34088369e-08 1
LGIC_C 226 0.345236054 -0.255270602 0.0250140022 -3.68002179e-08 2.45891393e-08 1
LGIC_C 227 -0.153848962 0.472537423 0.0250140051 8.63455111e-09 -4.34088279e-08 1
LGIC_C 228 0.276440684 -0.324533957 0.0250140025 -1.31306721e-08 4.82586744e-08 1
LGIC_C 229 -0.537144666 -0.0747740419 0.0250140072 4.34088238e-08 8.63459484e-09 1
LGIC_C 230 -0.646282826 -0.255976993 0.0250140044 -4.34088282e-08 2.70157287e-08 -1
LGIC_C 231 0.508111929 0.299869114 0.0250140148 3.37890593e-08 4.80634111e-08 -1
LGIC_C 232 -0.244713837 0.767876512 0.0250140187 8.63455111e-09 -4.34088279e-08 1
LGIC_C 233 0.374646575 0.220407286 0.0250140042 -4.82586616e-08 -1.31306776e-08 1
LGIC_C 234 -0.0858948465 -0.461948116 0.025014004 8.63456455e-09 4.34088336e-08 1
LGIC_C 235 0.269305399 0.456735193 0.02501401 -2.81018716e-08 -4.20573923e-08 1
LGIC_C 236 0.332456947 -0.022748391 0.0250139982 -4.34088182e-08 2.48392526e-08 1
LGIC_C 237 0.68420958 -0.0329481651 0.0250140182 -4.96100802e-08 3.14742968e-08 1
LGIC_C 238 -0.175271272 0.017733673 0.0250139925 5.7878425e-08 4.89846948e-08 1
LGIC_C 239 0.519256356 -0.300939333 0.0250140135 -4.20573976e-08 2.81018683e-08 1
LGIC_C 240 0.118836237 -0.210662034 0.0250139968 -1.28239349e-08 5.73353226e-08 1
LGIC_C 241 -0.114275645 0.272172161 0.0250139979 2.8101852e-08 -4.20574041e-08 1
LGIC_C 242 0.615339502 -0.310894487 0.025014019 -3.37890406e-08 4.80634332e-08 1
LGIC_C 243 -0.603003644 0.204725762 0.0250140152 4.96100897e-08 -9.86805572e-09 1
LGIC_C 244 0.572458897 -0.21886696 0.0250140189 -5.78784275e-08 1.15127558e-08 1
LGIC_C 245 -0.452758883 -0.415068371 0.0250140129 1.45571809e-08 5.5602105e-08 1
LGIC_C 246 0.405804946 0.489449102 0.0250140112 -2.45891309e-08 -3.68002211e-08 1
LGIC_C 247 -0.463069807 0.670425212 0.0250140193 2.45891128e-08 -3.68002333e-08 1
LGIC_C 248 0.148333814 -0.130368378 0.0250139919 -3.68002179e-08 2.45891393e-08 1
LGIC_C 249 0.509200867 -0.0390924833 0.0250140097 -4.96100802e-08 3.14742968e-08 1
LGIC_C 250 0.241191801 0.512180712 0.0250140121 -4.80634192e-08 -3.37890445e-08 1
LGIC_C 251 0.000705087392 0.656487638 0.0250140158 -6.33660387e-09 4.96100877e-08 -1
LGIC_C 252 0.134308524 0.63721391 0.0250140191 -3.14742949e-08 -4.96100822e-08 1
LGIC_C 253 0.526445086 0.316307698 0.0250140128 -4.82586616e-08 -1.31306776e-08 1
LGIC_C 254 -0.487433961 0.287334894 0.0250140136 3.37890593e-08 -4.80634052e-08 1
LGIC_C 255 -0.828879352 -0.0241976623 0.0250140186 -4.34088282e-08 2.70157287e-08 -1
LGIC_C 256 -0.284047474 0.558834436 0.0250140108 2.45891128e-08 -3.68002333e-08 1
LGIC_C 257 0.305122226 0.320508548 0.0250140027 1.3130701e-08 4.82586573e-08 -1
LGIC_C 258 -0.272737744 0.574369883 0.0250140111 2.45891128e-08 -3.68002333e-08 1
LGIC_C 259 0.259024083 -0.317470856 0.0250140073 -3.27854948e-08 4.90669785e-08 1
LGIC_C 260 -0.0370796288 -0.576826633 0.0250140122 9.8680833e-09 4.96100963e-08 1
LGIC_C 261 0.105511788 0.582916012 0.0250140095 -8.63455884e-09 -4.34088253e-08 1
LGIC_C 262 -0.345054894 0.338009835 0.0250140073 4.20574045e-08 -2.81018523e-08 1
LGIC_C 263 -0.686128355 -0.253258533 0.0250140067 4.96100935e-08 -4.19869172e-08 1
LGIC_C 264 0.481126624 -0.316220463 0.0250140087 -3.68002179e-08 2.45891393e-08 1
LGIC_C 265 0.154653958 0.0212511745 0.0250139911 -4.96100911e-08 -9.86803575e-09 1
LGIC_C 266 -0.119140035 -0.318601277 0.025014 2.48392553e-08 4.34088306e-08 1
LGIC_C 267 -0.278444988 -0.26733601 0.0250140022 1.45571809e-08 5.5602105e-08 1
LGIC_C 268 -0.0451057519 -0.493425125 0.0250140064 -2.90231482e-08 4.96101036e-08 1
LGIC_C 269 -0.0295378155 0.682946291 0.025014017 -6.33661298e-09 -4.96100859e-08 1
LGIC_C 270 -0.090966279 -0.097617723 0.0250139908 7.55636799e-08 6.2887973e-09 1
LGIC_C 271 -0.500965632 -0.402714602 0.0250140116 3.68002489e-08 2.45891179e-08 1
LGIC_C 272 -0.392534113 0.282856577 0.0250140059 -4.82586679e-08 1.31306769e-08 -1
LGIC_C 273 0.705284361 -0.0882711986 0.025014016 -4.34088182e-08 2.48392526e-08 1
LGIC_C 274 -0.33847726 0.389092168 0.0250140059 2.45891128e-08 -3.68002333e-08 1
LGIC_C 275 0.0278782385 -0.578616762 0.0250140118 6.33663526e-09 4.9610097e-08 1
LGIC_C 276 -0.090536302 -0.432325582 0.025014002 -2.90231482e-08 4.96101036e-08 1
LGIC_C 277 0.616853049 -0.0581331071 0.0250140157 -4.96100802e-08 3.14742968e-08 1
LGIC_C 278 0.290926851 0.274769111 0.0250140007 -3.68002282e-08 -2.45891172e-08 1
LGIC_C 279 0.0821072025 -0.0734586302 0.0250139881 -3.68002179e-08 2.45891393e-08 1
LGIC_C 280 -0.283704229 -0.13155875 0.0250139947 1.45571809e-08 5.5602105e-08 1
LGIC_C 281 0.322969371 0.63170573 0.0250140201 -4.80634192e-08 -3.37890445e-08 1
LGIC_C 282 -0.273604738 -0.482879153 0.0250140089 3.95603082e-08 3.05989652e-08 1
LGIC_C 283 -0.245891178 -0.502185506 0.025014005 7.55636799e-08 6.2887973e-09 1
LGIC_C 284 0.191357512 -0.760312517 0.0250140179 -8.63454093e-09 4.34088369e-08 1
LGIC_C 285 -0.244216121 0.539472958 0.0250140178 3.27854968e-08 -4.90669676e-08 1
LGIC_C 286 -0.509223654 0.00423767486 0.0250140084 4.96100851e-08 2.90231542e-08 1
LGIC_C 287 -0.0388953802 -0.125488416 0.025013989 8.63456455e-09 4.34088336e-08 1
LGIC_C 288 0.0346007911 -0.357981018 0.0250140008 6.33663526e-09 4.9610097e-08 1
LGIC_C 289 -0.0185852058 -0.0350379728 0.025013985 2.45891453e-08 3.68002268e-08 1
LGIC_C 290 -0.384639932 -0.522152423 0.025014016 2.81018674e-08 4.20574117e-08 1
LGIC_C 291 -0.492141924 0.410257676 0.0250140115 3.68002297e-08 -2.45891157e-08 1
LGIC_C 292 0.429595584 0.467031933 0.025014015 -2.81018716e-08 -4.20573923e-08 1
LGIC_C 293 -0.647551607 -0.0328554063 0.0250140144 -4.96100919e-08 2.90231703e-08 -1
LGIC_C 294 0.0651674577 -0.182049165 0.0250139945 -1.15127059e-08 5.78784511e-08 1
LGIC_C 295 -0.171446917 0.164170759 0.0250139968 6.28881943e-09 -7.55636452e-08 1
LGIC_C 296 0.515729141 0.291494966 0.0250140131 -4.20574004e-08 -2.81018564e-08 1
LGIC_C 297 0.0742195675 0.300359495 0.0250139969 -8.63455884e-09 -4.34088253e-08 1
LGIC_C 298 0.0409714508 -0.51679116 0.0250140093 -9.86804037e-09 4.96101e-08 1
LGIC_C 299 -0.090357082 -0.315181744 0.0250139998 9.8680833e-09 4.96100963e-08 1
LGIC_C 300 0.402219766 -0.0570023183 0.0250140021 -4.34088182e-08 2.48392526e-08 1
LGIC_C 301 0.0861977115 0.382318133 0.0250140006 -8.63455884e-09 -4.34088253e-08 1
LGIC_C 302 0.374478442 0.332881938 0.0250140083 -4.20574004e-08 -2.81018564e-08 1
LGIC_C 303 -0.0544981316 0.338322541 0.0250140006 9.86805557e-09 -4.96100883e-08 1
LGIC_C 304 -0.177657274 0.395699324 0.0250140047 1.31306824e-08 -4.82586643e-08 1
LGIC_C 305 -0.451918219 0.212078745 0.0250140051 3.68002297e-08 -2.45891157e-08 1
LGIC_C 306 0.194029018 0.0879122063 0.025013994 3.37890593e-08 4.80634111e-08 -1
LGIC_C 307 -0.429793918 0.285139326 0.0250140078 -4.82586679e-08 1.31306769e-08 -1
LGIC_C 308 0.607733712 -0.27005795 0.0250140122 -3.68002179e-08 2.45891393e-08 1
LGIC_C 309 0.152561442 0.124929455 0.0250139919 -3.68002282e-08 -2.45891172e-08 1
LGIC_C 310 0.0598474898 0.814568811 0.0250140191 -8.63455884e-09 -4.34088253e-08 1
LGIC_C 311 0.556553685 0.583997409 0.0250140184 -2.45891309e-08 -3.68002211e-08 1
LGIC_C 312 0.334673417 0.203476332 0.025014003 -4.20574004e-08 -2.81018564e-08 1
LGIC_C 313 0.625438299 0.336238372 0.0250140145 -3.68002282e-08 -2.45891172e-08 1
LGIC_C 314 -0.246164284 0.475596472 0.0250140068 2.45891128e-08 -3.68002333e-08 1
LGIC_C 315 -0.093997255 0.00585902233 0.025013988 4.96100897e-08 -9.86805572e-09 1
LGIC_C 316 -0.254655948 -0.193018467 0.0250139994 6.28883752e-09 7.55636663e-08 1
LGIC_C 317 -0.401041131 -0.183473145 0.0250140025 3.68002489e-08 2.45891179e-08 1
LGIC_C 318 -0.158857054 -0.33478966 0.025013997 -5.56021111e-08 -1.45571543e-08 -1
LGIC_C 319 -0.539442922 -0.055033793 0.0250140052 -4.34088282e-08 2.70157287e-08 -1
LGIC_C 320 0.427678293 0.581026571 0.0250140197 -2.81018716e-08 -4.20573923e-08 1
LGIC_C 321 0.604887684 -0.32245021 0.0250140192 -3.37890406e-08 4.80634332e-08 1
LGIC_C 322 0.562700116 0.206127815 0.0250140182 -5.78784335e-08 -1.15127284e-08 1
LGIC_C 323 -0.310605048 -0.667819802 0.0250140201 2.81018674e-08 4.20574117e-08 1
LGIC_C 324 0.00779117985 0.71350822 0.0250140186 -6.33660387e-09 4.96100877e-08 -1
LGIC_C 325 0.421739799 0.653218657 0.0250140177 -2.45891309e-08 -3.68002211e-08 1
LGIC_C 326 0.194280263 0.666319936 0.0250140151 -6.33660387e-09 4.96100877e-08 -1
LGIC_C 327 -0.310890585 -0.0168901192 0.0250139982 -4.96100919e-08 2.90231703e-08 -1
LGIC_C 328 -0.397588821 0.0152695037 0.0250140009 4.34088279e-08 -2.48392273e-08 1
LGIC_C 329 0.640874558 -0.18101478 0.0250140168 -4.96100859e-08 9.86807898e-09 1
LGIC_C 330 0.363042393 -0.0336639467 0.0250140023 -4.96100802e-08 3.14742968e-08 1
LGIC_C 331 0.269061666 -0.0638246083 0.0250139965 -4.34088182e-08 2.48392526e-08 1
LGIC_C 332 -0.00707995862 -0.353364908 0.0250140008 9.8680833e-09 4.96100963e-08 1
LGIC_C 333 0.473260843 0.170554375 0.0250140053 -4.34088272e-08 -8.63453573e-09 1
LGIC_C 334 0.253230915 0.808341427 0.0172027159 0.194186548 0.976240951 0.0961519121
LGIC_C 335 0.170075677 0.62397402 0.0250140131 -6.33660387e-09 4.96100877e-08 -1
LGIC_C 336 -0.755348014 0.0272135844 0.0250140167 4.34088279e-08 -2.48392273e-08 1
LGIC_C 337 -0.0583004909 -0.000645170883 0.0250139861 -4.96100919e-08 2.90231703e-08 -1
LGIC_C 338 -0.15885678 0.277937491 0.0250139974 2.45891128e-08 -3.68002333e-08 1
LGIC_C 339 0.163724253 -0.25420515 0.0250139976 -1.31306721e-08 4.82586744e-08 1
LGIC_C 340 -0.286117137 0.622118739 0.0250140175 2.8101852e-08 -4.20574041e-08 1
LGIC_C 341 -0.0299436424 -0.713711829 0.0250140145 8.63456455e-09 4.34088336e-08 1
LGIC_C 342 -0.85878845 -0.0173130727 -0.018808816 -0.976240825 -0.194187339 0.0961515894
LGIC_C 343 0.271353826 0.451951644 0.0250140086 1.3130701e-08 4.82586573e-08 -1
LGIC_C 344 -0.152175021 0.0357757716 0.0250139903 5.7878425e-08 4.89846948e-08 1
LGIC_C 345 -0.0779700611 -0.0808755415 0.0250139897 7.55636799e-08 6.2887973e-09 1
LGIC_C 346 0.361111189 0.33218866 0.0250140047 -3.68002282e-08 -2.45891172e-08 1
LGIC_C 347 0.437980608 -0.219565365 0.0250140119 -4.90669481e-08 3.27855328e-08 1
LGIC_C 348 -0.137361716 -0.628016183 0.0250140157 9.8680833e-09 4.96100963e-08 1
LGIC_C 349 -0.106594613 -0.596296947 0.0250140097 -2.90231482e-08 4.96101036e-08 1
LGIC_C 350 -0.215592632 0.385630108 0.0250140028 2.45891128e-08 -3.68002333e-08 1
LGIC_C 351 -0.102166768 0.0884111801 0.025013991 3.37890593e-08 -4.80634052e-08 1
LGIC_C 352 -0.167837284 -0.364175117 0.025014001 3.95603082e-08 3.05989652e-08 1
LGIC_C 353 -0.30052236 0.125715009 0.0250139994 -4.82586679e-08 1.31306769e-08 -1
LGIC_C 354 0.177758406 0.238571188 0.0250139983 -2.81018716e-08 -4.20573923e-08 1
LGIC_C 355 0.111518906 -0.53579084 0.0250140131 1.00935263e-08 5.7878447e-08 1
LGIC_C 356 0.112069513 0.755377173 0.025014017 -8.63455884e-09 -4.34088253e-08 1
LGIC_C 357 0.753102194 0.20770043 0.0250140193 -4.96100869e-08 6.3366408e-09 1
LGIC_C 358 0.0826377347 -0.0576174283 0.0250139892 -4.90669481e-08 3.27855328e-08 1
LGIC_C 359 -0.193401021 0.157719449 0.0250139964 6.28881943e-09 -7.55636452e-08 1
LGIC_C 360 -0.47024648 0.438511746 0.0250140114 3.68002297e-08 -2.45891157e-08 1
LGIC_C 361 0.578005198 -0.131898754 0.0250140132 -4.96100859e-08 9.86807898e-09 1
LGIC_C 362 -0.387126826 -0.108884781 0.0250139993 -4.96100919e-08 2.90231703e-08 -1
LGIC_C 363 -0.42855264 0.373697407 0.0250140118 4.20574045e-08 -2.81018523e-08 1
LGIC_C 364 0.0861545208 0.158297231 0.0250139938 -3.27855134e-08 -4.90669575e-08 1
LGIC_C 365 0.616737431 -0.320016623 0.0250140182 -4.20573976e-08 2.81018683e-08 1
LGIC_C 366 -0.271022337 -0.702065855 0.0250140205 2.48392553e-08 4.34088306e-08 1
LGIC_C 367 0.408504826 -0.130204792 0.0250140042 -4.34088182e-08 2.48392526e-08 1
LGIC_C 368 -0.104715971 -0.263748132 0.0250139973 2.48392553e-08 4.34088306e-08 1
LGIC_C 369 -0.0828402621 -0.60564242 0.0250140109 -2.90231482e-08 4.96101036e-08 1
LGIC_C 370 -0.432712427 -0.522189295 0.0250140131 2.45891453e-08 3.68002268e-08 1
LGIC_C 371 0.191867378 0.116043601 0.0250139932 -3.68002282e-08 -2.45891172e-08 1
LGIC_C 372 -0.0674814895 0.427029952 0.0250140024 8.63455111e-09 -4.34088279e-08 1
LGIC_C 373 -0.545031373 0.512854924 0.0250140159 3.68002297e-08 -2.45891157e-08 1
LGIC_C 374 0.0965432335 -0.270040888 0.025013996 6.33663526e-09 4.9610097e-08 1
LGIC_C 375 0.175354734 -0.591380245 0.0250140157 1.00935263e-08 5.7878447e-08 1
LGIC_C 376 0.466991826 0.396998655 0.025014014 -4.20574004e-08 -2.81018564e-08 1
LGIC_C 377 0.30763779 0.181301202 0.025013999 -3.68002282e-08 -2.45891172e-08 1
LGIC_C 378 -0.63060638 0.0504928824 0.0250140131 4.96100851e-08 2.90231542e-08 1
LGIC_C 379 -0.0776087038 -0.460270999 0.0250140068 9.8680833e-09 4.96100963e-08 1
LGIC_C 380 0.11513167 0.620397957 0.0250140152 -9.86806672e-09 -4.96100854e-08 1
LGIC_C 381 0.00848883218 0.619681488 0.025014014 -6.33660387e-09 4.96100877e-08 -1
LGIC_C 382 0.564274293 -0.292043415 0.0250140163 -3.37890406e-08 4.80634332e-08 1
LGIC_C 383 0.302944716 -0.484990021 0.025014017 -3.27854948e-08 4.90669785e-08 1
LGIC_C 384 -0.482540173 -0.394056404 0.025014016 6.28883752e-09 7.55636663e-08 1
LGIC_C 385 0.590710996 0.0650833475 0.0250140182 -5.78784335e-08 -1.15127284e-08 1
LGIC_C 386 0.549937138 -0.42390585 0.0250140139 -3.68002179e-08 2.45891393e-08 1
LGIC_C 387 0.541226866 -0.261022385 0.0250140141 -3.37890406e-08 4.80634332e-08 1
LGIC_C 388 -0.0441097323 0.476180777 0.0250140073 9.86805557e-09 -4.96100883e-08 1
LGIC_C 389 0.401352652 -0.326272678 0.0250140093 -4.20573976e-08 2.81018683e-08 1
LGIC_C 390 0.556705828 0.0442323736 0.0250140106 -4.96100869e-08 6.3366408e-09 1
LGIC_C 391 -0.22140605 0.140103348 0.0250139975 3.37890593e-08 -4.80634052e-08 1
LGIC_C 392 -0.182717007 -0.598265004 0.0250140076 -2.90231482e-08 4.96101036e-08 1
LGIC_C 393 -0.0100289454 -0.315994246 0.025013997 8.63456455e-09 4.34088336e-08 1
LGIC_C 394 0.424206449 0.659938818 0.025014018 -2.45891309e-08 -3.68002211e-08 1
LGIC_C 395 0.315951003 0.482237035 0.0250140107 1.3130701e-08 4.82586573e-08 -1
LGIC_C 396 0.246773091 0.430113902 0.0250140073 1.3130701e-08 4.82586573e-08 -1
LGIC_C 397 -0.636507531 0.191368128 0.0250140125 4.34088259e-08 -8.63455061e-09 1
LGIC_C 398 -0.576819889 0.258458697 0.0250140152 3.37890593e-08 -4.80634052e-08 1
LGIC_C 399 0.5613206 -0.158701489 0.0250140161 -4.96100802e-08 3.14742968e-08 1
