VGCC_O 8 -0.134706799 0.0161271258 0.0466933331 -1.62059677e-06 3.22356891e-07 -1
VGCC_O 5 0.113746944 -0.0200409323 0.0466929896 -1.01287282e-06 -1.51427976e-07 -1
CaBS 10 0.118126762 -0.0267203451 0.0615957726 0.748611785 -0.322508546 -0.579282861
CaBS 11 0.103352985 -0.00745489764 0.0835185626 -0.344822968 0.867728907 0.357971598
CaBS 13 0.105684326 -0.0317334425 0.0595312349 -0.324116536 -0.749802846 -0.576839807
CaBS 14 0.0912058702 -0.025507388 0.074373939 -0.735818491 -0.677177075 0.00153536998
CaBS 15 0.103944458 -0.0172038865 0.0534399996 -0.333750671 -0.131704002 -0.933415527
CaBS 16 0.090660445 -0.0153093414 0.066300311 -0.999896295 -0.0141984568 0.00240892729
CaBS 17 0.115712209 -0.00941868161 0.0594586362 0.321328636 0.750213906 -0.577864173
CaBS 19 0.113845812 -0.0305681757 0.0786281255 0.34654604 -0.867983022 0.355684293
CaBS 20 0.10514099 -0.035629686 0.0745579446 -0.321328743 -0.750213836 0.577864204
CaBS 21 0.118566208 -0.00831822129 0.0654187155 0.735818353 0.677177225 -0.00153536905
CaBS 22 0.101115854 -0.0255535992 0.0556295272 -0.333750671 -0.131704002 -0.933415527
CaBS 23 0.114238784 -0.0158180371 0.055843332 0.329239702 0.132369043 -0.934922272
CaBS 24 0.0918929756 -0.0101265962 0.0733262792 -0.748611723 0.322508223 0.579283121
Ca 1 -0.5107916 0.00651803756 0.631462333 0 0 0
Ca 7 -0.115275609 0.210160007 0.809075944 0 0 0
Ca 7 -0.15456922 -0.103268083 0.664409432 0 0 0
Ca 1 -0.150596153 -0.104024215 0.615215566 0 0 0
Ca 8 -0.192797674 -0.191762366 0.202659524 0 0 0
Ca 6 -0.232653499 -0.0311033586 0.830814941 0 0 0
Ca 6 -0.108090875 0.261017478 0.5366162 0 0 0
Ca 4 0.22764096 -0.00548210953 0.27569075 0 0 0
Ca 8 -0.0880249596 -0.0569104553 0.377871163 0 0 0
Ca 4 -0.495839346 0.141739103 0.431858013 0 0 0
Ca 4 0.391498659 -0.0798527412 0.652147637 0 0 0
Ca 8 0.307783574 0.262418597 0.172823903 0 0 0
Ca 8 -0.0926572502 -0.183402075 0.528803956 0 0 0
Ca 4 -0.45781087 0.137360665 0.374261595 0 0 0
Ca 6 -0.228316027 0.118985862 0.378105691 0 0 0
Ca 8 0.496796989 -0.0821418543 0.67951161 0 0 0
Ca 7 0.481906987 0.250278771 0.301524577 0 0 0
Ca 1 0.250922735 0.34009738 0.139226648 0 0 0
Ca 6 -0.527218514 -0.0837680273 0.187074928 0 0 0
Ca 7 -0.770451935 -0.384348442 0.2285165 0 0 0
Ca 6 -0.316240712 -0.306221019 0.582773928 0 0 0
Ca 1 -0.219634399 -0.462762341 0.37271874 0 0 0
Ca 1 0.25523747 -0.243461357 0.342594924 0 0 0
Ca 7 0.131760718 0.147495876 0.662728027 0 0 0
Ca 1 -0.144544841 0.105287205 0.455898383 0 0 0
Ca 7 -0.297545464 -0.290646897 0.402323375 0 0 0
Ca 6 0.207095315 0.132205581 0.537530305 0 0 0
Ca 6 -0.201559031 -0.233147245 0.226317323 0 0 0
Ca 1 -0.151284994 -0.0514157007 0.385156972 0 0 0
Ca 1 -0.415185942 -0.403024628 0.499289222 0 0 0
Ca 6 -0.286501568 0.453266071 0.499348512 0 0 0
Ca 6 0.0390982027 0.220836375 0.332309945 0 0 0
Ca 6 -0.356913096 -0.0821325382 0.352307183 0 0 0
Ca 6 -0.235263255 0.125059017 0.408400235 0 0 0
Ca 4 0.0185161787 -0.262220417 0.359124728 0 0 0
Ca 8 -0.122508711 0.300907297 0.842356683 0 0 0
Ca 7 0.00827653831 0.0203091709 0.113126374 0 0 0
Ca 8 -0.548484048 -0.00356720384 0.326276389 0 0 0
Ca 4 -0.481586171 0.0501165266 0.265492458 0 0 0
Ca 6 0.439534188 -0.28411027 0.209858705 0 0 0
Ca 7 0.185397357 0.218316623 0.401918605 0 0 0
Ca 1 0.151402463 0.203681 0.305865141 0 0 0
Ca 4 0.123210289 -0.369026454 0.559503442 0 0 0
Ca 7 -0.504885734 0.082651342 0.16544498 0 0 0
Ca 6 0.291137516 -0.114455161 0.259221894 0 0 0
Ca 1 -0.207100442 0.172041796 0.524592415 0 0 0
Ca 5 0.180628254 -0.446597409 0.392965888 0 0 0
Ca 1 -0.268095791 -0.0875984061 0.257109402 0 0 0
Ca 4 -0.32136512 -0.0470100198 0.35652714 0 0 0
Ca 4 -0.269817274 -0.109372424 0.179175518 0 0 0
Ca 8 -0.174965257 0.0185703617 0.427549327 0 0 0
Ca 8 -0.164478217 0.180555627 0.431186258 0 0 0
Ca 6 0.182854131 0.086939668 0.0594512784 0 0 0
Ca 1 -0.105163843 0.197648867 0.225981849 0 0 0
Ca 6 0.0725755327 -0.0937900159 0.288138322 0 0 0
Ca 8 -0.165143133 -0.349400541 0.0902365911 0 0 0
Ca 1 -0.238704596 -0.0913070742 0.16209558 0 0 0
Ca 7 -0.0295293067 -0.0630495965 0.24866661 0 0 0
Ca 7 -0.246178571 0.195395794 0.10062674 0 0 0
Ca 7 -0.292274302 0.223281311 0.147494465 0 0 0
Ca 4 -0.308842196 -0.224264162 0.240820667 0 0 0
Ca 1 -0.162720254 0.0693204159 0.442792319 0 0 0
Ca 1 -0.236704653 0.048679336 0.18009442 0 0 0
Ca 4 0.0817587833 -0.00849868754 0.0978320365 0 0 0
Ca 1 -0.250142219 -0.124569684 0.15858098 0 0 0
Ca 1 0.197148023 -0.0492136249 0.286430873 0 0 0
Ca 6 -0.329612364 0.0094388425 0.189238467 0 0 0
Ca 7 -0.252139664 0.0339918581 0.179373025 0 0 0
Ca 1 -0.295926504 0.24258418 0.122210215 0 0 0
Ca 7 -0.222318958 -0.0466114372 0.0567307198 0 0 0
Ca 7 -0.294072725 0.0101294706 0.264977917 0 0 0
Ca 1 -0.291067652 0.103134132 0.217179927 0 0 0
Ca 8 -0.204011775 -0.115493237 0.143126115 0 0 0
Ca 7 -0.146438632 0.0804361253 0.0766224726 0 0 0
Ca 8 -0.138134935 0.0879754636 0.0575409583 0 0 0
Ca 1 -0.0856018998 0.0124062631 0.0466610244 0 0 0
Ca 7 -0.128493162 -0.000433830409 0.0470583605 0 0 0
VGCC_O 4 -0.108229728 0.00324736392 0.0466932869 -8.10297798e-07 1.61178104e-07 -1
VGCC_O 7 -0.137449801 0.00579357966 0.0466933342 -1.62059625e-06 3.22356338e-07 -1
VGCC_O 0 0.11238887 -0.0311459409 0.0466929927 -1.01287282e-06 -1.51427976e-07 -1
VGCC_O 2 0.119933892 -0.04777957 0.0466929781 -1.41802115e-06 2.82063236e-07 -1
VGCC_O 6 -0.12622171 0.0241576588 0.046693322 -1.62059677e-06 3.22356891e-07 -1
VGCC_O 3 0.0772568984 -0.00428239309 0.046693036 -1.41802159e-06 2.82063681e-07 -1
VGCC_O 1 -0.126159285 0.0151063295 0.0466933189 -1.62059625e-06 3.22356338e-07 -1
VGCC_O 9 0.0953603447 -0.018533153 0.0466930096 -1.14792244e-06 -1.24564753e-07 -1
TAG 41 -0.105784995 0.0105052503 0.0536665039 -0.333750681 -0.131703993 -0.933415524
TAG 73 0.105323475 -0.00357186878 0.063445091 -0.346545998 0.867982935 -0.355684546
TAG 71 -0.096079873 0.00270213046 0.0564810255 0.74861179 -0.322508554 -0.579282851
TAG 70 -0.118208439 0.00383577013 0.0653592954 -0.735818461 -0.677177107 0.0015353549
TAG 69 -0.119239302 0.00795267007 0.0681959954 -0.999896295 -0.0141984574 0.00240892698
TAG 67 -0.115078276 0.000454692191 0.0742448755 -0.735818461 -0.677177107 0.0015353549
TAG 65 0.119072188 -0.020557456 0.0800936336 0.751399702 -0.322919474 0.575431578
TAG 63 -0.104896891 0.0149528875 0.0527352849 0.329239713 0.132369034 -0.93492227
TAG 62 -0.0995730683 0.0302300905 0.0690462359 0.3213287 0.750213891 -0.577864158
TAG 59 -0.100018848 -0.00188752594 0.0603333581 0.344822933 -0.867729023 -0.35797135
TAG 55 -0.119337383 0.0151637023 0.0699872324 -0.999896295 -0.0141984574 0.00240892698
TAG 54 -0.104785227 0.0261860029 0.076486355 -0.344822968 0.867728888 0.357971643
TAG 53 -0.089146311 -0.000197085518 0.0670554248 0.74861179 -0.322508554 -0.579282851
TAG 52 -0.119278263 0.0119799944 0.0757618237 -0.999896295 -0.0141984574 0.00240892698
TAG 51 -0.102448777 0.00747370566 0.0865367572 -0.329239868 -0.132369105 0.934922205
TAG 45 -0.113699624 0.0170707545 0.0588716642 -0.751399624 0.322919173 -0.575431849
TAG 44 -0.11923843 0.00668793202 0.0611035411 -0.999896295 -0.0141984574 0.00240892698
LGIC_C 0 0.540208794 0.225395089 0.0250140123 -4.20574004e-08 -2.81018564e-08 1
LGIC_C 1 -0.325554086 0.028842269 0.0250139976 4.34088259e-08 -8.63455061e-09 1
LGIC_C 2 -0.505993622 0.0889512268 0.0250140092 4.96100897e-08 -9.86805572e-09 1
LGIC_C 3 0.254371741 -0.640030234 0.0250140175 -9.86804037e-09 4.96101e-08 1
LGIC_C 4 -0.374086968 -0.211181932 0.0250140015 6.28883752e-09 7.55636663e-08 1
LGIC_C 5 0.0148683777 -0.540149564 0.0250140143 1.00935263e-08 5.7878447e-08 1
LGIC_C 6 -0.326470835 0.473364909 0.0250140146 1.28239438e-08 -5.73353116e-08 1
LGIC_C 7 -0.719045852 0.44043764 0.011443802 -0.827617296 0.552995934 0.0961514895
LGIC_C 8 -0.254520267 0.286262097 0.0250140001 2.45891128e-08 -3.68002333e-08 1
LGIC_C 9 -0.474658949 -0.29769094 0.0250140087 6.28883752e-09 7.55636663e-08 1
LGIC_C 10 -0.417153856 -0.619744319 0.0250140187 3.95603082e-08 3.05989652e-08 1
LGIC_C 11 0.21355743 0.586874526 0.025014011 -6.33660387e-09 4.96100877e-08 -1
LGIC_C 12 0.361584941 0.181421656 0.0250140069 -4.90669739e-08 -3.27854893e-08 1
LGIC_C 13 0.689137524 -0.125904579 0.0250140187 -4.96100859e-08 9.86807898e-09 1
LGIC_C 14 0.641367565 0.223136069 0.0250140136 -4.96100869e-08 6.3366408e-09 1
LGIC_C 15 -0.44044241 -0.352727409 0.0250140085 5.39043203e-09 6.47688584e-08 1
LGIC_C 16 0.632073158 -0.104763966 0.0250140156 -4.96100859e-08 9.86807898e-09 1
LGIC_C 17 -0.535431071 0.349121284 0.0250140137 -4.82586679e-08 1.31306769e-08 -1
LGIC_C 18 0.276701439 -0.433516142 0.0250140092 -2.81018481e-08 4.20574137e-08 1
LGIC_C 19 -0.35823434 0.27731701 0.0250140087 3.37890593e-08 -4.80634052e-08 1
LGIC_C 20 0.169880258 -0.341947711 0.0250140024 -2.81018481e-08 4.20574137e-08 1
LGIC_C 21 -0.00290676909 -0.157974263 0.025013991 -2.90231482e-08 4.96101036e-08 1
LGIC_C 22 0.170468546 0.625784081 0.025014016 -9.86806672e-09 -4.96100854e-08 1
LGIC_C 23 -0.493257295 0.36992065 0.0250140105 3.68002297e-08 -2.45891157e-08 1
LGIC_C 24 0.0989599716 0.49847957 0.025014009 -9.86806672e-09 -4.96100854e-08 1
LGIC_C 25 0.421074724 0.0200129199 0.0250140017 -4.34088272e-08 -8.63453573e-09 1
LGIC_C 26 -0.074794655 0.298205582 0.0250140014 1.15127271e-08 -5.78784352e-08 1
LGIC_C 27 -0.258698492 0.481496746 0.0250140154 3.27854968e-08 -4.90669676e-08 1
LGIC_C 28 0.671043284 0.0855254632 0.0250140131 -4.34088272e-08 -8.63453573e-09 1
LGIC_C 29 -0.576535183 -0.120292475 0.0250140108 5.7878436e-08 -4.89847332e-08 1
LGIC_C 30 0.592022266 0.0680880376 0.0250140122 -4.96100869e-08 6.3366408e-09 1
LGIC_C 31 -0.381674918 -0.486462068 0.0250140132 3.95603082e-08 3.05989652e-08 1
LGIC_C 32 0.0385293224 0.0891772525 0.0250139881 -2.81018716e-08 -4.20573923e-08 1
LGIC_C 33 -0.0206768334 0.597956985 0.0250140094 8.63455111e-09 -4.34088279e-08 1
LGIC_C 34 0.194394504 -0.451376977 0.0250140117 -3.27854948e-08 4.90669785e-08 1
LGIC_C 35 -0.163627795 -0.519200474 0.0250140042 -2.90231482e-08 4.96101036e-08 1
LGIC_C 36 0.543743042 -0.55017413 0.0250140168 -2.45891087e-08 3.68002429e-08 1
LGIC_C 37 0.112786183 0.755796689 0.025014017 -8.63455884e-09 -4.34088253e-08 1
LGIC_C 38 0.721594763 -0.305578834 0.0250140174 -3.05989503e-08 3.95603122e-08 1
LGIC_C 39 0.722369878 0.337288395 0.0250140181 -3.68002282e-08 -2.45891172e-08 1
LGIC_C 40 -0.747226998 0.00197243567 0.0250140158 4.34088279e-08 -2.48392273e-08 1
LGIC_C 41 -0.513009442 0.626942283 0.025014019 2.45891128e-08 -3.68002333e-08 1
LGIC_C 42 -0.280710701 -0.605478312 0.0250140124 2.45891453e-08 3.68002268e-08 1
LGIC_C 43 -0.593277435 -0.535138556 0.0250140168 1.15916899e-08 4.97976879e-08 1
LGIC_C 44 0.292609542 0.565204992 0.0250140144 1.3130701e-08 4.82586573e-08 -1
LGIC_C 45 0.0128846586 -0.215365462 0.0250139938 6.33663526e-09 4.9610097e-08 1
LGIC_C 46 -0.202946832 -0.195703702 0.025013997 5.39043203e-09 6.47688584e-08 1
LGIC_C 47 0.485206779 -0.196518117 0.0250140136 -5.78784275e-08 1.15127558e-08 1
LGIC_C 48 -0.0260558043 -0.420568636 0.0250140017 8.63456455e-09 4.34088336e-08 1
LGIC_C 49 -0.536248218 -0.213629554 0.0250140084 4.34088238e-08 8.63459484e-09 1
LGIC_C 50 0.273556659 -0.316208502 0.0250140077 -3.27854948e-08 4.90669785e-08 1
LGIC_C 51 -0.604070264 -0.00736962532 0.0250140095 4.34088238e-08 8.63459484e-09 1
LGIC_C 52 0.636308992 -0.180694221 0.0250140153 -4.34088182e-08 2.48392526e-08 1
LGIC_C 53 0.353638408 -0.121509009 0.0250140016 -4.34088182e-08 2.48392526e-08 1
LGIC_C 54 -0.051411366 -0.238448905 0.0250139945 -4.89847109e-08 5.78784581e-08 1
LGIC_C 55 0.433719908 0.556830423 0.0250140144 -2.45891309e-08 -3.68002211e-08 1
LGIC_C 56 -0.176252758 -0.239467642 0.0250139965 -5.56021111e-08 -1.45571543e-08 -1
LGIC_C 57 -0.0926515464 0.425615914 0.0250140073 -3.14742797e-08 4.96100914e-08 -1
LGIC_C 58 0.419992813 -0.0809045053 0.0250140035 -4.34088182e-08 2.48392526e-08 1
LGIC_C 59 -0.403695553 -0.254106988 0.0250140032 1.45571809e-08 5.5602105e-08 1
LGIC_C 60 0.130440471 0.476327412 0.025014011 -3.14742949e-08 -4.96100822e-08 1
LGIC_C 61 -0.376746005 0.325144609 0.0250140083 4.20574045e-08 -2.81018523e-08 1
LGIC_C 62 -0.0847785739 0.428642895 0.0250140072 -3.14742797e-08 4.96100914e-08 -1
LGIC_C 63 0.17684076 -0.0359421786 0.0250139924 -4.96100859e-08 9.86807898e-09 1
LGIC_C 64 -0.252603006 0.0891536578 0.0250139935 5.7878425e-08 4.89846948e-08 1
LGIC_C 65 0.0295588739 0.304962659 0.0250139987 -9.86806672e-09 -4.96100854e-08 1
LGIC_C 66 -0.287135148 -0.301668841 0.0250140014 2.45891453e-08 3.68002268e-08 1
LGIC_C 67 -0.469462829 0.423694541 0.0250140182 6.28881943e-09 -7.55636452e-08 1
LGIC_C 68 -0.614566636 -0.109745929 0.025014007 -4.34088282e-08 2.70157287e-08 -1
LGIC_C 69 -0.64307693 -0.348536755 0.0250140155 3.68002489e-08 2.45891179e-08 1
LGIC_C 70 -0.0723522556 0.452865837 0.0250140035 8.63455111e-09 -4.34088279e-08 1
LGIC_C 71 0.610039749 0.136497072 0.0250140201 -5.78784335e-08 -1.15127284e-08 1
LGIC_C 72 0.0939923304 0.3552782 0.0250140003 -6.33660387e-09 4.96100877e-08 -1
LGIC_C 73 -0.0195585402 0.00781397698 0.0250139843 4.34088279e-08 -2.48392273e-08 1
LGIC_C 74 0.49800329 0.446813215 0.0250140131 -4.82586616e-08 -1.31306776e-08 1
LGIC_C 75 0.548418717 -0.576678719 0.0250140179 -2.45891087e-08 3.68002429e-08 1
LGIC_C 76 -0.667290306 0.0707219194 0.0250140143 4.96100851e-08 2.90231542e-08 1
LGIC_C 77 0.325451885 -0.216545169 0.0250140018 -3.05989503e-08 3.95603122e-08 1
LGIC_C 78 0.252758428 0.38957436 0.0250140107 -3.27855134e-08 -4.90669575e-08 1
LGIC_C 79 -0.591292277 -0.254395094 0.0250140028 1.15916899e-08 4.97976879e-08 1
LGIC_C 80 0.702399651 -0.0637463299 0.0250140143 -4.34088226e-08 8.63456802e-09 1
LGIC_C 81 0.082238967 0.70045808 0.0250140175 -6.33660387e-09 4.96100877e-08 -1
LGIC_C 82 0.492115412 -0.352724006 0.0250140122 -3.05989503e-08 3.95603122e-08 1
LGIC_C 83 -0.379820567 0.254840323 0.0250140049 -4.82586679e-08 1.31306769e-08 -1
LGIC_C 84 0.233702828 0.489342953 0.0250140099 1.3130701e-08 4.82586573e-08 -1
LGIC_C 85 -0.052688014 0.104213097 0.0250139899 1.28239438e-08 -5.73353116e-08 1
LGIC_C 86 0.579951928 -0.362453954 0.0250140202 -3.37890406e-08 4.80634332e-08 1
LGIC_C 87 -0.364030411 -0.198784049 0.0250139996 1.45571809e-08 5.5602105e-08 1
LGIC_C 88 -0.584262398 -0.527402166 0.0250140163 1.15916899e-08 4.97976879e-08 1
LGIC_C 89 0.307624672 -0.519193331 0.0250140123 -1.31306721e-08 4.82586744e-08 1
LGIC_C 90 -0.332905512 -0.306371803 0.0250140051 1.45571809e-08 5.5602105e-08 1
LGIC_C 91 0.139411469 0.781364519 0.0250140184 -8.63455884e-09 -4.34088253e-08 1
LGIC_C 92 0.236715969 -0.665617229 0.0250140148 6.33663526e-09 4.9610097e-08 1
LGIC_C 93 -0.0750584038 0.57373196 0.0250140113 -6.33661298e-09 -4.96100859e-08 1
LGIC_C 94 0.114324244 -0.0412357599 0.0250139902 -4.96100802e-08 3.14742968e-08 1
LGIC_C 95 -0.355295953 -0.398468414 0.0250140088 -5.56021111e-08 -1.45571543e-08 -1
LGIC_C 96 0.34457197 -0.0390961788 0.0250140007 -4.96100859e-08 9.86807898e-09 1
LGIC_C 97 -0.355671181 0.122037495 0.0250139974 4.96100851e-08 2.90231542e-08 1
LGIC_C 98 -0.336714066 -0.491747619 0.0250140116 3.95603082e-08 3.05989652e-08 1
LGIC_C 99 0.239075914 -0.062308477 0.025013997 -4.96100802e-08 3.14742968e-08 1
LGIC_C 100 -0.353760108 -0.470516002 0.0250140093 2.45891453e-08 3.68002268e-08 1
LGIC_C 101 -0.387013195 0.00675234231 0.0250140025 4.96100897e-08 -9.86805572e-09 1
LGIC_C 102 -0.34160817 0.461040423 0.0250140141 1.28239438e-08 -5.73353116e-08 1
LGIC_C 103 -0.407250665 -0.0024210199 0.025014001 4.34088238e-08 8.63459484e-09 1
LGIC_C 104 0.564735013 -0.222103627 0.0250140134 -4.96100859e-08 9.86807898e-09 1
LGIC_C 105 -0.31899194 0.086196861 0.0250139993 4.34088279e-08 -2.48392273e-08 1
LGIC_C 106 -0.259636759 0.702325646 0.025014016 8.63455111e-09 -4.34088279e-08 1
LGIC_C 107 -0.68220714 -0.275691404 0.0250140153 4.34088238e-08 8.63459484e-09 1
LGIC_C 108 -0.0419560509 -0.524993564 0.0250140071 2.48392553e-08 4.34088306e-08 1
LGIC_C 109 0.212093045 0.117207881 0.025013995 -4.82586616e-08 -1.31306776e-08 1
LGIC_C 110 -0.144216315 -0.704174847 0.0250140151 8.63456455e-09 4.34088336e-08 1
LGIC_C 111 -0.534343783 -0.218798815 0.0250140034 -4.96100919e-08 2.90231703e-08 -1
LGIC_C 112 0.714616335 -0.00757660167 0.0250140189 -4.96100802e-08 3.14742968e-08 1
LGIC_C 113 -0.0254040098 -0.682871076 0.0250140135 2.48392553e-08 4.34088306e-08 1
LGIC_C 114 -0.341328429 0.37706437 0.0250140093 1.28239438e-08 -5.73353116e-08 1
LGIC_C 115 0.497920421 -0.440765776 0.0250140159 -3.05989503e-08 3.95603122e-08 1
LGIC_C 116 0.165567716 -0.465334271 0.0250140085 1.00935263e-08 5.7878447e-08 1
LGIC_C 117 -0.168849097 -0.00682365991 0.0250139915 -4.96100919e-08 2.90231703e-08 -1
LGIC_C 118 -0.279049124 -0.324390715 0.0250140042 3.95603082e-08 3.05989652e-08 1
LGIC_C 119 0.0866542038 0.423138223 0.0250140051 -9.86806672e-09 -4.96100854e-08 1
LGIC_C 120 0.0272154886 0.5172103 0.0250140092 -9.86806672e-09 -4.96100854e-08 1
LGIC_C 121 -0.426843096 -0.391579589 0.0250140077 1.15916899e-08 4.97976879e-08 1
LGIC_C 122 0.598850771 -0.281200077 0.0250140122 -3.68002179e-08 2.45891393e-08 1
LGIC_C 123 0.354202863 -0.330954486 0.0250140115 -4.90669481e-08 3.27855328e-08 1
LGIC_C 124 0.517882537 -0.422942017 0.0250140127 -3.68002179e-08 2.45891393e-08 1
LGIC_C 125 0.116248843 -0.14951138 0.025013992 -1.31306721e-08 4.82586744e-08 1
LGIC_C 126 0.624330312 -0.373844885 0.0250140171 -3.05989503e-08 3.95603122e-08 1
LGIC_C 127 0.325903264 -0.278311189 0.0250140042 -3.05989503e-08 3.95603122e-08 1
LGIC_C 128 0.26670995 -0.346578359 0.0250140025 -2.45891087e-08 3.68002429e-08 1
LGIC_C 129 0.404209072 -0.0884186566 0.0250140015 -4.34088226e-08 8.63456802e-09 1
LGIC_C 130 -0.660721846 0.185233609 0.0250140135 4.34088259e-08 -8.63455061e-09 1
LGIC_C 131 0.390692135 0.281024965 0.0250140058 -4.82586616e-08 -1.31306776e-08 1
LGIC_C 132 -0.22731391 0.0760382976 0.0250139927 5.7878425e-08 4.89846948e-08 1
LGIC_C 133 -0.554798686 -0.0589922011 0.0250140079 4.34088238e-08 8.63459484e-09 1
LGIC_C 134 0.304311259 -0.640126753 0.0250140143 -2.45891087e-08 3.68002429e-08 1
LGIC_C 135 -0.332926373 -0.279829753 0.0250140065 6.28883752e-09 7.55636663e-08 1
LGIC_C 136 0.422208811 -0.27598323 0.0250140056 -3.68002179e-08 2.45891393e-08 1
LGIC_C 137 0.351268567 -0.299962993 0.0250140058 -3.05989503e-08 3.95603122e-08 1
LGIC_C 138 -0.662265921 -0.181958552 0.0250140085 4.96100935e-08 -4.19869172e-08 1
LGIC_C 139 0.131343615 -0.0164034607 0.0250139903 -4.96100802e-08 3.14742968e-08 1
LGIC_C 140 0.430090786 0.544679474 0.0250140139 -2.45891309e-08 -3.68002211e-08 1
LGIC_C 141 0.555490446 0.0610622625 0.0250140079 -4.34088272e-08 -8.63453573e-09 1
LGIC_C 142 -0.479622739 -0.532721486 0.0250140185 3.95603082e-08 3.05989652e-08 1
LGIC_C 143 -0.0754186191 -0.143200169 0.0250139914 2.81018674e-08 4.20574117e-08 1
LGIC_C 144 -0.463750191 -0.4759459 0.0250140162 3.95603082e-08 3.05989652e-08 1
LGIC_C 145 0.187298754 -0.00264301161 0.0250139914 -4.34088182e-08 2.48392526e-08 1
LGIC_C 146 0.0229298957 0.594386977 0.025014013 -9.86806672e-09 -4.96100854e-08 1
LGIC_C 147 -0.385254926 -0.298655323 0.0250140026 1.15916899e-08 4.97976879e-08 1
LGIC_C 148 0.421138162 -0.0940540979 0.0250140087 -5.78784275e-08 1.15127558e-08 1
LGIC_C 149 0.566422915 0.507275087 0.0250140166 -3.68002282e-08 -2.45891172e-08 1
LGIC_C 150 0.418655935 0.169218155 0.0250140029 -4.96100869e-08 6.3366408e-09 1
LGIC_C 151 -0.136468093 -0.703663258 0.025014015 8.63456455e-09 4.34088336e-08 1
LGIC_C 152 0.272222438 0.598062353 0.0250140157 1.3130701e-08 4.82586573e-08 -1
LGIC_C 153 0.155137913 -0.155788172 0.0250139941 -1.28239349e-08 5.73353226e-08 1
LGIC_C 154 0.163681575 0.536117727 0.0250140115 -9.86806672e-09 -4.96100854e-08 1
LGIC_C 155 -0.611782843 0.0967050603 0.0250140107 4.34088259e-08 -8.63455061e-09 1
LGIC_C 156 -0.279294426 0.0215921351 0.0250139956 4.34088259e-08 -8.63455061e-09 1
LGIC_C 157 -0.39438603 0.306858969 0.0250140089 6.28881943e-09 -7.55636452e-08 1
LGIC_C 158 0.412853198 0.220718725 0.0250140078 3.37890593e-08 4.80634111e-08 -1
LGIC_C 159 0.729884053 0.241347315 0.025014017 -4.34088272e-08 -8.63453573e-09 1
LGIC_C 160 -0.243055097 -0.0993832493 0.0250139911 -4.34088282e-08 2.70157287e-08 -1
LGIC_C 161 -0.425368231 0.140448267 0.0250140058 4.96100897e-08 -9.86805572e-09 1
LGIC_C 162 0.44162809 -0.100577427 0.0250140099 -5.78784275e-08 1.15127558e-08 1
LGIC_C 163 0.337809991 -0.220946767 0.0250140036 -4.20573976e-08 2.81018683e-08 1
LGIC_C 164 0.234394747 -0.58714501 0.0250140109 6.33663526e-09 4.9610097e-08 1
LGIC_C 165 -0.349153614 0.0693089221 0.0250139986 4.96100851e-08 2.90231542e-08 1
LGIC_C 166 -0.176530449 -0.67814612 0.0250140171 2.48392553e-08 4.34088306e-08 1
LGIC_C 167 -0.544411929 0.498013982 0.0250140161 -4.82586679e-08 1.31306769e-08 -1
LGIC_C 168 -0.612472329 -0.228921644 0.0250140118 4.34088238e-08 8.63459484e-09 1
LGIC_C 169 0.655318464 -0.44459976 0.0250140183 -3.68002179e-08 2.45891393e-08 1
LGIC_C 170 0.484258346 -0.370027505 0.0250140174 -3.37890406e-08 4.80634332e-08 1
LGIC_C 171 -0.208020449 0.251412249 0.0250140004 1.28239438e-08 -5.73353116e-08 1
LGIC_C 172 0.354456157 0.147591565 0.0250140023 3.37890593e-08 4.80634111e-08 -1
LGIC_C 173 0.688684615 0.315567715 0.0250140163 -3.68002282e-08 -2.45891172e-08 1
LGIC_C 174 -0.0968817245 -0.556287774 0.0250140098 2.48392553e-08 4.34088306e-08 1
LGIC_C 175 0.387303608 -0.273617779 0.0250140095 -3.37890406e-08 4.80634332e-08 1
LGIC_C 176 -0.579131381 -0.573839405 0.0250140185 1.15916899e-08 4.97976879e-08 1
LGIC_C 177 0.333017184 0.335451225 0.0250140067 -2.81018716e-08 -4.20573923e-08 1
LGIC_C 178 0.0280318477 -0.590114803 0.0250140123 6.33663526e-09 4.9610097e-08 1
LGIC_C 179 -0.258845205 -0.144995514 0.0250139958 6.28883752e-09 7.55636663e-08 1
LGIC_C 180 -0.170416171 0.219931399 0.0250139973 2.8101852e-08 -4.20574041e-08 1
LGIC_C 181 -0.676914886 -0.258747663 0.0250140149 4.34088238e-08 8.63459484e-09 1
LGIC_C 182 0.0551770212 -0.172629068 0.0250139939 -1.15127059e-08 5.78784511e-08 1
LGIC_C 183 0.657179785 0.310624272 0.025014019 -4.82586616e-08 -1.31306776e-08 1
LGIC_C 184 0.737147656 -0.0122021946 0.0250140155 -4.34088182e-08 2.48392526e-08 1
LGIC_C 185 0.373079472 -0.175666951 0.0250140016 -3.05989503e-08 3.95603122e-08 1
LGIC_C 186 -0.65159564 -0.335126127 0.0250140084 5.39043203e-09 6.47688584e-08 1
LGIC_C 187 0.153838567 0.0649936438 0.0250139929 -4.90669739e-08 -3.27854893e-08 1
LGIC_C 188 -0.709727246 0.0795938793 0.0250140148 4.34088259e-08 -8.63455061e-09 1
LGIC_C 189 -0.503422703 0.243222872 0.0250140113 4.20574045e-08 -2.81018523e-08 1
LGIC_C 190 0.384703385 -0.686584159 0.025014018 -2.45891087e-08 3.68002429e-08 1
LGIC_C 191 -0.465818862 -0.238772734 0.0250140012 5.39043203e-09 6.47688584e-08 1
LGIC_C 192 -0.310986859 0.0722186069 0.0250139974 4.34088259e-08 -8.63455061e-09 1
LGIC_C 193 0.23877594 0.076957542 0.0250139958 -4.96100911e-08 -9.86803575e-09 1
LGIC_C 194 -0.625765749 0.399403077 0.0250140161 3.68002297e-08 -2.45891157e-08 1
LGIC_C 195 0.337405374 0.415847674 0.0250140102 -2.81018716e-08 -4.20573923e-08 1
LGIC_C 196 0.734600364 0.348370865 0.0250140188 -3.68002282e-08 -2.45891172e-08 1
LGIC_C 197 -0.233284016 -0.505196814 0.0250140076 2.45891453e-08 3.68002268e-08 1
LGIC_C 198 0.515667227 0.0198995744 0.0250140058 -4.34088272e-08 -8.63453573e-09 1
LGIC_C 199 0.612047855 0.246407413 0.025014012 -4.96100869e-08 6.3366408e-09 1
LGIC_C 200 0.752089117 -0.283474737 0.0250140183 -4.34088226e-08 8.63456802e-09 1
LGIC_C 201 0.239931977 0.100703533 0.0250139962 3.37890593e-08 4.80634111e-08 -1
LGIC_C 202 -0.0697948232 -0.337696321 0.0250139996 2.48392553e-08 4.34088306e-08 1
LGIC_C 203 -0.164759425 -0.0429181962 0.0250139902 -4.96100919e-08 2.90231703e-08 -1
LGIC_C 204 -0.401392181 0.560749212 0.0250140181 2.8101852e-08 -4.20574041e-08 1
LGIC_C 205 -0.0890767037 0.241875392 0.0250139961 9.86805557e-09 -4.96100883e-08 1
LGIC_C 206 0.620206853 -0.378691217 0.0250140154 -3.68002179e-08 2.45891393e-08 1
LGIC_C 207 -0.127041204 -0.469415473 0.0250140042 -4.89847109e-08 5.78784581e-08 1
LGIC_C 208 -0.493784571 0.346614766 0.0250140117 -4.82586679e-08 1.31306769e-08 -1
LGIC_C 209 -0.0434694043 0.0165807295 0.0250139898 -1.38908237e-07 2.76305608e-08 -1
LGIC_C 210 0.0483174175 0.24635224 0.025013996 -9.86806672e-09 -4.96100854e-08 1
LGIC_C 211 0.604719508 -0.125325238 0.0250140197 -5.78784275e-08 1.15127558e-08 1
LGIC_C 212 -0.312633234 -0.430014684 0.0250140069 -5.56021111e-08 -1.45571543e-08 -1
LGIC_C 213 0.417100941 -0.417692851 0.0250140125 -2.81018481e-08 4.20574137e-08 1
LGIC_C 214 0.518502542 -0.0382538551 0.0250140061 -4.34088226e-08 8.63456802e-09 1
LGIC_C 215 -0.427205332 -0.000703581202 0.0250140018 4.34088238e-08 8.63459484e-09 1
LGIC_C 216 0.201503193 -0.161364297 0.0250139958 -3.05989503e-08 3.95603122e-08 1
LGIC_C 217 0.534956109 -0.382061865 0.0250140197 -3.37890406e-08 4.80634332e-08 1
LGIC_C 218 -0.284515707 0.344766591 0.0250140036 1.31306824e-08 -4.82586643e-08 1
LGIC_C 219 -0.247478692 -0.440392527 0.0250140065 3.95603082e-08 3.05989652e-08 1
LGIC_C 220 -0.666139108 -0.366417849 0.0250140168 3.68002489e-08 2.45891179e-08 1
LGIC_C 221 0.712994006 -0.451702714 0.00805283777 0.827616944 -0.552996408 0.0961517878
LGIC_C 222 -0.555154125 -0.181897107 0.0250140055 -4.96100919e-08 2.90231703e-08 -1
LGIC_C 223 0.232333228 0.437160388 0.0250140092 -4.80634192e-08 -3.37890445e-08 1
LGIC_C 224 -0.389782569 0.117225465 0.0250139992 4.96100851e-08 2.90231542e-08 1
LGIC_C 225 0.19480539 -0.558227614 0.0250140091 -8.63454093e-09 4.34088369e-08 1
LGIC_C 226 0.346275426 -0.282434429 0.0250140029 -3.68002179e-08 2.45891393e-08 1
LGIC_C 227 -0.0924165263 0.467948712 0.0250140044 8.63455111e-09 -4.34088279e-08 1
LGIC_C 228 0.248293819 -0.298618591 0.0250140009 -1.31306721e-08 4.82586744e-08 1
LGIC_C 229 -0.541905493 -0.0516368225 0.0250140072 4.34088238e-08 8.63459484e-09 1
LGIC_C 230 -0.652418807 -0.241268397 0.0250140051 -4.34088282e-08 2.70157287e-08 -1
LGIC_C 231 0.499083366 0.288679015 0.025014014 3.37890593e-08 4.80634111e-08 -1
LGIC_C 232 -0.233720071 0.749010384 0.0250140178 8.63455111e-09 -4.34088279e-08 1
LGIC_C 233 0.374403387 0.224175352 0.0250140042 -4.82586616e-08 -1.31306776e-08 1
LGIC_C 234 -0.0392423097 -0.446943216 0.025014003 8.63456455e-09 4.34088336e-08 1
LGIC_C 235 0.26048059 0.445642331 0.0250140093 -2.81018716e-08 -4.20573923e-08 1
LGIC_C 236 0.327501485 -0.0280865119 0.0250139981 -4.34088182e-08 2.48392526e-08 1
LGIC_C 237 0.67137889 -0.038183704 0.0250140177 -4.96100802e-08 3.14742968e-08 1
LGIC_C 238 -0.183720015 0.0296247528 0.0250139924 5.7878425e-08 4.89846948e-08 1
LGIC_C 239 0.523022966 -0.306494698 0.0250140138 -4.20573976e-08 2.81018683e-08 1
LGIC_C 240 0.128126006 -0.212355768 0.025013997 -1.28239349e-08 5.73353226e-08 1
LGIC_C 241 -0.123329729 0.292575874 0.025013999 2.8101852e-08 -4.20574041e-08 1
LGIC_C 242 0.607656278 -0.288230101 0.0250140176 -3.37890406e-08 4.80634332e-08 1
LGIC_C 243 -0.621754784 0.221899833 0.0250140163 4.96100897e-08 -9.86805572e-09 1
LGIC_C 244 0.591420397 -0.204775476 0.0250140198 -5.78784275e-08 1.15127558e-08 1
LGIC_C 245 -0.444736867 -0.429804126 0.0250140136 1.45571809e-08 5.5602105e-08 1
LGIC_C 246 0.419210751 0.522707377 0.0250140128 -2.45891309e-08 -3.68002211e-08 1
LGIC_C 247 -0.449732062 0.682221333 0.0250140194 2.45891128e-08 -3.68002333e-08 1
LGIC_C 248 0.116013424 -0.153101845 0.0250139917 -2.45891087e-08 3.68002429e-08 1
LGIC_C 249 0.509624573 -0.012000188 0.0250140089 -4.96100802e-08 3.14742968e-08 1
LGIC_C 250 0.213437192 0.508525945 0.0250140107 -4.80634192e-08 -3.37890445e-08 1
LGIC_C 251 0.00320722346 0.62774869 0.0250140144 -9.86806672e-09 -4.96100854e-08 1
LGIC_C 252 0.120635018 0.673724825 0.0250140205 -3.14742949e-08 -4.96100822e-08 1
LGIC_C 253 0.493629821 0.344946798 0.0250140116 -4.82586616e-08 -1.31306776e-08 1
LGIC_C 254 -0.488247155 0.257016386 0.0250140121 3.37890593e-08 -4.80634052e-08 1
LGIC_C 255 -0.820400731 -0.031013679 0.025014018 -4.34088282e-08 2.70157287e-08 -1
LGIC_C 256 -0.268364998 0.595256905 0.0250140118 2.45891128e-08 -3.68002333e-08 1
LGIC_C 257 0.31601195 0.320565699 0.0250140029 1.3130701e-08 4.82586573e-08 -1
LGIC_C 258 -0.266237093 0.60568708 0.0250140121 2.45891128e-08 -3.68002333e-08 1
LGIC_C 259 0.251550817 -0.339241322 0.0250140081 -3.27854948e-08 4.90669785e-08 1
LGIC_C 260 -0.0749362183 -0.598755908 0.0250140137 9.8680833e-09 4.96100963e-08 1
LGIC_C 261 0.138790218 0.553123619 0.0250140085 -8.63455884e-09 -4.34088253e-08 1
LGIC_C 262 -0.310718255 0.310073011 0.0250140051 4.20574045e-08 -2.81018523e-08 1
LGIC_C 263 -0.662704934 -0.251831047 0.0250140056 4.96100935e-08 -4.19869172e-08 1
LGIC_C 264 0.470864762 -0.284423233 0.0250140076 -3.68002179e-08 2.45891393e-08 1
LGIC_C 265 0.154130673 0.0271003557 0.0250139912 -4.96100911e-08 -9.86803575e-09 1
LGIC_C 266 -0.0808863615 -0.334011768 0.0250139998 2.48392553e-08 4.34088306e-08 1
LGIC_C 267 -0.292737186 -0.255673493 0.0250140017 1.45571809e-08 5.5602105e-08 1
LGIC_C 268 -0.0362284132 -0.52298011 0.0250140081 -2.90231482e-08 4.96101036e-08 1
LGIC_C 269 -0.0464516769 0.698359006 0.0250140176 -6.33661298e-09 -4.96100859e-08 1
LGIC_C 270 -0.10907949 -0.126901408 0.0250139923 7.55636799e-08 6.2887973e-09 1
LGIC_C 271 -0.509382653 -0.389043676 0.0250140116 3.68002489e-08 2.45891179e-08 1
LGIC_C 272 -0.384252141 0.323288194 0.0250140061 -4.82586679e-08 1.31306769e-08 -1
LGIC_C 273 0.679035127 -0.0949655318 0.0250140151 -4.34088182e-08 2.48392526e-08 1
LGIC_C 274 -0.308478742 0.381288128 0.0250140049 2.45891128e-08 -3.68002333e-08 1
LGIC_C 275 0.0254314105 -0.588859236 0.0250140123 6.33663526e-09 4.9610097e-08 1
LGIC_C 276 -0.0898190744 -0.37257565 0.0250139991 -2.90231482e-08 4.96101036e-08 1
LGIC_C 277 0.606333898 -0.0521813641 0.0250140149 -4.96100802e-08 3.14742968e-08 1
LGIC_C 278 0.267886955 0.262571353 0.0250139996 -3.68002282e-08 -2.45891172e-08 1
LGIC_C 279 0.0866528724 -0.0625954608 0.025013988 -3.68002179e-08 2.45891393e-08 1
LGIC_C 280 -0.290585186 -0.137193529 0.0250139951 1.45571809e-08 5.5602105e-08 1
LGIC_C 281 0.304307476 0.665686105 0.0250140204 -4.80634192e-08 -3.37890445e-08 1
LGIC_C 282 -0.247632449 -0.480378579 0.0250140077 3.95603082e-08 3.05989652e-08 1
LGIC_C 283 -0.2595083 -0.497982108 0.025014006 7.55636799e-08 6.2887973e-09 1
LGIC_C 284 0.18444965 -0.754772982 0.0250140176 -8.63454093e-09 4.34088369e-08 1
LGIC_C 285 -0.24163989 0.555120476 0.0250140184 3.27854968e-08 -4.90669676e-08 1
LGIC_C 286 -0.534265561 0.0010392379 0.0250140097 4.96100851e-08 2.90231542e-08 1
LGIC_C 287 -0.0642454524 -0.115545181 0.0250139891 2.45891453e-08 3.68002268e-08 1
LGIC_C 288 0.0613041477 -0.354719204 0.0250140004 6.33663526e-09 4.9610097e-08 1
LGIC_C 289 -0.0210421535 -0.0653545133 0.0250139863 8.63456455e-09 4.34088336e-08 1
LGIC_C 290 -0.40783385 -0.533374207 0.0250140171 2.81018674e-08 4.20574117e-08 1
LGIC_C 291 -0.52780286 0.389308786 0.0250140123 3.68002297e-08 -2.45891157e-08 1
LGIC_C 292 0.440704022 0.457003699 0.0250140149 -2.81018716e-08 -4.20573923e-08 1
LGIC_C 293 -0.6508387 -0.0468380308 0.0250140142 -4.96100919e-08 2.90231703e-08 -1
LGIC_C 294 0.0586862825 -0.215356415 0.0250139964 -1.15127059e-08 5.78784511e-08 1
LGIC_C 295 -0.15866671 0.155713306 0.025013996 6.28881943e-09 -7.55636452e-08 1
LGIC_C 296 0.555187923 0.288520668 0.0250140147 -4.20574004e-08 -2.81018564e-08 1
LGIC_C 297 0.0368638682 0.310224937 0.025013997 -8.63455884e-09 -4.34088253e-08 1
LGIC_C 298 0.0313988927 -0.534640784 0.0250140101 -9.86804037e-09 4.96101e-08 1
LGIC_C 299 -0.0770313743 -0.307883863 0.0250139993 9.8680833e-09 4.96100963e-08 1
LGIC_C 300 0.407650638 -0.0789987958 0.0250140029 -4.34088182e-08 2.48392526e-08 1
LGIC_C 301 0.0986834497 0.411357835 0.025014002 -8.63455884e-09 -4.34088253e-08 1
LGIC_C 302 0.347092543 0.294188124 0.0250140061 -4.20574004e-08 -2.81018564e-08 1
LGIC_C 303 -0.0711698274 0.315392599 0.0250139996 9.86805557e-09 -4.96100883e-08 1
LGIC_C 304 -0.175548543 0.370035021 0.0250140034 1.31306824e-08 -4.82586643e-08 1
LGIC_C 305 -0.461189732 0.175189106 0.0250140076 4.34088279e-08 -2.48392273e-08 1
LGIC_C 306 0.180349428 0.0873781572 0.0250139933 -4.20574004e-08 -2.81018564e-08 1
LGIC_C 307 -0.409644304 0.305681655 0.0250140071 -4.82586679e-08 1.31306769e-08 -1
LGIC_C 308 0.60211629 -0.243832686 0.0250140115 -4.34088226e-08 8.63456802e-09 1
LGIC_C 309 0.159472555 0.136776509 0.0250139925 -3.68002282e-08 -2.45891172e-08 1
LGIC_C 310 0.0226625698 0.825448249 0.0250140193 -8.63455884e-09 -4.34088253e-08 1
LGIC_C 311 0.5457389 0.575061626 0.0250140178 -2.45891309e-08 -3.68002211e-08 1
LGIC_C 312 0.310080492 0.176560032 0.0250140012 -4.20574004e-08 -2.81018564e-08 1
LGIC_C 313 0.618928393 0.375986158 0.0250140153 -3.68002282e-08 -2.45891172e-08 1
LGIC_C 314 -0.277890345 0.456404559 0.0250140069 2.45891128e-08 -3.68002333e-08 1
LGIC_C 315 -0.0852724021 0.0427419066 0.025013987 6.28881943e-09 -7.55636452e-08 1
LGIC_C 316 -0.237154606 -0.21327202 0.0250140008 6.28883752e-09 7.55636663e-08 1
LGIC_C 317 -0.435982363 -0.181294172 0.0250140038 3.68002489e-08 2.45891179e-08 1
LGIC_C 318 -0.179431385 -0.346499116 0.0250139983 -5.56021111e-08 -1.45571543e-08 -1
LGIC_C 319 -0.54821116 -0.0644869096 0.0250140053 -4.34088282e-08 2.70157287e-08 -1
LGIC_C 320 0.399722047 0.545453122 0.0250140174 -2.81018716e-08 -4.20573923e-08 1
LGIC_C 321 0.611023888 -0.334205943 0.0250140199 -3.37890406e-08 4.80634332e-08 1
LGIC_C 322 0.531215576 0.181136701 0.0250140161 -5.78784335e-08 -1.15127284e-08 1
LGIC_C 323 -0.293774459 -0.677111685 0.02501402 2.81018674e-08 4.20574117e-08 1
LGIC_C 324 0.0329799198 0.722870869 0.0250140189 -6.33660387e-09 4.96100877e-08 -1
LGIC_C 325 0.454985734 0.696476628 0.0250140201 -2.45891309e-08 -3.68002211e-08 1
LGIC_C 326 0.200968195 0.667928579 0.0250140151 -6.33660387e-09 4.96100877e-08 -1
LGIC_C 327 -0.29513291 -0.0126255442 0.0250139976 -4.96100919e-08 2.90231703e-08 -1
LGIC_C 328 -0.416227331 0.0276047831 0.025014002 4.34088279e-08 -2.48392273e-08 1
LGIC_C 329 0.639068449 -0.194643268 0.0250140169 -4.96100859e-08 9.86807898e-09 1
LGIC_C 330 0.340712635 -0.0461659552 0.0250140016 -4.96100802e-08 3.14742968e-08 1
LGIC_C 331 0.243523122 -0.0533210883 0.0250139951 -4.34088182e-08 2.48392526e-08 1
LGIC_C 332 -0.00342861643 -0.370654835 0.0250140017 9.8680833e-09 4.96100963e-08 1
LGIC_C 333 0.439781153 0.112696087 0.0250140033 -4.34088272e-08 -8.63453573e-09 1
LGIC_C 334 0.241090954 0.811136722 0.0133394138 0.194186548 0.976240951 0.0961519121
LGIC_C 335 0.185800237 0.626813371 0.0250140132 -6.33660387e-09 4.96100877e-08 -1
LGIC_C 336 -0.759412969 0.0368466425 0.0250140172 4.34088279e-08 -2.48392273e-08 1
LGIC_C 337 -0.0692664243 -0.0122796409 0.0250139859 -4.34088282e-08 2.70157287e-08 -1
LGIC_C 338 -0.142904168 0.289787463 0.0250139974 2.45891128e-08 -3.68002333e-08 1
LGIC_C 339 0.149586241 -0.258356478 0.0250139977 -1.31306721e-08 4.82586744e-08 1
LGIC_C 340 -0.265972535 0.632339363 0.0250140173 2.8101852e-08 -4.20574041e-08 1
LGIC_C 341 -0.0185404604 -0.726360881 0.0250140149 8.63456455e-09 4.34088336e-08 1
LGIC_C 342 -0.860960257 -0.00731700383 -0.0206714633 -0.976240825 -0.194187339 0.0961515894
LGIC_C 343 0.280254215 0.445886998 0.0250140085 1.3130701e-08 4.82586573e-08 -1
LGIC_C 344 -0.167670774 0.0257001547 0.0250139917 5.7878425e-08 4.89846948e-08 1
LGIC_C 345 -0.0482093957 -0.106064136 0.0250139876 7.55636799e-08 6.2887973e-09 1
LGIC_C 346 0.366605024 0.354057524 0.0250140054 -3.68002282e-08 -2.45891172e-08 1
LGIC_C 347 0.414142758 -0.244990339 0.0250140116 -4.90669481e-08 3.27855328e-08 1
LGIC_C 348 -0.111876769 -0.635407155 0.0250140159 9.8680833e-09 4.96100963e-08 1
LGIC_C 349 -0.126004248 -0.591810498 0.0250140089 -2.90231482e-08 4.96101036e-08 1
LGIC_C 350 -0.19516355 0.341701581 0.0250140006 2.45891128e-08 -3.68002333e-08 1
LGIC_C 351 -0.0950248102 0.0497086504 0.0250139889 3.37890593e-08 -4.80634052e-08 1
LGIC_C 352 -0.129127008 -0.377768317 0.0250140029 2.48392553e-08 4.34088306e-08 1
LGIC_C 353 -0.287907102 0.129614387 0.0250139989 -4.82586679e-08 1.31306769e-08 -1
LGIC_C 354 0.169242537 0.257037267 0.0250139988 -2.81018716e-08 -4.20573923e-08 1
LGIC_C 355 0.114308828 -0.557604375 0.0250140144 1.00935263e-08 5.7878447e-08 1
LGIC_C 356 0.0902218198 0.739504757 0.0250140161 -8.63455884e-09 -4.34088253e-08 1
LGIC_C 357 0.728000993 0.221719013 0.0250140179 -4.96100869e-08 6.3366408e-09 1
LGIC_C 358 0.0489723335 -0.0322886888 0.0250139867 -4.90669481e-08 3.27855328e-08 1
LGIC_C 359 -0.196880019 0.148686642 0.0250139957 6.28881943e-09 -7.55636452e-08 1
LGIC_C 360 -0.486719535 0.456492169 0.0250140124 3.68002297e-08 -2.45891157e-08 1
LGIC_C 361 0.587127322 -0.133890341 0.0250140137 -4.96100859e-08 9.86807898e-09 1
LGIC_C 362 -0.391348767 -0.0967752498 0.0250139999 -4.96100919e-08 2.90231703e-08 -1
LGIC_C 363 -0.477462245 0.350683992 0.0250140132 4.20574045e-08 -2.81018523e-08 1
LGIC_C 364 0.109667504 0.136766563 0.0250139936 -3.27855134e-08 -4.90669575e-08 1
LGIC_C 365 0.627674095 -0.308487037 0.0250140183 -4.20573976e-08 2.81018683e-08 1
LGIC_C 366 -0.240978793 -0.715884078 0.0250140203 2.48392553e-08 4.34088306e-08 1
LGIC_C 367 0.398278798 -0.132551046 0.0250140038 -4.34088182e-08 2.48392526e-08 1
LGIC_C 368 -0.114046993 -0.246239078 0.0250139953 3.95603082e-08 3.05989652e-08 1
LGIC_C 369 -0.0483328438 -0.591162787 0.0250140111 -2.90231482e-08 4.96101036e-08 1
LGIC_C 370 -0.395383712 -0.515873065 0.025014012 2.45891453e-08 3.68002268e-08 1
LGIC_C 371 0.193325524 0.0919110154 0.0250139926 -3.68002282e-08 -2.45891172e-08 1
LGIC_C 372 -0.0416157187 0.41819228 0.0250140018 8.63455111e-09 -4.34088279e-08 1
LGIC_C 373 -0.508577856 0.489560757 0.025014014 3.68002297e-08 -2.45891157e-08 1
LGIC_C 374 0.127106751 -0.281872943 0.0250139985 -1.31306721e-08 4.82586744e-08 1
LGIC_C 375 0.189761521 -0.60356949 0.0250140163 1.00935263e-08 5.7878447e-08 1
LGIC_C 376 0.461444227 0.380776892 0.0250140134 -4.20574004e-08 -2.81018564e-08 1
LGIC_C 377 0.286731464 0.200971214 0.0250139987 -3.68002282e-08 -2.45891172e-08 1
LGIC_C 378 -0.610615677 0.0239240778 0.0250140129 4.96100851e-08 2.90231542e-08 1
LGIC_C 379 -0.0526358115 -0.388343142 0.025014003 9.8680833e-09 4.96100963e-08 1
LGIC_C 380 0.156322557 0.634802446 0.0250140163 -9.86806672e-09 -4.96100854e-08 1
LGIC_C 381 0.00641856643 0.600836297 0.0250140131 -9.86806672e-09 -4.96100854e-08 1
LGIC_C 382 0.553331149 -0.301384822 0.0250140164 -3.37890406e-08 4.80634332e-08 1
LGIC_C 383 0.317387275 -0.495124576 0.0250140179 -3.27854948e-08 4.90669785e-08 1
LGIC_C 384 -0.489356568 -0.386010514 0.0250140155 6.28883752e-09 7.55636663e-08 1
LGIC_C 385 0.601378933 0.0775573097 0.0250140189 -5.78784335e-08 -1.15127284e-08 1
LGIC_C 386 0.575629912 -0.410963442 0.0250140145 -3.68002179e-08 2.45891393e-08 1
LGIC_C 387 0.538930673 -0.247596445 0.0250140133 -3.37890406e-08 4.80634332e-08 1
LGIC_C 388 -0.0272796931 0.45972289 0.0250140063 9.86805557e-09 -4.96100883e-08 1
LGIC_C 389 0.416545581 -0.340122497 0.0250140103 -4.20573976e-08 2.81018683e-08 1
LGIC_C 390 0.552932573 0.0668176444 0.0250140102 -4.96100869e-08 6.3366408e-09 1
LGIC_C 391 -0.245057415 0.107126235 0.0250139967 3.37890593e-08 -4.80634052e-08 1
LGIC_C 392 -0.163123146 -0.613789265 0.0250140089 -2.90231482e-08 4.96101036e-08 1
LGIC_C 393 -0.034997852 -0.363094602 0.0250139993 8.63456455e-09 4.34088336e-08 1
LGIC_C 394 0.453469245 0.631560146 0.0250140176 -2.45891309e-08 -3.68002211e-08 1
LGIC_C 395 0.313659757 0.460617669 0.0250140096 1.3130701e-08 4.82586573e-08 -1
LGIC_C 396 0.230868463 0.426369137 0.0250140069 1.3130701e-08 4.82586573e-08 -1
LGIC_C 397 -0.602394316 0.134621987 0.0250140106 4.34088259e-08 -8.63455061e-09 1
LGIC_C 398 -0.592847965 0.255002299 0.0250140156 3.37890593e-08 -4.80634052e-08 1
LGIC_C 399 0.572182239 -0.168901691 0.0250140169 -4.96100802e-08 3.14742968e-08 1
