VGCC_O 3 0.0772568984 -0.00428239309 0.046693036 -1.41802159e-06 2.82063681e-07 -1
VGCC_O 4 -0.108229728 0.00324736392 0.0466932869 -8.10297798e-07 1.61178104e-07 -1
VGCC_O 6 -0.12622171 0.0241576588 0.046693322 -1.62059677e-06 3.22356891e-07 -1
CaBS 10 0.101154319 -0.0363255705 0.0707444689 -0.735818491 -0.677177075 0.00153536998
CaBS 11 0.107310277 -0.0354412962 0.0731037824 0.34654604 -0.867983022 0.355684293
CaBS 13 0.110803336 -0.0311677364 0.0593805689 0.344822999 -0.867728964 -0.357971429
CaBS 14 0.122325136 -0.0124077091 0.0631913866 0.735818353 0.677177225 -0.00153536905
CaBS 15 0.120773957 -0.025004511 0.0753758713 0.751399702 -0.322919474 0.575431578
CaBS 16 0.122611692 -0.0262495643 0.0690526247 0.999896301 0.01419805 -0.0024089266
CaBS 17 0.121728072 -0.0142973051 0.080138633 0.751399702 -0.322919474 0.575431578
CaBS 18 0.114216649 -0.0213934816 0.0550461492 0.329239702 0.132369043 -0.934922272
CaBS 19 0.108853638 -0.0180957433 0.0536244292 0.329239702 0.132369043 -0.934922272
CaBS 20 0.116120915 -0.00565862901 0.0665419211 0.735818353 0.677177225 -0.00153536905
CaBS 21 0.0999797324 -0.00626871496 0.0773938866 -0.344822968 0.867728907 0.357971598
CaBS 22 0.115301792 -0.0127626038 0.0828055844 0.333750516 0.131703927 0.933415593
CaBS 23 0.112569391 -0.0304980742 0.0800428234 0.34654604 -0.867983022 0.355684293
CaBS 24 0.0911837386 -0.0255089785 0.0630659487 -0.735818491 -0.677177075 0.00153536998
CaBS 25 -0.112134931 0.0149249936 0.0556243338 -0.751399624 0.322919173 -0.575431849
CaBS 38 -0.106720077 0.0183146747 0.0865674839 -0.329239868 -0.132369105 0.934922205
CaBS_Ca 56 0.10785092 -0.0123273211 0.0854082877 0.333750516 0.131703927 0.933415593
CaBS_Ca 57 -0.114926096 0.0212895263 0.0766485989 -0.748611709 0.322508237 0.579283131
Ca 8 -0.314177421 -0.123582208 0.378733382 0 0 0
Ca 1 0.251720537 0.56601194 0.508368861 0 0 0
Ca 4 0.333732257 -0.0438141762 0.229940877 0 0 0
CaBS_Ca 64 -0.0974980299 0.0054723109 0.05399856 0.329239713 0.132369034 -0.93492227
Ca 1 -0.517815067 0.0899603715 0.512523118 0 0 0
Ca 8 0.276554307 -0.446231607 0.351884149 0 0 0
Ca 7 0.433741722 0.394686128 0.0667621522 0 0 0
Ca 4 -0.452241836 -0.0468070865 0.710908871 0 0 0
Ca 6 -0.540810435 -0.132392234 0.141322491 0 0 0
Ca 7 0.230145749 0.0604989247 0.347645201 0 0 0
Ca 1 0.548237178 -0.135119475 0.243697124 0 0 0
Ca 8 0.106704292 0.35191219 0.324133642 0 0 0
Ca 8 0.412318585 0.49742855 0.0710779869 0 0 0
Ca 6 0.268042637 0.160782395 0.796846706 0 0 0
Ca 4 -0.253281269 0.0455258646 0.546076232 0 0 0
Ca 7 -0.452927021 -0.124595085 0.387696726 0 0 0
Ca 4 0.176254976 0.44417209 0.134322794 0 0 0
Ca 6 -0.158895415 0.534450837 0.476351067 0 0 0
Ca 6 -0.736521749 0.210016372 0.271403799 0 0 0
Ca 6 0.660038628 0.224411968 0.47862842 0 0 0
Ca 4 -0.434629243 -0.314068049 0.348371646 0 0 0
Ca 7 -0.354157609 -0.286657978 0.714426313 0 0 0
Ca 8 -0.497665038 0.113103819 0.400016795 0 0 0
Ca 6 -0.616244705 0.0751979561 0.745821907 0 0 0
Ca 8 -0.347694532 -0.361903493 0.378625878 0 0 0
Ca 4 -0.392230401 0.352934968 0.270200267 0 0 0
Ca 1 -0.672580031 -0.0560091319 0.748686375 0 0 0
Ca 1 -0.532631591 0.272550117 0.0692245547 0 0 0
Ca 8 0.493689188 -0.153031747 0.420882381 0 0 0
Ca 6 -0.51701627 -0.0816498572 0.106237057 0 0 0
Ca 1 -0.0859724106 -0.214436516 0.669597652 0 0 0
Ca 7 0.314824683 0.347523303 0.459605042 0 0 0
Ca 7 -0.165518933 -0.332917153 0.120090356 0 0 0
Ca 1 -0.276399896 0.149428048 0.26394111 0 0 0
Ca 7 -0.420177094 0.0636167383 0.0884169258 0 0 0
Ca 8 0.234484994 -0.0688701946 0.232847725 0 0 0
Ca 8 0.133879361 0.127622901 0.235648677 0 0 0
Ca 1 -0.1473314 0.31972354 0.468257248 0 0 0
Ca 1 0.0213069843 -0.110050616 0.57853038 0 0 0
Ca 8 -0.141605235 -0.0918326835 0.885394961 0 0 0
Ca 8 -0.0501523294 0.167279026 0.277353545 0 0 0
Ca 6 -0.534611005 0.119323242 0.0812628291 0 0 0
Ca 6 -0.370574789 0.102874041 0.734352221 0 0 0
Ca 1 -0.209377279 -0.0746661398 0.144211813 0 0 0
Ca 6 0.015916961 -0.253249021 0.468554543 0 0 0
Ca 6 -0.0361545436 -0.142551014 0.202834294 0 0 0
Ca 8 -0.181578233 0.248827759 0.327154395 0 0 0
Ca 6 0.04189702 -0.259283905 0.144101565 0 0 0
Ca 4 -0.59502499 0.446968515 0.105639834 0 0 0
Ca 8 0.474348148 -0.13275604 0.613194498 0 0 0
Ca 6 -0.0844868164 0.185772432 0.570263046 0 0 0
Ca 8 -0.224386503 0.307672906 0.376677563 0 0 0
Ca 1 -0.388580948 -0.384200996 0.534868465 0 0 0
Ca 8 -0.273882495 -0.0901943571 0.224700784 0 0 0
Ca 7 0.11685781 0.195948452 0.108441341 0 0 0
Ca 6 -0.389032472 -0.0679711625 0.417800918 0 0 0
Ca 1 -0.0728060839 0.144284952 0.0909388089 0 0 0
Ca 6 -0.472686755 -0.143035644 0.253059275 0 0 0
Ca 7 -0.332497417 -0.600183527 0.115160521 0 0 0
Ca 1 -0.117578148 -0.114178557 0.062748483 0 0 0
Ca 6 -0.0246209016 -0.113208822 0.289708686 0 0 0
Ca 7 -0.6101731 0.0607682774 0.284041146 0 0 0
Ca 8 -0.150431697 0.115997673 0.0510064208 0 0 0
Ca 7 0.0129677892 0.145649983 0.280377654 0 0 0
Ca 7 -0.145521919 -0.0594920461 0.110602531 0 0 0
Ca 7 -0.150848173 0.170946495 0.0905837861 0 0 0
Ca 6 -0.155526274 0.125084821 0.103206675 0 0 0
Ca 1 -0.220108725 0.0484182447 0.229263357 0 0 0
Ca 8 -0.13275128 -0.0372243846 0.299807301 0 0 0
Ca 7 -0.168116882 0.146546217 0.191681742 0 0 0
Ca 7 -0.0990958897 0.0846348312 0.0524026669 0 0 0
Ca 1 -0.037472177 0.0262653515 0.172930521 0 0 0
Ca 8 -0.0243144268 0.0910105434 0.153844697 0 0 0
Ca 1 -0.214673052 0.0415692797 0.100367137 0 0 0
Ca 4 -0.236634336 0.138517462 0.061317733 0 0 0
Ca 7 -0.246553804 0.0883758771 0.0899254944 0 0 0
Ca 1 -0.0758944379 0.0440903289 0.0466485419 0 0 0
Ca 6 -0.237041512 -0.00519549857 0.135040908 0 0 0
Ca 4 -0.198565813 0.0539664835 0.066375988 0 0 0
Ca 6 -0.14832707 0.0419115495 0.091073956 0 0 0
Ca 1 -0.0995609936 0.00384390999 0.046667157 0 0 0
VGCC_O 5 0.113746944 -0.0200409323 0.0466929896 -1.01287282e-06 -1.51427976e-07 -1
VGCC_O 0 0.11238887 -0.0311459409 0.0466929927 -1.01287282e-06 -1.51427976e-07 -1
VGCC_O 8 -0.134706799 0.0161271258 0.0466933331 -1.62059677e-06 3.22356891e-07 -1
VGCC_O 1 -0.126159285 0.0151063295 0.0466933189 -1.62059625e-06 3.22356338e-07 -1
VGCC_O 2 0.119933892 -0.04777957 0.0466929781 -1.41802115e-06 2.82063236e-07 -1
VGCC_O 9 0.0953603447 -0.018533153 0.0466930096 -1.14792244e-06 -1.24564753e-07 -1
VGCC_O 7 -0.137449801 0.00579357966 0.0466933342 -1.62059625e-06 3.22356338e-07 -1
TAG 41 -0.105784995 0.0105052503 0.0536665039 -0.333750681 -0.131703993 -0.933415524
TAG 63 -0.104896891 0.0149528875 0.0527352849 0.329239713 0.132369034 -0.93492227
TAG 62 -0.0995730683 0.0302300905 0.0690462359 0.3213287 0.750213891 -0.577864158
TAG 59 -0.100018848 -0.00188752594 0.0603333581 0.344822933 -0.867729023 -0.35797135
TAG 55 -0.119337383 0.0151637023 0.0699872324 -0.999896295 -0.0141984574 0.00240892698
TAG 54 -0.104785227 0.0261860029 0.076486355 -0.344822968 0.867728888 0.357971643
TAG 53 -0.089146311 -0.000197085518 0.0670554248 0.74861179 -0.322508554 -0.579282851
TAG 52 -0.119278263 0.0119799944 0.0757618237 -0.999896295 -0.0141984574 0.00240892698
TAG 51 -0.102448777 0.00747370566 0.0865367572 -0.329239868 -0.132369105 0.934922205
TAG 45 -0.113699624 0.0170707545 0.0588716642 -0.751399624 0.322919173 -0.575431849
TAG 44 -0.11923843 0.00668793202 0.0611035411 -0.999896295 -0.0141984574 0.00240892698
LGIC_C 0 0.517423072 0.220994102 0.0250140114 3.37890593e-08 4.80634111e-08 -1
LGIC_C 1 -0.334633689 0.0509542087 0.0250139982 4.34088259e-08 -8.63455061e-09 1
LGIC_C 2 -0.535825909 0.0845483193 0.0250140107 4.96100897e-08 -9.86805572e-09 1
LGIC_C 3 0.238038103 -0.66589942 0.0250140186 -9.86804037e-09 4.96101e-08 1
LGIC_C 4 -0.405152398 -0.234020507 0.0250140035 6.28883752e-09 7.55636663e-08 1
LGIC_C 5 0.0541670863 -0.512881418 0.0250140124 1.00935263e-08 5.7878447e-08 1
LGIC_C 6 -0.325723036 0.476286238 0.0250140148 1.28239438e-08 -5.73353116e-08 1
LGIC_C 7 -0.685110854 0.429046363 0.025014019 3.68002297e-08 -2.45891157e-08 1
LGIC_C 8 -0.230705794 0.268525937 0.0250139988 2.45891128e-08 -3.68002333e-08 1
LGIC_C 9 -0.437708349 -0.268729323 0.0250140063 6.28883752e-09 7.55636663e-08 1
LGIC_C 10 -0.436951265 -0.607750334 0.0250140191 3.95603082e-08 3.05989652e-08 1
LGIC_C 11 0.154785352 0.566173641 0.0250140104 -6.33660387e-09 4.96100877e-08 -1
LGIC_C 12 0.36523481 0.158445775 0.0250140064 -4.90669739e-08 -3.27854893e-08 1
LGIC_C 13 0.720324896 -0.0930270053 0.0250140199 -4.96100859e-08 9.86807898e-09 1
LGIC_C 14 0.652978687 0.24551337 0.0250140141 -4.96100869e-08 6.3366408e-09 1
LGIC_C 15 -0.437578943 -0.316960573 0.0250140061 5.39043203e-09 6.47688584e-08 1
LGIC_C 16 0.631128432 -0.153984714 0.0250140161 -4.96100859e-08 9.86807898e-09 1
LGIC_C 17 -0.540601959 0.339712422 0.0250140138 -4.82586679e-08 1.31306769e-08 -1
LGIC_C 18 0.290818874 -0.453400933 0.0250140105 -2.81018481e-08 4.20574137e-08 1
LGIC_C 19 -0.314092922 0.293777788 0.025014008 3.37890593e-08 -4.80634052e-08 1
LGIC_C 20 0.139791392 -0.414740648 0.0250140088 -1.15127059e-08 5.78784511e-08 1
LGIC_C 21 -0.027133321 -0.182073527 0.0250139915 -2.90231482e-08 4.96101036e-08 1
LGIC_C 22 0.161230731 0.639574454 0.0250140166 -9.86806672e-09 -4.96100854e-08 1
LGIC_C 23 -0.431965115 0.418734487 0.0250140095 3.68002297e-08 -2.45891157e-08 1
LGIC_C 24 0.123759686 0.449693574 0.0250140068 -9.86806672e-09 -4.96100854e-08 1
LGIC_C 25 0.371360904 -0.00457535813 0.0250139994 -4.34088226e-08 8.63456802e-09 1
LGIC_C 26 -0.0431003 0.256312359 0.0250139986 1.15127271e-08 -5.78784352e-08 1
LGIC_C 27 -0.274108224 0.531012639 0.0250140183 3.27854968e-08 -4.90669676e-08 1
LGIC_C 28 0.677159173 0.114370829 0.0250140136 -4.34088272e-08 -8.63453573e-09 1
LGIC_C 29 -0.609726448 -0.132860073 0.0250140121 5.7878436e-08 -4.89847332e-08 1
LGIC_C 30 0.639879242 0.107168949 0.0250140143 -4.96100869e-08 6.3366408e-09 1
LGIC_C 31 -0.409184748 -0.425393893 0.0250140125 3.95603082e-08 3.05989652e-08 1
LGIC_C 32 0.0599703568 0.0791253989 0.0250139883 -2.81018716e-08 -4.20573923e-08 1
LGIC_C 33 -0.0312212935 0.630883191 0.0250140109 8.63455111e-09 -4.34088279e-08 1
LGIC_C 34 0.238918785 -0.496194248 0.0250140154 -3.27854948e-08 4.90669785e-08 1
LGIC_C 35 -0.161706032 -0.510301724 0.0250140038 -2.90231482e-08 4.96101036e-08 1
LGIC_C 36 0.529588602 -0.613949452 0.0250140188 -2.45891087e-08 3.68002429e-08 1
LGIC_C 37 0.109023022 0.769084277 0.0250140176 -8.63455884e-09 -4.34088253e-08 1
LGIC_C 38 0.727975277 -0.310866352 0.0250140178 -3.05989503e-08 3.95603122e-08 1
LGIC_C 39 0.717544103 0.338192256 0.025014018 -3.68002282e-08 -2.45891172e-08 1
LGIC_C 40 -0.669730441 0.0353615863 0.0250140132 4.34088279e-08 -2.48392273e-08 1
LGIC_C 41 -0.513586271 0.622844942 0.0250140188 2.45891128e-08 -3.68002333e-08 1
LGIC_C 42 -0.265900151 -0.677894585 0.025014015 8.63456455e-09 4.34088336e-08 1
LGIC_C 43 -0.578677297 -0.514520178 0.0250140156 1.15916899e-08 4.97976879e-08 1
LGIC_C 44 0.346036707 0.561527653 0.0250140149 1.3130701e-08 4.82586573e-08 -1
LGIC_C 45 -0.00409919627 -0.240808822 0.0250139938 2.48392553e-08 4.34088306e-08 1
LGIC_C 46 -0.219027989 -0.175353954 0.0250139958 5.39043203e-09 6.47688584e-08 1
LGIC_C 47 0.505355915 -0.202684995 0.0250140148 -5.78784275e-08 1.15127558e-08 1
LGIC_C 48 -0.0544415871 -0.391962231 0.0250140007 8.63456455e-09 4.34088336e-08 1
LGIC_C 49 -0.491036824 -0.165907797 0.025014006 4.34088238e-08 8.63459484e-09 1
LGIC_C 50 0.234788137 -0.31633017 0.0250140064 -3.27854948e-08 4.90669785e-08 1
LGIC_C 51 -0.559018433 -0.017145191 0.0250140071 -4.34088282e-08 2.70157287e-08 -1
LGIC_C 52 0.663608619 -0.164715103 0.0250140161 -4.34088182e-08 2.48392526e-08 1
LGIC_C 53 0.325906533 -0.0888959782 0.0250139996 -4.34088182e-08 2.48392526e-08 1
LGIC_C 54 -0.028318666 -0.226792484 0.025013995 -4.89847109e-08 5.78784581e-08 1
LGIC_C 55 0.431291934 0.493731974 0.025014012 -2.45891309e-08 -3.68002211e-08 1
LGIC_C 56 -0.118027949 -0.229100657 0.0250139932 -5.56021111e-08 -1.45571543e-08 -1
LGIC_C 57 -0.0601398695 0.428434762 0.0250140064 -3.14742797e-08 4.96100914e-08 -1
LGIC_C 58 0.43803212 -0.0635893316 0.0250140038 -4.34088182e-08 2.48392526e-08 1
LGIC_C 59 -0.412127292 -0.19505414 0.0250140001 1.45571809e-08 5.5602105e-08 1
LGIC_C 60 0.107065239 0.514815838 0.0250140122 -3.14742949e-08 -4.96100822e-08 1
LGIC_C 61 -0.390633774 0.355898447 0.0250140097 4.20574045e-08 -2.81018523e-08 1
LGIC_C 62 -0.0328785326 0.401255302 0.0250140042 -3.14742797e-08 4.96100914e-08 -1
LGIC_C 63 0.187345488 -0.0470900036 0.025013993 -4.96100859e-08 9.86807898e-09 1
LGIC_C 64 -0.221726254 0.0170791193 0.0250139953 5.7878425e-08 4.89846948e-08 1
LGIC_C 65 0.0166812084 0.312618033 0.0250139989 -9.86806672e-09 -4.96100854e-08 1
LGIC_C 66 -0.284776535 -0.320331852 0.025014002 2.45891453e-08 3.68002268e-08 1
LGIC_C 67 -0.469052027 0.432155757 0.0250140189 6.28881943e-09 -7.55636452e-08 1
LGIC_C 68 -0.655073031 -0.0966863404 0.0250140091 -4.34088282e-08 2.70157287e-08 -1
LGIC_C 69 -0.711629622 -0.366283912 0.0250140184 3.68002489e-08 2.45891179e-08 1
LGIC_C 70 -0.0115021906 0.393778014 0.0250140005 8.63455111e-09 -4.34088279e-08 1
LGIC_C 71 0.546709387 0.138212587 0.0250140165 -5.78784335e-08 -1.15127284e-08 1
LGIC_C 72 0.138205207 0.366337903 0.0250140004 -8.63455884e-09 -4.34088253e-08 1
LGIC_C 73 -0.0126723983 0.00480420715 0.0250139839 4.34088279e-08 -2.48392273e-08 1
LGIC_C 74 0.519194512 0.506785085 0.0250140149 -4.82586616e-08 -1.31306776e-08 1
LGIC_C 75 0.500358343 -0.592425582 0.0250140173 -2.45891087e-08 3.68002429e-08 1
LGIC_C 76 -0.682434936 0.065051251 0.0250140152 4.96100851e-08 2.90231542e-08 1
LGIC_C 77 0.328576317 -0.240603638 0.0250140028 -3.05989503e-08 3.95603122e-08 1
LGIC_C 78 0.260886625 0.382542952 0.0250140106 -3.27855134e-08 -4.90669575e-08 1
LGIC_C 79 -0.578764053 -0.261304508 0.025014003 1.15916899e-08 4.97976879e-08 1
LGIC_C 80 0.699978442 -0.054054757 0.0250140141 -4.34088226e-08 8.63456802e-09 1
LGIC_C 81 0.0535932586 0.680732126 0.0250140167 -6.33660387e-09 4.96100877e-08 -1
LGIC_C 82 0.513384297 -0.311210745 0.0250140112 -3.05989503e-08 3.95603122e-08 1
LGIC_C 83 -0.356956236 0.267472154 0.025014004 -4.82586679e-08 1.31306769e-08 -1
LGIC_C 84 0.220729455 0.518271958 0.0250140113 -2.81018716e-08 -4.20573923e-08 1
LGIC_C 85 -0.0702800969 0.145736487 0.0250139925 1.28239438e-08 -5.73353116e-08 1
LGIC_C 86 0.559814995 -0.345706567 0.0250140188 -3.37890406e-08 4.80634332e-08 1
LGIC_C 87 -0.318377298 -0.226353494 0.0250140005 1.45571809e-08 5.5602105e-08 1
LGIC_C 88 -0.601941304 -0.514703938 0.0250140158 1.15916899e-08 4.97976879e-08 1
LGIC_C 89 0.253335017 -0.490857047 0.0250140102 -1.31306721e-08 4.82586744e-08 1
LGIC_C 90 -0.36423702 -0.321709722 0.0250140064 1.45571809e-08 5.5602105e-08 1
LGIC_C 91 0.140917971 0.796447713 0.025014019 -8.63455884e-09 -4.34088253e-08 1
LGIC_C 92 0.232911775 -0.703607071 0.0250140167 6.33663526e-09 4.9610097e-08 1
LGIC_C 93 -0.0676621255 0.577980534 0.0250140115 -6.33661298e-09 -4.96100859e-08 1
LGIC_C 94 0.152611334 -0.0595925708 0.0250139927 -4.96100802e-08 3.14742968e-08 1
LGIC_C 95 -0.328857232 -0.41573871 0.0250140076 -5.56021111e-08 -1.45571543e-08 -1
LGIC_C 96 0.324939913 -0.0201588844 0.0250139995 -4.96100859e-08 9.86807898e-09 1
LGIC_C 97 -0.401405112 0.0604943873 0.0250140014 4.96100851e-08 2.90231542e-08 1
LGIC_C 98 -0.341101826 -0.56097128 0.0250140139 3.95603082e-08 3.05989652e-08 1
LGIC_C 99 0.222698313 -0.0852202945 0.025013997 -4.96100802e-08 3.14742968e-08 1
LGIC_C 100 -0.351718261 -0.503334293 0.0250140104 2.45891453e-08 3.68002268e-08 1
LGIC_C 101 -0.383029025 0.0117801294 0.0250140024 4.96100897e-08 -9.86805572e-09 1
LGIC_C 102 -0.338962459 0.439678752 0.0250140128 1.28239438e-08 -5.73353116e-08 1
LGIC_C 103 -0.452287706 -0.0424874669 0.0250140033 4.34088238e-08 8.63459484e-09 1
LGIC_C 104 0.598827991 -0.24680238 0.0250140154 -4.96100859e-08 9.86807898e-09 1
LGIC_C 105 -0.304330217 0.0886938416 0.0250139987 4.34088279e-08 -2.48392273e-08 1
LGIC_C 106 -0.291650182 0.799339378 0.0250140205 8.63455111e-09 -4.34088279e-08 1
LGIC_C 107 -0.740294047 -0.257186548 0.0250140176 4.34088238e-08 8.63459484e-09 1
LGIC_C 108 -0.0449861518 -0.508245531 0.0250140064 2.48392553e-08 4.34088306e-08 1
LGIC_C 109 0.181025127 0.093211581 0.0250139932 -4.82586616e-08 -1.31306776e-08 1
LGIC_C 110 -0.165887795 -0.712928461 0.0250140156 8.63456455e-09 4.34088336e-08 1
LGIC_C 111 -0.513163914 -0.141140023 0.0250140046 -4.96100919e-08 2.90231703e-08 -1
LGIC_C 112 0.728008238 -0.0258926129 0.0250140202 -4.96100802e-08 3.14742968e-08 1
LGIC_C 113 -0.0191864263 -0.698765645 0.0250140141 2.48392553e-08 4.34088306e-08 1
LGIC_C 114 -0.356262113 0.404389778 0.025014011 1.28239438e-08 -5.73353116e-08 1
LGIC_C 115 0.514000857 -0.376325116 0.0250140138 -3.05989503e-08 3.95603122e-08 1
LGIC_C 116 0.189121972 -0.458438819 0.0250140079 1.00935263e-08 5.7878447e-08 1
LGIC_C 117 -0.206504018 -0.0358384072 0.0250139925 -4.96100919e-08 2.90231703e-08 -1
LGIC_C 118 -0.321819656 -0.325613961 0.0250140059 3.95603082e-08 3.05989652e-08 1
LGIC_C 119 0.0916614801 0.404184242 0.0250140042 -9.86806672e-09 -4.96100854e-08 1
LGIC_C 120 0.0186489038 0.465327197 0.0250140065 -9.86806672e-09 -4.96100854e-08 1
LGIC_C 121 -0.446448667 -0.413776938 0.025014009 1.15916899e-08 4.97976879e-08 1
LGIC_C 122 0.611595857 -0.33959976 0.0250140141 -3.68002179e-08 2.45891393e-08 1
LGIC_C 123 0.351290971 -0.272727293 0.0250140094 -4.90669481e-08 3.27855328e-08 1
LGIC_C 124 0.49944601 -0.423244268 0.025014012 -3.68002179e-08 2.45891393e-08 1
LGIC_C 125 0.136090585 -0.156514924 0.0250139926 -1.31306721e-08 4.82586744e-08 1
LGIC_C 126 0.634212668 -0.350326904 0.0250140165 -3.05989503e-08 3.95603122e-08 1
LGIC_C 127 0.241004188 -0.307534725 0.0250140012 -1.31306721e-08 4.82586744e-08 1
LGIC_C 128 0.222277541 -0.36699247 0.0250140022 -2.45891087e-08 3.68002429e-08 1
LGIC_C 129 0.458069281 -0.106286824 0.025014004 -4.34088226e-08 8.63456802e-09 1
LGIC_C 130 -0.631366506 0.221976033 0.0250140126 4.34088259e-08 -8.63455061e-09 1
LGIC_C 131 0.417891375 0.256892054 0.0250140068 -4.82586616e-08 -1.31306776e-08 1
LGIC_C 132 -0.253237008 0.0949327601 0.0250139933 5.7878425e-08 4.89846948e-08 1
LGIC_C 133 -0.612761512 -0.0417629566 0.0250140102 4.34088238e-08 8.63459484e-09 1
LGIC_C 134 0.301369343 -0.649685676 0.0250140145 -2.45891087e-08 3.68002429e-08 1
LGIC_C 135 -0.298345237 -0.272026196 0.0250140057 6.28883752e-09 7.55636663e-08 1
LGIC_C 136 0.414804152 -0.254886595 0.0250140048 -3.68002179e-08 2.45891393e-08 1
LGIC_C 137 0.368364159 -0.310248524 0.0250140068 -3.05989503e-08 3.95603122e-08 1
LGIC_C 138 -0.705509281 -0.205086245 0.0250140097 4.96100935e-08 -4.19869172e-08 1
LGIC_C 139 0.152347838 -0.00630598207 0.025013991 -4.96100802e-08 3.14742968e-08 1
LGIC_C 140 0.447760182 0.580231633 0.0250140156 -2.45891309e-08 -3.68002211e-08 1
LGIC_C 141 0.503023095 0.105873785 0.025014006 -4.34088272e-08 -8.63453573e-09 1
LGIC_C 142 -0.475916979 -0.539253264 0.0250140186 3.95603082e-08 3.05989652e-08 1
LGIC_C 143 -0.0748155036 -0.173339051 0.0250139926 2.81018674e-08 4.20574117e-08 1
LGIC_C 144 -0.451673824 -0.457265544 0.025014015 -5.56021111e-08 -1.45571543e-08 -1
LGIC_C 145 0.209697178 0.0076294149 0.0250139936 -4.96100869e-08 6.3366408e-09 1
LGIC_C 146 0.00312219587 0.580649235 0.0250140121 -6.33660387e-09 4.96100877e-08 -1
LGIC_C 147 -0.312650145 -0.3316656 0.0250140031 2.45891453e-08 3.68002268e-08 1
LGIC_C 148 0.43943463 -0.0817684937 0.0250140096 -5.78784275e-08 1.15127558e-08 1
LGIC_C 149 0.565231938 0.514719272 0.0250140167 -3.68002282e-08 -2.45891172e-08 1
LGIC_C 150 0.408839274 0.153385527 0.0250140025 -4.96100869e-08 6.3366408e-09 1
LGIC_C 151 -0.113703358 -0.741477756 0.0250140164 8.63456455e-09 4.34088336e-08 1
LGIC_C 152 0.259020589 0.596604307 0.0250140156 -2.81018716e-08 -4.20573923e-08 1
LGIC_C 153 0.165427438 -0.177790326 0.0250139955 -1.28239349e-08 5.73353226e-08 1
LGIC_C 154 0.176030913 0.514018415 0.0250140105 -9.86806672e-09 -4.96100854e-08 1
LGIC_C 155 -0.619300186 0.116995541 0.0250140112 4.34088259e-08 -8.63455061e-09 1
LGIC_C 156 -0.260882451 0.0164112945 0.0250139947 4.34088259e-08 -8.63455061e-09 1
LGIC_C 157 -0.388896537 0.268155277 0.025014006 6.28881943e-09 -7.55636452e-08 1
LGIC_C 158 0.366451255 0.15771557 0.0250140032 3.37890593e-08 4.80634111e-08 -1
LGIC_C 159 0.77433224 0.170820967 0.0250140183 -4.34088272e-08 -8.63453573e-09 1
LGIC_C 160 -0.252241077 -0.0502655162 0.0250139929 -4.34088282e-08 2.70157287e-08 -1
LGIC_C 161 -0.421153755 0.0937368412 0.0250140051 4.96100897e-08 -9.86805572e-09 1
LGIC_C 162 0.452184738 -0.018651878 0.0250140096 -5.78784275e-08 1.15127558e-08 1
LGIC_C 163 0.358303773 -0.230214485 0.0250140048 -4.20573976e-08 2.81018683e-08 1
LGIC_C 164 0.233916585 -0.603864172 0.0250140117 6.33663526e-09 4.9610097e-08 1
LGIC_C 165 -0.328808437 0.0441808329 0.0250139983 4.96100851e-08 2.90231542e-08 1
LGIC_C 166 -0.177800276 -0.689433856 0.0250140176 2.48392553e-08 4.34088306e-08 1
LGIC_C 167 -0.555893117 0.537855254 0.0250140172 -4.82586679e-08 1.31306769e-08 -1
LGIC_C 168 -0.571675308 -0.254396672 0.0250140028 5.39043203e-09 6.47688584e-08 1
LGIC_C 169 0.673039413 -0.456151973 0.0250140192 -3.68002179e-08 2.45891393e-08 1
LGIC_C 170 0.516264912 -0.348069895 0.0250140174 -3.37890406e-08 4.80634332e-08 1
LGIC_C 171 -0.187579999 0.289929968 0.0250140023 1.28239438e-08 -5.73353116e-08 1
LGIC_C 172 0.371405102 0.157878078 0.0250140033 -4.20574004e-08 -2.81018564e-08 1
LGIC_C 173 0.68016957 0.303891393 0.0250140157 -3.68002282e-08 -2.45891172e-08 1
LGIC_C 174 -0.0706109461 -0.536496743 0.0250140083 2.48392553e-08 4.34088306e-08 1
LGIC_C 175 0.445157946 -0.291765024 0.0250140123 -3.37890406e-08 4.80634332e-08 1
LGIC_C 176 -0.60524981 -0.582497962 0.0250140193 1.15916899e-08 4.97976879e-08 1
LGIC_C 177 0.31261598 0.317439135 0.0250140054 -2.81018716e-08 -4.20573923e-08 1
LGIC_C 178 0.061206568 -0.617011995 0.0250140135 6.33663526e-09 4.9610097e-08 1
LGIC_C 179 -0.250965881 -0.173521467 0.0250139979 6.28883752e-09 7.55636663e-08 1
LGIC_C 180 -0.15042445 0.252228452 0.0250139981 2.8101852e-08 -4.20574041e-08 1
LGIC_C 181 -0.639314318 -0.307808131 0.0250140066 5.39043203e-09 6.47688584e-08 1
LGIC_C 182 0.0813182204 -0.167504812 0.0250139926 -2.81018481e-08 4.20574137e-08 1
LGIC_C 183 0.665637949 0.32913129 0.0250140197 -4.82586616e-08 -1.31306776e-08 1
LGIC_C 184 0.709239561 -0.0451324048 0.0250140151 -4.34088182e-08 2.48392526e-08 1
LGIC_C 185 0.390478727 -0.119266983 0.0250140031 -4.34088182e-08 2.48392526e-08 1
LGIC_C 186 -0.613112639 -0.311221217 0.0250140067 5.39043203e-09 6.47688584e-08 1
LGIC_C 187 0.152064459 0.0854531243 0.0250139935 -4.90669739e-08 -3.27854893e-08 1
LGIC_C 188 -0.743761552 0.105014435 0.0250140165 4.34088259e-08 -8.63455061e-09 1
LGIC_C 189 -0.526213518 0.305251335 0.025014014 4.20574045e-08 -2.81018523e-08 1
LGIC_C 190 0.33421136 -0.745625378 0.0250140189 -2.45891087e-08 3.68002429e-08 1
LGIC_C 191 -0.419213329 -0.237186456 0.0250140009 5.39043203e-09 6.47688584e-08 1
LGIC_C 192 -0.272936287 0.107091673 0.025013996 4.34088259e-08 -8.63455061e-09 1
LGIC_C 193 0.309353912 0.0682279773 0.0250139993 -4.96100911e-08 -9.86803575e-09 1
LGIC_C 194 -0.665360051 0.371500704 0.0250140169 3.68002297e-08 -2.45891157e-08 1
LGIC_C 195 0.357525447 0.381798769 0.0250140094 -2.81018716e-08 -4.20573923e-08 1
LGIC_C 196 0.720246785 0.382803347 0.0250140192 -3.68002282e-08 -2.45891172e-08 1
LGIC_C 197 -0.252249189 -0.513514205 0.0250140083 2.45891453e-08 3.68002268e-08 1
LGIC_C 198 0.518185272 0.0280474061 0.025014006 -4.34088272e-08 -8.63453573e-09 1
LGIC_C 199 0.616891766 0.251216123 0.0250140122 -4.96100869e-08 6.3366408e-09 1
LGIC_C 200 0.726622359 -0.304423983 0.0250140175 -3.68002179e-08 2.45891393e-08 1
LGIC_C 201 0.229690147 0.144878517 0.025013997 -4.20574004e-08 -2.81018564e-08 1
LGIC_C 202 -0.0294438364 -0.311450948 0.0250139975 2.48392553e-08 4.34088306e-08 1
LGIC_C 203 -0.175987004 -0.0674344735 0.0250139902 5.7878436e-08 -4.89847332e-08 1
LGIC_C 204 -0.360194053 0.550830159 0.0250140166 2.8101852e-08 -4.20574041e-08 1
LGIC_C 205 -0.0878757718 0.25092673 0.0250139966 9.86805557e-09 -4.96100883e-08 1
LGIC_C 206 0.63059309 -0.360305286 0.0250140153 -3.68002179e-08 2.45891393e-08 1
LGIC_C 207 -0.125827408 -0.447804394 0.025014003 -4.89847109e-08 5.78784581e-08 1
LGIC_C 208 -0.512955809 0.36954731 0.0250140129 -4.82586679e-08 1.31306769e-08 -1
LGIC_C 209 -0.00263843041 -0.00650941213 0.0250139842 -7.86852791e-08 -1.17760747e-07 -1
LGIC_C 210 0.0448846886 0.230999031 0.0250139952 -9.86806672e-09 -4.96100854e-08 1
LGIC_C 211 0.606396643 -0.168853282 0.0250140203 -5.78784275e-08 1.15127558e-08 1
LGIC_C 212 -0.346113148 -0.473416468 0.0250140094 -5.56021111e-08 -1.45571543e-08 -1
LGIC_C 213 0.406461861 -0.439633375 0.0250140131 -2.81018481e-08 4.20574137e-08 1
LGIC_C 214 0.486356761 -0.100033537 0.0250140052 -4.34088226e-08 8.63456802e-09 1
LGIC_C 215 -0.425590157 -0.048831386 0.0250140022 4.34088238e-08 8.63459484e-09 1
LGIC_C 216 0.196346497 -0.158987365 0.0250139955 -3.05989503e-08 3.95603122e-08 1
LGIC_C 217 0.491840254 -0.409123676 0.0250140195 -3.37890406e-08 4.80634332e-08 1
LGIC_C 218 -0.241337933 0.380106309 0.0250140048 1.31306824e-08 -4.82586643e-08 1
LGIC_C 219 -0.19991803 -0.446488005 0.0250140048 3.95603082e-08 3.05989652e-08 1
LGIC_C 220 -0.705575773 -0.336988455 0.0250140175 3.68002489e-08 2.45891179e-08 1
LGIC_C 221 0.704512868 -0.462056335 0.0215067529 0.827616944 -0.552996408 0.0961517878
LGIC_C 222 -0.587387938 -0.169305471 0.0250140075 -4.96100919e-08 2.90231703e-08 -1
LGIC_C 223 0.270701916 0.413436282 0.0250140102 -4.80634192e-08 -3.37890445e-08 1
LGIC_C 224 -0.349666446 0.0783334204 0.0250139983 4.96100851e-08 2.90231542e-08 1
LGIC_C 225 0.18372743 -0.632578107 0.0250140123 -8.63454093e-09 4.34088369e-08 1
LGIC_C 226 0.351271569 -0.229525681 0.0250140018 -3.68002179e-08 2.45891393e-08 1
LGIC_C 227 -0.179831496 0.480003785 0.0250140057 8.63455111e-09 -4.34088279e-08 1
LGIC_C 228 0.27072178 -0.335297129 0.025014003 -1.31306721e-08 4.82586744e-08 1
LGIC_C 229 -0.531132684 -0.0770973723 0.025014007 4.34088238e-08 8.63459484e-09 1
LGIC_C 230 -0.680187189 -0.209282297 0.0250140071 -4.34088282e-08 2.70157287e-08 -1
LGIC_C 231 0.533021354 0.255085251 0.0250140135 3.37890593e-08 4.80634111e-08 -1
LGIC_C 232 -0.257340586 0.747176731 0.0250140179 8.63455111e-09 -4.34088279e-08 1
LGIC_C 233 0.329221447 0.248900377 0.0250140024 -4.82586616e-08 -1.31306776e-08 1
LGIC_C 234 -0.0884162617 -0.446823041 0.0250140034 8.63456455e-09 4.34088336e-08 1
LGIC_C 235 0.265264837 0.452157177 0.0250140097 -2.81018716e-08 -4.20573923e-08 1
LGIC_C 236 0.302400525 -0.0255498306 0.025013997 -4.34088182e-08 2.48392526e-08 1
LGIC_C 237 0.665495823 -0.0392473156 0.0250140175 -4.96100802e-08 3.14742968e-08 1
LGIC_C 238 -0.141190463 0.0090063493 0.025013991 5.7878425e-08 4.89846948e-08 1
LGIC_C 239 0.511641478 -0.276039808 0.0250140125 -4.20573976e-08 2.81018683e-08 1
LGIC_C 240 0.112486447 -0.161448868 0.0250139939 -1.28239349e-08 5.73353226e-08 1
LGIC_C 241 -0.106827545 0.24564763 0.0250139966 2.8101852e-08 -4.20574041e-08 1
LGIC_C 242 0.61365723 -0.311689175 0.0250140189 -3.37890406e-08 4.80634332e-08 1
LGIC_C 243 -0.62640386 0.238201583 0.0250140167 4.96100897e-08 -9.86805572e-09 1
LGIC_C 244 0.579548448 -0.197111383 0.025014019 -5.78784275e-08 1.15127558e-08 1
LGIC_C 245 -0.497680961 -0.469787062 0.0250140166 1.45571809e-08 5.5602105e-08 1
LGIC_C 246 0.414358714 0.444874231 0.0250140098 -2.45891309e-08 -3.68002211e-08 1
LGIC_C 247 -0.476312219 0.636226106 0.0250140184 2.45891128e-08 -3.68002333e-08 1
LGIC_C 248 0.147536079 -0.109130265 0.0250139913 -3.68002179e-08 2.45891393e-08 1
LGIC_C 249 0.480012001 -0.00413898761 0.0250140072 -4.96100802e-08 3.14742968e-08 1
LGIC_C 250 0.230961111 0.502138955 0.0250140113 -4.80634192e-08 -3.37890445e-08 1
LGIC_C 251 0.0211432935 0.672165632 0.0250140165 -6.33660387e-09 4.96100877e-08 -1
LGIC_C 252 0.120514645 0.576620394 0.0250140157 -3.14742949e-08 -4.96100822e-08 1
LGIC_C 253 0.509867782 0.331260636 0.0250140122 -4.82586616e-08 -1.31306776e-08 1
LGIC_C 254 -0.459189009 0.295966706 0.025014013 3.37890593e-08 -4.80634052e-08 1
LGIC_C 255 -0.808397698 -0.0730824385 0.0250140164 -4.34088282e-08 2.70157287e-08 -1
LGIC_C 256 -0.302506007 0.552404113 0.025014011 2.45891128e-08 -3.68002333e-08 1
LGIC_C 257 0.280821728 0.297446395 0.0250140013 1.3130701e-08 4.82586573e-08 -1
LGIC_C 258 -0.250811767 0.553951411 0.0250140098 2.45891128e-08 -3.68002333e-08 1
LGIC_C 259 0.259626282 -0.318729472 0.0250140074 -3.27854948e-08 4.90669785e-08 1
LGIC_C 260 -0.00479673752 -0.58152035 0.0250140121 9.8680833e-09 4.96100963e-08 1
LGIC_C 261 0.0913270731 0.617003439 0.0250140108 -8.63455884e-09 -4.34088253e-08 1
LGIC_C 262 -0.339750367 0.324385828 0.0250140067 4.20574045e-08 -2.81018523e-08 1
LGIC_C 263 -0.680071413 -0.276913264 0.0250140053 -4.34088282e-08 2.70157287e-08 -1
LGIC_C 264 0.449035393 -0.325555931 0.0250140078 -3.68002179e-08 2.45891393e-08 1
LGIC_C 265 0.211157211 0.0255812304 0.025013994 -4.96100911e-08 -9.86803575e-09 1
LGIC_C 266 -0.144340989 -0.34750057 0.0250139996 3.95603082e-08 3.05989652e-08 1
LGIC_C 267 -0.277018277 -0.2555352 0.0250140015 1.45571809e-08 5.5602105e-08 1
LGIC_C 268 -0.0723354008 -0.508771178 0.0250140064 -2.90231482e-08 4.96101036e-08 1
LGIC_C 269 -0.045756805 0.669727218 0.0250140162 -6.33661298e-09 -4.96100859e-08 1
LGIC_C 270 -0.0780630941 -0.101274061 0.0250139898 7.55636799e-08 6.2887973e-09 1
LGIC_C 271 -0.48984935 -0.439491734 0.0250140121 3.68002489e-08 2.45891179e-08 1
LGIC_C 272 -0.41949558 0.289649549 0.0250140073 -4.82586679e-08 1.31306769e-08 -1
LGIC_C 273 0.698907873 -0.152442619 0.0250140174 -4.34088182e-08 2.48392526e-08 1
LGIC_C 274 -0.336307605 0.383393955 0.0250140056 2.45891128e-08 -3.68002333e-08 1
LGIC_C 275 0.0480532859 -0.560331109 0.0250140107 6.33663526e-09 4.9610097e-08 1
LGIC_C 276 -0.147690806 -0.503949396 0.0250140039 -2.90231482e-08 4.96101036e-08 1
LGIC_C 277 0.667395054 -0.0817755309 0.0250140189 -4.96100802e-08 3.14742968e-08 1
LGIC_C 278 0.295667698 0.285249366 0.0250140011 -3.68002282e-08 -2.45891172e-08 1
LGIC_C 279 0.0549757861 -0.110500561 0.0250139886 -2.45891087e-08 3.68002429e-08 1
LGIC_C 280 -0.300257433 -0.139310965 0.0250139954 1.45571809e-08 5.5602105e-08 1
LGIC_C 281 0.349650915 0.585084064 0.0250140198 -4.80634192e-08 -3.37890445e-08 1
LGIC_C 282 -0.271176809 -0.459494015 0.025014008 3.95603082e-08 3.05989652e-08 1
LGIC_C 283 -0.24952585 -0.497156433 0.0250140053 7.55636799e-08 6.2887973e-09 1
LGIC_C 284 0.213547303 -0.754044701 0.0250140178 -8.63454093e-09 4.34088369e-08 1
LGIC_C 285 -0.259690457 0.505741439 0.0250140166 3.27854968e-08 -4.90669676e-08 1
LGIC_C 286 -0.502487111 0.0080208596 0.025014008 4.96100851e-08 2.90231542e-08 1
LGIC_C 287 -0.07417156 -0.133864222 0.02501399 2.45891453e-08 3.68002268e-08 1
LGIC_C 288 0.0109152345 -0.33317517 0.0250139997 6.33663526e-09 4.9610097e-08 1
LGIC_C 289 0.0199635223 -0.000537276981 0.0250139841 -4.34088226e-08 8.63456802e-09 1
LGIC_C 290 -0.35957035 -0.505879368 0.0250140146 2.81018674e-08 4.20574117e-08 1
LGIC_C 291 -0.478084602 0.423567235 0.0250140113 3.68002297e-08 -2.45891157e-08 1
LGIC_C 292 0.422771153 0.458448893 0.0250140144 -2.81018716e-08 -4.20573923e-08 1
LGIC_C 293 -0.627577843 -0.028103148 0.0250140136 -4.96100919e-08 2.90231703e-08 -1
LGIC_C 294 0.0622772947 -0.194943059 0.0250139952 -1.15127059e-08 5.78784511e-08 1
LGIC_C 295 -0.164017136 0.149329219 0.0250139956 6.28881943e-09 -7.55636452e-08 1
LGIC_C 296 0.503298323 0.282119609 0.0250140123 -4.20574004e-08 -2.81018564e-08 1
LGIC_C 297 0.0246699818 0.333562568 0.025013998 -8.63455884e-09 -4.34088253e-08 1
LGIC_C 298 0.0448945388 -0.496944138 0.0250140083 -9.86804037e-09 4.96101e-08 1
LGIC_C 299 -0.12317183 -0.306245613 0.0250139996 9.8680833e-09 4.96100963e-08 1
LGIC_C 300 0.42935364 -0.0393269679 0.0250140028 -4.34088182e-08 2.48392526e-08 1
LGIC_C 301 0.0757332738 0.366709646 0.0250139998 -8.63455884e-09 -4.34088253e-08 1
LGIC_C 302 0.388878685 0.350183786 0.0250140094 -4.20574004e-08 -2.81018564e-08 1
LGIC_C 303 -0.0217988672 0.34813534 0.0250140008 9.86805557e-09 -4.96100883e-08 1
LGIC_C 304 -0.175651678 0.384595174 0.0250140041 1.31306824e-08 -4.82586643e-08 1
LGIC_C 305 -0.433599586 0.259943398 0.0250140056 3.68002297e-08 -2.45891157e-08 1
LGIC_C 306 0.174316257 0.0984256175 0.0250139939 3.37890593e-08 4.80634111e-08 -1
LGIC_C 307 -0.401226566 0.26842184 0.0250140062 -4.82586679e-08 1.31306769e-08 -1
LGIC_C 308 0.632218881 -0.250587473 0.0250140128 -4.34088226e-08 8.63456802e-09 1
LGIC_C 309 0.123295935 0.119805065 0.0250139907 -3.68002282e-08 -2.45891172e-08 1
LGIC_C 310 0.110071618 0.806645618 0.0250140192 -8.63455884e-09 -4.34088253e-08 1
LGIC_C 311 0.559310785 0.601916397 0.0250140192 -2.45891309e-08 -3.68002211e-08 1
LGIC_C 312 0.284633342 0.225383045 0.0250140015 -4.20574004e-08 -2.81018564e-08 1
LGIC_C 313 0.68431984 0.355112877 0.0250140172 -3.68002282e-08 -2.45891172e-08 1
LGIC_C 314 -0.233974718 0.493774558 0.0250140072 2.45891128e-08 -3.68002333e-08 1
LGIC_C 315 -0.0641170087 0.0317448354 0.0250139861 6.28881943e-09 -7.55636452e-08 1
LGIC_C 316 -0.227675722 -0.210953069 0.0250140006 6.28883752e-09 7.55636663e-08 1
LGIC_C 317 -0.414902565 -0.193080719 0.0250140033 3.68002489e-08 2.45891179e-08 1
LGIC_C 318 -0.215476349 -0.354528796 0.0250140004 -5.56021111e-08 -1.45571543e-08 -1
LGIC_C 319 -0.52468773 -0.0801915645 0.0250140039 -4.34088282e-08 2.70157287e-08 -1
LGIC_C 320 0.402579401 0.557189609 0.025014018 -2.81018716e-08 -4.20573923e-08 1
LGIC_C 321 0.601591829 -0.304416222 0.0250140182 -3.37890406e-08 4.80634332e-08 1
LGIC_C 322 0.54573197 0.207525911 0.0250140172 -5.78784335e-08 -1.15127284e-08 1
LGIC_C 323 -0.313654829 -0.655862467 0.0250140196 2.81018674e-08 4.20574117e-08 1
LGIC_C 324 0.0215355207 0.684584347 0.0250140171 -6.33660387e-09 4.96100877e-08 -1
LGIC_C 325 0.4631338 0.658995692 0.0250140189 -2.45891309e-08 -3.68002211e-08 1
LGIC_C 326 0.157233882 0.623744116 0.0250140132 -6.33660387e-09 4.96100877e-08 -1
LGIC_C 327 -0.308168794 -0.0353703745 0.0250139975 -4.96100919e-08 2.90231703e-08 -1
LGIC_C 328 -0.435175706 0.0170982799 0.0250140026 4.34088279e-08 -2.48392273e-08 1
LGIC_C 329 0.653101039 -0.21286096 0.0250140177 -4.96100859e-08 9.86807898e-09 1
LGIC_C 330 0.385630574 -0.0530043268 0.025014004 -4.96100802e-08 3.14742968e-08 1
LGIC_C 331 0.254862027 -0.0839857817 0.0250139964 -4.34088182e-08 2.48392526e-08 1
LGIC_C 332 -0.0501539533 -0.350902126 0.0250140011 9.8680833e-09 4.96100963e-08 1
LGIC_C 333 0.459110566 0.169008293 0.0250140046 -4.34088272e-08 -8.63453573e-09 1
LGIC_C 334 0.247796688 0.809498618 0.0164284904 0.194186548 0.976240951 0.0961519121
LGIC_C 335 0.196709464 0.603288149 0.0250140119 -6.33660387e-09 4.96100877e-08 -1
LGIC_C 336 -0.740663803 0.00941566558 0.0250140157 4.34088279e-08 -2.48392273e-08 1
LGIC_C 337 -0.0498210055 -0.00603259028 0.0250139856 -4.96100919e-08 2.90231703e-08 -1
LGIC_C 338 -0.159126933 0.300038386 0.0250139982 2.45891128e-08 -3.68002333e-08 1
LGIC_C 339 0.177915035 -0.218013346 0.0250139961 -1.31306721e-08 4.82586744e-08 1
LGIC_C 340 -0.316524577 0.609657554 0.0250140178 2.8101852e-08 -4.20574041e-08 1
LGIC_C 341 -0.0560904146 -0.724972131 0.0250140152 8.63456455e-09 4.34088336e-08 1
LGIC_C 342 -0.853158002 -0.0281716198 0.0164280535 -0.976240825 -0.194187339 0.0961515894
LGIC_C 343 0.254273223 0.447958497 0.0250140082 1.3130701e-08 4.82586573e-08 -1
LGIC_C 344 -0.120402889 0.0463658978 0.025013988 5.7878425e-08 4.89846948e-08 1
LGIC_C 345 -0.106365975 -0.114438295 0.025013992 7.55636799e-08 6.2887973e-09 1
LGIC_C 346 0.345315691 0.336247718 0.0250140042 -3.68002282e-08 -2.45891172e-08 1
LGIC_C 347 0.457908349 -0.212992475 0.0250140127 -4.90669481e-08 3.27855328e-08 1
LGIC_C 348 -0.135463678 -0.62062123 0.0250140154 9.8680833e-09 4.96100963e-08 1
LGIC_C 349 -0.185416437 -0.535921164 0.0250140044 -2.90231482e-08 4.96101036e-08 1
LGIC_C 350 -0.262742315 0.387993812 0.025014004 2.45891128e-08 -3.68002333e-08 1
LGIC_C 351 -0.117422047 0.0616479752 0.0250139902 3.37890593e-08 -4.80634052e-08 1
LGIC_C 352 -0.169946684 -0.350494368 0.0250140007 3.95603082e-08 3.05989652e-08 1
LGIC_C 353 -0.335112886 0.160330984 0.0250140019 4.20574045e-08 -2.81018523e-08 1
LGIC_C 354 0.145451578 0.218951781 0.0250139965 -2.81018716e-08 -4.20573923e-08 1
LGIC_C 355 0.0997761919 -0.563067895 0.0250140148 1.00935263e-08 5.7878447e-08 1
LGIC_C 356 0.114247061 0.716049184 0.0250140153 -8.63455884e-09 -4.34088253e-08 1
LGIC_C 357 0.752644243 0.170694227 0.0250140195 -4.96100869e-08 6.3366408e-09 1
LGIC_C 358 0.0445588501 -0.0188322081 0.025013986 -4.90669481e-08 3.27855328e-08 1
LGIC_C 359 -0.218336514 0.197633395 0.0250139996 6.28881943e-09 -7.55636452e-08 1
LGIC_C 360 -0.489493838 0.411536878 0.0250140114 3.68002297e-08 -2.45891157e-08 1
LGIC_C 361 0.597035672 -0.16464457 0.0250140145 -4.96100859e-08 9.86807898e-09 1
LGIC_C 362 -0.413200714 -0.0995763347 0.0250140009 -4.96100919e-08 2.90231703e-08 -1
LGIC_C 363 -0.382796262 0.406336382 0.0250140079 1.31306824e-08 -4.82586643e-08 1
LGIC_C 364 0.111412131 0.140082441 0.0250139938 -3.27855134e-08 -4.90669575e-08 1
LGIC_C 365 0.598481774 -0.331566001 0.0250140177 -4.20573976e-08 2.81018683e-08 1
LGIC_C 366 -0.300262481 -0.702398923 0.0250140166 3.95603082e-08 3.05989652e-08 1
LGIC_C 367 0.393876607 -0.178628918 0.0250140023 -3.05989503e-08 3.95603122e-08 1
LGIC_C 368 -0.111363927 -0.269386845 0.0250139959 3.95603082e-08 3.05989652e-08 1
LGIC_C 369 -0.0956171208 -0.592326483 0.0250140098 -2.90231482e-08 4.96101036e-08 1
LGIC_C 370 -0.388750988 -0.561675975 0.0250140135 2.45891453e-08 3.68002268e-08 1
LGIC_C 371 0.189128549 0.103406818 0.0250139927 -3.68002282e-08 -2.45891172e-08 1
LGIC_C 372 -0.0744120791 0.452737636 0.0250140036 8.63455111e-09 -4.34088279e-08 1
LGIC_C 373 -0.540508041 0.535229085 0.0250140163 3.68002297e-08 -2.45891157e-08 1
LGIC_C 374 0.0813433789 -0.221352394 0.0250139937 6.33663526e-09 4.9610097e-08 1
LGIC_C 375 0.16735876 -0.622698896 0.0250140176 1.00935263e-08 5.7878447e-08 1
LGIC_C 376 0.407699949 0.38940612 0.0250140113 -4.20574004e-08 -2.81018564e-08 1
LGIC_C 377 0.322395287 0.158527655 0.025013999 -3.68002282e-08 -2.45891172e-08 1
LGIC_C 378 -0.644540537 0.0843984152 0.0250140128 4.96100851e-08 2.90231542e-08 1
LGIC_C 379 -0.00721070978 -0.512420216 0.0250140087 9.8680833e-09 4.96100963e-08 1
LGIC_C 380 0.0900763679 0.614876755 0.0250140147 -9.86806672e-09 -4.96100854e-08 1
LGIC_C 381 0.0186715644 0.620851815 0.0250140142 -9.86806672e-09 -4.96100854e-08 1
LGIC_C 382 0.59773502 -0.297324189 0.0250140177 -3.37890406e-08 4.80634332e-08 1
LGIC_C 383 0.339966935 -0.493199235 0.0250140186 -3.27854948e-08 4.90669785e-08 1
LGIC_C 384 -0.468454715 -0.375130278 0.0250140145 6.28883752e-09 7.55636663e-08 1
LGIC_C 385 0.625707797 0.0582546493 0.0250140201 -5.78784335e-08 -1.15127284e-08 1
LGIC_C 386 0.533960697 -0.468661325 0.0250140144 -3.68002179e-08 2.45891393e-08 1
LGIC_C 387 0.530952611 -0.264100432 0.0250140139 -3.37890406e-08 4.80634332e-08 1
LGIC_C 388 -0.00317329034 0.480635637 0.0250140071 9.86805557e-09 -4.96100883e-08 1
LGIC_C 389 0.344691953 -0.370045241 0.0250140127 -3.27854948e-08 4.90669785e-08 1
LGIC_C 390 0.532502013 0.0274883489 0.0250140095 -4.96100869e-08 6.3366408e-09 1
LGIC_C 391 -0.204011194 0.116021699 0.0250139957 3.37890593e-08 -4.80634052e-08 1
LGIC_C 392 -0.214196879 -0.574992692 0.0250140055 -2.90231482e-08 4.96101036e-08 1
LGIC_C 393 0.00874099904 -0.300885879 0.0250139964 -8.63454093e-09 4.34088369e-08 1
LGIC_C 394 0.409746869 0.637564209 0.0250140168 -2.45891309e-08 -3.68002211e-08 1
LGIC_C 395 0.33484285 0.459879003 0.0250140099 1.3130701e-08 4.82586573e-08 -1
LGIC_C 396 0.27607351 0.381979324 0.0250140053 1.3130701e-08 4.82586573e-08 -1
LGIC_C 397 -0.657254112 0.211046428 0.0250140136 4.34088259e-08 -8.63455061e-09 1
LGIC_C 398 -0.558727291 0.236896174 0.0250140135 3.37890593e-08 -4.80634052e-08 1
LGIC_C 399 0.592904806 -0.152806146 0.0250140174 -4.96100802e-08 3.14742968e-08 1
