VGCC_O 1 -0.126159285 0.0151063295 0.0466933189 -1.62059625e-06 3.22356338e-07 -1
VGCC_O 8 -0.134706799 0.0161271258 0.0466933331 -1.62059677e-06 3.22356891e-07 -1
VGCC_O 4 -0.108229728 0.00324736392 0.0466932869 -8.10297798e-07 1.61178104e-07 -1
CaBS 10 0.109330625 -0.0167410357 0.085501977 0.333750516 0.131703927 0.933415593
CaBS 11 0.107465367 -0.017065128 0.0862146446 0.333750516 0.131703927 0.933415593
CaBS 12 0.0921607073 -0.0265673606 0.0644725003 -0.735818491 -0.677177075 0.00153536998
CaBS 13 0.109271864 0.000218955762 0.0688489595 -0.346545998 0.867982935 -0.355684546
CaBS 14 0.0907143438 -0.019176875 0.0658769812 -0.999896295 -0.0141984568 0.00240892729
CaBS 15 0.103791541 -0.0139570301 0.053036548 -0.333750671 -0.131704002 -0.933415527
CaBS 16 0.122555747 -0.0221649481 0.0699052633 0.999896301 0.01419805 -0.0024089266
CaBS 17 0.103000627 -0.0373632967 0.071117103 -0.321328743 -0.750213836 0.577864204
CaBS 18 0.0919154475 -0.0103558328 0.0734829442 -0.748611723 0.322508223 0.579283121
CaBS 19 0.113613464 -0.0335874975 0.0679530226 0.344822999 -0.867728964 -0.357971429
CaBS 20 0.100503317 -0.0151254553 0.0851026192 -0.329239867 -0.132369096 0.934922207
CaBS 21 0.0993859457 -0.0067304339 0.0615221689 -0.346545998 0.867982935 -0.355684546
CaBS 22 0.106295824 -0.0274923971 0.0540509471 -0.333750671 -0.131704002 -0.933415527
CaBS 23 0.0906529459 -0.0141810394 0.0698378965 -0.999896295 -0.0141984568 0.00240892729
CaBS 24 0.122288401 -0.0226567255 0.0747158323 0.751399702 -0.322919474 0.575431578
CaBS 25 -0.0973862901 0.0169684265 0.0838046838 0.333750517 0.131703937 0.933415591
CaBS 26 -0.116223278 0.0217498695 0.0747159521 -0.748611709 0.322508237 0.579283131
CaBS 27 -0.112020473 0.00496832084 0.0566773075 -0.333750681 -0.131703993 -0.933415524
CaBS 28 -0.117194443 0.0207661838 0.0655089938 -0.751399624 0.322919173 -0.575431849
CaBS 29 -0.0934430819 0.023870675 0.0678901814 0.735818381 0.677177195 -0.00153536913
CaBS 31 -0.0927754837 0.000138607192 0.0770610107 0.346545964 -0.867983059 0.355684276
CaBS 32 -0.0923190957 0.0226678374 0.0760416414 0.735818381 0.677177195 -0.00153536913
CaBS 34 -0.119437178 0.0220598087 0.0692106464 -0.999896295 -0.0141984574 0.00240892698
CaBS 36 -0.107810917 0.0169888603 0.0859956234 -0.329239868 -0.132369105 0.934922205
CaBS 37 -0.087490753 0.0103813586 0.0656092711 0.999896301 0.0141980506 -0.0024089266
CaBS 38 -0.097338199 0.000893447568 0.083348551 0.346545964 -0.867983059 0.355684276
CaBS 39 -0.109139729 -0.00488115039 0.0731493796 -0.321328736 -0.750213873 0.57786416
Ca 6 0.0928535993 -0.411149071 0.303445687 0 0 0
Ca 6 -0.130293019 0.055044057 1.03491774 0 0 0
Ca 1 -0.339643462 -0.306751751 0.48314515 0 0 0
Ca 8 -0.0809422728 0.246644668 0.488493342 0 0 0
Ca 8 0.179707732 -0.0554269288 0.553487944 0 0 0
Ca 1 0.228093996 0.0232957383 0.435454867 0 0 0
Ca 7 -0.156785156 0.080979665 0.61681931 0 0 0
Ca 4 0.276742502 0.608151943 0.129880796 0 0 0
Ca 6 0.150904167 -0.444259043 0.170459136 0 0 0
Ca 1 0.23977365 -0.185539304 0.257676819 0 0 0
Ca 6 -0.483385773 -0.180967958 0.589792722 0 0 0
Ca 7 -0.233509447 0.306670552 0.604996436 0 0 0
Ca 4 -0.186439933 -0.00945864087 0.972726428 0 0 0
Ca 8 -0.241956962 -0.146395772 0.54759634 0 0 0
Ca 6 0.462386116 -0.378875573 0.213119558 0 0 0
Ca 8 -0.557508171 0.409054135 0.669236255 0 0 0
Ca 4 0.672197243 0.38368158 0.462392531 0 0 0
Ca 1 -0.206641621 0.655829847 0.663999253 0 0 0
Ca 1 0.0833743154 -0.286393665 0.380214768 0 0 0
Ca 7 -0.0753684104 0.05430659 0.351522331 0 0 0
Ca 6 -0.358685098 0.386682822 0.396802594 0 0 0
Ca 1 -0.260509549 -0.0480629806 0.239952909 0 0 0
Ca 6 -0.340281489 0.0797053704 0.395854527 0 0 0
Ca 1 -0.243361961 -0.736330978 0.383776855 0 0 0
Ca 8 -0.372995174 -0.605132138 0.417861532 0 0 0
Ca 1 -0.379903431 0.156882583 0.393228247 0 0 0
Ca 1 -0.0409961412 0.282270559 0.457935732 0 0 0
Ca 1 -0.200608832 -0.286579115 0.420047756 0 0 0
Ca 8 -0.261896313 -0.280421642 0.318059525 0 0 0
Ca 7 -0.247261853 0.0565537638 0.107481428 0 0 0
Ca 6 0.522947544 -0.0563558665 0.241258816 0 0 0
Ca 7 0.399446654 -0.0380419295 0.654509478 0 0 0
Ca 8 -0.521721353 0.128977604 0.490385826 0 0 0
Ca 8 -0.0110959034 0.0974122126 0.432946916 0 0 0
Ca 6 -0.512289677 -0.613252988 0.296932587 0 0 0
Ca 1 -0.143123562 0.38527362 0.382613193 0 0 0
Ca 4 -0.125972587 -0.164782651 0.577937489 0 0 0
Ca 6 0.0978440151 -0.0745569378 0.406044533 0 0 0
Ca 7 -0.583499225 0.276667105 0.267672348 0 0 0
Ca 6 -0.0747136354 0.250072151 0.537608019 0 0 0
Ca 4 -0.358364535 0.240818929 0.133436744 0 0 0
Ca 1 -0.202674035 0.178678422 0.0910271209 0 0 0
Ca 6 -0.378895672 -0.0647222859 0.627469099 0 0 0
Ca 8 -0.211849621 0.210918918 0.121654561 0 0 0
Ca 4 -0.0281384166 0.266252924 0.396735662 0 0 0
Ca 1 1.71947837e-05 0.103297003 0.292534905 0 0 0
Ca 8 -0.0875614972 0.113787646 0.110307163 0 0 0
Ca 6 -0.286436054 0.369563739 0.361861885 0 0 0
Ca 6 0.159082886 0.0421957732 0.127874605 0 0 0
Ca 7 0.0652104102 -0.229092028 0.297557727 0 0 0
Ca 7 0.287767669 0.0897957726 0.105992387 0 0 0
Ca 7 -0.620437788 -0.315580778 0.209653327 0 0 0
Ca 8 -0.0198824179 0.0657224569 0.50198509 0 0 0
Ca 6 -0.386570635 0.0144436328 0.063889832 0 0 0
Ca 8 -0.257386416 0.140905764 0.336306848 0 0 0
Ca 4 -0.0865590405 0.0959249205 0.0627358161 0 0 0
Ca 4 -0.193691107 -0.126623812 0.335885694 0 0 0
Ca 7 -0.0431346173 0.05677971 0.245854057 0 0 0
Ca 1 -0.0566610532 -0.111711481 0.0609523509 0 0 0
Ca 8 -0.265548961 -0.112603178 0.218951519 0 0 0
Ca 6 -0.15089911 0.017425794 0.227178361 0 0 0
Ca 7 -0.185963631 -0.0700239329 0.104116637 0 0 0
Ca 1 -0.0985761724 -0.0392550828 0.0648726794 0 0 0
Ca 1 -0.10921124 0.0490846305 0.0827130099 0 0 0
Ca 4 -0.187259666 0.208631795 0.0822322054 0 0 0
Ca 6 -0.180690495 0.00584333961 0.104101178 0 0 0
Ca 7 -0.111249336 0.0345773603 0.0755110313 0 0 0
VGCC_O 7 -0.137449801 0.00579357966 0.0466933342 -1.62059625e-06 3.22356338e-07 -1
VGCC_O 6 -0.12622171 0.0241576588 0.046693322 -1.62059677e-06 3.22356891e-07 -1
VGCC_O 3 0.0772568984 -0.00428239309 0.046693036 -1.41802159e-06 2.82063681e-07 -1
VGCC_O 0 0.11238887 -0.0311459409 0.0466929927 -1.01287282e-06 -1.51427976e-07 -1
VGCC_O 5 0.113746944 -0.0200409323 0.0466929896 -1.01287282e-06 -1.51427976e-07 -1
VGCC_O 9 0.0953603447 -0.018533153 0.0466930096 -1.14792244e-06 -1.24564753e-07 -1
VGCC_O 2 0.119933892 -0.04777957 0.0466929781 -1.41802115e-06 2.82063236e-07 -1
TAG 41 -0.105784995 0.0105052503 0.0536665039 -0.333750681 -0.131703993 -0.933415524
TAG 45 -0.113699624 0.0170707545 0.0588716642 -0.751399624 0.322919173 -0.575431849
TAG 44 -0.11923843 0.00668793202 0.0611035411 -0.999896295 -0.0141984574 0.00240892698
LGIC_C 0 0.505934014 0.230022493 0.0250140114 3.37890593e-08 4.80634111e-08 -1
LGIC_C 1 -0.374885805 0.0404662596 0.0250139999 4.34088259e-08 -8.63455061e-09 1
LGIC_C 2 -0.578662409 0.0990638009 0.025014013 4.96100897e-08 -9.86805572e-09 1
LGIC_C 3 0.257178191 -0.64327338 0.0250140177 -9.86804037e-09 4.96101e-08 1
LGIC_C 4 -0.423029273 -0.23584675 0.0250140037 6.28883752e-09 7.55636663e-08 1
LGIC_C 5 0.0423656681 -0.534544245 0.0250140137 1.00935263e-08 5.7878447e-08 1
LGIC_C 6 -0.320568619 0.490328274 0.0250140155 1.28239438e-08 -5.73353116e-08 1
LGIC_C 7 -0.713937776 0.422504789 0.0250140199 3.68002297e-08 -2.45891157e-08 1
LGIC_C 8 -0.168564126 0.288887278 0.025013998 2.45891128e-08 -3.68002333e-08 1
LGIC_C 9 -0.445312646 -0.267173715 0.0250140062 6.28883752e-09 7.55636663e-08 1
LGIC_C 10 -0.411604263 -0.59569249 0.0250140178 3.95603082e-08 3.05989652e-08 1
LGIC_C 11 0.14935406 0.561740689 0.0250140102 -6.33660387e-09 4.96100877e-08 -1
LGIC_C 12 0.398533576 0.183512963 0.0250140088 -4.90669739e-08 -3.27854893e-08 1
LGIC_C 13 0.728371899 -0.102610508 0.0250140204 -4.96100859e-08 9.86807898e-09 1
LGIC_C 14 0.67434391 0.248619663 0.0250140151 -4.96100869e-08 6.3366408e-09 1
LGIC_C 15 -0.478069833 -0.354893497 0.0250140088 5.39043203e-09 6.47688584e-08 1
LGIC_C 16 0.62799851 -0.157723027 0.0250140159 -4.96100859e-08 9.86807898e-09 1
LGIC_C 17 -0.542927396 0.358273394 0.0250140142 -4.82586679e-08 1.31306769e-08 -1
LGIC_C 18 0.302233114 -0.460960901 0.0250140111 -2.81018481e-08 4.20574137e-08 1
LGIC_C 19 -0.335679051 0.287542217 0.0250140084 3.37890593e-08 -4.80634052e-08 1
LGIC_C 20 0.0821075208 -0.409970894 0.0250140079 -1.15127059e-08 5.78784511e-08 1
LGIC_C 21 -0.00305657349 -0.144895217 0.0250139903 -2.90231482e-08 4.96101036e-08 1
LGIC_C 22 0.115869574 0.61460967 0.0250140149 -9.86806672e-09 -4.96100854e-08 1
LGIC_C 23 -0.447969815 0.415449309 0.02501401 3.68002297e-08 -2.45891157e-08 1
LGIC_C 24 0.131334795 0.436424076 0.0250140062 -9.86806672e-09 -4.96100854e-08 1
LGIC_C 25 0.377620757 -0.0139160092 0.0250139997 -4.34088226e-08 8.63456802e-09 1
LGIC_C 26 -0.0519005778 0.265506322 0.0250139992 1.15127271e-08 -5.78784352e-08 1
LGIC_C 27 -0.246567628 0.51699343 0.0250140167 3.27854968e-08 -4.90669676e-08 1
LGIC_C 28 0.691790566 0.114327727 0.0250140143 -4.34088272e-08 -8.63453573e-09 1
LGIC_C 29 -0.62029677 -0.107168268 0.0250140139 5.7878436e-08 -4.89847332e-08 1
LGIC_C 30 0.663030919 0.136339671 0.0250140153 -4.96100869e-08 6.3366408e-09 1
LGIC_C 31 -0.414532001 -0.421159693 0.0250140124 -5.56021111e-08 -1.45571543e-08 -1
LGIC_C 32 0.0905327893 0.117985527 0.0250139908 -2.81018716e-08 -4.20573923e-08 1
LGIC_C 33 -0.0247129617 0.6403225 0.0250140113 8.63455111e-09 -4.34088279e-08 1
LGIC_C 34 0.281809089 -0.51176643 0.0250140176 -3.27854948e-08 4.90669785e-08 1
LGIC_C 35 -0.193528589 -0.50835718 0.0250140028 -2.90231482e-08 4.96101036e-08 1
LGIC_C 36 0.523070381 -0.625167793 0.0250140191 -2.45891087e-08 3.68002429e-08 1
LGIC_C 37 0.1277012 0.787461004 0.0250140185 -8.63455884e-09 -4.34088253e-08 1
LGIC_C 38 0.734907023 -0.32395323 0.0250140185 -3.05989503e-08 3.95603122e-08 1
LGIC_C 39 0.696757644 0.303186536 0.0250140163 -3.68002282e-08 -2.45891172e-08 1
LGIC_C 40 -0.697082347 0.0217129463 0.0250140141 4.34088279e-08 -2.48392273e-08 1
LGIC_C 41 -0.531348078 0.595621742 0.0250140183 2.45891128e-08 -3.68002333e-08 1
LGIC_C 42 -0.260948688 -0.647420412 0.0250140136 8.63456455e-09 4.34088336e-08 1
LGIC_C 43 -0.558404798 -0.503921343 0.0250140148 1.15916899e-08 4.97976879e-08 1
LGIC_C 44 0.338273769 0.53492994 0.0250140135 1.3130701e-08 4.82586573e-08 -1
LGIC_C 45 -0.0136718535 -0.26948437 0.0250139953 2.48392553e-08 4.34088306e-08 1
LGIC_C 46 -0.223900593 -0.182344018 0.0250139962 5.39043203e-09 6.47688584e-08 1
LGIC_C 47 0.503673218 -0.179777484 0.0250140144 -5.78784275e-08 1.15127558e-08 1
LGIC_C 48 -0.0880726225 -0.403603456 0.0250140015 8.63456455e-09 4.34088336e-08 1
LGIC_C 49 -0.524394766 -0.185588423 0.0250140076 4.34088238e-08 8.63459484e-09 1
LGIC_C 50 0.216015777 -0.341675875 0.0250140071 -3.27854948e-08 4.90669785e-08 1
LGIC_C 51 -0.574573843 -0.0173746795 0.0250140084 4.34088238e-08 8.63459484e-09 1
LGIC_C 52 0.646675796 -0.17594367 0.0250140157 -4.34088182e-08 2.48392526e-08 1
LGIC_C 53 0.334072157 -0.0886831834 0.0250139999 -4.34088182e-08 2.48392526e-08 1
LGIC_C 54 -0.0226227224 -0.204539245 0.0250139939 -4.89847109e-08 5.78784581e-08 1
LGIC_C 55 0.407460157 0.481157578 0.025014011 -2.45891309e-08 -3.68002211e-08 1
LGIC_C 56 -0.125978357 -0.19363541 0.0250139931 -5.56021111e-08 -1.45571543e-08 -1
LGIC_C 57 -0.0863331584 0.439818637 0.0250140078 -3.14742797e-08 4.96100914e-08 -1
LGIC_C 58 0.456527904 -0.0734709125 0.0250140049 -4.34088182e-08 2.48392526e-08 1
LGIC_C 59 -0.437890406 -0.207526093 0.0250140012 1.45571809e-08 5.5602105e-08 1
LGIC_C 60 0.087868043 0.531197138 0.0250140124 -3.14742949e-08 -4.96100822e-08 1
LGIC_C 61 -0.397252967 0.328086255 0.0250140092 4.20574045e-08 -2.81018523e-08 1
LGIC_C 62 -0.0391416953 0.419977562 0.0250140053 -3.14742797e-08 4.96100914e-08 -1
LGIC_C 63 0.195239552 -0.0427645975 0.0250139933 -4.96100859e-08 9.86807898e-09 1
LGIC_C 64 -0.247589715 0.00286759159 0.0250139974 5.7878425e-08 4.89846948e-08 1
LGIC_C 65 0.00578866136 0.309101268 0.0250139987 -9.86806672e-09 -4.96100854e-08 1
LGIC_C 66 -0.234632505 -0.336841458 0.0250140014 2.45891453e-08 3.68002268e-08 1
LGIC_C 67 -0.449320086 0.43531857 0.025014019 6.28881943e-09 -7.55636452e-08 1
LGIC_C 68 -0.67186736 -0.11712021 0.0250140093 -4.34088282e-08 2.70157287e-08 -1
LGIC_C 69 -0.690249931 -0.361157747 0.0250140175 3.68002489e-08 2.45891179e-08 1
LGIC_C 70 -0.0472489624 0.379843467 0.0250140002 8.63455111e-09 -4.34088279e-08 1
LGIC_C 71 0.5297496 0.095946503 0.025014015 -5.78784335e-08 -1.15127284e-08 1
LGIC_C 72 0.146773572 0.402981683 0.025014002 -8.63455884e-09 -4.34088253e-08 1
LGIC_C 73 -0.0293516232 0.00317678919 0.0250139846 4.34088279e-08 -2.48392273e-08 1
LGIC_C 74 0.524196935 0.507866443 0.0250140152 -4.82586616e-08 -1.31306776e-08 1
LGIC_C 75 0.505317441 -0.602632459 0.0250140178 -2.45891087e-08 3.68002429e-08 1
LGIC_C 76 -0.66978506 0.0596946298 0.0250140148 4.96100851e-08 2.90231542e-08 1
LGIC_C 77 0.336743578 -0.211760722 0.0250140019 -3.05989503e-08 3.95603122e-08 1
LGIC_C 78 0.272723358 0.353818684 0.0250140096 -3.27855134e-08 -4.90669575e-08 1
LGIC_C 79 -0.572961485 -0.259020013 0.0250140028 1.15916899e-08 4.97976879e-08 1
LGIC_C 80 0.730316816 -0.0266672296 0.0250140152 -4.34088226e-08 8.63456802e-09 1
LGIC_C 81 0.0839678116 0.692195515 0.0250140171 -6.33660387e-09 4.96100877e-08 -1
LGIC_C 82 0.482300662 -0.302963519 0.02501401 -3.05989503e-08 3.95603122e-08 1
LGIC_C 83 -0.347108421 0.245163251 0.0250140032 -4.82586679e-08 1.31306769e-08 -1
LGIC_C 84 0.222790916 0.505723984 0.0250140106 1.3130701e-08 4.82586573e-08 -1
LGIC_C 85 -0.0812131317 0.0993200456 0.02501399 1.28239438e-08 -5.73353116e-08 1
LGIC_C 86 0.567087431 -0.33010331 0.0250140183 -3.37890406e-08 4.80634332e-08 1
LGIC_C 87 -0.327212335 -0.252698432 0.0250140021 1.45571809e-08 5.5602105e-08 1
LGIC_C 88 -0.620146265 -0.527840453 0.0250140167 1.15916899e-08 4.97976879e-08 1
LGIC_C 89 0.238707182 -0.489000387 0.02501401 -1.31306721e-08 4.82586744e-08 1
LGIC_C 90 -0.368432048 -0.321242311 0.0250140065 1.45571809e-08 5.5602105e-08 1
LGIC_C 91 0.179574287 0.763500528 0.025014018 -8.63455884e-09 -4.34088253e-08 1
LGIC_C 92 0.225585419 -0.714171107 0.0250140172 6.33663526e-09 4.9610097e-08 1
LGIC_C 93 -0.0766572349 0.589066815 0.025014012 -6.33661298e-09 -4.96100859e-08 1
LGIC_C 94 0.162782862 -0.0606814088 0.0250139932 -4.96100802e-08 3.14742968e-08 1
LGIC_C 95 -0.311441492 -0.435403432 0.0250140069 -5.56021111e-08 -1.45571543e-08 -1
LGIC_C 96 0.339492842 -0.00194096191 0.0250140001 -4.96100859e-08 9.86807898e-09 1
LGIC_C 97 -0.38943128 0.0432514363 0.0250140013 4.96100851e-08 2.90231542e-08 1
LGIC_C 98 -0.352741862 -0.565668038 0.0250140145 3.95603082e-08 3.05989652e-08 1
LGIC_C 99 0.222165098 -0.0721913408 0.0250139965 -4.96100802e-08 3.14742968e-08 1
LGIC_C 100 -0.336171609 -0.4968566 0.0250140098 2.45891453e-08 3.68002268e-08 1
LGIC_C 101 -0.371808477 0.0197144074 0.0250140019 4.96100897e-08 -9.86805572e-09 1
LGIC_C 102 -0.370580743 0.431451967 0.0250140128 1.28239438e-08 -5.73353116e-08 1
LGIC_C 103 -0.463779184 -0.00581664075 0.0250140032 -4.34088282e-08 2.70157287e-08 -1
LGIC_C 104 0.583872703 -0.231211804 0.0250140145 -4.96100859e-08 9.86807898e-09 1
LGIC_C 105 -0.285543769 0.102318586 0.0250139982 4.34088279e-08 -2.48392273e-08 1
LGIC_C 106 -0.299239336 0.785290455 0.0250140199 8.63455111e-09 -4.34088279e-08 1
LGIC_C 107 -0.743481197 -0.254072215 0.0250140177 4.34088238e-08 8.63459484e-09 1
LGIC_C 108 -0.0626007506 -0.513274525 0.0250140071 2.48392553e-08 4.34088306e-08 1
LGIC_C 109 0.18053703 0.0707046769 0.0250139945 -5.78784335e-08 -1.15127284e-08 1
LGIC_C 110 -0.207119643 -0.706103394 0.0250140157 8.63456455e-09 4.34088336e-08 1
LGIC_C 111 -0.505971758 -0.14810959 0.0250140041 -4.96100919e-08 2.90231703e-08 -1
LGIC_C 112 0.710707351 -0.00761222146 0.0250140187 -4.96100802e-08 3.14742968e-08 1
LGIC_C 113 -0.0612621476 -0.71991769 0.025014016 2.48392553e-08 4.34088306e-08 1
LGIC_C 114 -0.337969478 0.391209055 0.02501401 1.28239438e-08 -5.73353116e-08 1
LGIC_C 115 0.529778994 -0.357472549 0.0250140136 -3.05989503e-08 3.95603122e-08 1
LGIC_C 116 0.120845513 -0.421624882 0.0250140064 1.00935263e-08 5.7878447e-08 1
LGIC_C 117 -0.206708761 -0.0269296005 0.0250139924 4.96100935e-08 -4.19869172e-08 1
LGIC_C 118 -0.303014794 -0.328823592 0.0250140053 3.95603082e-08 3.05989652e-08 1
LGIC_C 119 0.0863348964 0.426486528 0.0250140053 -9.86806672e-09 -4.96100854e-08 1
LGIC_C 120 0.0307203853 0.510636932 0.0250140089 -9.86806672e-09 -4.96100854e-08 1
LGIC_C 121 -0.441701838 -0.394595641 0.025014008 1.15916899e-08 4.97976879e-08 1
LGIC_C 122 0.648611922 -0.344029492 0.0250140156 -3.68002179e-08 2.45891393e-08 1
LGIC_C 123 0.335345709 -0.318262011 0.0250140101 -4.90669481e-08 3.27855328e-08 1
LGIC_C 124 0.516438087 -0.427566464 0.0250140127 -3.68002179e-08 2.45891393e-08 1
LGIC_C 125 0.136509807 -0.152440099 0.0250139924 -1.31306721e-08 4.82586744e-08 1
LGIC_C 126 0.62380238 -0.365074555 0.0250140168 -3.05989503e-08 3.95603122e-08 1
LGIC_C 127 0.237889545 -0.338450464 0.0250140027 -1.31306721e-08 4.82586744e-08 1
LGIC_C 128 0.224739188 -0.325794596 0.0250140007 -2.45891087e-08 3.68002429e-08 1
LGIC_C 129 0.471408944 -0.0864005932 0.0250140044 -4.34088226e-08 8.63456802e-09 1
LGIC_C 130 -0.653858867 0.196515678 0.0250140133 4.34088259e-08 -8.63455061e-09 1
LGIC_C 131 0.411403129 0.267115772 0.0250140066 -4.82586616e-08 -1.31306776e-08 1
LGIC_C 132 -0.204590311 0.0664686096 0.0250139918 5.7878425e-08 4.89846948e-08 1
LGIC_C 133 -0.590522519 -0.038419549 0.0250140092 4.34088238e-08 8.63459484e-09 1
LGIC_C 134 0.293337909 -0.649751176 0.0250140144 -2.45891087e-08 3.68002429e-08 1
LGIC_C 135 -0.277594904 -0.26625124 0.0250140051 6.28883752e-09 7.55636663e-08 1
LGIC_C 136 0.363276917 -0.270214577 0.0250140032 -3.68002179e-08 2.45891393e-08 1
LGIC_C 137 0.348162015 -0.349922067 0.0250140047 -1.31306721e-08 4.82586744e-08 1
LGIC_C 138 -0.685187929 -0.2330135 0.0250140075 4.96100935e-08 -4.19869172e-08 1
LGIC_C 139 0.128370207 -0.0037845549 0.0250139897 -4.96100802e-08 3.14742968e-08 1
LGIC_C 140 0.432856509 0.55990818 0.0250140145 -2.45891309e-08 -3.68002211e-08 1
LGIC_C 141 0.465014084 0.136779465 0.0250140046 -4.34088272e-08 -8.63453573e-09 1
LGIC_C 142 -0.496758124 -0.530873943 0.0250140191 3.95603082e-08 3.05989652e-08 1
LGIC_C 143 -0.115913188 -0.180594874 0.0250139941 2.81018674e-08 4.20574117e-08 1
LGIC_C 144 -0.455192579 -0.472037692 0.0250140154 -5.56021111e-08 -1.45571543e-08 -1
LGIC_C 145 0.207471903 0.0143952437 0.0250139934 -4.96100869e-08 6.3366408e-09 1
LGIC_C 146 0.00414285819 0.589972767 0.0250140125 -6.33660387e-09 4.96100877e-08 -1
LGIC_C 147 -0.337642175 -0.342188023 0.0250140041 2.45891453e-08 3.68002268e-08 1
LGIC_C 148 0.434970076 -0.0867389431 0.0250140094 -5.78784275e-08 1.15127558e-08 1
LGIC_C 149 0.558989656 0.506693563 0.0250140163 -3.68002282e-08 -2.45891172e-08 1
LGIC_C 150 0.428970144 0.156013173 0.0250140035 -4.96100869e-08 6.3366408e-09 1
LGIC_C 151 -0.0958428026 -0.712450441 0.025014015 8.63456455e-09 4.34088336e-08 1
LGIC_C 152 0.245622383 0.577201974 0.0250140144 -2.81018716e-08 -4.20573923e-08 1
LGIC_C 153 0.174316355 -0.220638224 0.0250139981 -1.28239349e-08 5.73353226e-08 1
LGIC_C 154 0.153380262 0.515926653 0.0250140104 -9.86806672e-09 -4.96100854e-08 1
LGIC_C 155 -0.627205063 0.101069016 0.0250140114 4.34088259e-08 -8.63455061e-09 1
LGIC_C 156 -0.241614494 0.048624028 0.0250139942 4.34088259e-08 -8.63455061e-09 1
LGIC_C 157 -0.434511147 0.276438561 0.0250140069 6.28881943e-09 -7.55636452e-08 1
LGIC_C 158 0.337982696 0.177636247 0.0250140032 3.37890593e-08 4.80634111e-08 -1
LGIC_C 159 0.795944482 0.160673965 0.0250140192 -4.34088272e-08 -8.63453573e-09 1
LGIC_C 160 -0.272091535 -0.0721732482 0.0250139931 -4.34088282e-08 2.70157287e-08 -1
LGIC_C 161 -0.438303713 0.0876135088 0.0250140059 4.96100897e-08 -9.86805572e-09 1
LGIC_C 162 0.472906812 0.00973032669 0.0250140068 -4.96100911e-08 -9.86803575e-09 1
LGIC_C 163 0.379817143 -0.240858141 0.025014006 -4.20573976e-08 2.81018683e-08 1
LGIC_C 164 0.233248596 -0.591314077 0.0250140111 6.33663526e-09 4.9610097e-08 1
LGIC_C 165 -0.309863375 0.0506364631 0.0250139972 4.96100851e-08 2.90231542e-08 1
LGIC_C 166 -0.141969188 -0.670681089 0.0250140159 2.48392553e-08 4.34088306e-08 1
LGIC_C 167 -0.563077784 0.551940605 0.0250140176 3.68002297e-08 -2.45891157e-08 1
LGIC_C 168 -0.559927141 -0.247025903 0.0250140022 5.39043203e-09 6.47688584e-08 1
LGIC_C 169 0.650324295 -0.48186374 0.025014019 -3.68002179e-08 2.45891393e-08 1
LGIC_C 170 0.553404607 -0.372380137 0.0250140198 -3.37890406e-08 4.80634332e-08 1
LGIC_C 171 -0.208308627 0.323689795 0.0250140045 1.28239438e-08 -5.73353116e-08 1
LGIC_C 172 0.34101284 0.152991484 0.0250140021 3.37890593e-08 4.80634111e-08 -1
LGIC_C 173 0.689234392 0.315487954 0.0250140164 -3.68002282e-08 -2.45891172e-08 1
LGIC_C 174 -0.0790133357 -0.506271071 0.0250140072 2.48392553e-08 4.34088306e-08 1
LGIC_C 175 0.421230363 -0.300263616 0.0250140119 -3.37890406e-08 4.80634332e-08 1
LGIC_C 176 -0.600766015 -0.606799563 0.0250140203 2.45891453e-08 3.68002268e-08 1
LGIC_C 177 0.300865385 0.330016641 0.0250140056 -2.81018716e-08 -4.20573923e-08 1
LGIC_C 178 0.0685984442 -0.629151165 0.025014014 6.33663526e-09 4.9610097e-08 1
LGIC_C 179 -0.242040664 -0.166440772 0.0250139973 6.28883752e-09 7.55636663e-08 1
LGIC_C 180 -0.151732731 0.28172032 0.0250139994 2.8101852e-08 -4.20574041e-08 1
LGIC_C 181 -0.632086561 -0.286772826 0.0250140052 5.39043203e-09 6.47688584e-08 1
LGIC_C 182 0.0768447404 -0.19094698 0.0250139952 -1.15127059e-08 5.78784511e-08 1
LGIC_C 183 0.659416937 0.342249975 0.0250140196 -4.82586616e-08 -1.31306776e-08 1
LGIC_C 184 0.72872487 -0.061453627 0.0250140164 -4.34088182e-08 2.48392526e-08 1
LGIC_C 185 0.36417765 -0.132334291 0.0250140023 -4.34088182e-08 2.48392526e-08 1
LGIC_C 186 -0.579050707 -0.321176715 0.0250140072 5.39043203e-09 6.47688584e-08 1
LGIC_C 187 0.148409992 0.111097674 0.0250139942 -4.90669739e-08 -3.27854893e-08 1
LGIC_C 188 -0.752046942 0.081572322 0.0250140166 4.34088259e-08 -8.63455061e-09 1
LGIC_C 189 -0.551170419 0.27972796 0.0250140143 4.20574045e-08 -2.81018523e-08 1
LGIC_C 190 0.327390216 -0.739913867 0.0250140185 -2.45891087e-08 3.68002429e-08 1
LGIC_C 191 -0.408944087 -0.236559287 0.0250140008 5.39043203e-09 6.47688584e-08 1
LGIC_C 192 -0.284502082 0.11010906 0.0250139966 4.34088259e-08 -8.63455061e-09 1
LGIC_C 193 0.300712924 0.0953406804 0.0250139991 -4.96100911e-08 -9.86803575e-09 1
LGIC_C 194 -0.688935498 0.366137528 0.0250140176 3.68002297e-08 -2.45891157e-08 1
LGIC_C 195 0.390049299 0.392104603 0.0250140107 -2.81018716e-08 -4.20573923e-08 1
LGIC_C 196 0.695597049 0.379366783 0.0250140182 -3.68002282e-08 -2.45891172e-08 1
LGIC_C 197 -0.249496798 -0.517462519 0.0250140084 2.45891453e-08 3.68002268e-08 1
LGIC_C 198 0.530006154 0.0169586473 0.0250140064 -4.34088272e-08 -8.63453573e-09 1
LGIC_C 199 0.614899213 0.245247904 0.0250140122 -4.96100869e-08 6.3366408e-09 1
LGIC_C 200 0.736984633 -0.308993863 0.0250140179 -3.68002179e-08 2.45891393e-08 1
LGIC_C 201 0.241150767 0.126006561 0.0250139969 -4.20574004e-08 -2.81018564e-08 1
LGIC_C 202 -0.00982636425 -0.277498526 0.0250139955 2.48392553e-08 4.34088306e-08 1
LGIC_C 203 -0.163124544 -0.0282021206 0.0250139905 -4.96100919e-08 2.90231703e-08 -1
LGIC_C 204 -0.361202792 0.559766974 0.025014017 2.8101852e-08 -4.20574041e-08 1
LGIC_C 205 -0.0979465527 0.246269562 0.0250139965 9.86805557e-09 -4.96100883e-08 1
LGIC_C 206 0.65880809 -0.388434824 0.025014017 -3.68002179e-08 2.45891393e-08 1
LGIC_C 207 -0.141731453 -0.437446785 0.0250140016 -4.89847109e-08 5.78784581e-08 1
LGIC_C 208 -0.507633634 0.356717331 0.0250140125 -4.82586679e-08 1.31306769e-08 -1
LGIC_C 209 0.0161702198 -0.00179144813 0.0250139855 1.38908238e-07 -2.76306188e-08 -1
LGIC_C 210 0.0748699685 0.265348705 0.0250139972 -9.86806672e-09 -4.96100854e-08 1
LGIC_C 211 0.547198672 -0.18386742 0.025014017 -5.78784275e-08 1.15127558e-08 1
LGIC_C 212 -0.354469578 -0.494368544 0.0250140102 -5.56021111e-08 -1.45571543e-08 -1
LGIC_C 213 0.362125186 -0.396700804 0.0250140101 -2.81018481e-08 4.20574137e-08 1
LGIC_C 214 0.45980978 -0.0752376957 0.0250140038 -4.34088226e-08 8.63456802e-09 1
LGIC_C 215 -0.469361412 -0.0292744203 0.0250140039 4.34088238e-08 8.63459484e-09 1
LGIC_C 216 0.217737634 -0.177999654 0.0250139969 -3.05989503e-08 3.95603122e-08 1
LGIC_C 217 0.493677809 -0.404197834 0.0250140193 -3.37890406e-08 4.80634332e-08 1
LGIC_C 218 -0.280788875 0.416950997 0.0250140071 1.31306824e-08 -4.82586643e-08 1
LGIC_C 219 -0.227671552 -0.467829865 0.0250140066 3.95603082e-08 3.05989652e-08 1
LGIC_C 220 -0.75241858 -0.344492872 0.0250140194 3.68002489e-08 2.45891179e-08 1
LGIC_C 221 0.69729104 -0.434628806 0.0250140196 -3.68002179e-08 2.45891393e-08 1
LGIC_C 222 -0.563372563 -0.156081954 0.0250140067 -4.96100919e-08 2.90231703e-08 -1
LGIC_C 223 0.231234901 0.404836428 0.025014008 -4.80634192e-08 -3.37890445e-08 1
LGIC_C 224 -0.39308212 0.0534308323 0.0250140012 4.96100851e-08 2.90231542e-08 1
LGIC_C 225 0.193001361 -0.654161569 0.0250140133 -8.63454093e-09 4.34088369e-08 1
LGIC_C 226 0.400387436 -0.222523823 0.0250140034 -3.68002179e-08 2.45891393e-08 1
LGIC_C 227 -0.175642961 0.51785628 0.0250140073 8.63455111e-09 -4.34088279e-08 1
LGIC_C 228 0.272933063 -0.305826997 0.0250140016 -1.31306721e-08 4.82586744e-08 1
LGIC_C 229 -0.501197904 -0.0819946942 0.0250140057 4.34088238e-08 8.63459484e-09 1
LGIC_C 230 -0.675438275 -0.19704045 0.0250140073 -4.34088282e-08 2.70157287e-08 -1
LGIC_C 231 0.557711913 0.263714611 0.0250140148 3.37890593e-08 4.80634111e-08 -1
LGIC_C 232 -0.274648858 0.801165644 0.0250140204 8.63455111e-09 -4.34088279e-08 1
LGIC_C 233 0.30061597 0.229928386 0.0250140008 -4.82586616e-08 -1.31306776e-08 1
LGIC_C 234 -0.0746284689 -0.457028173 0.0250140037 8.63456455e-09 4.34088336e-08 1
LGIC_C 235 0.291691649 0.472920337 0.0250140113 -2.81018716e-08 -4.20573923e-08 1
LGIC_C 236 0.285274962 -0.019029742 0.0250139961 -4.34088182e-08 2.48392526e-08 1
LGIC_C 237 0.677713814 -0.0061094284 0.025014017 -4.96100802e-08 3.14742968e-08 1
LGIC_C 238 -0.159098073 0.0190336898 0.0250139915 5.7878425e-08 4.89846948e-08 1
LGIC_C 239 0.477283667 -0.298218955 0.0250140117 -4.20573976e-08 2.81018683e-08 1
LGIC_C 240 0.146212872 -0.161143191 0.0250139943 -1.28239349e-08 5.73353226e-08 1
LGIC_C 241 -0.101401142 0.212980725 0.0250139951 2.8101852e-08 -4.20574041e-08 1
LGIC_C 242 0.643277291 -0.321343395 0.0250140204 -3.37890406e-08 4.80634332e-08 1
LGIC_C 243 -0.663891659 0.224647638 0.0250140184 4.96100897e-08 -9.86805572e-09 1
LGIC_C 244 0.553971981 -0.166455579 0.0250140172 -5.78784275e-08 1.15127558e-08 1
LGIC_C 245 -0.502341008 -0.480727587 0.0250140173 1.45571809e-08 5.5602105e-08 1
LGIC_C 246 0.390584506 0.451169956 0.0250140095 -2.45891309e-08 -3.68002211e-08 1
LGIC_C 247 -0.484166524 0.623441461 0.0250140181 2.45891128e-08 -3.68002333e-08 1
LGIC_C 248 0.0905569987 -0.0973065512 0.025013989 -2.45891087e-08 3.68002429e-08 1
LGIC_C 249 0.516095202 -0.00205765003 0.0250140089 -4.96100802e-08 3.14742968e-08 1
LGIC_C 250 0.235471707 0.522860186 0.0250140122 -4.80634192e-08 -3.37890445e-08 1
LGIC_C 251 0.0249171644 0.668237689 0.0250140163 -6.33660387e-09 4.96100877e-08 -1
LGIC_C 252 0.14378543 0.573447212 0.0250140162 -3.14742949e-08 -4.96100822e-08 1
LGIC_C 253 0.504312362 0.318658507 0.0250140118 -4.82586616e-08 -1.31306776e-08 1
LGIC_C 254 -0.477280876 0.297059971 0.0250140137 3.37890593e-08 -4.80634052e-08 1
LGIC_C 255 -0.7612229 -0.0802531407 0.0250140141 -4.34088282e-08 2.70157287e-08 -1
LGIC_C 256 -0.299906213 0.514573326 0.0250140096 2.45891128e-08 -3.68002333e-08 1
LGIC_C 257 0.292045879 0.300955725 0.0250140016 1.3130701e-08 4.82586573e-08 -1
LGIC_C 258 -0.307605128 0.568841774 0.0250140118 2.45891128e-08 -3.68002333e-08 1
LGIC_C 259 0.22852976 -0.321999698 0.0250140065 -3.27854948e-08 4.90669785e-08 1
LGIC_C 260 -0.0316423584 -0.631010994 0.0250140149 9.8680833e-09 4.96100963e-08 1
LGIC_C 261 0.0617825731 0.601396264 0.0250140099 -8.63455884e-09 -4.34088253e-08 1
LGIC_C 262 -0.347511589 0.3375223 0.0250140074 4.20574045e-08 -2.81018523e-08 1
LGIC_C 263 -0.687379646 -0.239743892 0.0250140066 -4.34088282e-08 2.70157287e-08 -1
LGIC_C 264 0.460244939 -0.328569609 0.0250140082 -3.68002179e-08 2.45891393e-08 1
LGIC_C 265 0.206049995 0.032662968 0.0250139938 -4.96100911e-08 -9.86803575e-09 1
LGIC_C 266 -0.146700196 -0.318239733 0.0250139988 3.95603082e-08 3.05989652e-08 1
LGIC_C 267 -0.283794056 -0.273816548 0.0250140026 1.45571809e-08 5.5602105e-08 1
LGIC_C 268 -0.0889289995 -0.523595819 0.0250140066 -2.90231482e-08 4.96101036e-08 1
LGIC_C 269 -0.0947828781 0.667025465 0.0250140158 -6.33661298e-09 -4.96100859e-08 1
LGIC_C 270 -0.0925674483 -0.126822193 0.0250139911 7.55636799e-08 6.2887973e-09 1
LGIC_C 271 -0.500524418 -0.45314521 0.0250140128 3.68002489e-08 2.45891179e-08 1
LGIC_C 272 -0.406389121 0.289351613 0.0250140067 -4.82586679e-08 1.31306769e-08 -1
LGIC_C 273 0.740092228 -0.205312167 0.0250140205 -4.34088182e-08 2.48392526e-08 1
LGIC_C 274 -0.342029699 0.353479907 0.0250140047 2.45891128e-08 -3.68002333e-08 1
LGIC_C 275 0.0332630352 -0.575962275 0.0250140116 6.33663526e-09 4.9610097e-08 1
LGIC_C 276 -0.138231787 -0.526925261 0.0250140054 -2.90231482e-08 4.96101036e-08 1
LGIC_C 277 0.652977254 -0.101583732 0.0250140188 -4.96100802e-08 3.14742968e-08 1
LGIC_C 278 0.295824007 0.262358344 0.0250140006 -3.68002282e-08 -2.45891172e-08 1
LGIC_C 279 0.0722756121 -0.0773499922 0.0250139879 -2.45891087e-08 3.68002429e-08 1
LGIC_C 280 -0.285963237 -0.136600112 0.025013995 1.45571809e-08 5.5602105e-08 1
LGIC_C 281 0.360091498 0.564104692 0.0250140196 -4.80634192e-08 -3.37890445e-08 1
LGIC_C 282 -0.235234191 -0.429929838 0.0250140057 3.95603082e-08 3.05989652e-08 1
LGIC_C 283 -0.238364668 -0.478560041 0.0250140043 7.55636799e-08 6.2887973e-09 1
LGIC_C 284 0.242659368 -0.783030956 0.0250140193 -8.63454093e-09 4.34088369e-08 1
LGIC_C 285 -0.276034924 0.487751619 0.0250140163 3.27854968e-08 -4.90669676e-08 1
LGIC_C 286 -0.539962128 0.0265298729 0.0250140093 4.96100851e-08 2.90231542e-08 1
LGIC_C 287 -0.0620470424 -0.159638132 0.0250139907 8.63456455e-09 4.34088336e-08 1
LGIC_C 288 0.0164716986 -0.344181354 0.0250140002 6.33663526e-09 4.9610097e-08 1
LGIC_C 289 0.0399083622 0.017553804 0.0250139851 -3.68002282e-08 -2.45891172e-08 1
LGIC_C 290 -0.375818389 -0.515050307 0.0250140155 2.81018674e-08 4.20574117e-08 1
LGIC_C 291 -0.526645685 0.459841524 0.025014014 3.68002297e-08 -2.45891157e-08 1
LGIC_C 292 0.445365518 0.463769375 0.0250140153 -2.81018716e-08 -4.20573923e-08 1
LGIC_C 293 -0.678358846 -0.0552633846 0.0250140153 -4.96100919e-08 2.90231703e-08 -1
LGIC_C 294 0.0542512857 -0.196276198 0.0250139952 -1.15127059e-08 5.78784511e-08 1
LGIC_C 295 -0.167483094 0.114332355 0.025013993 6.28881943e-09 -7.55636452e-08 1
LGIC_C 296 0.49423792 0.272754272 0.0250140117 -4.20574004e-08 -2.81018564e-08 1
LGIC_C 297 0.0161385237 0.363858025 0.0250139992 -8.63455884e-09 -4.34088253e-08 1
LGIC_C 298 0.0886931482 -0.50045875 0.0250140089 -9.86804037e-09 4.96101e-08 1
LGIC_C 299 -0.105468075 -0.32223693 0.0250140003 9.8680833e-09 4.96100963e-08 1
LGIC_C 300 0.419599634 -0.0464590074 0.0250140026 -4.34088182e-08 2.48392526e-08 1
LGIC_C 301 0.0958085954 0.37324492 0.0250140003 -8.63455884e-09 -4.34088253e-08 1
LGIC_C 302 0.405456617 0.339839262 0.0250140098 -4.20574004e-08 -2.81018564e-08 1
LGIC_C 303 -0.0565399682 0.364886049 0.0250140019 9.86805557e-09 -4.96100883e-08 1
LGIC_C 304 -0.136991413 0.387671255 0.0250140016 -6.33661298e-09 -4.96100859e-08 1
LGIC_C 305 -0.440083374 0.224650508 0.025014005 3.68002297e-08 -2.45891157e-08 1
LGIC_C 306 0.177147212 0.115331061 0.0250139948 3.37890593e-08 4.80634111e-08 -1
LGIC_C 307 -0.406922438 0.253570321 0.0250140062 -4.82586679e-08 1.31306769e-08 -1
LGIC_C 308 0.618918937 -0.274522504 0.0250140128 -3.68002179e-08 2.45891393e-08 1
LGIC_C 309 0.118742444 0.0973122344 0.02501399 -3.68002282e-08 -2.45891172e-08 1
LGIC_C 310 0.102252029 0.779004635 0.025014018 -8.63455884e-09 -4.34088253e-08 1
LGIC_C 311 0.596649875 0.613636727 0.0242165499 0.552996265 0.827617084 0.0961514014
LGIC_C 312 0.291598459 0.205512024 0.0250140013 -4.20574004e-08 -2.81018564e-08 1
LGIC_C 313 0.672824548 0.356264168 0.0250140168 -3.68002282e-08 -2.45891172e-08 1
LGIC_C 314 -0.263974604 0.512818098 0.0250140086 2.45891128e-08 -3.68002333e-08 1
LGIC_C 315 -0.103865525 0.0111111074 0.0250139885 4.96100897e-08 -9.86805572e-09 1
LGIC_C 316 -0.214575545 -0.208994623 0.0250140004 6.28883752e-09 7.55636663e-08 1
LGIC_C 317 -0.373353278 -0.229169964 0.0250140026 3.68002489e-08 2.45891179e-08 1
LGIC_C 318 -0.196994644 -0.339878317 0.0250139992 -5.56021111e-08 -1.45571543e-08 -1
LGIC_C 319 -0.49739738 -0.0657928937 0.0250140031 -4.34088282e-08 2.70157287e-08 -1
LGIC_C 320 0.444489126 0.588074109 0.0250140205 -2.81018716e-08 -4.20573923e-08 1
LGIC_C 321 0.577965671 -0.275221153 0.025014016 -3.37890406e-08 4.80634332e-08 1
LGIC_C 322 0.517546591 0.238697241 0.0250140113 -4.82586616e-08 -1.31306776e-08 1
LGIC_C 323 -0.323934059 -0.657972822 0.02501402 2.81018674e-08 4.20574117e-08 1
LGIC_C 324 0.022782375 0.699797506 0.0250140178 -6.33660387e-09 4.96100877e-08 -1
LGIC_C 325 0.466022343 0.632357667 0.025014018 -2.45891309e-08 -3.68002211e-08 1
LGIC_C 326 0.176709282 0.658259501 0.0250140148 -6.33660387e-09 4.96100877e-08 -1
LGIC_C 327 -0.290093702 -0.0314003372 0.0250139968 -4.96100919e-08 2.90231703e-08 -1
LGIC_C 328 -0.412584102 0.0291454361 0.0250140019 4.34088279e-08 -2.48392273e-08 1
LGIC_C 329 0.59191058 -0.2131954 0.0250140147 -4.96100859e-08 9.86807898e-09 1
LGIC_C 330 0.375163752 -0.0415668769 0.0250140031 -4.96100802e-08 3.14742968e-08 1
LGIC_C 331 0.226452157 -0.0981198773 0.025013994 -3.05989503e-08 3.95603122e-08 1
LGIC_C 332 -0.0257467504 -0.371444855 0.0250140019 9.8680833e-09 4.96100963e-08 1
LGIC_C 333 0.48571677 0.179675517 0.0250140059 -4.34088272e-08 -8.63453573e-09 1
LGIC_C 334 0.235389482 0.811441982 0.0217546596 0.194186548 0.976240951 0.0961519121
LGIC_C 335 0.193384983 0.561315028 0.0250140099 -6.33660387e-09 4.96100877e-08 -1
LGIC_C 336 -0.754331814 0.0104041153 0.0250140163 4.34088279e-08 -2.48392273e-08 1
LGIC_C 337 -0.0376020221 -0.0143170064 0.0250139847 -4.96100919e-08 2.90231703e-08 -1
LGIC_C 338 -0.194675924 0.323348637 0.025014 2.45891128e-08 -3.68002333e-08 1
LGIC_C 339 0.140924851 -0.198030325 0.0250139946 -1.31306721e-08 4.82586744e-08 1
LGIC_C 340 -0.304982596 0.603719691 0.0250140172 2.8101852e-08 -4.20574041e-08 1
LGIC_C 341 -0.0424538292 -0.722456011 0.025014015 8.63456455e-09 4.34088336e-08 1
LGIC_C 342 -0.832122992 -0.00775462765 0.0250140192 -4.34088282e-08 2.70157287e-08 -1
LGIC_C 343 0.271709052 0.478783777 0.0250140099 1.3130701e-08 4.82586573e-08 -1
LGIC_C 344 -0.134374835 0.00857203354 0.0250139906 5.7878425e-08 4.89846948e-08 1
LGIC_C 345 -0.116257423 -0.155656918 0.025013993 7.55636799e-08 6.2887973e-09 1
LGIC_C 346 0.351760204 0.32138441 0.0250140041 -3.68002282e-08 -2.45891172e-08 1
LGIC_C 347 0.464404038 -0.187691436 0.0250140081 -4.96100859e-08 9.86807898e-09 1
LGIC_C 348 -0.159277238 -0.615791396 0.0250140154 9.8680833e-09 4.96100963e-08 1
LGIC_C 349 -0.187561335 -0.529387401 0.025014004 -2.90231482e-08 4.96101036e-08 1
LGIC_C 350 -0.23028521 0.365470461 0.0250140024 2.45891128e-08 -3.68002333e-08 1
LGIC_C 351 -0.0990071094 0.0828825781 0.0250139906 3.37890593e-08 -4.80634052e-08 1
LGIC_C 352 -0.197242441 -0.29429459 0.0250140001 3.95603082e-08 3.05989652e-08 1
LGIC_C 353 -0.350143032 0.156740066 0.0250140024 4.20574045e-08 -2.81018523e-08 1
LGIC_C 354 0.127164747 0.178078659 0.0250139943 -2.81018716e-08 -4.20573923e-08 1
LGIC_C 355 0.0936028306 -0.553058943 0.0250140143 1.00935263e-08 5.7878447e-08 1
LGIC_C 356 0.119902295 0.698380149 0.0250140146 -8.63455884e-09 -4.34088253e-08 1
LGIC_C 357 0.751301545 0.158225877 0.0250140195 -4.96100869e-08 6.3366408e-09 1
LGIC_C 358 0.0524699602 -0.0184674225 0.025013986 -4.96100859e-08 9.86807898e-09 1
LGIC_C 359 -0.259846685 0.220238134 0.0250140016 6.28881943e-09 -7.55636452e-08 1
LGIC_C 360 -0.487569014 0.444701472 0.0250140121 3.68002297e-08 -2.45891157e-08 1
LGIC_C 361 0.599160845 -0.168362635 0.0250140146 -4.96100859e-08 9.86807898e-09 1
LGIC_C 362 -0.444220241 -0.105594237 0.0250140022 -4.96100919e-08 2.90231703e-08 -1
LGIC_C 363 -0.34476923 0.458043889 0.0250140099 1.31306824e-08 -4.82586643e-08 1
LGIC_C 364 0.0844800065 0.155440771 0.0250139937 -3.27855134e-08 -4.90669575e-08 1
LGIC_C 365 0.601361752 -0.303273247 0.025014017 -4.20573976e-08 2.81018683e-08 1
LGIC_C 366 -0.339617446 -0.702187337 0.0250140182 3.95603082e-08 3.05989652e-08 1
LGIC_C 367 0.419705013 -0.127108587 0.0250140046 -4.34088182e-08 2.48392526e-08 1
LGIC_C 368 -0.120722589 -0.30862377 0.0250139996 2.48392553e-08 4.34088306e-08 1
LGIC_C 369 -0.101179842 -0.600476637 0.0250140101 -2.90231482e-08 4.96101036e-08 1
LGIC_C 370 -0.391957048 -0.582568385 0.0250140143 2.45891453e-08 3.68002268e-08 1
LGIC_C 371 0.20561028 0.0700408539 0.0250139928 -4.34088272e-08 -8.63453573e-09 1
LGIC_C 372 -0.0785024602 0.451845007 0.0250140036 8.63455111e-09 -4.34088279e-08 1
LGIC_C 373 -0.60443295 0.504597349 0.0250140179 3.68002297e-08 -2.45891157e-08 1
LGIC_C 374 0.0460221624 -0.20488527 0.0250139931 6.33663526e-09 4.9610097e-08 1
LGIC_C 375 0.159488631 -0.648570758 0.0250140192 1.00935263e-08 5.7878447e-08 1
LGIC_C 376 0.38983518 0.363921468 0.0250140099 -4.20574004e-08 -2.81018564e-08 1
LGIC_C 377 0.314376294 0.157074373 0.0250139987 -3.68002282e-08 -2.45891172e-08 1
LGIC_C 378 -0.645280086 0.0895690517 0.0250140127 4.96100851e-08 2.90231542e-08 1
LGIC_C 379 -0.0255098614 -0.479283799 0.0250140073 9.8680833e-09 4.96100963e-08 1
LGIC_C 380 0.0955381501 0.618663261 0.0250140149 -9.86806672e-09 -4.96100854e-08 1
LGIC_C 381 0.0164738408 0.654893594 0.0250140157 -6.33660387e-09 4.96100877e-08 -1
LGIC_C 382 0.56280156 -0.300522571 0.0250140167 -3.37890406e-08 4.80634332e-08 1
LGIC_C 383 0.335117227 -0.507143842 0.0250140191 -3.27854948e-08 4.90669785e-08 1
LGIC_C 384 -0.455883212 -0.415222365 0.0250140175 6.28883752e-09 7.55636663e-08 1
LGIC_C 385 0.592724313 0.0590652172 0.0250140182 -5.78784335e-08 -1.15127284e-08 1
LGIC_C 386 0.505956788 -0.472555198 0.0250140135 -3.68002179e-08 2.45891393e-08 1
LGIC_C 387 0.554403613 -0.258283326 0.0250140144 -3.37890406e-08 4.80634332e-08 1
LGIC_C 388 -0.00388447156 0.44856488 0.0250140057 -3.14742797e-08 4.96100914e-08 -1
LGIC_C 389 0.368213105 -0.366523654 0.025014009 -4.20573976e-08 2.81018683e-08 1
LGIC_C 390 0.563925448 0.0139591722 0.0250140111 -4.96100869e-08 6.3366408e-09 1
LGIC_C 391 -0.193856513 0.0888624515 0.0250139941 3.37890593e-08 -4.80634052e-08 1
LGIC_C 392 -0.184313078 -0.58383019 0.0250140068 -2.90231482e-08 4.96101036e-08 1
LGIC_C 393 -0.020918492 -0.314663661 0.0250139971 8.63456455e-09 4.34088336e-08 1
LGIC_C 394 0.427534209 0.656276891 0.0250140179 -2.45891309e-08 -3.68002211e-08 1
LGIC_C 395 0.339734797 0.432135995 0.0250140086 1.3130701e-08 4.82586573e-08 -1
LGIC_C 396 0.270523852 0.429553407 0.0250140075 1.3130701e-08 4.82586573e-08 -1
LGIC_C 397 -0.683424233 0.246758755 0.0250140151 4.34088259e-08 -8.63455061e-09 1
LGIC_C 398 -0.579858757 0.246125324 0.0250140147 3.37890593e-08 -4.80634052e-08 1
LGIC_C 399 0.61527812 -0.151510775 0.0250140185 -4.96100802e-08 3.14742968e-08 1
