VGCC_O 7 -0.137449801 0.00579357966 0.0466933342 -1.62059625e-06 3.22356338e-07 -1
VGCC_O 1 -0.126159285 0.0151063295 0.0466933189 -1.62059625e-06 3.22356338e-07 -1
VGCC_O 9 0.0953603447 -0.018533153 0.0466930096 -1.14792244e-06 -1.24564753e-07 -1
VGCC_O 4 -0.108229728 0.00324736392 0.0466932869 -8.10297798e-07 1.61178104e-07 -1
VGCC_O 5 0.113746944 -0.0200409323 0.0466929896 -1.01287282e-06 -1.51427976e-07 -1
CaBS 10 0.114333755 -0.00451867008 0.0744000149 0.324116486 0.74980293 0.576839726
CaBS 11 0.100776503 -0.0359180431 0.0694185088 -0.735818491 -0.677177075 0.00153536998
CaBS 13 0.110044841 -0.00501006059 0.0774486153 0.324116486 0.74980293 0.576839726
CaBS 14 0.0913976985 -0.00886977081 0.0675516621 -0.751399618 0.322919164 -0.575431861
CaBS 15 0.0943154213 -0.0172663571 0.0804317907 -0.748611723 0.322508223 0.579283121
CaBS 16 0.0923535804 -0.0225415937 0.0586311569 -0.751399618 0.322919164 -0.575431861
CaBS 17 0.117378136 -0.0280078108 0.0781247557 0.751399702 -0.322919474 0.575431578
CaBS 19 0.0980526858 -0.0228207459 0.0563391862 -0.333750671 -0.131704002 -0.933415527
CaBS 20 0.107752896 -0.0144877949 0.0857481774 0.333750516 0.131703927 0.933415593
CaBS 21 0.0946373451 -0.0109604795 0.0773371011 -0.748611723 0.322508223 0.579283121
CaBS 22 0.097474268 -0.0121723006 0.0816779422 -0.748611723 0.322508223 0.579283121
CaBS 23 0.121372827 -0.0264178023 0.0656222507 0.748611785 -0.322508546 -0.579282861
CaBS 24 0.105778018 -0.035296795 0.0645487423 0.344822999 -0.867728964 -0.357971429
Ca 4 -0.142707725 0.660506146 0.141226356 0 0 0
Ca 8 0.120366949 -0.3389263 0.881168855 0 0 0
Ca 4 0.650278017 0.0900013938 0.146692606 0 0 0
Ca 8 -0.174001998 -0.131562733 0.797435607 0 0 0
Ca 8 -0.0287385709 0.248220281 0.170375811 0 0 0
Ca 1 0.167340767 0.140296447 0.286328053 0 0 0
Ca 8 -0.028266716 0.324597012 0.818180724 0 0 0
Ca 6 -0.340095496 0.189181095 0.614125382 0 0 0
Ca 4 0.470873991 0.21640281 0.259578238 0 0 0
Ca 6 -0.290831372 -0.188945432 0.458743528 0 0 0
Ca 4 0.4420396 -0.184491577 0.253097927 0 0 0
Ca 7 -0.16272891 0.360967977 0.370664243 0 0 0
Ca 7 -0.476351444 0.189067859 0.43560203 0 0 0
Ca 1 0.0948863356 0.44553105 0.720637965 0 0 0
Ca 8 -0.227160695 -0.00922671725 0.392375753 0 0 0
Ca 4 0.14341865 0.132650212 0.468094159 0 0 0
Ca 8 -0.0732556589 -0.272619559 0.545633789 0 0 0
Ca 6 -0.387786591 0.0616111868 0.873151327 0 0 0
Ca 4 0.698108495 -0.329081035 0.151187309 0 0 0
Ca 1 0.427805855 -0.33049628 0.442882039 0 0 0
Ca 6 0.0654945586 -0.210985417 0.375945628 0 0 0
Ca 4 -0.476575998 -0.0355884977 0.445253022 0 0 0
Ca 6 -0.469940388 0.0109818287 0.159758516 0 0 0
Ca 7 0.0854844765 -0.704451074 0.497873448 0 0 0
Ca 1 -0.00100725449 -0.200250159 0.217832236 0 0 0
Ca 4 -0.0539583405 -0.122950448 0.622093531 0 0 0
Ca 8 -0.573565805 0.373813166 0.49736105 0 0 0
Ca 8 -0.10648967 -0.395280191 0.28645587 0 0 0
Ca 7 -0.739375331 -0.0647257832 0.576055122 0 0 0
Ca 4 0.188068044 0.224726013 0.63602709 0 0 0
Ca 1 -0.648736839 0.19478567 0.196604458 0 0 0
Ca 1 0.296278861 0.680990999 0.0686174184 0 0 0
Ca 6 0.019563756 0.0203588841 1.36777597 0 0 0
Ca 7 -0.0687836532 0.259904297 0.952328889 0 0 0
Ca 1 -0.103425456 0.0712182964 0.234737387 0 0 0
Ca 8 -0.417504067 0.0796919767 0.390624406 0 0 0
Ca 6 -0.329387358 -0.287100769 0.267078972 0 0 0
Ca 1 -0.575371222 -0.150243742 0.352006269 0 0 0
Ca 1 -0.415707726 0.399103208 0.417065619 0 0 0
Ca 4 -0.257397588 0.251549715 0.819405899 0 0 0
Ca 8 -0.114361073 -0.208582148 0.439864834 0 0 0
Ca 7 -0.436908722 0.200728386 0.128506665 0 0 0
Ca 7 -0.799245352 0.263148422 0.279957002 0 0 0
Ca 1 -0.526643098 -0.0475714585 0.622569889 0 0 0
Ca 6 0.278665202 -0.0647392204 0.208445549 0 0 0
Ca 6 -0.578013759 0.179909771 0.301403295 0 0 0
Ca 7 -0.678684056 -0.0731551768 0.250137035 0 0 0
Ca 7 -0.190778112 -0.0930524401 0.270510918 0 0 0
Ca 6 -0.367232623 0.297120048 0.455776075 0 0 0
Ca 4 -0.0643877959 -0.18859037 0.225887722 0 0 0
Ca 7 -0.244507633 -0.0907913652 0.375333486 0 0 0
Ca 4 -0.134167786 0.060236388 0.302560711 0 0 0
Ca 7 -0.20790777 -0.463368723 0.353753636 0 0 0
Ca 4 -0.0823986118 -0.347724474 0.363405518 0 0 0
Ca 4 0.0995505269 0.155890576 0.735384324 0 0 0
Ca 6 -0.0946930419 -0.20940854 0.328975891 0 0 0
Ca 4 -0.449653522 0.119344231 0.29701758 0 0 0
Ca 8 0.201787489 0.396319317 0.219244907 0 0 0
Ca 4 -0.278638597 0.217566265 0.11126741 0 0 0
Ca 6 -0.166351445 -0.0685768324 0.250416653 0 0 0
Ca 1 0.0128246201 0.0681150509 0.152271981 0 0 0
Ca 4 -0.0349628647 0.173877303 0.193313133 0 0 0
Ca 7 -0.204094563 -0.0673340968 0.391121893 0 0 0
Ca 4 0.181737351 -0.182165684 0.208236742 0 0 0
Ca 1 -0.0748633155 -0.0873302211 0.404931647 0 0 0
Ca 4 -0.0453385654 -0.00406844525 0.259899607 0 0 0
Ca 1 -0.0310916073 -0.0782852499 0.15493017 0 0 0
Ca 6 -0.127200803 0.0578923654 0.343950396 0 0 0
Ca 6 -0.162815206 -0.00747607029 0.11260377 0 0 0
Ca 8 -0.249373702 -0.0236385799 0.427554619 0 0 0
Ca 8 -0.217089158 0.102523363 0.209901237 0 0 0
Ca 1 -0.155917488 0.0927421471 0.29183173 0 0 0
Ca 7 0.0202761165 0.0206301892 0.242055214 0 0 0
Ca 6 -0.227115647 0.0270203686 0.144990567 0 0 0
Ca 4 -0.161744367 0.0567618054 0.0508397798 0 0 0
Ca 8 -0.0564635109 0.0320715252 0.19623294 0 0 0
Ca 1 -0.215668776 -0.066833438 0.114138946 0 0 0
Ca 8 -0.0233185255 0.0181293233 0.172662791 0 0 0
Ca 8 -0.126360478 0.0565338468 0.114779738 0 0 0
Ca 1 -0.0490855501 0.0463253989 0.0718625298 0 0 0
Ca 7 -0.128991981 0.0601386403 0.0720958005 0 0 0
Ca 1 -0.148134888 0.0573419208 0.0468833096 0 0 0
Ca 7 -0.165786225 -0.0468103505 0.0714123765 0 0 0
Ca 1 -0.113265701 0.0682150718 0.0555134429 0 0 0
Ca 6 -0.182959704 0.012976628 0.0962755297 0 0 0
Ca 4 -0.0938090304 0.0124247096 0.0466790609 0 0 0
Ca 8 -0.110818641 0.0650180262 0.0651300625 0 0 0
VGCC_O 0 0.11238887 -0.0311459409 0.0466929927 -1.01287282e-06 -1.51427976e-07 -1
VGCC_O 6 -0.12622171 0.0241576588 0.046693322 -1.62059677e-06 3.22356891e-07 -1
VGCC_O 2 0.119933892 -0.04777957 0.0466929781 -1.41802115e-06 2.82063236e-07 -1
VGCC_O 8 -0.134706799 0.0161271258 0.0466933331 -1.62059677e-06 3.22356891e-07 -1
VGCC_O 3 0.0772568984 -0.00428239309 0.046693036 -1.41802159e-06 2.82063681e-07 -1
TAG 41 -0.105784995 0.0105052503 0.0536665039 -0.333750681 -0.131703993 -0.933415524
TAG 73 0.105323475 -0.00357186878 0.063445091 -0.346545998 0.867982935 -0.355684546
TAG 71 -0.096079873 0.00270213046 0.0564810255 0.74861179 -0.322508554 -0.579282851
TAG 70 -0.118208439 0.00383577013 0.0653592954 -0.735818461 -0.677177107 0.0015353549
TAG 69 -0.119239302 0.00795267007 0.0681959954 -0.999896295 -0.0141984574 0.00240892698
TAG 67 -0.115078276 0.000454692191 0.0742448755 -0.735818461 -0.677177107 0.0015353549
TAG 65 0.119072188 -0.020557456 0.0800936336 0.751399702 -0.322919474 0.575431578
TAG 63 -0.104896891 0.0149528875 0.0527352849 0.329239713 0.132369034 -0.93492227
TAG 62 -0.0995730683 0.0302300905 0.0690462359 0.3213287 0.750213891 -0.577864158
TAG 59 -0.100018848 -0.00188752594 0.0603333581 0.344822933 -0.867729023 -0.35797135
TAG 55 -0.119337383 0.0151637023 0.0699872324 -0.999896295 -0.0141984574 0.00240892698
TAG 54 -0.104785227 0.0261860029 0.076486355 -0.344822968 0.867728888 0.357971643
TAG 53 -0.089146311 -0.000197085518 0.0670554248 0.74861179 -0.322508554 -0.579282851
TAG 52 -0.119278263 0.0119799944 0.0757618237 -0.999896295 -0.0141984574 0.00240892698
TAG 51 -0.102448777 0.00747370566 0.0865367572 -0.329239868 -0.132369105 0.934922205
TAG 45 -0.113699624 0.0170707545 0.0588716642 -0.751399624 0.322919173 -0.575431849
TAG 44 -0.11923843 0.00668793202 0.0611035411 -0.999896295 -0.0141984574 0.00240892698
LGIC_C 0 0.527647565 0.224464493 0.0250140117 -4.20574004e-08 -2.81018564e-08 1
LGIC_C 1 -0.33830636 0.0163279233 0.0250139981 4.34088259e-08 -8.63455061e-09 1
LGIC_C 2 -0.512160884 0.104196699 0.0250140097 4.96100897e-08 -9.86805572e-09 1
LGIC_C 3 0.256220727 -0.636858261 0.0250140174 -9.86804037e-09 4.96101e-08 1
LGIC_C 4 -0.384577887 -0.215405284 0.0250140019 6.28883752e-09 7.55636663e-08 1
LGIC_C 5 0.00894052833 -0.539747111 0.0250140144 1.00935263e-08 5.7878447e-08 1
LGIC_C 6 -0.333059709 0.476227375 0.0250140148 1.28239438e-08 -5.73353116e-08 1
LGIC_C 7 -0.723302217 0.435220914 0.00481037509 -0.827617296 0.552995934 0.0961514895
LGIC_C 8 -0.243455684 0.280791192 0.0250139996 2.45891128e-08 -3.68002333e-08 1
LGIC_C 9 -0.466935109 -0.302456681 0.025014009 6.28883752e-09 7.55636663e-08 1
LGIC_C 10 -0.401338372 -0.617388568 0.025014018 3.95603082e-08 3.05989652e-08 1
LGIC_C 11 0.1927373 0.575484702 0.0250140106 -6.33660387e-09 4.96100877e-08 -1
LGIC_C 12 0.358308862 0.182297786 0.0250140068 -4.90669739e-08 -3.27854893e-08 1
LGIC_C 13 0.696284432 -0.120060973 0.025014019 -4.96100859e-08 9.86807898e-09 1
LGIC_C 14 0.644232771 0.221919635 0.0250140138 -4.96100869e-08 6.3366408e-09 1
LGIC_C 15 -0.443069455 -0.357131537 0.0250140088 5.39043203e-09 6.47688584e-08 1
LGIC_C 16 0.64296668 -0.123672932 0.0250140163 -4.96100859e-08 9.86807898e-09 1
LGIC_C 17 -0.543634611 0.352952987 0.0250140141 -4.82586679e-08 1.31306769e-08 -1
LGIC_C 18 0.261875895 -0.436897342 0.025014009 -2.81018481e-08 4.20574137e-08 1
LGIC_C 19 -0.341302713 0.266905198 0.0250140076 3.37890593e-08 -4.80634052e-08 1
LGIC_C 20 0.175675449 -0.33972183 0.0250140025 -2.81018481e-08 4.20574137e-08 1
LGIC_C 21 -0.0140485402 -0.172104525 0.0250139914 -2.90231482e-08 4.96101036e-08 1
LGIC_C 22 0.1694824 0.624714232 0.0250140159 -9.86806672e-09 -4.96100854e-08 1
LGIC_C 23 -0.481020611 0.387113028 0.0250140105 3.68002297e-08 -2.45891157e-08 1
LGIC_C 24 0.101042359 0.488070796 0.0250140085 -9.86806672e-09 -4.96100854e-08 1
LGIC_C 25 0.420269101 0.0283705472 0.0250140017 -4.34088272e-08 -8.63453573e-09 1
LGIC_C 26 -0.0658926825 0.294748997 0.0250140011 1.15127271e-08 -5.78784352e-08 1
LGIC_C 27 -0.249854478 0.487164291 0.0250140154 3.27854968e-08 -4.90669676e-08 1
LGIC_C 28 0.668905963 0.0818896475 0.025014013 -4.34088272e-08 -8.63453573e-09 1
LGIC_C 29 -0.564527389 -0.117998912 0.0250140102 5.7878436e-08 -4.89847332e-08 1
LGIC_C 30 0.606658215 0.0699826407 0.0250140129 -4.96100869e-08 6.3366408e-09 1
LGIC_C 31 -0.393368282 -0.488678609 0.0250140138 3.95603082e-08 3.05989652e-08 1
LGIC_C 32 0.038048966 0.0857995483 0.0250139879 1.3130701e-08 4.82586573e-08 -1
LGIC_C 33 -0.00841296597 0.604449945 0.0250140096 8.63455111e-09 -4.34088279e-08 1
LGIC_C 34 0.20051972 -0.439545618 0.0250140114 -3.27854948e-08 4.90669785e-08 1
LGIC_C 35 -0.16097273 -0.529000929 0.0250140048 -2.90231482e-08 4.96101036e-08 1
LGIC_C 36 0.540994099 -0.549185732 0.0250140167 -2.45891087e-08 3.68002429e-08 1
LGIC_C 37 0.135423453 0.749268827 0.025014017 -8.63455884e-09 -4.34088253e-08 1
LGIC_C 38 0.71934274 -0.306588092 0.0250140174 -3.05989503e-08 3.95603122e-08 1
LGIC_C 39 0.714001672 0.3321626 0.0250140177 -3.68002282e-08 -2.45891172e-08 1
LGIC_C 40 -0.725737422 0.00064333056 0.0250140148 4.34088279e-08 -2.48392273e-08 1
LGIC_C 41 -0.501403644 0.635964391 0.025014019 2.45891128e-08 -3.68002333e-08 1
LGIC_C 42 -0.274653354 -0.607139786 0.0250140123 2.45891453e-08 3.68002268e-08 1
LGIC_C 43 -0.593949673 -0.548630688 0.0250140174 1.15916899e-08 4.97976879e-08 1
LGIC_C 44 0.286871049 0.568602582 0.0250140145 1.3130701e-08 4.82586573e-08 -1
LGIC_C 45 0.0151100897 -0.230908855 0.0250139946 6.33663526e-09 4.9610097e-08 1
LGIC_C 46 -0.207651836 -0.200320437 0.0250139973 5.39043203e-09 6.47688584e-08 1
LGIC_C 47 0.507161277 -0.190167669 0.0250140148 -5.78784275e-08 1.15127558e-08 1
LGIC_C 48 -0.0264400573 -0.426317389 0.025014002 8.63456455e-09 4.34088336e-08 1
LGIC_C 49 -0.535339088 -0.21316035 0.0250140083 4.34088238e-08 8.63459484e-09 1
LGIC_C 50 0.276237243 -0.301988071 0.0250140071 -3.27854948e-08 4.90669785e-08 1
LGIC_C 51 -0.599592943 -0.00411362348 0.0250140093 4.34088238e-08 8.63459484e-09 1
LGIC_C 52 0.632747346 -0.178363025 0.0250140151 -4.34088182e-08 2.48392526e-08 1
LGIC_C 53 0.356790554 -0.141961494 0.0250140022 -4.34088182e-08 2.48392526e-08 1
LGIC_C 54 -0.042472166 -0.235793551 0.0250139948 -4.89847109e-08 5.78784581e-08 1
LGIC_C 55 0.421783346 0.546853863 0.0250140137 -2.45891309e-08 -3.68002211e-08 1
LGIC_C 56 -0.164613893 -0.244114731 0.025013996 -5.56021111e-08 -1.45571543e-08 -1
LGIC_C 57 -0.0765317748 0.434314127 0.0250140072 -3.14742797e-08 4.96100914e-08 -1
LGIC_C 58 0.415752232 -0.069280466 0.025014003 -4.34088182e-08 2.48392526e-08 1
LGIC_C 59 -0.400539287 -0.24912601 0.0250140029 1.45571809e-08 5.5602105e-08 1
LGIC_C 60 0.127500558 0.467253658 0.0250140104 -3.14742949e-08 -4.96100822e-08 1
LGIC_C 61 -0.378268567 0.329212715 0.0250140084 4.20574045e-08 -2.81018523e-08 1
LGIC_C 62 -0.0972041108 0.426576212 0.0250140075 -3.14742797e-08 4.96100914e-08 -1
LGIC_C 63 0.185109568 -0.0194611624 0.0250139926 -4.96100859e-08 9.86807898e-09 1
LGIC_C 64 -0.247996011 0.0791789441 0.0250139937 5.7878425e-08 4.89846948e-08 1
LGIC_C 65 0.0314486585 0.315144631 0.0250139992 -9.86806672e-09 -4.96100854e-08 1
LGIC_C 66 -0.282949165 -0.304543216 0.0250140014 2.45891453e-08 3.68002268e-08 1
LGIC_C 67 -0.471664959 0.427779287 0.0250140186 6.28881943e-09 -7.55636452e-08 1
LGIC_C 68 -0.60520272 -0.0903634087 0.0250140071 -4.34088282e-08 2.70157287e-08 -1
LGIC_C 69 -0.661609359 -0.342931759 0.025014016 3.68002489e-08 2.45891179e-08 1
LGIC_C 70 -0.049932598 0.442852127 0.0250140029 8.63455111e-09 -4.34088279e-08 1
LGIC_C 71 0.606347294 0.122449138 0.0250140197 -5.78784335e-08 -1.15127284e-08 1
LGIC_C 72 0.101925506 0.34203995 0.0250139996 -6.33660387e-09 4.96100877e-08 -1
LGIC_C 73 -0.00699735156 4.48773791e-05 0.0250139836 4.34088279e-08 -2.48392273e-08 1
LGIC_C 74 0.489049613 0.450727866 0.0250140128 -4.82586616e-08 -1.31306776e-08 1
LGIC_C 75 0.549993398 -0.580042694 0.0250140181 -2.45891087e-08 3.68002429e-08 1
LGIC_C 76 -0.674835023 0.0927873606 0.025014014 4.96100851e-08 2.90231542e-08 1
LGIC_C 77 0.313602071 -0.202731968 0.0250140008 -3.05989503e-08 3.95603122e-08 1
LGIC_C 78 0.237111831 0.383488633 0.0250140098 -3.27855134e-08 -4.90669575e-08 1
LGIC_C 79 -0.603030959 -0.256276069 0.025014003 1.15916899e-08 4.97976879e-08 1
LGIC_C 80 0.708358018 -0.0538189331 0.0250140144 -4.34088226e-08 8.63456802e-09 1
LGIC_C 81 0.0863040112 0.673644953 0.0250140161 -6.33660387e-09 4.96100877e-08 -1
LGIC_C 82 0.493552269 -0.343284477 0.0250140119 -3.05989503e-08 3.95603122e-08 1
LGIC_C 83 -0.376910569 0.252655854 0.0250140048 -4.82586679e-08 1.31306769e-08 -1
LGIC_C 84 0.249454792 0.486814723 0.02501401 1.3130701e-08 4.82586573e-08 -1
LGIC_C 85 -0.0590929752 0.114939085 0.0250139906 1.28239438e-08 -5.73353116e-08 1
LGIC_C 86 0.570383129 -0.361433627 0.0250140199 -3.37890406e-08 4.80634332e-08 1
LGIC_C 87 -0.366234501 -0.213240219 0.0250140004 1.45571809e-08 5.5602105e-08 1
LGIC_C 88 -0.575319518 -0.517645603 0.0250140157 1.15916899e-08 4.97976879e-08 1
LGIC_C 89 0.310446296 -0.504463535 0.0250140117 -1.31306721e-08 4.82586744e-08 1
LGIC_C 90 -0.326965118 -0.310106556 0.0250140052 1.45571809e-08 5.5602105e-08 1
LGIC_C 91 0.137433812 0.768646324 0.0250140178 -8.63455884e-09 -4.34088253e-08 1
LGIC_C 92 0.219712195 -0.667999278 0.025014015 6.33663526e-09 4.9610097e-08 1
LGIC_C 93 -0.0629880712 0.56977569 0.0250140111 -6.33661298e-09 -4.96100859e-08 1
LGIC_C 94 0.138252818 -0.0275542078 0.0250139909 -4.96100802e-08 3.14742968e-08 1
LGIC_C 95 -0.355412019 -0.387943911 0.0250140087 -5.56021111e-08 -1.45571543e-08 -1
LGIC_C 96 0.364308499 -0.021881715 0.0250140015 -4.96100859e-08 9.86807898e-09 1
LGIC_C 97 -0.378160948 0.116659062 0.0250139986 4.96100851e-08 2.90231542e-08 1
LGIC_C 98 -0.325815985 -0.508362051 0.0250140117 3.95603082e-08 3.05989652e-08 1
LGIC_C 99 0.228936195 -0.0530734437 0.0250139963 -4.96100802e-08 3.14742968e-08 1
LGIC_C 100 -0.341484092 -0.488101561 0.0250140096 2.45891453e-08 3.68002268e-08 1
LGIC_C 101 -0.376675558 0.0161965502 0.0250140021 4.96100897e-08 -9.86805572e-09 1
LGIC_C 102 -0.325290086 0.468855734 0.0250140143 1.28239438e-08 -5.73353116e-08 1
LGIC_C 103 -0.39980621 -0.0179281241 0.0250140008 4.34088238e-08 8.63459484e-09 1
LGIC_C 104 0.569558681 -0.231458786 0.0250140138 -4.96100859e-08 9.86807898e-09 1
LGIC_C 105 -0.337539193 0.0978244276 0.0250140004 4.34088279e-08 -2.48392273e-08 1
LGIC_C 106 -0.256754915 0.705283147 0.0250140161 8.63455111e-09 -4.34088279e-08 1
LGIC_C 107 -0.690636551 -0.274399961 0.0250140156 4.34088238e-08 8.63459484e-09 1
LGIC_C 108 -0.0283684725 -0.511398701 0.0250140061 2.48392553e-08 4.34088306e-08 1
LGIC_C 109 0.211579974 0.127888669 0.0250139951 -4.82586616e-08 -1.31306776e-08 1
LGIC_C 110 -0.152404715 -0.706125757 0.0250140152 8.63456455e-09 4.34088336e-08 1
LGIC_C 111 -0.536102933 -0.211869495 0.0250140037 -4.96100919e-08 2.90231703e-08 -1
LGIC_C 112 0.716406835 -0.00476681982 0.0250140189 -4.96100802e-08 3.14742968e-08 1
LGIC_C 113 -0.0232747624 -0.682167904 0.0250140134 2.48392553e-08 4.34088306e-08 1
LGIC_C 114 -0.347364222 0.382245612 0.0250140096 1.28239438e-08 -5.73353116e-08 1
LGIC_C 115 0.502385815 -0.436131054 0.0250140159 -3.05989503e-08 3.95603122e-08 1
LGIC_C 116 0.170479366 -0.460023002 0.0250140081 1.00935263e-08 5.7878447e-08 1
LGIC_C 117 -0.167603912 -0.00753427956 0.0250139914 -4.96100919e-08 2.90231703e-08 -1
LGIC_C 118 -0.304200613 -0.333481516 0.0250140055 3.95603082e-08 3.05989652e-08 1
LGIC_C 119 0.0894773865 0.418848885 0.0250140049 -9.86806672e-09 -4.96100854e-08 1
LGIC_C 120 0.0449034479 0.507779284 0.0250140089 -9.86806672e-09 -4.96100854e-08 1
LGIC_C 121 -0.436586776 -0.415319217 0.025014009 1.15916899e-08 4.97976879e-08 1
LGIC_C 122 0.600586095 -0.296351532 0.0250140126 -3.68002179e-08 2.45891393e-08 1
LGIC_C 123 0.350350963 -0.342411742 0.0250140116 -4.90669481e-08 3.27855328e-08 1
LGIC_C 124 0.506545761 -0.409973541 0.025014012 -3.68002179e-08 2.45891393e-08 1
LGIC_C 125 0.100882798 -0.149744259 0.0250139918 -1.31306721e-08 4.82586744e-08 1
LGIC_C 126 0.631908134 -0.381189893 0.0250140176 -3.05989503e-08 3.95603122e-08 1
LGIC_C 127 0.286571113 -0.274711092 0.0250140029 -3.05989503e-08 3.95603122e-08 1
LGIC_C 128 0.273028535 -0.362365496 0.0250140033 -2.45891087e-08 3.68002429e-08 1
LGIC_C 129 0.39966754 -0.102985284 0.0250140015 -4.34088226e-08 8.63456802e-09 1
LGIC_C 130 -0.659613851 0.186853569 0.0250140135 4.34088259e-08 -8.63455061e-09 1
LGIC_C 131 0.390042465 0.283209164 0.0250140058 -4.82586616e-08 -1.31306776e-08 1
LGIC_C 132 -0.23827218 0.0676574876 0.0250139937 5.7878425e-08 4.89846948e-08 1
LGIC_C 133 -0.567803727 -0.0599597767 0.0250140084 4.34088238e-08 8.63459484e-09 1
LGIC_C 134 0.301059941 -0.637735532 0.0250140141 -2.45891087e-08 3.68002429e-08 1
LGIC_C 135 -0.350321127 -0.266309324 0.0250140056 6.28883752e-09 7.55636663e-08 1
LGIC_C 136 0.429109341 -0.248992945 0.0250140051 -3.68002179e-08 2.45891393e-08 1
LGIC_C 137 0.356343392 -0.282053371 0.0250140053 -3.05989503e-08 3.95603122e-08 1
LGIC_C 138 -0.676080218 -0.180886398 0.0250140092 4.96100935e-08 -4.19869172e-08 1
LGIC_C 139 0.14500546 -0.000915142825 0.0250139904 -4.96100802e-08 3.14742968e-08 1
LGIC_C 140 0.429169052 0.549343192 0.025014014 -2.45891309e-08 -3.68002211e-08 1
LGIC_C 141 0.533997075 0.0518134566 0.0250140069 -4.34088272e-08 -8.63453573e-09 1
LGIC_C 142 -0.477204044 -0.534728689 0.0250140185 3.95603082e-08 3.05989652e-08 1
LGIC_C 143 -0.0788242397 -0.143676663 0.0250139915 2.81018674e-08 4.20574117e-08 1
LGIC_C 144 -0.463315602 -0.485583432 0.0250140164 3.95603082e-08 3.05989652e-08 1
LGIC_C 145 0.190072938 0.00691926443 0.0250139926 -4.96100869e-08 6.3366408e-09 1
LGIC_C 146 0.0278262773 0.585464407 0.0250140126 -9.86806672e-09 -4.96100854e-08 1
LGIC_C 147 -0.378895152 -0.300899426 0.0250140026 1.15916899e-08 4.97976879e-08 1
LGIC_C 148 0.416646227 -0.107570441 0.0250140086 -5.78784275e-08 1.15127558e-08 1
LGIC_C 149 0.549612602 0.516174961 0.0250140162 -3.68002282e-08 -2.45891172e-08 1
LGIC_C 150 0.430265494 0.165577753 0.0250140035 -4.96100869e-08 6.3366408e-09 1
LGIC_C 151 -0.106559617 -0.700926569 0.0250140146 8.63456455e-09 4.34088336e-08 1
LGIC_C 152 0.25796142 0.610514331 0.0250140162 -2.81018716e-08 -4.20573923e-08 1
LGIC_C 153 0.147945458 -0.158237635 0.0250139942 -1.28239349e-08 5.73353226e-08 1
LGIC_C 154 0.181484853 0.519204923 0.0250140108 -9.86806672e-09 -4.96100854e-08 1
LGIC_C 155 -0.6219273 0.0942674669 0.0250140111 4.34088259e-08 -8.63455061e-09 1
LGIC_C 156 -0.269401114 0.0287943934 0.0250139952 4.34088259e-08 -8.63455061e-09 1
LGIC_C 157 -0.38996804 0.277365947 0.0250140067 6.28881943e-09 -7.55636452e-08 1
LGIC_C 158 0.386588423 0.22428482 0.0250140071 3.37890593e-08 4.80634111e-08 -1
LGIC_C 159 0.744246915 0.249028111 0.0250140177 -4.34088272e-08 -8.63453573e-09 1
LGIC_C 160 -0.266000885 -0.106083032 0.025013992 4.96100935e-08 -4.19869172e-08 1
LGIC_C 161 -0.427773953 0.121002282 0.0250140057 4.96100897e-08 -9.86805572e-09 1
LGIC_C 162 0.451047271 -0.0904174806 0.0250140104 -5.78784275e-08 1.15127558e-08 1
LGIC_C 163 0.331221351 -0.226690843 0.0250140035 -4.20573976e-08 2.81018683e-08 1
LGIC_C 164 0.219057905 -0.574390479 0.0250140103 6.33663526e-09 4.9610097e-08 1
LGIC_C 165 -0.350880009 0.0752726336 0.0250139985 4.96100851e-08 2.90231542e-08 1
LGIC_C 166 -0.18050859 -0.680580833 0.0250140173 2.48392553e-08 4.34088306e-08 1
LGIC_C 167 -0.53897585 0.493649755 0.0250140158 -4.82586679e-08 1.31306769e-08 -1
LGIC_C 168 -0.610711541 -0.224271753 0.0250140117 4.34088238e-08 8.63459484e-09 1
LGIC_C 169 0.655054561 -0.472090064 0.0250140189 -3.68002179e-08 2.45891393e-08 1
LGIC_C 170 0.475875559 -0.366868934 0.0250140169 -3.37890406e-08 4.80634332e-08 1
LGIC_C 171 -0.199807404 0.262370301 0.0250140009 1.28239438e-08 -5.73353116e-08 1
LGIC_C 172 0.366796154 0.166181174 0.0250140033 -4.20574004e-08 -2.81018564e-08 1
LGIC_C 173 0.689369193 0.315827647 0.0250140164 -3.68002282e-08 -2.45891172e-08 1
LGIC_C 174 -0.0734059 -0.546451563 0.0250140088 2.48392553e-08 4.34088306e-08 1
LGIC_C 175 0.390157004 -0.262150379 0.025014009 -3.37890406e-08 4.80634332e-08 1
LGIC_C 176 -0.593941632 -0.579329395 0.025014019 1.15916899e-08 4.97976879e-08 1
LGIC_C 177 0.330376435 0.334668932 0.0250140066 -2.81018716e-08 -4.20573923e-08 1
LGIC_C 178 0.052173232 -0.587784594 0.0250140121 6.33663526e-09 4.9610097e-08 1
LGIC_C 179 -0.261443536 -0.160255183 0.025013997 6.28883752e-09 7.55636663e-08 1
LGIC_C 180 -0.180483631 0.208793773 0.0250139971 2.8101852e-08 -4.20574041e-08 1
LGIC_C 181 -0.669806241 -0.268463763 0.0250140147 4.34088238e-08 8.63459484e-09 1
LGIC_C 182 0.0513729846 -0.161724226 0.0250139932 -1.15127059e-08 5.78784511e-08 1
LGIC_C 183 0.678845014 0.320151975 0.0250140202 -4.82586616e-08 -1.31306776e-08 1
LGIC_C 184 0.730178263 -0.0158773769 0.0250140153 -4.34088182e-08 2.48392526e-08 1
LGIC_C 185 0.352482621 -0.173534337 0.0250140009 -3.05989503e-08 3.95603122e-08 1
LGIC_C 186 -0.64577756 -0.338586438 0.0250140086 5.39043203e-09 6.47688584e-08 1
LGIC_C 187 0.156521217 0.0816676423 0.0250139936 -4.90669739e-08 -3.27854893e-08 1
LGIC_C 188 -0.7259579 0.0816674514 0.0250140155 4.34088259e-08 -8.63455061e-09 1
LGIC_C 189 -0.496317406 0.243768657 0.025014011 4.20574045e-08 -2.81018523e-08 1
LGIC_C 190 0.383688366 -0.689022874 0.025014018 -2.45891087e-08 3.68002429e-08 1
LGIC_C 191 -0.450480962 -0.23941807 0.0250140012 5.39043203e-09 6.47688584e-08 1
LGIC_C 192 -0.290834541 0.0918920923 0.0250139967 4.34088259e-08 -8.63455061e-09 1
LGIC_C 193 0.247788524 0.0711841227 0.0250139962 -4.96100911e-08 -9.86803575e-09 1
LGIC_C 194 -0.635122063 0.412946741 0.0250140168 3.68002297e-08 -2.45891157e-08 1
LGIC_C 195 0.331666586 0.40262423 0.0250140095 -2.81018716e-08 -4.20573923e-08 1
LGIC_C 196 0.754718088 0.358047457 0.0250140198 -3.68002282e-08 -2.45891172e-08 1
LGIC_C 197 -0.249589197 -0.505308997 0.025014008 2.45891453e-08 3.68002268e-08 1
LGIC_C 198 0.533511864 0.00891213599 0.0250140065 -4.34088272e-08 -8.63453573e-09 1
LGIC_C 199 0.611270785 0.246492933 0.025014012 -4.96100869e-08 6.3366408e-09 1
LGIC_C 200 0.745273441 -0.272735839 0.0250140179 -4.34088226e-08 8.63456802e-09 1
LGIC_C 201 0.243667353 0.101140254 0.0250139963 3.37890593e-08 4.80634111e-08 -1
LGIC_C 202 -0.0603903151 -0.353004964 0.0250140001 2.48392553e-08 4.34088306e-08 1
LGIC_C 203 -0.172423675 -0.0650499408 0.0250139899 -4.96100919e-08 2.90231703e-08 -1
LGIC_C 204 -0.400265634 0.550993716 0.0250140177 2.8101852e-08 -4.20574041e-08 1
LGIC_C 205 -0.0840507869 0.245633813 0.0250139963 9.86805557e-09 -4.96100883e-08 1
LGIC_C 206 0.616702808 -0.375155166 0.0250140151 -3.68002179e-08 2.45891393e-08 1
LGIC_C 207 -0.12650229 -0.466740796 0.025014004 -4.89847109e-08 5.78784581e-08 1
LGIC_C 208 -0.489632093 0.352757748 0.0250140115 -4.82586679e-08 1.31306769e-08 -1
LGIC_C 209 -0.0529570729 -0.0137241888 0.025013991 -1.38908242e-07 -2.76307273e-08 -1
LGIC_C 210 0.0561289182 0.232474095 0.0250139953 -9.86806672e-09 -4.96100854e-08 1
LGIC_C 211 0.603416228 -0.144098009 0.0250140198 -5.78784275e-08 1.15127558e-08 1
LGIC_C 212 -0.314533984 -0.452341657 0.0250140073 -5.56021111e-08 -1.45571543e-08 -1
LGIC_C 213 0.418222423 -0.420091766 0.0250140126 -2.81018481e-08 4.20574137e-08 1
LGIC_C 214 0.518007774 -0.0431885231 0.0250140061 -4.34088226e-08 8.63456802e-09 1
LGIC_C 215 -0.419405884 -0.019050586 0.025014001 -4.34088282e-08 2.70157287e-08 -1
LGIC_C 216 0.184503 -0.145778133 0.0250139946 -3.05989503e-08 3.95603122e-08 1
LGIC_C 217 0.529566989 -0.397130586 0.0250140202 -3.37890406e-08 4.80634332e-08 1
LGIC_C 218 -0.286378604 0.356434755 0.0250140042 1.31306824e-08 -4.82586643e-08 1
LGIC_C 219 -0.238891346 -0.457204873 0.0250140067 3.95603082e-08 3.05989652e-08 1
LGIC_C 220 -0.669247558 -0.37112873 0.025014017 3.68002489e-08 2.45891179e-08 1
LGIC_C 221 0.714627717 -0.451156162 -0.00286578946 0.827616944 -0.552996408 0.0961517878
LGIC_C 222 -0.551187582 -0.19804519 0.0250140049 -4.96100919e-08 2.90231703e-08 -1
LGIC_C 223 0.237516834 0.445971602 0.0250140097 -4.80634192e-08 -3.37890445e-08 1
LGIC_C 224 -0.383179623 0.116513803 0.0250139989 4.96100851e-08 2.90231542e-08 1
LGIC_C 225 0.189399904 -0.591117635 0.0250140105 -8.63454093e-09 4.34088369e-08 1
LGIC_C 226 0.368266861 -0.271197197 0.0250140035 -3.68002179e-08 2.45891393e-08 1
LGIC_C 227 -0.103836886 0.466945624 0.0250140044 8.63455111e-09 -4.34088279e-08 1
LGIC_C 228 0.254238884 -0.32884037 0.0250140024 -1.31306721e-08 4.82586744e-08 1
LGIC_C 229 -0.548430738 -0.0481156508 0.0250140075 4.34088238e-08 8.63459484e-09 1
LGIC_C 230 -0.651321162 -0.255703823 0.0250140046 -4.34088282e-08 2.70157287e-08 -1
LGIC_C 231 0.492325194 0.282358669 0.0250140135 3.37890593e-08 4.80634111e-08 -1
LGIC_C 232 -0.22126383 0.745410464 0.0250140175 8.63455111e-09 -4.34088279e-08 1
LGIC_C 233 0.378734833 0.215094376 0.0250140043 -4.82586616e-08 -1.31306776e-08 1
LGIC_C 234 -0.0616763005 -0.439239153 0.0250140028 8.63456455e-09 4.34088336e-08 1
LGIC_C 235 0.270151713 0.453757849 0.0250140099 -2.81018716e-08 -4.20573923e-08 1
LGIC_C 236 0.330721804 -0.00223983584 0.0250139976 -4.34088182e-08 2.48392526e-08 1
LGIC_C 237 0.669964912 -0.0233888542 0.0250140172 -4.96100802e-08 3.14742968e-08 1
LGIC_C 238 -0.190310032 0.0313288085 0.0250139927 5.7878425e-08 4.89846948e-08 1
LGIC_C 239 0.522988841 -0.319772856 0.0250140142 -4.20573976e-08 2.81018683e-08 1
LGIC_C 240 0.126937567 -0.225883145 0.0250139978 -1.28239349e-08 5.73353226e-08 1
LGIC_C 241 -0.124299371 0.28768969 0.0250139989 2.8101852e-08 -4.20574041e-08 1
LGIC_C 242 0.621943225 -0.30315126 0.0250140188 -3.37890406e-08 4.80634332e-08 1
LGIC_C 243 -0.609813133 0.209368449 0.0250140156 4.96100897e-08 -9.86805572e-09 1
LGIC_C 244 0.593053062 -0.199003272 0.0250140198 -5.78784275e-08 1.15127558e-08 1
LGIC_C 245 -0.450096603 -0.449884423 0.0250140148 1.45571809e-08 5.5602105e-08 1
LGIC_C 246 0.44344178 0.506110853 0.0250140128 -2.45891309e-08 -3.68002211e-08 1
LGIC_C 247 -0.451649129 0.676606497 0.0250140193 2.45891128e-08 -3.68002333e-08 1
LGIC_C 248 0.117297232 -0.138619376 0.0250139912 -2.45891087e-08 3.68002429e-08 1
LGIC_C 249 0.511415399 -0.029446526 0.0250140095 -4.96100802e-08 3.14742968e-08 1
LGIC_C 250 0.213937448 0.508925262 0.0250140107 -4.80634192e-08 -3.37890445e-08 1
LGIC_C 251 0.00560765687 0.63164248 0.0250140146 -6.33660387e-09 4.96100877e-08 -1
LGIC_C 252 0.108611973 0.679606812 0.0250140204 -3.14742949e-08 -4.96100822e-08 1
LGIC_C 253 0.513877859 0.345550028 0.0250140126 -4.82586616e-08 -1.31306776e-08 1
LGIC_C 254 -0.484704174 0.272872484 0.0250140128 3.37890593e-08 -4.80634052e-08 1
LGIC_C 255 -0.838519833 -0.0275625645 0.0250140189 -4.34088282e-08 2.70157287e-08 -1
LGIC_C 256 -0.268835422 0.581142427 0.0250140113 2.45891128e-08 -3.68002333e-08 1
LGIC_C 257 0.304831866 0.312263806 0.0250140023 1.3130701e-08 4.82586573e-08 -1
LGIC_C 258 -0.280048672 0.593385201 0.025014012 2.45891128e-08 -3.68002333e-08 1
LGIC_C 259 0.255167403 -0.312731585 0.0250140069 -3.27854948e-08 4.90669785e-08 1
LGIC_C 260 -0.0747589943 -0.586198327 0.0250140131 9.8680833e-09 4.96100963e-08 1
LGIC_C 261 0.121991402 0.560094749 0.0250140086 -8.63455884e-09 -4.34088253e-08 1
LGIC_C 262 -0.319837733 0.325907641 0.0250140032 1.31306824e-08 -4.82586643e-08 1
LGIC_C 263 -0.665310499 -0.263060893 0.0250140052 4.96100935e-08 -4.19869172e-08 1
LGIC_C 264 0.471806173 -0.279687737 0.0250140075 -3.68002179e-08 2.45891393e-08 1
LGIC_C 265 0.157352196 0.0337516516 0.0250139914 -4.96100911e-08 -9.86803575e-09 1
LGIC_C 266 -0.0984415332 -0.325991236 0.0250139998 2.48392553e-08 4.34088306e-08 1
LGIC_C 267 -0.276154957 -0.267737212 0.0250140021 1.45571809e-08 5.5602105e-08 1
LGIC_C 268 -0.0552574496 -0.520149139 0.0250140074 -2.90231482e-08 4.96101036e-08 1
LGIC_C 269 -0.0356178613 0.694708317 0.0250140175 -6.33661298e-09 -4.96100859e-08 1
LGIC_C 270 -0.106591957 -0.11806439 0.0250139921 7.55636799e-08 6.2887973e-09 1
LGIC_C 271 -0.517113993 -0.384529997 0.0250140117 3.68002489e-08 2.45891179e-08 1
LGIC_C 272 -0.385189103 0.326122916 0.0250140061 -4.82586679e-08 1.31306769e-08 -1
LGIC_C 273 0.673258891 -0.0983602814 0.0250140149 -4.34088182e-08 2.48392526e-08 1
LGIC_C 274 -0.325751621 0.386228482 0.0250140055 2.45891128e-08 -3.68002333e-08 1
LGIC_C 275 0.0281371011 -0.58587931 0.0250140121 6.33663526e-09 4.9610097e-08 1
LGIC_C 276 -0.0930883966 -0.397078829 0.0250140002 -2.90231482e-08 4.96101036e-08 1
LGIC_C 277 0.619071716 -0.0697545209 0.0250140161 -4.96100802e-08 3.14742968e-08 1
LGIC_C 278 0.289456173 0.263077078 0.0250140004 -3.68002282e-08 -2.45891172e-08 1
LGIC_C 279 0.0828775185 -0.0795120712 0.0250139882 -3.68002179e-08 2.45891393e-08 1
LGIC_C 280 -0.269862782 -0.142681908 0.0250139951 1.45571809e-08 5.5602105e-08 1
LGIC_C 281 0.307592382 0.65397782 0.0250140201 -4.80634192e-08 -3.37890445e-08 1
LGIC_C 282 -0.255293907 -0.478576362 0.025014008 3.95603082e-08 3.05989652e-08 1
LGIC_C 283 -0.273344694 -0.497806548 0.0250140071 7.55636799e-08 6.2887973e-09 1
LGIC_C 284 0.187292696 -0.760509649 0.0250140179 -8.63454093e-09 4.34088369e-08 1
LGIC_C 285 -0.227653327 0.547210022 0.0250140176 3.27854968e-08 -4.90669676e-08 1
LGIC_C 286 -0.530439094 0.00459850797 0.0250140094 4.96100851e-08 2.90231542e-08 1
LGIC_C 287 -0.0439845683 -0.125545518 0.0250139891 8.63456455e-09 4.34088336e-08 1
LGIC_C 288 0.0598603732 -0.334446514 0.0250139994 6.33663526e-09 4.9610097e-08 1
LGIC_C 289 -0.0329223201 -0.0558815713 0.0250139861 2.45891453e-08 3.68002268e-08 1
LGIC_C 290 -0.404100024 -0.512105541 0.0250140161 2.81018674e-08 4.20574117e-08 1
LGIC_C 291 -0.532260731 0.390267208 0.0250140125 3.68002297e-08 -2.45891157e-08 1
LGIC_C 292 0.439735054 0.466686759 0.0250140152 -2.81018716e-08 -4.20573923e-08 1
LGIC_C 293 -0.666179679 -0.0528432465 0.0250140148 -4.96100919e-08 2.90231703e-08 -1
LGIC_C 294 0.0784685678 -0.204458364 0.025013996 -1.15127059e-08 5.78784511e-08 1
LGIC_C 295 -0.171721696 0.161640669 0.0250139966 6.28881943e-09 -7.55636452e-08 1
LGIC_C 296 0.538297419 0.286644021 0.0250140139 -4.20574004e-08 -2.81018564e-08 1
LGIC_C 297 0.041901603 0.312852821 0.0250139972 -8.63455884e-09 -4.34088253e-08 1
LGIC_C 298 0.0388740548 -0.541762545 0.0250140105 -9.86804037e-09 4.96101e-08 1
LGIC_C 299 -0.0844858619 -0.308058713 0.0250139994 9.8680833e-09 4.96100963e-08 1
LGIC_C 300 0.415227766 -0.0832047433 0.0250140033 -4.34088182e-08 2.48392526e-08 1
LGIC_C 301 0.0893442744 0.392940837 0.0250140011 -8.63455884e-09 -4.34088253e-08 1
LGIC_C 302 0.367303617 0.294832195 0.025014007 -4.20574004e-08 -2.81018564e-08 1
LGIC_C 303 -0.0707691282 0.332756337 0.0250140005 9.86805557e-09 -4.96100883e-08 1
LGIC_C 304 -0.17363437 0.369469339 0.0250140034 1.31306824e-08 -4.82586643e-08 1
LGIC_C 305 -0.464897676 0.176663084 0.0250140078 4.34088279e-08 -2.48392273e-08 1
LGIC_C 306 0.189315218 0.107637646 0.0250139942 -4.20574004e-08 -2.81018564e-08 1
LGIC_C 307 -0.422964519 0.292324314 0.0250140075 -4.82586679e-08 1.31306769e-08 -1
LGIC_C 308 0.589221645 -0.237804632 0.0250140109 -4.34088226e-08 8.63456802e-09 1
LGIC_C 309 0.174185859 0.135408392 0.025013993 -3.68002282e-08 -2.45891172e-08 1
LGIC_C 310 0.022423332 0.812181358 0.0250140187 -8.63455884e-09 -4.34088253e-08 1
LGIC_C 311 0.563263735 0.570044668 0.0250140182 1.3130701e-08 4.82586573e-08 -1
LGIC_C 312 0.295755649 0.178386101 0.0250140007 -4.20574004e-08 -2.81018564e-08 1
LGIC_C 313 0.625420612 0.362483697 0.0250140152 -3.68002282e-08 -2.45891172e-08 1
LGIC_C 314 -0.275912854 0.457136973 0.0250140069 2.45891128e-08 -3.68002333e-08 1
LGIC_C 315 -0.0881274897 0.0468667982 0.0250139874 6.28881943e-09 -7.55636452e-08 1
LGIC_C 316 -0.237096431 -0.197923195 0.0250139997 6.28883752e-09 7.55636663e-08 1
LGIC_C 317 -0.429792593 -0.191184865 0.0250140038 3.68002489e-08 2.45891179e-08 1
LGIC_C 318 -0.17058065 -0.345708905 0.0250139978 -5.56021111e-08 -1.45571543e-08 -1
LGIC_C 319 -0.550747734 -0.0585449178 0.0250140056 -4.34088282e-08 2.70157287e-08 -1
LGIC_C 320 0.410156949 0.556517498 0.0250140182 -2.81018716e-08 -4.20573923e-08 1
LGIC_C 321 0.609377322 -0.338086937 0.0250140201 -3.37890406e-08 4.80634332e-08 1
LGIC_C 322 0.545838955 0.178244316 0.0250140169 -5.78784335e-08 -1.15127284e-08 1
LGIC_C 323 -0.280235621 -0.674924637 0.0250140195 2.81018674e-08 4.20574117e-08 1
LGIC_C 324 0.004481078 0.719954578 0.025014019 -6.33660387e-09 4.96100877e-08 -1
LGIC_C 325 0.471126926 0.680134603 0.0250140199 -2.45891309e-08 -3.68002211e-08 1
LGIC_C 326 0.195337415 0.68593686 0.0250140161 -6.33660387e-09 4.96100877e-08 -1
LGIC_C 327 -0.296055901 -0.0283899448 0.0250139971 -4.96100919e-08 2.90231703e-08 -1
LGIC_C 328 -0.406516271 0.0171985394 0.0250140013 4.34088279e-08 -2.48392273e-08 1
LGIC_C 329 0.643523839 -0.196899189 0.0250140171 -4.96100859e-08 9.86807898e-09 1
LGIC_C 330 0.340764157 -0.0581499256 0.025014002 -4.96100802e-08 3.14742968e-08 1
LGIC_C 331 0.233437048 -0.0476044203 0.0250139945 -4.34088182e-08 2.48392526e-08 1
LGIC_C 332 -0.00468004061 -0.367131014 0.0250140015 9.8680833e-09 4.96100963e-08 1
LGIC_C 333 0.452939271 0.134646903 0.0250140041 -4.34088272e-08 -8.63453573e-09 1
LGIC_C 334 0.245850461 0.81062345 0.0089385097 0.194186548 0.976240951 0.0961519121
LGIC_C 335 0.199104378 0.631091148 0.0250140133 -6.33660387e-09 4.96100877e-08 -1
LGIC_C 336 -0.761657672 0.0154887567 0.0250140167 4.34088279e-08 -2.48392273e-08 1
LGIC_C 337 -0.0628933092 -0.0188323054 0.0250139855 -4.34088282e-08 2.70157287e-08 -1
LGIC_C 338 -0.133993781 0.294742533 0.0250139974 2.45891128e-08 -3.68002333e-08 1
LGIC_C 339 0.16055241 -0.271823987 0.0250139985 -1.31306721e-08 4.82586744e-08 1
LGIC_C 340 -0.261004174 0.623916272 0.0250140168 2.8101852e-08 -4.20574041e-08 1
LGIC_C 341 -0.0306149248 -0.709963892 0.0250140143 8.63456455e-09 4.34088336e-08 1
LGIC_C 342 -0.857768718 -0.0188729451 -0.0116056368 -0.976240825 -0.194187339 0.0961515894
LGIC_C 343 0.277576609 0.45556638 0.0250140089 1.3130701e-08 4.82586573e-08 -1
LGIC_C 344 -0.180192351 0.0370288598 0.0250139919 5.7878425e-08 4.89846948e-08 1
LGIC_C 345 -0.0584934722 -0.118708553 0.0250139884 7.55636799e-08 6.2887973e-09 1
LGIC_C 346 0.361440967 0.352731321 0.0250140052 -3.68002282e-08 -2.45891172e-08 1
LGIC_C 347 0.404728331 -0.223855116 0.0250140104 -4.90669481e-08 3.27855328e-08 1
LGIC_C 348 -0.105329278 -0.624482135 0.0250140153 9.8680833e-09 4.96100963e-08 1
LGIC_C 349 -0.0949447872 -0.585904691 0.0250140095 -2.90231482e-08 4.96101036e-08 1
LGIC_C 350 -0.22135783 0.358096502 0.0250140019 2.45891128e-08 -3.68002333e-08 1
LGIC_C 351 -0.117950679 0.0566031247 0.02501399 3.37890593e-08 -4.80634052e-08 1
LGIC_C 352 -0.134917737 -0.359658803 0.0250140022 2.48392553e-08 4.34088306e-08 1
LGIC_C 353 -0.305206853 0.133305055 0.0250139999 4.20574045e-08 -2.81018523e-08 1
LGIC_C 354 0.19147188 0.257784587 0.0250139995 -2.81018716e-08 -4.20573923e-08 1
LGIC_C 355 0.114847767 -0.564273268 0.0250140147 1.00935263e-08 5.7878447e-08 1
LGIC_C 356 0.0803126079 0.760349069 0.025014017 -8.63455884e-09 -4.34088253e-08 1
LGIC_C 357 0.722980245 0.216950962 0.0250140177 -4.96100869e-08 6.3366408e-09 1
LGIC_C 358 0.0534239081 -0.0503151363 0.0250139875 -4.90669481e-08 3.27855328e-08 1
LGIC_C 359 -0.196093503 0.15687002 0.0250139964 6.28881943e-09 -7.55636452e-08 1
LGIC_C 360 -0.486576964 0.460318119 0.0250140125 3.68002297e-08 -2.45891157e-08 1
LGIC_C 361 0.590523003 -0.113463342 0.0250140136 -4.96100859e-08 9.86807898e-09 1
LGIC_C 362 -0.395934454 -0.0981165051 0.0250140001 -4.96100919e-08 2.90231703e-08 -1
LGIC_C 363 -0.471162469 0.364076995 0.0250140133 4.20574045e-08 -2.81018523e-08 1
LGIC_C 364 0.099938109 0.125784117 0.0250139927 -3.27855134e-08 -4.90669575e-08 1
LGIC_C 365 0.615427606 -0.302695256 0.0250140176 -4.20573976e-08 2.81018683e-08 1
LGIC_C 366 -0.254574154 -0.710445321 0.0250140204 2.48392553e-08 4.34088306e-08 1
LGIC_C 367 0.390238631 -0.139440669 0.0250140036 -4.34088182e-08 2.48392526e-08 1
LGIC_C 368 -0.107347701 -0.241604522 0.0250139949 3.95603082e-08 3.05989652e-08 1
LGIC_C 369 -0.0487053565 -0.612814892 0.0250140122 -2.90231482e-08 4.96101036e-08 1
LGIC_C 370 -0.412383218 -0.513589009 0.0250140123 2.45891453e-08 3.68002268e-08 1
LGIC_C 371 0.190013418 0.102221625 0.0250139928 -3.68002282e-08 -2.45891172e-08 1
LGIC_C 372 -0.0526449261 0.430128009 0.0250140024 8.63455111e-09 -4.34088279e-08 1
LGIC_C 373 -0.516233795 0.510944757 0.0250140148 3.68002297e-08 -2.45891157e-08 1
LGIC_C 374 0.130368828 -0.277905168 0.0250139984 -1.31306721e-08 4.82586744e-08 1
LGIC_C 375 0.174604011 -0.589543356 0.0250140156 1.00935263e-08 5.7878447e-08 1
LGIC_C 376 0.459877059 0.380933901 0.0250140133 -4.20574004e-08 -2.81018564e-08 1
LGIC_C 377 0.28760577 0.205649293 0.0250139989 -3.68002282e-08 -2.45891172e-08 1
LGIC_C 378 -0.600219265 0.0186798086 0.0250140125 4.96100851e-08 2.90231542e-08 1
LGIC_C 379 -0.0648838881 -0.407788668 0.0250140041 9.8680833e-09 4.96100963e-08 1
LGIC_C 380 0.152256431 0.623207498 0.0250140157 -9.86806672e-09 -4.96100854e-08 1
LGIC_C 381 0.0110201132 0.609932567 0.0250140136 -9.86806672e-09 -4.96100854e-08 1
LGIC_C 382 0.560644789 -0.278109232 0.0250140155 -3.37890406e-08 4.80634332e-08 1
LGIC_C 383 0.310458685 -0.496320491 0.0250140178 -3.27854948e-08 4.90669785e-08 1
LGIC_C 384 -0.479641608 -0.385580492 0.0250140154 6.28883752e-09 7.55636663e-08 1
LGIC_C 385 0.599552363 0.0779000361 0.0250140188 -5.78784335e-08 -1.15127284e-08 1
LGIC_C 386 0.576080078 -0.402505407 0.0250140143 -3.68002179e-08 2.45891393e-08 1
LGIC_C 387 0.526223587 -0.252552548 0.0250140131 -3.37890406e-08 4.80634332e-08 1
LGIC_C 388 -0.0466242444 0.470322822 0.0250140071 9.86805557e-09 -4.96100883e-08 1
LGIC_C 389 0.421524405 -0.321066659 0.02501401 -4.20573976e-08 2.81018683e-08 1
LGIC_C 390 0.566495339 0.0639583434 0.0250140109 -4.96100869e-08 6.3366408e-09 1
LGIC_C 391 -0.238837696 0.111575798 0.0250139967 3.37890593e-08 -4.80634052e-08 1
LGIC_C 392 -0.162428308 -0.615054525 0.025014009 -2.90231482e-08 4.96101036e-08 1
LGIC_C 393 -0.0226223176 -0.366725023 0.0250139994 8.63456455e-09 4.34088336e-08 1
LGIC_C 394 0.43125888 0.641920955 0.0250140175 -2.45891309e-08 -3.68002211e-08 1
LGIC_C 395 0.322694411 0.448383964 0.0250140091 1.3130701e-08 4.82586573e-08 -1
LGIC_C 396 0.231353875 0.424172382 0.0250140068 1.3130701e-08 4.82586573e-08 -1
LGIC_C 397 -0.593252818 0.133670522 0.0250140102 4.34088259e-08 -8.63455061e-09 1
LGIC_C 398 -0.592758456 0.252320927 0.0250140154 3.37890593e-08 -4.80634052e-08 1
LGIC_C 399 0.560716917 -0.180699006 0.0250140167 -4.96100802e-08 3.14742968e-08 1
