VGCC_O 6 -0.12622171 0.0241576588 0.046693322 -1.62059677e-06 3.22356891e-07 -1
VGCC_O 3 0.0772568984 -0.00428239309 0.046693036 -1.41802159e-06 2.82063681e-07 -1
CaBS 10 0.0974116151 -0.00607832795 0.0744585975 -0.344822968 0.867728907 0.357971598
CaBS 11 0.112189113 -0.0330432019 0.0742024088 0.34654604 -0.867983022 0.355684293
CaBS 13 0.114530783 -0.0299953329 0.0601291788 0.344822999 -0.867728964 -0.357971429
CaBS 14 0.115064691 -0.0334052612 0.0689092018 0.344822999 -0.867728964 -0.357971429
CaBS 15 0.121788595 -0.0139727497 0.059230922 0.748611785 -0.322508546 -0.579282861
CaBS 16 0.120855509 -0.0243756687 0.0756222724 0.751399702 -0.322919474 0.575431578
CaBS 17 0.112242229 -0.0101749779 0.0829275386 0.324116486 0.74980293 0.576839726
CaBS 18 0.0967905084 -0.0149735644 0.0570844154 -0.751399618 0.322919164 -0.575431861
CaBS 19 0.0991089774 -0.0127515329 0.0841129688 -0.748611723 0.322508223 0.579283121
CaBS 20 0.10083211 -0.00692357269 0.0596418411 -0.346545998 0.867982935 -0.355684546
CaBS 21 0.0979738436 -0.03104447 0.076525331 -0.321328743 -0.750213836 0.577864204
CaBS 22 0.106381673 -0.00839660963 0.0555971823 0.321328636 0.750213906 -0.577864173
CaBS 23 0.109040993 -0.00530176225 0.0610938258 0.321328636 0.750213906 -0.577864173
CaBS 24 0.121760368 -0.0117727207 0.0725921984 0.735818353 0.677177225 -0.00153536905
CaBS 25 -0.0902578718 -0.0017960662 0.0695141102 0.344822933 -0.867729023 -0.35797135
CaBS 29 -0.114841543 0.000176329529 0.0649258622 -0.735818461 -0.677177107 0.0015353549
CaBS 38 -0.103842909 -0.00280985729 0.0787838065 -0.321328736 -0.750213873 0.57786416
CaBS_Ca 56 0.115573313 -0.0281344231 0.0590832011 0.748611785 -0.322508546 -0.579282861
CaBS_Ca 57 -0.104929523 -0.0061482485 0.0735608533 0.346545964 -0.867983059 0.355684276
Ca 4 -0.443455912 0.235836814 0.680972671 0 0 0
CaBS_Ca 60 -0.089189513 0.0192458237 0.0665942798 0.735818381 0.677177195 -0.00153536913
Ca 7 0.059925458 0.00781873697 0.183173259 0 0 0
Ca 8 0.270487226 0.319954747 0.298046248 0 0 0
Ca 1 -0.122270368 0.246050566 0.550888265 0 0 0
Ca 6 0.223983772 0.27951706 0.836493255 0 0 0
Ca 6 -0.00958704823 0.0197894098 0.710004456 0 0 0
Ca 1 0.698758275 0.342943376 0.13414601 0 0 0
Ca 8 0.192234089 -0.0432805864 0.0888704265 0 0 0
Ca 7 -0.721585901 -0.171388479 0.0596378837 0 0 0
Ca 1 -0.478221488 -0.224124325 0.619585506 0 0 0
Ca 7 0.419335597 -0.422021861 0.356030621 0 0 0
Ca 6 -0.0606643942 0.18580768 0.515127368 0 0 0
Ca 4 -0.182268446 0.0518262345 0.991053705 0 0 0
Ca 7 0.161007611 0.084895096 0.238059771 0 0 0
Ca 1 -0.718884658 -0.0447302683 0.578590637 0 0 0
Ca 7 0.206708891 0.0694923158 0.569308919 0 0 0
Ca 6 -0.0971769939 0.421685351 0.797281139 0 0 0
Ca 1 -0.617978652 0.359550815 0.321370265 0 0 0
Ca 8 0.100378048 0.19537473 0.0935465799 0 0 0
Ca 8 -0.120737321 0.588205775 0.364906066 0 0 0
Ca 8 -0.0750484432 0.0385797533 0.652113674 0 0 0
Ca 8 -0.342227041 -0.241655297 0.691846359 0 0 0
Ca 1 -0.114455028 0.0873798499 0.469257766 0 0 0
Ca 8 -0.00764291664 -0.178485969 0.480822112 0 0 0
Ca 6 0.0344912845 0.451608539 0.186745603 0 0 0
Ca 1 -0.389907073 -0.138697366 0.230110783 0 0 0
Ca 6 0.0231968241 -0.0119115482 0.163479381 0 0 0
Ca 1 0.47409797 0.211996839 0.419829242 0 0 0
Ca 7 -0.637820747 0.121335021 0.149361659 0 0 0
Ca 7 -0.509075443 -0.393961695 0.277686886 0 0 0
Ca 6 0.0609107482 0.55036882 0.412321508 0 0 0
Ca 6 -0.0467926116 0.756628821 0.586286608 0 0 0
Ca 6 -0.595014377 0.30347456 0.54422009 0 0 0
Ca 1 -0.0707698853 0.20950802 0.208512091 0 0 0
Ca 4 0.0585540951 0.165930212 0.505247867 0 0 0
Ca 4 0.185344939 0.405481728 0.938217374 0 0 0
Ca 6 -0.267895665 -0.0132897901 0.682080828 0 0 0
Ca 3 0.281121813 -0.432076584 0.133229511 0 0 0
Ca 7 -0.426769293 0.377873593 0.243418898 0 0 0
Ca 1 0.433311993 0.0435575096 0.320796798 0 0 0
Ca 7 -0.215231749 0.150021096 0.222531592 0 0 0
Ca 1 -0.173637013 0.433585911 0.316256662 0 0 0
Ca 4 0.137512082 -0.174803761 0.729306072 0 0 0
Ca 1 -0.495128381 -0.321637079 0.204883631 0 0 0
Ca 6 -0.745353278 0.0325983889 0.175242987 0 0 0
Ca 6 -0.233840192 0.216480818 0.259896202 0 0 0
Ca 7 -0.154045523 0.0915301151 0.235523724 0 0 0
Ca 6 -0.302456608 -0.143334713 0.510141981 0 0 0
Ca 6 0.399064843 -0.216796578 0.0843661723 0 0 0
Ca 6 0.0479675125 0.367016577 0.227770328 0 0 0
Ca 7 -0.0626813395 -0.1156221 0.296479063 0 0 0
Ca 4 -0.110030341 0.0750244779 0.190495537 0 0 0
Ca 7 0.203009414 -0.0678215788 0.409105177 0 0 0
Ca 1 -0.141055133 0.237448857 0.179351013 0 0 0
Ca 6 0.251481166 -0.375645628 0.0930071414 0 0 0
Ca 8 -0.13389433 -0.226680842 0.0964679827 0 0 0
Ca 8 -0.269474483 0.191778027 0.235111858 0 0 0
Ca 1 -0.0740515332 0.0137269541 0.288098752 0 0 0
Ca 1 -0.0025112424 -0.0482349077 0.502868144 0 0 0
Ca 1 -0.171306748 0.135679167 0.368845001 0 0 0
Ca 6 -0.0592334794 0.0673298329 0.153334902 0 0 0
Ca 8 -0.0101579048 0.0397418123 0.0831019132 0 0 0
Ca 4 0.0296575963 0.205372645 0.238818965 0 0 0
Ca 8 -0.117958156 -0.164780651 0.174621161 0 0 0
Ca 1 -0.109067828 -0.120909546 0.140966772 0 0 0
Ca 7 -0.17786206 0.135109311 0.173299409 0 0 0
Ca 8 -0.279866062 -0.155601323 0.260289973 0 0 0
Ca 6 -0.112102112 0.0810980365 0.256849974 0 0 0
Ca 7 -0.199004579 0.228389281 0.101366259 0 0 0
Ca 6 -0.129102418 0.0620831269 0.145036047 0 0 0
Ca 8 -0.313921084 0.134692975 0.0983826591 0 0 0
Ca 1 -0.176312721 -0.196914277 0.0512966189 0 0 0
Ca 1 -0.0376903005 -0.00173409116 0.0832236973 0 0 0
Ca 4 -0.163495666 0.0693548159 0.0590452731 0 0 0
Ca 7 -0.0470099928 -0.0543059572 0.0824296798 0 0 0
Ca 6 -0.125510598 0.0313018571 0.0686384688 0 0 0
Ca 8 -0.16033996 -0.0540060885 0.107425414 0 0 0
Ca 4 -0.0583163171 0.0769518865 0.12910245 0 0 0
Ca 7 -0.146414468 -0.00648475843 0.138020296 0 0 0
Ca 6 -0.161390001 0.0907756865 0.0614812615 0 0 0
Ca 1 -0.102816705 -0.0479067184 0.0711298884 0 0 0
Ca 1 -0.119720804 -0.0147124178 0.0709804254 0 0 0
Ca 8 -0.144196543 0.0180030094 0.0467759223 0 0 0
Ca 1 -0.116617281 0.0273401744 0.0466707989 0 0 0
VGCC_O 7 -0.137449801 0.00579357966 0.0466933342 -1.62059625e-06 3.22356338e-07 -1
VGCC_O 5 0.113746944 -0.0200409323 0.0466929896 -1.01287282e-06 -1.51427976e-07 -1
VGCC_O 0 0.11238887 -0.0311459409 0.0466929927 -1.01287282e-06 -1.51427976e-07 -1
VGCC_O 9 0.0953603447 -0.018533153 0.0466930096 -1.14792244e-06 -1.24564753e-07 -1
VGCC_O 8 -0.134706799 0.0161271258 0.0466933331 -1.62059677e-06 3.22356891e-07 -1
VGCC_O 2 0.119933892 -0.04777957 0.0466929781 -1.41802115e-06 2.82063236e-07 -1
VGCC_O 4 -0.108229728 0.00324736392 0.0466932869 -8.10297798e-07 1.61178104e-07 -1
VGCC_O 1 -0.126159285 0.0151063295 0.0466933189 -1.62059625e-06 3.22356338e-07 -1
TAG 41 -0.105784995 0.0105052503 0.0536665039 -0.333750681 -0.131703993 -0.933415524
TAG 62 -0.0995730683 0.0302300905 0.0690462359 0.3213287 0.750213891 -0.577864158
TAG 59 -0.100018848 -0.00188752594 0.0603333581 0.344822933 -0.867729023 -0.35797135
TAG 55 -0.119337383 0.0151637023 0.0699872324 -0.999896295 -0.0141984574 0.00240892698
TAG 54 -0.104785227 0.0261860029 0.076486355 -0.344822968 0.867728888 0.357971643
TAG 53 -0.089146311 -0.000197085518 0.0670554248 0.74861179 -0.322508554 -0.579282851
TAG 52 -0.119278263 0.0119799944 0.0757618237 -0.999896295 -0.0141984574 0.00240892698
TAG 51 -0.102448777 0.00747370566 0.0865367572 -0.329239868 -0.132369105 0.934922205
TAG 45 -0.113699624 0.0170707545 0.0588716642 -0.751399624 0.322919173 -0.575431849
TAG 44 -0.11923843 0.00668793202 0.0611035411 -0.999896295 -0.0141984574 0.00240892698
LGIC_C 0 0.53704034 0.225817546 0.0250140122 -4.20574004e-08 -2.81018564e-08 1
LGIC_C 1 -0.344215956 0.0381152484 0.0250139985 4.34088259e-08 -8.63455061e-09 1
LGIC_C 2 -0.547999392 0.0696347575 0.0250140111 4.96100897e-08 -9.86805572e-09 1
LGIC_C 3 0.237126042 -0.649645228 0.0250140178 -9.86804037e-09 4.96101e-08 1
LGIC_C 4 -0.402769666 -0.226055719 0.0250140028 6.28883752e-09 7.55636663e-08 1
LGIC_C 5 0.0557626016 -0.530380339 0.0250140134 1.00935263e-08 5.7878447e-08 1
LGIC_C 6 -0.316821468 0.471371117 0.0250140144 1.28239438e-08 -5.73353116e-08 1
LGIC_C 7 -0.671562779 0.438667648 0.0250140188 3.68002297e-08 -2.45891157e-08 1
LGIC_C 8 -0.204021687 0.285532436 0.0250139988 2.45891128e-08 -3.68002333e-08 1
LGIC_C 9 -0.437883006 -0.273343217 0.0250140066 6.28883752e-09 7.55636663e-08 1
LGIC_C 10 -0.433471556 -0.617333076 0.0250140193 3.95603082e-08 3.05989652e-08 1
LGIC_C 11 0.142479272 0.56549991 0.0250140104 -6.33660387e-09 4.96100877e-08 -1
LGIC_C 12 0.373079612 0.155301721 0.0250140066 -4.90669739e-08 -3.27854893e-08 1
LGIC_C 13 0.730465947 -0.104532635 0.0250140205 -4.96100859e-08 9.86807898e-09 1
LGIC_C 14 0.653343395 0.262891503 0.025014014 -4.96100869e-08 6.3366408e-09 1
LGIC_C 15 -0.437822599 -0.31924216 0.0250140063 5.39043203e-09 6.47688584e-08 1
LGIC_C 16 0.628545566 -0.164808163 0.025014016 -4.96100859e-08 9.86807898e-09 1
LGIC_C 17 -0.536756381 0.329143212 0.0250140135 -4.82586679e-08 1.31306769e-08 -1
LGIC_C 18 0.305772147 -0.448267158 0.0250140107 -2.81018481e-08 4.20574137e-08 1
LGIC_C 19 -0.315324242 0.271590241 0.025014007 3.37890593e-08 -4.80634052e-08 1
LGIC_C 20 0.11198019 -0.417119734 0.0250140087 -1.15127059e-08 5.78784511e-08 1
LGIC_C 21 -0.0347173166 -0.181630299 0.0250139912 -2.90231482e-08 4.96101036e-08 1
LGIC_C 22 0.162357597 0.628190944 0.025014016 -9.86806672e-09 -4.96100854e-08 1
LGIC_C 23 -0.428165398 0.403663011 0.025014009 3.68002297e-08 -2.45891157e-08 1
LGIC_C 24 0.129667987 0.456074282 0.0250140072 -9.86806672e-09 -4.96100854e-08 1
LGIC_C 25 0.376956632 -0.00209497735 0.0250139996 -4.34088226e-08 8.63456802e-09 1
LGIC_C 26 -0.0363240709 0.255712585 0.0250139985 1.15127271e-08 -5.78784352e-08 1
LGIC_C 27 -0.273118661 0.53612609 0.0250140185 3.27854968e-08 -4.90669676e-08 1
LGIC_C 28 0.681308721 0.0845463491 0.0250140135 -4.34088272e-08 -8.63453573e-09 1
LGIC_C 29 -0.604049195 -0.124141006 0.0250140122 5.7878436e-08 -4.89847332e-08 1
LGIC_C 30 0.639341553 0.129717326 0.0250140141 -4.96100869e-08 6.3366408e-09 1
LGIC_C 31 -0.387411266 -0.425801506 0.0250140116 3.95603082e-08 3.05989652e-08 1
LGIC_C 32 0.069372458 0.0815597027 0.0250139886 -2.81018716e-08 -4.20573923e-08 1
LGIC_C 33 -0.00858997133 0.618682222 0.0250140102 8.63455111e-09 -4.34088279e-08 1
LGIC_C 34 0.237098746 -0.503046866 0.0250140157 -3.27854948e-08 4.90669785e-08 1
LGIC_C 35 -0.172858646 -0.528482689 0.0250140044 -2.90231482e-08 4.96101036e-08 1
LGIC_C 36 0.535800419 -0.595546589 0.0250140183 -2.45891087e-08 3.68002429e-08 1
LGIC_C 37 0.110540106 0.76917588 0.0250140176 -8.63455884e-09 -4.34088253e-08 1
LGIC_C 38 0.727959652 -0.304117267 0.0250140175 -3.05989503e-08 3.95603122e-08 1
LGIC_C 39 0.699291272 0.330301763 0.0250140171 -3.68002282e-08 -2.45891172e-08 1
LGIC_C 40 -0.675619949 0.0443839453 0.0250140137 4.34088279e-08 -2.48392273e-08 1
LGIC_C 41 -0.511216776 0.605882516 0.0250140181 2.45891128e-08 -3.68002333e-08 1
LGIC_C 42 -0.266470892 -0.671677932 0.0250140147 8.63456455e-09 4.34088336e-08 1
LGIC_C 43 -0.575148624 -0.525280767 0.0250140161 1.15916899e-08 4.97976879e-08 1
LGIC_C 44 0.348491667 0.554407536 0.0250140146 1.3130701e-08 4.82586573e-08 -1
LGIC_C 45 -0.0074988091 -0.245141188 0.0250139941 2.48392553e-08 4.34088306e-08 1
LGIC_C 46 -0.194552556 -0.193917512 0.0250139968 5.39043203e-09 6.47688584e-08 1
LGIC_C 47 0.505661824 -0.19997427 0.0250140148 -5.78784275e-08 1.15127558e-08 1
LGIC_C 48 -0.0678747054 -0.381640369 0.0250140004 8.63456455e-09 4.34088336e-08 1
LGIC_C 49 -0.49702689 -0.171270671 0.0250140063 4.34088238e-08 8.63459484e-09 1
LGIC_C 50 0.230934931 -0.329750523 0.025014007 -3.27854948e-08 4.90669785e-08 1
LGIC_C 51 -0.561203215 -0.00795979913 0.0250140074 -4.34088282e-08 2.70157287e-08 -1
LGIC_C 52 0.65804669 -0.182526528 0.0250140163 -4.34088182e-08 2.48392526e-08 1
LGIC_C 53 0.326319239 -0.0872007889 0.0250139996 -4.34088182e-08 2.48392526e-08 1
LGIC_C 54 -0.030719454 -0.224571997 0.0250139947 -4.89847109e-08 5.78784581e-08 1
LGIC_C 55 0.410160443 0.481624699 0.0250140111 -2.45891309e-08 -3.68002211e-08 1
LGIC_C 56 -0.116013361 -0.214249821 0.0250139928 -5.56021111e-08 -1.45571543e-08 -1
LGIC_C 57 -0.0600592694 0.428543431 0.0250140064 -3.14742797e-08 4.96100914e-08 -1
LGIC_C 58 0.440342622 -0.0886875041 0.0250140045 -4.34088182e-08 2.48392526e-08 1
LGIC_C 59 -0.428935597 -0.193537908 0.0250140002 1.45571809e-08 5.5602105e-08 1
LGIC_C 60 0.0991928489 0.532972334 0.0250140128 -3.14742949e-08 -4.96100822e-08 1
LGIC_C 61 -0.380166525 0.348003184 0.025014009 4.20574045e-08 -2.81018523e-08 1
LGIC_C 62 -0.0338910473 0.412231401 0.0250140048 -3.14742797e-08 4.96100914e-08 -1
LGIC_C 63 0.198276115 -0.0540260088 0.0250139936 -4.96100859e-08 9.86807898e-09 1
LGIC_C 64 -0.251702409 0.00353283629 0.0250139976 5.7878425e-08 4.89846948e-08 1
LGIC_C 65 0.00840877218 0.311614251 0.0250139988 -9.86806672e-09 -4.96100854e-08 1
LGIC_C 66 -0.270655624 -0.338124039 0.0250140023 2.45891453e-08 3.68002268e-08 1
LGIC_C 67 -0.46198385 0.425010921 0.0250140183 6.28881943e-09 -7.55636452e-08 1
LGIC_C 68 -0.653811715 -0.115376543 0.0250140085 -4.34088282e-08 2.70157287e-08 -1
LGIC_C 69 -0.712299309 -0.38073036 0.0250140188 3.68002489e-08 2.45891179e-08 1
LGIC_C 70 -0.0140214781 0.383246457 0.025014 8.63455111e-09 -4.34088279e-08 1
LGIC_C 71 0.542854867 0.113153012 0.025014016 -5.78784335e-08 -1.15127284e-08 1
LGIC_C 72 0.152626229 0.372972077 0.0250140008 -8.63455884e-09 -4.34088253e-08 1
LGIC_C 73 -0.0105353344 0.00104939753 0.0250139838 4.34088279e-08 -2.48392273e-08 1
LGIC_C 74 0.522236023 0.493410706 0.0250140149 -4.82586616e-08 -1.31306776e-08 1
LGIC_C 75 0.507301788 -0.5822075 0.0250140171 -2.45891087e-08 3.68002429e-08 1
LGIC_C 76 -0.685469745 0.0733386875 0.0250140151 4.96100851e-08 2.90231542e-08 1
LGIC_C 77 0.322902044 -0.21819674 0.0250140017 -3.05989503e-08 3.95603122e-08 1
LGIC_C 78 0.244849789 0.391821306 0.0250140105 -3.27855134e-08 -4.90669575e-08 1
LGIC_C 79 -0.589794671 -0.27730025 0.0250140039 1.15916899e-08 4.97976879e-08 1
LGIC_C 80 0.706031624 -0.0504026807 0.0250140143 -4.34088226e-08 8.63456802e-09 1
LGIC_C 81 0.0652273225 0.686160005 0.0250140169 -6.33660387e-09 4.96100877e-08 -1
LGIC_C 82 0.510323681 -0.31229664 0.0250140112 -3.05989503e-08 3.95603122e-08 1
LGIC_C 83 -0.369331855 0.261874435 0.0250140045 -4.82586679e-08 1.31306769e-08 -1
LGIC_C 84 0.220509636 0.522750506 0.0250140114 1.3130701e-08 4.82586573e-08 -1
LGIC_C 85 -0.07002788 0.137491563 0.0250139921 1.28239438e-08 -5.73353116e-08 1
LGIC_C 86 0.561511643 -0.331837762 0.0250140181 -3.37890406e-08 4.80634332e-08 1
LGIC_C 87 -0.31312402 -0.233740399 0.0250140008 1.45571809e-08 5.5602105e-08 1
LGIC_C 88 -0.604834089 -0.510818661 0.0250140157 1.15916899e-08 4.97976879e-08 1
LGIC_C 89 0.245479696 -0.49569164 0.0250140104 -1.31306721e-08 4.82586744e-08 1
LGIC_C 90 -0.36195912 -0.334006075 0.0250140071 1.45571809e-08 5.5602105e-08 1
LGIC_C 91 0.147870386 0.800590238 0.0250140193 -8.63455884e-09 -4.34088253e-08 1
LGIC_C 92 0.224455916 -0.70741719 0.0250140169 6.33663526e-09 4.9610097e-08 1
LGIC_C 93 -0.0831238062 0.565350305 0.0250140108 -6.33661298e-09 -4.96100859e-08 1
LGIC_C 94 0.160569491 -0.0391831916 0.0250139924 -4.96100802e-08 3.14742968e-08 1
LGIC_C 95 -0.322792759 -0.411668994 0.0250140072 -5.56021111e-08 -1.45571543e-08 -1
LGIC_C 96 0.329705923 -0.0161246996 0.0250139997 -4.96100859e-08 9.86807898e-09 1
LGIC_C 97 -0.407874894 0.0378034923 0.0250140024 4.96100851e-08 2.90231542e-08 1
LGIC_C 98 -0.338147618 -0.569598677 0.0250140141 3.95603082e-08 3.05989652e-08 1
LGIC_C 99 0.235539698 -0.0634163639 0.0250139969 -4.96100802e-08 3.14742968e-08 1
LGIC_C 100 -0.339805618 -0.497388518 0.0250140099 2.45891453e-08 3.68002268e-08 1
LGIC_C 101 -0.395575436 0.0166041283 0.0250140031 4.96100897e-08 -9.86805572e-09 1
LGIC_C 102 -0.342008939 0.434697662 0.0250140126 1.28239438e-08 -5.73353116e-08 1
LGIC_C 103 -0.455758133 -0.0229685044 0.0250140032 4.34088238e-08 8.63459484e-09 1
LGIC_C 104 0.577061114 -0.245850997 0.0250140196 -4.90669481e-08 3.27855328e-08 1
LGIC_C 105 -0.301159563 0.0974770327 0.0250139988 4.34088279e-08 -2.48392273e-08 1
LGIC_C 106 -0.313508546 0.788957619 0.0250140202 8.63455111e-09 -4.34088279e-08 1
LGIC_C 107 -0.733218306 -0.258738836 0.0250140173 4.34088238e-08 8.63459484e-09 1
LGIC_C 108 -0.0382593731 -0.501782111 0.025014006 2.48392553e-08 4.34088306e-08 1
LGIC_C 109 0.191791878 0.0935265065 0.0250139937 -4.82586616e-08 -1.31306776e-08 1
LGIC_C 110 -0.18244006 -0.718125426 0.025014016 8.63456455e-09 4.34088336e-08 1
LGIC_C 111 -0.514179948 -0.139782937 0.0250140047 -4.96100919e-08 2.90231703e-08 -1
LGIC_C 112 0.721212455 -0.0132823208 0.0250140194 -4.96100802e-08 3.14742968e-08 1
LGIC_C 113 -0.0336635759 -0.71970114 0.0250140153 2.48392553e-08 4.34088306e-08 1
LGIC_C 114 -0.367814214 0.397647891 0.0250140108 1.28239438e-08 -5.73353116e-08 1
LGIC_C 115 0.522311861 -0.359736241 0.0250140134 -3.05989503e-08 3.95603122e-08 1
LGIC_C 116 0.173846542 -0.440755379 0.025014007 1.00935263e-08 5.7878447e-08 1
LGIC_C 117 -0.199900113 -0.0128061862 0.0250139928 -4.96100919e-08 2.90231703e-08 -1
LGIC_C 118 -0.326510084 -0.331772621 0.0250140062 -5.56021111e-08 -1.45571543e-08 -1
LGIC_C 119 0.101724009 0.403707922 0.0250140043 -9.86806672e-09 -4.96100854e-08 1
LGIC_C 120 0.0243308712 0.473312059 0.025014007 -9.86806672e-09 -4.96100854e-08 1
LGIC_C 121 -0.448269213 -0.410428379 0.0250140089 1.15916899e-08 4.97976879e-08 1
LGIC_C 122 0.612342843 -0.351491198 0.0250140144 -3.68002179e-08 2.45891393e-08 1
LGIC_C 123 0.362892116 -0.291996926 0.0250140106 -4.90669481e-08 3.27855328e-08 1
LGIC_C 124 0.498934039 -0.423177423 0.025014012 -3.68002179e-08 2.45891393e-08 1
LGIC_C 125 0.122114031 -0.169311267 0.025013993 -1.31306721e-08 4.82586744e-08 1
LGIC_C 126 0.631050356 -0.340604352 0.025014016 -3.05989503e-08 3.95603122e-08 1
LGIC_C 127 0.238939982 -0.310065566 0.0250140013 -1.31306721e-08 4.82586744e-08 1
LGIC_C 128 0.230372874 -0.35710385 0.025014002 -2.45891087e-08 3.68002429e-08 1
LGIC_C 129 0.470915339 -0.0897703841 0.0250140044 -4.34088226e-08 8.63456802e-09 1
LGIC_C 130 -0.61720109 0.209481773 0.0250140119 4.34088259e-08 -8.63455061e-09 1
LGIC_C 131 0.416102315 0.248156182 0.0250140066 -4.82586616e-08 -1.31306776e-08 1
LGIC_C 132 -0.231081541 0.0857380055 0.0250139924 5.7878425e-08 4.89846948e-08 1
LGIC_C 133 -0.608589663 -0.0230428145 0.0250140099 4.34088238e-08 8.63459484e-09 1
LGIC_C 134 0.291049942 -0.664735946 0.0250140148 -2.45891087e-08 3.68002429e-08 1
LGIC_C 135 -0.302602849 -0.257215849 0.0250140046 6.28883752e-09 7.55636663e-08 1
LGIC_C 136 0.398784325 -0.275098837 0.0250140047 -3.68002179e-08 2.45891393e-08 1
LGIC_C 137 0.359790847 -0.30321969 0.0250140062 -3.05989503e-08 3.95603122e-08 1
LGIC_C 138 -0.706493091 -0.202660623 0.0250140098 4.96100935e-08 -4.19869172e-08 1
LGIC_C 139 0.139370765 -0.00941979669 0.0250139904 -4.96100802e-08 3.14742968e-08 1
LGIC_C 140 0.440011666 0.584491557 0.0250140156 -2.45891309e-08 -3.68002211e-08 1
LGIC_C 141 0.495284404 0.104022974 0.0250140056 -4.34088272e-08 -8.63453573e-09 1
LGIC_C 142 -0.469049399 -0.543206975 0.0250140184 3.95603082e-08 3.05989652e-08 1
LGIC_C 143 -0.0767274161 -0.168140207 0.0250139925 2.81018674e-08 4.20574117e-08 1
LGIC_C 144 -0.439451798 -0.451902594 0.0250140143 -5.56021111e-08 -1.45571543e-08 -1
LGIC_C 145 0.226307807 0.000835162761 0.0250139945 -4.96100869e-08 6.3366408e-09 1
LGIC_C 146 0.00372083601 0.579159553 0.025014012 -9.86806672e-09 -4.96100854e-08 1
LGIC_C 147 -0.306973916 -0.335763873 0.0250140032 2.45891453e-08 3.68002268e-08 1
LGIC_C 148 0.461283339 -0.0951898293 0.025014011 -5.78784275e-08 1.15127558e-08 1
LGIC_C 149 0.557406663 0.505009002 0.0250140162 -3.68002282e-08 -2.45891172e-08 1
LGIC_C 150 0.418954842 0.169042835 0.0250140029 -4.96100869e-08 6.3366408e-09 1
LGIC_C 151 -0.128704374 -0.716058732 0.0250140154 8.63456455e-09 4.34088336e-08 1
LGIC_C 152 0.248442846 0.595448735 0.0250140153 -2.81018716e-08 -4.20573923e-08 1
LGIC_C 153 0.157470897 -0.204788229 0.025013997 -1.28239349e-08 5.73353226e-08 1
LGIC_C 154 0.169082561 0.529211858 0.0250140112 -9.86806672e-09 -4.96100854e-08 1
LGIC_C 155 -0.606189176 0.0996902148 0.0250140104 4.34088259e-08 -8.63455061e-09 1
LGIC_C 156 -0.258224131 0.0223740976 0.0250139947 4.34088259e-08 -8.63455061e-09 1
LGIC_C 157 -0.397022609 0.277677998 0.0250140068 6.28881943e-09 -7.55636452e-08 1
LGIC_C 158 0.358870804 0.153884333 0.0250140027 -4.20574004e-08 -2.81018564e-08 1
LGIC_C 159 0.782057871 0.168554377 0.0250140186 -4.34088272e-08 -8.63453573e-09 1
LGIC_C 160 -0.253907938 -0.0471316017 0.025013993 -4.34088282e-08 2.70157287e-08 -1
LGIC_C 161 -0.435009921 0.0983571562 0.0250140058 4.96100897e-08 -9.86805572e-09 1
LGIC_C 162 0.450474225 -0.0211752005 0.0250140095 -5.78784275e-08 1.15127558e-08 1
LGIC_C 163 0.367569515 -0.247670007 0.0250140056 -4.20573976e-08 2.81018683e-08 1
LGIC_C 164 0.226562485 -0.600661068 0.0250140116 6.33663526e-09 4.9610097e-08 1
LGIC_C 165 -0.31763151 0.0233252196 0.0250139983 4.96100851e-08 2.90231542e-08 1
LGIC_C 166 -0.160287231 -0.681623519 0.0250140168 2.48392553e-08 4.34088306e-08 1
LGIC_C 167 -0.551923809 0.547897501 0.0250140171 -4.82586679e-08 1.31306769e-08 -1
LGIC_C 168 -0.562803909 -0.254633168 0.0250140028 5.39043203e-09 6.47688584e-08 1
LGIC_C 169 0.660386768 -0.466574733 0.025014019 -3.68002179e-08 2.45891393e-08 1
LGIC_C 170 0.538690395 -0.339310814 0.0250140177 -3.37890406e-08 4.80634332e-08 1
LGIC_C 171 -0.192749525 0.308883044 0.0250140035 1.28239438e-08 -5.73353116e-08 1
LGIC_C 172 0.361395348 0.158892488 0.0250140031 3.37890593e-08 4.80634111e-08 -1
LGIC_C 173 0.697397331 0.301285645 0.0250140163 -3.68002282e-08 -2.45891172e-08 1
LGIC_C 174 -0.0802584224 -0.523258076 0.025014008 2.48392553e-08 4.34088306e-08 1
LGIC_C 175 0.427478201 -0.293071807 0.0250140118 -3.37890406e-08 4.80634332e-08 1
LGIC_C 176 -0.600796866 -0.5847314 0.0250140193 1.15916899e-08 4.97976879e-08 1
LGIC_C 177 0.306873919 0.318027835 0.0250140053 -2.81018716e-08 -4.20573923e-08 1
LGIC_C 178 0.0487572898 -0.629163388 0.0250140141 6.33663526e-09 4.9610097e-08 1
LGIC_C 179 -0.236749252 -0.172985442 0.0250139978 6.28883752e-09 7.55636663e-08 1
LGIC_C 180 -0.133143618 0.259097877 0.0250139979 2.8101852e-08 -4.20574041e-08 1
LGIC_C 181 -0.628831862 -0.319681313 0.0250140073 5.39043203e-09 6.47688584e-08 1
LGIC_C 182 0.0861759469 -0.177280518 0.0250139931 -2.81018481e-08 4.20574137e-08 1
LGIC_C 183 0.669264925 0.317817438 0.0250140197 -4.82586616e-08 -1.31306776e-08 1
LGIC_C 184 0.724013394 -0.0434594154 0.0250140157 -4.34088182e-08 2.48392526e-08 1
LGIC_C 185 0.404422357 -0.127725677 0.025014004 -4.34088182e-08 2.48392526e-08 1
LGIC_C 186 -0.615449986 -0.312539168 0.0250140068 5.39043203e-09 6.47688584e-08 1
LGIC_C 187 0.14384497 0.0878436757 0.0250139932 -4.90669739e-08 -3.27854893e-08 1
LGIC_C 188 -0.742541561 0.0915329276 0.0250140163 4.34088259e-08 -8.63455061e-09 1
LGIC_C 189 -0.52703923 0.28668016 0.0250140135 4.20574045e-08 -2.81018523e-08 1
LGIC_C 190 0.335081516 -0.755501552 0.0250140193 -2.45891087e-08 3.68002429e-08 1
LGIC_C 191 -0.408366241 -0.228511458 0.0250140002 5.39043203e-09 6.47688584e-08 1
LGIC_C 192 -0.291956455 0.100114329 0.0250139968 4.34088259e-08 -8.63455061e-09 1
LGIC_C 193 0.300510745 0.0699769274 0.0250139988 -4.96100911e-08 -9.86803575e-09 1
LGIC_C 194 -0.661296979 0.380356949 0.025014017 3.68002297e-08 -2.45891157e-08 1
LGIC_C 195 0.382038124 0.391023331 0.0250140104 -2.81018716e-08 -4.20573923e-08 1
LGIC_C 196 0.722307806 0.376902006 0.0250140191 -3.68002282e-08 -2.45891172e-08 1
LGIC_C 197 -0.261092555 -0.511605387 0.0250140085 2.45891453e-08 3.68002268e-08 1
LGIC_C 198 0.507286384 0.0208263237 0.0250140054 -4.34088272e-08 -8.63453573e-09 1
LGIC_C 199 0.601614545 0.241332436 0.0250140115 -4.96100869e-08 6.3366408e-09 1
LGIC_C 200 0.739814723 -0.303915698 0.025014018 -4.34088226e-08 8.63456802e-09 1
LGIC_C 201 0.230696716 0.147922441 0.0250139971 -4.20574004e-08 -2.81018564e-08 1
LGIC_C 202 -0.0276101563 -0.308639783 0.0250139973 2.48392553e-08 4.34088306e-08 1
LGIC_C 203 -0.1804598 -0.0692908881 0.0250139902 -4.96100919e-08 2.90231703e-08 -1
LGIC_C 204 -0.368546402 0.554857314 0.025014017 2.8101852e-08 -4.20574041e-08 1
LGIC_C 205 -0.0898538276 0.255254465 0.0250139968 9.86805557e-09 -4.96100883e-08 1
LGIC_C 206 0.634018486 -0.358692714 0.0250140154 -3.68002179e-08 2.45891393e-08 1
LGIC_C 207 -0.151047371 -0.446216208 0.0250140016 -4.89847109e-08 5.78784581e-08 1
LGIC_C 208 -0.497558672 0.361369721 0.025014012 -4.82586679e-08 1.31306769e-08 -1
LGIC_C 209 0.00425790076 -0.0213423791 0.0250139863 2.76305324e-08 -1.38908298e-07 -1
LGIC_C 210 0.0576795825 0.234650008 0.0250139955 -9.86806672e-09 -4.96100854e-08 1
LGIC_C 211 0.605935941 -0.185459686 0.0250140204 -5.78784275e-08 1.15127558e-08 1
LGIC_C 212 -0.347244776 -0.483502902 0.0250140096 -5.56021111e-08 -1.45571543e-08 -1
LGIC_C 213 0.392707232 -0.434051486 0.0250140125 -2.81018481e-08 4.20574137e-08 1
LGIC_C 214 0.47734344 -0.0856187714 0.0250140047 -4.34088226e-08 8.63456802e-09 1
LGIC_C 215 -0.428195672 -0.050527774 0.0250140023 4.34088238e-08 8.63459484e-09 1
LGIC_C 216 0.200921214 -0.156270417 0.0250139956 -3.05989503e-08 3.95603122e-08 1
LGIC_C 217 0.490306595 -0.403425369 0.0250140192 -3.37890406e-08 4.80634332e-08 1
LGIC_C 218 -0.249384329 0.37910549 0.0250140048 1.31306824e-08 -4.82586643e-08 1
LGIC_C 219 -0.184448067 -0.448971197 0.0250140073 2.48392553e-08 4.34088306e-08 1
LGIC_C 220 -0.70472098 -0.350641592 0.0250140178 3.68002489e-08 2.45891179e-08 1
LGIC_C 221 0.697588615 -0.45261658 0.02501402 -3.68002179e-08 2.45891393e-08 1
LGIC_C 222 -0.570831933 -0.167124728 0.0250140067 -4.96100919e-08 2.90231703e-08 -1
LGIC_C 223 0.263376932 0.401327737 0.0250140095 -4.80634192e-08 -3.37890445e-08 1
LGIC_C 224 -0.365762297 0.0531481534 0.0250139999 4.96100851e-08 2.90231542e-08 1
LGIC_C 225 0.192420742 -0.629012655 0.0250140122 -8.63454093e-09 4.34088369e-08 1
LGIC_C 226 0.364873632 -0.225453377 0.0250140022 -3.68002179e-08 2.45891393e-08 1
LGIC_C 227 -0.173201717 0.484820246 0.0250140058 8.63455111e-09 -4.34088279e-08 1
LGIC_C 228 0.265408174 -0.32608801 0.0250140025 -1.31306721e-08 4.82586744e-08 1
LGIC_C 229 -0.525847966 -0.0735575585 0.0250140067 4.34088238e-08 8.63459484e-09 1
LGIC_C 230 -0.678690647 -0.205273071 0.0250140072 -4.34088282e-08 2.70157287e-08 -1
LGIC_C 231 0.538258408 0.269526051 0.0250140144 3.37890593e-08 4.80634111e-08 -1
LGIC_C 232 -0.261177506 0.757554361 0.0250140184 8.63455111e-09 -4.34088279e-08 1
LGIC_C 233 0.327832332 0.244743446 0.0250140023 -4.82586616e-08 -1.31306776e-08 1
LGIC_C 234 -0.0931270185 -0.446451239 0.0250140034 8.63456455e-09 4.34088336e-08 1
LGIC_C 235 0.284697681 0.468866885 0.025014011 -2.81018716e-08 -4.20573923e-08 1
LGIC_C 236 0.301380167 -0.0206135249 0.0250139968 -4.34088182e-08 2.48392526e-08 1
LGIC_C 237 0.672611711 -0.0309729088 0.0250140176 -4.96100802e-08 3.14742968e-08 1
LGIC_C 238 -0.150715756 0.0217470994 0.0250139909 5.7878425e-08 4.89846948e-08 1
LGIC_C 239 0.516493486 -0.283213512 0.0250140129 -4.20573976e-08 2.81018683e-08 1
LGIC_C 240 0.104920689 -0.157100071 0.0250139936 -1.28239349e-08 5.73353226e-08 1
LGIC_C 241 -0.106127831 0.233610441 0.0250139961 2.8101852e-08 -4.20574041e-08 1
LGIC_C 242 0.628381088 -0.32108483 0.0250140199 -3.37890406e-08 4.80634332e-08 1
LGIC_C 243 -0.638417704 0.234099692 0.0250140173 4.96100897e-08 -9.86805572e-09 1
LGIC_C 244 0.558981294 -0.195614333 0.0250140178 -5.78784275e-08 1.15127558e-08 1
LGIC_C 245 -0.491520302 -0.440907534 0.0250140149 1.45571809e-08 5.5602105e-08 1
LGIC_C 246 0.404291582 0.431558095 0.0250140091 -2.45891309e-08 -3.68002211e-08 1
LGIC_C 247 -0.490272363 0.62972245 0.0250140185 2.45891128e-08 -3.68002333e-08 1
LGIC_C 248 0.117306792 -0.101366874 0.02501399 -3.68002179e-08 2.45891393e-08 1
LGIC_C 249 0.493482995 -0.00181577433 0.0250140078 -4.96100802e-08 3.14742968e-08 1
LGIC_C 250 0.219721801 0.521170748 0.0250140114 -4.80634192e-08 -3.37890445e-08 1
LGIC_C 251 0.0554431955 0.665066429 0.0250140159 -6.33660387e-09 4.96100877e-08 -1
LGIC_C 252 0.126265737 0.581107212 0.0250140161 -3.14742949e-08 -4.96100822e-08 1
LGIC_C 253 0.492367954 0.331205421 0.0250140113 -4.82586616e-08 -1.31306776e-08 1
LGIC_C 254 -0.446519491 0.287167837 0.0250140122 3.37890593e-08 -4.80634052e-08 1
LGIC_C 255 -0.800444343 -0.0833536763 0.0250140158 -4.34088282e-08 2.70157287e-08 -1
LGIC_C 256 -0.311581284 0.526974765 0.0250140103 2.45891128e-08 -3.68002333e-08 1
LGIC_C 257 0.290888555 0.294153847 0.0250140013 1.3130701e-08 4.82586573e-08 -1
LGIC_C 258 -0.25986849 0.561704653 0.0250140103 2.45891128e-08 -3.68002333e-08 1
LGIC_C 259 0.257846363 -0.313526557 0.0250140071 -3.27854948e-08 4.90669785e-08 1
LGIC_C 260 -0.00394685053 -0.601052683 0.0250140131 9.8680833e-09 4.96100963e-08 1
LGIC_C 261 0.0811279779 0.614193767 0.0250140106 -8.63455884e-09 -4.34088253e-08 1
LGIC_C 262 -0.340785197 0.333382295 0.025014007 4.20574045e-08 -2.81018523e-08 1
LGIC_C 263 -0.673027076 -0.276853807 0.025014005 -4.34088282e-08 2.70157287e-08 -1
LGIC_C 264 0.451204215 -0.3038948 0.0250140073 -3.68002179e-08 2.45891393e-08 1
LGIC_C 265 0.220434857 0.0271255693 0.0250139944 -4.96100911e-08 -9.86803575e-09 1
LGIC_C 266 -0.138728083 -0.32484712 0.0250139987 3.95603082e-08 3.05989652e-08 1
LGIC_C 267 -0.268135944 -0.251945466 0.0250140011 1.45571809e-08 5.5602105e-08 1
LGIC_C 268 -0.0815863328 -0.516054022 0.0250140065 -2.90231482e-08 4.96101036e-08 1
LGIC_C 269 -0.0605050876 0.670499381 0.0250140161 -6.33661298e-09 -4.96100859e-08 1
LGIC_C 270 -0.0853229403 -0.100352329 0.0250139904 7.55636799e-08 6.2887973e-09 1
LGIC_C 271 -0.47571209 -0.420130561 0.0250140111 3.68002489e-08 2.45891179e-08 1
LGIC_C 272 -0.432345771 0.281676163 0.0250140078 -4.82586679e-08 1.31306769e-08 -1
LGIC_C 273 0.723931549 -0.164657307 0.0250140187 -4.34088182e-08 2.48392526e-08 1
LGIC_C 274 -0.36780591 0.371193772 0.025014006 2.45891128e-08 -3.68002333e-08 1
LGIC_C 275 0.042121877 -0.568724344 0.0250140112 6.33663526e-09 4.9610097e-08 1
LGIC_C 276 -0.155697957 -0.497272315 0.0250140034 -2.90231482e-08 4.96101036e-08 1
LGIC_C 277 0.674078863 -0.08568174 0.0250140194 -4.96100802e-08 3.14742968e-08 1
LGIC_C 278 0.288553146 0.243775788 0.0250139999 -3.68002282e-08 -2.45891172e-08 1
LGIC_C 279 0.0447979218 -0.113290139 0.0250139885 -8.63454093e-09 4.34088369e-08 1
LGIC_C 280 -0.295711154 -0.146785828 0.0250139957 1.45571809e-08 5.5602105e-08 1
LGIC_C 281 0.341278837 0.575823432 0.0250140191 -4.80634192e-08 -3.37890445e-08 1
LGIC_C 282 -0.255238651 -0.44582872 0.025014007 3.95603082e-08 3.05989652e-08 1
LGIC_C 283 -0.229504299 -0.492868255 0.0250140037 7.55636799e-08 6.2887973e-09 1
LGIC_C 284 0.206532024 -0.778670435 0.0250140188 -8.63454093e-09 4.34088369e-08 1
LGIC_C 285 -0.266281374 0.498118831 0.0250140164 3.27854968e-08 -4.90669676e-08 1
LGIC_C 286 -0.498889688 0.00960663439 0.0250140077 4.96100851e-08 2.90231542e-08 1
LGIC_C 287 -0.0748838804 -0.148031083 0.0250139905 2.45891453e-08 3.68002268e-08 1
LGIC_C 288 0.0167764644 -0.32858184 0.0250139994 6.33663526e-09 4.9610097e-08 1
LGIC_C 289 0.0311883629 0.00611800421 0.0250139846 -4.34088272e-08 -8.63453573e-09 1
LGIC_C 290 -0.352392808 -0.51198312 0.0250140147 2.81018674e-08 4.20574117e-08 1
LGIC_C 291 -0.484614123 0.446115032 0.0250140121 3.68002297e-08 -2.45891157e-08 1
LGIC_C 292 0.431302557 0.458587462 0.0250140147 -2.81018716e-08 -4.20573923e-08 1
LGIC_C 293 -0.641275476 -0.0409057335 0.0250140139 -4.96100919e-08 2.90231703e-08 -1
LGIC_C 294 0.0733432362 -0.207607954 0.0250139961 -1.15127059e-08 5.78784511e-08 1
LGIC_C 295 -0.163280188 0.141368021 0.025013995 6.28881943e-09 -7.55636452e-08 1
LGIC_C 296 0.511852087 0.278450624 0.0250140126 -4.20574004e-08 -2.81018564e-08 1
LGIC_C 297 0.0106157677 0.34996322 0.0250139985 -8.63455884e-09 -4.34088253e-08 1
LGIC_C 298 0.0586901682 -0.489546602 0.0250140081 -9.86804037e-09 4.96101e-08 1
LGIC_C 299 -0.121246208 -0.305295635 0.0250139996 9.8680833e-09 4.96100963e-08 1
LGIC_C 300 0.419816325 -0.049564086 0.0250140027 -4.34088182e-08 2.48392526e-08 1
LGIC_C 301 0.0842119394 0.368486436 0.025014 -8.63455884e-09 -4.34088253e-08 1
LGIC_C 302 0.392302935 0.32733697 0.0250140089 -4.20574004e-08 -2.81018564e-08 1
LGIC_C 303 -0.0351071428 0.352210052 0.0250140011 9.86805557e-09 -4.96100883e-08 1
LGIC_C 304 -0.146486676 0.399704311 0.0250140022 -6.33661298e-09 -4.96100859e-08 1
LGIC_C 305 -0.443527163 0.249329806 0.0250140057 3.68002297e-08 -2.45891157e-08 1
LGIC_C 306 0.171549848 0.103219631 0.025013994 3.37890593e-08 4.80634111e-08 -1
LGIC_C 307 -0.398309437 0.278998 0.0250140062 -4.82586679e-08 1.31306769e-08 -1
LGIC_C 308 0.61987452 -0.251587515 0.0250140123 -4.34088226e-08 8.63456802e-09 1
LGIC_C 309 0.136537579 0.124918771 0.0250139913 -3.68002282e-08 -2.45891172e-08 1
LGIC_C 310 0.103702598 0.811760213 0.0250140194 -8.63455884e-09 -4.34088253e-08 1
LGIC_C 311 0.563531527 0.59360613 0.025014019 -2.45891309e-08 -3.68002211e-08 1
LGIC_C 312 0.301006373 0.219471704 0.0250140021 -4.20574004e-08 -2.81018564e-08 1
LGIC_C 313 0.696030469 0.37098998 0.025014018 -3.68002282e-08 -2.45891172e-08 1
LGIC_C 314 -0.251356732 0.494173993 0.0250140076 2.45891128e-08 -3.68002333e-08 1
LGIC_C 315 -0.0880690416 0.0226764302 0.0250139879 4.96100897e-08 -9.86805572e-09 1
LGIC_C 316 -0.217334002 -0.209221908 0.0250140004 6.28883752e-09 7.55636663e-08 1
LGIC_C 317 -0.399629138 -0.187488024 0.0250140026 3.68002489e-08 2.45891179e-08 1
LGIC_C 318 -0.216624964 -0.343312435 0.0250140003 -5.56021111e-08 -1.45571543e-08 -1
LGIC_C 319 -0.516940774 -0.0601908216 0.0250140041 -4.34088282e-08 2.70157287e-08 -1
LGIC_C 320 0.417843925 0.556437367 0.0250140184 -2.81018716e-08 -4.20573923e-08 1
LGIC_C 321 0.60847526 -0.277713945 0.0250140171 -3.37890406e-08 4.80634332e-08 1
LGIC_C 322 0.549139299 0.219464631 0.0250140175 -5.78784335e-08 -1.15127284e-08 1
LGIC_C 323 -0.310918619 -0.663796121 0.0250140199 2.81018674e-08 4.20574117e-08 1
LGIC_C 324 0.0261817646 0.692468196 0.0250140175 -6.33660387e-09 4.96100877e-08 -1
LGIC_C 325 0.463779675 0.649581564 0.0250140186 -2.45891309e-08 -3.68002211e-08 1
LGIC_C 326 0.171793353 0.646935126 0.0250140143 -6.33660387e-09 4.96100877e-08 -1
LGIC_C 327 -0.292883322 -0.0307648079 0.0250139969 -4.96100919e-08 2.90231703e-08 -1
LGIC_C 328 -0.409728318 0.0176907948 0.0250140015 4.34088279e-08 -2.48392273e-08 1
LGIC_C 329 0.614398757 -0.19508542 0.0250140156 -4.96100859e-08 9.86807898e-09 1
LGIC_C 330 0.378244196 -0.0689069513 0.0250140042 -4.96100802e-08 3.14742968e-08 1
LGIC_C 331 0.241866571 -0.0714799182 0.0250139955 -4.34088182e-08 2.48392526e-08 1
LGIC_C 332 -0.0400479659 -0.350637576 0.025014001 9.8680833e-09 4.96100963e-08 1
LGIC_C 333 0.444745268 0.153487453 0.0250140039 -4.34088272e-08 -8.63453573e-09 1
LGIC_C 334 0.249674463 0.809723435 0.010353584 0.194186548 0.976240951 0.0961519121
LGIC_C 335 0.19420951 0.612995621 0.0250140124 -6.33660387e-09 4.96100877e-08 -1
LGIC_C 336 -0.749583102 0.00413623332 0.0250140159 4.34088279e-08 -2.48392273e-08 1
LGIC_C 337 -0.0634403475 -0.00333857835 0.0250139863 -4.96100919e-08 2.90231703e-08 -1
LGIC_C 338 -0.18068295 0.319757281 0.0250139995 2.45891128e-08 -3.68002333e-08 1
LGIC_C 339 0.17024211 -0.193796166 0.0250139948 -1.31306721e-08 4.82586744e-08 1
LGIC_C 340 -0.323488214 0.607489935 0.0250140179 2.8101852e-08 -4.20574041e-08 1
LGIC_C 341 -0.0598289487 -0.725328402 0.0250140152 8.63456455e-09 4.34088336e-08 1
LGIC_C 342 -0.85183102 -0.00488420694 0.0250140203 4.34088238e-08 8.63459484e-09 1
LGIC_C 343 0.241996596 0.449720625 0.0250140081 1.3130701e-08 4.82586573e-08 -1
LGIC_C 344 -0.115093597 0.0332090901 0.0250139883 5.7878425e-08 4.89846948e-08 1
LGIC_C 345 -0.120958491 -0.124239162 0.0250139932 7.55636799e-08 6.2887973e-09 1
LGIC_C 346 0.333090139 0.311896463 0.0250140032 -3.68002282e-08 -2.45891172e-08 1
LGIC_C 347 0.471800744 -0.203016236 0.025014013 -4.90669481e-08 3.27855328e-08 1
LGIC_C 348 -0.143809694 -0.617221618 0.0250140153 9.8680833e-09 4.96100963e-08 1
LGIC_C 349 -0.180289021 -0.530654287 0.0250140043 -2.90231482e-08 4.96101036e-08 1
LGIC_C 350 -0.232462938 0.342049072 0.0250140016 2.45891128e-08 -3.68002333e-08 1
LGIC_C 351 -0.121696127 0.0610322411 0.0250139903 3.37890593e-08 -4.80634052e-08 1
LGIC_C 352 -0.194144642 -0.337143412 0.0250140012 3.95603082e-08 3.05989652e-08 1
LGIC_C 353 -0.339664076 0.164350287 0.0250140022 4.20574045e-08 -2.81018523e-08 1
LGIC_C 354 0.145174658 0.212600116 0.0250139963 -2.81018716e-08 -4.20573923e-08 1
LGIC_C 355 0.107414735 -0.567290553 0.025014015 1.00935263e-08 5.7878447e-08 1
LGIC_C 356 0.121437262 0.68653933 0.0250140141 -8.63455884e-09 -4.34088253e-08 1
LGIC_C 357 0.756578094 0.142715237 0.0250140199 -4.96100869e-08 6.3366408e-09 1
LGIC_C 358 0.0619390726 -0.0241906466 0.0250139865 -4.96100859e-08 9.86807898e-09 1
LGIC_C 359 -0.240980084 0.196056271 0.0250139996 6.28881943e-09 -7.55636452e-08 1
LGIC_C 360 -0.487977716 0.442730375 0.0250140121 3.68002297e-08 -2.45891157e-08 1
LGIC_C 361 0.584549507 -0.154991293 0.0250140138 -4.96100859e-08 9.86807898e-09 1
LGIC_C 362 -0.423642981 -0.0966734073 0.0250140015 -4.96100919e-08 2.90231703e-08 -1
LGIC_C 363 -0.374172506 0.430666924 0.025014009 1.31306824e-08 -4.82586643e-08 1
LGIC_C 364 0.0863438085 0.147899295 0.0250139933 -3.27855134e-08 -4.90669575e-08 1
LGIC_C 365 0.601633473 -0.307076585 0.0250140172 -4.20573976e-08 2.81018683e-08 1
LGIC_C 366 -0.303082491 -0.696632222 0.0250140166 3.95603082e-08 3.05989652e-08 1
LGIC_C 367 0.401505024 -0.172498758 0.0250140023 -3.05989503e-08 3.95603122e-08 1
LGIC_C 368 -0.106656393 -0.272894709 0.0250139977 2.48392553e-08 4.34088306e-08 1
LGIC_C 369 -0.109504808 -0.587324537 0.0250140092 -2.90231482e-08 4.96101036e-08 1
LGIC_C 370 -0.394025089 -0.56424108 0.0250140137 2.45891453e-08 3.68002268e-08 1
LGIC_C 371 0.193160771 0.0927433971 0.0250139926 -3.68002282e-08 -2.45891172e-08 1
LGIC_C 372 -0.0697724617 0.46135512 0.0250140039 8.63455111e-09 -4.34088279e-08 1
LGIC_C 373 -0.560062125 0.534035043 0.025014017 3.68002297e-08 -2.45891157e-08 1
LGIC_C 374 0.0686394945 -0.20190164 0.0250139928 6.33663526e-09 4.9610097e-08 1
LGIC_C 375 0.167165007 -0.622598126 0.0250140176 1.00935263e-08 5.7878447e-08 1
LGIC_C 376 0.407690446 0.391587418 0.0250140114 -4.20574004e-08 -2.81018564e-08 1
LGIC_C 377 0.318073106 0.143944154 0.0250139985 -3.68002282e-08 -2.45891172e-08 1
LGIC_C 378 -0.650618628 0.094860624 0.0250140128 4.96100851e-08 2.90231542e-08 1
LGIC_C 379 -0.0327189136 -0.501347287 0.0250140084 9.8680833e-09 4.96100963e-08 1
LGIC_C 380 0.0865045583 0.629592595 0.0250140153 -9.86806672e-09 -4.96100854e-08 1
LGIC_C 381 0.00980851716 0.616016032 0.0250140139 -9.86806672e-09 -4.96100854e-08 1
LGIC_C 382 0.582022228 -0.276647548 0.0250140162 -3.37890406e-08 4.80634332e-08 1
LGIC_C 383 0.339742037 -0.510338611 0.0250140194 -3.27854948e-08 4.90669785e-08 1
LGIC_C 384 -0.464250457 -0.378684833 0.0250140148 6.28883752e-09 7.55636663e-08 1
LGIC_C 385 0.630786113 0.0563384808 0.0250140204 -5.78784335e-08 -1.15127284e-08 1
LGIC_C 386 0.532974536 -0.484368052 0.0250140148 -3.68002179e-08 2.45891393e-08 1
LGIC_C 387 0.529257091 -0.247877534 0.025014013 -3.37890406e-08 4.80634332e-08 1
LGIC_C 388 -0.0142384773 0.483225757 0.0250140077 -3.14742797e-08 4.96100914e-08 -1
LGIC_C 389 0.359308993 -0.366092625 0.025014013 -3.27854948e-08 4.90669785e-08 1
LGIC_C 390 0.528064018 0.0144180013 0.0250140093 -4.96100869e-08 6.3366408e-09 1
LGIC_C 391 -0.200810011 0.0960579222 0.0250139947 3.37890593e-08 -4.80634052e-08 1
LGIC_C 392 -0.200895494 -0.580001003 0.0250140062 -2.90231482e-08 4.96101036e-08 1
LGIC_C 393 -0.00250913924 -0.303571693 0.0250139964 8.63456455e-09 4.34088336e-08 1
LGIC_C 394 0.407029011 0.661810386 0.0250140176 -2.45891309e-08 -3.68002211e-08 1
LGIC_C 395 0.350148617 0.435030081 0.0250140089 1.3130701e-08 4.82586573e-08 -1
LGIC_C 396 0.280464846 0.406519702 0.0250140066 1.3130701e-08 4.82586573e-08 -1
LGIC_C 397 -0.663851238 0.23485245 0.0250140141 4.34088259e-08 -8.63455061e-09 1
LGIC_C 398 -0.564809433 0.237709262 0.0250140138 3.37890593e-08 -4.80634052e-08 1
LGIC_C 399 0.60550718 -0.159047255 0.0250140183 -4.96100802e-08 3.14742968e-08 1
