VGCC_O 6 -0.12622171 0.0241576588 0.046693322 -1.62059677e-06 3.22356891e-07 -1
VGCC_O 3 0.0772568984 -0.00428239309 0.046693036 -1.41802159e-06 2.82063681e-07 -1
CaBS 10 0.116155094 -0.00568956247 0.0692785511 0.735818353 0.677177225 -0.00153536905
CaBS 11 0.0942845262 -0.00647108897 0.0723984285 -0.344822968 0.867728907 0.357971598
CaBS 12 0.122403205 -0.0126556572 0.0626354894 0.999896301 0.01419805 -0.0024089266
CaBS 13 0.0955266375 -0.0159083328 0.081240992 -0.748611723 0.322508223 0.579283121
CaBS 14 0.0928279711 -0.019128347 0.0795461864 -0.748611723 0.322508223 0.579283121
CaBS 15 0.104897379 -0.0336292122 0.0770196019 -0.321328743 -0.750213836 0.577864204
CaBS 16 0.108035986 -0.0313304908 0.0817491861 -0.321328743 -0.750213836 0.577864204
CaBS 17 0.0931822559 -0.0276469293 0.0778993645 -0.735818491 -0.677177075 0.00153536998
CaBS 18 0.0990378867 -0.00739669451 0.0792208763 -0.344822968 0.867728907 0.357971598
CaBS 19 0.116827841 -0.0262583834 0.0596599748 0.748611785 -0.322508546 -0.579282861
CaBS 20 0.101705156 -0.0128417201 0.0536251837 -0.333750671 -0.131704002 -0.933415527
CaBS 21 0.109688229 -0.0322280219 0.0786283382 0.34654604 -0.867983022 0.355684293
CaBS 22 0.1218484 -0.0185112316 0.0776167463 0.751399702 -0.322919474 0.575431578
CaBS 23 0.10408518 -0.0120068035 0.0867095346 0.333750516 0.131703927 0.933415593
CaBS 24 0.111997482 -0.00338705054 0.0742417961 0.324116486 0.74980293 0.576839726
CaBS 25 -0.110887851 0.0264365884 0.0695174766 -0.34654601 0.867982945 -0.355684509
CaBS 26 -0.119292133 0.0116123531 0.0678378134 -0.999896295 -0.0141984574 0.00240892698
CaBS 27 -0.105840815 2.49952605e-05 0.0581024907 -0.324116588 -0.749802884 -0.576839729
CaBS 28 -0.0974131451 0.000287174042 0.0819420708 0.346545964 -0.867983059 0.355684276
CaBS 29 -0.108662761 -0.00258057303 0.0764013356 -0.321328736 -0.750213873 0.57786416
CaBS 31 -0.103176594 0.0111180456 0.0527981518 0.329239713 0.132369034 -0.93492227
CaBS 32 -0.104749349 0.0221579919 0.0838234878 0.324116492 0.749802901 0.576839761
CaBS 34 -0.0971279306 0.0109427408 0.084562523 0.333750517 0.131703937 0.933415591
CaBS 36 -0.116829262 0.0134296784 0.0785649913 -0.748611709 0.322508237 0.579283131
CaBS 37 -0.0912077684 0.0126532129 0.082204374 0.333750517 0.131703937 0.933415591
CaBS 38 -0.106073637 0.0224959153 0.0553905957 0.3213287 0.750213891 -0.577864158
CaBS 39 -0.119194502 0.0198216476 0.0719497299 -0.748611709 0.322508237 0.579283131
Ca 7 0.288498367 0.187886248 0.218642081 0 0 0
Ca 7 0.0160581067 0.411453758 0.787773715 0 0 0
Ca 7 -0.658807363 0.0980197446 0.487949561 0 0 0
Ca 1 -0.484350005 0.20681172 0.138335112 0 0 0
Ca 1 -0.0231203537 -0.238697041 0.495245312 0 0 0
Ca 6 -0.226424436 0.415035502 0.397123308 0 0 0
Ca 7 -0.289161984 -0.202986159 0.278744471 0 0 0
Ca 8 0.266188577 -0.151690478 0.853627204 0 0 0
Ca 1 -0.507424659 0.462399693 0.110741869 0 0 0
Ca 6 -0.244496396 0.724453915 0.551338584 0 0 0
Ca 1 0.23457229 0.0944627905 0.230687369 0 0 0
Ca 6 -0.604237737 -0.0735627497 0.151942453 0 0 0
Ca 4 0.0618334658 0.297184999 0.449369345 0 0 0
Ca 4 -0.302759884 0.0400839714 0.159196166 0 0 0
Ca 8 0.252266055 -0.0879651857 0.818015752 0 0 0
Ca 6 -0.709476509 -0.134684776 0.531640143 0 0 0
Ca 8 -0.0659220606 0.548544216 0.0738685941 0 0 0
Ca 1 -0.253418227 -0.0693533932 0.511557053 0 0 0
Ca 6 -0.56459608 0.0324708911 0.625211742 0 0 0
Ca 7 0.524173525 0.434807287 0.531084811 0 0 0
Ca 4 -0.0821927619 -0.287185541 0.40301172 0 0 0
Ca 8 -0.463202281 0.528065982 0.170093816 0 0 0
Ca 8 -0.0738649828 0.451891938 0.43896212 0 0 0
Ca 1 -0.126909168 0.168943236 0.487190284 0 0 0
Ca 7 -0.166137431 0.183870926 0.316704424 0 0 0
Ca 8 -0.266543815 -0.127357001 0.502315015 0 0 0
Ca 8 -0.193589339 0.559265615 0.139647442 0 0 0
Ca 8 0.144476835 0.636297191 0.314948098 0 0 0
Ca 1 -0.597511849 0.168191247 0.0836051413 0 0 0
Ca 8 -0.295102556 0.170926115 0.326598427 0 0 0
Ca 1 0.215046729 -0.0479846386 0.588760819 0 0 0
Ca 7 -0.229758475 0.00525257602 0.602443118 0 0 0
Ca 1 0.114564452 0.505470452 0.563655928 0 0 0
Ca 4 0.3280641 0.348995764 0.173885565 0 0 0
Ca 4 -0.291754392 -0.344831773 0.106530825 0 0 0
Ca 7 0.0129097077 0.047747824 0.66106961 0 0 0
Ca 7 0.161817343 0.0445064081 0.428371626 0 0 0
Ca 8 -0.0733593973 -0.131670172 0.517517046 0 0 0
Ca 1 -0.29423773 0.0425137106 0.596766417 0 0 0
Ca 6 0.249944414 0.320007002 0.159340215 0 0 0
Ca 4 0.218322884 -0.0779567043 0.0705242218 0 0 0
CaBS_Ca 42 -0.103290699 0.0273619011 0.0750755922 -0.344822968 0.867728888 0.357971643
Ca 8 -0.445656951 0.0664297048 0.402624489 0 0 0
Ca 7 0.109845312 0.346531832 0.327980726 0 0 0
Ca 6 0.164783961 -0.0631342534 0.59590775 0 0 0
Ca 1 -0.313833862 -0.388991776 0.258207969 0 0 0
Ca 8 -0.79324836 0.153503974 0.16548311 0 0 0
Ca 1 0.236752107 -0.0570653351 0.128365672 0 0 0
Ca 8 -0.14114451 -0.359489841 0.210757542 0 0 0
Ca 7 0.258495007 -0.225725417 0.0696418836 0 0 0
Ca 1 0.0566624208 0.473649998 0.29552828 0 0 0
Ca 6 -0.0784211054 0.26757862 0.197637744 0 0 0
Ca 8 -0.414751245 -0.238770047 0.616392956 0 0 0
CaBS_Ca 43 -0.097172947 -0.00447552391 0.0700855421 0.346545964 -0.867983059 0.355684276
Ca 6 0.053681121 0.214906971 0.34958759 0 0 0
Ca 7 -0.322757045 0.200833838 0.220827641 0 0 0
Ca 8 -0.317886699 0.00389665793 0.195097521 0 0 0
Ca 6 -0.304774819 -0.0391879613 0.099570543 0 0 0
Ca 6 -0.0139235347 0.169928527 0.405062357 0 0 0
Ca 8 -0.0948636646 0.240333275 0.195073856 0 0 0
Ca 8 -0.200758701 0.0614185726 0.09062126 0 0 0
Ca 6 0.031380863 0.157104741 0.194874243 0 0 0
Ca 7 -0.246221687 0.163776659 0.211174702 0 0 0
Ca 6 -0.0275438702 0.297830216 0.309021722 0 0 0
Ca 4 -0.0133004766 -0.0592796817 0.223692614 0 0 0
Ca 8 -0.16052405 0.104362968 0.0913061268 0 0 0
Ca 4 0.0182889405 -0.11136544 0.186648316 0 0 0
Ca 8 -0.131810057 -0.15432498 0.137169671 0 0 0
Ca 8 -0.299464478 -0.205203725 0.0983057686 0 0 0
Ca 1 -0.0677682084 0.0453413886 0.138215442 0 0 0
Ca 1 -0.0440253219 -0.00085854417 0.268683544 0 0 0
Ca 6 -0.133355717 -0.0432161336 0.170475351 0 0 0
Ca 8 -0.155434037 -0.0253093005 0.123391322 0 0 0
Ca 6 -0.150447488 -0.0232128052 0.110214683 0 0 0
Ca 7 -0.0709437537 0.0769620879 0.054529481 0 0 0
Ca 1 -0.250893754 0.0739105554 0.127725036 0 0 0
Ca 7 -0.0339976872 0.0138610254 0.123757854 0 0 0
Ca 8 -0.0827517448 0.0460794927 0.159318537 0 0 0
Ca 8 -0.0840144687 0.0574573383 0.0530185965 0 0 0
Ca 1 -0.0567914337 0.0564764844 0.0625580774 0 0 0
Ca 8 -0.125467852 0.0220757591 0.0466527685 0 0 0
VGCC_O 2 0.119933892 -0.04777957 0.0466929781 -1.41802115e-06 2.82063236e-07 -1
VGCC_O 4 -0.108229728 0.00324736392 0.0466932869 -8.10297798e-07 1.61178104e-07 -1
VGCC_O 5 0.113746944 -0.0200409323 0.0466929896 -1.01287282e-06 -1.51427976e-07 -1
VGCC_O 8 -0.134706799 0.0161271258 0.0466933331 -1.62059677e-06 3.22356891e-07 -1
VGCC_O 1 -0.126159285 0.0151063295 0.0466933189 -1.62059625e-06 3.22356338e-07 -1
VGCC_O 0 0.11238887 -0.0311459409 0.0466929927 -1.01287282e-06 -1.51427976e-07 -1
VGCC_O 7 -0.137449801 0.00579357966 0.0466933342 -1.62059625e-06 3.22356338e-07 -1
VGCC_O 9 0.0953603447 -0.018533153 0.0466930096 -1.14792244e-06 -1.24564753e-07 -1
TAG 41 -0.105784995 0.0105052503 0.0536665039 -0.333750681 -0.131703993 -0.933415524
LGIC_C 0 0.514696084 0.226682354 0.0250140115 3.37890593e-08 4.80634111e-08 -1
LGIC_C 1 -0.361906057 0.0478362538 0.0250139994 4.34088259e-08 -8.63455061e-09 1
LGIC_C 2 -0.597147064 0.0986088431 0.0250140139 4.96100897e-08 -9.86805572e-09 1
LGIC_C 3 0.258903299 -0.64901602 0.025014018 -9.86804037e-09 4.96101e-08 1
LGIC_C 4 -0.428165617 -0.236724131 0.0250140038 6.28883752e-09 7.55636663e-08 1
LGIC_C 5 0.0404280114 -0.529811006 0.0250140135 1.00935263e-08 5.7878447e-08 1
LGIC_C 6 -0.330677278 0.495427009 0.0250140159 1.28239438e-08 -5.73353116e-08 1
LGIC_C 7 -0.706386449 0.433860926 0.0250140199 3.68002297e-08 -2.45891157e-08 1
LGIC_C 8 -0.175043577 0.287789366 0.0250139982 2.45891128e-08 -3.68002333e-08 1
LGIC_C 9 -0.466621195 -0.285745772 0.0250140078 6.28883752e-09 7.55636663e-08 1
LGIC_C 10 -0.399684882 -0.603139257 0.0250140175 3.95603082e-08 3.05989652e-08 1
LGIC_C 11 0.152021601 0.564212213 0.0250140103 -6.33660387e-09 4.96100877e-08 -1
LGIC_C 12 0.410112567 0.196639558 0.0250140098 -4.90669739e-08 -3.27854893e-08 1
LGIC_C 13 0.728594825 -0.111738439 0.0250140205 -4.96100859e-08 9.86807898e-09 1
LGIC_C 14 0.6864568 0.259552058 0.0250140156 -4.96100869e-08 6.3366408e-09 1
LGIC_C 15 -0.472959893 -0.349294601 0.0250140084 5.39043203e-09 6.47688584e-08 1
LGIC_C 16 0.627424968 -0.150404756 0.0250140158 -4.96100859e-08 9.86807898e-09 1
LGIC_C 17 -0.552470232 0.352026808 0.0250140146 -4.82586679e-08 1.31306769e-08 -1
LGIC_C 18 0.312222186 -0.469070395 0.0250140117 -2.81018481e-08 4.20574137e-08 1
LGIC_C 19 -0.336638459 0.282802211 0.0250140082 3.37890593e-08 -4.80634052e-08 1
LGIC_C 20 0.0848254404 -0.407991009 0.0250140078 -1.15127059e-08 5.78784511e-08 1
LGIC_C 21 -0.00219851377 -0.158433583 0.025013991 -2.90231482e-08 4.96101036e-08 1
LGIC_C 22 0.11150794 0.619493125 0.0250140151 -9.86806672e-09 -4.96100854e-08 1
LGIC_C 23 -0.443070612 0.409069321 0.0250140096 3.68002297e-08 -2.45891157e-08 1
LGIC_C 24 0.127057189 0.424787956 0.0250140056 -9.86806672e-09 -4.96100854e-08 1
LGIC_C 25 0.372406093 -0.0320993553 0.0250139997 -4.34088226e-08 8.63456802e-09 1
LGIC_C 26 -0.0364383123 0.271316192 0.0250139994 1.15127271e-08 -5.78784352e-08 1
LGIC_C 27 -0.256213493 0.510264942 0.0250140167 3.27854968e-08 -4.90669676e-08 1
LGIC_C 28 0.687607103 0.115154735 0.0250140141 -4.34088272e-08 -8.63453573e-09 1
LGIC_C 29 -0.617861143 -0.108223279 0.0250140137 5.7878436e-08 -4.89847332e-08 1
LGIC_C 30 0.66559958 0.166268509 0.0250140152 -4.96100869e-08 6.3366408e-09 1
LGIC_C 31 -0.421620332 -0.42513501 0.0250140129 -5.56021111e-08 -1.45571543e-08 -1
LGIC_C 32 0.104406272 0.119333237 0.0250139912 -2.81018716e-08 -4.20573923e-08 1
LGIC_C 33 -0.0153974115 0.631292284 0.0250140108 8.63455111e-09 -4.34088279e-08 1
LGIC_C 34 0.268131183 -0.50507468 0.0250140168 -3.27854948e-08 4.90669785e-08 1
LGIC_C 35 -0.195932883 -0.505707422 0.0250140026 -2.90231482e-08 4.96101036e-08 1
LGIC_C 36 0.519692468 -0.626612698 0.0250140191 -2.45891087e-08 3.68002429e-08 1
LGIC_C 37 0.117802055 0.8002342 0.025014019 -8.63455884e-09 -4.34088253e-08 1
LGIC_C 38 0.741328895 -0.328019876 0.0250140189 -3.05989503e-08 3.95603122e-08 1
LGIC_C 39 0.706922709 0.293987712 0.0250140165 -3.68002282e-08 -2.45891172e-08 1
LGIC_C 40 -0.703407503 0.00672363651 0.025014014 4.34088279e-08 -2.48392273e-08 1
LGIC_C 41 -0.521672703 0.589929418 0.0250140178 2.45891128e-08 -3.68002333e-08 1
LGIC_C 42 -0.248689416 -0.659030467 0.025014014 8.63456455e-09 4.34088336e-08 1
LGIC_C 43 -0.558386217 -0.489909387 0.0250140141 1.15916899e-08 4.97976879e-08 1
LGIC_C 44 0.333570774 0.536781433 0.0250140135 1.3130701e-08 4.82586573e-08 -1
LGIC_C 45 -0.0295660022 -0.264998831 0.0250139955 2.48392553e-08 4.34088306e-08 1
LGIC_C 46 -0.249826094 -0.174117654 0.0250139959 5.39043203e-09 6.47688584e-08 1
LGIC_C 47 0.496393229 -0.171359327 0.0250140139 -5.78784275e-08 1.15127558e-08 1
LGIC_C 48 -0.0766184243 -0.405645206 0.0250140015 8.63456455e-09 4.34088336e-08 1
LGIC_C 49 -0.530406677 -0.177395451 0.0250140078 4.34088238e-08 8.63459484e-09 1
LGIC_C 50 0.224909302 -0.340646792 0.0250140073 -3.27854948e-08 4.90669785e-08 1
LGIC_C 51 -0.573166481 -0.00747411062 0.0250140082 4.34088238e-08 8.63459484e-09 1
LGIC_C 52 0.637430703 -0.162496921 0.0250140149 -4.34088182e-08 2.48392526e-08 1
LGIC_C 53 0.338149348 -0.0826012951 0.025014 -4.34088182e-08 2.48392526e-08 1
LGIC_C 54 -0.0269309935 -0.196552409 0.0250139933 -4.89847109e-08 5.78784581e-08 1
LGIC_C 55 0.414235345 0.489185304 0.0250140114 -2.45891309e-08 -3.68002211e-08 1
LGIC_C 56 -0.132922459 -0.181835316 0.0250139933 -5.56021111e-08 -1.45571543e-08 -1
LGIC_C 57 -0.0844229171 0.43296448 0.0250140074 -3.14742797e-08 4.96100914e-08 -1
LGIC_C 58 0.449136888 -0.0755144571 0.0250140046 -4.34088182e-08 2.48392526e-08 1
LGIC_C 59 -0.412008049 -0.22468107 0.0250140017 1.45571809e-08 5.5602105e-08 1
LGIC_C 60 0.0806371435 0.524810101 0.0250140118 -3.14742949e-08 -4.96100822e-08 1
LGIC_C 61 -0.394209501 0.348080272 0.0250140096 4.20574045e-08 -2.81018523e-08 1
LGIC_C 62 -0.0435379361 0.429803896 0.025014006 -3.14742797e-08 4.96100914e-08 -1
LGIC_C 63 0.211396406 -0.0396925628 0.0250139941 -4.96100859e-08 9.86807898e-09 1
LGIC_C 64 -0.230912512 0.00138603547 0.0250139966 5.7878425e-08 4.89846948e-08 1
LGIC_C 65 0.00762415009 0.325938297 0.0250139995 -9.86806672e-09 -4.96100854e-08 1
LGIC_C 66 -0.244173442 -0.334800153 0.0250140016 2.45891453e-08 3.68002268e-08 1
LGIC_C 67 -0.460574147 0.4434095 0.0250140197 6.28881943e-09 -7.55636452e-08 1
LGIC_C 68 -0.676519601 -0.116255902 0.0250140095 -4.34088282e-08 2.70157287e-08 -1
LGIC_C 69 -0.702450006 -0.368818829 0.0250140182 3.68002489e-08 2.45891179e-08 1
LGIC_C 70 -0.0495718578 0.380864099 0.0250140002 8.63455111e-09 -4.34088279e-08 1
LGIC_C 71 0.525355169 0.0998323114 0.0250140148 -5.78784335e-08 -1.15127284e-08 1
LGIC_C 72 0.127773591 0.408798948 0.0250140021 -8.63455884e-09 -4.34088253e-08 1
LGIC_C 73 -0.0240843085 0.0117523833 0.0250139844 3.68002297e-08 -2.45891157e-08 1
LGIC_C 74 0.532136393 0.484280674 0.0250140153 -4.82586616e-08 -1.31306776e-08 1
LGIC_C 75 0.504161676 -0.610172737 0.0250140181 -2.45891087e-08 3.68002429e-08 1
LGIC_C 76 -0.673734383 0.0510599833 0.0250140152 4.96100851e-08 2.90231542e-08 1
LGIC_C 77 0.338625247 -0.211226595 0.0250140019 -3.05989503e-08 3.95603122e-08 1
LGIC_C 78 0.274680561 0.3331058 0.0250140086 -3.27855134e-08 -4.90669575e-08 1
LGIC_C 79 -0.57468152 -0.255297886 0.0250140026 1.15916899e-08 4.97976879e-08 1
LGIC_C 80 0.743246275 -0.027105984 0.0250140157 -4.34088226e-08 8.63456802e-09 1
LGIC_C 81 0.0636683997 0.681212335 0.0250140167 -6.33660387e-09 4.96100877e-08 -1
LGIC_C 82 0.495377131 -0.310872974 0.0250140107 -3.05989503e-08 3.95603122e-08 1
LGIC_C 83 -0.362396936 0.241204983 0.0250140039 -4.82586679e-08 1.31306769e-08 -1
LGIC_C 84 0.209222607 0.494248652 0.0250140099 -2.81018716e-08 -4.20573923e-08 1
LGIC_C 85 -0.0814860131 0.101360252 0.0250139901 1.28239438e-08 -5.73353116e-08 1
LGIC_C 86 0.558607523 -0.31446176 0.0250140172 -3.37890406e-08 4.80634332e-08 1
LGIC_C 87 -0.330071609 -0.270306921 0.0250140031 1.45571809e-08 5.5602105e-08 1
LGIC_C 88 -0.616059464 -0.541899995 0.0250140174 1.15916899e-08 4.97976879e-08 1
LGIC_C 89 0.247313108 -0.499162774 0.0250140106 -1.31306721e-08 4.82586744e-08 1
LGIC_C 90 -0.362226516 -0.337378561 0.0250140073 1.45571809e-08 5.5602105e-08 1
LGIC_C 91 0.17084264 0.759643999 0.0250140177 -8.63455884e-09 -4.34088253e-08 1
LGIC_C 92 0.217269741 -0.716741355 0.0250140174 6.33663526e-09 4.9610097e-08 1
LGIC_C 93 -0.086737353 0.596801124 0.0250140123 -6.33661298e-09 -4.96100859e-08 1
LGIC_C 94 0.156710092 -0.0636929231 0.025013993 -4.96100802e-08 3.14742968e-08 1
LGIC_C 95 -0.321714588 -0.434976473 0.0250140075 -5.56021111e-08 -1.45571543e-08 -1
LGIC_C 96 0.355773222 -0.00119154386 0.0250140009 -4.96100859e-08 9.86807898e-09 1
LGIC_C 97 -0.372028468 0.0336606695 0.0250140007 4.96100851e-08 2.90231542e-08 1
LGIC_C 98 -0.338825589 -0.574815277 0.0250140142 3.95603082e-08 3.05989652e-08 1
LGIC_C 99 0.221607976 -0.0708139188 0.0250139964 -4.96100802e-08 3.14742968e-08 1
LGIC_C 100 -0.343644029 -0.495079225 0.0250140099 2.45891453e-08 3.68002268e-08 1
LGIC_C 101 -0.362783306 0.0130625506 0.0250140014 4.96100897e-08 -9.86805572e-09 1
LGIC_C 102 -0.367747629 0.435002194 0.0250140129 1.28239438e-08 -5.73353116e-08 1
LGIC_C 103 -0.467843178 -0.00843241795 0.0250140034 -4.34088282e-08 2.70157287e-08 -1
LGIC_C 104 0.58908713 -0.230879434 0.0250140147 -4.96100859e-08 9.86807898e-09 1
LGIC_C 105 -0.298113837 0.104682749 0.0250139988 4.34088279e-08 -2.48392273e-08 1
LGIC_C 106 -0.298425046 0.772583652 0.0250140194 8.63455111e-09 -4.34088279e-08 1
LGIC_C 107 -0.731588657 -0.264709363 0.0250140173 4.34088238e-08 8.63459484e-09 1
LGIC_C 108 -0.0647303716 -0.524853036 0.0250140076 2.48392553e-08 4.34088306e-08 1
LGIC_C 109 0.183681061 0.064261495 0.0250139946 -5.78784335e-08 -1.15127284e-08 1
LGIC_C 110 -0.212793915 -0.704717165 0.0250140157 8.63456455e-09 4.34088336e-08 1
LGIC_C 111 -0.49658168 -0.140052635 0.0250140038 -4.96100919e-08 2.90231703e-08 -1
LGIC_C 112 0.705403825 -0.00344416783 0.0250140183 -4.96100802e-08 3.14742968e-08 1
LGIC_C 113 -0.0622969943 -0.714323483 0.0250140158 2.48392553e-08 4.34088306e-08 1
LGIC_C 114 -0.336898856 0.402175341 0.0250140107 1.28239438e-08 -5.73353116e-08 1
LGIC_C 115 0.523559646 -0.362749066 0.0250140136 -3.05989503e-08 3.95603122e-08 1
LGIC_C 116 0.123896405 -0.438524225 0.0250140074 1.00935263e-08 5.7878447e-08 1
LGIC_C 117 -0.200561053 -0.00907171338 0.0250139928 4.96100935e-08 -4.19869172e-08 1
LGIC_C 118 -0.306706945 -0.311121388 0.0250140048 -5.56021111e-08 -1.45571543e-08 -1
LGIC_C 119 0.0832193125 0.418487917 0.0250140048 -9.86806672e-09 -4.96100854e-08 1
LGIC_C 120 0.0136467071 0.513212138 0.0250140089 -9.86806672e-09 -4.96100854e-08 1
LGIC_C 121 -0.449135739 -0.414203379 0.0250140091 1.15916899e-08 4.97976879e-08 1
LGIC_C 122 0.65775169 -0.33829774 0.0250140158 -3.68002179e-08 2.45891393e-08 1
LGIC_C 123 0.332926697 -0.323981783 0.0250140102 -4.90669481e-08 3.27855328e-08 1
LGIC_C 124 0.518043124 -0.424249065 0.0250140127 -3.68002179e-08 2.45891393e-08 1
LGIC_C 125 0.140816961 -0.14423087 0.025013992 -1.31306721e-08 4.82586744e-08 1
LGIC_C 126 0.626670269 -0.371100662 0.0250140171 -3.05989503e-08 3.95603122e-08 1
LGIC_C 127 0.235640696 -0.339706267 0.0250140027 -1.31306721e-08 4.82586744e-08 1
LGIC_C 128 0.23017976 -0.32546452 0.0250140009 -2.45891087e-08 3.68002429e-08 1
LGIC_C 129 0.479920586 -0.0769509763 0.0250140047 -4.34088226e-08 8.63456802e-09 1
LGIC_C 130 -0.640489843 0.191987057 0.0250140127 4.34088259e-08 -8.63455061e-09 1
LGIC_C 131 0.416227212 0.268819945 0.0250140069 -4.82586616e-08 -1.31306776e-08 1
LGIC_C 132 -0.200347425 0.0527481139 0.0250139923 5.7878425e-08 4.89846948e-08 1
LGIC_C 133 -0.568444292 -0.0424366865 0.0250140083 4.34088238e-08 8.63459484e-09 1
LGIC_C 134 0.297100642 -0.648075439 0.0250140144 -2.45891087e-08 3.68002429e-08 1
LGIC_C 135 -0.278764592 -0.265255647 0.025014005 6.28883752e-09 7.55636663e-08 1
LGIC_C 136 0.359342853 -0.258015223 0.0250140028 -3.68002179e-08 2.45891393e-08 1
LGIC_C 137 0.358319049 -0.342498507 0.0250140077 -3.05989503e-08 3.95603122e-08 1
LGIC_C 138 -0.697986731 -0.235702809 0.025014008 4.96100935e-08 -4.19869172e-08 1
LGIC_C 139 0.123363625 -0.0248101101 0.0250139901 -4.96100802e-08 3.14742968e-08 1
LGIC_C 140 0.436464052 0.542902166 0.025014014 -2.45891309e-08 -3.68002211e-08 1
LGIC_C 141 0.468943592 0.126855982 0.0250140047 -4.34088272e-08 -8.63453573e-09 1
LGIC_C 142 -0.479497155 -0.550159661 0.0250140191 3.95603082e-08 3.05989652e-08 1
LGIC_C 143 -0.133451045 -0.186677042 0.0250139948 2.81018674e-08 4.20574117e-08 1
LGIC_C 144 -0.452327968 -0.486936494 0.0250140155 -5.56021111e-08 -1.45571543e-08 -1
LGIC_C 145 0.209576122 0.0127180373 0.0250139935 -4.96100869e-08 6.3366408e-09 1
LGIC_C 146 0.0216939774 0.586299832 0.0250140122 -6.33660387e-09 4.96100877e-08 -1
LGIC_C 147 -0.348883577 -0.353306391 0.0250140048 2.45891453e-08 3.68002268e-08 1
LGIC_C 148 0.460259554 -0.0981397869 0.025014011 -5.78784275e-08 1.15127558e-08 1
LGIC_C 149 0.559345691 0.530703893 0.0250140169 -3.68002282e-08 -2.45891172e-08 1
LGIC_C 150 0.427667523 0.174942749 0.0250140033 -4.96100869e-08 6.3366408e-09 1
LGIC_C 151 -0.0801099674 -0.727865297 0.0250140155 8.63456455e-09 4.34088336e-08 1
LGIC_C 152 0.25183843 0.596840718 0.0250140154 -2.81018716e-08 -4.20573923e-08 1
LGIC_C 153 0.180411191 -0.212471228 0.0250139977 -1.28239349e-08 5.73353226e-08 1
LGIC_C 154 0.147115186 0.513533447 0.0250140102 -9.86806672e-09 -4.96100854e-08 1
LGIC_C 155 -0.635183133 0.118259326 0.0250140119 4.34088259e-08 -8.63455061e-09 1
LGIC_C 156 -0.23159053 0.0525640483 0.0250139938 4.34088259e-08 -8.63455061e-09 1
LGIC_C 157 -0.437301431 0.281289321 0.0250140073 6.28881943e-09 -7.55636452e-08 1
LGIC_C 158 0.342381395 0.182752186 0.0250140036 3.37890593e-08 4.80634111e-08 -1
LGIC_C 159 0.787680814 0.170428595 0.0250140189 -4.34088272e-08 -8.63453573e-09 1
LGIC_C 160 -0.306031035 -0.073001264 0.0250139946 -4.34088282e-08 2.70157287e-08 -1
LGIC_C 161 -0.434543229 0.0744938294 0.0250140056 4.96100897e-08 -9.86805572e-09 1
LGIC_C 162 0.475258117 0.0180736645 0.025014007 -4.96100911e-08 -9.86803575e-09 1
LGIC_C 163 0.384326712 -0.25812555 0.0250140066 -4.20573976e-08 2.81018683e-08 1
LGIC_C 164 0.239498138 -0.592097951 0.0250140111 6.33663526e-09 4.9610097e-08 1
LGIC_C 165 -0.320519842 0.056867094 0.0250139975 4.96100851e-08 2.90231542e-08 1
LGIC_C 166 -0.161761775 -0.684305019 0.025014017 2.48392553e-08 4.34088306e-08 1
LGIC_C 167 -0.567945409 0.525744148 0.0250140171 3.68002297e-08 -2.45891157e-08 1
LGIC_C 168 -0.567142245 -0.2357219 0.0250140016 5.39043203e-09 6.47688584e-08 1
LGIC_C 169 0.647294393 -0.482260814 0.0250140189 -3.68002179e-08 2.45891393e-08 1
LGIC_C 170 0.568144742 -0.364523332 0.0250140199 -3.37890406e-08 4.80634332e-08 1
LGIC_C 171 -0.198767877 0.328593159 0.0250140047 1.28239438e-08 -5.73353116e-08 1
LGIC_C 172 0.340571662 0.15472631 0.0250140022 3.37890593e-08 4.80634111e-08 -1
LGIC_C 173 0.682773504 0.324957376 0.0250140164 -3.68002282e-08 -2.45891172e-08 1
LGIC_C 174 -0.0701540377 -0.514557997 0.0250140073 2.48392553e-08 4.34088306e-08 1
LGIC_C 175 0.418864007 -0.28124379 0.0250140109 -3.37890406e-08 4.80634332e-08 1
LGIC_C 176 -0.602591943 -0.595533921 0.0250140201 3.68002489e-08 2.45891179e-08 1
LGIC_C 177 0.302699171 0.332819703 0.0250140058 -2.81018716e-08 -4.20573923e-08 1
LGIC_C 178 0.0554953727 -0.630447192 0.0250140142 6.33663526e-09 4.9610097e-08 1
LGIC_C 179 -0.264979525 -0.165457265 0.0250139974 6.28883752e-09 7.55636663e-08 1
LGIC_C 180 -0.127907113 0.280495566 0.0250139987 2.8101852e-08 -4.20574041e-08 1
LGIC_C 181 -0.639532604 -0.285908823 0.0250140052 5.39043203e-09 6.47688584e-08 1
LGIC_C 182 0.0691811998 -0.200108584 0.0250139956 -1.15127059e-08 5.78784511e-08 1
LGIC_C 183 0.659350902 0.332651449 0.0250140194 -4.82586616e-08 -1.31306776e-08 1
LGIC_C 184 0.720064178 -0.0599703417 0.025014016 -4.34088182e-08 2.48392526e-08 1
LGIC_C 185 0.382611932 -0.137156652 0.0250140032 -4.34088182e-08 2.48392526e-08 1
LGIC_C 186 -0.575184643 -0.317950601 0.0250140069 5.39043203e-09 6.47688584e-08 1
LGIC_C 187 0.145730877 0.102597199 0.0250139938 -4.90669739e-08 -3.27854893e-08 1
LGIC_C 188 -0.751881966 0.0964209333 0.0250140167 4.34088259e-08 -8.63455061e-09 1
LGIC_C 189 -0.541898572 0.275991546 0.0250140138 4.20574045e-08 -2.81018523e-08 1
LGIC_C 190 0.320959959 -0.733534714 0.0250140181 -2.45891087e-08 3.68002429e-08 1
LGIC_C 191 -0.412993971 -0.235852565 0.0250140007 5.39043203e-09 6.47688584e-08 1
LGIC_C 192 -0.298397585 0.0979455759 0.0250139971 4.34088259e-08 -8.63455061e-09 1
LGIC_C 193 0.31275883 0.0923699344 0.0250139997 -4.96100911e-08 -9.86803575e-09 1
LGIC_C 194 -0.696568603 0.362443464 0.0250140178 3.68002297e-08 -2.45891157e-08 1
LGIC_C 195 0.383841254 0.390053813 0.0250140104 -2.81018716e-08 -4.20573923e-08 1
LGIC_C 196 0.687288269 0.39142098 0.0250140182 -3.68002282e-08 -2.45891172e-08 1
LGIC_C 197 -0.254507143 -0.510744175 0.0250140083 2.45891453e-08 3.68002268e-08 1
LGIC_C 198 0.533823679 0.00712135412 0.0250140065 -4.34088272e-08 -8.63453573e-09 1
LGIC_C 199 0.610833199 0.242752876 0.025014012 -4.96100869e-08 6.3366408e-09 1
LGIC_C 200 0.75130395 -0.320825577 0.0250140188 -3.68002179e-08 2.45891393e-08 1
LGIC_C 201 0.250836985 0.117395331 0.0250139971 -4.20574004e-08 -2.81018564e-08 1
LGIC_C 202 -0.0234337737 -0.286454081 0.0250139963 2.48392553e-08 4.34088306e-08 1
LGIC_C 203 -0.173561287 -0.0283042834 0.0250139911 -4.96100919e-08 2.90231703e-08 -1
LGIC_C 204 -0.359918383 0.559742748 0.0250140169 2.8101852e-08 -4.20574041e-08 1
LGIC_C 205 -0.090926764 0.23266091 0.0250139957 9.86805557e-09 -4.96100883e-08 1
LGIC_C 206 0.660753584 -0.403099542 0.0250140175 -3.68002179e-08 2.45891393e-08 1
LGIC_C 207 -0.143192332 -0.424461322 0.0250140008 -4.89847109e-08 5.78784581e-08 1
LGIC_C 208 -0.495085035 0.367734104 0.025014012 -4.82586679e-08 1.31306769e-08 -1
LGIC_C 209 0.00158441907 0.00166838406 0.0250139836 7.86851997e-08 1.17760691e-07 -1
LGIC_C 210 0.0677660578 0.285200791 0.0250139981 -9.86806672e-09 -4.96100854e-08 1
LGIC_C 211 0.550677198 -0.172318172 0.0250140171 -5.78784275e-08 1.15127558e-08 1
LGIC_C 212 -0.34706426 -0.48951529 0.0250140097 -5.56021111e-08 -1.45571543e-08 -1
LGIC_C 213 0.38003364 -0.397521432 0.0250140106 -2.81018481e-08 4.20574137e-08 1
LGIC_C 214 0.463269295 -0.0714872716 0.025014004 -4.34088226e-08 8.63456802e-09 1
LGIC_C 215 -0.468810938 -0.00505636327 0.0250140037 4.34088238e-08 8.63459484e-09 1
LGIC_C 216 0.218195728 -0.17252384 0.0250139967 -3.05989503e-08 3.95603122e-08 1
LGIC_C 217 0.500413598 -0.402340936 0.0250140195 -3.37890406e-08 4.80634332e-08 1
LGIC_C 218 -0.281328587 0.407468821 0.0250140066 1.31306824e-08 -4.82586643e-08 1
LGIC_C 219 -0.222782693 -0.480060252 0.0250140068 3.95603082e-08 3.05989652e-08 1
LGIC_C 220 -0.743201837 -0.33183404 0.0250140188 3.68002489e-08 2.45891179e-08 1
LGIC_C 221 0.687171076 -0.416654698 0.0250140188 -3.68002179e-08 2.45891393e-08 1
LGIC_C 222 -0.54908555 -0.149125954 0.0250140062 -4.96100919e-08 2.90231703e-08 -1
LGIC_C 223 0.245742028 0.403131464 0.0250140087 -4.80634192e-08 -3.37890445e-08 1
LGIC_C 224 -0.402794937 0.0517343562 0.0250140017 4.96100851e-08 2.90231542e-08 1
LGIC_C 225 0.182783252 -0.659327345 0.0250140134 -8.63454093e-09 4.34088369e-08 1
LGIC_C 226 0.393903406 -0.218676477 0.0250140031 -3.68002179e-08 2.45891393e-08 1
LGIC_C 227 -0.189065933 0.503299074 0.0250140067 8.63455111e-09 -4.34088279e-08 1
LGIC_C 228 0.275970897 -0.300801118 0.0250140014 -1.31306721e-08 4.82586744e-08 1
LGIC_C 229 -0.505843287 -0.0787066755 0.0250140059 4.34088238e-08 8.63459484e-09 1
LGIC_C 230 -0.673107979 -0.202070933 0.025014007 -4.34088282e-08 2.70157287e-08 -1
LGIC_C 231 0.545257073 0.266400063 0.0250140145 3.37890593e-08 4.80634111e-08 -1
LGIC_C 232 -0.25477763 0.792765475 0.0250140199 8.63455111e-09 -4.34088279e-08 1
LGIC_C 233 0.325884722 0.226185441 0.0250140019 -4.82586616e-08 -1.31306776e-08 1
LGIC_C 234 -0.0604526473 -0.449765419 0.0250140033 8.63456455e-09 4.34088336e-08 1
LGIC_C 235 0.294568976 0.461737369 0.025014011 -2.81018716e-08 -4.20573923e-08 1
LGIC_C 236 0.28205061 -0.016087248 0.0250139959 -4.34088182e-08 2.48392526e-08 1
LGIC_C 237 0.688321533 -0.00260660471 0.0250140175 -4.96100802e-08 3.14742968e-08 1
LGIC_C 238 -0.165838378 0.0110682741 0.0250139923 5.7878425e-08 4.89846948e-08 1
LGIC_C 239 0.475617908 -0.309039945 0.0250140119 -4.20573976e-08 2.81018683e-08 1
LGIC_C 240 0.154732243 -0.177714732 0.0250139954 -1.28239349e-08 5.73353226e-08 1
LGIC_C 241 -0.0901774753 0.205576885 0.0250139945 2.8101852e-08 -4.20574041e-08 1
LGIC_C 242 0.62987095 -0.312903656 0.0250140195 -3.37890406e-08 4.80634332e-08 1
LGIC_C 243 -0.670470535 0.251530607 0.025014019 4.96100897e-08 -9.86805572e-09 1
LGIC_C 244 0.557107959 -0.162624091 0.0250140173 -5.78784275e-08 1.15127558e-08 1
LGIC_C 245 -0.492711212 -0.481418976 0.0250140172 1.45571809e-08 5.5602105e-08 1
LGIC_C 246 0.383196725 0.441636811 0.0250140089 -2.45891309e-08 -3.68002211e-08 1
LGIC_C 247 -0.496924498 0.631677446 0.0250140187 2.45891128e-08 -3.68002333e-08 1
LGIC_C 248 0.0885124262 -0.0923777018 0.0250139888 -2.45891087e-08 3.68002429e-08 1
LGIC_C 249 0.502835604 -0.00608195722 0.0250140084 -4.96100802e-08 3.14742968e-08 1
LGIC_C 250 0.222926933 0.512825529 0.0250140113 -4.80634192e-08 -3.37890445e-08 1
LGIC_C 251 0.0237865902 0.667040421 0.0250140162 -6.33660387e-09 4.96100877e-08 -1
LGIC_C 252 0.139854842 0.572672943 0.0250140161 -3.14742949e-08 -4.96100822e-08 1
LGIC_C 253 0.482481278 0.314152275 0.0250140106 -4.82586616e-08 -1.31306776e-08 1
LGIC_C 254 -0.508177182 0.298088393 0.0250140148 3.37890593e-08 -4.80634052e-08 1
LGIC_C 255 -0.764432244 -0.0943022707 0.0250140139 -4.34088282e-08 2.70157287e-08 -1
LGIC_C 256 -0.322542069 0.516129494 0.0250140102 2.45891128e-08 -3.68002333e-08 1
LGIC_C 257 0.296084227 0.299671547 0.0250140016 1.3130701e-08 4.82586573e-08 -1
LGIC_C 258 -0.317786789 0.574280404 0.0250140122 2.45891128e-08 -3.68002333e-08 1
LGIC_C 259 0.231401343 -0.31448769 0.0250140062 -3.27854948e-08 4.90669785e-08 1
LGIC_C 260 -0.0429895848 -0.632099328 0.025014015 9.8680833e-09 4.96100963e-08 1
LGIC_C 261 0.0645110616 0.600776684 0.0250140099 -8.63455884e-09 -4.34088253e-08 1
LGIC_C 262 -0.332621853 0.348109904 0.0250140044 1.31306824e-08 -4.82586643e-08 1
LGIC_C 263 -0.685296864 -0.224638885 0.025014007 -4.34088282e-08 2.70157287e-08 -1
LGIC_C 264 0.444797114 -0.31932515 0.0250140075 -3.68002179e-08 2.45891393e-08 1
LGIC_C 265 0.205479306 0.0472649653 0.0250139939 -4.96100911e-08 -9.86803575e-09 1
LGIC_C 266 -0.151037195 -0.330163338 0.0250139993 3.95603082e-08 3.05989652e-08 1
LGIC_C 267 -0.292489556 -0.285619509 0.0250140034 1.45571809e-08 5.5602105e-08 1
LGIC_C 268 -0.0855130912 -0.524692474 0.0250140068 -2.90231482e-08 4.96101036e-08 1
LGIC_C 269 -0.117302627 0.679397761 0.0250140162 -6.33661298e-09 -4.96100859e-08 1
LGIC_C 270 -0.086998309 -0.114203483 0.0250139906 7.55636799e-08 6.2887973e-09 1
LGIC_C 271 -0.494058448 -0.447412238 0.0250140124 3.68002489e-08 2.45891179e-08 1
LGIC_C 272 -0.403572125 0.271486896 0.0250140063 -4.82586679e-08 1.31306769e-08 -1
LGIC_C 273 0.740676556 -0.200825182 0.0250140204 -4.34088182e-08 2.48392526e-08 1
LGIC_C 274 -0.336787436 0.345249204 0.0250140043 2.45891128e-08 -3.68002333e-08 1
LGIC_C 275 0.0260599519 -0.56997721 0.0250140113 6.33663526e-09 4.9610097e-08 1
LGIC_C 276 -0.154395342 -0.521935342 0.0250140046 -2.90231482e-08 4.96101036e-08 1
LGIC_C 277 0.657398936 -0.112728163 0.0250140194 -4.96100802e-08 3.14742968e-08 1
LGIC_C 278 0.296191755 0.252274357 0.0250140003 -3.68002282e-08 -2.45891172e-08 1
LGIC_C 279 0.0810686855 -0.0848820862 0.0250139883 -2.45891087e-08 3.68002429e-08 1
LGIC_C 280 -0.280694555 -0.146065559 0.0250139954 1.45571809e-08 5.5602105e-08 1
LGIC_C 281 0.359846522 0.574700846 0.02501402 -4.80634192e-08 -3.37890445e-08 1
LGIC_C 282 -0.23895178 -0.441877983 0.0250140062 3.95603082e-08 3.05989652e-08 1
LGIC_C 283 -0.255184088 -0.469949363 0.0250140055 7.55636799e-08 6.2887973e-09 1
LGIC_C 284 0.262274989 -0.779031225 0.0250140193 -8.63454093e-09 4.34088369e-08 1
LGIC_C 285 -0.271073188 0.479688429 0.0250140157 3.27854968e-08 -4.90669676e-08 1
LGIC_C 286 -0.539983463 0.0240812639 0.0250140093 4.96100851e-08 2.90231542e-08 1
LGIC_C 287 -0.0543397613 -0.161213284 0.0250139907 8.63456455e-09 4.34088336e-08 1
LGIC_C 288 0.0205378907 -0.335617216 0.0250139998 6.33663526e-09 4.9610097e-08 1
LGIC_C 289 0.0390338034 0.016379358 0.0250139851 -3.68002282e-08 -2.45891172e-08 1
LGIC_C 290 -0.361048395 -0.514196565 0.025014015 2.81018674e-08 4.20574117e-08 1
LGIC_C 291 -0.527339568 0.438287106 0.0250140135 3.68002297e-08 -2.45891157e-08 1
LGIC_C 292 0.433942978 0.453708064 0.0250140145 -2.81018716e-08 -4.20573923e-08 1
LGIC_C 293 -0.670373061 -0.055429738 0.0250140149 -4.96100919e-08 2.90231703e-08 -1
LGIC_C 294 0.0484651859 -0.203545181 0.0250139956 -1.15127059e-08 5.78784511e-08 1
LGIC_C 295 -0.160432949 0.110460809 0.0250139926 6.28881943e-09 -7.55636452e-08 1
LGIC_C 296 0.497610533 0.285706865 0.0250140122 -4.20574004e-08 -2.81018564e-08 1
LGIC_C 297 0.0139912079 0.372352925 0.0250139995 -8.63455884e-09 -4.34088253e-08 1
LGIC_C 298 0.0976236366 -0.50464824 0.0250140092 -9.86804037e-09 4.96101e-08 1
LGIC_C 299 -0.106148888 -0.317550561 0.025014 9.8680833e-09 4.96100963e-08 1
LGIC_C 300 0.41109594 -0.0470962407 0.0250140022 -4.34088182e-08 2.48392526e-08 1
LGIC_C 301 0.10705402 0.354879863 0.0250139996 -8.63455884e-09 -4.34088253e-08 1
LGIC_C 302 0.410855736 0.33083187 0.0250140098 -4.20574004e-08 -2.81018564e-08 1
LGIC_C 303 -0.0469970797 0.380221701 0.0250140026 9.86805557e-09 -4.96100883e-08 1
LGIC_C 304 -0.131853511 0.383962003 0.0250140015 -6.33661298e-09 -4.96100859e-08 1
LGIC_C 305 -0.445901443 0.215827519 0.025014005 3.68002297e-08 -2.45891157e-08 1
LGIC_C 306 0.179062536 0.100047565 0.0250139941 3.37890593e-08 4.80634111e-08 -1
LGIC_C 307 -0.416242799 0.257385425 0.0250140067 -4.82586679e-08 1.31306769e-08 -1
LGIC_C 308 0.618117596 -0.274331046 0.0250140127 -3.68002179e-08 2.45891393e-08 1
LGIC_C 309 0.112837345 0.09168798 0.0250139897 -3.68002282e-08 -2.45891172e-08 1
LGIC_C 310 0.0963080961 0.781052811 0.025014018 -8.63455884e-09 -4.34088253e-08 1
LGIC_C 311 0.581258787 0.616789868 0.0250140202 -2.45891309e-08 -3.68002211e-08 1
LGIC_C 312 0.298201931 0.211157382 0.0250140017 -4.20574004e-08 -2.81018564e-08 1
LGIC_C 313 0.66086524 0.3623053 0.0250140165 -3.68002282e-08 -2.45891172e-08 1
LGIC_C 314 -0.274996064 0.502025956 0.0250140085 2.45891128e-08 -3.68002333e-08 1
LGIC_C 315 -0.0965580365 0.0119977341 0.0250139882 4.96100897e-08 -9.86805572e-09 1
LGIC_C 316 -0.201730024 -0.209225744 0.0250139977 2.81018674e-08 4.20574117e-08 1
LGIC_C 317 -0.369100882 -0.238351237 0.0250140027 3.68002489e-08 2.45891179e-08 1
LGIC_C 318 -0.198429867 -0.338560817 0.0250139992 -5.56021111e-08 -1.45571543e-08 -1
LGIC_C 319 -0.472713308 -0.0570228728 0.0250140023 -4.34088282e-08 2.70157287e-08 -1
LGIC_C 320 0.449360245 0.583287501 0.0250140204 -2.81018716e-08 -4.20573923e-08 1
LGIC_C 321 0.575817945 -0.295049968 0.0250140169 -3.37890406e-08 4.80634332e-08 1
LGIC_C 322 0.497957391 0.234740972 0.0250140104 -4.82586616e-08 -1.31306776e-08 1
LGIC_C 323 -0.329513217 -0.663480956 0.0250140204 2.81018674e-08 4.20574117e-08 1
LGIC_C 324 0.0186776503 0.685866142 0.0250140172 -6.33660387e-09 4.96100877e-08 -1
LGIC_C 325 0.47172007 0.627666585 0.025014018 -2.45891309e-08 -3.68002211e-08 1
LGIC_C 326 0.17699584 0.653959201 0.0250140146 -6.33660387e-09 4.96100877e-08 -1
LGIC_C 327 -0.285495807 -0.0274005311 0.0250139966 -4.96100919e-08 2.90231703e-08 -1
LGIC_C 328 -0.393667746 0.0209029121 0.0250140009 4.34088279e-08 -2.48392273e-08 1
LGIC_C 329 0.573969877 -0.224994644 0.0250140139 -4.96100859e-08 9.86807898e-09 1
LGIC_C 330 0.371363777 -0.0291193344 0.0250140026 -4.96100802e-08 3.14742968e-08 1
LGIC_C 331 0.232575768 -0.0856263601 0.0250139955 -4.34088182e-08 2.48392526e-08 1
LGIC_C 332 -0.0330452259 -0.373433791 0.0250140021 9.8680833e-09 4.96100963e-08 1
LGIC_C 333 0.495227304 0.175249371 0.0250140062 -4.34088272e-08 -8.63453573e-09 1
LGIC_C 334 0.244963533 0.80420137 0.0250140203 -8.63455884e-09 -4.34088253e-08 1
LGIC_C 335 0.189099115 0.5498516 0.0250140093 -6.33660387e-09 4.96100877e-08 -1
LGIC_C 336 -0.767694364 0.0139289981 0.0250140169 4.34088279e-08 -2.48392273e-08 1
LGIC_C 337 -0.0264720321 -0.00338499488 0.0250139845 -4.96100919e-08 2.90231703e-08 -1
LGIC_C 338 -0.194250798 0.298771462 0.025013999 2.45891128e-08 -3.68002333e-08 1
LGIC_C 339 0.14365107 -0.18329564 0.025013994 -1.31306721e-08 4.82586744e-08 1
LGIC_C 340 -0.300863292 0.622278543 0.0250140179 2.8101852e-08 -4.20574041e-08 1
LGIC_C 341 -0.038454626 -0.73511301 0.0250140155 8.63456455e-09 4.34088336e-08 1
LGIC_C 342 -0.833217817 -0.00789009671 0.0250140192 -4.34088282e-08 2.70157287e-08 -1
LGIC_C 343 0.269465369 0.459710844 0.025014009 1.3130701e-08 4.82586573e-08 -1
LGIC_C 344 -0.123739007 0.0331380528 0.0250139888 5.7878425e-08 4.89846948e-08 1
LGIC_C 345 -0.117668252 -0.14916966 0.0250139931 7.55636799e-08 6.2887973e-09 1
LGIC_C 346 0.35058765 0.308505192 0.0250140037 -3.68002282e-08 -2.45891172e-08 1
LGIC_C 347 0.472036551 -0.180850548 0.0250140084 -4.96100859e-08 9.86807898e-09 1
LGIC_C 348 -0.153945832 -0.626896602 0.0250140159 9.8680833e-09 4.96100963e-08 1
LGIC_C 349 -0.210307229 -0.518871229 0.0250140029 -2.90231482e-08 4.96101036e-08 1
LGIC_C 350 -0.254092927 0.374861067 0.0250140033 2.45891128e-08 -3.68002333e-08 1
LGIC_C 351 -0.0928642401 0.0692911595 0.0250139897 3.37890593e-08 -4.80634052e-08 1
LGIC_C 352 -0.204684017 -0.284439369 0.0250140001 3.95603082e-08 3.05989652e-08 1
LGIC_C 353 -0.358681975 0.174522596 0.0250140033 4.20574045e-08 -2.81018523e-08 1
LGIC_C 354 0.133636441 0.187129483 0.0250139949 -2.81018716e-08 -4.20573923e-08 1
LGIC_C 355 0.074440318 -0.570567904 0.0250140155 1.00935263e-08 5.7878447e-08 1
LGIC_C 356 0.12548992 0.69185095 0.0250140144 -8.63455884e-09 -4.34088253e-08 1
LGIC_C 357 0.763845292 0.147677982 0.0250140202 -4.96100869e-08 6.3366408e-09 1
LGIC_C 358 0.0429305457 -0.0257932949 0.0250139862 -4.90669481e-08 3.27855328e-08 1
LGIC_C 359 -0.271858908 0.21276089 0.0250140011 6.28881943e-09 -7.55636452e-08 1
LGIC_C 360 -0.501700837 0.448517603 0.0250140128 3.68002297e-08 -2.45891157e-08 1
LGIC_C 361 0.598334576 -0.162167474 0.0250140145 -4.96100859e-08 9.86807898e-09 1
LGIC_C 362 -0.443036644 -0.113422449 0.025014002 -4.96100919e-08 2.90231703e-08 -1
LGIC_C 363 -0.351770467 0.446635288 0.0250140094 1.31306824e-08 -4.82586643e-08 1
LGIC_C 364 0.0874295164 0.136565178 0.0250139928 -3.27855134e-08 -4.90669575e-08 1
LGIC_C 365 0.601440411 -0.31495363 0.0250140174 -4.20573976e-08 2.81018683e-08 1
LGIC_C 366 -0.343913501 -0.711124291 0.0250140186 3.95603082e-08 3.05989652e-08 1
LGIC_C 367 0.404265177 -0.112732908 0.0250140036 -4.34088182e-08 2.48392526e-08 1
LGIC_C 368 -0.115993466 -0.313031482 0.0250139997 2.48392553e-08 4.34088306e-08 1
LGIC_C 369 -0.0884590384 -0.595794162 0.0250140102 -2.90231482e-08 4.96101036e-08 1
LGIC_C 370 -0.392796063 -0.587357141 0.0250140145 2.45891453e-08 3.68002268e-08 1
LGIC_C 371 0.200445852 0.0736528416 0.0250139926 -4.34088272e-08 -8.63453573e-09 1
LGIC_C 372 -0.0592416719 0.454339301 0.0250140035 8.63455111e-09 -4.34088279e-08 1
LGIC_C 373 -0.59272387 0.492872976 0.0250140172 3.68002297e-08 -2.45891157e-08 1
LGIC_C 374 0.047027008 -0.209912499 0.0250139934 6.33663526e-09 4.9610097e-08 1
LGIC_C 375 0.149401522 -0.654664475 0.0250140196 1.00935263e-08 5.7878447e-08 1
LGIC_C 376 0.384008533 0.349663355 0.0250140092 -4.20574004e-08 -2.81018564e-08 1
LGIC_C 377 0.312009264 0.17039034 0.0250139989 -3.68002282e-08 -2.45891172e-08 1
LGIC_C 378 -0.632569439 0.0914365921 0.025014012 4.96100851e-08 2.90231542e-08 1
LGIC_C 379 -0.0187613359 -0.475377038 0.025014007 9.8680833e-09 4.96100963e-08 1
LGIC_C 380 0.0939325184 0.589984397 0.0250140135 -9.86806672e-09 -4.96100854e-08 1
LGIC_C 381 0.0119538564 0.66532485 0.0250140162 -6.33660387e-09 4.96100877e-08 -1
LGIC_C 382 0.558462843 -0.293944001 0.0250140162 -3.37890406e-08 4.80634332e-08 1
LGIC_C 383 0.33753485 -0.512411195 0.0250140194 -3.27854948e-08 4.90669785e-08 1
LGIC_C 384 -0.444341624 -0.422822317 0.025014018 6.28883752e-09 7.55636663e-08 1
LGIC_C 385 0.596364296 0.0740938067 0.0250140186 -5.78784335e-08 -1.15127284e-08 1
LGIC_C 386 0.500897051 -0.470871635 0.0250140132 -3.68002179e-08 2.45891393e-08 1
LGIC_C 387 0.550764169 -0.237345313 0.0250140132 -3.37890406e-08 4.80634332e-08 1
LGIC_C 388 -0.0204528894 0.451130842 0.0250140063 -3.14742797e-08 4.96100914e-08 -1
LGIC_C 389 0.357409675 -0.352935472 0.0250140082 -4.20573976e-08 2.81018683e-08 1
LGIC_C 390 0.572946185 0.027023958 0.0250140115 -4.96100869e-08 6.3366408e-09 1
LGIC_C 391 -0.194126692 0.101069121 0.0250139947 3.37890593e-08 -4.80634052e-08 1
LGIC_C 392 -0.188440176 -0.585469577 0.0250140068 -2.90231482e-08 4.96101036e-08 1
LGIC_C 393 -0.0271812526 -0.305943588 0.0250139968 8.63456455e-09 4.34088336e-08 1
LGIC_C 394 0.413282032 0.649629333 0.0250140173 -2.45891309e-08 -3.68002211e-08 1
LGIC_C 395 0.33183065 0.446721948 0.0250140092 1.3130701e-08 4.82586573e-08 -1
LGIC_C 396 0.280156133 0.409478982 0.0250140067 1.3130701e-08 4.82586573e-08 -1
LGIC_C 397 -0.686587176 0.251067458 0.0250140152 4.34088259e-08 -8.63455061e-09 1
LGIC_C 398 -0.572355889 0.253741938 0.0250140148 3.37890593e-08 -4.80634052e-08 1
LGIC_C 399 0.619832781 -0.161449864 0.0250140191 -4.96100802e-08 3.14742968e-08 1
