VGCC_O 6 -0.12622171 0.0241576588 0.046693322 -1.62059677e-06 3.22356891e-07 -1
CaBS 10 0.117279859 -0.0105123136 0.0589105365 0.321328636 0.750213906 -0.577864173
CaBS 11 0.100926881 -0.0217452476 0.0551597413 -0.333750671 -0.131704002 -0.933415527
CaBS 13 0.113312731 -0.00260295514 0.0684433141 0.735818353 0.677177225 -0.00153536905
CaBS 14 0.102318516 -0.00897051463 0.0532347099 -0.751399618 0.322919164 -0.575431861
CaBS 15 0.119943052 -0.0261483127 0.0758189924 0.751399702 -0.322919474 0.575431578
CaBS 16 0.115737515 -0.0124478557 0.0568482811 0.329239702 0.132369043 -0.934922272
CaBS 17 0.104163305 -0.0205492044 0.0856236009 -0.329239867 -0.132369096 0.934922207
CaBS 18 0.0905768511 -0.00872209505 0.070428066 -0.999896295 -0.0141984568 0.00240892729
CaBS 19 0.117591571 -0.0236475654 0.0802929246 0.751399702 -0.322919474 0.575431578
CaBS 20 0.11317309 -0.00468824359 0.0752725924 0.324116486 0.74980293 0.576839726
CaBS 21 0.0954278332 -0.00572024044 0.0716796718 -0.344822968 0.867728907 0.357971598
CaBS 22 0.0914517293 -0.0257935261 0.0659991095 -0.735818491 -0.677177075 0.00153536998
CaBS 23 0.121257904 -0.0112124182 0.0789108929 0.735818353 0.677177225 -0.00153536905
CaBS 24 0.100467914 -0.0283416765 0.0580534753 -0.324116536 -0.749802846 -0.576839807
Ca 8 0.330411663 -0.130646496 0.383231508 0 0 0
Ca 8 -0.529360118 -0.452747872 0.277939735 0 0 0
Ca 8 0.272657772 0.00597766282 0.324897939 0 0 0
Ca 4 0.236478964 0.22475001 0.482591984 0 0 0
Ca 8 0.505858718 -0.143007647 0.155739798 0 0 0
Ca 1 -0.265781272 0.0292924673 0.2996562 0 0 0
Ca 7 -0.0123134381 0.0605534699 0.473022999 0 0 0
Ca 4 0.110221347 -0.249385898 0.461822783 0 0 0
Ca 1 0.177804839 -0.694890661 0.481517492 0 0 0
Ca 8 -0.298318967 -0.166171446 0.531467483 0 0 0
Ca 4 -0.301386844 -0.112178512 0.527082777 0 0 0
Ca 4 0.343030061 0.0189483905 0.529094819 0 0 0
Ca 6 -0.119286747 0.231465771 0.0966686341 0 0 0
Ca 7 -0.129378294 0.456158209 0.396412282 0 0 0
Ca 2 0.259392155 -0.631304877 0.373957428 0 0 0
Ca 7 0.371717962 0.684256784 0.0552980135 0 0 0
Ca 4 -0.274746703 -0.309861312 0.159831689 0 0 0
Ca 6 0.0375811936 0.325095748 0.0973092008 0 0 0
Ca 8 -0.418209646 -0.145098342 0.280748529 0 0 0
Ca 7 -0.077852877 -0.705554683 0.259604356 0 0 0
Ca 4 -0.345745773 -0.200271562 0.757764965 0 0 0
Ca 4 -0.109225652 -0.16430936 0.0633474257 0 0 0
Ca 1 0.359537955 -0.17937389 0.257609923 0 0 0
Ca 4 0.106952306 0.346447342 0.578492858 0 0 0
Ca 4 0.0101683204 -0.0163148545 0.642602785 0 0 0
Ca 4 -0.25580204 0.151031005 0.255283221 0 0 0
Ca 4 -0.295525944 0.0714261329 0.13298678 0 0 0
Ca 8 -0.031317572 0.512129537 0.435852864 0 0 0
Ca 6 0.18493477 -0.377878752 0.547362803 0 0 0
Ca 7 -0.534978193 -0.152422485 0.511360375 0 0 0
Ca 1 0.522338724 0.5192738 0.0946305559 0 0 0
Ca 1 0.373157014 0.423504733 0.0719667069 0 0 0
Ca 6 -0.275060688 0.0177061517 0.66221322 0 0 0
Ca 4 -0.303871867 0.0884657585 0.190170344 0 0 0
Ca 6 -0.293131944 0.266400418 0.72780397 0 0 0
Ca 7 -0.302241452 -0.227492638 0.470875021 0 0 0
Ca 6 -0.523945723 -0.0945886434 0.243029891 0 0 0
Ca 8 -0.123706736 -0.152717193 0.406873935 0 0 0
Ca 4 0.0944275607 0.634490379 0.472181546 0 0 0
Ca 6 0.15195204 0.0264870688 0.290767389 0 0 0
Ca 6 0.0794705456 -0.179213682 0.148455996 0 0 0
Ca 8 0.202025734 0.172626621 0.419636689 0 0 0
Ca 7 -0.0461486106 -0.0851640949 0.275105005 0 0 0
Ca 1 0.0590827945 0.386980349 0.409766785 0 0 0
Ca 8 -0.070725533 -0.220820241 0.122327361 0 0 0
Ca 7 -0.672653291 0.0266273261 0.532488426 0 0 0
Ca 4 -0.112007866 -0.100209533 0.30378073 0 0 0
Ca 6 -0.339179563 0.364247733 0.388088711 0 0 0
Ca 8 0.213637141 -0.309983132 0.23149311 0 0 0
Ca 8 -0.330337053 0.0801191175 0.178109495 0 0 0
Ca 6 -0.0890344185 -0.0546289666 0.594713374 0 0 0
Ca 6 -0.25127013 -0.202304556 0.374846493 0 0 0
Ca 8 -0.169926261 0.219137824 0.293734417 0 0 0
Ca 1 -0.274524048 -0.579238828 0.235983459 0 0 0
Ca 1 -0.0948020264 0.471898845 0.177200324 0 0 0
Ca 7 -0.260801363 -0.267986723 0.105910189 0 0 0
Ca 4 0.075025519 0.0664385331 0.238060451 0 0 0
Ca 1 -0.305929121 -0.0581712748 0.140720355 0 0 0
Ca 8 -0.255573821 -0.28560298 0.173721335 0 0 0
Ca 4 -0.176057901 0.0101715615 0.501521687 0 0 0
Ca 4 0.0172017481 0.0145096525 0.34153985 0 0 0
Ca 8 -0.0160294808 0.135192807 0.328970442 0 0 0
Ca 4 0.160373669 -0.101453323 0.313584139 0 0 0
Ca 4 0.0429884221 0.156706949 0.265867747 0 0 0
Ca 8 -0.218001547 0.204748256 0.0795505541 0 0 0
Ca 7 -0.165373436 -0.20589825 0.267330552 0 0 0
Ca 7 -0.33986279 0.197234788 0.161578055 0 0 0
Ca 1 -0.107322416 -0.153966584 0.626869235 0 0 0
Ca 6 -0.245741134 -0.0666897914 0.299778941 0 0 0
Ca 8 -0.199804669 0.409141313 0.280677837 0 0 0
Ca 8 -0.200689199 0.0991043017 0.294736728 0 0 0
Ca 1 -0.365355067 -0.0133998879 0.435226227 0 0 0
Ca 8 0.161265972 -0.0739406564 0.434409862 0 0 0
Ca 1 -0.213004141 0.415851551 0.477211596 0 0 0
Ca 7 -0.600323989 0.300724183 0.299144926 0 0 0
Ca 7 -0.395561812 0.0126341362 0.10379479 0 0 0
Ca 1 -0.379380165 0.36731002 0.0535430168 0 0 0
Ca 3 0.0984388582 0.153864369 0.0640562879 0 0 0
Ca 4 0.05457473 -0.0201409185 0.168461852 0 0 0
Ca 7 -0.0178273474 0.15768796 0.0749841607 0 0 0
Ca 1 -0.221306499 0.182170584 0.179590175 0 0 0
Ca 6 -0.115743946 -0.184656688 0.0551759654 0 0 0
Ca 1 -0.15156229 -0.0662611443 0.18574371 0 0 0
Ca 1 -0.195395272 -0.0129336626 0.272912452 0 0 0
Ca 7 0.00778090701 0.141186637 0.235981434 0 0 0
Ca 2 0.0879826253 -0.208410518 0.289413314 0 0 0
Ca 4 -0.0616900367 -0.0912740442 0.0631368154 0 0 0
Ca 4 -0.119331075 0.0292352706 0.203996575 0 0 0
Ca 8 -0.0702010783 0.125111235 0.0724220277 0 0 0
Ca 4 -0.136499607 0.105360563 0.0631247759 0 0 0
Ca 8 -0.137542956 0.041578903 0.0797099629 0 0 0
Ca 1 -0.0778563031 0.0154912321 0.0466535334 0 0 0
VGCC_O 3 0.0772568984 -0.00428239309 0.046693036 -1.41802159e-06 2.82063681e-07 -1
Ca 8 -0.162122053 0.0713414556 0.0621796367 0 0 0
VGCC_O 8 -0.134706799 0.0161271258 0.0466933331 -1.62059677e-06 3.22356891e-07 -1
Ca 8 -0.152811744 0.0122521476 0.0540391533 0 0 0
VGCC_O 1 -0.126159285 0.0151063295 0.0466933189 -1.62059625e-06 3.22356338e-07 -1
VGCC_O 2 0.119933892 -0.04777957 0.0466929781 -1.41802115e-06 2.82063236e-07 -1
VGCC_O 4 -0.108229728 0.00324736392 0.0466932869 -8.10297798e-07 1.61178104e-07 -1
VGCC_O 9 0.0953603447 -0.018533153 0.0466930096 -1.14792244e-06 -1.24564753e-07 -1
VGCC_O 7 -0.137449801 0.00579357966 0.0466933342 -1.62059625e-06 3.22356338e-07 -1
VGCC_O 5 0.113746944 -0.0200409323 0.0466929896 -1.01287282e-06 -1.51427976e-07 -1
VGCC_O 0 0.11238887 -0.0311459409 0.0466929927 -1.01287282e-06 -1.51427976e-07 -1
TAG 41 -0.105784995 0.0105052503 0.0536665039 -0.333750681 -0.131703993 -0.933415524
TAG 71 -0.096079873 0.00270213046 0.0564810255 0.74861179 -0.322508554 -0.579282851
TAG 70 -0.118208439 0.00383577013 0.0653592954 -0.735818461 -0.677177107 0.0015353549
TAG 69 -0.119239302 0.00795267007 0.0681959954 -0.999896295 -0.0141984574 0.00240892698
TAG 67 -0.115078276 0.000454692191 0.0742448755 -0.735818461 -0.677177107 0.0015353549
TAG 65 0.119072188 -0.020557456 0.0800936336 0.751399702 -0.322919474 0.575431578
TAG 63 -0.104896891 0.0149528875 0.0527352849 0.329239713 0.132369034 -0.93492227
TAG 62 -0.0995730683 0.0302300905 0.0690462359 0.3213287 0.750213891 -0.577864158
TAG 59 -0.100018848 -0.00188752594 0.0603333581 0.344822933 -0.867729023 -0.35797135
TAG 55 -0.119337383 0.0151637023 0.0699872324 -0.999896295 -0.0141984574 0.00240892698
TAG 54 -0.104785227 0.0261860029 0.076486355 -0.344822968 0.867728888 0.357971643
TAG 53 -0.089146311 -0.000197085518 0.0670554248 0.74861179 -0.322508554 -0.579282851
TAG 52 -0.119278263 0.0119799944 0.0757618237 -0.999896295 -0.0141984574 0.00240892698
TAG 51 -0.102448777 0.00747370566 0.0865367572 -0.329239868 -0.132369105 0.934922205
TAG 45 -0.113699624 0.0170707545 0.0588716642 -0.751399624 0.322919173 -0.575431849
TAG 44 -0.11923843 0.00668793202 0.0611035411 -0.999896295 -0.0141984574 0.00240892698
LGIC_C 0 0.499987657 0.227444152 0.0250140107 -4.20574004e-08 -2.81018564e-08 1
LGIC_C 1 -0.34390352 0.0785481172 0.0250139989 4.34088259e-08 -8.63455061e-09 1
LGIC_C 2 -0.495661961 0.0785920088 0.0250140086 4.96100897e-08 -9.86805572e-09 1
LGIC_C 3 0.252002509 -0.681019581 0.0250140195 -9.86804037e-09 4.96101e-08 1
LGIC_C 4 -0.397896186 -0.227998477 0.025014003 6.28883752e-09 7.55636663e-08 1
LGIC_C 5 0.0438751174 -0.514696214 0.0250140126 1.00935263e-08 5.7878447e-08 1
LGIC_C 6 -0.316424912 0.461868208 0.0250140138 1.28239438e-08 -5.73353116e-08 1
LGIC_C 7 -0.681320453 0.44554805 0.0250140193 3.68002297e-08 -2.45891157e-08 1
LGIC_C 8 -0.217478716 0.296677362 0.0250139995 2.45891128e-08 -3.68002333e-08 1
LGIC_C 9 -0.449804741 -0.255606537 0.0250140054 6.28883752e-09 7.55636663e-08 1
LGIC_C 10 -0.429502736 -0.592307404 0.0250140184 3.95603082e-08 3.05989652e-08 1
LGIC_C 11 0.17954008 0.56504082 0.0250140102 -6.33660387e-09 4.96100877e-08 -1
LGIC_C 12 0.371445106 0.157235541 0.0250140066 -4.90669739e-08 -3.27854893e-08 1
LGIC_C 13 0.716471733 -0.0896745936 0.0250140197 -4.96100859e-08 9.86807898e-09 1
LGIC_C 14 0.664366457 0.224433031 0.0250140148 -4.96100869e-08 6.3366408e-09 1
LGIC_C 15 -0.430865872 -0.327499111 0.0250140068 5.39043203e-09 6.47688584e-08 1
LGIC_C 16 0.639085865 -0.124823546 0.0250140162 -4.96100859e-08 9.86807898e-09 1
LGIC_C 17 -0.535355399 0.352360137 0.0250140137 -4.82586679e-08 1.31306769e-08 -1
LGIC_C 18 0.303172875 -0.435543955 0.0250140101 -2.81018481e-08 4.20574137e-08 1
LGIC_C 19 -0.315668788 0.273521175 0.0250140071 3.37890593e-08 -4.80634052e-08 1
LGIC_C 20 0.115267265 -0.40086144 0.0250140078 -1.15127059e-08 5.78784511e-08 1
LGIC_C 21 -0.024412658 -0.181737907 0.0250139915 -2.90231482e-08 4.96101036e-08 1
LGIC_C 22 0.155620656 0.653642651 0.0250140172 -9.86806672e-09 -4.96100854e-08 1
LGIC_C 23 -0.428416252 0.41620988 0.0250140093 3.68002297e-08 -2.45891157e-08 1
LGIC_C 24 0.115708277 0.467005246 0.0250140076 -9.86806672e-09 -4.96100854e-08 1
LGIC_C 25 0.372405571 0.00837419547 0.0250139995 -4.34088272e-08 -8.63453573e-09 1
LGIC_C 26 -0.0430839032 0.260224042 0.0250139988 1.15127271e-08 -5.78784352e-08 1
LGIC_C 27 -0.271559977 0.494218682 0.0250140164 3.27854968e-08 -4.90669676e-08 1
LGIC_C 28 0.676165338 0.0924030245 0.0250140134 -4.34088272e-08 -8.63453573e-09 1
LGIC_C 29 -0.615520764 -0.12191612 0.0250140129 5.7878436e-08 -4.89847332e-08 1
LGIC_C 30 0.649751078 0.0738652328 0.025014015 -4.96100869e-08 6.3366408e-09 1
LGIC_C 31 -0.397979163 -0.456349335 0.025014013 3.95603082e-08 3.05989652e-08 1
LGIC_C 32 0.0437188402 0.0835763899 0.025013988 -2.81018716e-08 -4.20573923e-08 1
LGIC_C 33 -0.0387712538 0.62242912 0.0250140106 8.63455111e-09 -4.34088279e-08 1
LGIC_C 34 0.224999858 -0.477733226 0.025014014 -3.27854948e-08 4.90669785e-08 1
LGIC_C 35 -0.141082281 -0.50659225 0.0250140043 -2.90231482e-08 4.96101036e-08 1
LGIC_C 36 0.524617001 -0.613860046 0.0250140187 -2.45891087e-08 3.68002429e-08 1
LGIC_C 37 0.122156233 0.759337842 0.0250140173 -8.63455884e-09 -4.34088253e-08 1
LGIC_C 38 0.718211897 -0.322497042 0.025014018 -3.05989503e-08 3.95603122e-08 1
LGIC_C 39 0.719169979 0.345621887 0.0250140182 -3.68002282e-08 -2.45891172e-08 1
LGIC_C 40 -0.700015379 0.0267667229 0.0250140143 4.34088279e-08 -2.48392273e-08 1
LGIC_C 41 -0.535701697 0.603450627 0.0250140186 2.45891128e-08 -3.68002333e-08 1
LGIC_C 42 -0.286278095 -0.666907756 0.0250140148 2.45891453e-08 3.68002268e-08 1
LGIC_C 43 -0.580625936 -0.521017793 0.0250140159 1.15916899e-08 4.97976879e-08 1
LGIC_C 44 0.343928792 0.541104534 0.0250140139 1.3130701e-08 4.82586573e-08 -1
LGIC_C 45 0.0198955784 -0.24122109 0.0250139951 6.33663526e-09 4.9610097e-08 1
LGIC_C 46 -0.192649394 -0.175499394 0.0250139956 5.39043203e-09 6.47688584e-08 1
LGIC_C 47 0.499116363 -0.204311559 0.0250140145 -5.78784275e-08 1.15127558e-08 1
LGIC_C 48 -0.0650920622 -0.397048319 0.025014001 8.63456455e-09 4.34088336e-08 1
LGIC_C 49 -0.508306036 -0.188183587 0.025014007 4.34088238e-08 8.63459484e-09 1
LGIC_C 50 0.263052052 -0.3090646 0.025014007 -3.27854948e-08 4.90669785e-08 1
LGIC_C 51 -0.573422021 -0.0321884373 0.0250140073 -4.34088282e-08 2.70157287e-08 -1
LGIC_C 52 0.669635608 -0.175575467 0.0250140167 -4.34088182e-08 2.48392526e-08 1
LGIC_C 53 0.327006653 -0.0904904434 0.0250139997 -4.34088182e-08 2.48392526e-08 1
LGIC_C 54 -0.023739889 -0.228609555 0.0250139953 -4.89847109e-08 5.78784581e-08 1
LGIC_C 55 0.411796743 0.487711889 0.0250140113 -2.45891309e-08 -3.68002211e-08 1
LGIC_C 56 -0.125541974 -0.236079576 0.0250139937 -5.56021111e-08 -1.45571543e-08 -1
LGIC_C 57 -0.0801637837 0.421718656 0.0250140067 -3.14742797e-08 4.96100914e-08 -1
LGIC_C 58 0.423957976 -0.0415453558 0.0250140027 -4.34088182e-08 2.48392526e-08 1
LGIC_C 59 -0.427904805 -0.183743037 0.0250139997 1.45571809e-08 5.5602105e-08 1
LGIC_C 60 0.132522194 0.523650869 0.0250140134 -3.14742949e-08 -4.96100822e-08 1
LGIC_C 61 -0.401669168 0.363935689 0.0250140104 4.20574045e-08 -2.81018523e-08 1
LGIC_C 62 -0.0431669877 0.442018121 0.0250140066 -3.14742797e-08 4.96100914e-08 -1
LGIC_C 63 0.164511581 -0.0220871 0.0250139916 -4.96100859e-08 9.86807898e-09 1
LGIC_C 64 -0.238298226 0.0216060116 0.025013996 5.7878425e-08 4.89846948e-08 1
LGIC_C 65 0.00968534369 0.326759296 0.0250139996 -9.86806672e-09 -4.96100854e-08 1
LGIC_C 66 -0.243339601 -0.334458973 0.0250140015 2.45891453e-08 3.68002268e-08 1
LGIC_C 67 -0.464765833 0.416813003 0.0250140177 6.28881943e-09 -7.55636452e-08 1
LGIC_C 68 -0.650737797 -0.109501227 0.0250140086 -4.34088282e-08 2.70157287e-08 -1
LGIC_C 69 -0.717288634 -0.375808553 0.0250140189 3.68002489e-08 2.45891179e-08 1
LGIC_C 70 -0.0207494511 0.41225435 0.0250140013 8.63455111e-09 -4.34088279e-08 1
LGIC_C 71 0.575046728 0.144786105 0.0250140182 -5.78784335e-08 -1.15127284e-08 1
LGIC_C 72 0.140978964 0.361733137 0.0250140003 -6.33660387e-09 4.96100877e-08 -1
LGIC_C 73 -0.0286562953 0.00203097428 0.0250139846 4.34088279e-08 -2.48392273e-08 1
LGIC_C 74 0.502815049 0.486759349 0.0250140139 -4.82586616e-08 -1.31306776e-08 1
LGIC_C 75 0.53578618 -0.579847556 0.0250140177 -2.45891087e-08 3.68002429e-08 1
LGIC_C 76 -0.677410436 0.0700970688 0.0250140148 4.96100851e-08 2.90231542e-08 1
LGIC_C 77 0.311393472 -0.229309183 0.0250140018 -3.05989503e-08 3.95603122e-08 1
LGIC_C 78 0.273335536 0.352926121 0.0250140095 -3.27855134e-08 -4.90669575e-08 1
LGIC_C 79 -0.577993122 -0.242332664 0.025014002 1.15916899e-08 4.97976879e-08 1
LGIC_C 80 0.717282994 -0.0632005169 0.0250140149 -4.34088226e-08 8.63456802e-09 1
LGIC_C 81 0.0482619916 0.671594059 0.0250140163 -6.33660387e-09 4.96100877e-08 -1
LGIC_C 82 0.510409114 -0.311028517 0.0250140111 -3.05989503e-08 3.95603122e-08 1
LGIC_C 83 -0.354152548 0.28946711 0.0250140042 -4.82586679e-08 1.31306769e-08 -1
LGIC_C 84 0.226819784 0.52164337 0.0250140114 1.3130701e-08 4.82586573e-08 -1
LGIC_C 85 -0.0744372659 0.12923075 0.0250139916 1.28239438e-08 -5.73353116e-08 1
LGIC_C 86 0.567497027 -0.324738173 0.025014018 -3.37890406e-08 4.80634332e-08 1
LGIC_C 87 -0.319424415 -0.252920536 0.025014002 1.45571809e-08 5.5602105e-08 1
LGIC_C 88 -0.576626532 -0.493629609 0.0250140145 1.15916899e-08 4.97976879e-08 1
LGIC_C 89 0.285249518 -0.492639558 0.0250140107 -1.31306721e-08 4.82586744e-08 1
LGIC_C 90 -0.349128352 -0.326455849 0.0250140065 1.45571809e-08 5.5602105e-08 1
LGIC_C 91 0.140992082 0.822535956 0.0250140202 -8.63455884e-09 -4.34088253e-08 1
LGIC_C 92 0.243726341 -0.676038499 0.0250140152 6.33663526e-09 4.9610097e-08 1
LGIC_C 93 -0.0751623362 0.590645247 0.0250140121 -6.33661298e-09 -4.96100859e-08 1
LGIC_C 94 0.147014409 -0.0605114132 0.0250139924 -4.96100802e-08 3.14742968e-08 1
LGIC_C 95 -0.314776036 -0.396424987 0.0250140065 -5.56021111e-08 -1.45571543e-08 -1
LGIC_C 96 0.325382857 -0.0283735834 0.0250139997 -4.96100859e-08 9.86807898e-09 1
LGIC_C 97 -0.401180881 0.0679854982 0.0250140012 4.96100851e-08 2.90231542e-08 1
LGIC_C 98 -0.34028508 -0.545030222 0.0250140134 3.95603082e-08 3.05989652e-08 1
LGIC_C 99 0.226107173 -0.0761714087 0.0250139968 -4.96100802e-08 3.14742968e-08 1
LGIC_C 100 -0.332966046 -0.498681092 0.0250140098 2.45891453e-08 3.68002268e-08 1
LGIC_C 101 -0.373511338 0.0427397024 0.0250140022 4.96100897e-08 -9.86805572e-09 1
LGIC_C 102 -0.306198904 0.439098206 0.0250140124 1.28239438e-08 -5.73353116e-08 1
LGIC_C 103 -0.450480845 -0.0458681451 0.0250140032 4.34088238e-08 8.63459484e-09 1
LGIC_C 104 0.606193702 -0.248560611 0.0250140158 -4.96100859e-08 9.86807898e-09 1
LGIC_C 105 -0.338187736 0.0907628689 0.0250140002 4.34088279e-08 -2.48392273e-08 1
LGIC_C 106 -0.290829839 0.787855262 0.02501402 8.63455111e-09 -4.34088279e-08 1
LGIC_C 107 -0.730023757 -0.274363941 0.0250140173 4.34088238e-08 8.63459484e-09 1
LGIC_C 108 -0.0570325037 -0.504307964 0.0250140066 2.48392553e-08 4.34088306e-08 1
LGIC_C 109 0.215538092 0.0986196899 0.0250139949 -4.82586616e-08 -1.31306776e-08 1
LGIC_C 110 -0.172528849 -0.70420996 0.0250140153 8.63456455e-09 4.34088336e-08 1
LGIC_C 111 -0.529359971 -0.153265492 0.0250140051 -4.96100919e-08 2.90231703e-08 -1
LGIC_C 112 0.724563718 -0.0366468638 0.0250140203 -4.96100802e-08 3.14742968e-08 1
LGIC_C 113 -0.0145810321 -0.701639339 0.0250140141 2.48392553e-08 4.34088306e-08 1
LGIC_C 114 -0.367272808 0.395143692 0.0250140106 1.28239438e-08 -5.73353116e-08 1
LGIC_C 115 0.500534431 -0.376550418 0.0250140134 -3.05989503e-08 3.95603122e-08 1
LGIC_C 116 0.157700089 -0.450458773 0.0250140077 1.00935263e-08 5.7878447e-08 1
LGIC_C 117 -0.177780134 -0.0233792692 0.0250139914 -4.96100919e-08 2.90231703e-08 -1
LGIC_C 118 -0.320984547 -0.352239955 0.0250140062 -5.56021111e-08 -1.45571543e-08 -1
LGIC_C 119 0.0831746585 0.419617351 0.0250140049 -9.86806672e-09 -4.96100854e-08 1
LGIC_C 120 0.0142300774 0.481838423 0.0250140073 -9.86806672e-09 -4.96100854e-08 1
LGIC_C 121 -0.428119347 -0.403165971 0.0250140083 1.15916899e-08 4.97976879e-08 1
LGIC_C 122 0.602963371 -0.353762354 0.0250140141 -3.68002179e-08 2.45891393e-08 1
LGIC_C 123 0.357796844 -0.304039815 0.0250140107 -4.90669481e-08 3.27855328e-08 1
LGIC_C 124 0.494222448 -0.437040859 0.0250140122 -3.68002179e-08 2.45891393e-08 1
LGIC_C 125 0.157806317 -0.17916042 0.0250139939 -1.31306721e-08 4.82586744e-08 1
LGIC_C 126 0.629952773 -0.349624665 0.0250140163 -3.05989503e-08 3.95603122e-08 1
LGIC_C 127 0.242530242 -0.297347226 0.0250140008 -1.31306721e-08 4.82586744e-08 1
LGIC_C 128 0.255189353 -0.354415459 0.0250140025 -2.45891087e-08 3.68002429e-08 1
LGIC_C 129 0.427104332 -0.132832207 0.0250140029 -4.34088226e-08 8.63456802e-09 1
LGIC_C 130 -0.650278457 0.207617227 0.0250140133 4.34088259e-08 -8.63455061e-09 1
LGIC_C 131 0.405520917 0.252184621 0.0250140061 -4.82586616e-08 -1.31306776e-08 1
LGIC_C 132 -0.247578735 0.092202239 0.0250139931 5.7878425e-08 4.89846948e-08 1
LGIC_C 133 -0.593021401 -0.0496488073 0.0250140094 4.34088238e-08 8.63459484e-09 1
LGIC_C 134 0.321618752 -0.654998351 0.0250140152 -2.45891087e-08 3.68002429e-08 1
LGIC_C 135 -0.32152605 -0.257396982 0.0250140047 6.28883752e-09 7.55636663e-08 1
LGIC_C 136 0.417327855 -0.245573754 0.0250140046 -3.68002179e-08 2.45891393e-08 1
LGIC_C 137 0.375505996 -0.310515551 0.025014007 -3.05989503e-08 3.95603122e-08 1
LGIC_C 138 -0.704555601 -0.204828753 0.0250140096 4.96100935e-08 -4.19869172e-08 1
LGIC_C 139 0.177380233 -0.0116519751 0.0250139924 -4.96100802e-08 3.14742968e-08 1
LGIC_C 140 0.456922894 0.592845843 0.0250140163 -2.45891309e-08 -3.68002211e-08 1
LGIC_C 141 0.502751609 0.0651592419 0.0250140056 -4.34088272e-08 -8.63453573e-09 1
LGIC_C 142 -0.467812118 -0.534113883 0.0250140181 3.95603082e-08 3.05989652e-08 1
LGIC_C 143 -0.0828221314 -0.181017008 0.0250139932 2.81018674e-08 4.20574117e-08 1
LGIC_C 144 -0.461810458 -0.4774563 0.0250140161 3.95603082e-08 3.05989652e-08 1
LGIC_C 145 0.210910257 0.0160259242 0.0250139936 -4.96100869e-08 6.3366408e-09 1
LGIC_C 146 0.0188450863 0.592577005 0.0250140125 -6.33660387e-09 4.96100877e-08 -1
LGIC_C 147 -0.35636499 -0.334959448 0.025014004 1.15916899e-08 4.97976879e-08 1
LGIC_C 148 0.403577836 -0.0664145869 0.0250140073 -5.78784275e-08 1.15127558e-08 1
LGIC_C 149 0.56235384 0.535686482 0.0250140171 -3.68002282e-08 -2.45891172e-08 1
LGIC_C 150 0.410002537 0.141195782 0.0250140027 -4.96100869e-08 6.3366408e-09 1
LGIC_C 151 -0.116975217 -0.725917992 0.0250140158 8.63456455e-09 4.34088336e-08 1
LGIC_C 152 0.265521827 0.624342269 0.025014017 -2.81018716e-08 -4.20573923e-08 1
LGIC_C 153 0.148376165 -0.179951215 0.0250139954 -1.28239349e-08 5.73353226e-08 1
LGIC_C 154 0.185237054 0.501850954 0.02501401 -9.86806672e-09 -4.96100854e-08 1
LGIC_C 155 -0.603954441 0.128052009 0.0250140106 4.34088259e-08 -8.63455061e-09 1
LGIC_C 156 -0.257665292 0.0321571863 0.0250139947 4.34088259e-08 -8.63455061e-09 1
LGIC_C 157 -0.3922068 0.30224836 0.0250140086 6.28881943e-09 -7.55636452e-08 1
LGIC_C 158 0.39285338 0.197962471 0.025014006 3.37890593e-08 4.80634111e-08 -1
LGIC_C 159 0.76352241 0.193964548 0.0250140181 -4.34088272e-08 -8.63453573e-09 1
LGIC_C 160 -0.2514349 -0.0801755343 0.025013992 -4.34088282e-08 2.70157287e-08 -1
LGIC_C 161 -0.437463882 0.0964485419 0.0250140059 4.96100897e-08 -9.86805572e-09 1
LGIC_C 162 0.477820876 -0.0280670399 0.0250140112 -5.78784275e-08 1.15127558e-08 1
LGIC_C 163 0.375049841 -0.252974079 0.0250140061 -4.20573976e-08 2.81018683e-08 1
LGIC_C 164 0.245344938 -0.58002393 0.0250140144 -1.31306721e-08 4.82586744e-08 1
LGIC_C 165 -0.354258234 0.0458471634 0.0250139995 4.96100851e-08 2.90231542e-08 1
LGIC_C 166 -0.186501803 -0.677516936 0.0250140173 2.48392553e-08 4.34088306e-08 1
LGIC_C 167 -0.55960744 0.554320533 0.0250140176 -4.82586679e-08 1.31306769e-08 -1
LGIC_C 168 -0.567411656 -0.239677359 0.0250140018 5.39043203e-09 6.47688584e-08 1
LGIC_C 169 0.678935197 -0.46144695 0.0250140196 -3.68002179e-08 2.45891393e-08 1
LGIC_C 170 0.493338505 -0.338935457 0.0250140162 -3.37890406e-08 4.80634332e-08 1
LGIC_C 171 -0.191547574 0.296219011 0.0250140027 1.28239438e-08 -5.73353116e-08 1
LGIC_C 172 0.391062858 0.1769498 0.025014005 3.37890593e-08 4.80634111e-08 -1
LGIC_C 173 0.667199805 0.292605338 0.025014015 -3.68002282e-08 -2.45891172e-08 1
LGIC_C 174 -0.0642378883 -0.547063457 0.0250140086 2.48392553e-08 4.34088306e-08 1
LGIC_C 175 0.425376878 -0.288501302 0.0250140115 -3.37890406e-08 4.80634332e-08 1
LGIC_C 176 -0.582454365 -0.590293401 0.0250140193 2.45891453e-08 3.68002268e-08 1
LGIC_C 177 0.309525532 0.332882467 0.025014006 -2.81018716e-08 -4.20573923e-08 1
LGIC_C 178 0.0758409319 -0.634335956 0.0250140142 6.33663526e-09 4.9610097e-08 1
LGIC_C 179 -0.250953473 -0.179893037 0.0250139984 6.28883752e-09 7.55636663e-08 1
LGIC_C 180 -0.161725223 0.270073765 0.0250139992 2.8101852e-08 -4.20574041e-08 1
LGIC_C 181 -0.649834462 -0.323019736 0.0250140077 5.39043203e-09 6.47688584e-08 1
LGIC_C 182 0.0833475988 -0.185156676 0.0250139934 -2.81018481e-08 4.20574137e-08 1
LGIC_C 183 0.667788856 0.330442565 0.0250140198 -4.82586616e-08 -1.31306776e-08 1
LGIC_C 184 0.729549655 -0.0295392217 0.0250140156 -4.34088182e-08 2.48392526e-08 1
LGIC_C 185 0.410030959 -0.117679262 0.0250140039 -4.34088182e-08 2.48392526e-08 1
LGIC_C 186 -0.601062609 -0.317047718 0.025014007 5.39043203e-09 6.47688584e-08 1
LGIC_C 187 0.184050033 0.0794683952 0.0250139949 -4.90669739e-08 -3.27854893e-08 1
LGIC_C 188 -0.748481795 0.114604478 0.0250140167 4.34088259e-08 -8.63455061e-09 1
LGIC_C 189 -0.490913528 0.306866431 0.0250140125 4.20574045e-08 -2.81018523e-08 1
LGIC_C 190 0.338124562 -0.745778808 0.025014019 -2.45891087e-08 3.68002429e-08 1
LGIC_C 191 -0.421947895 -0.257825884 0.0250140022 5.39043203e-09 6.47688584e-08 1
LGIC_C 192 -0.284919138 0.11521468 0.0250139966 4.34088259e-08 -8.63455061e-09 1
LGIC_C 193 0.292683297 0.0851341805 0.0250139986 -4.96100911e-08 -9.86803575e-09 1
LGIC_C 194 -0.656660667 0.381953125 0.0250140168 3.68002297e-08 -2.45891157e-08 1
LGIC_C 195 0.338587629 0.38358618 0.0250140089 -2.81018716e-08 -4.20573923e-08 1
LGIC_C 196 0.714902822 0.379704619 0.0250140189 -3.68002282e-08 -2.45891172e-08 1
LGIC_C 197 -0.228893139 -0.494842732 0.0250140071 2.45891453e-08 3.68002268e-08 1
LGIC_C 198 0.538985909 0.0288599596 0.0250140069 -4.34088272e-08 -8.63453573e-09 1
LGIC_C 199 0.60581691 0.247991392 0.0250140117 -4.96100869e-08 6.3366408e-09 1
LGIC_C 200 0.700269618 -0.286388726 0.0250140161 -4.34088226e-08 8.63456802e-09 1
LGIC_C 201 0.218548891 0.120988901 0.0250139958 -4.20574004e-08 -2.81018564e-08 1
LGIC_C 202 -0.0327486958 -0.336938629 0.0250139987 2.48392553e-08 4.34088306e-08 1
LGIC_C 203 -0.188547668 -0.074572979 0.0250139905 -4.96100919e-08 2.90231703e-08 -1
LGIC_C 204 -0.36365386 0.532219226 0.0250140159 2.8101852e-08 -4.20574041e-08 1
LGIC_C 205 -0.0805006172 0.234452398 0.0250139957 9.86805557e-09 -4.96100883e-08 1
LGIC_C 206 0.602840685 -0.370283816 0.0250140145 -3.68002179e-08 2.45891393e-08 1
LGIC_C 207 -0.143787262 -0.44951692 0.0250140022 -4.89847109e-08 5.78784581e-08 1
LGIC_C 208 -0.528720104 0.354832862 0.0250140134 -4.82586679e-08 1.31306769e-08 -1
LGIC_C 209 -0.0159722531 0.00939247935 0.0250139859 -1.17760707e-07 7.86851935e-08 -1
LGIC_C 210 0.0580303511 0.239136921 0.0250139957 -9.86806672e-09 -4.96100854e-08 1
LGIC_C 211 0.605943846 -0.159165802 0.0250140201 -5.78784275e-08 1.15127558e-08 1
LGIC_C 212 -0.339144227 -0.452921667 0.0250140087 -5.56021111e-08 -1.45571543e-08 -1
LGIC_C 213 0.389115648 -0.440609733 0.0250140127 -2.81018481e-08 4.20574137e-08 1
LGIC_C 214 0.496431933 -0.0891898574 0.0250140056 -4.34088226e-08 8.63456802e-09 1
LGIC_C 215 -0.40942346 -0.0301820264 0.0250140013 4.34088238e-08 8.63459484e-09 1
LGIC_C 216 0.188984884 -0.174417545 0.0250139959 -3.05989503e-08 3.95603122e-08 1
LGIC_C 217 0.487286692 -0.417499554 0.0250140198 -3.37890406e-08 4.80634332e-08 1
LGIC_C 218 -0.254683176 0.368530683 0.0250140044 1.31306824e-08 -4.82586643e-08 1
LGIC_C 219 -0.208766576 -0.445593115 0.0250140051 3.95603082e-08 3.05989652e-08 1
LGIC_C 220 -0.70922052 -0.329522084 0.0250140175 3.68002489e-08 2.45891179e-08 1
LGIC_C 221 0.707987833 -0.45962372 0.00558700175 0.827616944 -0.552996408 0.0961517878
LGIC_C 222 -0.590282135 -0.171626665 0.0250140076 -4.96100919e-08 2.90231703e-08 -1
LGIC_C 223 0.282868704 0.426697144 0.0250140113 -4.80634192e-08 -3.37890445e-08 1
LGIC_C 224 -0.369048543 0.0654965268 0.0250139997 4.96100851e-08 2.90231542e-08 1
LGIC_C 225 0.187834262 -0.628714869 0.0250140121 -8.63454093e-09 4.34088369e-08 1
LGIC_C 226 0.333873794 -0.223177063 0.025014001 -3.68002179e-08 2.45891393e-08 1
LGIC_C 227 -0.171631368 0.502505565 0.0250140066 8.63455111e-09 -4.34088279e-08 1
LGIC_C 228 0.26144845 -0.324317086 0.0250140023 -1.31306721e-08 4.82586744e-08 1
LGIC_C 229 -0.545018411 -0.0645134794 0.0250140075 4.34088238e-08 8.63459484e-09 1
LGIC_C 230 -0.691370397 -0.237929124 0.0250140069 -4.34088282e-08 2.70157287e-08 -1
LGIC_C 231 0.512686553 0.281256751 0.0250140141 3.37890593e-08 4.80634111e-08 -1
LGIC_C 232 -0.24203728 0.742319402 0.0250140176 8.63455111e-09 -4.34088279e-08 1
LGIC_C 233 0.348337826 0.244956608 0.0250140033 -4.82586616e-08 -1.31306776e-08 1
LGIC_C 234 -0.0818166789 -0.463351725 0.0250140041 8.63456455e-09 4.34088336e-08 1
LGIC_C 235 0.283880706 0.442196313 0.0250140098 -2.81018716e-08 -4.20573923e-08 1
LGIC_C 236 0.324114154 -0.0194781501 0.0250139978 -4.34088182e-08 2.48392526e-08 1
LGIC_C 237 0.664640349 -0.0436050339 0.0250140176 -4.96100802e-08 3.14742968e-08 1
LGIC_C 238 -0.148634654 0.000564615844 0.0250139918 5.7878425e-08 4.89846948e-08 1
LGIC_C 239 0.523620908 -0.292702021 0.0250140135 -4.20573976e-08 2.81018683e-08 1
LGIC_C 240 0.115552624 -0.184336824 0.0250139953 -1.28239349e-08 5.73353226e-08 1
LGIC_C 241 -0.106777782 0.238119836 0.0250139963 2.8101852e-08 -4.20574041e-08 1
LGIC_C 242 0.602885643 -0.305404934 0.0250140183 -3.37890406e-08 4.80634332e-08 1
LGIC_C 243 -0.608310131 0.218071185 0.0250140156 4.96100897e-08 -9.86805572e-09 1
LGIC_C 244 0.586218523 -0.187357053 0.0250140193 -5.78784275e-08 1.15127558e-08 1
LGIC_C 245 -0.480156733 -0.435546162 0.0250140144 1.45571809e-08 5.5602105e-08 1
LGIC_C 246 0.409660006 0.460144798 0.0250140103 -2.45891309e-08 -3.68002211e-08 1
LGIC_C 247 -0.473741226 0.671000003 0.0250140196 2.45891128e-08 -3.68002333e-08 1
LGIC_C 248 0.134304125 -0.12378941 0.0250139912 -3.68002179e-08 2.45891393e-08 1
LGIC_C 249 0.480683169 -0.00915954767 0.0250140074 -4.96100802e-08 3.14742968e-08 1
LGIC_C 250 0.229226381 0.502247476 0.0250140112 -4.80634192e-08 -3.37890445e-08 1
LGIC_C 251 0.0195985691 0.674468147 0.0250140166 -6.33660387e-09 4.96100877e-08 -1
LGIC_C 252 0.140360325 0.610968899 0.025014018 -3.14742949e-08 -4.96100822e-08 1
LGIC_C 253 0.513982719 0.308998586 0.0250140121 -4.82586616e-08 -1.31306776e-08 1
LGIC_C 254 -0.458795325 0.289697432 0.0250140127 3.37890593e-08 -4.80634052e-08 1
LGIC_C 255 -0.80292367 -0.0454635418 0.0250140169 -4.34088282e-08 2.70157287e-08 -1
LGIC_C 256 -0.276746981 0.558111318 0.0250140106 2.45891128e-08 -3.68002333e-08 1
LGIC_C 257 0.301916051 0.309093873 0.0250140021 1.3130701e-08 4.82586573e-08 -1
LGIC_C 258 -0.243045591 0.558337155 0.0250140098 2.45891128e-08 -3.68002333e-08 1
LGIC_C 259 0.254377697 -0.312343416 0.0250140069 -3.27854948e-08 4.90669785e-08 1
LGIC_C 260 -0.0310305941 -0.589030252 0.0250140128 9.8680833e-09 4.96100963e-08 1
LGIC_C 261 0.0829982829 0.601240527 0.0250140101 -8.63455884e-09 -4.34088253e-08 1
LGIC_C 262 -0.341366792 0.324779966 0.0250140068 4.20574045e-08 -2.81018523e-08 1
LGIC_C 263 -0.677176145 -0.251846142 0.0250140063 4.96100935e-08 -4.19869172e-08 1
LGIC_C 264 0.462943782 -0.325062452 0.0250140083 -3.68002179e-08 2.45891393e-08 1
LGIC_C 265 0.199635719 0.0239462129 0.0250139934 -4.96100911e-08 -9.86803575e-09 1
LGIC_C 266 -0.138985575 -0.341709692 0.0250140015 2.48392553e-08 4.34088306e-08 1
LGIC_C 267 -0.286243303 -0.262145234 0.025014002 1.45571809e-08 5.5602105e-08 1
LGIC_C 268 -0.0524541016 -0.501683636 0.0250140066 -2.90231482e-08 4.96101036e-08 1
LGIC_C 269 -0.0451085689 0.676542474 0.0250140165 -6.33661298e-09 -4.96100859e-08 1
LGIC_C 270 -0.100508391 -0.105827904 0.0250139915 7.55636799e-08 6.2887973e-09 1
LGIC_C 271 -0.508789639 -0.438369765 0.0250140128 3.68002489e-08 2.45891179e-08 1
LGIC_C 272 -0.415714579 0.313749328 0.0250140075 -4.82586679e-08 1.31306769e-08 -1
LGIC_C 273 0.712246016 -0.125800006 0.0250140173 -4.34088182e-08 2.48392526e-08 1
LGIC_C 274 -0.351952027 0.399559199 0.0250140066 2.45891128e-08 -3.68002333e-08 1
LGIC_C 275 0.0337138427 -0.563324449 0.025014011 6.33663526e-09 4.9610097e-08 1
LGIC_C 276 -0.129032368 -0.475683651 0.0250140031 -2.90231482e-08 4.96101036e-08 1
LGIC_C 277 0.643759517 -0.0585695841 0.025014017 -4.96100802e-08 3.14742968e-08 1
LGIC_C 278 0.306265505 0.275072298 0.0250140013 -3.68002282e-08 -2.45891172e-08 1
LGIC_C 279 0.0591301362 -0.120502223 0.0250139891 -2.45891087e-08 3.68002429e-08 1
LGIC_C 280 -0.284202005 -0.145357294 0.0250139955 1.45571809e-08 5.5602105e-08 1
LGIC_C 281 0.34978769 0.594498146 0.0250140201 -4.80634192e-08 -3.37890445e-08 1
LGIC_C 282 -0.286392113 -0.454610117 0.0250140085 3.95603082e-08 3.05989652e-08 1
LGIC_C 283 -0.262313139 -0.498824396 0.0250140062 7.55636799e-08 6.2887973e-09 1
LGIC_C 284 0.206474625 -0.762591103 0.0250140181 -8.63454093e-09 4.34088369e-08 1
LGIC_C 285 -0.25452171 0.521945459 0.0250140172 3.27854968e-08 -4.90669676e-08 1
LGIC_C 286 -0.488400453 0.00354004201 0.0250140074 4.96100851e-08 2.90231542e-08 1
LGIC_C 287 -0.0792445354 -0.118114597 0.0250139895 2.45891453e-08 3.68002268e-08 1
LGIC_C 288 0.0200237012 -0.345914087 0.0250140003 6.33663526e-09 4.9610097e-08 1
LGIC_C 289 -0.0125304739 -0.00678880265 0.0250139837 1.15916899e-08 4.97976879e-08 1
LGIC_C 290 -0.360387012 -0.514443445 0.025014015 2.81018674e-08 4.20574117e-08 1
LGIC_C 291 -0.486445167 0.4104902 0.0250140113 3.68002297e-08 -2.45891157e-08 1
LGIC_C 292 0.453145378 0.463356355 0.0250140155 -2.81018716e-08 -4.20573923e-08 1
LGIC_C 293 -0.635901438 -0.0282600677 0.025014014 -4.96100919e-08 2.90231703e-08 -1
LGIC_C 294 0.0576372163 -0.172222032 0.0250139939 -1.15127059e-08 5.78784511e-08 1
LGIC_C 295 -0.148871339 0.143956743 0.0250139951 6.28881943e-09 -7.55636452e-08 1
LGIC_C 296 0.521066804 0.281154103 0.0250140131 -4.20574004e-08 -2.81018564e-08 1
LGIC_C 297 0.0479578538 0.315720657 0.0250139974 -8.63455884e-09 -4.34088253e-08 1
LGIC_C 298 0.029605823 -0.510979928 0.0250140089 -9.86804037e-09 4.96101e-08 1
LGIC_C 299 -0.107326807 -0.32458 0.0250140004 9.8680833e-09 4.96100963e-08 1
LGIC_C 300 0.407473045 -0.0295515227 0.0250140016 -4.34088182e-08 2.48392526e-08 1
LGIC_C 301 0.0709144292 0.366470789 0.0250139998 -8.63455884e-09 -4.34088253e-08 1
LGIC_C 302 0.369556429 0.359928925 0.0250140089 -4.20574004e-08 -2.81018564e-08 1
LGIC_C 303 -0.0311638418 0.36264532 0.0250140016 9.86805557e-09 -4.96100883e-08 1
LGIC_C 304 -0.172530192 0.396844081 0.0250140047 1.31306824e-08 -4.82586643e-08 1
LGIC_C 305 -0.440949208 0.254943962 0.0250140058 3.68002297e-08 -2.45891157e-08 1
LGIC_C 306 0.167583325 0.0934170536 0.0250139934 3.37890593e-08 4.80634111e-08 -1
LGIC_C 307 -0.412416152 0.288318462 0.025014007 -4.82586679e-08 1.31306769e-08 -1
LGIC_C 308 0.641836149 -0.260979372 0.0250140133 -4.34088226e-08 8.63456802e-09 1
LGIC_C 309 0.134948348 0.134058077 0.0250139915 -3.68002282e-08 -2.45891172e-08 1
LGIC_C 310 0.0781550732 0.812623908 0.0250140192 -8.63455884e-09 -4.34088253e-08 1
LGIC_C 311 0.530577037 0.580823166 0.0250140177 -2.45891309e-08 -3.68002211e-08 1
LGIC_C 312 0.300871528 0.215260296 0.0250140019 -4.20574004e-08 -2.81018564e-08 1
LGIC_C 313 0.659436151 0.347776154 0.0250140161 -3.68002282e-08 -2.45891172e-08 1
LGIC_C 314 -0.245810697 0.48391897 0.0250140071 2.45891128e-08 -3.68002333e-08 1
LGIC_C 315 -0.0707353085 0.0117355357 0.0250139869 4.96100897e-08 -9.86805572e-09 1
LGIC_C 316 -0.247544859 -0.196555328 0.0250139996 6.28883752e-09 7.55636663e-08 1
LGIC_C 317 -0.402391449 -0.195262032 0.0250140029 3.68002489e-08 2.45891179e-08 1
LGIC_C 318 -0.196835803 -0.351682341 0.0250139993 -5.56021111e-08 -1.45571543e-08 -1
LGIC_C 319 -0.53852957 -0.0661008273 0.0250140049 -4.34088282e-08 2.70157287e-08 -1
LGIC_C 320 0.435050859 0.584983244 0.0250140201 -2.81018716e-08 -4.20573923e-08 1
LGIC_C 321 0.609153471 -0.289852789 0.0250140177 -3.37890406e-08 4.80634332e-08 1
LGIC_C 322 0.554276576 0.216106848 0.0250140178 -5.78784335e-08 -1.15127284e-08 1
LGIC_C 323 -0.312554021 -0.676630484 0.0250140205 2.81018674e-08 4.20574117e-08 1
LGIC_C 324 0.00815090154 0.706006876 0.0250140184 -9.86806672e-09 -4.96100854e-08 1
LGIC_C 325 0.457514843 0.665890807 0.025014019 -2.45891309e-08 -3.68002211e-08 1
LGIC_C 326 0.187493644 0.625370729 0.0250140131 -6.33660387e-09 4.96100877e-08 -1
LGIC_C 327 -0.321189001 -0.0245905636 0.0250139985 -4.96100919e-08 2.90231703e-08 -1
LGIC_C 328 -0.440176405 0.0318095686 0.0250140032 4.34088279e-08 -2.48392273e-08 1
LGIC_C 329 0.658229529 -0.226956436 0.0250140181 -4.96100859e-08 9.86807898e-09 1
LGIC_C 330 0.389460873 -0.0556327606 0.0250140043 -4.96100802e-08 3.14742968e-08 1
LGIC_C 331 0.239958139 -0.0659413554 0.0250139953 -4.34088182e-08 2.48392526e-08 1
LGIC_C 332 -0.0347868254 -0.347030911 0.0250140008 9.8680833e-09 4.96100963e-08 1
LGIC_C 333 0.451870692 0.170918796 0.0250140043 -4.34088272e-08 -8.63453573e-09 1
LGIC_C 334 0.263539342 0.806784914 0.012187469 0.194186548 0.976240951 0.0961519121
LGIC_C 335 0.207755181 0.606220408 0.025014012 -6.33660387e-09 4.96100877e-08 -1
LGIC_C 336 -0.768499868 0.00778672211 0.0250140168 4.34088279e-08 -2.48392273e-08 1
LGIC_C 337 -0.0410859761 -0.00474469846 0.0250139851 4.96100935e-08 -4.19869172e-08 1
LGIC_C 338 -0.175058257 0.305169497 0.0250139988 2.45891128e-08 -3.68002333e-08 1
LGIC_C 339 0.178196195 -0.248562388 0.0250139976 -1.31306721e-08 4.82586744e-08 1
LGIC_C 340 -0.289129059 0.599980873 0.0250140166 2.8101852e-08 -4.20574041e-08 1
LGIC_C 341 -0.0465055513 -0.718255456 0.0250140148 8.63456455e-09 4.34088336e-08 1
LGIC_C 342 -0.854765038 -0.0275452943 0.00137651758 -0.976240825 -0.194187339 0.0961515894
LGIC_C 343 0.259625684 0.483152679 0.02501401 1.3130701e-08 4.82586573e-08 -1
LGIC_C 344 -0.149396975 0.0215655083 0.0250139908 5.7878425e-08 4.89846948e-08 1
LGIC_C 345 -0.0865012487 -0.103906323 0.0250139905 7.55636799e-08 6.2887973e-09 1
LGIC_C 346 0.362500024 0.335101693 0.0250140048 -3.68002282e-08 -2.45891172e-08 1
LGIC_C 347 0.457766927 -0.225360983 0.0250140131 -4.90669481e-08 3.27855328e-08 1
LGIC_C 348 -0.115636552 -0.628494924 0.0250140156 9.8680833e-09 4.96100963e-08 1
LGIC_C 349 -0.147585226 -0.529465079 0.0250140052 -2.90231482e-08 4.96101036e-08 1
LGIC_C 350 -0.247310167 0.393223943 0.0250140038 2.45891128e-08 -3.68002333e-08 1
LGIC_C 351 -0.119389441 0.058127666 0.0250139901 3.37890593e-08 -4.80634052e-08 1
LGIC_C 352 -0.157689862 -0.373620561 0.0250140009 3.95603082e-08 3.05989652e-08 1
LGIC_C 353 -0.327853604 0.146328898 0.0250140012 4.20574045e-08 -2.81018523e-08 1
LGIC_C 354 0.158599435 0.238653978 0.0250139977 -2.81018716e-08 -4.20573923e-08 1
LGIC_C 355 0.0917948553 -0.535665945 0.0250140133 1.00935263e-08 5.7878447e-08 1
LGIC_C 356 0.122366363 0.73495849 0.0250140162 -8.63455884e-09 -4.34088253e-08 1
LGIC_C 357 0.74572243 0.1721002 0.0250140191 -4.96100869e-08 6.3366408e-09 1
LGIC_C 358 0.0513853113 -0.0445686103 0.0250139872 -4.90669481e-08 3.27855328e-08 1
LGIC_C 359 -0.195905888 0.181594164 0.0250139982 6.28881943e-09 -7.55636452e-08 1
LGIC_C 360 -0.484126665 0.433376935 0.0250140117 3.68002297e-08 -2.45891157e-08 1
LGIC_C 361 0.590087917 -0.15652376 0.025014014 -4.96100859e-08 9.86807898e-09 1
LGIC_C 362 -0.409292599 -0.111258635 0.0250140004 -4.96100919e-08 2.90231703e-08 -1
LGIC_C 363 -0.413608057 0.415985296 0.0250140088 1.31306824e-08 -4.82586643e-08 1
LGIC_C 364 0.115173714 0.147008361 0.0250139942 -3.27855134e-08 -4.90669575e-08 1
LGIC_C 365 0.620187353 -0.298523212 0.0250140177 -4.20573976e-08 2.81018683e-08 1
LGIC_C 366 -0.285258854 -0.672898451 0.0250140151 3.95603082e-08 3.05989652e-08 1
LGIC_C 367 0.400374137 -0.160142269 0.0250140046 -4.34088182e-08 2.48392526e-08 1
LGIC_C 368 -0.119620406 -0.288376052 0.0250139968 3.95603082e-08 3.05989652e-08 1
LGIC_C 369 -0.0755660451 -0.601521713 0.0250140109 -2.90231482e-08 4.96101036e-08 1
LGIC_C 370 -0.383764486 -0.552536932 0.025014013 2.45891453e-08 3.68002268e-08 1
LGIC_C 371 0.171110752 0.0951208888 0.0250139919 -3.68002282e-08 -2.45891172e-08 1
LGIC_C 372 -0.0801933594 0.445185208 0.0250140033 8.63455111e-09 -4.34088279e-08 1
LGIC_C 373 -0.540250829 0.5299751 0.0250140162 3.68002297e-08 -2.45891157e-08 1
LGIC_C 374 0.0922637211 -0.245949377 0.0250139949 6.33663526e-09 4.9610097e-08 1
LGIC_C 375 0.186337239 -0.615266116 0.025014017 1.00935263e-08 5.7878447e-08 1
LGIC_C 376 0.418320017 0.39751712 0.025014012 -4.20574004e-08 -2.81018564e-08 1
LGIC_C 377 0.325704872 0.149966177 0.0250139989 -3.68002282e-08 -2.45891172e-08 1
LGIC_C 378 -0.640099813 0.0845318764 0.0250140126 4.96100851e-08 2.90231542e-08 1
LGIC_C 379 -0.0360948921 -0.489221354 0.0250140079 9.8680833e-09 4.96100963e-08 1
LGIC_C 380 0.0885501616 0.600948247 0.0250140139 -9.86806672e-09 -4.96100854e-08 1
LGIC_C 381 0.0140350409 0.628606572 0.0250140146 -9.86806672e-09 -4.96100854e-08 1
LGIC_C 382 0.587589718 -0.27559918 0.0250140163 -3.37890406e-08 4.80634332e-08 1
LGIC_C 383 0.308703389 -0.490036794 0.0250140174 -3.27854948e-08 4.90669785e-08 1
LGIC_C 384 -0.467228711 -0.396038925 0.0250140161 6.28883752e-09 7.55636663e-08 1
LGIC_C 385 0.617703847 0.0644696245 0.0250140197 -5.78784335e-08 -1.15127284e-08 1
LGIC_C 386 0.538073612 -0.457805097 0.0250140143 -3.68002179e-08 2.45891393e-08 1
LGIC_C 387 0.555337598 -0.25168333 0.0250140141 -3.37890406e-08 4.80634332e-08 1
LGIC_C 388 -0.0397737577 0.486510788 0.0250140078 9.86805557e-09 -4.96100883e-08 1
LGIC_C 389 0.382365455 -0.355743769 0.0250140093 -4.20573976e-08 2.81018683e-08 1
LGIC_C 390 0.544853485 0.0210285013 0.0250140101 -4.96100869e-08 6.3366408e-09 1
LGIC_C 391 -0.205354937 0.133192962 0.0250139966 3.37890593e-08 -4.80634052e-08 1
LGIC_C 392 -0.199726619 -0.584682985 0.0250140064 -2.90231482e-08 4.96101036e-08 1
LGIC_C 393 -0.00923217332 -0.289893002 0.0250139959 8.63456455e-09 4.34088336e-08 1
LGIC_C 394 0.405987364 0.62546981 0.0250140163 -2.45891309e-08 -3.68002211e-08 1
LGIC_C 395 0.33325102 0.477079304 0.0250140107 1.3130701e-08 4.82586573e-08 -1
LGIC_C 396 0.247296935 0.409429004 0.0250140063 1.3130701e-08 4.82586573e-08 -1
LGIC_C 397 -0.65372896 0.224873565 0.0250140136 4.34088259e-08 -8.63455061e-09 1
LGIC_C 398 -0.554540774 0.230859626 0.0250140131 3.37890593e-08 -4.80634052e-08 1
LGIC_C 399 0.579647217 -0.145693745 0.0250140166 -4.96100802e-08 3.14742968e-08 1
