VGCC_O 0 0.11238887 -0.0311459409 0.0466929927 -1.01287282e-06 -1.51427976e-07 -1
CaBS 10 0.112031296 -0.00981212661 0.0825744074 0.324116486 0.74980293 0.576839726
CaBS 11 0.106065466 -0.0297896578 0.0826538439 -0.321328743 -0.750213836 0.577864204
CaBS 13 0.108895521 -0.0110023824 0.0546434772 0.329239702 0.132369043 -0.934922272
CaBS 14 0.122539736 -0.0216615507 0.0662264485 0.999896301 0.01419805 -0.0024089266
CaBS 15 0.121764559 -0.015868345 0.0602552098 0.748611785 -0.322508546 -0.579282861
CaBS 16 0.111675309 -0.0097883933 0.0567338877 0.321328636 0.750213906 -0.577864173
CaBS 17 0.105631464 -0.0207433674 0.0533362135 -0.333750671 -0.131704002 -0.933415527
CaBS 18 0.105425389 -0.0190652112 0.0531731111 -0.333750671 -0.131704002 -0.933415527
CaBS 19 0.0907608009 -0.0212971907 0.0726630066 -0.999896295 -0.0141984568 0.00240892729
CaBS 20 0.122507996 -0.0182590789 0.0731059607 0.999896301 0.01419805 -0.0024089266
CaBS 21 0.108043552 -1.09408671e-06 0.0695087215 -0.346545998 0.867982935 -0.355684546
CaBS 22 0.100141854 -0.00915380501 0.0559741399 -0.751399618 0.322919164 -0.575431861
CaBS 23 0.11564327 -0.00980519607 0.0805358912 0.324116486 0.74980293 0.576839726
CaBS 24 0.0961699652 -0.0304181629 0.0763353664 -0.321328743 -0.750213836 0.577864204
Ca 4 0.0353187393 0.359002035 0.871759986 0 0 0
Ca 8 -0.156088068 -0.266988153 0.501162473 0 0 0
Ca 7 -0.69142665 0.172887014 0.222512906 0 0 0
Ca 6 0.333816218 0.0147027283 0.664995837 0 0 0
Ca 4 0.0054997645 0.590130421 0.457076427 0 0 0
Ca 7 -0.106590238 -0.113512039 0.674123179 0 0 0
Ca 4 0.072689396 0.0252556146 0.779378865 0 0 0
Ca 7 -0.563694794 0.0952433263 0.824677838 0 0 0
CaBS_Ca 68 -0.0998245425 0.00820103104 0.0859135714 0.333750517 0.131703937 0.933415591
Ca 4 -0.00861180273 0.17793346 0.854136261 0 0 0
Ca 7 -0.434569057 -0.231621648 0.379377611 0 0 0
Ca 7 0.506567764 0.417925391 0.0608579843 0 0 0
Ca 7 0.0986402945 -0.379127722 0.225574201 0 0 0
Ca 6 -0.234759007 0.466934398 0.43134661 0 0 0
Ca 7 0.605803234 -0.076356353 0.445702252 0 0 0
Ca 7 0.689371151 0.23780797 0.454138068 0 0 0
Ca 1 -0.415812417 -0.370715058 0.46649168 0 0 0
Ca 4 0.0957511048 0.454922979 0.155667475 0 0 0
Ca 1 0.267228727 0.197963068 0.577438388 0 0 0
Ca 1 -0.177207319 -0.245250326 0.746061026 0 0 0
Ca 8 0.154062906 0.0280445239 0.509212651 0 0 0
Ca 6 -0.278680454 -0.558713331 0.632562057 0 0 0
Ca 8 -0.739236894 -0.0724606456 0.33903243 0 0 0
Ca 2 0.593215688 -0.0219499267 0.61531141 0 0 0
Ca 8 -0.453348957 0.0534203235 0.252595501 0 0 0
Ca 4 0.196837493 0.113533393 0.694604879 0 0 0
Ca 1 -0.0835442368 0.0583084198 0.100622329 0 0 0
Ca 8 -0.52401206 0.215906728 0.179349162 0 0 0
Ca 4 -0.233565757 0.596677328 0.539680973 0 0 0
Ca 7 -0.239967732 0.114247995 0.581874 0 0 0
Ca 4 0.489171645 -0.61578248 0.269929071 0 0 0
Ca 1 -0.516961795 0.0365302377 0.448682626 0 0 0
Ca 1 0.0469774071 0.137193043 0.443975905 0 0 0
Ca 1 -0.0278369125 -0.336186319 0.345460954 0 0 0
Ca 8 -0.180221265 -0.226318439 0.251826057 0 0 0
Ca 6 -0.27702492 -0.719164205 0.336874746 0 0 0
Ca 4 0.0311184586 -0.163269615 0.487488819 0 0 0
Ca 6 0.0257908109 -0.320082885 0.110635787 0 0 0
Ca 4 0.174155414 0.510862705 0.614236157 0 0 0
Ca 1 0.746404739 -0.00172742358 0.343392101 0 0 0
Ca 6 -0.0995281472 0.264836957 0.221546403 0 0 0
Ca 8 -0.295087669 -0.0973464729 0.525446023 0 0 0
Ca 8 -0.148409598 -0.0370123731 0.319740322 0 0 0
Ca 8 0.166728298 -0.381516712 0.136295556 0 0 0
Ca 4 0.0635376292 0.182860696 0.205135453 0 0 0
Ca 4 0.358258912 0.391203725 0.152141762 0 0 0
Ca 7 -0.351369707 -0.485112374 0.309409193 0 0 0
Ca 6 -0.218732489 -0.207122733 0.176329741 0 0 0
Ca 1 0.00324886208 0.0103174993 0.645709362 0 0 0
Ca 1 -0.389036827 -0.30375761 0.391786029 0 0 0
Ca 8 -0.44852783 0.0379037437 0.143366829 0 0 0
Ca 8 -0.205547571 0.325286805 0.147617471 0 0 0
Ca 4 -0.49987844 -0.282007907 0.326000587 0 0 0
Ca 1 -0.418937721 -0.343718416 0.12126364 0 0 0
Ca 7 -0.0323847662 0.0475540698 0.31744411 0 0 0
Ca 1 -0.219633719 0.0240186796 0.31376771 0 0 0
Ca 6 -0.0672378829 0.108615043 0.112062319 0 0 0
Ca 4 -0.341807429 -0.0651956856 0.375501455 0 0 0
Ca 1 0.0225258595 0.0379026347 0.195449708 0 0 0
Ca 4 -0.222841648 -0.0897278874 0.230879594 0 0 0
Ca 1 0.0389801691 -0.203307071 0.123110261 0 0 0
Ca 3 -0.0033627608 -0.173948806 0.193679636 0 0 0
Ca 1 -0.161465529 -0.112035877 0.14389142 0 0 0
Ca 8 0.0772887596 0.0253537862 0.266471754 0 0 0
Ca 1 -0.216818981 0.177404491 0.0686711873 0 0 0
Ca 8 -0.25881335 -0.259645771 0.362697503 0 0 0
Ca 8 -0.124607335 -0.144334541 0.0752985959 0 0 0
Ca 8 -0.151495334 0.0526108032 0.137964383 0 0 0
Ca 7 -0.177939017 -0.0780066921 0.226953746 0 0 0
Ca 6 -0.252894635 0.00234171091 0.0953451009 0 0 0
Ca 8 -0.0461797672 -0.181130121 0.114885434 0 0 0
Ca 6 -0.394934885 0.131324721 0.151166113 0 0 0
Ca 1 -0.0822250222 -0.13384103 0.132739416 0 0 0
Ca 4 -0.14290832 0.0921408304 0.199732602 0 0 0
Ca 8 -0.0999570443 0.106187483 0.125047844 0 0 0
Ca 1 -0.217965698 0.0127916071 0.0954836388 0 0 0
Ca 4 -0.0325919968 -0.0936742152 0.0785464444 0 0 0
Ca 6 -0.234063388 0.0217394175 0.0659830025 0 0 0
Ca 4 -0.0968797878 -0.0104601351 0.0605050667 0 0 0
Ca 6 -0.13210021 0.0648686344 0.0520517575 0 0 0
Ca 4 -0.0893638687 0.0532648479 0.0544575267 0 0 0
Ca 8 -0.12882028 0.0208451915 0.0466636237 0 0 0
VGCC_O 2 0.119933892 -0.04777957 0.0466929781 -1.41802115e-06 2.82063236e-07 -1
VGCC_O 7 -0.137449801 0.00579357966 0.0466933342 -1.62059625e-06 3.22356338e-07 -1
VGCC_O 3 0.0772568984 -0.00428239309 0.046693036 -1.41802159e-06 2.82063681e-07 -1
VGCC_O 1 -0.126159285 0.0151063295 0.0466933189 -1.62059625e-06 3.22356338e-07 -1
VGCC_O 6 -0.12622171 0.0241576588 0.046693322 -1.62059677e-06 3.22356891e-07 -1
VGCC_O 5 0.113746944 -0.0200409323 0.0466929896 -1.01287282e-06 -1.51427976e-07 -1
VGCC_O 9 0.0953603447 -0.018533153 0.0466930096 -1.14792244e-06 -1.24564753e-07 -1
VGCC_O 4 -0.108229728 0.00324736392 0.0466932869 -8.10297798e-07 1.61178104e-07 -1
VGCC_O 8 -0.134706799 0.0161271258 0.0466933331 -1.62059677e-06 3.22356891e-07 -1
TAG 41 -0.105784995 0.0105052503 0.0536665039 -0.333750681 -0.131703993 -0.933415524
TAG 70 -0.118208439 0.00383577013 0.0653592954 -0.735818461 -0.677177107 0.0015353549
TAG 69 -0.119239302 0.00795267007 0.0681959954 -0.999896295 -0.0141984574 0.00240892698
TAG 67 -0.115078276 0.000454692191 0.0742448755 -0.735818461 -0.677177107 0.0015353549
TAG 65 0.119072188 -0.020557456 0.0800936336 0.751399702 -0.322919474 0.575431578
TAG 63 -0.104896891 0.0149528875 0.0527352849 0.329239713 0.132369034 -0.93492227
TAG 62 -0.0995730683 0.0302300905 0.0690462359 0.3213287 0.750213891 -0.577864158
TAG 59 -0.100018848 -0.00188752594 0.0603333581 0.344822933 -0.867729023 -0.35797135
TAG 55 -0.119337383 0.0151637023 0.0699872324 -0.999896295 -0.0141984574 0.00240892698
TAG 54 -0.104785227 0.0261860029 0.076486355 -0.344822968 0.867728888 0.357971643
TAG 53 -0.089146311 -0.000197085518 0.0670554248 0.74861179 -0.322508554 -0.579282851
TAG 52 -0.119278263 0.0119799944 0.0757618237 -0.999896295 -0.0141984574 0.00240892698
TAG 51 -0.102448777 0.00747370566 0.0865367572 -0.329239868 -0.132369105 0.934922205
TAG 45 -0.113699624 0.0170707545 0.0588716642 -0.751399624 0.322919173 -0.575431849
TAG 44 -0.11923843 0.00668793202 0.0611035411 -0.999896295 -0.0141984574 0.00240892698
LGIC_C 0 0.509848367 0.228927587 0.0250140111 -4.20574004e-08 -2.81018564e-08 1
LGIC_C 1 -0.343603218 0.0678859581 0.0250139988 4.34088259e-08 -8.63455061e-09 1
LGIC_C 2 -0.542469065 0.0785278333 0.025014011 4.96100897e-08 -9.86805572e-09 1
LGIC_C 3 0.249273825 -0.664796398 0.0250140187 -9.86804037e-09 4.96101e-08 1
LGIC_C 4 -0.402943761 -0.22950177 0.0250140031 6.28883752e-09 7.55636663e-08 1
LGIC_C 5 0.0535188473 -0.517447617 0.0250140126 1.00935263e-08 5.7878447e-08 1
LGIC_C 6 -0.331678993 0.471595716 0.0250140146 1.28239438e-08 -5.73353116e-08 1
LGIC_C 7 -0.68420788 0.431294668 0.0250140191 3.68002297e-08 -2.45891157e-08 1
LGIC_C 8 -0.224894296 0.282370723 0.0250139992 2.45891128e-08 -3.68002333e-08 1
LGIC_C 9 -0.433543771 -0.255207313 0.0250140052 6.28883752e-09 7.55636663e-08 1
LGIC_C 10 -0.441281716 -0.616363879 0.0250140196 3.95603082e-08 3.05989652e-08 1
LGIC_C 11 0.172324404 0.558616355 0.0250140099 -6.33660387e-09 4.96100877e-08 -1
LGIC_C 12 0.373513271 0.155768259 0.0250140067 -4.90669739e-08 -3.27854893e-08 1
LGIC_C 13 0.718527894 -0.0988718525 0.0250140199 -4.96100859e-08 9.86807898e-09 1
LGIC_C 14 0.665302283 0.237109845 0.0250140147 -4.96100869e-08 6.3366408e-09 1
LGIC_C 15 -0.446348602 -0.3209206 0.0250140064 5.39043203e-09 6.47688584e-08 1
LGIC_C 16 0.629403948 -0.149240414 0.0250140159 -4.96100859e-08 9.86807898e-09 1
LGIC_C 17 -0.533411514 0.353642526 0.0250140137 -4.82586679e-08 1.31306769e-08 -1
LGIC_C 18 0.282150559 -0.453168311 0.0250140102 -2.81018481e-08 4.20574137e-08 1
LGIC_C 19 -0.321539102 0.287791561 0.025014008 3.37890593e-08 -4.80634052e-08 1
LGIC_C 20 0.124877849 -0.401163365 0.0250140079 -1.15127059e-08 5.78784511e-08 1
LGIC_C 21 -0.0259239028 -0.180280543 0.0250139914 -2.90231482e-08 4.96101036e-08 1
LGIC_C 22 0.150665588 0.632987932 0.0250140162 -9.86806672e-09 -4.96100854e-08 1
LGIC_C 23 -0.424593013 0.411651992 0.025014009 3.68002297e-08 -2.45891157e-08 1
LGIC_C 24 0.106165764 0.455813292 0.0250140069 -9.86806672e-09 -4.96100854e-08 1
LGIC_C 25 0.374704211 -0.00719312224 0.0250139996 -4.34088226e-08 8.63456802e-09 1
LGIC_C 26 -0.0449770523 0.254061613 0.0250139985 1.15127271e-08 -5.78784352e-08 1
LGIC_C 27 -0.266000114 0.510888474 0.0250140171 3.27854968e-08 -4.90669676e-08 1
LGIC_C 28 0.680089014 0.0945690895 0.0250140136 -4.34088272e-08 -8.63453573e-09 1
LGIC_C 29 -0.611158686 -0.118607282 0.0250140128 5.7878436e-08 -4.89847332e-08 1
LGIC_C 30 0.651297501 0.0794543596 0.025014015 -4.96100869e-08 6.3366408e-09 1
LGIC_C 31 -0.398917417 -0.440143286 0.0250140125 3.95603082e-08 3.05989652e-08 1
LGIC_C 32 0.055012508 0.0724425993 0.0250139878 -2.81018716e-08 -4.20573923e-08 1
LGIC_C 33 -0.0468429709 0.64574555 0.0250140117 8.63455111e-09 -4.34088279e-08 1
LGIC_C 34 0.237737211 -0.491593526 0.0250140151 -3.27854948e-08 4.90669785e-08 1
LGIC_C 35 -0.165121841 -0.499458736 0.0250140032 -2.90231482e-08 4.96101036e-08 1
LGIC_C 36 0.53231086 -0.613847629 0.0250140189 -2.45891087e-08 3.68002429e-08 1
LGIC_C 37 0.125515433 0.742774834 0.0250140166 -8.63455884e-09 -4.34088253e-08 1
LGIC_C 38 0.729608052 -0.322014549 0.0250140183 -3.05989503e-08 3.95603122e-08 1
LGIC_C 39 0.712859672 0.321092924 0.0250140174 -3.68002282e-08 -2.45891172e-08 1
LGIC_C 40 -0.677269627 0.0401948606 0.0250140137 4.34088279e-08 -2.48392273e-08 1
LGIC_C 41 -0.52129613 0.610140357 0.0250140185 2.45891128e-08 -3.68002333e-08 1
LGIC_C 42 -0.263137779 -0.67812041 0.0250140149 8.63456455e-09 4.34088336e-08 1
LGIC_C 43 -0.583359369 -0.509289675 0.0250140154 1.15916899e-08 4.97976879e-08 1
LGIC_C 44 0.345539652 0.551181431 0.0250140144 1.3130701e-08 4.82586573e-08 -1
LGIC_C 45 0.0123582356 -0.240237938 0.0250139951 6.33663526e-09 4.9610097e-08 1
LGIC_C 46 -0.210208654 -0.179004205 0.025013996 5.39043203e-09 6.47688584e-08 1
LGIC_C 47 0.506807472 -0.207399962 0.0250140149 -5.78784275e-08 1.15127558e-08 1
LGIC_C 48 -0.0528209361 -0.387344341 0.0250140005 8.63456455e-09 4.34088336e-08 1
LGIC_C 49 -0.49291215 -0.17181184 0.0250140061 4.34088238e-08 8.63459484e-09 1
LGIC_C 50 0.251577832 -0.303719385 0.0250140064 -3.27854948e-08 4.90669785e-08 1
LGIC_C 51 -0.566448701 -0.0292386669 0.0250140071 -4.34088282e-08 2.70157287e-08 -1
LGIC_C 52 0.656171459 -0.172235282 0.025014016 -4.34088182e-08 2.48392526e-08 1
LGIC_C 53 0.311818512 -0.0650416661 0.0250139984 -4.34088182e-08 2.48392526e-08 1
LGIC_C 54 -0.0318838154 -0.225752218 0.0250139947 -4.89847109e-08 5.78784581e-08 1
LGIC_C 55 0.442769925 0.47860813 0.0250140118 -2.45891309e-08 -3.68002211e-08 1
LGIC_C 56 -0.1194079 -0.226903887 0.0250139932 -5.56021111e-08 -1.45571543e-08 -1
LGIC_C 57 -0.0658960317 0.414423177 0.0250140059 -3.14742797e-08 4.96100914e-08 -1
LGIC_C 58 0.444055374 -0.0449421997 0.0250140036 -4.34088182e-08 2.48392526e-08 1
LGIC_C 59 -0.425038293 -0.185752338 0.0250139998 1.45571809e-08 5.5602105e-08 1
LGIC_C 60 0.117108141 0.513495294 0.0250140124 -3.14742949e-08 -4.96100822e-08 1
LGIC_C 61 -0.40314382 0.353164177 0.0250140102 4.20574045e-08 -2.81018523e-08 1
LGIC_C 62 -0.0291652574 0.412253003 0.0250140046 -3.14742797e-08 4.96100914e-08 -1
LGIC_C 63 0.19217073 -0.0296778167 0.0250139931 -4.96100859e-08 9.86807898e-09 1
LGIC_C 64 -0.229027533 0.0382297523 0.0250139946 5.7878425e-08 4.89846948e-08 1
LGIC_C 65 0.0243663931 0.322929093 0.0250139995 -9.86806672e-09 -4.96100854e-08 1
LGIC_C 66 -0.268024265 -0.323133859 0.0250140017 2.45891453e-08 3.68002268e-08 1
LGIC_C 67 -0.468724201 0.428596596 0.0250140186 6.28881943e-09 -7.55636452e-08 1
LGIC_C 68 -0.652563509 -0.11123423 0.0250140086 -4.34088282e-08 2.70157287e-08 -1
LGIC_C 69 -0.701807448 -0.370734191 0.0250140182 3.68002489e-08 2.45891179e-08 1
LGIC_C 70 -0.00975581223 0.396691232 0.0250140006 8.63455111e-09 -4.34088279e-08 1
LGIC_C 71 0.54321727 0.138915461 0.0250140163 -5.78784335e-08 -1.15127284e-08 1
LGIC_C 72 0.145756571 0.359661375 0.0250140002 -6.33660387e-09 4.96100877e-08 -1
LGIC_C 73 -0.021794921 0.00380384255 0.0250139843 4.34088279e-08 -2.48392273e-08 1
LGIC_C 74 0.502405109 0.484212082 0.0250140138 -4.82586616e-08 -1.31306776e-08 1
LGIC_C 75 0.514823082 -0.580389678 0.0250140172 -2.45891087e-08 3.68002429e-08 1
LGIC_C 76 -0.682361974 0.0618621971 0.0250140153 4.96100851e-08 2.90231542e-08 1
LGIC_C 77 0.3169913 -0.242009915 0.0250140025 -3.05989503e-08 3.95603122e-08 1
LGIC_C 78 0.267611633 0.370032949 0.0250140102 -3.27855134e-08 -4.90669575e-08 1
LGIC_C 79 -0.574951712 -0.252755006 0.0250140025 1.15916899e-08 4.97976879e-08 1
LGIC_C 80 0.699995008 -0.0622271201 0.0250140142 -4.34088226e-08 8.63456802e-09 1
LGIC_C 81 0.042209145 0.683206091 0.0250140169 -6.33660387e-09 4.96100877e-08 -1
LGIC_C 82 0.512242495 -0.314520542 0.0250140113 -3.05989503e-08 3.95603122e-08 1
LGIC_C 83 -0.362261569 0.269106983 0.0250140043 -4.82586679e-08 1.31306769e-08 -1
LGIC_C 84 0.215689838 0.518801135 0.0250140111 -2.81018716e-08 -4.20573923e-08 1
LGIC_C 85 -0.0636534204 0.140742583 0.0250139922 1.28239438e-08 -5.73353116e-08 1
LGIC_C 86 0.570137677 -0.319520241 0.0250140178 -3.37890406e-08 4.80634332e-08 1
LGIC_C 87 -0.317339532 -0.235982041 0.025014001 1.45571809e-08 5.5602105e-08 1
LGIC_C 88 -0.589542439 -0.503684731 0.0250140152 1.15916899e-08 4.97976879e-08 1
LGIC_C 89 0.251765301 -0.492281226 0.0250140103 -1.31306721e-08 4.82586744e-08 1
LGIC_C 90 -0.368121076 -0.330761212 0.025014007 1.45571809e-08 5.5602105e-08 1
LGIC_C 91 0.139613918 0.812779559 0.0250140197 -8.63455884e-09 -4.34088253e-08 1
LGIC_C 92 0.24561558 -0.689092907 0.0250140159 6.33663526e-09 4.9610097e-08 1
LGIC_C 93 -0.0805954351 0.573887923 0.0250140112 -6.33661298e-09 -4.96100859e-08 1
LGIC_C 94 0.152831212 -0.0553848229 0.0250139925 -4.96100802e-08 3.14742968e-08 1
LGIC_C 95 -0.319489768 -0.40004085 0.0250140069 -5.56021111e-08 -1.45571543e-08 -1
LGIC_C 96 0.322782852 -0.0204185911 0.0250139994 -4.96100859e-08 9.86807898e-09 1
LGIC_C 97 -0.401979392 0.0643308468 0.0250140013 4.96100851e-08 2.90231542e-08 1
LGIC_C 98 -0.345891126 -0.543559879 0.0250140136 3.95603082e-08 3.05989652e-08 1
LGIC_C 99 0.226788944 -0.0784767352 0.0250139969 -4.96100802e-08 3.14742968e-08 1
LGIC_C 100 -0.332941116 -0.489723859 0.0250140095 2.45891453e-08 3.68002268e-08 1
LGIC_C 101 -0.363502711 0.0266998801 0.0250140016 4.96100897e-08 -9.86805572e-09 1
LGIC_C 102 -0.32276394 0.453272623 0.0250140134 1.28239438e-08 -5.73353116e-08 1
LGIC_C 103 -0.4559773 -0.0334659601 0.0250140033 4.34088238e-08 8.63459484e-09 1
LGIC_C 104 0.605521207 -0.247491254 0.0250140157 -4.96100859e-08 9.86807898e-09 1
LGIC_C 105 -0.328013044 0.0823257206 0.0250139996 4.34088279e-08 -2.48392273e-08 1
LGIC_C 106 -0.297537113 0.798936981 0.0218618812 -0.194186377 0.976241021 0.0961515493
LGIC_C 107 -0.739579907 -0.26732131 0.0250140177 4.34088238e-08 8.63459484e-09 1
LGIC_C 108 -0.0347447416 -0.494223055 0.0250140056 2.48392553e-08 4.34088306e-08 1
LGIC_C 109 0.200489419 0.0952543207 0.0250139942 -4.82586616e-08 -1.31306776e-08 1
LGIC_C 110 -0.178559721 -0.693299682 0.0250140149 8.63456455e-09 4.34088336e-08 1
LGIC_C 111 -0.521843139 -0.147656241 0.0250140049 -4.96100919e-08 2.90231703e-08 -1
LGIC_C 112 0.730463168 -0.0296252539 0.0250140204 -4.96100802e-08 3.14742968e-08 1
LGIC_C 113 -0.00907650597 -0.692475817 0.0250140135 2.48392553e-08 4.34088306e-08 1
LGIC_C 114 -0.372131253 0.405074155 0.0250140113 1.28239438e-08 -5.73353116e-08 1
LGIC_C 115 0.509522311 -0.382877866 0.025014014 -3.05989503e-08 3.95603122e-08 1
LGIC_C 116 0.169980211 -0.470064406 0.0250140087 1.00935263e-08 5.7878447e-08 1
LGIC_C 117 -0.199559444 -0.0404750536 0.025013992 -4.96100919e-08 2.90231703e-08 -1
LGIC_C 118 -0.319257556 -0.336374593 0.0250140059 -5.56021111e-08 -1.45571543e-08 -1
LGIC_C 119 0.0648069587 0.414573081 0.0250140045 -9.86806672e-09 -4.96100854e-08 1
LGIC_C 120 0.0156171178 0.478821448 0.0250140072 -9.86806672e-09 -4.96100854e-08 1
LGIC_C 121 -0.455359411 -0.41553998 0.0250140092 1.15916899e-08 4.97976879e-08 1
LGIC_C 122 0.60972016 -0.336929987 0.025014014 -3.68002179e-08 2.45891393e-08 1
LGIC_C 123 0.343857551 -0.281939526 0.0250140093 -4.90669481e-08 3.27855328e-08 1
LGIC_C 124 0.500487891 -0.429210958 0.0250140122 -3.68002179e-08 2.45891393e-08 1
LGIC_C 125 0.153892324 -0.173598331 0.0250139936 -1.31306721e-08 4.82586744e-08 1
LGIC_C 126 0.628808367 -0.354061553 0.0250140165 -3.05989503e-08 3.95603122e-08 1
LGIC_C 127 0.239665336 -0.312420867 0.0250140015 -1.31306721e-08 4.82586744e-08 1
LGIC_C 128 0.23401414 -0.35616038 0.0250140021 -2.45891087e-08 3.68002429e-08 1
LGIC_C 129 0.452685547 -0.1154894 0.0250140039 -4.34088226e-08 8.63456802e-09 1
LGIC_C 130 -0.638924278 0.225138082 0.0250140129 4.34088259e-08 -8.63455061e-09 1
LGIC_C 131 0.399910903 0.25974729 0.0250140059 -4.82586616e-08 -1.31306776e-08 1
LGIC_C 132 -0.244632099 0.0993409432 0.0250139925 5.7878425e-08 4.89846948e-08 1
LGIC_C 133 -0.619074107 -0.0592452741 0.0250140106 4.34088238e-08 8.63459484e-09 1
LGIC_C 134 0.316055571 -0.636946108 0.0250140144 -2.45891087e-08 3.68002429e-08 1
LGIC_C 135 -0.315559468 -0.254904311 0.0250140045 6.28883752e-09 7.55636663e-08 1
LGIC_C 136 0.415773428 -0.252004646 0.0250140047 -3.68002179e-08 2.45891393e-08 1
LGIC_C 137 0.366113775 -0.306493972 0.0250140066 -3.05989503e-08 3.95603122e-08 1
LGIC_C 138 -0.701211369 -0.192135433 0.02501401 4.96100935e-08 -4.19869172e-08 1
LGIC_C 139 0.175697698 -0.0166064292 0.0250139925 -4.96100802e-08 3.14742968e-08 1
LGIC_C 140 0.458964848 0.58524028 0.0250140161 -2.45891309e-08 -3.68002211e-08 1
LGIC_C 141 0.503662788 0.0925904372 0.0250140059 -4.34088272e-08 -8.63453573e-09 1
LGIC_C 142 -0.466909567 -0.529806711 0.0250140179 3.95603082e-08 3.05989652e-08 1
LGIC_C 143 -0.0788971129 -0.167505172 0.0250139925 2.81018674e-08 4.20574117e-08 1
LGIC_C 144 -0.460063897 -0.480165982 0.0250140161 3.95603082e-08 3.05989652e-08 1
LGIC_C 145 0.208091236 0.0123478081 0.0250139935 -4.96100869e-08 6.3366408e-09 1
LGIC_C 146 0.00270352928 0.595486103 0.0250140128 -9.86806672e-09 -4.96100854e-08 1
LGIC_C 147 -0.327316615 -0.334070673 0.0250140036 2.45891453e-08 3.68002268e-08 1
LGIC_C 148 0.426916914 -0.0660909293 0.0250140087 -5.78784275e-08 1.15127558e-08 1
LGIC_C 149 0.56226743 0.529432915 0.025014017 -3.68002282e-08 -2.45891172e-08 1
LGIC_C 150 0.406892023 0.152538949 0.0250140025 -4.96100869e-08 6.3366408e-09 1
LGIC_C 151 -0.118180563 -0.722820425 0.0250140156 8.63456455e-09 4.34088336e-08 1
LGIC_C 152 0.274648211 0.614619534 0.0250140168 -2.81018716e-08 -4.20573923e-08 1
LGIC_C 153 0.154621328 -0.175510361 0.0250139953 -1.28239349e-08 5.73353226e-08 1
LGIC_C 154 0.180974129 0.501562649 0.0250140099 -9.86806672e-09 -4.96100854e-08 1
LGIC_C 155 -0.610853666 0.125214692 0.0250140109 4.34088259e-08 -8.63455061e-09 1
LGIC_C 156 -0.27019851 0.0165350085 0.0250139951 4.34088259e-08 -8.63455061e-09 1
LGIC_C 157 -0.385776586 0.282556147 0.0250140071 6.28881943e-09 -7.55636452e-08 1
LGIC_C 158 0.383009126 0.179719037 0.0250140048 3.37890593e-08 4.80634111e-08 -1
LGIC_C 159 0.780487544 0.176333325 0.0250140186 -4.34088272e-08 -8.63453573e-09 1
LGIC_C 160 -0.257357314 -0.0742240051 0.0250139924 -4.34088282e-08 2.70157287e-08 -1
LGIC_C 161 -0.425975596 0.0990846329 0.0250140054 4.96100897e-08 -9.86805572e-09 1
LGIC_C 162 0.466786827 -0.0136926293 0.0250140104 -5.78784275e-08 1.15127558e-08 1
LGIC_C 163 0.363022476 -0.230574349 0.025014005 -4.20573976e-08 2.81018683e-08 1
LGIC_C 164 0.240180428 -0.588138403 0.0250140109 6.33663526e-09 4.9610097e-08 1
LGIC_C 165 -0.332727487 0.0424377707 0.0250139985 4.96100851e-08 2.90231542e-08 1
LGIC_C 166 -0.183574669 -0.677228044 0.0250140172 2.48392553e-08 4.34088306e-08 1
LGIC_C 167 -0.559324332 0.545930706 0.0250140174 -4.82586679e-08 1.31306769e-08 -1
LGIC_C 168 -0.561135993 -0.251421557 0.0250140025 5.39043203e-09 6.47688584e-08 1
LGIC_C 169 0.672678397 -0.462901001 0.0250140194 -3.68002179e-08 2.45891393e-08 1
LGIC_C 170 0.517821978 -0.335253176 0.0250140168 -3.37890406e-08 4.80634332e-08 1
LGIC_C 171 -0.202233612 0.296174133 0.0250140028 1.28239438e-08 -5.73353116e-08 1
LGIC_C 172 0.383599472 0.164362854 0.025014004 -4.20574004e-08 -2.81018564e-08 1
LGIC_C 173 0.678199087 0.298465898 0.0250140155 -3.68002282e-08 -2.45891172e-08 1
LGIC_C 174 -0.0777153661 -0.53070002 0.0250140082 2.48392553e-08 4.34088306e-08 1
LGIC_C 175 0.437937241 -0.300009638 0.0250140124 -3.37890406e-08 4.80634332e-08 1
LGIC_C 176 -0.596479372 -0.592662636 0.0250140197 1.15916899e-08 4.97976879e-08 1
LGIC_C 177 0.306603754 0.323965211 0.0250140055 -2.81018716e-08 -4.20573923e-08 1
LGIC_C 178 0.0742798348 -0.61427401 0.0250140132 6.33663526e-09 4.9610097e-08 1
LGIC_C 179 -0.256853293 -0.170015929 0.0250139977 6.28883752e-09 7.55636663e-08 1
LGIC_C 180 -0.145532774 0.255252622 0.0250139981 2.8101852e-08 -4.20574041e-08 1
LGIC_C 181 -0.622850086 -0.324693755 0.0250140076 5.39043203e-09 6.47688584e-08 1
LGIC_C 182 0.0780867969 -0.172406941 0.0250139927 -2.81018481e-08 4.20574137e-08 1
LGIC_C 183 0.651041227 0.323663454 0.0250140189 -4.82586616e-08 -1.31306776e-08 1
LGIC_C 184 0.725126914 -0.0391195478 0.0250140157 -4.34088182e-08 2.48392526e-08 1
LGIC_C 185 0.391039963 -0.113376594 0.025014003 -4.34088182e-08 2.48392526e-08 1
LGIC_C 186 -0.61023532 -0.321921672 0.0250140074 5.39043203e-09 6.47688584e-08 1
LGIC_C 187 0.166898791 0.074920183 0.0250139939 -4.90669739e-08 -3.27854893e-08 1
LGIC_C 188 -0.74791504 0.0867501763 0.0250140165 4.34088259e-08 -8.63455061e-09 1
LGIC_C 189 -0.513309665 0.304662207 0.0250140134 4.20574045e-08 -2.81018523e-08 1
LGIC_C 190 0.336401242 -0.742219135 0.0250140188 -2.45891087e-08 3.68002429e-08 1
LGIC_C 191 -0.422670604 -0.258856247 0.0250140023 5.39043203e-09 6.47688584e-08 1
LGIC_C 192 -0.28714434 0.0968895595 0.0250139966 4.34088259e-08 -8.63455061e-09 1
LGIC_C 193 0.296785026 0.0786695376 0.0250139987 -4.96100911e-08 -9.86803575e-09 1
LGIC_C 194 -0.659163196 0.366299293 0.0250140165 3.68002297e-08 -2.45891157e-08 1
LGIC_C 195 0.353277108 0.384979089 0.0250140094 -2.81018716e-08 -4.20573923e-08 1
LGIC_C 196 0.712745172 0.385378253 0.025014019 -3.68002282e-08 -2.45891172e-08 1
LGIC_C 197 -0.243493563 -0.505556958 0.0250140078 2.45891453e-08 3.68002268e-08 1
LGIC_C 198 0.54237958 0.0219981232 0.025014007 -4.34088272e-08 -8.63453573e-09 1
LGIC_C 199 0.609905836 0.246371858 0.0250140119 -4.96100869e-08 6.3366408e-09 1
LGIC_C 200 0.720360144 -0.302427415 0.0250140172 -3.68002179e-08 2.45891393e-08 1
LGIC_C 201 0.228996297 0.131136 0.0250139966 -4.20574004e-08 -2.81018564e-08 1
LGIC_C 202 -0.0302521548 -0.324199226 0.0250139981 2.48392553e-08 4.34088306e-08 1
LGIC_C 203 -0.169465002 -0.0663889923 0.0250139898 5.7878436e-08 -4.89847332e-08 1
LGIC_C 204 -0.361562412 0.546074642 0.0250140164 2.8101852e-08 -4.20574041e-08 1
LGIC_C 205 -0.0903319744 0.237899054 0.025013996 9.86805557e-09 -4.96100883e-08 1
LGIC_C 206 0.613245859 -0.373417942 0.025014015 -3.68002179e-08 2.45891393e-08 1
LGIC_C 207 -0.13209174 -0.451934234 0.0250140029 -4.89847109e-08 5.78784581e-08 1
LGIC_C 208 -0.532129149 0.372119681 0.0250140138 -4.82586679e-08 1.31306769e-08 -1
LGIC_C 209 -0.00782381403 -0.00470801153 0.0250139846 -1.17760821e-07 -7.86851768e-08 -1
LGIC_C 210 0.0516672643 0.240861015 0.0250139957 -9.86806672e-09 -4.96100854e-08 1
LGIC_C 211 0.608294363 -0.176087753 0.0250140205 -5.78784275e-08 1.15127558e-08 1
LGIC_C 212 -0.344857463 -0.468538989 0.0250140093 -5.56021111e-08 -1.45571543e-08 -1
LGIC_C 213 0.39870534 -0.444856394 0.0250140131 -2.81018481e-08 4.20574137e-08 1
LGIC_C 214 0.491707732 -0.101000033 0.0250140054 -4.34088226e-08 8.63456802e-09 1
LGIC_C 215 -0.416191152 -0.053136527 0.0250140018 4.34088238e-08 8.63459484e-09 1
LGIC_C 216 0.187106919 -0.169321849 0.0250139957 -3.05989503e-08 3.95603122e-08 1
LGIC_C 217 0.491802744 -0.411997799 0.0250140196 -3.37890406e-08 4.80634332e-08 1
LGIC_C 218 -0.256298108 0.385676876 0.0250140052 1.31306824e-08 -4.82586643e-08 1
LGIC_C 219 -0.202972177 -0.436115738 0.0250140046 3.95603082e-08 3.05989652e-08 1
LGIC_C 220 -0.715651784 -0.336057613 0.0250140179 3.68002489e-08 2.45891179e-08 1
LGIC_C 221 0.707795411 -0.458268922 0.0150350854 0.827616944 -0.552996408 0.0961517878
LGIC_C 222 -0.582024504 -0.184156664 0.0250140068 -4.96100919e-08 2.90231703e-08 -1
LGIC_C 223 0.28791388 0.423537885 0.0250140114 -4.80634192e-08 -3.37890445e-08 1
LGIC_C 224 -0.355865032 0.0685372372 0.0250139989 4.96100851e-08 2.90231542e-08 1
LGIC_C 225 0.175916312 -0.626095181 0.0250140119 -8.63454093e-09 4.34088369e-08 1
LGIC_C 226 0.353621006 -0.220226867 0.0250140017 -3.68002179e-08 2.45891393e-08 1
LGIC_C 227 -0.182021629 0.493305062 0.0250140063 8.63455111e-09 -4.34088279e-08 1
LGIC_C 228 0.25786923 -0.32618427 0.0250140024 -1.31306721e-08 4.82586744e-08 1
LGIC_C 229 -0.535913636 -0.0620978467 0.0250140071 4.34088238e-08 8.63459484e-09 1
LGIC_C 230 -0.686432227 -0.218926628 0.0250140072 -4.34088282e-08 2.70157287e-08 -1
LGIC_C 231 0.522890651 0.274932966 0.0250140141 3.37890593e-08 4.80634111e-08 -1
LGIC_C 232 -0.241099684 0.750613194 0.0250140179 8.63455111e-09 -4.34088279e-08 1
LGIC_C 233 0.336771594 0.245332274 0.0250140027 -4.82586616e-08 -1.31306776e-08 1
LGIC_C 234 -0.0974298284 -0.443704478 0.0250140033 8.63456455e-09 4.34088336e-08 1
LGIC_C 235 0.274705896 0.450684413 0.0250140099 -2.81018716e-08 -4.20573923e-08 1
LGIC_C 236 0.310958225 -0.0319595853 0.0250139975 -4.34088182e-08 2.48392526e-08 1
LGIC_C 237 0.655512909 -0.0192670629 0.0250140163 -4.96100802e-08 3.14742968e-08 1
LGIC_C 238 -0.147161785 0.0067730583 0.0250139914 5.7878425e-08 4.89846948e-08 1
LGIC_C 239 0.517134638 -0.282565465 0.0250140129 -4.20573976e-08 2.81018683e-08 1
LGIC_C 240 0.107685672 -0.1575329 0.0250139936 -1.28239349e-08 5.73353226e-08 1
LGIC_C 241 -0.100170659 0.239843062 0.0250139962 2.8101852e-08 -4.20574041e-08 1
LGIC_C 242 0.602955821 -0.316385758 0.0250140188 -3.37890406e-08 4.80634332e-08 1
LGIC_C 243 -0.625505589 0.237651676 0.0250140166 4.96100897e-08 -9.86805572e-09 1
LGIC_C 244 0.583694365 -0.197316753 0.0250140193 -5.78784275e-08 1.15127558e-08 1
LGIC_C 245 -0.492989067 -0.460456044 0.025014016 1.45571809e-08 5.5602105e-08 1
LGIC_C 246 0.403897115 0.466726304 0.0250140104 -2.45891309e-08 -3.68002211e-08 1
LGIC_C 247 -0.477847704 0.657874136 0.0250140192 2.45891128e-08 -3.68002333e-08 1
LGIC_C 248 0.138298024 -0.110912989 0.025013991 -3.68002179e-08 2.45891393e-08 1
LGIC_C 249 0.467029294 -0.00913507931 0.0250140067 -4.96100802e-08 3.14742968e-08 1
LGIC_C 250 0.219228244 0.498586904 0.0250140106 -4.80634192e-08 -3.37890445e-08 1
LGIC_C 251 0.0346233489 0.663125931 0.0250140159 -6.33660387e-09 4.96100877e-08 -1
LGIC_C 252 0.115787709 0.583831245 0.0250140159 -3.14742949e-08 -4.96100822e-08 1
LGIC_C 253 0.498430092 0.325006712 0.0250140116 -4.82586616e-08 -1.31306776e-08 1
LGIC_C 254 -0.444138366 0.287575203 0.0250140121 3.37890593e-08 -4.80634052e-08 1
LGIC_C 255 -0.810786221 -0.0785858885 0.0250140163 -4.34088282e-08 2.70157287e-08 -1
LGIC_C 256 -0.296851119 0.559936531 0.0250140112 2.45891128e-08 -3.68002333e-08 1
LGIC_C 257 0.300388095 0.304210415 0.0250140019 1.3130701e-08 4.82586573e-08 -1
LGIC_C 258 -0.24241495 0.553715398 0.0250140096 2.45891128e-08 -3.68002333e-08 1
LGIC_C 259 0.273985014 -0.313793799 0.0250140076 -3.27854948e-08 4.90669785e-08 1
LGIC_C 260 -0.00206253842 -0.584893071 0.0250140123 9.8680833e-09 4.96100963e-08 1
LGIC_C 261 0.0893323161 0.598093191 0.02501401 -8.63455884e-09 -4.34088253e-08 1
LGIC_C 262 -0.354625143 0.321659071 0.0250140072 4.20574045e-08 -2.81018523e-08 1
LGIC_C 263 -0.691734802 -0.26112524 0.0250140066 4.96100935e-08 -4.19869172e-08 1
LGIC_C 264 0.451563298 -0.316502667 0.0250140076 -3.68002179e-08 2.45891393e-08 1
LGIC_C 265 0.218790187 0.0360077217 0.0250139944 -4.96100911e-08 -9.86803575e-09 1
LGIC_C 266 -0.144706394 -0.354898578 0.0250140022 2.48392553e-08 4.34088306e-08 1
LGIC_C 267 -0.267710875 -0.263555658 0.0250140018 1.45571809e-08 5.5602105e-08 1
LGIC_C 268 -0.0570343412 -0.504858845 0.0250140066 -2.90231482e-08 4.96101036e-08 1
LGIC_C 269 -0.0401207039 0.668920339 0.0250140162 -6.33661298e-09 -4.96100859e-08 1
LGIC_C 270 -0.0908030461 -0.0944225305 0.0250139907 7.55636799e-08 6.2887973e-09 1
LGIC_C 271 -0.493326638 -0.459849573 0.0250140127 3.68002489e-08 2.45891179e-08 1
LGIC_C 272 -0.404689281 0.314050702 0.0250140069 -4.82586679e-08 1.31306769e-08 -1
LGIC_C 273 0.703775553 -0.149103007 0.0250140175 -4.34088182e-08 2.48392526e-08 1
LGIC_C 274 -0.342858551 0.395980557 0.0250140063 2.45891128e-08 -3.68002333e-08 1
LGIC_C 275 0.0428789449 -0.548022587 0.0250140102 6.33663526e-09 4.9610097e-08 1
LGIC_C 276 -0.153091823 -0.491826777 0.0250140032 -2.90231482e-08 4.96101036e-08 1
LGIC_C 277 0.648018314 -0.0611436726 0.0250140173 -4.96100802e-08 3.14742968e-08 1
LGIC_C 278 0.310109111 0.287818676 0.0250140017 -3.68002282e-08 -2.45891172e-08 1
LGIC_C 279 0.060855631 -0.136799081 0.0250139898 -2.45891087e-08 3.68002429e-08 1
LGIC_C 280 -0.282007146 -0.147817712 0.0250139956 1.45571809e-08 5.5602105e-08 1
LGIC_C 281 0.357910888 0.588915815 0.0250140203 -4.80634192e-08 -3.37890445e-08 1
LGIC_C 282 -0.278751725 -0.462001111 0.0250140084 3.95603082e-08 3.05989652e-08 1
LGIC_C 283 -0.256260938 -0.50696156 0.0250140058 7.55636799e-08 6.2887973e-09 1
LGIC_C 284 0.220422151 -0.760228713 0.0250140181 -8.63454093e-09 4.34088369e-08 1
LGIC_C 285 -0.267519223 0.507743449 0.025014017 3.27854968e-08 -4.90669676e-08 1
LGIC_C 286 -0.501162242 0.0120434698 0.0250140078 4.96100851e-08 2.90231542e-08 1
LGIC_C 287 -0.0645523597 -0.114023929 0.025013989 2.45891453e-08 3.68002268e-08 1
LGIC_C 288 0.0234235202 -0.328202242 0.0250139994 6.33663526e-09 4.9610097e-08 1
LGIC_C 289 0.00534451648 -0.00923031489 0.0250139837 -2.45891087e-08 3.68002429e-08 1
LGIC_C 290 -0.351185545 -0.505905798 0.0250140144 2.81018674e-08 4.20574117e-08 1
LGIC_C 291 -0.478133595 0.417383051 0.0250140111 3.68002297e-08 -2.45891157e-08 1
LGIC_C 292 0.438032772 0.459970781 0.0250140149 -2.81018716e-08 -4.20573923e-08 1
LGIC_C 293 -0.624125289 -0.0151917798 0.0250140138 -4.96100919e-08 2.90231703e-08 -1
LGIC_C 294 0.0565185099 -0.173021594 0.0250139939 -1.15127059e-08 5.78784511e-08 1
LGIC_C 295 -0.153663447 0.147968748 0.0250139954 6.28881943e-09 -7.55636452e-08 1
LGIC_C 296 0.514902337 0.272505505 0.0250140126 -4.20574004e-08 -2.81018564e-08 1
LGIC_C 297 0.0370542411 0.31365581 0.0250139972 -8.63455884e-09 -4.34088253e-08 1
LGIC_C 298 0.0434580037 -0.512619062 0.0250140091 -9.86804037e-09 4.96101e-08 1
LGIC_C 299 -0.114857864 -0.307588446 0.0250139996 9.8680833e-09 4.96100963e-08 1
LGIC_C 300 0.425085273 -0.0407520607 0.0250140027 -4.34088182e-08 2.48392526e-08 1
LGIC_C 301 0.0780299538 0.374240984 0.0250140002 -8.63455884e-09 -4.34088253e-08 1
LGIC_C 302 0.385646233 0.352129588 0.0250140094 -4.20574004e-08 -2.81018564e-08 1
LGIC_C 303 -0.0355490055 0.350432911 0.025014001 9.86805557e-09 -4.96100883e-08 1
LGIC_C 304 -0.179713931 0.393144959 0.0250140046 1.31306824e-08 -4.82586643e-08 1
LGIC_C 305 -0.437171028 0.252000551 0.0250140056 3.68002297e-08 -2.45891157e-08 1
LGIC_C 306 0.16629352 0.098223279 0.0250139936 3.37890593e-08 4.80634111e-08 -1
LGIC_C 307 -0.404016281 0.276585864 0.0250140064 -4.82586679e-08 1.31306769e-08 -1
LGIC_C 308 0.631653679 -0.249097054 0.0250140128 -4.34088226e-08 8.63456802e-09 1
LGIC_C 309 0.134176215 0.123620896 0.0250139912 -3.68002282e-08 -2.45891172e-08 1
LGIC_C 310 0.100241489 0.806260363 0.0250140191 -8.63455884e-09 -4.34088253e-08 1
LGIC_C 311 0.541214578 0.591895801 0.0250140183 -2.45891309e-08 -3.68002211e-08 1
LGIC_C 312 0.287302891 0.226758938 0.0250140017 -4.20574004e-08 -2.81018564e-08 1
LGIC_C 313 0.674395484 0.357728346 0.0250140169 -3.68002282e-08 -2.45891172e-08 1
LGIC_C 314 -0.245304256 0.50510992 0.0250140079 2.45891128e-08 -3.68002333e-08 1
LGIC_C 315 -0.0670775891 0.0216860129 0.0250139868 4.96100897e-08 -9.86805572e-09 1
LGIC_C 316 -0.248645077 -0.202018224 0.0250140001 6.28883752e-09 7.55636663e-08 1
LGIC_C 317 -0.407292591 -0.198249676 0.0250140031 3.68002489e-08 2.45891179e-08 1
LGIC_C 318 -0.201606543 -0.350171977 0.0250139996 -5.56021111e-08 -1.45571543e-08 -1
LGIC_C 319 -0.529680529 -0.0733577971 0.0250140043 -4.34088282e-08 2.70157287e-08 -1
LGIC_C 320 0.408710674 0.564184852 0.0250140185 -2.81018716e-08 -4.20573923e-08 1
LGIC_C 321 0.598766552 -0.297698963 0.0250140178 -3.37890406e-08 4.80634332e-08 1
LGIC_C 322 0.548386631 0.20892052 0.0250140174 -5.78784335e-08 -1.15127284e-08 1
LGIC_C 323 -0.30165921 -0.677350814 0.0250140202 2.81018674e-08 4.20574117e-08 1
LGIC_C 324 0.00672837758 0.698209172 0.025014018 -9.86806672e-09 -4.96100854e-08 1
LGIC_C 325 0.460367952 0.655395908 0.0250140187 -2.45891309e-08 -3.68002211e-08 1
LGIC_C 326 0.166783512 0.631650948 0.0250140135 -6.33660387e-09 4.96100877e-08 -1
LGIC_C 327 -0.328376165 -0.0309858085 0.0250139987 -4.96100919e-08 2.90231703e-08 -1
LGIC_C 328 -0.436908352 0.0271276623 0.0250140029 4.34088279e-08 -2.48392273e-08 1
LGIC_C 329 0.664405845 -0.204782359 0.0250140182 -4.96100859e-08 9.86807898e-09 1
LGIC_C 330 0.396287974 -0.0675884062 0.025014005 -4.96100802e-08 3.14742968e-08 1
LGIC_C 331 0.257648286 -0.0678003749 0.0250139961 -4.34088182e-08 2.48392526e-08 1
LGIC_C 332 -0.0481827733 -0.338183251 0.0250140005 9.8680833e-09 4.96100963e-08 1
LGIC_C 333 0.471030488 0.168088291 0.0250140051 -4.34088272e-08 -8.63453573e-09 1
LGIC_C 334 0.252220101 0.809746646 0.00497679997 0.194186548 0.976240951 0.0961519121
LGIC_C 335 0.216836498 0.60613347 0.025014012 -6.33660387e-09 4.96100877e-08 -1
LGIC_C 336 -0.738834519 0.00381608252 0.0250140154 4.34088279e-08 -2.48392273e-08 1
LGIC_C 337 -0.0555629374 -0.00503194131 0.0250139859 -4.96100919e-08 2.90231703e-08 -1
LGIC_C 338 -0.172423789 0.303464219 0.0250139987 2.45891128e-08 -3.68002333e-08 1
LGIC_C 339 0.191570769 -0.218425698 0.0250139963 -1.31306721e-08 4.82586744e-08 1
LGIC_C 340 -0.301314368 0.608419548 0.0250140173 2.8101852e-08 -4.20574041e-08 1
LGIC_C 341 -0.0528212943 -0.726482677 0.0250140152 8.63456455e-09 4.34088336e-08 1
LGIC_C 342 -0.854158706 -0.0308521675 0.000854143582 -0.976240825 -0.194187339 0.0961515894
LGIC_C 343 0.260623448 0.469948718 0.0250140094 1.3130701e-08 4.82586573e-08 -1
LGIC_C 344 -0.129743368 0.0347051131 0.0250139891 5.7878425e-08 4.89846948e-08 1
LGIC_C 345 -0.0911278376 -0.116922939 0.0250139909 7.55636799e-08 6.2887973e-09 1
LGIC_C 346 0.36137675 0.344651557 0.025014005 -3.68002282e-08 -2.45891172e-08 1
LGIC_C 347 0.44160528 -0.214895348 0.0250140119 -4.90669481e-08 3.27855328e-08 1
LGIC_C 348 -0.12495486 -0.618606253 0.0250140152 9.8680833e-09 4.96100963e-08 1
LGIC_C 349 -0.169310094 -0.549291561 0.0250140056 -2.90231482e-08 4.96101036e-08 1
LGIC_C 350 -0.25207488 0.390227481 0.0250140038 2.45891128e-08 -3.68002333e-08 1
LGIC_C 351 -0.114601412 0.0590096568 0.02501399 3.37890593e-08 -4.80634052e-08 1
LGIC_C 352 -0.170967004 -0.363532412 0.0250140011 3.95603082e-08 3.05989652e-08 1
LGIC_C 353 -0.341653736 0.157477465 0.0250140021 4.20574045e-08 -2.81018523e-08 1
LGIC_C 354 0.145793838 0.222841559 0.0250139967 -2.81018716e-08 -4.20573923e-08 1
LGIC_C 355 0.110156277 -0.562519334 0.0250140147 1.00935263e-08 5.7878447e-08 1
LGIC_C 356 0.119567125 0.716806341 0.0250140154 -8.63455884e-09 -4.34088253e-08 1
LGIC_C 357 0.749722571 0.161503862 0.0250140194 -4.96100869e-08 6.3366408e-09 1
LGIC_C 358 0.0381559321 -0.0336483803 0.0250139862 -4.90669481e-08 3.27855328e-08 1
LGIC_C 359 -0.209362499 0.193311917 0.0250139992 6.28881943e-09 -7.55636452e-08 1
LGIC_C 360 -0.468679365 0.41206388 0.0250140106 3.68002297e-08 -2.45891157e-08 1
LGIC_C 361 0.578014243 -0.164824486 0.0250140135 -4.96100859e-08 9.86807898e-09 1
LGIC_C 362 -0.416452632 -0.126425606 0.0250140003 -4.96100919e-08 2.90231703e-08 -1
LGIC_C 363 -0.398857058 0.402419497 0.0250140079 1.31306824e-08 -4.82586643e-08 1
LGIC_C 364 0.126296885 0.146742804 0.0250139946 -3.27855134e-08 -4.90669575e-08 1
LGIC_C 365 0.615019273 -0.306273182 0.0250140177 -4.20573976e-08 2.81018683e-08 1
LGIC_C 366 -0.280977575 -0.695898184 0.0250140204 2.48392553e-08 4.34088306e-08 1
LGIC_C 367 0.390431235 -0.163763671 0.0250140017 -3.05989503e-08 3.95603122e-08 1
LGIC_C 368 -0.112916152 -0.269661284 0.025013996 3.95603082e-08 3.05989652e-08 1
LGIC_C 369 -0.0775238974 -0.596021607 0.0250140105 -2.90231482e-08 4.96101036e-08 1
LGIC_C 370 -0.381720534 -0.553940941 0.025014013 2.45891453e-08 3.68002268e-08 1
LGIC_C 371 0.1925706 0.103704001 0.0250139929 -3.68002282e-08 -2.45891172e-08 1
LGIC_C 372 -0.088537454 0.456583439 0.0250140039 8.63455111e-09 -4.34088279e-08 1
LGIC_C 373 -0.552521799 0.546914107 0.0250140171 3.68002297e-08 -2.45891157e-08 1
LGIC_C 374 0.0858143008 -0.226206026 0.0250139939 6.33663526e-09 4.9610097e-08 1
LGIC_C 375 0.181925998 -0.606125311 0.0250140165 1.00935263e-08 5.7878447e-08 1
LGIC_C 376 0.41294294 0.382987542 0.0250140114 -4.20574004e-08 -2.81018564e-08 1
LGIC_C 377 0.312520151 0.140446907 0.0250139982 -3.68002282e-08 -2.45891172e-08 1
LGIC_C 378 -0.64760245 0.076213643 0.0250140132 4.96100851e-08 2.90231542e-08 1
LGIC_C 379 -0.0050334417 -0.519862476 0.0250140091 9.8680833e-09 4.96100963e-08 1
LGIC_C 380 0.0853185021 0.594348101 0.0250140136 -9.86806672e-09 -4.96100854e-08 1
LGIC_C 381 0.0155104982 0.631193043 0.0250140147 -9.86806672e-09 -4.96100854e-08 1
LGIC_C 382 0.592441576 -0.276379926 0.0250140165 -3.37890406e-08 4.80634332e-08 1
LGIC_C 383 0.323054178 -0.505583799 0.0250140186 -3.27854948e-08 4.90669785e-08 1
LGIC_C 384 -0.483498929 -0.376611445 0.0250140147 6.28883752e-09 7.55636663e-08 1
LGIC_C 385 0.617934272 0.0433408488 0.0250140195 -5.78784335e-08 -1.15127284e-08 1
LGIC_C 386 0.531689906 -0.471537157 0.0250140144 -3.68002179e-08 2.45891393e-08 1
LGIC_C 387 0.536505831 -0.247318406 0.0250140132 -3.37890406e-08 4.80634332e-08 1
LGIC_C 388 -0.00699592204 0.480368235 0.0250140072 9.86805557e-09 -4.96100883e-08 1
LGIC_C 389 0.3459641 -0.354422804 0.025014012 -3.27854948e-08 4.90669785e-08 1
LGIC_C 390 0.534352709 0.0264799273 0.0250140096 -4.96100869e-08 6.3366408e-09 1
LGIC_C 391 -0.203337027 0.114343502 0.0250139956 3.37890593e-08 -4.80634052e-08 1
LGIC_C 392 -0.211378823 -0.579783979 0.0250140059 -2.90231482e-08 4.96101036e-08 1
LGIC_C 393 -0.00263481924 -0.290574816 0.0250139959 8.63456455e-09 4.34088336e-08 1
LGIC_C 394 0.396189284 0.625388193 0.025014016 -2.45891309e-08 -3.68002211e-08 1
LGIC_C 395 0.325188898 0.483728052 0.0250140109 1.3130701e-08 4.82586573e-08 -1
LGIC_C 396 0.282704975 0.400300807 0.0250140063 1.3130701e-08 4.82586573e-08 -1
LGIC_C 397 -0.64932701 0.216890009 0.0250140133 4.34088259e-08 -8.63455061e-09 1
LGIC_C 398 -0.564880698 0.235677154 0.0250140137 3.37890593e-08 -4.80634052e-08 1
LGIC_C 399 0.595652063 -0.142894261 0.0250140173 -4.96100802e-08 3.14742968e-08 1
