VGCC_O 3 0.0772568984 -0.00428239309 0.046693036 -1.41802159e-06 2.82063681e-07 -1
CaBS 10 0.116806467 -0.00639189364 0.0716817988 0.735818353 0.677177225 -0.00153536905
CaBS 11 0.0937267583 -0.0228086358 0.0578842497 -0.333750671 -0.131704002 -0.933415527
CaBS 13 0.0976999839 -0.00767399214 0.0608622327 -0.346545998 0.867982935 -0.355684546
CaBS 14 0.0975298044 -0.00419774572 0.0695111819 -0.346545998 0.867982935 -0.355684546
CaBS 15 0.116881953 -0.0255440593 0.0593322143 0.748611785 -0.322508546 -0.579282861
CaBS 16 0.103669942 -0.0308096652 0.0799975548 -0.321328743 -0.750213836 0.577864204
CaBS 17 0.122441899 -0.0125030174 0.0795961796 0.999896301 0.01419805 -0.0024089266
CaBS 18 0.0934927576 -0.0280190811 0.062567692 -0.735818491 -0.677177075 0.00153536998
CaBS 19 0.11411269 -0.0330957457 0.0672418974 0.344822999 -0.867728964 -0.357971429
CaBS 20 0.102441927 -0.0335163087 0.0636705351 -0.324116536 -0.749802846 -0.576839807
CaBS 21 0.0919839679 -0.00891920866 0.0667583674 -0.751399618 0.322919164 -0.575431861
CaBS 22 0.100523853 -0.00313686743 0.0703263724 -0.344822968 0.867728907 0.357971598
CaBS 23 0.109998263 -0.0347762472 0.0721077881 0.34654604 -0.867983022 0.355684293
CaBS 24 0.119145558 -0.0089483816 0.0651363097 0.735818353 0.677177225 -0.00153536905
CaBS 25 -0.109523095 -0.0014456412 0.0620831031 -0.324116588 -0.749802884 -0.576839729
CaBS 29 -0.0979618601 0.0151020919 0.0842738215 0.333750517 0.131703937 0.933415591
CaBS 38 -0.092155926 0.0207706547 0.0608898909 0.3213287 0.750213891 -0.577864158
CaBS_Ca 56 0.114199787 -0.0254259485 0.0837239336 0.751399702 -0.322919474 0.575431578
CaBS_Ca 57 -0.0988467288 0.0129074756 0.0545762982 0.329239713 0.132369034 -0.93492227
CaBS_Ca 60 -0.101620579 0.028131412 0.0743009584 0.324116492 0.749802901 0.576839761
Ca 6 0.348692101 -0.69216261 0.367350991 0 0 0
Ca 7 0.0683451572 0.319887406 0.519431166 0 0 0
Ca 7 0.399264641 0.0391321074 0.361685625 0 0 0
Ca 8 0.313164076 0.188279199 0.176456934 0 0 0
Ca 8 -0.0555854987 -0.494542381 0.685876578 0 0 0
Ca 8 0.0770834563 0.048289232 0.576261488 0 0 0
Ca 1 -0.135777465 -0.273682611 0.420975282 0 0 0
Ca 8 0.0499639197 -0.129206849 0.703879917 0 0 0
Ca 6 0.419782454 0.097280434 0.191029746 0 0 0
Ca 1 0.669492163 0.181908951 0.26938027 0 0 0
Ca 1 -0.155199861 0.13107883 0.326983918 0 0 0
Ca 4 -0.32671166 -0.0782888712 0.242222761 0 0 0
Ca 6 -0.101774528 -0.491622884 0.365784269 0 0 0
Ca 3 0.243659418 0.209924034 0.501340594 0 0 0
Ca 7 -0.319354349 -0.169063504 0.331076979 0 0 0
Ca 6 -0.182193827 -0.624060567 0.560838523 0 0 0
Ca 6 0.263639199 -0.161577376 0.263520793 0 0 0
Ca 6 0.266149931 -0.0422689111 0.341548573 0 0 0
Ca 7 -0.580979223 -0.455888789 0.212804311 0 0 0
Ca 4 -0.253729265 0.1876533 0.7009939 0 0 0
Ca 7 0.570603048 0.128480872 0.572972275 0 0 0
Ca 1 -0.400800897 0.672003525 0.339926834 0 0 0
Ca 6 -0.0628956369 -0.00541500032 0.182416252 0 0 0
Ca 1 -0.0875764192 0.0445926248 0.952240109 0 0 0
Ca 6 0.765910689 0.0773110645 0.523237789 0 0 0
Ca 4 0.369130874 -0.101323343 0.121151041 0 0 0
Ca 8 -0.713229664 -0.302398323 0.453564229 0 0 0
Ca 1 0.209243762 -0.11917934 0.451846341 0 0 0
Ca 8 -0.565967239 -0.0320894452 0.346789518 0 0 0
Ca 6 -0.0975652648 0.193173781 0.492884165 0 0 0
Ca 8 0.129932289 -0.491959965 0.736796963 0 0 0
Ca 6 0.0675137753 -0.392585444 0.78297942 0 0 0
Ca 7 -0.0539229168 -0.37252428 0.444419702 0 0 0
Ca 7 -0.448137288 0.00484105384 0.46105965 0 0 0
Ca 4 -0.0688821282 0.363194714 0.260110881 0 0 0
Ca 3 0.216416471 -0.416888459 0.336568339 0 0 0
Ca 8 -0.0471583496 0.0423162821 0.413186302 0 0 0
Ca 8 -0.190414903 0.116720558 0.0854609426 0 0 0
Ca 6 0.0164146753 -0.0159096551 0.399751904 0 0 0
Ca 1 -0.374378418 0.00292211385 0.372185393 0 0 0
Ca 8 -0.505435097 -0.031175562 0.154766282 0 0 0
Ca 6 -0.173803619 0.362951931 0.152453919 0 0 0
Ca 1 0.0813043754 0.0757129528 0.315621781 0 0 0
Ca 6 -0.239380638 0.0172724994 0.235042433 0 0 0
Ca 8 -0.290120362 0.160708537 0.258115676 0 0 0
Ca 1 0.368121615 0.371887205 0.0700387303 0 0 0
Ca 6 0.0191886772 0.0121152935 0.385208093 0 0 0
Ca 1 -0.252194719 0.229352245 0.400863746 0 0 0
Ca 4 0.181370712 -0.0954505395 0.136423766 0 0 0
Ca 4 -0.465683102 0.0251847583 0.34003025 0 0 0
Ca 8 0.0513135783 0.246528224 0.447146698 0 0 0
Ca 6 0.228899383 -0.20066654 0.319109873 0 0 0
Ca 8 -0.0669588044 -0.231974691 0.190411034 0 0 0
Ca 1 -0.11649418 0.00618377715 0.304185305 0 0 0
Ca 6 0.187600056 0.600031841 0.175729401 0 0 0
Ca 7 -0.364031141 -0.0341298022 0.192492902 0 0 0
Ca 8 0.121643146 0.1417057 0.29189591 0 0 0
Ca 7 -0.136204754 0.150389631 0.163861093 0 0 0
Ca 4 -0.290567553 0.2370123 0.277032289 0 0 0
Ca 6 -0.533504938 0.0740188808 0.128715247 0 0 0
Ca 1 -0.251687147 0.216125949 0.168286122 0 0 0
Ca 7 -0.279394342 0.10125643 0.395542357 0 0 0
Ca 6 -0.274150172 0.0242869064 0.174255071 0 0 0
Ca 6 -0.180976117 0.198832339 0.0979770108 0 0 0
Ca 6 -0.00602742476 0.223164184 0.223994151 0 0 0
Ca 4 -0.14504398 0.0748320499 0.104976874 0 0 0
Ca 1 -0.074231097 0.0687667194 0.218801905 0 0 0
Ca 6 -0.119461342 0.0567003966 0.183411733 0 0 0
Ca 8 -0.078041573 -0.00432570964 0.10497591 0 0 0
Ca 1 -0.136427541 -0.0706522592 0.0545040017 0 0 0
Ca 4 -0.0540618237 0.0363926517 0.0673424563 0 0 0
Ca 6 -0.153894144 0.0703457433 0.0630416243 0 0 0
VGCC_O 1 -0.126159285 0.0151063295 0.0466933189 -1.62059625e-06 3.22356338e-07 -1
VGCC_O 8 -0.134706799 0.0161271258 0.0466933331 -1.62059677e-06 3.22356891e-07 -1
VGCC_O 7 -0.137449801 0.00579357966 0.0466933342 -1.62059625e-06 3.22356338e-07 -1
VGCC_O 4 -0.108229728 0.00324736392 0.0466932869 -8.10297798e-07 1.61178104e-07 -1
VGCC_O 9 0.0953603447 -0.018533153 0.0466930096 -1.14792244e-06 -1.24564753e-07 -1
VGCC_O 6 -0.12622171 0.0241576588 0.046693322 -1.62059677e-06 3.22356891e-07 -1
VGCC_O 2 0.119933892 -0.04777957 0.0466929781 -1.41802115e-06 2.82063236e-07 -1
VGCC_O 5 0.113746944 -0.0200409323 0.0466929896 -1.01287282e-06 -1.51427976e-07 -1
VGCC_O 0 0.11238887 -0.0311459409 0.0466929927 -1.01287282e-06 -1.51427976e-07 -1
TAG 41 -0.105784995 0.0105052503 0.0536665039 -0.333750681 -0.131703993 -0.933415524
TAG 62 -0.0995730683 0.0302300905 0.0690462359 0.3213287 0.750213891 -0.577864158
TAG 59 -0.100018848 -0.00188752594 0.0603333581 0.344822933 -0.867729023 -0.35797135
TAG 55 -0.119337383 0.0151637023 0.0699872324 -0.999896295 -0.0141984574 0.00240892698
TAG 54 -0.104785227 0.0261860029 0.076486355 -0.344822968 0.867728888 0.357971643
TAG 53 -0.089146311 -0.000197085518 0.0670554248 0.74861179 -0.322508554 -0.579282851
TAG 52 -0.119278263 0.0119799944 0.0757618237 -0.999896295 -0.0141984574 0.00240892698
TAG 51 -0.102448777 0.00747370566 0.0865367572 -0.329239868 -0.132369105 0.934922205
TAG 45 -0.113699624 0.0170707545 0.0588716642 -0.751399624 0.322919173 -0.575431849
TAG 44 -0.11923843 0.00668793202 0.0611035411 -0.999896295 -0.0141984574 0.00240892698
LGIC_C 0 0.528700365 0.227418267 0.0250140119 -4.20574004e-08 -2.81018564e-08 1
LGIC_C 1 -0.352216145 0.0379316969 0.0250139989 4.34088259e-08 -8.63455061e-09 1
LGIC_C 2 -0.548785376 0.0777166922 0.0250140113 4.96100897e-08 -9.86805572e-09 1
LGIC_C 3 0.244733306 -0.651894238 0.025014018 -9.86804037e-09 4.96101e-08 1
LGIC_C 4 -0.406954133 -0.223433845 0.0250140027 6.28883752e-09 7.55636663e-08 1
LGIC_C 5 0.0597550974 -0.522036847 0.0250140128 1.00935263e-08 5.7878447e-08 1
LGIC_C 6 -0.310576192 0.4696652 0.0250140142 1.28239438e-08 -5.73353116e-08 1
LGIC_C 7 -0.681714942 0.437582742 0.0250140191 3.68002297e-08 -2.45891157e-08 1
LGIC_C 8 -0.205355443 0.280699789 0.0250139986 2.45891128e-08 -3.68002333e-08 1
LGIC_C 9 -0.437507467 -0.278953589 0.0250140071 6.28883752e-09 7.55636663e-08 1
LGIC_C 10 -0.430546162 -0.60947768 0.0250140189 3.95603082e-08 3.05989652e-08 1
LGIC_C 11 0.146051353 0.561395029 0.0250140102 -6.33660387e-09 4.96100877e-08 -1
LGIC_C 12 0.367792261 0.158279934 0.0250140065 -4.90669739e-08 -3.27854893e-08 1
LGIC_C 13 0.726907658 -0.10301023 0.0250140203 -4.96100859e-08 9.86807898e-09 1
LGIC_C 14 0.650240688 0.258225714 0.0250140139 -4.96100869e-08 6.3366408e-09 1
LGIC_C 15 -0.440059358 -0.319505445 0.0250140063 5.39043203e-09 6.47688584e-08 1
LGIC_C 16 0.637048569 -0.160514986 0.0250140164 -4.96100859e-08 9.86807898e-09 1
LGIC_C 17 -0.538058245 0.325599342 0.0250140135 -4.82586679e-08 1.31306769e-08 -1
LGIC_C 18 0.302461 -0.450950544 0.0250140107 -2.81018481e-08 4.20574137e-08 1
LGIC_C 19 -0.3124974 0.271592225 0.0250140069 3.37890593e-08 -4.80634052e-08 1
LGIC_C 20 0.120685005 -0.423767537 0.0250140091 -1.15127059e-08 5.78784511e-08 1
LGIC_C 21 -0.0323762769 -0.176439231 0.025013991 -2.90231482e-08 4.96101036e-08 1
LGIC_C 22 0.162533399 0.628081552 0.025014016 -9.86806672e-09 -4.96100854e-08 1
LGIC_C 23 -0.432556128 0.4109058 0.0250140093 3.68002297e-08 -2.45891157e-08 1
LGIC_C 24 0.127527765 0.45644979 0.0250140072 -9.86806672e-09 -4.96100854e-08 1
LGIC_C 25 0.376479871 -0.000557829332 0.0250139996 -4.34088226e-08 8.63456802e-09 1
LGIC_C 26 -0.0381721229 0.255006114 0.0250139985 1.15127271e-08 -5.78784352e-08 1
LGIC_C 27 -0.273050908 0.53278596 0.0250140184 3.27854968e-08 -4.90669676e-08 1
LGIC_C 28 0.687136772 0.0892029843 0.0250140138 -4.34088272e-08 -8.63453573e-09 1
LGIC_C 29 -0.607272104 -0.127356406 0.0250140122 5.7878436e-08 -4.89847332e-08 1
LGIC_C 30 0.64232192 0.124658154 0.0250140143 -4.96100869e-08 6.3366408e-09 1
LGIC_C 31 -0.387739338 -0.422395423 0.0250140115 3.95603082e-08 3.05989652e-08 1
LGIC_C 32 0.0779263997 0.0826990814 0.0250139889 -2.81018716e-08 -4.20573923e-08 1
LGIC_C 33 -0.0079228799 0.621123169 0.0250140103 8.63455111e-09 -4.34088279e-08 1
LGIC_C 34 0.240201981 -0.494837357 0.0250140154 -3.27854948e-08 4.90669785e-08 1
LGIC_C 35 -0.163820195 -0.531496406 0.0250140048 -2.90231482e-08 4.96101036e-08 1
LGIC_C 36 0.536935137 -0.601049041 0.0250140186 -2.45891087e-08 3.68002429e-08 1
LGIC_C 37 0.112282076 0.76942387 0.0250140176 -8.63455884e-09 -4.34088253e-08 1
LGIC_C 38 0.733379009 -0.305088305 0.0250140177 -3.05989503e-08 3.95603122e-08 1
LGIC_C 39 0.704887947 0.330482892 0.0250140173 -3.68002282e-08 -2.45891172e-08 1
LGIC_C 40 -0.679775171 0.0521380837 0.0250140141 4.34088279e-08 -2.48392273e-08 1
LGIC_C 41 -0.499887751 0.612334913 0.0250140181 2.45891128e-08 -3.68002333e-08 1
LGIC_C 42 -0.257651796 -0.674948805 0.0250140148 8.63456455e-09 4.34088336e-08 1
LGIC_C 43 -0.580244804 -0.51600483 0.0250140157 1.15916899e-08 4.97976879e-08 1
LGIC_C 44 0.348639263 0.554855071 0.0250140146 1.3130701e-08 4.82586573e-08 -1
LGIC_C 45 -0.0109385985 -0.240563842 0.025013994 2.48392553e-08 4.34088306e-08 1
LGIC_C 46 -0.192300297 -0.192735842 0.0250139968 5.39043203e-09 6.47688584e-08 1
LGIC_C 47 0.497333171 -0.201305181 0.0250140143 -5.78784275e-08 1.15127558e-08 1
LGIC_C 48 -0.0601424362 -0.382892957 0.0250140004 8.63456455e-09 4.34088336e-08 1
LGIC_C 49 -0.494149763 -0.165329006 0.0250140061 4.34088238e-08 8.63459484e-09 1
LGIC_C 50 0.231108916 -0.327960492 0.0250140069 -3.27854948e-08 4.90669785e-08 1
LGIC_C 51 -0.566698819 -0.00906343197 0.0250140076 -4.34088282e-08 2.70157287e-08 -1
LGIC_C 52 0.664939661 -0.179715059 0.0250140166 -4.34088182e-08 2.48392526e-08 1
LGIC_C 53 0.324862705 -0.0877845252 0.0250139995 -4.34088182e-08 2.48392526e-08 1
LGIC_C 54 -0.0310202306 -0.227221307 0.0250139948 -4.89847109e-08 5.78784581e-08 1
LGIC_C 55 0.417455239 0.488311873 0.0250140115 -2.45891309e-08 -3.68002211e-08 1
LGIC_C 56 -0.113621446 -0.218669933 0.0250139928 -5.56021111e-08 -1.45571543e-08 -1
LGIC_C 57 -0.057252737 0.422241976 0.025014006 -3.14742797e-08 4.96100914e-08 -1
LGIC_C 58 0.439771492 -0.0849285249 0.0250140044 -4.34088182e-08 2.48392526e-08 1
LGIC_C 59 -0.42337718 -0.195219159 0.0250140003 1.45571809e-08 5.5602105e-08 1
LGIC_C 60 0.10532442 0.536479527 0.0250140132 -3.14742949e-08 -4.96100822e-08 1
LGIC_C 61 -0.384432968 0.351454735 0.0250140093 4.20574045e-08 -2.81018523e-08 1
LGIC_C 62 -0.0295839279 0.413124361 0.0250140047 -3.14742797e-08 4.96100914e-08 -1
LGIC_C 63 0.195364533 -0.0530130326 0.0250139934 -4.96100859e-08 9.86807898e-09 1
LGIC_C 64 -0.23873496 0.0106827937 0.0250139965 5.7878425e-08 4.89846948e-08 1
LGIC_C 65 0.0129593219 0.323379947 0.0250139994 -9.86806672e-09 -4.96100854e-08 1
LGIC_C 66 -0.268636135 -0.33560257 0.0250140022 2.45891453e-08 3.68002268e-08 1
LGIC_C 67 -0.464368979 0.433996871 0.025014019 6.28881943e-09 -7.55636452e-08 1
LGIC_C 68 -0.651397087 -0.113680241 0.0250140085 -4.34088282e-08 2.70157287e-08 -1
LGIC_C 69 -0.707444697 -0.379008178 0.0250140186 3.68002489e-08 2.45891179e-08 1
LGIC_C 70 -0.00533531251 0.378341135 0.0250139997 8.63455111e-09 -4.34088279e-08 1
LGIC_C 71 0.548918873 0.115110733 0.0250140163 -5.78784335e-08 -1.15127284e-08 1
LGIC_C 72 0.144564736 0.371589158 0.0250140006 -8.63455884e-09 -4.34088253e-08 1
LGIC_C 73 -0.0118660623 0.00556395301 0.0250139838 3.68002297e-08 -2.45891157e-08 1
LGIC_C 74 0.516161607 0.501981233 0.0250140147 -4.82586616e-08 -1.31306776e-08 1
LGIC_C 75 0.504667406 -0.586798388 0.0250140172 -2.45891087e-08 3.68002429e-08 1
LGIC_C 76 -0.683880396 0.0744693588 0.025014015 4.96100851e-08 2.90231542e-08 1
LGIC_C 77 0.324637087 -0.216263797 0.0250140017 -3.05989503e-08 3.95603122e-08 1
LGIC_C 78 0.245075256 0.3903134 0.0250140104 -3.27855134e-08 -4.90669575e-08 1
LGIC_C 79 -0.589488325 -0.267745068 0.0250140034 1.15916899e-08 4.97976879e-08 1
LGIC_C 80 0.699300897 -0.048769506 0.025014014 -4.34088226e-08 8.63456802e-09 1
LGIC_C 81 0.062581098 0.686585198 0.0250140169 -6.33660387e-09 4.96100877e-08 -1
LGIC_C 82 0.514516262 -0.317521061 0.0250140115 -3.05989503e-08 3.95603122e-08 1
LGIC_C 83 -0.363763333 0.261048852 0.0250140043 -4.82586679e-08 1.31306769e-08 -1
LGIC_C 84 0.218030313 0.521568271 0.0250140113 1.3130701e-08 4.82586573e-08 -1
LGIC_C 85 -0.0781194144 0.143084799 0.0250139925 1.28239438e-08 -5.73353116e-08 1
LGIC_C 86 0.558912051 -0.337102691 0.0250140183 -3.37890406e-08 4.80634332e-08 1
LGIC_C 87 -0.311907854 -0.235398695 0.0250140009 1.45571809e-08 5.5602105e-08 1
LGIC_C 88 -0.605148159 -0.509999347 0.0250140156 1.15916899e-08 4.97976879e-08 1
LGIC_C 89 0.245734787 -0.499247575 0.0250140105 -1.31306721e-08 4.82586744e-08 1
LGIC_C 90 -0.351789955 -0.332267632 0.0250140068 1.45571809e-08 5.5602105e-08 1
LGIC_C 91 0.144217992 0.803519976 0.0250140194 -8.63455884e-09 -4.34088253e-08 1
LGIC_C 92 0.22765505 -0.708269455 0.0250140169 6.33663526e-09 4.9610097e-08 1
LGIC_C 93 -0.0870852045 0.562103923 0.0250140106 -6.33661298e-09 -4.96100859e-08 1
LGIC_C 94 0.157937553 -0.0375168778 0.0250139922 -4.96100802e-08 3.14742968e-08 1
LGIC_C 95 -0.318547856 -0.409963373 0.0250140069 -5.56021111e-08 -1.45571543e-08 -1
LGIC_C 96 0.328034851 -0.0185976153 0.0250139997 -4.96100859e-08 9.86807898e-09 1
LGIC_C 97 -0.404888353 0.038853146 0.0250140022 4.96100851e-08 2.90231542e-08 1
LGIC_C 98 -0.336541074 -0.571449062 0.0250140141 3.95603082e-08 3.05989652e-08 1
LGIC_C 99 0.234746703 -0.0703751353 0.0250139971 -4.96100802e-08 3.14742968e-08 1
LGIC_C 100 -0.333267392 -0.499566376 0.0250140098 2.45891453e-08 3.68002268e-08 1
LGIC_C 101 -0.395567497 0.00955302006 0.025014003 4.96100897e-08 -9.86805572e-09 1
LGIC_C 102 -0.336262245 0.435632184 0.0250140126 1.28239438e-08 -5.73353116e-08 1
LGIC_C 103 -0.459731478 -0.0332541687 0.0250140035 4.34088238e-08 8.63459484e-09 1
LGIC_C 104 0.575723832 -0.2428896 0.0250140194 -4.90669481e-08 3.27855328e-08 1
LGIC_C 105 -0.304437493 0.0969665936 0.0250139989 4.34088279e-08 -2.48392273e-08 1
LGIC_C 106 -0.31620793 0.793551791 0.0250140204 8.63455111e-09 -4.34088279e-08 1
LGIC_C 107 -0.733152022 -0.255968306 0.0250140173 4.34088238e-08 8.63459484e-09 1
LGIC_C 108 -0.0412975165 -0.495278171 0.0250140058 2.48392553e-08 4.34088306e-08 1
LGIC_C 109 0.194689844 0.0928714758 0.0250139939 -4.82586616e-08 -1.31306776e-08 1
LGIC_C 110 -0.178260062 -0.71048522 0.0250140156 8.63456455e-09 4.34088336e-08 1
LGIC_C 111 -0.513262896 -0.14295178 0.0250140046 -4.96100919e-08 2.90231703e-08 -1
LGIC_C 112 0.724387509 -0.00888343717 0.0250140194 -4.96100802e-08 3.14742968e-08 1
LGIC_C 113 -0.0226432333 -0.715058886 0.0250140148 2.48392553e-08 4.34088306e-08 1
LGIC_C 114 -0.366545809 0.39562012 0.0250140107 1.28239438e-08 -5.73353116e-08 1
LGIC_C 115 0.525033044 -0.363584121 0.0250140137 -3.05989503e-08 3.95603122e-08 1
LGIC_C 116 0.178548486 -0.441297736 0.025014007 1.00935263e-08 5.7878447e-08 1
LGIC_C 117 -0.19747989 -0.0199427995 0.0250139925 -4.96100919e-08 2.90231703e-08 -1
LGIC_C 118 -0.328161373 -0.328963429 0.0250140063 3.95603082e-08 3.05989652e-08 1
LGIC_C 119 0.099989515 0.405426506 0.0250140044 -9.86806672e-09 -4.96100854e-08 1
LGIC_C 120 0.0211838432 0.466934581 0.0250140066 -9.86806672e-09 -4.96100854e-08 1
LGIC_C 121 -0.446708989 -0.403408129 0.0250140085 1.15916899e-08 4.97976879e-08 1
LGIC_C 122 0.615060552 -0.353120428 0.0250140145 -3.68002179e-08 2.45891393e-08 1
LGIC_C 123 0.360779253 -0.28057587 0.0250140101 -4.90669481e-08 3.27855328e-08 1
LGIC_C 124 0.502542903 -0.426065915 0.0250140122 -3.68002179e-08 2.45891393e-08 1
LGIC_C 125 0.121863444 -0.174974989 0.0250139933 -1.31306721e-08 4.82586744e-08 1
LGIC_C 126 0.631134059 -0.340595155 0.025014016 -3.05989503e-08 3.95603122e-08 1
LGIC_C 127 0.237491085 -0.303926238 0.025014001 -1.31306721e-08 4.82586744e-08 1
LGIC_C 128 0.234483227 -0.360304065 0.0250140023 -2.45891087e-08 3.68002429e-08 1
LGIC_C 129 0.464167621 -0.0883920796 0.0250140041 -4.34088226e-08 8.63456802e-09 1
LGIC_C 130 -0.618744978 0.206023807 0.0250140119 4.34088259e-08 -8.63455061e-09 1
LGIC_C 131 0.418534801 0.246919924 0.0250140067 -4.82586616e-08 -1.31306776e-08 1
LGIC_C 132 -0.234324309 0.0855910656 0.0250139926 5.7878425e-08 4.89846948e-08 1
LGIC_C 133 -0.611826167 -0.0317252095 0.0250140101 4.34088238e-08 8.63459484e-09 1
LGIC_C 134 0.291608816 -0.663138477 0.0250140148 -2.45891087e-08 3.68002429e-08 1
LGIC_C 135 -0.302544313 -0.258458003 0.0250140047 6.28883752e-09 7.55636663e-08 1
LGIC_C 136 0.414809166 -0.272856844 0.0250140052 -3.68002179e-08 2.45891393e-08 1
LGIC_C 137 0.366985507 -0.299909852 0.0250140063 -3.05989503e-08 3.95603122e-08 1
LGIC_C 138 -0.706238709 -0.201811884 0.0250140098 4.96100935e-08 -4.19869172e-08 1
LGIC_C 139 0.140613239 -0.00635607374 0.0250139904 -4.96100802e-08 3.14742968e-08 1
LGIC_C 140 0.445854595 0.579227232 0.0250140155 -2.45891309e-08 -3.68002211e-08 1
LGIC_C 141 0.489599339 0.0993181011 0.0250140053 -4.34088272e-08 -8.63453573e-09 1
LGIC_C 142 -0.462661729 -0.551201521 0.0250140184 3.95603082e-08 3.05989652e-08 1
LGIC_C 143 -0.0689933384 -0.164089875 0.0250139921 2.81018674e-08 4.20574117e-08 1
LGIC_C 144 -0.441204588 -0.445339114 0.0250140143 -5.56021111e-08 -1.45571543e-08 -1
LGIC_C 145 0.217960963 0.000234271675 0.025013994 -4.96100869e-08 6.3366408e-09 1
LGIC_C 146 0.00637494869 0.581754251 0.0250140122 -9.86806672e-09 -4.96100854e-08 1
LGIC_C 147 -0.312100291 -0.328760291 0.025014003 2.45891453e-08 3.68002268e-08 1
LGIC_C 148 0.454350294 -0.0888541273 0.0250140105 -5.78784275e-08 1.15127558e-08 1
LGIC_C 149 0.55901034 0.5023012 0.0250140162 -3.68002282e-08 -2.45891172e-08 1
LGIC_C 150 0.414195328 0.167595154 0.0250140027 -4.96100869e-08 6.3366408e-09 1
LGIC_C 151 -0.125711182 -0.71607626 0.0250140154 8.63456455e-09 4.34088336e-08 1
LGIC_C 152 0.245939477 0.589940673 0.025014015 -2.81018716e-08 -4.20573923e-08 1
LGIC_C 153 0.155564677 -0.191978907 0.0250139962 -1.28239349e-08 5.73353226e-08 1
LGIC_C 154 0.17918147 0.522881116 0.025014011 -9.86806672e-09 -4.96100854e-08 1
LGIC_C 155 -0.600930353 0.102692269 0.0250140102 4.34088259e-08 -8.63455061e-09 1
LGIC_C 156 -0.26267868 0.0162045125 0.0250139948 4.34088259e-08 -8.63455061e-09 1
LGIC_C 157 -0.389854688 0.278577039 0.0250140068 6.28881943e-09 -7.55636452e-08 1
LGIC_C 158 0.364275076 0.150589991 0.0250140028 3.37890593e-08 4.80634111e-08 -1
LGIC_C 159 0.779496709 0.171222276 0.0250140186 -4.34088272e-08 -8.63453573e-09 1
LGIC_C 160 -0.259890234 -0.0468808044 0.0250139933 -4.34088282e-08 2.70157287e-08 -1
LGIC_C 161 -0.437476712 0.100676055 0.025014006 4.96100897e-08 -9.86805572e-09 1
LGIC_C 162 0.455597202 -0.0157980301 0.0250140098 -5.78784275e-08 1.15127558e-08 1
LGIC_C 163 0.365436287 -0.24660532 0.0250140055 -4.20573976e-08 2.81018683e-08 1
LGIC_C 164 0.223925149 -0.59799409 0.0250140115 6.33663526e-09 4.9610097e-08 1
LGIC_C 165 -0.32619122 0.0302241899 0.0250139986 4.96100851e-08 2.90231542e-08 1
LGIC_C 166 -0.161243856 -0.674113343 0.0250140165 2.48392553e-08 4.34088306e-08 1
LGIC_C 167 -0.551934531 0.547385842 0.0250140171 -4.82586679e-08 1.31306769e-08 -1
LGIC_C 168 -0.565821458 -0.249615658 0.0250140024 5.39043203e-09 6.47688584e-08 1
LGIC_C 169 0.662017572 -0.467238425 0.0250140191 -3.68002179e-08 2.45891393e-08 1
LGIC_C 170 0.53794262 -0.33689366 0.0250140176 -3.37890406e-08 4.80634332e-08 1
LGIC_C 171 -0.189961612 0.309847665 0.0250140035 1.28239438e-08 -5.73353116e-08 1
LGIC_C 172 0.365379144 0.157393545 0.0250140032 3.37890593e-08 4.80634111e-08 -1
LGIC_C 173 0.696848549 0.301722142 0.0250140163 -3.68002282e-08 -2.45891172e-08 1
LGIC_C 174 -0.0775613272 -0.530378697 0.0250140082 2.48392553e-08 4.34088306e-08 1
LGIC_C 175 0.422338081 -0.287784174 0.0250140113 -3.37890406e-08 4.80634332e-08 1
LGIC_C 176 -0.598134148 -0.583685536 0.0250140192 1.15916899e-08 4.97976879e-08 1
LGIC_C 177 0.313498159 0.324840158 0.0250140057 -2.81018716e-08 -4.20573923e-08 1
LGIC_C 178 0.0448184688 -0.622846517 0.0250140139 6.33663526e-09 4.9610097e-08 1
LGIC_C 179 -0.245793335 -0.178946776 0.0250139983 6.28883752e-09 7.55636663e-08 1
LGIC_C 180 -0.143178467 0.255141252 0.025013998 2.8101852e-08 -4.20574041e-08 1
LGIC_C 181 -0.626478205 -0.316404358 0.0250140071 5.39043203e-09 6.47688584e-08 1
LGIC_C 182 0.0799389429 -0.169268914 0.0250139926 -2.81018481e-08 4.20574137e-08 1
LGIC_C 183 0.668277595 0.324854404 0.0250140198 -4.82586616e-08 -1.31306776e-08 1
LGIC_C 184 0.71822051 -0.043361813 0.0250140155 -4.34088182e-08 2.48392526e-08 1
LGIC_C 185 0.406555866 -0.133601093 0.0250140042 -4.34088182e-08 2.48392526e-08 1
LGIC_C 186 -0.621621118 -0.314998201 0.025014007 5.39043203e-09 6.47688584e-08 1
LGIC_C 187 0.144802602 0.0835685371 0.0250139931 -4.90669739e-08 -3.27854893e-08 1
LGIC_C 188 -0.747149779 0.0917429352 0.0250140165 4.34088259e-08 -8.63455061e-09 1
LGIC_C 189 -0.52929132 0.289687503 0.0250140137 4.20574045e-08 -2.81018523e-08 1
LGIC_C 190 0.336372758 -0.758203138 0.0250140194 -2.45891087e-08 3.68002429e-08 1
LGIC_C 191 -0.40804244 -0.228100436 0.0250140002 5.39043203e-09 6.47688584e-08 1
LGIC_C 192 -0.288146045 0.0976611909 0.0250139966 4.34088259e-08 -8.63455061e-09 1
LGIC_C 193 0.299660762 0.0706478025 0.0250139988 -4.96100911e-08 -9.86803575e-09 1
LGIC_C 194 -0.663678986 0.383695272 0.0250140171 3.68002297e-08 -2.45891157e-08 1
LGIC_C 195 0.378702271 0.391965157 0.0250140104 -2.81018716e-08 -4.20573923e-08 1
LGIC_C 196 0.730110026 0.373767192 0.0250140193 -3.68002282e-08 -2.45891172e-08 1
LGIC_C 197 -0.258018375 -0.511397724 0.0250140084 2.45891453e-08 3.68002268e-08 1
LGIC_C 198 0.512013163 0.0339138238 0.0250140058 -4.34088272e-08 -8.63453573e-09 1
LGIC_C 199 0.604761555 0.243076084 0.0250140117 -4.96100869e-08 6.3366408e-09 1
LGIC_C 200 0.739979328 -0.299927582 0.0250140179 -4.34088226e-08 8.63456802e-09 1
LGIC_C 201 0.227331384 0.146035528 0.0250139969 -4.20574004e-08 -2.81018564e-08 1
LGIC_C 202 -0.0290357059 -0.299825614 0.025013997 2.48392553e-08 4.34088306e-08 1
LGIC_C 203 -0.177578318 -0.0739153422 0.0250139899 -4.96100919e-08 2.90231703e-08 -1
LGIC_C 204 -0.366392269 0.54639377 0.0250140165 2.8101852e-08 -4.20574041e-08 1
LGIC_C 205 -0.0831024816 0.252177677 0.0250139966 9.86805557e-09 -4.96100883e-08 1
LGIC_C 206 0.631406034 -0.36231365 0.0250140154 -3.68002179e-08 2.45891393e-08 1
LGIC_C 207 -0.153483458 -0.451348501 0.0250140018 -4.89847109e-08 5.78784581e-08 1
LGIC_C 208 -0.506300235 0.358332291 0.0250140124 -4.82586679e-08 1.31306769e-08 -1
LGIC_C 209 0.00222240638 -0.0160481292 0.0250139855 2.76305324e-08 -1.38908298e-07 -1
LGIC_C 210 0.0583621367 0.231547827 0.0250139953 -9.86806672e-09 -4.96100854e-08 1
LGIC_C 211 0.604786491 -0.184822776 0.0250140204 -5.78784275e-08 1.15127558e-08 1
LGIC_C 212 -0.345394179 -0.483442998 0.0250140095 -5.56021111e-08 -1.45571543e-08 -1
LGIC_C 213 0.398810871 -0.439433941 0.0250140129 -2.81018481e-08 4.20574137e-08 1
LGIC_C 214 0.471911479 -0.0860239835 0.0250140045 -4.34088226e-08 8.63456802e-09 1
LGIC_C 215 -0.428390556 -0.0494338043 0.0250140023 4.34088238e-08 8.63459484e-09 1
LGIC_C 216 0.204224117 -0.157725261 0.0250139957 -3.05989503e-08 3.95603122e-08 1
LGIC_C 217 0.488291795 -0.404518757 0.0250140192 -3.37890406e-08 4.80634332e-08 1
LGIC_C 218 -0.244372834 0.374473846 0.0250140045 1.31306824e-08 -4.82586643e-08 1
LGIC_C 219 -0.193303764 -0.454011875 0.0250140048 3.95603082e-08 3.05989652e-08 1
LGIC_C 220 -0.704504807 -0.35001286 0.0250140178 3.68002489e-08 2.45891179e-08 1
LGIC_C 221 0.692135443 -0.450736701 0.0250140198 -3.68002179e-08 2.45891393e-08 1
LGIC_C 222 -0.562587918 -0.173884206 0.0250140061 -4.96100919e-08 2.90231703e-08 -1
LGIC_C 223 0.268510283 0.398949795 0.0250140096 -4.80634192e-08 -3.37890445e-08 1
LGIC_C 224 -0.356538568 0.05515966 0.0250139993 4.96100851e-08 2.90231542e-08 1
LGIC_C 225 0.191881997 -0.630891545 0.0250140123 -8.63454093e-09 4.34088369e-08 1
LGIC_C 226 0.362962798 -0.223079298 0.0250140021 -3.68002179e-08 2.45891393e-08 1
LGIC_C 227 -0.179566403 0.484952973 0.0250140059 8.63455111e-09 -4.34088279e-08 1
LGIC_C 228 0.263167374 -0.32614638 0.0250140024 -1.31306721e-08 4.82586744e-08 1
LGIC_C 229 -0.528251034 -0.0737252052 0.0250140068 4.34088238e-08 8.63459484e-09 1
LGIC_C 230 -0.670987228 -0.206153688 0.0250140068 -4.34088282e-08 2.70157287e-08 -1
LGIC_C 231 0.533310452 0.271294778 0.0250140143 3.37890593e-08 4.80634111e-08 -1
LGIC_C 232 -0.256547933 0.761333142 0.0250140185 8.63455111e-09 -4.34088279e-08 1
LGIC_C 233 0.328575081 0.255306398 0.0250140024 -4.82586616e-08 -1.31306776e-08 1
LGIC_C 234 -0.0923624854 -0.444758556 0.0250140033 8.63456455e-09 4.34088336e-08 1
LGIC_C 235 0.283612186 0.469046672 0.025014011 -2.81018716e-08 -4.20573923e-08 1
LGIC_C 236 0.297811592 -0.022757019 0.0250139967 -4.34088182e-08 2.48392526e-08 1
LGIC_C 237 0.668378234 -0.0359878239 0.0250140175 -4.96100802e-08 3.14742968e-08 1
LGIC_C 238 -0.157204059 0.0169039112 0.0250139915 5.7878425e-08 4.89846948e-08 1
LGIC_C 239 0.517863244 -0.280760725 0.0250140129 -4.20573976e-08 2.81018683e-08 1
LGIC_C 240 0.106846417 -0.155498784 0.0250139935 -1.28239349e-08 5.73353226e-08 1
LGIC_C 241 -0.102710216 0.234632577 0.025013996 2.8101852e-08 -4.20574041e-08 1
LGIC_C 242 0.621986427 -0.322659445 0.0250140197 -3.37890406e-08 4.80634332e-08 1
LGIC_C 243 -0.641217266 0.229202716 0.0250140173 4.96100897e-08 -9.86805572e-09 1
LGIC_C 244 0.560973939 -0.191526737 0.0250140179 -5.78784275e-08 1.15127558e-08 1
LGIC_C 245 -0.489311821 -0.446044539 0.0250140152 1.45571809e-08 5.5602105e-08 1
LGIC_C 246 0.404772578 0.434511746 0.0250140092 -2.45891309e-08 -3.68002211e-08 1
LGIC_C 247 -0.488627742 0.637896147 0.0250140188 2.45891128e-08 -3.68002333e-08 1
LGIC_C 248 0.125993367 -0.103761519 0.0250139904 -3.68002179e-08 2.45891393e-08 1
LGIC_C 249 0.495379779 -0.00189732881 0.0250140079 -4.96100802e-08 3.14742968e-08 1
LGIC_C 250 0.219388368 0.521894817 0.0250140114 -4.80634192e-08 -3.37890445e-08 1
LGIC_C 251 0.0474257792 0.656236751 0.0250140155 -6.33660387e-09 4.96100877e-08 -1
LGIC_C 252 0.121989306 0.577046135 0.0250140157 -3.14742949e-08 -4.96100822e-08 1
LGIC_C 253 0.490622176 0.326873395 0.0250140112 -4.82586616e-08 -1.31306776e-08 1
LGIC_C 254 -0.44935469 0.290799166 0.0250140124 3.37890593e-08 -4.80634052e-08 1
LGIC_C 255 -0.805883546 -0.0784508549 0.0250140161 -4.34088282e-08 2.70157287e-08 -1
LGIC_C 256 -0.30576027 0.529916321 0.0250140103 2.45891128e-08 -3.68002333e-08 1
LGIC_C 257 0.291544542 0.292502073 0.0250140012 1.3130701e-08 4.82586573e-08 -1
LGIC_C 258 -0.262046288 0.561598412 0.0250140104 2.45891128e-08 -3.68002333e-08 1
LGIC_C 259 0.26064895 -0.309405638 0.025014007 -3.27854948e-08 4.90669785e-08 1
LGIC_C 260 -0.00389782232 -0.592663396 0.0250140127 9.8680833e-09 4.96100963e-08 1
LGIC_C 261 0.0858341019 0.612605221 0.0250140106 -8.63455884e-09 -4.34088253e-08 1
LGIC_C 262 -0.338595075 0.336899442 0.025014007 4.20574045e-08 -2.81018523e-08 1
LGIC_C 263 -0.680268692 -0.272920396 0.0250140054 -4.34088282e-08 2.70157287e-08 -1
LGIC_C 264 0.453215549 -0.307080396 0.0250140075 -3.68002179e-08 2.45891393e-08 1
LGIC_C 265 0.217599766 0.0281284918 0.0250139943 -4.96100911e-08 -9.86803575e-09 1
LGIC_C 266 -0.139039988 -0.329152087 0.0250139988 3.95603082e-08 3.05989652e-08 1
LGIC_C 267 -0.269056797 -0.247266718 0.0250140009 1.45571809e-08 5.5602105e-08 1
LGIC_C 268 -0.0801789967 -0.51480517 0.0250140064 -2.90231482e-08 4.96101036e-08 1
LGIC_C 269 -0.062055025 0.670669786 0.0250140161 -6.33661298e-09 -4.96100859e-08 1
LGIC_C 270 -0.0785655177 -0.089643752 0.0250139898 7.55636799e-08 6.2887973e-09 1
LGIC_C 271 -0.477192865 -0.426371238 0.0250140113 3.68002489e-08 2.45891179e-08 1
LGIC_C 272 -0.428369999 0.281463671 0.0250140076 -4.82586679e-08 1.31306769e-08 -1
LGIC_C 273 0.721493998 -0.161894199 0.0250140186 -4.34088182e-08 2.48392526e-08 1
LGIC_C 274 -0.362079605 0.372848443 0.0250140059 2.45891128e-08 -3.68002333e-08 1
LGIC_C 275 0.0408931612 -0.56160804 0.0250140108 6.33663526e-09 4.9610097e-08 1
LGIC_C 276 -0.147527642 -0.499709152 0.0250140037 -2.90231482e-08 4.96101036e-08 1
LGIC_C 277 0.673657584 -0.0830869439 0.0250140193 -4.96100802e-08 3.14742968e-08 1
LGIC_C 278 0.286604555 0.252038992 0.025014 -3.68002282e-08 -2.45891172e-08 1
LGIC_C 279 0.0477022351 -0.114888545 0.0250139886 -8.63454093e-09 4.34088369e-08 1
LGIC_C 280 -0.295606915 -0.147153144 0.0250139957 1.45571809e-08 5.5602105e-08 1
LGIC_C 281 0.340984629 0.581047805 0.0250140193 -4.80634192e-08 -3.37890445e-08 1
LGIC_C 282 -0.255629818 -0.450589676 0.0250140072 3.95603082e-08 3.05989652e-08 1
LGIC_C 283 -0.231287616 -0.493157735 0.0250140039 7.55636799e-08 6.2887973e-09 1
LGIC_C 284 0.208474521 -0.779033932 0.0250140189 -8.63454093e-09 4.34088369e-08 1
LGIC_C 285 -0.265182755 0.501482364 0.0250140166 3.27854968e-08 -4.90669676e-08 1
LGIC_C 286 -0.494986686 0.00994634531 0.0250140075 4.96100851e-08 2.90231542e-08 1
LGIC_C 287 -0.0741423908 -0.143695099 0.0250139904 2.45891453e-08 3.68002268e-08 1
LGIC_C 288 0.0197458563 -0.324591714 0.0250139992 6.33663526e-09 4.9610097e-08 1
LGIC_C 289 0.0347831911 0.00209229959 0.0250139848 -4.34088272e-08 -8.63453573e-09 1
LGIC_C 290 -0.351209886 -0.508206155 0.0250140145 2.81018674e-08 4.20574117e-08 1
LGIC_C 291 -0.486900874 0.443823447 0.0250140121 3.68002297e-08 -2.45891157e-08 1
LGIC_C 292 0.430862537 0.463924846 0.0250140149 -2.81018716e-08 -4.20573923e-08 1
LGIC_C 293 -0.636741813 -0.0352055587 0.0250140138 -4.96100919e-08 2.90231703e-08 -1
LGIC_C 294 0.0829087682 -0.209955313 0.0250139963 -1.15127059e-08 5.78784511e-08 1
LGIC_C 295 -0.164990589 0.146025063 0.0250139953 6.28881943e-09 -7.55636452e-08 1
LGIC_C 296 0.50911528 0.281194126 0.0250140126 -4.20574004e-08 -2.81018564e-08 1
LGIC_C 297 0.0156520673 0.352294651 0.0250139987 -8.63455884e-09 -4.34088253e-08 1
LGIC_C 298 0.0587750714 -0.485332313 0.0250140079 -9.86804037e-09 4.96101e-08 1
LGIC_C 299 -0.123133118 -0.307025117 0.0250139997 9.8680833e-09 4.96100963e-08 1
LGIC_C 300 0.422233729 -0.0525810408 0.0250140029 -4.34088182e-08 2.48392526e-08 1
LGIC_C 301 0.0932862575 0.358707883 0.0250139996 -8.63455884e-09 -4.34088253e-08 1
LGIC_C 302 0.394377782 0.3330731 0.0250140092 -4.20574004e-08 -2.81018564e-08 1
LGIC_C 303 -0.0303553592 0.356143718 0.0250140012 9.86805557e-09 -4.96100883e-08 1
LGIC_C 304 -0.151731649 0.401177713 0.0250140022 -6.33661298e-09 -4.96100859e-08 1
LGIC_C 305 -0.440195833 0.250353845 0.0250140056 3.68002297e-08 -2.45891157e-08 1
LGIC_C 306 0.167251114 0.10454402 0.0250139939 3.37890593e-08 4.80634111e-08 -1
LGIC_C 307 -0.398661787 0.273502454 0.0250140061 -4.82586679e-08 1.31306769e-08 -1
LGIC_C 308 0.623734425 -0.255691766 0.0250140125 -4.34088226e-08 8.63456802e-09 1
LGIC_C 309 0.133689171 0.121383791 0.0250139911 -3.68002282e-08 -2.45891172e-08 1
LGIC_C 310 0.104718237 0.8050778 0.0250140191 -8.63455884e-09 -4.34088253e-08 1
LGIC_C 311 0.557828101 0.597000869 0.0250140189 -2.45891309e-08 -3.68002211e-08 1
LGIC_C 312 0.301693544 0.219748452 0.0250140021 -4.20574004e-08 -2.81018564e-08 1
LGIC_C 313 0.697913936 0.372930818 0.0250140181 -3.68002282e-08 -2.45891172e-08 1
LGIC_C 314 -0.253306525 0.503122136 0.025014008 2.45891128e-08 -3.68002333e-08 1
LGIC_C 315 -0.0819458411 0.0188480879 0.0250139875 4.96100897e-08 -9.86805572e-09 1
LGIC_C 316 -0.211203654 -0.205105578 0.0250140001 6.28883752e-09 7.55636663e-08 1
LGIC_C 317 -0.404036999 -0.184879507 0.0250140027 3.68002489e-08 2.45891179e-08 1
LGIC_C 318 -0.213143968 -0.344748412 0.0250140001 -5.56021111e-08 -1.45571543e-08 -1
LGIC_C 319 -0.519645787 -0.0543761502 0.0250140044 -4.34088282e-08 2.70157287e-08 -1
LGIC_C 320 0.425726701 0.559852869 0.0250140188 -2.81018716e-08 -4.20573923e-08 1
LGIC_C 321 0.608495002 -0.274779969 0.025014017 -3.37890406e-08 4.80634332e-08 1
LGIC_C 322 0.547132763 0.213836089 0.0250140174 -5.78784335e-08 -1.15127284e-08 1
LGIC_C 323 -0.306148191 -0.658593195 0.0250140195 2.81018674e-08 4.20574117e-08 1
LGIC_C 324 0.0218100775 0.690156403 0.0250140174 -6.33660387e-09 4.96100877e-08 -1
LGIC_C 325 0.465114525 0.648809638 0.0250140186 -2.45891309e-08 -3.68002211e-08 1
LGIC_C 326 0.163229609 0.637529895 0.0250140139 -6.33660387e-09 4.96100877e-08 -1
LGIC_C 327 -0.298554997 -0.0346489481 0.0250139971 -4.96100919e-08 2.90231703e-08 -1
LGIC_C 328 -0.409781686 0.0156131343 0.0250140014 4.34088279e-08 -2.48392273e-08 1
LGIC_C 329 0.624472519 -0.200543242 0.0250140162 -4.96100859e-08 9.86807898e-09 1
LGIC_C 330 0.387148806 -0.0695572618 0.0250140046 -4.96100802e-08 3.14742968e-08 1
LGIC_C 331 0.241163625 -0.0704122668 0.0250139954 -4.34088182e-08 2.48392526e-08 1
LGIC_C 332 -0.039399636 -0.349555202 0.025014001 9.8680833e-09 4.96100963e-08 1
LGIC_C 333 0.44728295 0.15832195 0.025014004 -4.34088272e-08 -8.63453573e-09 1
LGIC_C 334 0.255543215 0.808567182 0.010240725 0.194186548 0.976240951 0.0961519121
LGIC_C 335 0.192316601 0.613253218 0.0250140125 -6.33660387e-09 4.96100877e-08 -1
LGIC_C 336 -0.753847378 0.0115907077 0.0250140163 4.34088279e-08 -2.48392273e-08 1
LGIC_C 337 -0.0603152402 -0.00118162716 0.0250139862 4.96100935e-08 -4.19869172e-08 1
LGIC_C 338 -0.173589497 0.313329131 0.0250139991 2.45891128e-08 -3.68002333e-08 1
LGIC_C 339 0.170684595 -0.200557569 0.0250139952 -1.31306721e-08 4.82586744e-08 1
LGIC_C 340 -0.323521425 0.614201187 0.0250140182 2.8101852e-08 -4.20574041e-08 1
LGIC_C 341 -0.0600058182 -0.726579425 0.0250140153 8.63456455e-09 4.34088336e-08 1
LGIC_C 342 -0.847143103 -0.0108892776 0.0250140201 4.34088238e-08 8.63459484e-09 1
LGIC_C 343 0.240436092 0.446030166 0.0250140079 1.3130701e-08 4.82586573e-08 -1
LGIC_C 344 -0.114154913 0.0343728316 0.0250139882 5.7878425e-08 4.89846948e-08 1
LGIC_C 345 -0.115745392 -0.122024008 0.0250139928 7.55636799e-08 6.2887973e-09 1
LGIC_C 346 0.339101028 0.312719598 0.0250140034 -3.68002282e-08 -2.45891172e-08 1
LGIC_C 347 0.47453751 -0.200962106 0.0250140131 -4.90669481e-08 3.27855328e-08 1
LGIC_C 348 -0.141081783 -0.619430252 0.0250140154 9.8680833e-09 4.96100963e-08 1
LGIC_C 349 -0.181592051 -0.530316641 0.0250140043 -2.90231482e-08 4.96101036e-08 1
LGIC_C 350 -0.240024411 0.346078975 0.0250140019 2.45891128e-08 -3.68002333e-08 1
LGIC_C 351 -0.120148679 0.0572288564 0.0250139901 3.37890593e-08 -4.80634052e-08 1
LGIC_C 352 -0.194302067 -0.331082308 0.0250140011 3.95603082e-08 3.05989652e-08 1
LGIC_C 353 -0.340661863 0.160365186 0.0250140021 4.20574045e-08 -2.81018523e-08 1
LGIC_C 354 0.140201829 0.218148317 0.0250139964 -2.81018716e-08 -4.20573923e-08 1
LGIC_C 355 0.108009322 -0.565335183 0.0250140149 1.00935263e-08 5.7878447e-08 1
LGIC_C 356 0.122173158 0.690834381 0.0250140143 -8.63455884e-09 -4.34088253e-08 1
LGIC_C 357 0.757275833 0.14271991 0.0250140199 -4.96100869e-08 6.3366408e-09 1
LGIC_C 358 0.0589170395 -0.0274264174 0.025013987 -4.90669481e-08 3.27855328e-08 1
LGIC_C 359 -0.237762139 0.196649997 0.0250139996 6.28881943e-09 -7.55636452e-08 1
LGIC_C 360 -0.483118185 0.432861499 0.0250140117 3.68002297e-08 -2.45891157e-08 1
LGIC_C 361 0.585442518 -0.159919597 0.0250140139 -4.96100859e-08 9.86807898e-09 1
LGIC_C 362 -0.42145925 -0.10199086 0.0250140012 -4.96100919e-08 2.90231703e-08 -1
LGIC_C 363 -0.37618661 0.438254823 0.0250140094 1.31306824e-08 -4.82586643e-08 1
LGIC_C 364 0.0858451914 0.146622482 0.0250139933 -3.27855134e-08 -4.90669575e-08 1
LGIC_C 365 0.603584067 -0.312833469 0.0250140174 -4.20573976e-08 2.81018683e-08 1
LGIC_C 366 -0.306294957 -0.70018576 0.0250140168 3.95603082e-08 3.05989652e-08 1
LGIC_C 367 0.396590268 -0.170712387 0.0250140021 -3.05989503e-08 3.95603122e-08 1
LGIC_C 368 -0.107582414 -0.276754893 0.0250139979 2.48392553e-08 4.34088306e-08 1
LGIC_C 369 -0.101261506 -0.589343274 0.0250140095 -2.90231482e-08 4.96101036e-08 1
LGIC_C 370 -0.391380711 -0.560263752 0.0250140135 2.45891453e-08 3.68002268e-08 1
LGIC_C 371 0.19047361 0.0911976915 0.0250139925 -3.68002282e-08 -2.45891172e-08 1
LGIC_C 372 -0.0744645034 0.460855632 0.0250140039 8.63455111e-09 -4.34088279e-08 1
LGIC_C 373 -0.553906921 0.535668666 0.0250140168 3.68002297e-08 -2.45891157e-08 1
LGIC_C 374 0.0728142326 -0.207269617 0.0250139931 6.33663526e-09 4.9610097e-08 1
LGIC_C 375 0.168198927 -0.629303918 0.025014018 1.00935263e-08 5.7878447e-08 1
LGIC_C 376 0.412226881 0.386543931 0.0250140114 -4.20574004e-08 -2.81018564e-08 1
LGIC_C 377 0.318547442 0.143564164 0.0250139985 -3.68002282e-08 -2.45891172e-08 1
LGIC_C 378 -0.654288472 0.093789802 0.025014013 4.96100851e-08 2.90231542e-08 1
LGIC_C 379 -0.0259603792 -0.506604652 0.0250140086 9.8680833e-09 4.96100963e-08 1
LGIC_C 380 0.0899035155 0.632752035 0.0250140155 -9.86806672e-09 -4.96100854e-08 1
LGIC_C 381 0.00947638717 0.612776946 0.0250140138 -9.86806672e-09 -4.96100854e-08 1
LGIC_C 382 0.585548823 -0.276739833 0.0250140163 -3.37890406e-08 4.80634332e-08 1
LGIC_C 383 0.335198614 -0.511381302 0.0250140193 -3.27854948e-08 4.90669785e-08 1
LGIC_C 384 -0.460798765 -0.377602373 0.0250140147 6.28883752e-09 7.55636663e-08 1
LGIC_C 385 0.615643847 0.0557410944 0.0250140195 -5.78784335e-08 -1.15127284e-08 1
LGIC_C 386 0.538053258 -0.486787565 0.025014015 -3.68002179e-08 2.45891393e-08 1
LGIC_C 387 0.536783712 -0.250649177 0.0250140134 -3.37890406e-08 4.80634332e-08 1
LGIC_C 388 -0.00494913685 0.482934741 0.0250140074 -3.14742797e-08 4.96100914e-08 -1
LGIC_C 389 0.361747624 -0.363891509 0.0250140129 -3.27854948e-08 4.90669785e-08 1
LGIC_C 390 0.526806422 0.0176202235 0.0250140093 -4.96100869e-08 6.3366408e-09 1
LGIC_C 391 -0.202711779 0.102275516 0.025013995 3.37890593e-08 -4.80634052e-08 1
LGIC_C 392 -0.209680036 -0.57454174 0.0250140056 -2.90231482e-08 4.96101036e-08 1
LGIC_C 393 -0.000696546267 -0.30426578 0.0250139965 8.63456455e-09 4.34088336e-08 1
LGIC_C 394 0.410215311 0.654619236 0.0250140174 -2.45891309e-08 -3.68002211e-08 1
LGIC_C 395 0.353186817 0.43697748 0.025014009 1.3130701e-08 4.82586573e-08 -1
LGIC_C 396 0.278851936 0.405523402 0.0250140065 1.3130701e-08 4.82586573e-08 -1
LGIC_C 397 -0.664623605 0.225255087 0.0250140141 4.34088259e-08 -8.63455061e-09 1
LGIC_C 398 -0.560960756 0.237004724 0.0250140136 3.37890593e-08 -4.80634052e-08 1
LGIC_C 399 0.599564711 -0.160323948 0.025014018 -4.96100802e-08 3.14742968e-08 1
