VGCC_O 8 -0.134706799 0.0161271258 0.0466933331 -1.62059677e-06 3.22356891e-07 -1
VGCC_O 1 -0.126159285 0.0151063295 0.0466933189 -1.62059625e-06 3.22356338e-07 -1
VGCC_O 7 -0.137449801 0.00579357966 0.0466933342 -1.62059625e-06 3.22356338e-07 -1
VGCC_O 4 -0.108229728 0.00324736392 0.0466932869 -8.10297798e-07 1.61178104e-07 -1
VGCC_O 2 0.119933892 -0.04777957 0.0466929781 -1.41802115e-06 2.82063236e-07 -1
CaBS 10 0.0905935983 -0.00981701731 0.0709258994 -0.999896295 -0.0141984568 0.00240892729
CaBS 11 0.102461617 -0.00892534516 0.0531692419 -0.346545998 0.867982935 -0.355684546
CaBS 13 0.0932368544 -0.0106880308 0.0753755547 -0.748611723 0.322508223 0.579283121
CaBS 14 0.10399103 -0.00383456371 0.075357424 -0.344822968 0.867728907 0.357971598
CaBS 15 0.120196407 -0.0244335558 0.0764504447 0.751399702 -0.322919474 0.575431578
CaBS 16 0.10726945 -0.0179936016 0.086415703 0.333750516 0.131703927 0.933415593
CaBS 17 0.115817603 -0.008809444 0.0603081865 0.321328636 0.750213906 -0.577864173
CaBS 18 0.109928002 8.92731269e-05 0.0708859158 0.324116486 0.74980293 0.576839726
CaBS 19 0.106148411 -0.00645125622 0.0815112861 0.324116486 0.74980293 0.576839726
CaBS 20 0.110224353 -0.00592173391 0.0785327859 0.324116486 0.74980293 0.576839726
CaBS 21 0.114022822 -0.0251901581 0.0554403061 0.748611785 -0.322508546 -0.579282861
CaBS 22 0.0949066793 -0.0295530391 0.0636283958 -0.735818491 -0.677177075 0.00153536998
CaBS 23 0.108355474 -0.0181289569 0.0534442946 0.329239702 0.132369043 -0.934922272
CaBS 24 0.122450915 -0.0150953414 0.0680597707 0.999896301 0.01419805 -0.0024089266
CaBS 25 -0.104511337 -0.00562603414 0.0744277811 0.346545964 -0.867983059 0.355684276
CaBS_Ca 57 -0.105886196 0.0258906251 0.0633120043 -0.34654601 0.867982945 -0.355684509
Ca 4 0.19836581 -0.0815502834 0.660266853 0 0 0
CaBS_Ca 64 -0.088990353 0.00118675972 0.0729307413 0.75139969 -0.322919491 0.575431584
Ca 7 -0.165267215 0.495775728 0.512210007 0 0 0
Ca 7 -0.218032959 -0.326598724 0.75978515 0 0 0
Ca 6 -0.0727686957 -0.329743269 0.746066871 0 0 0
Ca 1 0.125578126 -0.383411815 0.88234984 0 0 0
Ca 1 0.0901935511 -0.20025879 1.15145211 0 0 0
Ca 6 -0.11173123 0.189845644 0.0475450974 0 0 0
Ca 8 -0.0705319931 0.223782253 0.159471374 0 0 0
Ca 1 0.151896228 0.2244388 0.759344278 0 0 0
Ca 4 -0.42524111 -0.133169073 0.489635309 0 0 0
Ca 6 -0.294731946 -0.575652161 0.372404056 0 0 0
Ca 8 -0.594758247 -0.0502279001 0.166181366 0 0 0
Ca 1 0.632703702 -0.064843511 0.271791346 0 0 0
Ca 4 0.0135072719 -0.210958461 0.454130978 0 0 0
Ca 7 0.164089283 0.311982601 0.50504952 0 0 0
Ca 8 -0.216377686 -0.48693426 0.54993621 0 0 0
Ca 8 -0.626489215 0.204484099 0.0618980486 0 0 0
Ca 1 -0.0770945 -0.0954422652 0.429680995 0 0 0
Ca 4 0.015116082 0.02974799 0.0591769591 0 0 0
Ca 8 0.312304122 0.119622622 0.750457716 0 0 0
Ca 4 0.025512607 0.0737341903 0.266237152 0 0 0
Ca 6 -0.223834464 0.0634781592 0.268820179 0 0 0
Ca 6 0.471798281 0.152412438 0.230351939 0 0 0
Ca 7 0.110639493 0.178275606 0.45767351 0 0 0
Ca 1 -0.289383083 0.390980378 0.497219733 0 0 0
Ca 7 -0.3157827 -0.235944327 0.252564413 0 0 0
Ca 4 0.0266305324 0.101325593 0.166041486 0 0 0
Ca 4 0.0645498025 0.38929794 0.0744179186 0 0 0
Ca 4 0.0407721754 -0.0779699685 0.415108733 0 0 0
Ca 7 -0.0817952453 -0.213453394 0.462830547 0 0 0
Ca 1 -0.117627688 0.0881912592 0.866209906 0 0 0
Ca 6 -0.394689028 -0.0013782409 0.235092884 0 0 0
Ca 4 -0.000831196059 0.0960598814 0.258655093 0 0 0
Ca 8 -0.208625121 -0.132580646 0.85064639 0 0 0
Ca 4 -0.450577061 0.0939697244 0.457728756 0 0 0
Ca 7 -0.330822684 -0.424758848 0.467698002 0 0 0
Ca 1 0.0381890475 0.194829295 0.322187428 0 0 0
Ca 7 0.521468571 -0.517249947 0.48284331 0 0 0
Ca 6 -0.221750812 -0.0723021214 0.327032822 0 0 0
Ca 4 -0.396776306 -0.0906674017 0.60092837 0 0 0
Ca 6 -0.156040743 0.509295748 0.567259056 0 0 0
Ca 4 0.235857358 0.147891243 0.596692387 0 0 0
Ca 1 -0.22872001 -0.0633714811 0.3615793 0 0 0
Ca 8 -0.183471844 0.355614443 0.389043242 0 0 0
Ca 6 0.0318189085 -0.286372035 0.151506412 0 0 0
Ca 7 0.333534003 0.109734369 0.14226633 0 0 0
Ca 7 -0.194959838 0.110948011 0.153155005 0 0 0
Ca 1 -0.168305578 0.179016042 0.0709056973 0 0 0
Ca 7 -0.0400104278 -0.230565338 0.141676227 0 0 0
Ca 7 -0.747373632 0.201635061 0.352836705 0 0 0
Ca 4 0.489857408 0.236454921 0.460872262 0 0 0
Ca 6 -0.510335888 -0.0845284783 0.213831117 0 0 0
Ca 1 0.021087804 0.281864341 0.272337005 0 0 0
Ca 8 -0.305164459 0.0295417598 0.0754134268 0 0 0
Ca 6 -0.103482434 -0.10932855 0.241426621 0 0 0
Ca 8 -0.447437248 0.285648096 0.10758661 0 0 0
Ca 8 0.214761755 0.104130677 0.322381563 0 0 0
Ca 7 -0.00151497571 -0.211530686 0.255865959 0 0 0
Ca 8 -0.334899231 -0.086797678 0.0592466007 0 0 0
Ca 6 -0.180885043 0.302521944 0.354685135 0 0 0
Ca 8 -0.280428495 0.126489936 0.214908306 0 0 0
Ca 7 -0.161857298 -0.0194868335 0.140457508 0 0 0
Ca 4 -0.252738316 0.137693487 0.235520026 0 0 0
Ca 8 -0.139328285 -0.106668525 0.0867931123 0 0 0
Ca 6 -0.239325065 0.105103745 0.14783532 0 0 0
Ca 8 -0.318333178 0.246221722 0.0802948133 0 0 0
Ca 6 0.0104149955 0.106522195 0.136166353 0 0 0
Ca 8 -0.116258563 0.0668705774 0.0485039369 0 0 0
Ca 4 0.00839689104 -0.0418243231 0.390056361 0 0 0
Ca 8 -0.275953967 0.0946653559 0.184153024 0 0 0
Ca 8 -0.189100736 0.0538150637 0.0949925755 0 0 0
Ca 8 -0.324459703 0.131555172 0.101652502 0 0 0
Ca 8 -0.136403603 -0.164125406 0.185415464 0 0 0
Ca 6 -0.11497959 0.136409581 0.228840851 0 0 0
Ca 8 -0.0888712605 -0.0894606845 0.135756151 0 0 0
Ca 4 0.0341095703 -0.0748953654 0.209841859 0 0 0
Ca 1 -0.151205989 0.106401866 0.0812937614 0 0 0
Ca 7 -0.141813462 -0.0808237971 0.117104814 0 0 0
Ca 6 -0.0211498556 -0.0538280194 0.125981585 0 0 0
Ca 8 -0.2015802 0.00651323575 0.0712249917 0 0 0
Ca 1 -0.0477718464 0.0896595065 0.0486084643 0 0 0
Ca 4 -0.148749751 0.0441340527 0.141589588 0 0 0
Ca 4 -0.223549949 -0.0115411666 0.0502204314 0 0 0
Ca 7 -0.108098349 -0.00409589585 0.0486558939 0 0 0
Ca 4 -0.166781684 0.000652274668 0.0504681969 0 0 0
VGCC_O 3 0.0772568984 -0.00428239309 0.046693036 -1.41802159e-06 2.82063681e-07 -1
VGCC_O 0 0.11238887 -0.0311459409 0.0466929927 -1.01287282e-06 -1.51427976e-07 -1
VGCC_O 6 -0.12622171 0.0241576588 0.046693322 -1.62059677e-06 3.22356891e-07 -1
VGCC_O 9 0.0953603447 -0.018533153 0.0466930096 -1.14792244e-06 -1.24564753e-07 -1
VGCC_O 5 0.113746944 -0.0200409323 0.0466929896 -1.01287282e-06 -1.51427976e-07 -1
TAG 41 -0.105784995 0.0105052503 0.0536665039 -0.333750681 -0.131703993 -0.933415524
TAG 67 -0.115078276 0.000454692191 0.0742448755 -0.735818461 -0.677177107 0.0015353549
TAG 65 0.119072188 -0.020557456 0.0800936336 0.751399702 -0.322919474 0.575431578
TAG 63 -0.104896891 0.0149528875 0.0527352849 0.329239713 0.132369034 -0.93492227
TAG 62 -0.0995730683 0.0302300905 0.0690462359 0.3213287 0.750213891 -0.577864158
TAG 59 -0.100018848 -0.00188752594 0.0603333581 0.344822933 -0.867729023 -0.35797135
TAG 55 -0.119337383 0.0151637023 0.0699872324 -0.999896295 -0.0141984574 0.00240892698
TAG 54 -0.104785227 0.0261860029 0.076486355 -0.344822968 0.867728888 0.357971643
TAG 53 -0.089146311 -0.000197085518 0.0670554248 0.74861179 -0.322508554 -0.579282851
TAG 52 -0.119278263 0.0119799944 0.0757618237 -0.999896295 -0.0141984574 0.00240892698
TAG 51 -0.102448777 0.00747370566 0.0865367572 -0.329239868 -0.132369105 0.934922205
TAG 45 -0.113699624 0.0170707545 0.0588716642 -0.751399624 0.322919173 -0.575431849
TAG 44 -0.11923843 0.00668793202 0.0611035411 -0.999896295 -0.0141984574 0.00240892698
LGIC_C 0 0.525139285 0.226186177 0.0250140117 -4.20574004e-08 -2.81018564e-08 1
LGIC_C 1 -0.340743079 0.0571511263 0.0250139986 4.34088259e-08 -8.63455061e-09 1
LGIC_C 2 -0.533762832 0.0836005339 0.0250140106 4.96100897e-08 -9.86805572e-09 1
LGIC_C 3 0.24247089 -0.661195512 0.0250140184 -9.86804037e-09 4.96101e-08 1
LGIC_C 4 -0.402412777 -0.229382524 0.0250140031 6.28883752e-09 7.55636663e-08 1
LGIC_C 5 0.0540058015 -0.515027054 0.0250140125 1.00935263e-08 5.7878447e-08 1
LGIC_C 6 -0.321219212 0.478420191 0.0250140148 1.28239438e-08 -5.73353116e-08 1
LGIC_C 7 -0.687327092 0.432307514 0.0250140192 3.68002297e-08 -2.45891157e-08 1
LGIC_C 8 -0.227730366 0.281248518 0.0250139992 2.45891128e-08 -3.68002333e-08 1
LGIC_C 9 -0.431456066 -0.263537206 0.0250140059 6.28883752e-09 7.55636663e-08 1
LGIC_C 10 -0.443988262 -0.613466585 0.0250140196 3.95603082e-08 3.05989652e-08 1
LGIC_C 11 0.158377463 0.560809237 0.0250140101 -6.33660387e-09 4.96100877e-08 -1
LGIC_C 12 0.370670624 0.154871359 0.0250140065 -4.90669739e-08 -3.27854893e-08 1
LGIC_C 13 0.727185367 -0.0999154155 0.0250140203 -4.96100859e-08 9.86807898e-09 1
LGIC_C 14 0.662050201 0.238659218 0.0250140146 -4.96100869e-08 6.3366408e-09 1
LGIC_C 15 -0.436380222 -0.319042805 0.0250140062 5.39043203e-09 6.47688584e-08 1
LGIC_C 16 0.627684785 -0.153676733 0.0250140159 -4.96100859e-08 9.86807898e-09 1
LGIC_C 17 -0.541188105 0.346824176 0.0250140139 -4.82586679e-08 1.31306769e-08 -1
LGIC_C 18 0.277207696 -0.44925763 0.0250140099 -2.81018481e-08 4.20574137e-08 1
LGIC_C 19 -0.321005617 0.290401963 0.0250140081 3.37890593e-08 -4.80634052e-08 1
LGIC_C 20 0.130806608 -0.414465462 0.0250140087 -1.15127059e-08 5.78784511e-08 1
LGIC_C 21 -0.023931611 -0.183779723 0.0250139916 -2.90231482e-08 4.96101036e-08 1
LGIC_C 22 0.153614921 0.633010283 0.0250140162 -9.86806672e-09 -4.96100854e-08 1
LGIC_C 23 -0.432420217 0.417589667 0.0250140095 3.68002297e-08 -2.45891157e-08 1
LGIC_C 24 0.117000315 0.441008643 0.0250140063 -9.86806672e-09 -4.96100854e-08 1
LGIC_C 25 0.371260621 -0.0140378384 0.0250139995 -4.34088226e-08 8.63456802e-09 1
LGIC_C 26 -0.0491740844 0.249612894 0.0250139983 1.15127271e-08 -5.78784352e-08 1
LGIC_C 27 -0.265625421 0.520712696 0.0250140175 3.27854968e-08 -4.90669676e-08 1
LGIC_C 28 0.680676652 0.11184973 0.0250140138 -4.34088272e-08 -8.63453573e-09 1
LGIC_C 29 -0.612135619 -0.120645561 0.0250140128 5.7878436e-08 -4.89847332e-08 1
LGIC_C 30 0.651991646 0.0846139875 0.025014015 -4.96100869e-08 6.3366408e-09 1
LGIC_C 31 -0.400238347 -0.435690794 0.0250140124 3.95603082e-08 3.05989652e-08 1
LGIC_C 32 0.0690876796 0.0839302529 0.0250139887 -2.81018716e-08 -4.20573923e-08 1
LGIC_C 33 -0.0308357552 0.633962806 0.0250140111 8.63455111e-09 -4.34088279e-08 1
LGIC_C 34 0.240304509 -0.494457405 0.0250140154 -3.27854948e-08 4.90669785e-08 1
LGIC_C 35 -0.16241668 -0.50787182 0.0250140037 -2.90231482e-08 4.96101036e-08 1
LGIC_C 36 0.534943407 -0.615856351 0.025014019 -2.45891087e-08 3.68002429e-08 1
LGIC_C 37 0.117553475 0.758674874 0.0250140172 -8.63455884e-09 -4.34088253e-08 1
LGIC_C 38 0.729339149 -0.30604344 0.0250140177 -3.05989503e-08 3.95603122e-08 1
LGIC_C 39 0.720212186 0.335058872 0.025014018 -3.68002282e-08 -2.45891172e-08 1
LGIC_C 40 -0.669455716 0.0329345337 0.0250140132 4.34088279e-08 -2.48392273e-08 1
LGIC_C 41 -0.5271445 0.620871806 0.0250140191 2.45891128e-08 -3.68002333e-08 1
LGIC_C 42 -0.279143673 -0.67195233 0.0250140148 2.45891453e-08 3.68002268e-08 1
LGIC_C 43 -0.586541433 -0.512901614 0.0250140156 1.15916899e-08 4.97976879e-08 1
LGIC_C 44 0.34509628 0.562777994 0.025014015 1.3130701e-08 4.82586573e-08 -1
LGIC_C 45 0.00368691923 -0.24172225 0.0250139952 6.33663526e-09 4.9610097e-08 1
LGIC_C 46 -0.210762446 -0.173265275 0.0250139956 5.39043203e-09 6.47688584e-08 1
LGIC_C 47 0.502659054 -0.19832951 0.0250140146 -5.78784275e-08 1.15127558e-08 1
LGIC_C 48 -0.0574387265 -0.388974091 0.0250140006 8.63456455e-09 4.34088336e-08 1
LGIC_C 49 -0.490646337 -0.171344687 0.025014006 4.34088238e-08 8.63459484e-09 1
LGIC_C 50 0.236449659 -0.313178225 0.0250140063 -3.27854948e-08 4.90669785e-08 1
LGIC_C 51 -0.575008739 -0.0212166019 0.0250140077 -4.34088282e-08 2.70157287e-08 -1
LGIC_C 52 0.664061543 -0.166211271 0.0250140162 -4.34088182e-08 2.48392526e-08 1
LGIC_C 53 0.323917155 -0.0754857002 0.0250139992 -4.34088182e-08 2.48392526e-08 1
LGIC_C 54 -0.0319056559 -0.235559533 0.0250139953 -4.89847109e-08 5.78784581e-08 1
LGIC_C 55 0.43116602 0.488958354 0.0250140118 -2.45891309e-08 -3.68002211e-08 1
LGIC_C 56 -0.120519413 -0.227928639 0.0250139933 -5.56021111e-08 -1.45571543e-08 -1
LGIC_C 57 -0.0656056288 0.419084683 0.0250140061 -3.14742797e-08 4.96100914e-08 -1
LGIC_C 58 0.434123426 -0.0580732148 0.0250140035 -4.34088182e-08 2.48392526e-08 1
LGIC_C 59 -0.420046977 -0.183566985 0.0250139996 1.45571809e-08 5.5602105e-08 1
LGIC_C 60 0.108386395 0.50464873 0.0250140117 -3.14742949e-08 -4.96100822e-08 1
LGIC_C 61 -0.393330796 0.347731091 0.0250140096 4.20574045e-08 -2.81018523e-08 1
LGIC_C 62 -0.0221900734 0.409634324 0.0250140043 -3.14742797e-08 4.96100914e-08 -1
LGIC_C 63 0.190341215 -0.0482255192 0.0250139931 -4.96100859e-08 9.86807898e-09 1
LGIC_C 64 -0.228143632 0.0314715823 0.0250139949 5.7878425e-08 4.89846948e-08 1
LGIC_C 65 0.0228972827 0.306467268 0.0250139987 -9.86806672e-09 -4.96100854e-08 1
LGIC_C 66 -0.27448902 -0.312253126 0.0250140015 2.45891453e-08 3.68002268e-08 1
LGIC_C 67 -0.469182377 0.430109958 0.0250140187 6.28881943e-09 -7.55636452e-08 1
LGIC_C 68 -0.652792583 -0.0974493742 0.025014009 -4.34088282e-08 2.70157287e-08 -1
LGIC_C 69 -0.710059753 -0.37072721 0.0250140185 3.68002489e-08 2.45891179e-08 1
LGIC_C 70 -0.0097134927 0.394662281 0.0250140005 8.63455111e-09 -4.34088279e-08 1
LGIC_C 71 0.54577365 0.142574978 0.0250140165 -5.78784335e-08 -1.15127284e-08 1
LGIC_C 72 0.146291423 0.36438149 0.0250140003 -8.63455884e-09 -4.34088253e-08 1
LGIC_C 73 -0.0190968402 0.00575126565 0.0250139842 4.34088279e-08 -2.48392273e-08 1
LGIC_C 74 0.499787481 0.498371102 0.0250140139 -4.82586616e-08 -1.31306776e-08 1
LGIC_C 75 0.509408771 -0.586786669 0.0250140173 -2.45891087e-08 3.68002429e-08 1
LGIC_C 76 -0.692607374 0.0654738983 0.0250140157 4.96100851e-08 2.90231542e-08 1
LGIC_C 77 0.329813608 -0.238713199 0.0250140028 -3.05989503e-08 3.95603122e-08 1
LGIC_C 78 0.257486669 0.377377509 0.0250140102 -3.27855134e-08 -4.90669575e-08 1
LGIC_C 79 -0.571216388 -0.258338767 0.0250140027 1.15916899e-08 4.97976879e-08 1
LGIC_C 80 0.69586246 -0.0584367816 0.0250140139 -4.34088226e-08 8.63456802e-09 1
LGIC_C 81 0.0478904177 0.679792519 0.0250140167 -6.33660387e-09 4.96100877e-08 -1
LGIC_C 82 0.504831539 -0.312156386 0.025014011 -3.05989503e-08 3.95603122e-08 1
LGIC_C 83 -0.365072405 0.258851463 0.0250140043 -4.82586679e-08 1.31306769e-08 -1
LGIC_C 84 0.227295856 0.506375215 0.0250140109 -2.81018716e-08 -4.20573923e-08 1
LGIC_C 85 -0.0712989814 0.13918124 0.0250139922 1.28239438e-08 -5.73353116e-08 1
LGIC_C 86 0.564384167 -0.336696849 0.0250140185 -3.37890406e-08 4.80634332e-08 1
LGIC_C 87 -0.31643239 -0.232998522 0.0250140008 1.45571809e-08 5.5602105e-08 1
LGIC_C 88 -0.597224466 -0.513212216 0.0250140157 1.15916899e-08 4.97976879e-08 1
LGIC_C 89 0.253187917 -0.494236016 0.0250140104 -1.31306721e-08 4.82586744e-08 1
LGIC_C 90 -0.373085215 -0.327358124 0.0250140069 1.45571809e-08 5.5602105e-08 1
LGIC_C 91 0.138155706 0.801820252 0.0250140193 -8.63455884e-09 -4.34088253e-08 1
LGIC_C 92 0.238953817 -0.70386563 0.0250140166 6.33663526e-09 4.9610097e-08 1
LGIC_C 93 -0.0750624708 0.580276402 0.0250140116 -6.33661298e-09 -4.96100859e-08 1
LGIC_C 94 0.163684027 -0.0633231422 0.0250139933 -4.96100802e-08 3.14742968e-08 1
LGIC_C 95 -0.318066585 -0.409156743 0.0250140069 -5.56021111e-08 -1.45571543e-08 -1
LGIC_C 96 0.323974713 -0.0212306495 0.0250139995 -4.96100859e-08 9.86807898e-09 1
LGIC_C 97 -0.395432085 0.0648383086 0.025014001 4.96100851e-08 2.90231542e-08 1
LGIC_C 98 -0.341628356 -0.556072066 0.0250140138 3.95603082e-08 3.05989652e-08 1
LGIC_C 99 0.218236606 -0.0778378937 0.0250139965 -4.96100802e-08 3.14742968e-08 1
LGIC_C 100 -0.354891973 -0.502676597 0.0250140105 2.45891453e-08 3.68002268e-08 1
LGIC_C 101 -0.370823588 0.0180987784 0.0250140018 4.96100897e-08 -9.86805572e-09 1
LGIC_C 102 -0.333946342 0.4459257 0.0250140131 1.28239438e-08 -5.73353116e-08 1
LGIC_C 103 -0.455539963 -0.0336743129 0.0250140033 4.34088238e-08 8.63459484e-09 1
LGIC_C 104 0.600171932 -0.24718576 0.0250140154 -4.96100859e-08 9.86807898e-09 1
LGIC_C 105 -0.316781464 0.087921823 0.0250139992 4.34088279e-08 -2.48392273e-08 1
LGIC_C 106 -0.289446843 0.801548669 0.0116840241 -0.194186377 0.976241021 0.0961515493
LGIC_C 107 -0.747410288 -0.260272695 0.025014018 4.34088238e-08 8.63459484e-09 1
LGIC_C 108 -0.0374805676 -0.502375845 0.025014006 2.48392553e-08 4.34088306e-08 1
LGIC_C 109 0.193443109 0.0977284372 0.0250139939 -4.82586616e-08 -1.31306776e-08 1
LGIC_C 110 -0.173557493 -0.703532004 0.0250140153 8.63456455e-09 4.34088336e-08 1
LGIC_C 111 -0.517764259 -0.150354808 0.0250140046 -4.96100919e-08 2.90231703e-08 -1
LGIC_C 112 0.733350389 -0.0228426471 0.0250140203 -4.96100802e-08 3.14742968e-08 1
LGIC_C 113 -0.0109207375 -0.695375579 0.0250140137 2.48392553e-08 4.34088306e-08 1
LGIC_C 114 -0.364830204 0.41120392 0.0250140115 1.28239438e-08 -5.73353116e-08 1
LGIC_C 115 0.512282407 -0.385115089 0.0250140141 -3.05989503e-08 3.95603122e-08 1
LGIC_C 116 0.183091057 -0.461023404 0.0250140081 1.00935263e-08 5.7878447e-08 1
LGIC_C 117 -0.191853432 -0.0422760356 0.0250139916 -4.96100919e-08 2.90231703e-08 -1
LGIC_C 118 -0.323525348 -0.334493084 0.0250140061 -5.56021111e-08 -1.45571543e-08 -1
LGIC_C 119 0.0810527245 0.400181521 0.0250140039 -9.86806672e-09 -4.96100854e-08 1
LGIC_C 120 0.0199307247 0.462222256 0.0250140064 -9.86806672e-09 -4.96100854e-08 1
LGIC_C 121 -0.44625165 -0.41742946 0.0250140092 1.15916899e-08 4.97976879e-08 1
LGIC_C 122 0.618325592 -0.33334769 0.0250140142 -3.68002179e-08 2.45891393e-08 1
LGIC_C 123 0.346021028 -0.270107096 0.0250140091 -4.90669481e-08 3.27855328e-08 1
LGIC_C 124 0.498505204 -0.416193991 0.0250140118 -3.68002179e-08 2.45891393e-08 1
LGIC_C 125 0.138090931 -0.159909069 0.0250139928 -1.31306721e-08 4.82586744e-08 1
LGIC_C 126 0.630277027 -0.353595152 0.0250140165 -3.05989503e-08 3.95603122e-08 1
LGIC_C 127 0.238937428 -0.300978497 0.0250140009 -1.31306721e-08 4.82586744e-08 1
LGIC_C 128 0.225824653 -0.359505029 0.025014002 -2.45891087e-08 3.68002429e-08 1
LGIC_C 129 0.450388451 -0.113319749 0.0250140038 -4.34088226e-08 8.63456802e-09 1
LGIC_C 130 -0.634801086 0.228918486 0.0250140128 4.34088259e-08 -8.63455061e-09 1
LGIC_C 131 0.404294428 0.254707518 0.0250140061 -4.82586616e-08 -1.31306776e-08 1
LGIC_C 132 -0.256793256 0.0959386577 0.0250139934 5.7878425e-08 4.89846948e-08 1
LGIC_C 133 -0.614994838 -0.051965583 0.0250140104 4.34088238e-08 8.63459484e-09 1
LGIC_C 134 0.31298381 -0.65029087 0.0250140149 -2.45891087e-08 3.68002429e-08 1
LGIC_C 135 -0.306843318 -0.266141769 0.0250140053 6.28883752e-09 7.55636663e-08 1
LGIC_C 136 0.424438674 -0.255632994 0.0250140051 -3.68002179e-08 2.45891393e-08 1
LGIC_C 137 0.367195174 -0.311121367 0.0250140068 -3.05989503e-08 3.95603122e-08 1
LGIC_C 138 -0.707035547 -0.201559815 0.0250140099 4.96100935e-08 -4.19869172e-08 1
LGIC_C 139 0.167377585 -0.0138459142 0.025013992 -4.96100802e-08 3.14742968e-08 1
LGIC_C 140 0.45117288 0.579858654 0.0250140157 -2.45891309e-08 -3.68002211e-08 1
LGIC_C 141 0.499001869 0.105626618 0.0250140058 -4.34088272e-08 -8.63453573e-09 1
LGIC_C 142 -0.468950857 -0.529216853 0.025014018 3.95603082e-08 3.05989652e-08 1
LGIC_C 143 -0.0834577677 -0.175393973 0.025013993 2.81018674e-08 4.20574117e-08 1
LGIC_C 144 -0.468898741 -0.473152961 0.0250140162 -5.56021111e-08 -1.45571543e-08 -1
LGIC_C 145 0.208602173 0.0199612233 0.0250139935 -4.96100869e-08 6.3366408e-09 1
LGIC_C 146 0.00124637253 0.586904948 0.0250140124 -6.33660387e-09 4.96100877e-08 -1
LGIC_C 147 -0.312378092 -0.335668548 0.0250140033 2.45891453e-08 3.68002268e-08 1
LGIC_C 148 0.436649132 -0.0804683085 0.0250140094 -5.78784275e-08 1.15127558e-08 1
LGIC_C 149 0.570286676 0.518930753 0.025014017 -3.68002282e-08 -2.45891172e-08 1
LGIC_C 150 0.405001083 0.15828995 0.0250140023 -4.96100869e-08 6.3366408e-09 1
LGIC_C 151 -0.118819733 -0.738031396 0.0250140163 8.63456455e-09 4.34088336e-08 1
LGIC_C 152 0.263247071 0.600741711 0.0250140159 -2.81018716e-08 -4.20573923e-08 1
LGIC_C 153 0.158405155 -0.17799758 0.0250139955 -1.28239349e-08 5.73353226e-08 1
LGIC_C 154 0.179151421 0.51443352 0.0250140106 -9.86806672e-09 -4.96100854e-08 1
LGIC_C 155 -0.622522374 0.125714492 0.0250140114 4.34088259e-08 -8.63455061e-09 1
LGIC_C 156 -0.261535568 0.0110874514 0.0250139947 4.34088259e-08 -8.63455061e-09 1
LGIC_C 157 -0.388293593 0.27229763 0.0250140063 6.28881943e-09 -7.55636452e-08 1
LGIC_C 158 0.380100336 0.165344989 0.025014004 3.37890593e-08 4.80634111e-08 -1
LGIC_C 159 0.779764297 0.168848007 0.0250140185 -4.34088272e-08 -8.63453573e-09 1
LGIC_C 160 -0.251974978 -0.0538832395 0.0250139928 -4.34088282e-08 2.70157287e-08 -1
LGIC_C 161 -0.428293174 0.0910214429 0.0250140054 4.96100897e-08 -9.86805572e-09 1
LGIC_C 162 0.454838704 -0.0162477224 0.0250140097 -5.78784275e-08 1.15127558e-08 1
LGIC_C 163 0.361533022 -0.232395349 0.025014005 -4.20573976e-08 2.81018683e-08 1
LGIC_C 164 0.239006536 -0.597542546 0.0250140114 6.33663526e-09 4.9610097e-08 1
LGIC_C 165 -0.329623388 0.0430404247 0.0250139984 4.96100851e-08 2.90231542e-08 1
LGIC_C 166 -0.185430543 -0.687339343 0.0250140177 2.48392553e-08 4.34088306e-08 1
LGIC_C 167 -0.557679367 0.532753165 0.0250140172 -4.82586679e-08 1.31306769e-08 -1
LGIC_C 168 -0.560393255 -0.255749995 0.0250140028 5.39043203e-09 6.47688584e-08 1
LGIC_C 169 0.679628351 -0.452076721 0.0250140194 -3.68002179e-08 2.45891393e-08 1
LGIC_C 170 0.519550331 -0.344603449 0.0250140173 -3.37890406e-08 4.80634332e-08 1
LGIC_C 171 -0.191439194 0.292292509 0.0250140025 1.28239438e-08 -5.73353116e-08 1
LGIC_C 172 0.378985076 0.167422889 0.0250140039 -4.20574004e-08 -2.81018564e-08 1
LGIC_C 173 0.674931747 0.299430595 0.0250140154 -3.68002282e-08 -2.45891172e-08 1
LGIC_C 174 -0.0726571497 -0.526296657 0.0250140079 2.48392553e-08 4.34088306e-08 1
LGIC_C 175 0.438398497 -0.30498953 0.0250140127 -3.37890406e-08 4.80634332e-08 1
LGIC_C 176 -0.604251867 -0.58237577 0.0250140192 1.15916899e-08 4.97976879e-08 1
LGIC_C 177 0.31540556 0.324342296 0.0250140058 -2.81018716e-08 -4.20573923e-08 1
LGIC_C 178 0.0689986861 -0.621583094 0.0250140136 6.33663526e-09 4.9610097e-08 1
LGIC_C 179 -0.257874729 -0.16576964 0.0250139974 6.28883752e-09 7.55636663e-08 1
LGIC_C 180 -0.153189655 0.261162325 0.0250139986 2.8101852e-08 -4.20574041e-08 1
LGIC_C 181 -0.623782185 -0.316465416 0.0250140071 5.39043203e-09 6.47688584e-08 1
LGIC_C 182 0.0799874031 -0.168402718 0.0250139926 -2.81018481e-08 4.20574137e-08 1
LGIC_C 183 0.666834694 0.322449047 0.0250140197 -4.82586616e-08 -1.31306776e-08 1
LGIC_C 184 0.712031896 -0.0391943045 0.0250140151 -4.34088182e-08 2.48392526e-08 1
LGIC_C 185 0.393946317 -0.112801465 0.0250140031 -4.34088182e-08 2.48392526e-08 1
LGIC_C 186 -0.616368749 -0.315075051 0.025014007 5.39043203e-09 6.47688584e-08 1
LGIC_C 187 0.151819265 0.0793300099 0.0250139933 -4.90669739e-08 -3.27854893e-08 1
LGIC_C 188 -0.751715533 0.0962757763 0.0250140167 4.34088259e-08 -8.63455061e-09 1
LGIC_C 189 -0.525399248 0.304911042 0.0250140139 4.20574045e-08 -2.81018523e-08 1
LGIC_C 190 0.336268027 -0.753487032 0.0250140192 -2.45891087e-08 3.68002429e-08 1
LGIC_C 191 -0.422054135 -0.242564144 0.0250140012 5.39043203e-09 6.47688584e-08 1
LGIC_C 192 -0.288009283 0.108668548 0.0250139967 4.34088259e-08 -8.63455061e-09 1
LGIC_C 193 0.306907079 0.0745973425 0.0250139992 -4.96100911e-08 -9.86803575e-09 1
LGIC_C 194 -0.675156949 0.363828972 0.0250140171 3.68002297e-08 -2.45891157e-08 1
LGIC_C 195 0.350521927 0.383477041 0.0250140092 -2.81018716e-08 -4.20573923e-08 1
LGIC_C 196 0.71900415 0.383032028 0.0250140191 -3.68002282e-08 -2.45891172e-08 1
LGIC_C 197 -0.253350313 -0.505566198 0.0250140081 2.45891453e-08 3.68002268e-08 1
LGIC_C 198 0.535228895 0.0246387641 0.0250140067 -4.34088272e-08 -8.63453573e-09 1
LGIC_C 199 0.61752541 0.250982924 0.0250140123 -4.96100869e-08 6.3366408e-09 1
LGIC_C 200 0.726687927 -0.304775696 0.0250140175 -3.68002179e-08 2.45891393e-08 1
LGIC_C 201 0.222400344 0.140615169 0.0250139965 -4.20574004e-08 -2.81018564e-08 1
LGIC_C 202 -0.0229994315 -0.315298166 0.0250139975 2.48392553e-08 4.34088306e-08 1
LGIC_C 203 -0.176661382 -0.0702798075 0.0250139901 5.7878436e-08 -4.89847332e-08 1
LGIC_C 204 -0.361330599 0.548067427 0.0250140165 2.8101852e-08 -4.20574041e-08 1
LGIC_C 205 -0.0838442311 0.243514148 0.0250139962 9.86805557e-09 -4.96100883e-08 1
LGIC_C 206 0.618940338 -0.364008856 0.025014015 -3.68002179e-08 2.45891393e-08 1
LGIC_C 207 -0.126187615 -0.452189096 0.0250140032 -4.89847109e-08 5.78784581e-08 1
LGIC_C 208 -0.530354699 0.363209607 0.0250140136 -4.82586679e-08 1.31306769e-08 -1
LGIC_C 209 -0.00815811563 -0.00667875792 0.0250139848 -1.17760821e-07 -7.86851768e-08 -1
LGIC_C 210 0.045912396 0.23874321 0.0250139956 -9.86806672e-09 -4.96100854e-08 1
LGIC_C 211 0.610465524 -0.166537385 0.0250140205 -5.78784275e-08 1.15127558e-08 1
LGIC_C 212 -0.350637079 -0.466420552 0.0250140095 -5.56021111e-08 -1.45571543e-08 -1
LGIC_C 213 0.405719884 -0.441773675 0.0250140132 -2.81018481e-08 4.20574137e-08 1
LGIC_C 214 0.495220016 -0.104093476 0.0250140056 -4.34088226e-08 8.63456802e-09 1
LGIC_C 215 -0.42540573 -0.055624266 0.0250140022 4.34088238e-08 8.63459484e-09 1
LGIC_C 216 0.185975811 -0.163669425 0.0250139954 -3.05989503e-08 3.95603122e-08 1
LGIC_C 217 0.502693806 -0.401604174 0.0250140195 -3.37890406e-08 4.80634332e-08 1
LGIC_C 218 -0.244275771 0.385601632 0.0250140051 1.31306824e-08 -4.82586643e-08 1
LGIC_C 219 -0.202702587 -0.436507236 0.0250140046 3.95603082e-08 3.05989652e-08 1
LGIC_C 220 -0.716300868 -0.344765314 0.0250140181 3.68002489e-08 2.45891179e-08 1
LGIC_C 221 0.703203751 -0.464671005 0.0177371337 0.827616944 -0.552996408 0.0961517878
LGIC_C 222 -0.589080483 -0.179854241 0.0250140073 -4.96100919e-08 2.90231703e-08 -1
LGIC_C 223 0.284663801 0.414732665 0.0250140109 -4.80634192e-08 -3.37890445e-08 1
LGIC_C 224 -0.350725876 0.0771735199 0.0250139984 4.96100851e-08 2.90231542e-08 1
LGIC_C 225 0.178976878 -0.629719696 0.0250140121 -8.63454093e-09 4.34088369e-08 1
LGIC_C 226 0.352990542 -0.220267999 0.0250140016 -3.68002179e-08 2.45891393e-08 1
LGIC_C 227 -0.187420055 0.486994774 0.025014006 8.63455111e-09 -4.34088279e-08 1
LGIC_C 228 0.263492288 -0.332480217 0.0250140027 -1.31306721e-08 4.82586744e-08 1
LGIC_C 229 -0.540264726 -0.0730025527 0.0250140073 4.34088238e-08 8.63459484e-09 1
LGIC_C 230 -0.684641109 -0.212224623 0.0250140073 -4.34088282e-08 2.70157287e-08 -1
LGIC_C 231 0.532569693 0.262401673 0.0250140139 3.37890593e-08 4.80634111e-08 -1
LGIC_C 232 -0.25283617 0.75074007 0.025014018 8.63455111e-09 -4.34088279e-08 1
LGIC_C 233 0.335806752 0.245571106 0.0250140027 -4.82586616e-08 -1.31306776e-08 1
LGIC_C 234 -0.0920590295 -0.453763314 0.0250140037 8.63456455e-09 4.34088336e-08 1
LGIC_C 235 0.270748506 0.4454044 0.0250140096 -2.81018716e-08 -4.20573923e-08 1
LGIC_C 236 0.302539192 -0.0279051779 0.0250139971 -4.34088182e-08 2.48392526e-08 1
LGIC_C 237 0.66330849 -0.0315264605 0.0250140171 -4.96100802e-08 3.14742968e-08 1
LGIC_C 238 -0.140491717 0.00722115886 0.025013991 5.7878425e-08 4.89846948e-08 1
LGIC_C 239 0.509393587 -0.28032114 0.0250140125 -4.20573976e-08 2.81018683e-08 1
LGIC_C 240 0.103644551 -0.160048611 0.0250139937 -1.28239349e-08 5.73353226e-08 1
LGIC_C 241 -0.113216577 0.242615683 0.0250139967 2.8101852e-08 -4.20574041e-08 1
LGIC_C 242 0.620121429 -0.315582906 0.0250140193 -3.37890406e-08 4.80634332e-08 1
LGIC_C 243 -0.628911131 0.233360119 0.0250140168 4.96100897e-08 -9.86805572e-09 1
LGIC_C 244 0.576088925 -0.193543268 0.0250140188 -5.78784275e-08 1.15127558e-08 1
LGIC_C 245 -0.501822427 -0.462863156 0.0250140163 1.45571809e-08 5.5602105e-08 1
LGIC_C 246 0.406701437 0.454359073 0.02501401 -2.45891309e-08 -3.68002211e-08 1
LGIC_C 247 -0.471359535 0.642576584 0.0250140185 2.45891128e-08 -3.68002333e-08 1
LGIC_C 248 0.14628162 -0.113966632 0.0250139914 -3.68002179e-08 2.45891393e-08 1
LGIC_C 249 0.475399382 -0.000531598591 0.0250140068 -4.96100802e-08 3.14742968e-08 1
LGIC_C 250 0.222962358 0.499412915 0.0250140108 -4.80634192e-08 -3.37890445e-08 1
LGIC_C 251 0.0276792583 0.669140946 0.0250140163 -6.33660387e-09 4.96100877e-08 -1
LGIC_C 252 0.125946092 0.572811516 0.0250140156 -3.14742949e-08 -4.96100822e-08 1
LGIC_C 253 0.498101637 0.332736322 0.0250140116 -4.82586616e-08 -1.31306776e-08 1
LGIC_C 254 -0.45574584 0.29210278 0.0250140127 3.37890593e-08 -4.80634052e-08 1
LGIC_C 255 -0.807971948 -0.0836599921 0.0250140161 -4.34088282e-08 2.70157287e-08 -1
LGIC_C 256 -0.304625582 0.546402317 0.0250140109 2.45891128e-08 -3.68002333e-08 1
LGIC_C 257 0.300581686 0.304037672 0.0250140019 1.3130701e-08 4.82586573e-08 -1
LGIC_C 258 -0.243738225 0.544982919 0.0250140093 2.45891128e-08 -3.68002333e-08 1
LGIC_C 259 0.2792581 -0.311622389 0.0250140077 -3.27854948e-08 4.90669785e-08 1
LGIC_C 260 0.000201628789 -0.575546649 0.0250140118 9.8680833e-09 4.96100963e-08 1
LGIC_C 261 0.0912034834 0.612485845 0.0250140106 -8.63455884e-09 -4.34088253e-08 1
LGIC_C 262 -0.355810755 0.321175617 0.0250140073 4.20574045e-08 -2.81018523e-08 1
LGIC_C 263 -0.68622494 -0.284127991 0.0250140054 -4.34088282e-08 2.70157287e-08 -1
LGIC_C 264 0.444760287 -0.327343357 0.0250140076 -3.68002179e-08 2.45891393e-08 1
LGIC_C 265 0.210340272 0.030225443 0.025013994 -4.96100911e-08 -9.86803575e-09 1
LGIC_C 266 -0.141247778 -0.353760643 0.0250140021 2.48392553e-08 4.34088306e-08 1
LGIC_C 267 -0.269102236 -0.252957874 0.0250140012 1.45571809e-08 5.5602105e-08 1
LGIC_C 268 -0.0636795615 -0.509770053 0.0250140067 -2.90231482e-08 4.96101036e-08 1
LGIC_C 269 -0.0412324881 0.664466951 0.025014016 -6.33661298e-09 -4.96100859e-08 1
LGIC_C 270 -0.0938906414 -0.0947782373 0.025013991 7.55636799e-08 6.2887973e-09 1
LGIC_C 271 -0.488654592 -0.449790434 0.0250140123 3.68002489e-08 2.45891179e-08 1
LGIC_C 272 -0.405335929 0.301453279 0.0250140068 -4.82586679e-08 1.31306769e-08 -1
LGIC_C 273 0.703145261 -0.161646234 0.0250140178 -4.34088182e-08 2.48392526e-08 1
LGIC_C 274 -0.343922412 0.384711318 0.0250140059 2.45891128e-08 -3.68002333e-08 1
LGIC_C 275 0.0473021975 -0.558260706 0.0250140106 6.33663526e-09 4.9610097e-08 1
LGIC_C 276 -0.153943214 -0.4941916 0.0250140033 -2.90231482e-08 4.96101036e-08 1
LGIC_C 277 0.654092672 -0.0657067315 0.0250140177 -4.96100802e-08 3.14742968e-08 1
LGIC_C 278 0.297199563 0.287011128 0.0250140012 -3.68002282e-08 -2.45891172e-08 1
LGIC_C 279 0.0657655732 -0.123563232 0.0250139894 -2.45891087e-08 3.68002429e-08 1
LGIC_C 280 -0.294721223 -0.140813333 0.0250139954 1.45571809e-08 5.5602105e-08 1
LGIC_C 281 0.349819421 0.58834574 0.0250140199 -4.80634192e-08 -3.37890445e-08 1
LGIC_C 282 -0.275088392 -0.458836024 0.0250140082 3.95603082e-08 3.05989652e-08 1
LGIC_C 283 -0.257324594 -0.498181343 0.0250140059 7.55636799e-08 6.2887973e-09 1
LGIC_C 284 0.218779909 -0.760297556 0.0250140181 -8.63454093e-09 4.34088369e-08 1
LGIC_C 285 -0.253853574 0.495633681 0.0250140159 3.27854968e-08 -4.90669676e-08 1
LGIC_C 286 -0.508857081 0.00831509601 0.0250140083 4.96100851e-08 2.90231542e-08 1
LGIC_C 287 -0.0683542432 -0.123369042 0.0250139895 2.45891453e-08 3.68002268e-08 1
LGIC_C 288 0.0195477326 -0.330666322 0.0250139995 6.33663526e-09 4.9610097e-08 1
LGIC_C 289 0.014861446 -0.0089059027 0.025013984 -3.68002179e-08 2.45891393e-08 1
LGIC_C 290 -0.348222739 -0.502305113 0.0250140142 2.81018674e-08 4.20574117e-08 1
LGIC_C 291 -0.469375632 0.416673672 0.0250140108 3.68002297e-08 -2.45891157e-08 1
LGIC_C 292 0.432063806 0.464082524 0.0250140149 -2.81018716e-08 -4.20573923e-08 1
LGIC_C 293 -0.629041622 -0.0218000449 0.0250140138 -4.96100919e-08 2.90231703e-08 -1
LGIC_C 294 0.0585633938 -0.184045754 0.0250139946 -1.15127059e-08 5.78784511e-08 1
LGIC_C 295 -0.160676167 0.148205867 0.0250139955 6.28881943e-09 -7.55636452e-08 1
LGIC_C 296 0.512667957 0.27910347 0.0250140126 -4.20574004e-08 -2.81018564e-08 1
LGIC_C 297 0.032394073 0.328921736 0.0250139978 -8.63455884e-09 -4.34088253e-08 1
LGIC_C 298 0.0382796204 -0.501978486 0.0250140085 -9.86804037e-09 4.96101e-08 1
LGIC_C 299 -0.119769089 -0.314816939 0.025014 9.8680833e-09 4.96100963e-08 1
LGIC_C 300 0.429504994 -0.0372147699 0.0250140028 -4.34088182e-08 2.48392526e-08 1
LGIC_C 301 0.0817445936 0.375898488 0.0250140003 -8.63455884e-09 -4.34088253e-08 1
LGIC_C 302 0.387991732 0.358771893 0.0250140096 -4.20574004e-08 -2.81018564e-08 1
LGIC_C 303 -0.0232695195 0.352974241 0.025014001 9.86805557e-09 -4.96100883e-08 1
LGIC_C 304 -0.184231884 0.381630495 0.0250140041 1.31306824e-08 -4.82586643e-08 1
LGIC_C 305 -0.437925227 0.24903491 0.0250140055 3.68002297e-08 -2.45891157e-08 1
LGIC_C 306 0.171742249 0.10147076 0.0250139939 3.37890593e-08 4.80634111e-08 -1
LGIC_C 307 -0.409610099 0.275530984 0.0250140067 -4.82586679e-08 1.31306769e-08 -1
LGIC_C 308 0.629050422 -0.246177475 0.0250140127 -4.34088226e-08 8.63456802e-09 1
LGIC_C 309 0.13721713 0.123953002 0.0250139913 -3.68002282e-08 -2.45891172e-08 1
LGIC_C 310 0.107013666 0.809411749 0.0250140193 -8.63455884e-09 -4.34088253e-08 1
LGIC_C 311 0.54740899 0.606249094 0.025014019 -2.45891309e-08 -3.68002211e-08 1
LGIC_C 312 0.28593551 0.221061288 0.0250140015 -4.20574004e-08 -2.81018564e-08 1
LGIC_C 313 0.680761379 0.360840268 0.0250140172 -3.68002282e-08 -2.45891172e-08 1
LGIC_C 314 -0.235840526 0.503256607 0.0250140076 2.45891128e-08 -3.68002333e-08 1
LGIC_C 315 -0.0635324001 0.0249145683 0.0250139867 4.96100897e-08 -9.86805572e-09 1
LGIC_C 316 -0.247051712 -0.207625464 0.0250140005 6.28883752e-09 7.55636663e-08 1
LGIC_C 317 -0.419964821 -0.199792625 0.0250140036 3.68002489e-08 2.45891179e-08 1
LGIC_C 318 -0.21315245 -0.34184921 0.0250140001 -5.56021111e-08 -1.45571543e-08 -1
LGIC_C 319 -0.522159992 -0.0709793134 0.025014004 -4.34088282e-08 2.70157287e-08 -1
LGIC_C 320 0.405815277 0.564556842 0.0250140184 -2.81018716e-08 -4.20573923e-08 1
LGIC_C 321 0.595532641 -0.29146036 0.0250140174 -3.37890406e-08 4.80634332e-08 1
LGIC_C 322 0.547088043 0.206017475 0.0250140173 -5.78784335e-08 -1.15127284e-08 1
LGIC_C 323 -0.315051726 -0.660283357 0.0250140199 2.81018674e-08 4.20574117e-08 1
LGIC_C 324 0.00749503323 0.687784262 0.0250140173 -6.33660387e-09 4.96100877e-08 -1
LGIC_C 325 0.457294503 0.656470715 0.0250140187 -2.45891309e-08 -3.68002211e-08 1
LGIC_C 326 0.163086617 0.611268268 0.0250140126 -6.33660387e-09 4.96100877e-08 -1
LGIC_C 327 -0.310228658 -0.0280089574 0.0250139979 -4.96100919e-08 2.90231703e-08 -1
LGIC_C 328 -0.433851918 0.023851467 0.0250140027 4.34088279e-08 -2.48392273e-08 1
LGIC_C 329 0.654487518 -0.209496095 0.0250140178 -4.96100859e-08 9.86807898e-09 1
LGIC_C 330 0.385712389 -0.0648592086 0.0250140044 -4.96100802e-08 3.14742968e-08 1
LGIC_C 331 0.255030897 -0.0747916875 0.0250139962 -4.34088182e-08 2.48392526e-08 1
LGIC_C 332 -0.0447172781 -0.331009229 0.0250140001 9.8680833e-09 4.96100963e-08 1
LGIC_C 333 0.46612227 0.167256643 0.0250140049 -4.34088272e-08 -8.63453573e-09 1
LGIC_C 334 0.241002501 0.811415479 0.0106877987 0.194186548 0.976240951 0.0961519121
LGIC_C 335 0.199829497 0.596225069 0.0250140116 -6.33660387e-09 4.96100877e-08 -1
LGIC_C 336 -0.7418117 0.00171375016 0.0250140155 4.34088279e-08 -2.48392273e-08 1
LGIC_C 337 -0.0454725085 -0.00918807987 0.0250139853 -4.96100919e-08 2.90231703e-08 -1
LGIC_C 338 -0.164717461 0.301535858 0.0250139984 2.45891128e-08 -3.68002333e-08 1
LGIC_C 339 0.181651259 -0.222329917 0.0250139963 -1.31306721e-08 4.82586744e-08 1
LGIC_C 340 -0.316330574 0.603427294 0.0250140175 2.8101852e-08 -4.20574041e-08 1
LGIC_C 341 -0.0479917425 -0.727383131 0.0250140152 8.63456455e-09 4.34088336e-08 1
LGIC_C 342 -0.851765577 -0.0340649776 0.0186633452 -0.976240825 -0.194187339 0.0961515894
LGIC_C 343 0.255794183 0.455057478 0.0250140086 1.3130701e-08 4.82586573e-08 -1
LGIC_C 344 -0.118519526 0.0411402109 0.0250139881 5.7878425e-08 4.89846948e-08 1
LGIC_C 345 -0.100864422 -0.113806287 0.0250139916 7.55636799e-08 6.2887973e-09 1
LGIC_C 346 0.353444615 0.342836573 0.0250140047 -3.68002282e-08 -2.45891172e-08 1
LGIC_C 347 0.44975294 -0.213080289 0.0250140123 -4.90669481e-08 3.27855328e-08 1
LGIC_C 348 -0.139255885 -0.621534942 0.0250140154 9.8680833e-09 4.96100963e-08 1
LGIC_C 349 -0.178778966 -0.538664966 0.0250140048 -2.90231482e-08 4.96101036e-08 1
LGIC_C 350 -0.255299167 0.395444432 0.0250140041 2.45891128e-08 -3.68002333e-08 1
LGIC_C 351 -0.117294213 0.0569778323 0.02501399 3.37890593e-08 -4.80634052e-08 1
LGIC_C 352 -0.161198189 -0.367448857 0.0250140009 3.95603082e-08 3.05989652e-08 1
LGIC_C 353 -0.326742906 0.16023598 0.0250140015 4.20574045e-08 -2.81018523e-08 1
LGIC_C 354 0.137627477 0.225226383 0.0250139966 -2.81018716e-08 -4.20573923e-08 1
LGIC_C 355 0.0999105361 -0.570901839 0.0250140153 1.00935263e-08 5.7878447e-08 1
LGIC_C 356 0.116685935 0.724218442 0.0250140157 -8.63455884e-09 -4.34088253e-08 1
LGIC_C 357 0.757675829 0.160982532 0.0250140198 -4.96100869e-08 6.3366408e-09 1
LGIC_C 358 0.0389444458 -0.0204268213 0.0250139858 -4.90669481e-08 3.27855328e-08 1
LGIC_C 359 -0.215494749 0.190413478 0.025013999 6.28881943e-09 -7.55636452e-08 1
LGIC_C 360 -0.482286741 0.418317003 0.0250140113 3.68002297e-08 -2.45891157e-08 1
LGIC_C 361 0.588535054 -0.154775417 0.025014014 -4.96100859e-08 9.86807898e-09 1
LGIC_C 362 -0.410794738 -0.115278221 0.0250140003 -4.96100919e-08 2.90231703e-08 -1
LGIC_C 363 -0.393982024 0.393257287 0.0250140109 4.20574045e-08 -2.81018523e-08 1
LGIC_C 364 0.116666767 0.136123683 0.0250139938 -3.27855134e-08 -4.90669575e-08 1
LGIC_C 365 0.602451099 -0.316176732 0.0250140174 -4.20573976e-08 2.81018683e-08 1
LGIC_C 366 -0.290798246 -0.69767419 0.0250140161 3.95603082e-08 3.05989652e-08 1
LGIC_C 367 0.396183791 -0.165338544 0.0250140019 -3.05989503e-08 3.95603122e-08 1
LGIC_C 368 -0.11056888 -0.274604534 0.0250139979 2.48392553e-08 4.34088306e-08 1
LGIC_C 369 -0.0916899246 -0.595539051 0.0250140101 -2.90231482e-08 4.96101036e-08 1
LGIC_C 370 -0.384970146 -0.557244951 0.0250140132 2.45891453e-08 3.68002268e-08 1
LGIC_C 371 0.186230789 0.103751057 0.0250139926 -3.68002282e-08 -2.45891172e-08 1
LGIC_C 372 -0.0785529213 0.450867881 0.0250140035 8.63455111e-09 -4.34088279e-08 1
LGIC_C 373 -0.551793131 0.543019566 0.0250140169 3.68002297e-08 -2.45891157e-08 1
LGIC_C 374 0.0711977847 -0.213789227 0.0250139934 6.33663526e-09 4.9610097e-08 1
LGIC_C 375 0.167380114 -0.614371889 0.0250140171 1.00935263e-08 5.7878447e-08 1
LGIC_C 376 0.408773987 0.389951134 0.0250140114 -4.20574004e-08 -2.81018564e-08 1
LGIC_C 377 0.321677684 0.154647817 0.0250139989 -3.68002282e-08 -2.45891172e-08 1
LGIC_C 378 -0.652514941 0.0820907023 0.0250140132 4.96100851e-08 2.90231542e-08 1
LGIC_C 379 -0.0119031093 -0.516972586 0.025014009 9.8680833e-09 4.96100963e-08 1
LGIC_C 380 0.0898585786 0.610124581 0.0250140144 -9.86806672e-09 -4.96100854e-08 1
LGIC_C 381 0.0176205705 0.626800465 0.0250140145 -9.86806672e-09 -4.96100854e-08 1
LGIC_C 382 0.599751 -0.284973867 0.0250140172 -3.37890406e-08 4.80634332e-08 1
LGIC_C 383 0.337264436 -0.51152888 0.0250140194 -3.27854948e-08 4.90669785e-08 1
LGIC_C 384 -0.477134578 -0.381206694 0.025014015 6.28883752e-09 7.55636663e-08 1
LGIC_C 385 0.623726304 0.0604617942 0.02501402 -5.78784335e-08 -1.15127284e-08 1
LGIC_C 386 0.525979717 -0.473828926 0.0250140142 -3.68002179e-08 2.45891393e-08 1
LGIC_C 387 0.529658934 -0.258292708 0.0250140135 -3.37890406e-08 4.80634332e-08 1
LGIC_C 388 0.000109268318 0.470293297 0.0250140066 9.86805557e-09 -4.96100883e-08 1
LGIC_C 389 0.345653566 -0.373385977 0.0250140129 -3.27854948e-08 4.90669785e-08 1
LGIC_C 390 0.529755683 0.0282782008 0.0250140093 -4.96100869e-08 6.3366408e-09 1
LGIC_C 391 -0.206193918 0.114707905 0.0250139958 3.37890593e-08 -4.80634052e-08 1
LGIC_C 392 -0.21675679 -0.573178184 0.0250140054 -2.90231482e-08 4.96101036e-08 1
LGIC_C 393 0.00536628727 -0.301100898 0.0250139964 -8.63454093e-09 4.34088369e-08 1
LGIC_C 394 0.411911194 0.625743513 0.0250140164 -2.45891309e-08 -3.68002211e-08 1
LGIC_C 395 0.334742213 0.474689928 0.0250140106 1.3130701e-08 4.82586573e-08 -1
LGIC_C 396 0.276134703 0.387468288 0.0250140056 1.3130701e-08 4.82586573e-08 -1
LGIC_C 397 -0.646169963 0.214601224 0.0250140132 4.34088259e-08 -8.63455061e-09 1
LGIC_C 398 -0.558149243 0.232104563 0.0250140133 3.37890593e-08 -4.80634052e-08 1
LGIC_C 399 0.59737436 -0.154198273 0.0250140177 -4.96100802e-08 3.14742968e-08 1
