VGCC_O 8 -0.134706799 0.0161271258 0.0466933331 -1.62059677e-06 3.22356891e-07 -1
VGCC_O 2 0.119933892 -0.04777957 0.0466929781 -1.41802115e-06 2.82063236e-07 -1
VGCC_O 1 -0.126159285 0.0151063295 0.0466933189 -1.62059625e-06 3.22356338e-07 -1
VGCC_O 4 -0.108229728 0.00324736392 0.0466932869 -8.10297798e-07 1.61178104e-07 -1
CaBS 10 0.114561402 -0.0100440378 0.0580068452 0.321328636 0.750213906 -0.577864173
CaBS 11 0.114361036 -0.0184334033 0.083942103 0.333750516 0.131703927 0.933415593
CaBS 12 0.0913820044 -0.0189180353 0.0775604651 -0.748611723 0.322508223 0.579283121
CaBS 13 0.105983677 -0.0224854355 0.0534560809 -0.333750671 -0.131704002 -0.933415527
CaBS 14 0.122455035 -0.0162100726 0.0631994961 0.999896301 0.01419805 -0.0024089266
CaBS 15 0.11523584 -0.0192260444 0.0557119367 0.329239702 0.132369043 -0.934922272
CaBS 16 0.106928236 -0.0361575309 0.0717281679 0.34654604 -0.867983022 0.355684293
CaBS 17 0.111705639 -0.00386529258 0.0750274186 0.324116486 0.74980293 0.576839726
CaBS 18 0.0974722587 -0.0155650282 0.0558622692 -0.751399618 0.322919164 -0.575431861
CaBS 19 0.0945215298 -0.00635040299 0.0671889999 -0.346545998 0.867982935 -0.355684546
CaBS 20 0.106796777 -0.0356172888 0.0663069642 0.344822999 -0.867728964 -0.357971429
CaBS 21 0.103359829 -0.00398216823 0.064357025 -0.346545998 0.867982935 -0.355684546
CaBS 22 0.10216911 -0.0272356031 0.0556598771 -0.324116536 -0.749802846 -0.576839807
CaBS 23 0.117854183 -0.0241202048 0.0597959212 0.748611785 -0.322508546 -0.579282861
CaBS 24 0.11607086 -0.0212088824 0.0836472081 0.751399702 -0.322919474 0.575431578
CaBS 25 -0.091062505 0.0156286597 0.0577028428 0.329239713 0.132369034 -0.93492227
CaBS 26 -0.0874910406 0.0101321834 0.0640212677 0.999896301 0.0141980506 -0.0024089266
CaBS 28 -0.112088035 0.00235114434 0.0585890632 -0.324116588 -0.749802884 -0.576839729
CaBS 29 -0.097991942 0.0283965756 0.0719174165 0.324116492 0.749802901 0.576839761
CaBS 31 -0.0895231308 -0.00121974815 0.0688248586 0.344822933 -0.867729023 -0.35797135
CaBS 38 -0.107485749 -0.00143467191 0.0785434973 -0.321328736 -0.750213873 0.57786416
CaBS 39 -0.0875307014 0.013756287 0.0689191003 0.999896301 0.0141980506 -0.0024089266
Ca 6 0.0980151521 0.308587168 0.0829374811 0 0 0
Ca 8 -0.245315193 0.100622523 0.682681748 0 0 0
Ca 4 0.124874886 0.14500694 0.104515157 0 0 0
Ca 8 0.162067079 0.0420805034 0.276636167 0 0 0
Ca 7 0.0149235197 0.369835707 0.493330904 0 0 0
Ca 2 -0.231766212 0.287557198 0.466504465 0 0 0
Ca 1 0.411905606 0.378470163 0.210385782 0 0 0
Ca 7 -0.309389052 -0.25126324 0.743830146 0 0 0
Ca 4 0.467780862 0.581834593 0.286054296 0 0 0
Ca 6 -0.10445119 0.418763324 0.597390567 0 0 0
Ca 7 -0.534840197 -0.409292724 0.447879075 0 0 0
Ca 6 0.163666741 -0.0668890513 0.594923659 0 0 0
Ca 8 -0.0641899064 0.128328509 0.73701517 0 0 0
Ca 4 0.396833195 -0.413309187 0.271351134 0 0 0
Ca 7 0.131205346 0.185768023 0.0660516835 0 0 0
Ca 3 -0.178855335 -0.0956365938 0.199376447 0 0 0
Ca 1 -0.425955208 0.260104945 0.31689215 0 0 0
Ca 6 -0.292770135 0.449217439 0.658326388 0 0 0
Ca 6 -0.0474797549 0.126177758 0.609865975 0 0 0
Ca 6 0.0167540428 0.0791822301 0.703384234 0 0 0
Ca 1 -0.4816355 -0.181097121 0.351427425 0 0 0
Ca 4 0.219316839 -0.489430709 0.738319914 0 0 0
Ca 1 -0.311909714 0.210261302 0.357058365 0 0 0
Ca 8 0.0900591174 0.4580509 0.566244422 0 0 0
Ca 4 -0.0308860239 0.209905095 0.217448247 0 0 0
Ca 1 0.151855782 0.237662842 0.571688231 0 0 0
Ca 1 0.510583156 -0.032371492 0.278421177 0 0 0
Ca 4 0.0925406035 0.516134843 0.664966592 0 0 0
Ca 4 -0.473120939 0.299680763 0.223600787 0 0 0
Ca 8 0.219396876 0.193118433 0.0526768656 0 0 0
Ca 7 -0.0798745365 0.126728404 0.148783692 0 0 0
Ca 6 -0.329708424 -0.0843206006 0.387710299 0 0 0
Ca 7 0.148905105 0.08766901 0.120943317 0 0 0
Ca 4 -0.601220136 -0.522033394 0.270721613 0 0 0
Ca 1 -0.200871519 -0.270286192 0.330789081 0 0 0
Ca 4 -0.411639252 -0.519029982 0.148046347 0 0 0
Ca 6 -0.103828784 0.122242596 0.425350656 0 0 0
Ca 1 -0.169193075 0.645704064 0.334405228 0 0 0
Ca 8 -0.340480605 -0.0558862226 0.122151302 0 0 0
Ca 1 0.173873568 0.345735403 0.105290568 0 0 0
Ca 8 0.190479164 -0.429585722 0.25862006 0 0 0
Ca 1 0.103696013 0.468871268 0.429873636 0 0 0
Ca 6 0.128384394 -0.189300645 0.349897261 0 0 0
Ca 8 -0.0170908279 -0.0192103964 0.107947191 0 0 0
Ca 6 -0.361233831 -0.341525866 0.225934408 0 0 0
Ca 7 -0.429847179 -0.0106525115 0.380738991 0 0 0
Ca 7 -0.478544922 0.104808063 0.354255346 0 0 0
Ca 4 -0.151984296 0.48866008 0.161780029 0 0 0
Ca 7 0.0547186291 -0.272501061 0.438737375 0 0 0
Ca 1 -0.545308867 0.198128338 0.0469376487 0 0 0
Ca 4 -0.0785000578 0.103549053 0.208431874 0 0 0
Ca 7 -0.222369763 -0.656639497 0.264592077 0 0 0
Ca 6 -0.268252208 0.0951331339 0.41858891 0 0 0
Ca 1 -0.216430691 0.118687492 0.340543738 0 0 0
Ca 4 -0.227030291 0.222561333 0.20080532 0 0 0
Ca 7 -0.191698781 0.275097275 0.386795858 0 0 0
Ca 6 -0.465371928 -0.196534078 0.140423575 0 0 0
Ca 1 -0.29098675 0.183219368 0.16889588 0 0 0
Ca 4 -0.0696928345 0.187041866 0.231141203 0 0 0
Ca 1 -0.199873351 0.16983507 0.166547887 0 0 0
Ca 8 -0.449699714 -0.270283415 0.137355379 0 0 0
Ca 1 -0.298395749 -0.0920476908 0.17790645 0 0 0
Ca 4 -0.0279355845 -0.0863338901 0.177624273 0 0 0
Ca 8 -0.0947468887 -0.0953199663 0.305806128 0 0 0
Ca 7 -0.113299241 0.0940964412 0.4499866 0 0 0
Ca 8 -0.142808956 0.227733621 0.293149061 0 0 0
Ca 1 -0.598938154 0.0545856316 0.231464109 0 0 0
Ca 8 -0.41601176 0.304373711 0.234747259 0 0 0
Ca 6 -0.445278953 0.0224383273 0.303599698 0 0 0
Ca 6 -0.342553792 0.208353587 0.120561708 0 0 0
Ca 8 -0.438815065 0.242165112 0.109891338 0 0 0
Ca 8 -0.267408939 0.0274556822 0.19972198 0 0 0
Ca 4 -0.0463795645 -0.00755818796 0.104077483 0 0 0
Ca 8 -0.305622818 -0.0270903881 0.326708028 0 0 0
Ca 4 -0.124077072 0.0949466651 0.125657647 0 0 0
Ca 4 -0.241844821 0.0659305758 0.190020278 0 0 0
Ca 1 -0.183513384 0.208764048 0.140882388 0 0 0
Ca 6 -0.255318449 -0.0185440918 0.0707593471 0 0 0
Ca 8 -0.106814029 -0.02964099 0.282766638 0 0 0
Ca 7 -0.224093841 0.123857322 0.0753076406 0 0 0
Ca 6 0.0876930015 0.252670546 0.231945242 0 0 0
Ca 8 -0.00328020683 0.0177686529 0.202004585 0 0 0
Ca 6 -0.186175379 0.124038684 0.103120674 0 0 0
Ca 1 -0.0798819892 0.0883240459 0.238149462 0 0 0
Ca 1 -0.236177059 0.0466702298 0.111205527 0 0 0
Ca 6 -0.061545562 -0.0505989204 0.0522224333 0 0 0
Ca 8 -0.22260114 -0.00174967982 0.158066833 0 0 0
Ca 1 -0.118198328 0.0165716381 0.0466836055 0 0 0
Ca 4 -0.141999611 0.0574330424 0.0563059672 0 0 0
Ca 6 -0.120255219 0.0127728769 0.0466895014 0 0 0
Ca 4 -0.104793758 0.0303300119 0.0466408851 0 0 0
Ca 7 -0.146418438 -0.00208753885 0.0466286893 0 0 0
VGCC_O 3 0.0772568984 -0.00428239309 0.046693036 -1.41802159e-06 2.82063681e-07 -1
VGCC_O 6 -0.12622171 0.0241576588 0.046693322 -1.62059677e-06 3.22356891e-07 -1
VGCC_O 9 0.0953603447 -0.018533153 0.0466930096 -1.14792244e-06 -1.24564753e-07 -1
VGCC_O 0 0.11238887 -0.0311459409 0.0466929927 -1.01287282e-06 -1.51427976e-07 -1
VGCC_O 7 -0.137449801 0.00579357966 0.0466933342 -1.62059625e-06 3.22356338e-07 -1
VGCC_O 5 0.113746944 -0.0200409323 0.0466929896 -1.01287282e-06 -1.51427976e-07 -1
TAG 41 -0.105784995 0.0105052503 0.0536665039 -0.333750681 -0.131703993 -0.933415524
TAG 55 -0.119337383 0.0151637023 0.0699872324 -0.999896295 -0.0141984574 0.00240892698
TAG 54 -0.104785227 0.0261860029 0.076486355 -0.344822968 0.867728888 0.357971643
TAG 53 -0.089146311 -0.000197085518 0.0670554248 0.74861179 -0.322508554 -0.579282851
TAG 52 -0.119278263 0.0119799944 0.0757618237 -0.999896295 -0.0141984574 0.00240892698
TAG 51 -0.102448777 0.00747370566 0.0865367572 -0.329239868 -0.132369105 0.934922205
TAG 45 -0.113699624 0.0170707545 0.0588716642 -0.751399624 0.322919173 -0.575431849
TAG 44 -0.11923843 0.00668793202 0.0611035411 -0.999896295 -0.0141984574 0.00240892698
LGIC_C 0 0.52692496 0.232135391 0.0250140122 3.37890593e-08 4.80634111e-08 -1
LGIC_C 1 -0.357537015 0.0428198845 0.0250139992 4.34088259e-08 -8.63455061e-09 1
LGIC_C 2 -0.576464048 0.0854021608 0.0250140127 4.96100897e-08 -9.86805572e-09 1
LGIC_C 3 0.242980522 -0.654331794 0.0250140181 -9.86804037e-09 4.96101e-08 1
LGIC_C 4 -0.408013555 -0.234098336 0.0250140035 6.28883752e-09 7.55636663e-08 1
LGIC_C 5 0.0345799469 -0.530491438 0.0250140136 1.00935263e-08 5.7878447e-08 1
LGIC_C 6 -0.315074361 0.464127716 0.0250140139 1.28239438e-08 -5.73353116e-08 1
LGIC_C 7 -0.691215486 0.426664381 0.0250140192 3.68002297e-08 -2.45891157e-08 1
LGIC_C 8 -0.181095093 0.27443492 0.0250139978 2.45891128e-08 -3.68002333e-08 1
LGIC_C 9 -0.450645971 -0.259858654 0.0250140057 6.28883752e-09 7.55636663e-08 1
LGIC_C 10 -0.414824817 -0.610621414 0.0250140183 3.95603082e-08 3.05989652e-08 1
LGIC_C 11 0.137821723 0.562167383 0.0250140103 -6.33660387e-09 4.96100877e-08 -1
LGIC_C 12 0.378665102 0.162611949 0.0250140072 -4.90669739e-08 -3.27854893e-08 1
LGIC_C 13 0.728230114 -0.105606637 0.0250140204 -4.96100859e-08 9.86807898e-09 1
LGIC_C 14 0.659274645 0.252271324 0.0250140143 -4.96100869e-08 6.3366408e-09 1
LGIC_C 15 -0.460727658 -0.348539092 0.0250140083 5.39043203e-09 6.47688584e-08 1
LGIC_C 16 0.642473787 -0.165279999 0.0250140167 -4.96100859e-08 9.86807898e-09 1
LGIC_C 17 -0.533052368 0.350242146 0.0250140136 -4.82586679e-08 1.31306769e-08 -1
LGIC_C 18 0.296206796 -0.485000275 0.0250140119 -2.81018481e-08 4.20574137e-08 1
LGIC_C 19 -0.328909613 0.260761942 0.0250140069 3.37890593e-08 -4.80634052e-08 1
LGIC_C 20 0.113195215 -0.418471596 0.0250140088 -1.15127059e-08 5.78784511e-08 1
LGIC_C 21 -0.0140790356 -0.156942646 0.0250139906 -2.90231482e-08 4.96101036e-08 1
LGIC_C 22 0.141860545 0.600161883 0.0250140144 -9.86806672e-09 -4.96100854e-08 1
LGIC_C 23 -0.435530975 0.403926225 0.0250140092 3.68002297e-08 -2.45891157e-08 1
LGIC_C 24 0.119451121 0.440417975 0.0250140063 -9.86806672e-09 -4.96100854e-08 1
LGIC_C 25 0.379352532 -0.00253249041 0.0250139997 -4.34088226e-08 8.63456802e-09 1
LGIC_C 26 -0.0453048192 0.278399879 0.0250139999 1.15127271e-08 -5.78784352e-08 1
LGIC_C 27 -0.259390501 0.520133482 0.0250140173 3.27854968e-08 -4.90669676e-08 1
LGIC_C 28 0.704089482 0.111342553 0.0250140148 -4.34088272e-08 -8.63453573e-09 1
LGIC_C 29 -0.613151897 -0.106228037 0.0250140136 5.7878436e-08 -4.89847332e-08 1
LGIC_C 30 0.663431946 0.155419487 0.0250140152 -4.96100869e-08 6.3366408e-09 1
LGIC_C 31 -0.399887531 -0.407005973 0.0250140115 3.95603082e-08 3.05989652e-08 1
LGIC_C 32 0.0778527872 0.0873752256 0.0250139891 -2.81018716e-08 -4.20573923e-08 1
LGIC_C 33 -0.0279778986 0.633172186 0.025014011 8.63455111e-09 -4.34088279e-08 1
LGIC_C 34 0.25988296 -0.495586495 0.0250140161 -3.27854948e-08 4.90669785e-08 1
LGIC_C 35 -0.162593926 -0.514374539 0.025014004 -2.90231482e-08 4.96101036e-08 1
LGIC_C 36 0.538311628 -0.616712583 0.0250140192 -2.45891087e-08 3.68002429e-08 1
LGIC_C 37 0.12041534 0.787814201 0.0250140185 -8.63455884e-09 -4.34088253e-08 1
LGIC_C 38 0.734665894 -0.323119407 0.0250140185 -3.05989503e-08 3.95603122e-08 1
LGIC_C 39 0.694008346 0.313292456 0.0250140165 -3.68002282e-08 -2.45891172e-08 1
LGIC_C 40 -0.684500277 0.0395676677 0.025014014 4.34088279e-08 -2.48392273e-08 1
LGIC_C 41 -0.528691637 0.609224904 0.0250140187 2.45891128e-08 -3.68002333e-08 1
LGIC_C 42 -0.273179138 -0.661360199 0.0250140143 8.63456455e-09 4.34088336e-08 1
LGIC_C 43 -0.547520301 -0.502128997 0.0250140146 1.15916899e-08 4.97976879e-08 1
LGIC_C 44 0.361171198 0.56583497 0.0250140153 1.3130701e-08 4.82586573e-08 -1
LGIC_C 45 0.00700518107 -0.257459028 0.025013996 6.33663526e-09 4.9610097e-08 1
LGIC_C 46 -0.211216109 -0.211647763 0.0250139981 5.39043203e-09 6.47688584e-08 1
LGIC_C 47 0.498671841 -0.188058538 0.0250140143 -5.78784275e-08 1.15127558e-08 1
LGIC_C 48 -0.0966529033 -0.376528519 0.0250140004 8.63456455e-09 4.34088336e-08 1
LGIC_C 49 -0.500543005 -0.185914055 0.0250140066 4.34088238e-08 8.63459484e-09 1
LGIC_C 50 0.232799349 -0.328147457 0.025014007 -3.27854948e-08 4.90669785e-08 1
LGIC_C 51 -0.565406506 -0.0035068824 0.0250140078 4.34088238e-08 8.63459484e-09 1
LGIC_C 52 0.637224209 -0.185585354 0.0250140155 -4.34088182e-08 2.48392526e-08 1
LGIC_C 53 0.335714088 -0.0726046944 0.0250139996 -4.34088182e-08 2.48392526e-08 1
LGIC_C 54 -0.0472999544 -0.223870462 0.0250139939 -4.89847109e-08 5.78784581e-08 1
LGIC_C 55 0.382917982 0.477307267 0.0250140102 -2.45891309e-08 -3.68002211e-08 1
LGIC_C 56 -0.110878836 -0.212311106 0.0250139925 -5.56021111e-08 -1.45571543e-08 -1
LGIC_C 57 -0.0843113836 0.425050432 0.025014007 -3.14742797e-08 4.96100914e-08 -1
LGIC_C 58 0.46328385 -0.0919866692 0.0250140056 -4.34088182e-08 2.48392526e-08 1
LGIC_C 59 -0.458227712 -0.223855633 0.0250140024 1.45571809e-08 5.5602105e-08 1
LGIC_C 60 0.0769169583 0.524916823 0.0250140117 -3.14742949e-08 -4.96100822e-08 1
LGIC_C 61 -0.397723875 0.331221561 0.0250140093 4.20574045e-08 -2.81018523e-08 1
LGIC_C 62 -0.0231922738 0.400201635 0.0250140039 -3.14742797e-08 4.96100914e-08 -1
LGIC_C 63 0.202967255 -0.0517412728 0.0250139938 -4.96100859e-08 9.86807898e-09 1
LGIC_C 64 -0.246635603 0.00450826306 0.0250139973 5.7878425e-08 4.89846948e-08 1
LGIC_C 65 0.00266175427 0.300339866 0.0250139982 -9.86806672e-09 -4.96100854e-08 1
LGIC_C 66 -0.260058072 -0.337307179 0.0250140021 2.45891453e-08 3.68002268e-08 1
LGIC_C 67 -0.461897998 0.436736634 0.0250140192 6.28881943e-09 -7.55636452e-08 1
LGIC_C 68 -0.664009675 -0.122192129 0.0250140088 -4.34088282e-08 2.70157287e-08 -1
LGIC_C 69 -0.718296736 -0.367921398 0.0250140187 3.68002489e-08 2.45891179e-08 1
LGIC_C 70 -0.0197201071 0.391678847 0.0250140004 8.63455111e-09 -4.34088279e-08 1
LGIC_C 71 0.526251992 0.127261254 0.0250140152 -5.78784335e-08 -1.15127284e-08 1
LGIC_C 72 0.163063399 0.393878437 0.0250140018 -6.33660387e-09 4.96100877e-08 -1
LGIC_C 73 -6.82601468e-05 0.00120503646 0.0250139833 -6.33661298e-09 -4.96100859e-08 1
LGIC_C 74 0.503138886 0.500679485 0.0250140141 -4.82586616e-08 -1.31306776e-08 1
LGIC_C 75 0.496771987 -0.61080181 0.0250140179 -2.45891087e-08 3.68002429e-08 1
LGIC_C 76 -0.661321116 0.0844194012 0.0250140136 4.96100851e-08 2.90231542e-08 1
LGIC_C 77 0.339508634 -0.222591675 0.0250140024 -3.05989503e-08 3.95603122e-08 1
LGIC_C 78 0.238942242 0.389818172 0.0250140102 -3.27855134e-08 -4.90669575e-08 1
LGIC_C 79 -0.579009094 -0.256981378 0.0250140027 1.15916899e-08 4.97976879e-08 1
LGIC_C 80 0.712320022 -0.0446925945 0.0250140145 -4.34088226e-08 8.63456802e-09 1
LGIC_C 81 0.0708144627 0.691027879 0.0250140171 -6.33660387e-09 4.96100877e-08 -1
LGIC_C 82 0.48655921 -0.307547793 0.0250140103 -3.05989503e-08 3.95603122e-08 1
LGIC_C 83 -0.359639136 0.238792403 0.0250140038 -4.82586679e-08 1.31306769e-08 -1
LGIC_C 84 0.225965064 0.533518216 0.025014012 1.3130701e-08 4.82586573e-08 -1
LGIC_C 85 -0.0779808003 0.111878951 0.0250139907 1.28239438e-08 -5.73353116e-08 1
LGIC_C 86 0.567330629 -0.317597165 0.0250140177 -3.37890406e-08 4.80634332e-08 1
LGIC_C 87 -0.311572607 -0.24525141 0.0250140014 1.45571809e-08 5.5602105e-08 1
LGIC_C 88 -0.610884181 -0.527853617 0.0250140166 1.15916899e-08 4.97976879e-08 1
LGIC_C 89 0.259157855 -0.478890603 0.0250140097 -1.31306721e-08 4.82586744e-08 1
LGIC_C 90 -0.370170858 -0.328736875 0.0250140069 1.45571809e-08 5.5602105e-08 1
LGIC_C 91 0.178298625 0.785618521 0.0250140189 -8.63455884e-09 -4.34088253e-08 1
LGIC_C 92 0.231216487 -0.696073663 0.0250140163 6.33663526e-09 4.9610097e-08 1
LGIC_C 93 -0.0810704593 0.566890059 0.0250140109 -6.33661298e-09 -4.96100859e-08 1
LGIC_C 94 0.143888797 -0.0372105499 0.0250139915 -4.96100802e-08 3.14742968e-08 1
LGIC_C 95 -0.316263655 -0.42820972 0.0250140071 -5.56021111e-08 -1.45571543e-08 -1
LGIC_C 96 0.33236442 -0.016738547 0.0250139999 -4.96100859e-08 9.86807898e-09 1
LGIC_C 97 -0.384641216 0.0410060588 0.0250140011 4.96100851e-08 2.90231542e-08 1
LGIC_C 98 -0.353221774 -0.569343587 0.0250140146 3.95603082e-08 3.05989652e-08 1
LGIC_C 99 0.22322777 -0.0730914947 0.0250139966 -4.96100802e-08 3.14742968e-08 1
LGIC_C 100 -0.335510077 -0.505260164 0.0250140101 2.45891453e-08 3.68002268e-08 1
LGIC_C 101 -0.398624106 0.0207313405 0.0250140032 4.96100897e-08 -9.86805572e-09 1
LGIC_C 102 -0.354143675 0.433956962 0.0250140127 1.28239438e-08 -5.73353116e-08 1
LGIC_C 103 -0.446777673 -0.0119792213 0.0250140028 4.34088238e-08 8.63459484e-09 1
LGIC_C 104 0.589469274 -0.251779973 0.0250140204 -4.90669481e-08 3.27855328e-08 1
LGIC_C 105 -0.299058764 0.0928627135 0.0250139986 4.34088279e-08 -2.48392273e-08 1
LGIC_C 106 -0.300740495 0.785366333 0.02501402 8.63455111e-09 -4.34088279e-08 1
LGIC_C 107 -0.751397442 -0.245828116 0.025014018 4.34088238e-08 8.63459484e-09 1
LGIC_C 108 -0.0546586823 -0.509591632 0.0250140067 2.48392553e-08 4.34088306e-08 1
LGIC_C 109 0.173789392 0.0867760802 0.0250139928 -4.82586616e-08 -1.31306776e-08 1
LGIC_C 110 -0.191216411 -0.696262925 0.0250140151 8.63456455e-09 4.34088336e-08 1
LGIC_C 111 -0.526418114 -0.141034877 0.0250140053 -4.96100919e-08 2.90231703e-08 -1
LGIC_C 112 0.721625384 -0.00417804186 0.0250140192 -4.96100802e-08 3.14742968e-08 1
LGIC_C 113 -0.0322292797 -0.706736365 0.0250140147 2.48392553e-08 4.34088306e-08 1
LGIC_C 114 -0.350294194 0.399712844 0.0250140107 1.28239438e-08 -5.73353116e-08 1
LGIC_C 115 0.538414841 -0.370498699 0.0250140144 -3.05989503e-08 3.95603122e-08 1
LGIC_C 116 0.156509673 -0.434252905 0.0250140068 1.00935263e-08 5.7878447e-08 1
LGIC_C 117 -0.199126066 -0.00567905852 0.025013993 -4.96100919e-08 2.90231703e-08 -1
LGIC_C 118 -0.311260636 -0.33448287 0.0250140058 3.95603082e-08 3.05989652e-08 1
LGIC_C 119 0.100044329 0.420816722 0.0250140051 -9.86806672e-09 -4.96100854e-08 1
LGIC_C 120 0.0302520944 0.497416909 0.0250140082 -9.86806672e-09 -4.96100854e-08 1
LGIC_C 121 -0.440876192 -0.403747546 0.0250140085 1.15916899e-08 4.97976879e-08 1
LGIC_C 122 0.623362001 -0.350459422 0.0250140148 -3.68002179e-08 2.45891393e-08 1
LGIC_C 123 0.359766098 -0.308395274 0.025014011 -4.90669481e-08 3.27855328e-08 1
LGIC_C 124 0.493093063 -0.424576905 0.0250140118 -3.68002179e-08 2.45891393e-08 1
LGIC_C 125 0.128163721 -0.155662301 0.0250139924 -1.31306721e-08 4.82586744e-08 1
LGIC_C 126 0.611764852 -0.358216553 0.0250140161 -3.05989503e-08 3.95603122e-08 1
LGIC_C 127 0.243740608 -0.33750215 0.0250140027 -1.31306721e-08 4.82586744e-08 1
LGIC_C 128 0.221329507 -0.359379775 0.0250140019 -2.45891087e-08 3.68002429e-08 1
LGIC_C 129 0.459916159 -0.0959114483 0.025014004 -4.34088226e-08 8.63456802e-09 1
LGIC_C 130 -0.633480977 0.195001945 0.0250140124 4.34088259e-08 -8.63455061e-09 1
LGIC_C 131 0.435580787 0.261619576 0.0250140077 -4.82586616e-08 -1.31306776e-08 1
LGIC_C 132 -0.225951402 0.0714346013 0.0250139928 5.7878425e-08 4.89846948e-08 1
LGIC_C 133 -0.589257554 -0.0265609168 0.0250140091 4.34088238e-08 8.63459484e-09 1
LGIC_C 134 0.28315538 -0.642868563 0.0250140139 -2.45891087e-08 3.68002429e-08 1
LGIC_C 135 -0.290102154 -0.262674531 0.0250140049 6.28883752e-09 7.55636663e-08 1
LGIC_C 136 0.385731665 -0.275070019 0.0250140042 -3.68002179e-08 2.45891393e-08 1
LGIC_C 137 0.356674029 -0.346462494 0.0250140078 -3.05989503e-08 3.95603122e-08 1
LGIC_C 138 -0.698964198 -0.227369731 0.0250140084 4.96100935e-08 -4.19869172e-08 1
LGIC_C 139 0.144342334 -0.0095231499 0.0250139907 -4.96100802e-08 3.14742968e-08 1
LGIC_C 140 0.428874886 0.555084004 0.0250140142 -2.45891309e-08 -3.68002211e-08 1
LGIC_C 141 0.471530256 0.121135139 0.0250140048 -4.34088272e-08 -8.63453573e-09 1
LGIC_C 142 -0.485894197 -0.541538144 0.025014019 3.95603082e-08 3.05989652e-08 1
LGIC_C 143 -0.108306614 -0.170882775 0.0250139935 2.81018674e-08 4.20574117e-08 1
LGIC_C 144 -0.456922281 -0.458405341 0.0250140154 3.95603082e-08 3.05989652e-08 1
LGIC_C 145 0.230104013 0.010357505 0.0250139946 -4.96100869e-08 6.3366408e-09 1
LGIC_C 146 0.0118587238 0.58448779 0.0250140124 -9.86806672e-09 -4.96100854e-08 1
LGIC_C 147 -0.313620204 -0.339142285 0.0250140034 2.45891453e-08 3.68002268e-08 1
LGIC_C 148 0.444975935 -0.0825901626 0.0250140099 -5.78784275e-08 1.15127558e-08 1
LGIC_C 149 0.540415924 0.512042909 0.0250140157 -3.68002282e-08 -2.45891172e-08 1
LGIC_C 150 0.430381696 0.173205008 0.0250140035 -4.96100869e-08 6.3366408e-09 1
LGIC_C 151 -0.109328377 -0.728239384 0.0250140158 8.63456455e-09 4.34088336e-08 1
LGIC_C 152 0.252114209 0.58738734 0.025014015 -2.81018716e-08 -4.20573923e-08 1
LGIC_C 153 0.17707265 -0.228055806 0.0250139986 -1.28239349e-08 5.73353226e-08 1
LGIC_C 154 0.146505141 0.523701859 0.0250140107 -9.86806672e-09 -4.96100854e-08 1
LGIC_C 155 -0.611350409 0.114532025 0.0250140108 4.34088259e-08 -8.63455061e-09 1
LGIC_C 156 -0.234809917 0.0184234869 0.0250139936 4.34088259e-08 -8.63455061e-09 1
LGIC_C 157 -0.406112348 0.296374204 0.0250140082 6.28881943e-09 -7.55636452e-08 1
LGIC_C 158 0.355714957 0.17647654 0.0250140038 3.37890593e-08 4.80634111e-08 -1
LGIC_C 159 0.783992032 0.157875124 0.0250140186 -4.34088272e-08 -8.63453573e-09 1
LGIC_C 160 -0.255011302 -0.0537330524 0.0250139929 -4.34088282e-08 2.70157287e-08 -1
LGIC_C 161 -0.447367986 0.0845630294 0.0250140063 4.96100897e-08 -9.86805572e-09 1
LGIC_C 162 0.447457476 -0.0175313501 0.0250140093 -5.78784275e-08 1.15127558e-08 1
LGIC_C 163 0.379910287 -0.251005188 0.0250140063 -4.20573976e-08 2.81018683e-08 1
LGIC_C 164 0.227499926 -0.593275808 0.0250140112 6.33663526e-09 4.9610097e-08 1
LGIC_C 165 -0.303801341 0.0334800444 0.0250139974 4.96100851e-08 2.90231542e-08 1
LGIC_C 166 -0.14591481 -0.671215946 0.025014016 2.48392553e-08 4.34088306e-08 1
LGIC_C 167 -0.563525157 0.534143924 0.0250140171 3.68002297e-08 -2.45891157e-08 1
LGIC_C 168 -0.575705023 -0.255552322 0.0250140029 5.39043203e-09 6.47688584e-08 1
LGIC_C 169 0.656076705 -0.481721418 0.0250140192 -3.68002179e-08 2.45891393e-08 1
LGIC_C 170 0.560037581 -0.331471561 0.0250140181 -3.37890406e-08 4.80634332e-08 1
LGIC_C 171 -0.198162873 0.310726827 0.0250140036 1.28239438e-08 -5.73353116e-08 1
LGIC_C 172 0.337960125 0.155726596 0.0250140022 3.37890593e-08 4.80634111e-08 -1
LGIC_C 173 0.684524915 0.3097135 0.0250140161 -3.68002282e-08 -2.45891172e-08 1
LGIC_C 174 -0.0726433733 -0.500318139 0.0250140068 2.48392553e-08 4.34088306e-08 1
LGIC_C 175 0.415118873 -0.284191438 0.0250140109 -3.37890406e-08 4.80634332e-08 1
LGIC_C 176 -0.603816584 -0.596596018 0.0250140199 1.15916899e-08 4.97976879e-08 1
LGIC_C 177 0.306976309 0.322706962 0.0250140055 -2.81018716e-08 -4.20573923e-08 1
LGIC_C 178 0.0650033445 -0.638389252 0.0250140145 6.33663526e-09 4.9610097e-08 1
LGIC_C 179 -0.2315624 -0.16334734 0.025013997 6.28883752e-09 7.55636663e-08 1
LGIC_C 180 -0.145288737 0.256758701 0.0250139982 2.8101852e-08 -4.20574041e-08 1
LGIC_C 181 -0.637103044 -0.314712564 0.025014007 5.39043203e-09 6.47688584e-08 1
LGIC_C 182 0.0801884118 -0.183036454 0.0250139932 -2.81018481e-08 4.20574137e-08 1
LGIC_C 183 0.645108184 0.3324106 0.0250140187 -4.82586616e-08 -1.31306776e-08 1
LGIC_C 184 0.715580282 -0.0440134316 0.0250140154 -4.34088182e-08 2.48392526e-08 1
LGIC_C 185 0.370555699 -0.122585186 0.0250140024 -4.34088182e-08 2.48392526e-08 1
LGIC_C 186 -0.611143197 -0.313662091 0.0250140068 5.39043203e-09 6.47688584e-08 1
LGIC_C 187 0.157006753 0.105428859 0.0250139944 -4.90669739e-08 -3.27854893e-08 1
LGIC_C 188 -0.756118204 0.0942496253 0.0250140169 4.34088259e-08 -8.63455061e-09 1
LGIC_C 189 -0.552965329 0.269959594 0.0250140141 4.20574045e-08 -2.81018523e-08 1
LGIC_C 190 0.330213163 -0.757002154 0.0250140192 -2.45891087e-08 3.68002429e-08 1
LGIC_C 191 -0.410683712 -0.240725645 0.025014001 5.39043203e-09 6.47688584e-08 1
LGIC_C 192 -0.301277198 0.108546216 0.0250139973 4.34088259e-08 -8.63455061e-09 1
LGIC_C 193 0.288298153 0.0610841639 0.0250139981 -4.96100911e-08 -9.86803575e-09 1
LGIC_C 194 -0.666281209 0.369447897 0.0250140169 3.68002297e-08 -2.45891157e-08 1
LGIC_C 195 0.394613774 0.394608097 0.0250140109 -2.81018716e-08 -4.20573923e-08 1
LGIC_C 196 0.687756857 0.367539487 0.0250140176 -3.68002282e-08 -2.45891172e-08 1
LGIC_C 197 -0.272810377 -0.506996958 0.0250140086 2.45891453e-08 3.68002268e-08 1
LGIC_C 198 0.538707457 0.0308880094 0.0250140069 -4.34088272e-08 -8.63453573e-09 1
LGIC_C 199 0.612780358 0.248825551 0.0250140121 -4.96100869e-08 6.3366408e-09 1
LGIC_C 200 0.72170612 -0.290687487 0.0250140171 -4.34088226e-08 8.63456802e-09 1
LGIC_C 201 0.265031214 0.133132609 0.0250139981 -4.20574004e-08 -2.81018564e-08 1
LGIC_C 202 -0.0301752983 -0.308647303 0.0250139974 2.48392553e-08 4.34088306e-08 1
LGIC_C 203 -0.17074877 -0.0595447063 0.02501399 -4.96100919e-08 2.90231703e-08 -1
LGIC_C 204 -0.374204266 0.552526066 0.025014017 2.8101852e-08 -4.20574041e-08 1
LGIC_C 205 -0.100838778 0.249314311 0.0250139966 9.86805557e-09 -4.96100883e-08 1
LGIC_C 206 0.645367445 -0.384559142 0.0250140164 -3.68002179e-08 2.45891393e-08 1
LGIC_C 207 -0.150626906 -0.450688542 0.0250140019 -4.89847109e-08 5.78784581e-08 1
LGIC_C 208 -0.501821667 0.328416816 0.0250140118 -4.82586679e-08 1.31306769e-08 -1
LGIC_C 209 -0.00315043014 0.000155197247 0.0250139837 -1.38908237e-07 2.76305608e-08 -1
LGIC_C 210 0.0759291604 0.242126037 0.025013996 -9.86806672e-09 -4.96100854e-08 1
LGIC_C 211 0.565582728 -0.190095097 0.0250140182 -5.78784275e-08 1.15127558e-08 1
LGIC_C 212 -0.356736427 -0.47792673 0.0250140101 -5.56021111e-08 -1.45571543e-08 -1
LGIC_C 213 0.377990644 -0.413801967 0.0250140113 -2.81018481e-08 4.20574137e-08 1
LGIC_C 214 0.468544476 -0.0544629395 0.025014004 -4.34088226e-08 8.63456802e-09 1
LGIC_C 215 -0.447081317 -0.043113226 0.025014003 4.34088238e-08 8.63459484e-09 1
LGIC_C 216 0.214348999 -0.165569892 0.0250139963 -3.05989503e-08 3.95603122e-08 1
LGIC_C 217 0.498221422 -0.398797683 0.0250140192 -3.37890406e-08 4.80634332e-08 1
LGIC_C 218 -0.247241084 0.392216749 0.0250140054 1.31306824e-08 -4.82586643e-08 1
LGIC_C 219 -0.201329213 -0.452380148 0.0250140051 3.95603082e-08 3.05989652e-08 1
LGIC_C 220 -0.731717353 -0.343823209 0.0250140186 3.68002489e-08 2.45891179e-08 1
LGIC_C 221 0.679780793 -0.458708349 0.0250140195 -3.68002179e-08 2.45891393e-08 1
LGIC_C 222 -0.562489154 -0.147666181 0.0250140069 -4.96100919e-08 2.90231703e-08 -1
LGIC_C 223 0.246472498 0.403634178 0.0250140087 -4.80634192e-08 -3.37890445e-08 1
LGIC_C 224 -0.375800726 0.0643760359 0.025014 4.96100851e-08 2.90231542e-08 1
LGIC_C 225 0.202689144 -0.646561192 0.025014013 -8.63454093e-09 4.34088369e-08 1
LGIC_C 226 0.382416093 -0.230197767 0.025014003 -3.68002179e-08 2.45891393e-08 1
LGIC_C 227 -0.168404597 0.5007779 0.0250140065 8.63455111e-09 -4.34088279e-08 1
LGIC_C 228 0.263847685 -0.331628619 0.0250140027 -1.31306721e-08 4.82586744e-08 1
LGIC_C 229 -0.523451681 -0.0854785829 0.0250140067 4.34088238e-08 8.63459484e-09 1
LGIC_C 230 -0.677179473 -0.214389782 0.0250140069 -4.34088282e-08 2.70157287e-08 -1
LGIC_C 231 0.533513988 0.260890143 0.0250140138 3.37890593e-08 4.80634111e-08 -1
LGIC_C 232 -0.279530559 0.780423152 0.0250140196 8.63455111e-09 -4.34088279e-08 1
LGIC_C 233 0.310256878 0.252530989 0.0250140015 -4.82586616e-08 -1.31306776e-08 1
LGIC_C 234 -0.0782165309 -0.4413932 0.0250140031 8.63456455e-09 4.34088336e-08 1
LGIC_C 235 0.285841592 0.456835633 0.0250140105 -2.81018716e-08 -4.20573923e-08 1
LGIC_C 236 0.29913347 -0.0231401968 0.0250139968 -4.34088182e-08 2.48392526e-08 1
LGIC_C 237 0.671242053 -0.0249318116 0.0250140173 -4.96100802e-08 3.14742968e-08 1
LGIC_C 238 -0.157122049 0.0178640903 0.0250139915 5.7878425e-08 4.89846948e-08 1
LGIC_C 239 0.499449682 -0.289425308 0.0250140124 -4.20573976e-08 2.81018683e-08 1
LGIC_C 240 0.105718002 -0.171085998 0.0250139944 -1.28239349e-08 5.73353226e-08 1
LGIC_C 241 -0.102297776 0.22800633 0.0250139957 2.8101852e-08 -4.20574041e-08 1
LGIC_C 242 0.631423366 -0.330372596 0.0250140204 -3.37890406e-08 4.80634332e-08 1
LGIC_C 243 -0.640412961 0.227510686 0.0250140173 4.96100897e-08 -9.86805572e-09 1
LGIC_C 244 0.563190092 -0.161084668 0.0250140177 -5.78784275e-08 1.15127558e-08 1
LGIC_C 245 -0.497436778 -0.455583515 0.0250140158 1.45571809e-08 5.5602105e-08 1
LGIC_C 246 0.395019995 0.442078415 0.0250140092 -2.45891309e-08 -3.68002211e-08 1
LGIC_C 247 -0.510952654 0.621331603 0.0250140187 2.45891128e-08 -3.68002333e-08 1
LGIC_C 248 0.106444428 -0.0982417618 0.0250139896 -3.68002179e-08 2.45891393e-08 1
LGIC_C 249 0.496087925 -0.00162919446 0.0250140079 -4.96100802e-08 3.14742968e-08 1
LGIC_C 250 0.223743668 0.523164509 0.0250140117 -4.80634192e-08 -3.37890445e-08 1
LGIC_C 251 0.0530932797 0.665850263 0.025014016 -6.33660387e-09 4.96100877e-08 -1
LGIC_C 252 0.134661931 0.577356735 0.0250140161 -3.14742949e-08 -4.96100822e-08 1
LGIC_C 253 0.492526174 0.338676308 0.0250140115 -4.82586616e-08 -1.31306776e-08 1
LGIC_C 254 -0.467028459 0.283565125 0.0250140127 3.37890593e-08 -4.80634052e-08 1
LGIC_C 255 -0.769229298 -0.0808211815 0.0250140145 -4.34088282e-08 2.70157287e-08 -1
LGIC_C 256 -0.306949224 0.524431542 0.0250140101 2.45891128e-08 -3.68002333e-08 1
LGIC_C 257 0.288692822 0.294318383 0.0250140012 -2.45891309e-08 -3.68002211e-08 1
LGIC_C 258 -0.278244284 0.560467575 0.0250140107 2.45891128e-08 -3.68002333e-08 1
LGIC_C 259 0.247251558 -0.327494072 0.0250140074 -3.27854948e-08 4.90669785e-08 1
LGIC_C 260 -0.0192427725 -0.602741041 0.0250140133 9.8680833e-09 4.96100963e-08 1
LGIC_C 261 0.0876771101 0.614608705 0.0250140107 -8.63455884e-09 -4.34088253e-08 1
LGIC_C 262 -0.346196822 0.329703458 0.0250140071 4.20574045e-08 -2.81018523e-08 1
LGIC_C 263 -0.689737941 -0.276445712 0.0250140057 -4.34088282e-08 2.70157287e-08 -1
LGIC_C 264 0.467549205 -0.31853196 0.0250140083 -3.68002179e-08 2.45891393e-08 1
LGIC_C 265 0.215227938 0.0325050668 0.0250139942 -4.96100911e-08 -9.86803575e-09 1
LGIC_C 266 -0.140463675 -0.326519655 0.0250139988 3.95603082e-08 3.05989652e-08 1
LGIC_C 267 -0.279942239 -0.253775353 0.0250140014 1.45571809e-08 5.5602105e-08 1
LGIC_C 268 -0.0698301206 -0.508860837 0.0250140064 -2.90231482e-08 4.96101036e-08 1
LGIC_C 269 -0.0560202096 0.673430757 0.0250140163 -6.33661298e-09 -4.96100859e-08 1
LGIC_C 270 -0.0873113521 -0.111451498 0.0250139906 7.55636799e-08 6.2887973e-09 1
LGIC_C 271 -0.509144937 -0.423838536 0.0250140124 3.68002489e-08 2.45891179e-08 1
LGIC_C 272 -0.426268694 0.291967394 0.0250140077 -4.82586679e-08 1.31306769e-08 -1
LGIC_C 273 0.741239544 -0.185289969 0.02501402 -4.34088182e-08 2.48392526e-08 1
LGIC_C 274 -0.367929651 0.382058424 0.0250140064 2.45891128e-08 -3.68002333e-08 1
LGIC_C 275 0.0415601038 -0.569643766 0.0250140112 6.33663526e-09 4.9610097e-08 1
LGIC_C 276 -0.162349422 -0.517897471 0.0250140042 -2.90231482e-08 4.96101036e-08 1
LGIC_C 277 0.672877289 -0.100547251 0.0250140198 -4.96100802e-08 3.14742968e-08 1
LGIC_C 278 0.287930971 0.247214626 0.0250139999 -3.68002282e-08 -2.45891172e-08 1
LGIC_C 279 0.05323413 -0.0914038162 0.0250139879 -2.45891087e-08 3.68002429e-08 1
LGIC_C 280 -0.286818558 -0.124102339 0.0250139943 1.45571809e-08 5.5602105e-08 1
LGIC_C 281 0.365318539 0.573742797 0.0250140202 -4.80634192e-08 -3.37890445e-08 1
LGIC_C 282 -0.248740515 -0.431233678 0.0250140063 3.95603082e-08 3.05989652e-08 1
LGIC_C 283 -0.246303327 -0.489337206 0.025014005 7.55636799e-08 6.2887973e-09 1
LGIC_C 284 0.22593467 -0.793161481 0.0250140196 -8.63454093e-09 4.34088369e-08 1
LGIC_C 285 -0.273739918 0.485302455 0.0250140161 3.27854968e-08 -4.90669676e-08 1
LGIC_C 286 -0.509653797 0.0165992656 0.0250140081 4.96100851e-08 2.90231542e-08 1
LGIC_C 287 -0.0740677668 -0.149287513 0.0250139906 2.45891453e-08 3.68002268e-08 1
LGIC_C 288 0.0178429475 -0.322643267 0.0250139991 6.33663526e-09 4.9610097e-08 1
LGIC_C 289 0.0325997326 0.0317255459 0.0250139852 -3.68002282e-08 -2.45891172e-08 1
LGIC_C 290 -0.36924742 -0.5051826 0.0250140149 2.81018674e-08 4.20574117e-08 1
LGIC_C 291 -0.511666179 0.445266254 0.025014013 3.68002297e-08 -2.45891157e-08 1
LGIC_C 292 0.449887924 0.453226599 0.025014015 -2.81018716e-08 -4.20573923e-08 1
LGIC_C 293 -0.663871975 -0.0501542406 0.0250140148 -4.96100919e-08 2.90231703e-08 -1
LGIC_C 294 0.0585843628 -0.190236188 0.0250139949 -1.15127059e-08 5.78784511e-08 1
LGIC_C 295 -0.166107944 0.124329694 0.0250139937 6.28881943e-09 -7.55636452e-08 1
LGIC_C 296 0.498966539 0.272363109 0.0250140119 -4.20574004e-08 -2.81018564e-08 1
LGIC_C 297 0.0168814333 0.376751634 0.0250139998 -8.63455884e-09 -4.34088253e-08 1
LGIC_C 298 0.0774562243 -0.506543546 0.0250140091 -9.86804037e-09 4.96101e-08 1
LGIC_C 299 -0.106205962 -0.297606919 0.025013999 9.8680833e-09 4.96100963e-08 1
LGIC_C 300 0.419623575 -0.0543686866 0.0250140028 -4.34088182e-08 2.48392526e-08 1
LGIC_C 301 0.115281242 0.373262979 0.0250140005 -8.63455884e-09 -4.34088253e-08 1
LGIC_C 302 0.404825193 0.318955479 0.0250140092 -4.20574004e-08 -2.81018564e-08 1
LGIC_C 303 -0.0495731291 0.366978022 0.025014002 9.86805557e-09 -4.96100883e-08 1
LGIC_C 304 -0.11545599 0.387093682 0.0250140017 -6.33661298e-09 -4.96100859e-08 1
LGIC_C 305 -0.430241522 0.224504615 0.0250140046 3.68002297e-08 -2.45891157e-08 1
LGIC_C 306 0.169345387 0.0973139047 0.0250139937 3.37890593e-08 4.80634111e-08 -1
LGIC_C 307 -0.408781824 0.266679481 0.0250140065 -4.82586679e-08 1.31306769e-08 -1
LGIC_C 308 0.63898427 -0.247637424 0.0250140131 -4.34088226e-08 8.63456802e-09 1
LGIC_C 309 0.122452644 0.116367591 0.0250139906 -3.68002282e-08 -2.45891172e-08 1
LGIC_C 310 0.0910398298 0.795569342 0.0250140186 -8.63455884e-09 -4.34088253e-08 1
LGIC_C 311 0.586992357 0.604339138 0.0250140199 -2.45891309e-08 -3.68002211e-08 1
LGIC_C 312 0.307951172 0.217040546 0.0250140023 -4.20574004e-08 -2.81018564e-08 1
LGIC_C 313 0.68688164 0.355928127 0.0250140173 -3.68002282e-08 -2.45891172e-08 1
LGIC_C 314 -0.265634773 0.495071853 0.025014008 2.45891128e-08 -3.68002333e-08 1
LGIC_C 315 -0.0923054828 0.0114719182 0.025013988 4.96100897e-08 -9.86805572e-09 1
LGIC_C 316 -0.213613771 -0.209630521 0.0250140004 6.28883752e-09 7.55636663e-08 1
LGIC_C 317 -0.412601758 -0.197665615 0.0250140033 3.68002489e-08 2.45891179e-08 1
LGIC_C 318 -0.219534124 -0.342560672 0.0250140005 -5.56021111e-08 -1.45571543e-08 -1
LGIC_C 319 -0.498312892 -0.0697018369 0.025014003 -4.34088282e-08 2.70157287e-08 -1
LGIC_C 320 0.432454034 0.564656559 0.0250140192 -2.81018716e-08 -4.20573923e-08 1
LGIC_C 321 0.604520333 -0.287773027 0.0250140175 -3.37890406e-08 4.80634332e-08 1
LGIC_C 322 0.534299359 0.231988393 0.0250140121 -4.82586616e-08 -1.31306776e-08 1
LGIC_C 323 -0.319352628 -0.658176499 0.0250140199 2.81018674e-08 4.20574117e-08 1
LGIC_C 324 0.0344589128 0.677047493 0.0250140166 -6.33660387e-09 4.96100877e-08 -1
LGIC_C 325 0.478389319 0.641831872 0.0250140186 -2.45891309e-08 -3.68002211e-08 1
LGIC_C 326 0.18894243 0.644073659 0.025014014 -6.33660387e-09 4.96100877e-08 -1
LGIC_C 327 -0.295187949 -0.0216434436 0.0250139973 -4.96100919e-08 2.90231703e-08 -1
LGIC_C 328 -0.396110187 0.00404899814 0.0250140006 4.34088279e-08 -2.48392273e-08 1
LGIC_C 329 0.597747498 -0.211804881 0.025014015 -4.96100859e-08 9.86807898e-09 1
LGIC_C 330 0.378013614 -0.0761426317 0.0250140044 -4.96100802e-08 3.14742968e-08 1
LGIC_C 331 0.237081849 -0.0863124841 0.0250139957 -4.34088182e-08 2.48392526e-08 1
LGIC_C 332 -0.0265350715 -0.358233475 0.0250140013 9.8680833e-09 4.96100963e-08 1
LGIC_C 333 0.448640346 0.178536569 0.0250140043 -4.34088272e-08 -8.63453573e-09 1
LGIC_C 334 0.233260081 0.811990992 0.0204809977 0.194186548 0.976240951 0.0961519121
LGIC_C 335 0.166049342 0.593241856 0.0250140116 -6.33660387e-09 4.96100877e-08 -1
LGIC_C 336 -0.754943602 0.0174369781 0.0250140165 4.34088279e-08 -2.48392273e-08 1
LGIC_C 337 -0.0663665229 -0.0211281908 0.025013986 -4.96100919e-08 2.90231703e-08 -1
LGIC_C 338 -0.17121405 0.31410394 0.025013999 2.45891128e-08 -3.68002333e-08 1
LGIC_C 339 0.161674137 -0.196143238 0.0250139948 -1.31306721e-08 4.82586744e-08 1
LGIC_C 340 -0.322948971 0.601814531 0.0250140177 2.8101852e-08 -4.20574041e-08 1
LGIC_C 341 -0.0511404927 -0.70945305 0.0250140145 8.63456455e-09 4.34088336e-08 1
LGIC_C 342 -0.843696373 -0.00734978112 0.0250140197 -4.34088282e-08 2.70157287e-08 -1
LGIC_C 343 0.262303892 0.470423806 0.0250140094 1.3130701e-08 4.82586573e-08 -1
LGIC_C 344 -0.13794114 0.0166096873 0.0250139904 5.7878425e-08 4.89846948e-08 1
LGIC_C 345 -0.117162972 -0.142510049 0.025013993 7.55636799e-08 6.2887973e-09 1
LGIC_C 346 0.334566767 0.320213242 0.0250140034 -3.68002282e-08 -2.45891172e-08 1
LGIC_C 347 0.477278961 -0.180142087 0.0250140087 -4.96100859e-08 9.86807898e-09 1
LGIC_C 348 -0.150774435 -0.613929975 0.0250140152 9.8680833e-09 4.96100963e-08 1
LGIC_C 349 -0.190285723 -0.526224633 0.0250140038 -2.90231482e-08 4.96101036e-08 1
LGIC_C 350 -0.244900866 0.341522942 0.0250140019 2.45891128e-08 -3.68002333e-08 1
LGIC_C 351 -0.113311033 0.0894035831 0.0250139914 3.37890593e-08 -4.80634052e-08 1
LGIC_C 352 -0.187778782 -0.320515311 0.0250140005 3.95603082e-08 3.05989652e-08 1
LGIC_C 353 -0.338179869 0.16276143 0.0250140021 4.20574045e-08 -2.81018523e-08 1
LGIC_C 354 0.131897162 0.209627271 0.0250139958 -2.81018716e-08 -4.20573923e-08 1
LGIC_C 355 0.107404822 -0.553671644 0.0250140142 1.00935263e-08 5.7878447e-08 1
LGIC_C 356 0.113998948 0.685716569 0.025014014 -8.63455884e-09 -4.34088253e-08 1
LGIC_C 357 0.766476799 0.15088739 0.0250140203 -4.96100869e-08 6.3366408e-09 1
LGIC_C 358 0.0666040213 -0.0279547912 0.0250139874 -4.90669481e-08 3.27855328e-08 1
LGIC_C 359 -0.247976702 0.205449374 0.0250140004 6.28881943e-09 -7.55636452e-08 1
LGIC_C 360 -0.49768822 0.444215 0.0250140125 3.68002297e-08 -2.45891157e-08 1
LGIC_C 361 0.580266524 -0.15381615 0.0250140135 -4.96100859e-08 9.86807898e-09 1
LGIC_C 362 -0.432598836 -0.0874158119 0.0250140022 -4.96100919e-08 2.90231703e-08 -1
LGIC_C 363 -0.356738348 0.470326883 0.0250140107 1.31306824e-08 -4.82586643e-08 1
LGIC_C 364 0.0772192248 0.154385819 0.0250139934 -3.27855134e-08 -4.90669575e-08 1
LGIC_C 365 0.591378027 -0.324528751 0.0250140172 -4.20573976e-08 2.81018683e-08 1
LGIC_C 366 -0.324525461 -0.700265141 0.0250140175 3.95603082e-08 3.05989652e-08 1
LGIC_C 367 0.413328698 -0.15959636 0.0250140051 -4.34088182e-08 2.48392526e-08 1
LGIC_C 368 -0.114060833 -0.283952457 0.0250139984 2.48392553e-08 4.34088306e-08 1
LGIC_C 369 -0.09822579 -0.59481807 0.0250140099 -2.90231482e-08 4.96101036e-08 1
LGIC_C 370 -0.382304155 -0.552417458 0.025014013 2.45891453e-08 3.68002268e-08 1
LGIC_C 371 0.205761495 0.0848082564 0.0250139929 -3.68002282e-08 -2.45891172e-08 1
LGIC_C 372 -0.0768703037 0.442558722 0.0250140031 8.63455111e-09 -4.34088279e-08 1
LGIC_C 373 -0.594931473 0.538582861 0.0250140184 3.68002297e-08 -2.45891157e-08 1
LGIC_C 374 0.0836421722 -0.211439561 0.0250139932 6.33663526e-09 4.9610097e-08 1
LGIC_C 375 0.147374642 -0.642175967 0.0250140189 1.00935263e-08 5.7878447e-08 1
LGIC_C 376 0.402739725 0.384357442 0.025014011 -4.20574004e-08 -2.81018564e-08 1
LGIC_C 377 0.306290954 0.138801087 0.0250139979 -3.68002282e-08 -2.45891172e-08 1
LGIC_C 378 -0.646878911 0.094288736 0.0250140126 4.96100851e-08 2.90231542e-08 1
LGIC_C 379 -0.0127687149 -0.49473769 0.0250140079 9.8680833e-09 4.96100963e-08 1
LGIC_C 380 0.0799714816 0.63329434 0.0250140155 -9.86806672e-09 -4.96100854e-08 1
LGIC_C 381 0.00312777487 0.638483513 0.025014015 -9.86806672e-09 -4.96100854e-08 1
LGIC_C 382 0.579658648 -0.275780306 0.0250140161 -3.37890406e-08 4.80634332e-08 1
LGIC_C 383 0.345702592 -0.491507044 0.0250140187 -3.27854948e-08 4.90669785e-08 1
LGIC_C 384 -0.451039262 -0.396303358 0.025014016 6.28883752e-09 7.55636663e-08 1
LGIC_C 385 0.609823783 0.0610866438 0.0250140192 -5.78784335e-08 -1.15127284e-08 1
LGIC_C 386 0.526202798 -0.472235302 0.0250140142 -3.68002179e-08 2.45891393e-08 1
LGIC_C 387 0.530108172 -0.241097907 0.0250140127 -3.37890406e-08 4.80634332e-08 1
LGIC_C 388 -0.00549405976 0.459332247 0.0250140062 -3.14742797e-08 4.96100914e-08 -1
LGIC_C 389 0.371719659 -0.368990321 0.0250140092 -4.20573976e-08 2.81018683e-08 1
LGIC_C 390 0.54570643 0.0225054512 0.0250140102 -4.96100869e-08 6.3366408e-09 1
LGIC_C 391 -0.207309735 0.0934211329 0.0250139948 3.37890593e-08 -4.80634052e-08 1
LGIC_C 392 -0.188275553 -0.570534835 0.0250140061 -2.90231482e-08 4.96101036e-08 1
LGIC_C 393 -0.00895548052 -0.320122404 0.0250139972 8.63456455e-09 4.34088336e-08 1
LGIC_C 394 0.438425331 0.673764822 0.0250140188 -2.45891309e-08 -3.68002211e-08 1
LGIC_C 395 0.341147364 0.43395789 0.0250140087 1.3130701e-08 4.82586573e-08 -1
LGIC_C 396 0.274368836 0.416809345 0.025014007 1.3130701e-08 4.82586573e-08 -1
LGIC_C 397 -0.66021798 0.230746977 0.0250140139 4.34088259e-08 -8.63455061e-09 1
LGIC_C 398 -0.585394755 0.243231632 0.0250140147 3.37890593e-08 -4.80634052e-08 1
LGIC_C 399 0.601943827 -0.159539003 0.0250140181 -4.96100802e-08 3.14742968e-08 1
