VGCC_O 8 -0.134706799 0.0161271258 0.0466933331 -1.62059677e-06 3.22356891e-07 -1
VGCC_O 0 0.11238887 -0.0311459409 0.0466929927 -1.01287282e-06 -1.51427976e-07 -1
VGCC_O 2 0.119933892 -0.04777957 0.0466929781 -1.41802115e-06 2.82063236e-07 -1
CaBS 10 0.106779937 -0.0318703609 0.0590936024 -0.324116536 -0.749802846 -0.576839807
CaBS 11 0.104850493 -0.00360971361 0.0638135673 -0.346545998 0.867982935 -0.355684546
CaBS 13 0.109418649 -0.0228223238 0.0531541986 0.329239702 0.132369043 -0.934922272
CaBS 14 0.0969862815 -0.011886403 0.0808881441 -0.748611723 0.322508223 0.579283121
CaBS 15 0.0955156851 -0.00533661079 0.0686943613 -0.346545998 0.867982935 -0.355684546
CaBS 16 0.0999138945 -0.0149509427 0.0849197578 -0.329239867 -0.132369096 0.934922207
CaBS 17 0.0938583666 -0.00947428306 0.0755030014 -0.748611723 0.322508223 0.579283121
CaBS 18 0.115561858 -0.0179573796 0.0834455728 0.333750516 0.131703927 0.933415593
CaBS 19 0.115786494 -0.00528301682 0.0719366261 0.735818353 0.677177225 -0.00153536905
CaBS 20 0.0941356986 -0.0180334561 0.0806266059 -0.748611723 0.322508223 0.579283121
CaBS 21 0.101251896 -0.00693831558 0.0591968631 -0.346545998 0.867982935 -0.355684546
CaBS 22 0.114439169 -0.0040008263 0.0736676674 0.324116486 0.74980293 0.576839726
CaBS 23 0.0940907871 -0.0286594885 0.0667178076 -0.735818491 -0.677177075 0.00153536998
CaBS 24 0.116857703 -0.0313211576 0.0655844524 0.344822999 -0.867728964 -0.357971429
Ca 8 -0.198166755 0.573006588 0.312803128 0 0 0
Ca 6 0.718293776 -0.341969919 0.165128899 0 0 0
Ca 1 0.0374393498 0.412409661 0.711113342 0 0 0
Ca 4 0.319246037 -0.0417849772 0.32953028 0 0 0
Ca 4 -0.298965504 0.215574315 0.681905482 0 0 0
Ca 8 -0.525923834 0.0498316946 0.365188568 0 0 0
Ca 7 -0.141526462 0.379343583 0.221901579 0 0 0
Ca 6 0.190363376 0.262625469 0.577472554 0 0 0
Ca 4 0.204970081 0.508027231 0.135176862 0 0 0
Ca 8 -0.431479183 -0.342941102 0.267846354 0 0 0
Ca 6 0.633031464 0.0544587114 0.305437401 0 0 0
Ca 7 -0.129840768 0.164318388 0.461040979 0 0 0
Ca 4 -0.207121897 -0.201350997 0.437233943 0 0 0
Ca 7 -0.277093082 0.367045118 0.537360814 0 0 0
Ca 6 -0.233571182 -0.185973927 0.337739872 0 0 0
CaBS_Ca 68 -0.106893029 0.0227061351 0.0565218034 -0.34654601 0.867982945 -0.355684509
Ca 6 -0.211232512 0.693685645 0.547998725 0 0 0
Ca 1 0.661250635 -0.370869232 0.182724137 0 0 0
Ca 4 -0.115333576 -0.0145210991 0.431977917 0 0 0
Ca 7 -0.209613227 -0.313684752 0.220637444 0 0 0
Ca 8 -0.227721145 -0.112214719 0.791625864 0 0 0
Ca 7 0.232441362 0.20094096 0.0846252207 0 0 0
Ca 7 0.0921808293 0.474801296 0.366289331 0 0 0
Ca 7 -0.148547092 -0.0953300335 0.164884632 0 0 0
Ca 6 0.0493173345 0.334618061 0.426917246 0 0 0
Ca 7 0.394522477 0.093765464 0.101412905 0 0 0
Ca 7 0.352389183 0.23790482 0.0907434497 0 0 0
Ca 1 -0.526563062 -0.400336505 0.196253429 0 0 0
Ca 7 0.30314424 -0.082625655 0.551138255 0 0 0
Ca 1 -0.429184664 -0.223447614 0.692434487 0 0 0
Ca 8 -0.121485416 0.025196359 0.915747101 0 0 0
Ca 4 -0.231505381 0.0129418253 0.439072286 0 0 0
Ca 1 0.0604959856 -0.269339387 0.6626454 0 0 0
Ca 4 0.307258695 -0.270164367 0.196272938 0 0 0
Ca 8 0.528510836 -0.03369081 0.689974481 0 0 0
Ca 1 0.271720641 -0.238914775 0.523032278 0 0 0
Ca 6 -0.716541094 0.389248867 0.1665134 0 0 0
Ca 1 -0.444533739 0.0248948353 0.448639307 0 0 0
Ca 8 -0.649047413 0.196359518 0.35535396 0 0 0
Ca 1 -0.248524968 -0.389581665 0.458314961 0 0 0
Ca 8 -0.445417209 0.00230473506 0.446045135 0 0 0
Ca 8 0.0609859994 0.292506785 0.486455067 0 0 0
Ca 6 -0.353209661 -0.150586412 0.561932353 0 0 0
Ca 8 -0.270294215 -0.228500862 0.287509064 0 0 0
Ca 2 0.435498465 -0.0359536462 0.400462354 0 0 0
Ca 6 -0.0181554642 -0.555077467 0.40669766 0 0 0
Ca 8 -0.710179155 0.114355241 0.345492102 0 0 0
Ca 4 0.177601929 0.12235554 0.274751554 0 0 0
Ca 1 -0.275727932 0.0826055689 0.0675814066 0 0 0
Ca 6 -0.113963224 0.333028248 0.373565463 0 0 0
Ca 7 -0.651546755 0.093415973 0.333590329 0 0 0
Ca 4 -0.224715954 -0.0827672688 0.0775202004 0 0 0
Ca 8 0.0180163018 0.535459329 0.0761898251 0 0 0
Ca 1 -0.49922402 0.00355739367 0.193808041 0 0 0
Ca 1 -0.08655219 0.390342422 0.247186613 0 0 0
Ca 1 0.27426862 -0.00122377383 0.185851684 0 0 0
Ca 8 -0.0685631075 -0.266876063 0.279572087 0 0 0
Ca 4 -0.164267926 -0.0408437151 0.255589387 0 0 0
Ca 7 -0.300430848 0.240804139 0.297994526 0 0 0
Ca 4 0.0658087793 -0.0765073193 0.214425234 0 0 0
Ca 6 -0.529257494 -0.228072582 0.164154399 0 0 0
Ca 8 -0.0665197069 0.102390175 0.153267266 0 0 0
Ca 1 0.0776638516 -0.0393879801 0.314341449 0 0 0
Ca 7 0.0313635092 0.178324315 0.116815928 0 0 0
Ca 1 -0.239104175 0.037733426 0.411727839 0 0 0
Ca 1 -0.244585168 -0.195535383 0.381806351 0 0 0
Ca 8 -0.01956632 -0.0662780577 0.127409262 0 0 0
Ca 1 -0.349626925 0.000443998579 0.282806416 0 0 0
Ca 6 -0.0635815689 -0.0708872329 0.251286954 0 0 0
Ca 4 0.11616327 0.104882091 0.188211486 0 0 0
Ca 7 -0.0155266133 -0.0194451505 0.121971563 0 0 0
Ca 8 -0.0873259909 0.10361942 0.325054105 0 0 0
Ca 6 0.0603822781 0.0643245315 0.181491388 0 0 0
Ca 3 0.0385839131 0.0712494812 0.0850736505 0 0 0
Ca 1 -0.0639975312 -0.0556571221 0.0515079219 0 0 0
Ca 4 -0.0232036769 0.133295617 0.110942857 0 0 0
Ca 1 0.0146899839 0.146360905 0.362954703 0 0 0
Ca 7 -0.224309644 -0.0366679496 0.119919207 0 0 0
Ca 8 -0.175867892 0.033071156 0.0776226391 0 0 0
Ca 6 -0.254849137 -0.0773832138 0.0706814376 0 0 0
Ca 7 -0.179194937 -0.115018592 0.0808148054 0 0 0
Ca 6 -0.0880072344 0.0733639199 0.0673597598 0 0 0
Ca 6 -0.0744269558 0.0502395594 0.0593474767 0 0 0
VGCC_O 1 -0.126159285 0.0151063295 0.0466933189 -1.62059625e-06 3.22356338e-07 -1
VGCC_O 4 -0.108229728 0.00324736392 0.0466932869 -8.10297798e-07 1.61178104e-07 -1
VGCC_O 9 0.0953603447 -0.018533153 0.0466930096 -1.14792244e-06 -1.24564753e-07 -1
VGCC_O 6 -0.12622171 0.0241576588 0.046693322 -1.62059677e-06 3.22356891e-07 -1
VGCC_O 5 0.113746944 -0.0200409323 0.0466929896 -1.01287282e-06 -1.51427976e-07 -1
VGCC_O 7 -0.137449801 0.00579357966 0.0466933342 -1.62059625e-06 3.22356338e-07 -1
VGCC_O 3 0.0772568984 -0.00428239309 0.046693036 -1.41802159e-06 2.82063681e-07 -1
TAG 41 -0.105784995 0.0105052503 0.0536665039 -0.333750681 -0.131703993 -0.933415524
TAG 70 -0.118208439 0.00383577013 0.0653592954 -0.735818461 -0.677177107 0.0015353549
TAG 69 -0.119239302 0.00795267007 0.0681959954 -0.999896295 -0.0141984574 0.00240892698
TAG 67 -0.115078276 0.000454692191 0.0742448755 -0.735818461 -0.677177107 0.0015353549
TAG 65 0.119072188 -0.020557456 0.0800936336 0.751399702 -0.322919474 0.575431578
TAG 63 -0.104896891 0.0149528875 0.0527352849 0.329239713 0.132369034 -0.93492227
TAG 62 -0.0995730683 0.0302300905 0.0690462359 0.3213287 0.750213891 -0.577864158
TAG 59 -0.100018848 -0.00188752594 0.0603333581 0.344822933 -0.867729023 -0.35797135
TAG 55 -0.119337383 0.0151637023 0.0699872324 -0.999896295 -0.0141984574 0.00240892698
TAG 54 -0.104785227 0.0261860029 0.076486355 -0.344822968 0.867728888 0.357971643
TAG 53 -0.089146311 -0.000197085518 0.0670554248 0.74861179 -0.322508554 -0.579282851
TAG 52 -0.119278263 0.0119799944 0.0757618237 -0.999896295 -0.0141984574 0.00240892698
TAG 51 -0.102448777 0.00747370566 0.0865367572 -0.329239868 -0.132369105 0.934922205
TAG 45 -0.113699624 0.0170707545 0.0588716642 -0.751399624 0.322919173 -0.575431849
TAG 44 -0.11923843 0.00668793202 0.0611035411 -0.999896295 -0.0141984574 0.00240892698
LGIC_C 0 0.515654561 0.227831099 0.0250140113 -4.20574004e-08 -2.81018564e-08 1
LGIC_C 1 -0.344403204 0.0587321407 0.0250139987 4.34088259e-08 -8.63455061e-09 1
LGIC_C 2 -0.540466739 0.0815399788 0.0250140109 4.96100897e-08 -9.86805572e-09 1
LGIC_C 3 0.248364839 -0.664292027 0.0250140186 -9.86804037e-09 4.96101e-08 1
LGIC_C 4 -0.404336854 -0.226444005 0.0250140029 6.28883752e-09 7.55636663e-08 1
LGIC_C 5 0.0536953191 -0.51907272 0.0250140127 1.00935263e-08 5.7878447e-08 1
LGIC_C 6 -0.328744991 0.470782088 0.0250140145 1.28239438e-08 -5.73353116e-08 1
LGIC_C 7 -0.681354003 0.427692387 0.0250140189 3.68002297e-08 -2.45891157e-08 1
LGIC_C 8 -0.224008545 0.28554449 0.0250139993 2.45891128e-08 -3.68002333e-08 1
LGIC_C 9 -0.429156671 -0.255864477 0.0250140053 6.28883752e-09 7.55636663e-08 1
LGIC_C 10 -0.442827309 -0.612287224 0.0250140195 3.95603082e-08 3.05989652e-08 1
LGIC_C 11 0.160776662 0.560876904 0.0250140101 -6.33660387e-09 4.96100877e-08 -1
LGIC_C 12 0.369887794 0.154166909 0.0250140064 -4.90669739e-08 -3.27854893e-08 1
LGIC_C 13 0.719829788 -0.103144879 0.02501402 -4.96100859e-08 9.86807898e-09 1
LGIC_C 14 0.657101578 0.237591568 0.0250140143 -4.96100869e-08 6.3366408e-09 1
LGIC_C 15 -0.44698197 -0.316682104 0.0250140062 5.39043203e-09 6.47688584e-08 1
LGIC_C 16 0.636185252 -0.152282932 0.0250140163 -4.96100859e-08 9.86807898e-09 1
LGIC_C 17 -0.542874633 0.353073431 0.0250140141 -4.82586679e-08 1.31306769e-08 -1
LGIC_C 18 0.280198064 -0.449659943 0.02501401 -2.81018481e-08 4.20574137e-08 1
LGIC_C 19 -0.325222234 0.288982378 0.0250140082 3.37890593e-08 -4.80634052e-08 1
LGIC_C 20 0.122502585 -0.405903912 0.0250140081 -1.15127059e-08 5.78784511e-08 1
LGIC_C 21 -0.0276439472 -0.184995227 0.0250139916 -2.90231482e-08 4.96101036e-08 1
LGIC_C 22 0.147515207 0.628217528 0.0250140159 -9.86806672e-09 -4.96100854e-08 1
LGIC_C 23 -0.427751898 0.411778198 0.0250140091 3.68002297e-08 -2.45891157e-08 1
LGIC_C 24 0.111792405 0.446117424 0.0250140065 -9.86806672e-09 -4.96100854e-08 1
LGIC_C 25 0.370635124 -0.00834488473 0.0250139994 -4.34088226e-08 8.63456802e-09 1
LGIC_C 26 -0.0383699433 0.24619665 0.025013998 1.15127271e-08 -5.78784352e-08 1
LGIC_C 27 -0.269979628 0.513461161 0.0250140173 3.27854968e-08 -4.90669676e-08 1
LGIC_C 28 0.680709332 0.0998445371 0.0250140136 -4.34088272e-08 -8.63453573e-09 1
LGIC_C 29 -0.616735614 -0.115020353 0.0250140133 5.7878436e-08 -4.89847332e-08 1
LGIC_C 30 0.655521124 0.0827051187 0.0250140152 -4.96100869e-08 6.3366408e-09 1
LGIC_C 31 -0.395274507 -0.437710888 0.0250140123 3.95603082e-08 3.05989652e-08 1
LGIC_C 32 0.0597307819 0.0711801733 0.0250139879 -2.81018716e-08 -4.20573923e-08 1
LGIC_C 33 -0.0430644287 0.638624013 0.0250140114 8.63455111e-09 -4.34088279e-08 1
LGIC_C 34 0.2430666 -0.497479559 0.0250140156 -3.27854948e-08 4.90669785e-08 1
LGIC_C 35 -0.159361601 -0.506235589 0.0250140037 -2.90231482e-08 4.96101036e-08 1
LGIC_C 36 0.530274335 -0.612326096 0.0250140188 -2.45891087e-08 3.68002429e-08 1
LGIC_C 37 0.12613493 0.741034862 0.0250140165 -8.63455884e-09 -4.34088253e-08 1
LGIC_C 38 0.730319916 -0.322840023 0.0250140183 -3.05989503e-08 3.95603122e-08 1
LGIC_C 39 0.720360005 0.322679261 0.0250140177 -3.68002282e-08 -2.45891172e-08 1
LGIC_C 40 -0.676391557 0.0369924714 0.0250140136 4.34088279e-08 -2.48392273e-08 1
LGIC_C 41 -0.521101114 0.614039673 0.0250140187 2.45891128e-08 -3.68002333e-08 1
LGIC_C 42 -0.261191212 -0.677002365 0.0250140149 8.63456455e-09 4.34088336e-08 1
LGIC_C 43 -0.585826698 -0.510289389 0.0250140154 1.15916899e-08 4.97976879e-08 1
LGIC_C 44 0.346242126 0.556317855 0.0250140147 1.3130701e-08 4.82586573e-08 -1
LGIC_C 45 0.00940625589 -0.239808671 0.0250139951 6.33663526e-09 4.9610097e-08 1
LGIC_C 46 -0.204351219 -0.185353511 0.0250139963 5.39043203e-09 6.47688584e-08 1
LGIC_C 47 0.504302293 -0.205398408 0.0250140148 -5.78784275e-08 1.15127558e-08 1
LGIC_C 48 -0.0543237693 -0.385193814 0.0250140004 8.63456455e-09 4.34088336e-08 1
LGIC_C 49 -0.494070449 -0.17906595 0.0250140063 4.34088238e-08 8.63459484e-09 1
LGIC_C 50 0.245739135 -0.308965512 0.0250140064 -3.27854948e-08 4.90669785e-08 1
LGIC_C 51 -0.56635833 -0.026530964 0.0250140071 -4.34088282e-08 2.70157287e-08 -1
LGIC_C 52 0.660242574 -0.167476726 0.025014016 -4.34088182e-08 2.48392526e-08 1
LGIC_C 53 0.319934563 -0.0687199633 0.0250139988 -4.34088182e-08 2.48392526e-08 1
LGIC_C 54 -0.031680631 -0.228431606 0.0250139949 -4.89847109e-08 5.78784581e-08 1
LGIC_C 55 0.441407486 0.486229601 0.025014012 -2.45891309e-08 -3.68002211e-08 1
LGIC_C 56 -0.119970788 -0.225887905 0.0250139932 -5.56021111e-08 -1.45571543e-08 -1
LGIC_C 57 -0.0607526314 0.420913187 0.0250140061 -3.14742797e-08 4.96100914e-08 -1
LGIC_C 58 0.440442413 -0.0496481219 0.0250140036 -4.34088182e-08 2.48392526e-08 1
LGIC_C 59 -0.423554687 -0.189098915 0.0250139999 1.45571809e-08 5.5602105e-08 1
LGIC_C 60 0.111026897 0.517888121 0.0250140124 -3.14742949e-08 -4.96100822e-08 1
LGIC_C 61 -0.403475535 0.351660708 0.0250140101 4.20574045e-08 -2.81018523e-08 1
LGIC_C 62 -0.026044035 0.411221637 0.0250140045 -3.14742797e-08 4.96100914e-08 -1
LGIC_C 63 0.195085436 -0.0360509388 0.0250139933 -4.96100859e-08 9.86807898e-09 1
LGIC_C 64 -0.228082516 0.0355592806 0.0250139947 5.7878425e-08 4.89846948e-08 1
LGIC_C 65 0.0244839527 0.31998531 0.0250139994 -9.86806672e-09 -4.96100854e-08 1
LGIC_C 66 -0.26511076 -0.319975626 0.0250140015 2.45891453e-08 3.68002268e-08 1
LGIC_C 67 -0.462605787 0.42886785 0.0250140186 6.28881943e-09 -7.55636452e-08 1
LGIC_C 68 -0.656223732 -0.108261342 0.0250140088 -4.34088282e-08 2.70157287e-08 -1
LGIC_C 69 -0.703880246 -0.372556514 0.0250140183 3.68002489e-08 2.45891179e-08 1
LGIC_C 70 -0.00877995867 0.402288009 0.0250140008 8.63455111e-09 -4.34088279e-08 1
LGIC_C 71 0.540510444 0.141575674 0.0250140161 -5.78784335e-08 -1.15127284e-08 1
LGIC_C 72 0.147373635 0.358553604 0.0250140001 -8.63455884e-09 -4.34088253e-08 1
LGIC_C 73 -0.0158389018 0.00595029873 0.0250139841 4.34088279e-08 -2.48392273e-08 1
LGIC_C 74 0.497795427 0.489195699 0.0250140137 -4.82586616e-08 -1.31306776e-08 1
LGIC_C 75 0.505129467 -0.576654729 0.0250140169 -2.45891087e-08 3.68002429e-08 1
LGIC_C 76 -0.68005614 0.0614549492 0.0250140152 4.96100851e-08 2.90231542e-08 1
LGIC_C 77 0.314088623 -0.245259722 0.0250140025 -3.05989503e-08 3.95603122e-08 1
LGIC_C 78 0.266606172 0.372494211 0.0250140103 -3.27855134e-08 -4.90669575e-08 1
LGIC_C 79 -0.574247614 -0.251954147 0.0250140024 1.15916899e-08 4.97976879e-08 1
LGIC_C 80 0.698058672 -0.0665002409 0.0250140141 -4.34088226e-08 8.63456802e-09 1
LGIC_C 81 0.0443903772 0.684861236 0.025014017 -6.33660387e-09 4.96100877e-08 -1
LGIC_C 82 0.511400422 -0.315719184 0.0250140114 -3.05989503e-08 3.95603122e-08 1
LGIC_C 83 -0.360775375 0.260472059 0.0250140041 -4.82586679e-08 1.31306769e-08 -1
LGIC_C 84 0.214981949 0.510871853 0.0250140107 1.3130701e-08 4.82586573e-08 -1
LGIC_C 85 -0.0582557167 0.140800231 0.0250139921 1.28239438e-08 -5.73353116e-08 1
LGIC_C 86 0.571657637 -0.322403473 0.025014018 -3.37890406e-08 4.80634332e-08 1
LGIC_C 87 -0.31793688 -0.237465653 0.0250140011 1.45571809e-08 5.5602105e-08 1
LGIC_C 88 -0.592785735 -0.509380487 0.0250140155 1.15916899e-08 4.97976879e-08 1
LGIC_C 89 0.254685613 -0.496698183 0.0250140105 -1.31306721e-08 4.82586744e-08 1
LGIC_C 90 -0.364051267 -0.328553594 0.0250140068 1.45571809e-08 5.5602105e-08 1
LGIC_C 91 0.140008838 0.809526477 0.0250140196 -8.63455884e-09 -4.34088253e-08 1
LGIC_C 92 0.242102789 -0.695103743 0.0250140162 6.33663526e-09 4.9610097e-08 1
LGIC_C 93 -0.0790113744 0.577564118 0.0250140114 -6.33661298e-09 -4.96100859e-08 1
LGIC_C 94 0.162296434 -0.0566633697 0.0250139931 -4.96100802e-08 3.14742968e-08 1
LGIC_C 95 -0.321286662 -0.402706602 0.025014007 -5.56021111e-08 -1.45571543e-08 -1
LGIC_C 96 0.320622389 -0.0196138746 0.0250139993 -4.96100859e-08 9.86807898e-09 1
LGIC_C 97 -0.402238659 0.0668548637 0.0250140013 4.96100851e-08 2.90231542e-08 1
LGIC_C 98 -0.340748266 -0.54712617 0.0250140135 3.95603082e-08 3.05989652e-08 1
LGIC_C 99 0.224921931 -0.0746109915 0.0250139967 -4.96100802e-08 3.14742968e-08 1
LGIC_C 100 -0.340513835 -0.498710905 0.02501401 2.45891453e-08 3.68002268e-08 1
LGIC_C 101 -0.366356298 0.0271632956 0.0250140017 4.96100897e-08 -9.86805572e-09 1
LGIC_C 102 -0.325339878 0.449824103 0.0250140132 1.28239438e-08 -5.73353116e-08 1
LGIC_C 103 -0.456345456 -0.0319980006 0.0250140033 4.34088238e-08 8.63459484e-09 1
LGIC_C 104 0.60690149 -0.25054293 0.0250140158 -4.96100859e-08 9.86807898e-09 1
LGIC_C 105 -0.326041597 0.0807511771 0.0250139994 4.34088279e-08 -2.48392273e-08 1
LGIC_C 106 -0.29824868 0.798730724 0.0225189648 -0.194186377 0.976241021 0.0961515493
LGIC_C 107 -0.742644892 -0.272429227 0.0250140179 4.34088238e-08 8.63459484e-09 1
LGIC_C 108 -0.0375719916 -0.494417252 0.0250140056 2.48392553e-08 4.34088306e-08 1
LGIC_C 109 0.20428297 0.098456818 0.0250139944 -4.82586616e-08 -1.31306776e-08 1
LGIC_C 110 -0.178555294 -0.698480102 0.0250140151 8.63456455e-09 4.34088336e-08 1
LGIC_C 111 -0.520440124 -0.143657543 0.0250140049 -4.96100919e-08 2.90231703e-08 -1
LGIC_C 112 0.731158693 -0.0275500298 0.0250140204 -4.96100802e-08 3.14742968e-08 1
LGIC_C 113 -0.00816527361 -0.696222655 0.0250140137 2.48392553e-08 4.34088306e-08 1
LGIC_C 114 -0.366462728 0.403275385 0.0250140111 1.28239438e-08 -5.73353116e-08 1
LGIC_C 115 0.507840311 -0.385182115 0.025014014 -3.05989503e-08 3.95603122e-08 1
LGIC_C 116 0.176940002 -0.466879791 0.0250140085 1.00935263e-08 5.7878447e-08 1
LGIC_C 117 -0.19722611 -0.0432081526 0.0250139918 -4.96100919e-08 2.90231703e-08 -1
LGIC_C 118 -0.323176929 -0.338788814 0.0250140062 -5.56021111e-08 -1.45571543e-08 -1
LGIC_C 119 0.074675211 0.408248413 0.0250140043 -9.86806672e-09 -4.96100854e-08 1
LGIC_C 120 0.0174094046 0.47966036 0.0250140072 -9.86806672e-09 -4.96100854e-08 1
LGIC_C 121 -0.455077703 -0.403850768 0.0250140086 1.15916899e-08 4.97976879e-08 1
LGIC_C 122 0.615720431 -0.337611065 0.0250140142 -3.68002179e-08 2.45891393e-08 1
LGIC_C 123 0.340758258 -0.285399107 0.0250140093 -4.90669481e-08 3.27855328e-08 1
LGIC_C 124 0.506376222 -0.429861876 0.0250140124 -3.68002179e-08 2.45891393e-08 1
LGIC_C 125 0.142217553 -0.172299509 0.0250139934 -1.31306721e-08 4.82586744e-08 1
LGIC_C 126 0.638735579 -0.346199087 0.0250140165 -3.05989503e-08 3.95603122e-08 1
LGIC_C 127 0.23698359 -0.314420334 0.0250140015 -1.31306721e-08 4.82586744e-08 1
LGIC_C 128 0.22781567 -0.354866144 0.0250140019 -2.45891087e-08 3.68002429e-08 1
LGIC_C 129 0.451939204 -0.110578804 0.0250140038 -4.34088226e-08 8.63456802e-09 1
LGIC_C 130 -0.636385901 0.228642309 0.0250140129 4.34088259e-08 -8.63455061e-09 1
LGIC_C 131 0.409119951 0.256094338 0.0250140063 -4.82586616e-08 -1.31306776e-08 1
LGIC_C 132 -0.246553473 0.0988885015 0.0250139927 5.7878425e-08 4.89846948e-08 1
LGIC_C 133 -0.615651828 -0.0566164705 0.0250140105 4.34088238e-08 8.63459484e-09 1
LGIC_C 134 0.309773737 -0.635373314 0.0250140142 -2.45891087e-08 3.68002429e-08 1
LGIC_C 135 -0.308958359 -0.254547231 0.0250140044 6.28883752e-09 7.55636663e-08 1
LGIC_C 136 0.421532967 -0.255819873 0.025014005 -3.68002179e-08 2.45891393e-08 1
LGIC_C 137 0.365014286 -0.308895522 0.0250140066 -3.05989503e-08 3.95603122e-08 1
LGIC_C 138 -0.704341627 -0.192688427 0.0250140101 4.96100935e-08 -4.19869172e-08 1
LGIC_C 139 0.178617255 -0.0179670665 0.0250139927 -4.96100802e-08 3.14742968e-08 1
LGIC_C 140 0.4579595 0.586251707 0.0250140161 -2.45891309e-08 -3.68002211e-08 1
LGIC_C 141 0.499467842 0.0939212297 0.0250140057 -4.34088272e-08 -8.63453573e-09 1
LGIC_C 142 -0.46646748 -0.531451819 0.025014018 3.95603082e-08 3.05989652e-08 1
LGIC_C 143 -0.0816877499 -0.169081639 0.0250139927 2.81018674e-08 4.20574117e-08 1
LGIC_C 144 -0.465987063 -0.486010999 0.0250140166 3.95603082e-08 3.05989652e-08 1
LGIC_C 145 0.198555443 0.0136606368 0.025013993 -4.96100869e-08 6.3366408e-09 1
LGIC_C 146 0.00439875855 0.59583908 0.0250140129 -9.86806672e-09 -4.96100854e-08 1
LGIC_C 147 -0.320241178 -0.330734396 0.0250140033 2.45891453e-08 3.68002268e-08 1
LGIC_C 148 0.428046895 -0.0721740999 0.0250140088 -5.78784275e-08 1.15127558e-08 1
LGIC_C 149 0.564083957 0.525268417 0.0250140169 -3.68002282e-08 -2.45891172e-08 1
LGIC_C 150 0.401494472 0.153272852 0.0250140022 -4.96100869e-08 6.3366408e-09 1
LGIC_C 151 -0.118152395 -0.728885712 0.0250140159 8.63456455e-09 4.34088336e-08 1
LGIC_C 152 0.272231394 0.609730602 0.0250140165 -2.81018716e-08 -4.20573923e-08 1
LGIC_C 153 0.156431632 -0.181467924 0.0250139956 -1.28239349e-08 5.73353226e-08 1
LGIC_C 154 0.179625863 0.505572564 0.0250140101 -9.86806672e-09 -4.96100854e-08 1
LGIC_C 155 -0.616379948 0.123310588 0.0250140111 4.34088259e-08 -8.63455061e-09 1
LGIC_C 156 -0.26677916 0.011146973 0.0250139949 4.34088259e-08 -8.63455061e-09 1
LGIC_C 157 -0.383957588 0.280515241 0.0250140069 6.28881943e-09 -7.55636452e-08 1
LGIC_C 158 0.374321856 0.176039733 0.0250140044 3.37890593e-08 4.80634111e-08 -1
LGIC_C 159 0.784881688 0.175285956 0.0250140188 -4.34088272e-08 -8.63453573e-09 1
LGIC_C 160 -0.255332417 -0.0740638036 0.0250139924 -4.34088282e-08 2.70157287e-08 -1
LGIC_C 161 -0.421300444 0.0988438624 0.0250140051 4.96100897e-08 -9.86805572e-09 1
LGIC_C 162 0.4670982 -0.0139355513 0.0250140104 -5.78784275e-08 1.15127558e-08 1
LGIC_C 163 0.366272633 -0.235702031 0.0250140053 -4.20573976e-08 2.81018683e-08 1
LGIC_C 164 0.239463016 -0.592263001 0.0250140111 6.33663526e-09 4.9610097e-08 1
LGIC_C 165 -0.333289481 0.044017549 0.0250139985 4.96100851e-08 2.90231542e-08 1
LGIC_C 166 -0.177846987 -0.679108809 0.0250140171 2.48392553e-08 4.34088306e-08 1
LGIC_C 167 -0.556582826 0.546774018 0.0250140173 -4.82586679e-08 1.31306769e-08 -1
LGIC_C 168 -0.560633608 -0.25391938 0.0250140027 5.39043203e-09 6.47688584e-08 1
LGIC_C 169 0.681294372 -0.463709279 0.0250140197 -3.68002179e-08 2.45891393e-08 1
LGIC_C 170 0.513671028 -0.339640976 0.0250140169 -3.37890406e-08 4.80634332e-08 1
LGIC_C 171 -0.201908697 0.29028052 0.0250140025 1.28239438e-08 -5.73353116e-08 1
LGIC_C 172 0.381189799 0.162660608 0.0250140038 -4.20574004e-08 -2.81018564e-08 1
LGIC_C 173 0.676041953 0.299031224 0.0250140155 -3.68002282e-08 -2.45891172e-08 1
LGIC_C 174 -0.0833849706 -0.531770133 0.0250140084 2.48392553e-08 4.34088306e-08 1
LGIC_C 175 0.430226116 -0.301987181 0.0250140123 -3.37890406e-08 4.80634332e-08 1
LGIC_C 176 -0.601038532 -0.58726515 0.0250140194 1.15916899e-08 4.97976879e-08 1
LGIC_C 177 0.303317357 0.322903131 0.0250140054 -2.81018716e-08 -4.20573923e-08 1
LGIC_C 178 0.0726375733 -0.610529165 0.0250140131 6.33663526e-09 4.9610097e-08 1
LGIC_C 179 -0.252264173 -0.167644435 0.0250139975 6.28883752e-09 7.55636663e-08 1
LGIC_C 180 -0.147180774 0.25981405 0.0250139983 2.8101852e-08 -4.20574041e-08 1
LGIC_C 181 -0.622786724 -0.32106401 0.0250140074 5.39043203e-09 6.47688584e-08 1
LGIC_C 182 0.080122342 -0.168569993 0.0250139926 -2.81018481e-08 4.20574137e-08 1
LGIC_C 183 0.661122418 0.323863079 0.0250140194 -4.82586616e-08 -1.31306776e-08 1
LGIC_C 184 0.718471879 -0.039776147 0.0250140154 -4.34088182e-08 2.48392526e-08 1
LGIC_C 185 0.384129112 -0.111766605 0.0250140027 -4.34088182e-08 2.48392526e-08 1
LGIC_C 186 -0.607867504 -0.319363024 0.0250140072 5.39043203e-09 6.47688584e-08 1
LGIC_C 187 0.169925577 0.0811531208 0.0250139942 -4.90669739e-08 -3.27854893e-08 1
LGIC_C 188 -0.745013535 0.0899949596 0.0250140164 4.34088259e-08 -8.63455061e-09 1
LGIC_C 189 -0.521715914 0.300797127 0.0250140137 4.20574045e-08 -2.81018523e-08 1
LGIC_C 190 0.332959226 -0.747761995 0.0250140189 -2.45891087e-08 3.68002429e-08 1
LGIC_C 191 -0.424002523 -0.253971 0.025014002 5.39043203e-09 6.47688584e-08 1
LGIC_C 192 -0.292168876 0.0983718503 0.0250139968 4.34088259e-08 -8.63455061e-09 1
LGIC_C 193 0.291465507 0.0791665108 0.0250139985 -4.96100911e-08 -9.86803575e-09 1
LGIC_C 194 -0.670167423 0.369718882 0.025014017 3.68002297e-08 -2.45891157e-08 1
LGIC_C 195 0.343549815 0.382117589 0.025014009 -2.81018716e-08 -4.20573923e-08 1
LGIC_C 196 0.711108559 0.389869609 0.025014019 -3.68002282e-08 -2.45891172e-08 1
LGIC_C 197 -0.243023951 -0.508189896 0.0250140079 2.45891453e-08 3.68002268e-08 1
LGIC_C 198 0.544919159 0.0245513964 0.0250140071 -4.34088272e-08 -8.63453573e-09 1
LGIC_C 199 0.610092393 0.249306463 0.0250140119 -4.96100869e-08 6.3366408e-09 1
LGIC_C 200 0.726345756 -0.308880261 0.0250140176 -3.68002179e-08 2.45891393e-08 1
LGIC_C 201 0.225063234 0.132071633 0.0250139964 -4.20574004e-08 -2.81018564e-08 1
LGIC_C 202 -0.0301981786 -0.315048798 0.0250139977 2.48392553e-08 4.34088306e-08 1
LGIC_C 203 -0.173398234 -0.0656827151 0.0250139901 5.7878436e-08 -4.89847332e-08 1
LGIC_C 204 -0.35948899 0.552495672 0.0250140166 2.8101852e-08 -4.20574041e-08 1
LGIC_C 205 -0.0937051827 0.239735953 0.0250139961 9.86805557e-09 -4.96100883e-08 1
LGIC_C 206 0.612170588 -0.369977635 0.0250140149 -3.68002179e-08 2.45891393e-08 1
LGIC_C 207 -0.13136055 -0.455263039 0.0250140031 -4.89847109e-08 5.78784581e-08 1
LGIC_C 208 -0.525795048 0.370808886 0.0250140135 -4.82586679e-08 1.31306769e-08 -1
LGIC_C 209 -0.00871864649 -0.00572444738 0.0250139847 -1.17760821e-07 -7.86851768e-08 -1
LGIC_C 210 0.0491676623 0.24224607 0.0250139958 -9.86806672e-09 -4.96100854e-08 1
LGIC_C 211 0.607791954 -0.176330496 0.0250140204 -5.78784275e-08 1.15127558e-08 1
LGIC_C 212 -0.348478985 -0.469052025 0.0250140095 -5.56021111e-08 -1.45571543e-08 -1
LGIC_C 213 0.401175714 -0.442914239 0.0250140131 -2.81018481e-08 4.20574137e-08 1
LGIC_C 214 0.497098086 -0.102377016 0.0250140057 -4.34088226e-08 8.63456802e-09 1
LGIC_C 215 -0.420531494 -0.0619980176 0.0250140021 4.34088238e-08 8.63459484e-09 1
LGIC_C 216 0.191094636 -0.171037755 0.0250139958 -3.05989503e-08 3.95603122e-08 1
LGIC_C 217 0.50216031 -0.408521838 0.0250140198 -3.37890406e-08 4.80634332e-08 1
LGIC_C 218 -0.253043884 0.388153987 0.0250140053 1.31306824e-08 -4.82586643e-08 1
LGIC_C 219 -0.209658761 -0.434817829 0.0250140049 3.95603082e-08 3.05989652e-08 1
LGIC_C 220 -0.717556132 -0.33947589 0.025014018 3.68002489e-08 2.45891179e-08 1
LGIC_C 221 0.708762628 -0.455469936 0.0228076296 0.827616944 -0.552996408 0.0961517878
LGIC_C 222 -0.581809785 -0.182481122 0.0250140068 -4.96100919e-08 2.90231703e-08 -1
LGIC_C 223 0.28679676 0.422378428 0.0250140113 -4.80634192e-08 -3.37890445e-08 1
LGIC_C 224 -0.355824215 0.075254568 0.0250139987 4.96100851e-08 2.90231542e-08 1
LGIC_C 225 0.18089055 -0.623194121 0.0250140118 -8.63454093e-09 4.34088369e-08 1
LGIC_C 226 0.357789288 -0.219625012 0.0250140018 -3.68002179e-08 2.45891393e-08 1
LGIC_C 227 -0.181057743 0.488153793 0.025014006 8.63455111e-09 -4.34088279e-08 1
LGIC_C 228 0.262658596 -0.323735626 0.0250140023 -1.31306721e-08 4.82586744e-08 1
LGIC_C 229 -0.539031584 -0.0631116445 0.0250140072 4.34088238e-08 8.63459484e-09 1
LGIC_C 230 -0.689121378 -0.222793973 0.0250140072 -4.34088282e-08 2.70157287e-08 -1
LGIC_C 231 0.526560003 0.268492737 0.0250140139 3.37890593e-08 4.80634111e-08 -1
LGIC_C 232 -0.241633364 0.753308717 0.0250140181 8.63455111e-09 -4.34088279e-08 1
LGIC_C 233 0.33656165 0.253033936 0.0250140028 -4.82586616e-08 -1.31306776e-08 1
LGIC_C 234 -0.0966939408 -0.446333037 0.0250140034 8.63456455e-09 4.34088336e-08 1
LGIC_C 235 0.265355127 0.446114865 0.0250140095 -2.81018716e-08 -4.20573923e-08 1
LGIC_C 236 0.312925298 -0.0273164052 0.0250139975 -4.34088182e-08 2.48392526e-08 1
LGIC_C 237 0.65631479 -0.0258196973 0.0250140166 -4.96100802e-08 3.14742968e-08 1
LGIC_C 238 -0.144894111 0.000168594613 0.0250139916 5.7878425e-08 4.89846948e-08 1
LGIC_C 239 0.515007644 -0.279906369 0.0250140128 -4.20573976e-08 2.81018683e-08 1
LGIC_C 240 0.106179884 -0.160589227 0.0250139938 -1.28239349e-08 5.73353226e-08 1
LGIC_C 241 -0.103086454 0.230538629 0.0250139959 2.8101852e-08 -4.20574041e-08 1
LGIC_C 242 0.603455545 -0.313142101 0.0250140187 -3.37890406e-08 4.80634332e-08 1
LGIC_C 243 -0.62902985 0.236377861 0.0250140168 4.96100897e-08 -9.86805572e-09 1
LGIC_C 244 0.578559936 -0.203810383 0.0250140191 -5.78784275e-08 1.15127558e-08 1
LGIC_C 245 -0.492854341 -0.4681125 0.0250140164 1.45571809e-08 5.5602105e-08 1
LGIC_C 246 0.412395706 0.461007626 0.0250140104 -2.45891309e-08 -3.68002211e-08 1
LGIC_C 247 -0.476468795 0.654531074 0.0250140191 2.45891128e-08 -3.68002333e-08 1
LGIC_C 248 0.140091898 -0.109699961 0.0250139911 -3.68002179e-08 2.45891393e-08 1
LGIC_C 249 0.470580727 -0.00772444459 0.0250140068 -4.96100802e-08 3.14742968e-08 1
LGIC_C 250 0.21824719 0.493528251 0.0250140104 -4.80634192e-08 -3.37890445e-08 1
LGIC_C 251 0.0311314365 0.66052604 0.0250140158 -6.33660387e-09 4.96100877e-08 -1
LGIC_C 252 0.120175813 0.579430657 0.0250140158 -3.14742949e-08 -4.96100822e-08 1
LGIC_C 253 0.50155079 0.329259518 0.0250140118 -4.82586616e-08 -1.31306776e-08 1
LGIC_C 254 -0.449489715 0.285597419 0.0250140122 3.37890593e-08 -4.80634052e-08 1
LGIC_C 255 -0.808438685 -0.0799070941 0.0250140162 -4.34088282e-08 2.70157287e-08 -1
LGIC_C 256 -0.30260266 0.555374573 0.0250140111 2.45891128e-08 -3.68002333e-08 1
LGIC_C 257 0.30215542 0.307477923 0.0250140021 1.3130701e-08 4.82586573e-08 -1
LGIC_C 258 -0.239208564 0.55936806 0.0250140097 2.45891128e-08 -3.68002333e-08 1
LGIC_C 259 0.278007402 -0.315022946 0.0250140078 -3.27854948e-08 4.90669785e-08 1
LGIC_C 260 -0.00546540157 -0.583810054 0.0250140123 9.8680833e-09 4.96100963e-08 1
LGIC_C 261 0.0892024395 0.602724289 0.0250140102 -8.63455884e-09 -4.34088253e-08 1
LGIC_C 262 -0.351488641 0.323533185 0.0250140071 4.20574045e-08 -2.81018523e-08 1
LGIC_C 263 -0.687294383 -0.268961012 0.0250140061 4.96100935e-08 -4.19869172e-08 1
LGIC_C 264 0.456554327 -0.319657828 0.0250140079 -3.68002179e-08 2.45891393e-08 1
LGIC_C 265 0.22506318 0.0403837697 0.0250139948 -4.96100911e-08 -9.86803575e-09 1
LGIC_C 266 -0.147256893 -0.35954728 0.0250140025 2.48392553e-08 4.34088306e-08 1
LGIC_C 267 -0.26748988 -0.265354105 0.0250140019 1.45571809e-08 5.5602105e-08 1
LGIC_C 268 -0.0661970667 -0.503390815 0.0250140063 -2.90231482e-08 4.96101036e-08 1
LGIC_C 269 -0.0458214129 0.663066537 0.0250140159 -6.33661298e-09 -4.96100859e-08 1
LGIC_C 270 -0.0958966802 -0.0972155859 0.0250139911 7.55636799e-08 6.2887973e-09 1
LGIC_C 271 -0.493740339 -0.457389802 0.0250140127 3.68002489e-08 2.45891179e-08 1
LGIC_C 272 -0.406237827 0.310764129 0.025014007 -4.82586679e-08 1.31306769e-08 -1
LGIC_C 273 0.704585619 -0.156764729 0.0250140177 -4.34088182e-08 2.48392526e-08 1
LGIC_C 274 -0.3475221 0.399108438 0.0250140065 2.45891128e-08 -3.68002333e-08 1
LGIC_C 275 0.0462819851 -0.549086554 0.0250140102 6.33663526e-09 4.9610097e-08 1
LGIC_C 276 -0.150228793 -0.488286524 0.0250140031 -2.90231482e-08 4.96101036e-08 1
LGIC_C 277 0.649008067 -0.0612055123 0.0250140173 -4.96100802e-08 3.14742968e-08 1
LGIC_C 278 0.30443872 0.291279674 0.0250140016 -3.68002282e-08 -2.45891172e-08 1
LGIC_C 279 0.0556956357 -0.132557982 0.0250139895 -2.45891087e-08 3.68002429e-08 1
LGIC_C 280 -0.277708563 -0.141766158 0.0250139952 1.45571809e-08 5.5602105e-08 1
LGIC_C 281 0.355248758 0.590991427 0.0250140203 -4.80634192e-08 -3.37890445e-08 1
LGIC_C 282 -0.277803842 -0.462031204 0.0250140084 3.95603082e-08 3.05989652e-08 1
LGIC_C 283 -0.252056767 -0.500477877 0.0250140055 7.55636799e-08 6.2887973e-09 1
LGIC_C 284 0.223054355 -0.760652465 0.0250140182 -8.63454093e-09 4.34088369e-08 1
LGIC_C 285 -0.262305289 0.506136879 0.0250140167 3.27854968e-08 -4.90669676e-08 1
LGIC_C 286 -0.501944111 0.0167749508 0.0250140077 4.96100851e-08 2.90231542e-08 1
LGIC_C 287 -0.0667680916 -0.11840654 0.0250139892 2.45891453e-08 3.68002268e-08 1
LGIC_C 288 0.0201486609 -0.329955042 0.0250139995 6.33663526e-09 4.9610097e-08 1
LGIC_C 289 0.00825499045 -0.00691895048 0.0250139837 -3.68002179e-08 2.45891393e-08 1
LGIC_C 290 -0.355075847 -0.501991156 0.0250140143 2.81018674e-08 4.20574117e-08 1
LGIC_C 291 -0.479319406 0.413932203 0.0250140111 3.68002297e-08 -2.45891157e-08 1
LGIC_C 292 0.434529262 0.459606837 0.0250140148 -2.81018716e-08 -4.20573923e-08 1
LGIC_C 293 -0.622516645 -0.0171002865 0.0250140137 -4.96100919e-08 2.90231703e-08 -1
LGIC_C 294 0.0545164505 -0.181469375 0.0250139944 -1.15127059e-08 5.78784511e-08 1
LGIC_C 295 -0.152837427 0.152271554 0.0250139957 6.28881943e-09 -7.55636452e-08 1
LGIC_C 296 0.513913292 0.274277485 0.0250140126 -4.20574004e-08 -2.81018564e-08 1
LGIC_C 297 0.0358426601 0.319456323 0.0250139974 -8.63455884e-09 -4.34088253e-08 1
LGIC_C 298 0.0422898217 -0.511501952 0.025014009 -9.86804037e-09 4.96101e-08 1
LGIC_C 299 -0.113929768 -0.31167039 0.0250139998 9.8680833e-09 4.96100963e-08 1
LGIC_C 300 0.425945438 -0.0425394063 0.0250140028 -4.34088182e-08 2.48392526e-08 1
LGIC_C 301 0.0807342377 0.37001607 0.025014 -8.63455884e-09 -4.34088253e-08 1
LGIC_C 302 0.379553809 0.353837851 0.0250140092 -4.20574004e-08 -2.81018564e-08 1
LGIC_C 303 -0.0345868902 0.353365852 0.0250140011 9.86805557e-09 -4.96100883e-08 1
LGIC_C 304 -0.175838457 0.387499181 0.0250140043 1.31306824e-08 -4.82586643e-08 1
LGIC_C 305 -0.440790834 0.255964608 0.0250140058 3.68002297e-08 -2.45891157e-08 1
LGIC_C 306 0.162774546 0.0994229339 0.0250139935 3.37890593e-08 4.80634111e-08 -1
LGIC_C 307 -0.40865971 0.280027787 0.0250140067 -4.82586679e-08 1.31306769e-08 -1
LGIC_C 308 0.631525191 -0.244235659 0.0250140128 -4.34088226e-08 8.63456802e-09 1
LGIC_C 309 0.141469189 0.125203593 0.0250139915 -3.68002282e-08 -2.45891172e-08 1
LGIC_C 310 0.105381959 0.809020369 0.0250140193 -8.63455884e-09 -4.34088253e-08 1
LGIC_C 311 0.543962461 0.59745434 0.0250140186 -2.45891309e-08 -3.68002211e-08 1
LGIC_C 312 0.293423434 0.221268089 0.0250140018 -4.20574004e-08 -2.81018564e-08 1
LGIC_C 313 0.671724213 0.364494741 0.0250140169 -3.68002282e-08 -2.45891172e-08 1
LGIC_C 314 -0.240738946 0.501629957 0.0250140076 2.45891128e-08 -3.68002333e-08 1
LGIC_C 315 -0.0681300101 0.0216500407 0.0250139869 4.96100897e-08 -9.86805572e-09 1
LGIC_C 316 -0.253945084 -0.205894643 0.0250140004 6.28883752e-09 7.55636663e-08 1
LGIC_C 317 -0.41217523 -0.203472884 0.0250140034 3.68002489e-08 2.45891179e-08 1
LGIC_C 318 -0.204220637 -0.352998361 0.0250139998 -5.56021111e-08 -1.45571543e-08 -1
LGIC_C 319 -0.525722083 -0.0742892424 0.0250140041 -4.34088282e-08 2.70157287e-08 -1
LGIC_C 320 0.40623653 0.5642151 0.0250140184 -2.81018716e-08 -4.20573923e-08 1
LGIC_C 321 0.599979051 -0.297681693 0.0250140178 -3.37890406e-08 4.80634332e-08 1
LGIC_C 322 0.544851608 0.205106396 0.0250140171 -5.78784335e-08 -1.15127284e-08 1
LGIC_C 323 -0.302117655 -0.673231163 0.0250140201 2.81018674e-08 4.20574117e-08 1
LGIC_C 324 0.00163063385 0.694873124 0.0250140178 -9.86806672e-09 -4.96100854e-08 1
LGIC_C 325 0.463292285 0.650779179 0.0250140186 -2.45891309e-08 -3.68002211e-08 1
LGIC_C 326 0.165035136 0.627325568 0.0250140133 -6.33660387e-09 4.96100877e-08 -1
LGIC_C 327 -0.318367297 -0.0299866402 0.0250139982 -4.96100919e-08 2.90231703e-08 -1
LGIC_C 328 -0.439310005 0.023956379 0.0250140029 4.34088279e-08 -2.48392273e-08 1
LGIC_C 329 0.659965441 -0.211268317 0.0250140181 -4.96100859e-08 9.86807898e-09 1
LGIC_C 330 0.391789453 -0.0737885384 0.025014005 -4.96100802e-08 3.14742968e-08 1
LGIC_C 331 0.26319316 -0.0690715242 0.0250139964 -4.34088182e-08 2.48392526e-08 1
LGIC_C 332 -0.041536051 -0.338713679 0.0250140005 9.8680833e-09 4.96100963e-08 1
LGIC_C 333 0.469332096 0.171312617 0.0250140051 -4.34088272e-08 -8.63453573e-09 1
LGIC_C 334 0.244763817 0.811301208 0.00425172241 0.194186548 0.976240951 0.0961519121
LGIC_C 335 0.212752999 0.604042363 0.0250140119 -6.33660387e-09 4.96100877e-08 -1
LGIC_C 336 -0.739919464 0.00691329163 0.0250140156 4.34088279e-08 -2.48392273e-08 1
LGIC_C 337 -0.0550623048 -0.00412532786 0.0250139858 4.96100935e-08 -4.19869172e-08 1
LGIC_C 338 -0.165529613 0.307268507 0.0250139986 2.45891128e-08 -3.68002333e-08 1
LGIC_C 339 0.191421672 -0.226726414 0.0250139967 -1.31306721e-08 4.82586744e-08 1
LGIC_C 340 -0.304405536 0.602610197 0.0250140172 2.8101852e-08 -4.20574041e-08 1
LGIC_C 341 -0.050739524 -0.728108492 0.0250140153 8.63456455e-09 4.34088336e-08 1
LGIC_C 342 -0.853261781 -0.0331719119 0.00527579981 -0.976240825 -0.194187339 0.0961515894
LGIC_C 343 0.251839292 0.472369522 0.0250140094 1.3130701e-08 4.82586573e-08 -1
LGIC_C 344 -0.124771231 0.0404073647 0.0250139885 5.7878425e-08 4.89846948e-08 1
LGIC_C 345 -0.0923653546 -0.109646549 0.0250139909 7.55636799e-08 6.2887973e-09 1
LGIC_C 346 0.365413672 0.345972396 0.0250140052 -3.68002282e-08 -2.45891172e-08 1
LGIC_C 347 0.44741283 -0.209878605 0.0250140121 -4.90669481e-08 3.27855328e-08 1
LGIC_C 348 -0.129607111 -0.621250223 0.0250140153 9.8680833e-09 4.96100963e-08 1
LGIC_C 349 -0.17908844 -0.54073808 0.0250140049 -2.90231482e-08 4.96101036e-08 1
LGIC_C 350 -0.250729607 0.390487727 0.0250140038 2.45891128e-08 -3.68002333e-08 1
LGIC_C 351 -0.114633026 0.0602540774 0.02501399 3.37890593e-08 -4.80634052e-08 1
LGIC_C 352 -0.164801139 -0.355448447 0.0250140006 3.95603082e-08 3.05989652e-08 1
LGIC_C 353 -0.33571413 0.159426088 0.0250140019 4.20574045e-08 -2.81018523e-08 1
LGIC_C 354 0.142391633 0.22408015 0.0250139967 -2.81018716e-08 -4.20573923e-08 1
LGIC_C 355 0.110861924 -0.566884225 0.0250140149 1.00935263e-08 5.7878447e-08 1
LGIC_C 356 0.11270964 0.722572138 0.0250140156 -8.63455884e-09 -4.34088253e-08 1
LGIC_C 357 0.751373179 0.16301983 0.0250140195 -4.96100869e-08 6.3366408e-09 1
LGIC_C 358 0.039017039 -0.0382295047 0.0250139864 -4.90669481e-08 3.27855328e-08 1
LGIC_C 359 -0.207097869 0.193148002 0.0250139992 6.28881943e-09 -7.55636452e-08 1
LGIC_C 360 -0.475895789 0.409721891 0.0250140109 3.68002297e-08 -2.45891157e-08 1
LGIC_C 361 0.581601026 -0.160427729 0.0250140137 -4.96100859e-08 9.86807898e-09 1
LGIC_C 362 -0.417311833 -0.125083642 0.0250140003 -4.96100919e-08 2.90231703e-08 -1
LGIC_C 363 -0.40186678 0.397426005 0.0250140113 4.20574045e-08 -2.81018523e-08 1
LGIC_C 364 0.121254446 0.142929461 0.0250139942 -3.27855134e-08 -4.90669575e-08 1
LGIC_C 365 0.614252742 -0.31141217 0.0250140178 -4.20573976e-08 2.81018683e-08 1
LGIC_C 366 -0.284531819 -0.694354044 0.0250140205 2.48392553e-08 4.34088306e-08 1
LGIC_C 367 0.390928292 -0.166988709 0.0250140018 -3.05989503e-08 3.95603122e-08 1
LGIC_C 368 -0.108910508 -0.270031411 0.0250139977 2.48392553e-08 4.34088306e-08 1
LGIC_C 369 -0.0859213536 -0.593128218 0.0250140102 -2.90231482e-08 4.96101036e-08 1
LGIC_C 370 -0.384260354 -0.552983972 0.025014013 2.45891453e-08 3.68002268e-08 1
LGIC_C 371 0.187272685 0.106773235 0.0250139928 -3.68002282e-08 -2.45891172e-08 1
LGIC_C 372 -0.0858572474 0.455406155 0.0250140038 8.63455111e-09 -4.34088279e-08 1
LGIC_C 373 -0.557373399 0.546270598 0.0250140172 3.68002297e-08 -2.45891157e-08 1
LGIC_C 374 0.0791324284 -0.222584838 0.0250139938 6.33663526e-09 4.9610097e-08 1
LGIC_C 375 0.182121817 -0.612696035 0.0250140169 1.00935263e-08 5.7878447e-08 1
LGIC_C 376 0.414994466 0.38024813 0.0250140114 -4.20574004e-08 -2.81018564e-08 1
LGIC_C 377 0.307467565 0.143515786 0.0250139981 -3.68002282e-08 -2.45891172e-08 1
LGIC_C 378 -0.643412693 0.07784886 0.0250140129 4.96100851e-08 2.90231542e-08 1
LGIC_C 379 -0.0134363983 -0.516227017 0.025014009 9.8680833e-09 4.96100963e-08 1
LGIC_C 380 0.0867376682 0.592004483 0.0250140135 -9.86806672e-09 -4.96100854e-08 1
LGIC_C 381 0.00847571617 0.627672009 0.0250140145 -9.86806672e-09 -4.96100854e-08 1
LGIC_C 382 0.59461961 -0.281662671 0.0250140169 -3.37890406e-08 4.80634332e-08 1
LGIC_C 383 0.325595976 -0.504701006 0.0250140187 -3.27854948e-08 4.90669785e-08 1
LGIC_C 384 -0.485648025 -0.378183091 0.0250140149 6.28883752e-09 7.55636663e-08 1
LGIC_C 385 0.620079381 0.0518252958 0.0250140197 -5.78784335e-08 -1.15127284e-08 1
LGIC_C 386 0.530820796 -0.472291701 0.0250140144 -3.68002179e-08 2.45891393e-08 1
LGIC_C 387 0.5329537 -0.25003936 0.0250140132 -3.37890406e-08 4.80634332e-08 1
LGIC_C 388 -0.00643840692 0.477063819 0.025014007 9.86805557e-09 -4.96100883e-08 1
LGIC_C 389 0.343437548 -0.361712846 0.0250140122 -3.27854948e-08 4.90669785e-08 1
LGIC_C 390 0.535383425 0.0283454475 0.0250140096 -4.96100869e-08 6.3366408e-09 1
LGIC_C 391 -0.201663623 0.121157318 0.0250139959 3.37890593e-08 -4.80634052e-08 1
LGIC_C 392 -0.212501319 -0.577360436 0.0250140057 -2.90231482e-08 4.96101036e-08 1
LGIC_C 393 -0.000809058802 -0.29074009 0.0250139959 8.63456455e-09 4.34088336e-08 1
LGIC_C 394 0.398550412 0.625683536 0.0250140161 -2.45891309e-08 -3.68002211e-08 1
LGIC_C 395 0.327892505 0.480617209 0.0250140108 1.3130701e-08 4.82586573e-08 -1
LGIC_C 396 0.276755551 0.396612089 0.025014006 1.3130701e-08 4.82586573e-08 -1
LGIC_C 397 -0.645768536 0.214035227 0.0250140131 4.34088259e-08 -8.63455061e-09 1
LGIC_C 398 -0.564044295 0.235472862 0.0250140137 3.37890593e-08 -4.80634052e-08 1
LGIC_C 399 0.594664151 -0.149645431 0.0250140174 -4.96100802e-08 3.14742968e-08 1
