VGCC_O 0 0.11238887 -0.0311459409 0.0466929927 -1.01287282e-06 -1.51427976e-07 -1
CaBS 10 0.100360797 -0.0334038633 0.0747895381 -0.321328743 -0.750213836 0.577864204
CaBS 11 0.119447717 -0.00925769761 0.0735204479 0.735818353 0.677177225 -0.00153536905
CaBS 13 0.0955724724 -0.00657290452 0.0656220848 -0.346545998 0.867982935 -0.355684546
CaBS 14 0.120262668 -0.0139939194 0.0582229508 0.329239702 0.132369043 -0.934922272
CaBS 15 0.110521785 -0.0253426256 0.0531858445 0.329239702 0.132369043 -0.934922272
CaBS 16 0.114097902 -0.0163342933 0.0837400067 0.333750516 0.131703927 0.933415593
CaBS 17 0.111204306 -0.00276202671 0.0655939826 0.321328636 0.750213906 -0.577864173
CaBS 18 0.108544629 -0.0305732847 0.0564160522 -0.324116536 -0.749802846 -0.576839807
CaBS 19 0.118831164 -0.0155441103 0.0819360955 0.333750516 0.131703927 0.933415593
CaBS 20 0.114012431 -0.0309441569 0.0619298317 0.344822999 -0.867728964 -0.357971429
CaBS 21 0.102919284 -0.00241766713 0.0686041291 -0.346545998 0.867982935 -0.355684546
CaBS 22 0.100540395 -0.00381264025 0.0675177216 -0.346545998 0.867982935 -0.355684546
CaBS 23 0.103870169 -0.0331016674 0.0623290603 -0.324116536 -0.749802846 -0.576839807
CaBS 24 0.0920101215 -0.0264010591 0.0656524806 -0.735818491 -0.677177075 0.00153536998
Ca 1 -0.310692904 -0.257337147 0.447209735 0 0 0
Ca 1 0.490902347 0.0143274866 0.584851057 0 0 0
Ca 7 0.805592311 0.16834185 0.0910136206 0 0 0
Ca 8 -0.0448430883 0.404499124 0.550643977 0 0 0
Ca 4 -0.227209404 0.303574773 0.386881857 0 0 0
Ca 6 -0.563253872 0.177232471 0.312980831 0 0 0
Ca 1 -0.0175283665 -0.350398593 0.305620334 0 0 0
Ca 6 -0.172826944 0.279881579 0.794404949 0 0 0
Ca 1 -0.0487181382 0.108563524 0.232051581 0 0 0
Ca 8 0.162584874 0.185792268 0.290243041 0 0 0
Ca 8 -0.678524425 0.181095299 0.150171788 0 0 0
Ca 4 0.141010059 0.218514439 0.329047596 0 0 0
Ca 1 -0.00111269438 0.485651912 0.595491004 0 0 0
Ca 8 -0.0945274139 -0.53697686 0.456430289 0 0 0
Ca 1 0.581464063 -0.059318127 0.629088886 0 0 0
Ca 7 0.10190057 -0.364621473 0.832519466 0 0 0
Ca 6 0.146888739 -0.157937948 0.425037189 0 0 0
Ca 8 0.361681937 0.275578791 0.0928599979 0 0 0
Ca 3 0.403834567 0.242507537 0.169949995 0 0 0
Ca 4 0.793314739 -0.153113629 0.329663241 0 0 0
Ca 4 0.422869392 0.494801474 0.0684233088 0 0 0
Ca 8 -0.543287798 0.508093489 0.203841465 0 0 0
Ca 4 0.127121733 0.448359514 0.748557445 0 0 0
Ca 8 0.190461945 -0.00674235893 0.64765713 0 0 0
Ca 8 -0.27603981 0.437828758 0.286256857 0 0 0
Ca 8 0.249221686 -0.378193594 0.585050554 0 0 0
Ca 1 0.246940448 0.327599678 0.189918187 0 0 0
Ca 6 -0.0517038872 -0.4787643 0.606675275 0 0 0
Ca 7 -0.0875328143 -0.134854933 0.301608663 0 0 0
Ca 4 0.128283083 -0.433237523 0.338641735 0 0 0
Ca 7 0.053774914 0.493155591 0.422054111 0 0 0
Ca 1 0.174364104 0.346566526 0.430118161 0 0 0
Ca 6 -0.124440165 0.313850926 0.727342513 0 0 0
Ca 6 -0.583855336 0.156737058 0.125488563 0 0 0
Ca 1 -0.516550678 0.18240417 0.291310437 0 0 0
Ca 8 -0.27228138 0.284173519 0.546385896 0 0 0
Ca 1 0.214506438 0.166303554 0.2826863 0 0 0
Ca 8 -0.0165767625 0.0482025799 0.207170026 0 0 0
Ca 1 0.092116299 0.0882569674 0.100937508 0 0 0
Ca 8 -0.368465887 0.220854489 0.461826808 0 0 0
Ca 4 0.0759716905 0.0585124671 0.551818862 0 0 0
Ca 8 -0.433816586 0.402437457 0.274759903 0 0 0
Ca 1 -0.377199448 0.045635735 0.0470502293 0 0 0
Ca 1 -0.0397429101 0.262966556 0.342290113 0 0 0
Ca 8 -0.452157169 -0.050449528 0.159680376 0 0 0
Ca 4 -0.633676418 -0.439535883 0.354256773 0 0 0
Ca 6 0.132749606 0.445503923 0.311965382 0 0 0
Ca 6 0.0120829291 -0.0550816175 0.204633929 0 0 0
Ca 8 -0.685986067 -0.104010324 0.107824116 0 0 0
Ca 7 -0.0319534064 -0.209488807 0.0703397204 0 0 0
Ca 4 -0.465439178 0.399838842 0.342231343 0 0 0
Ca 8 -0.114999547 0.164673141 0.175339529 0 0 0
Ca 6 -0.161625848 0.372552258 0.295579912 0 0 0
Ca 4 0.118924128 -0.186465303 0.144083108 0 0 0
Ca 8 0.0376276227 -0.22997386 0.398612508 0 0 0
Ca 4 -0.142887786 -0.0894853965 0.23905243 0 0 0
Ca 1 -0.211948495 0.273528354 0.344974004 0 0 0
Ca 4 -0.186563464 -0.0635376739 0.330269909 0 0 0
Ca 6 0.0277897356 0.161181741 0.397268879 0 0 0
Ca 8 -0.219674482 -0.195436839 0.174156392 0 0 0
Ca 1 0.0369477621 0.0830532086 0.2840301 0 0 0
Ca 6 0.124526415 0.334738202 0.0741343498 0 0 0
Ca 4 -0.294274309 0.319353807 0.101465347 0 0 0
Ca 4 -0.511065314 0.208073104 0.0747761621 0 0 0
Ca 7 -0.281814535 0.1439342 0.186083479 0 0 0
Ca 4 -0.358440747 -0.326494797 0.130926186 0 0 0
Ca 8 -0.247114066 0.0749163467 0.0793215323 0 0 0
Ca 7 -0.045690596 0.00751121821 0.268560847 0 0 0
Ca 7 -0.323730499 -0.127920482 0.221923568 0 0 0
Ca 4 -0.0181990246 -0.157078314 0.138275991 0 0 0
Ca 4 -0.133683838 -0.260970603 0.105024819 0 0 0
Ca 7 -0.0250867419 0.0983693105 0.357769868 0 0 0
Ca 8 -0.103944698 0.103469289 0.0688061759 0 0 0
Ca 8 -0.13757552 -0.0234511588 0.136510076 0 0 0
Ca 7 -0.118900396 0.088761205 0.129618274 0 0 0
Ca 8 -0.33767841 0.0622963572 0.0508961063 0 0 0
Ca 1 -0.309167516 0.0520505064 0.160863121 0 0 0
Ca 4 -0.0824107487 -0.16936138 0.149887021 0 0 0
Ca 6 0.0153354579 -0.0313309363 0.069766505 0 0 0
Ca 7 -0.123569477 -0.0490761396 0.125801868 0 0 0
Ca 8 -0.186432643 0.222685171 0.136215796 0 0 0
Ca 6 -0.101087325 0.0254030685 0.0497843772 0 0 0
Ca 6 -0.222166628 0.0712857912 0.0992856193 0 0 0
Ca 1 -0.115518448 0.00322309624 0.0532875899 0 0 0
Ca 8 -0.137919374 0.0411980515 0.046631961 0 0 0
Ca 6 -0.0771032927 0.0625649697 0.0788491044 0 0 0
Ca 8 -0.132259947 0.0143712839 0.084078535 0 0 0
Ca 8 -0.200443416 -0.0394077962 0.078208931 0 0 0
Ca 8 -0.202631592 0.049905076 0.0838694595 0 0 0
Ca 4 -0.118984918 -0.00292512377 0.0515417486 0 0 0
VGCC_O 3 0.0772568984 -0.00428239309 0.046693036 -1.41802159e-06 2.82063681e-07 -1
VGCC_O 4 -0.108229728 0.00324736392 0.0466932869 -8.10297798e-07 1.61178104e-07 -1
VGCC_O 7 -0.137449801 0.00579357966 0.0466933342 -1.62059625e-06 3.22356338e-07 -1
VGCC_O 1 -0.126159285 0.0151063295 0.0466933189 -1.62059625e-06 3.22356338e-07 -1
VGCC_O 6 -0.12622171 0.0241576588 0.046693322 -1.62059677e-06 3.22356891e-07 -1
VGCC_O 2 0.119933892 -0.04777957 0.0466929781 -1.41802115e-06 2.82063236e-07 -1
VGCC_O 8 -0.134706799 0.0161271258 0.0466933331 -1.62059677e-06 3.22356891e-07 -1
VGCC_O 9 0.0953603447 -0.018533153 0.0466930096 -1.14792244e-06 -1.24564753e-07 -1
VGCC_O 5 0.113746944 -0.0200409323 0.0466929896 -1.01287282e-06 -1.51427976e-07 -1
TAG 41 -0.105784995 0.0105052503 0.0536665039 -0.333750681 -0.131703993 -0.933415524
TAG 71 -0.096079873 0.00270213046 0.0564810255 0.74861179 -0.322508554 -0.579282851
TAG 70 -0.118208439 0.00383577013 0.0653592954 -0.735818461 -0.677177107 0.0015353549
TAG 69 -0.119239302 0.00795267007 0.0681959954 -0.999896295 -0.0141984574 0.00240892698
TAG 67 -0.115078276 0.000454692191 0.0742448755 -0.735818461 -0.677177107 0.0015353549
TAG 65 0.119072188 -0.020557456 0.0800936336 0.751399702 -0.322919474 0.575431578
TAG 63 -0.104896891 0.0149528875 0.0527352849 0.329239713 0.132369034 -0.93492227
TAG 62 -0.0995730683 0.0302300905 0.0690462359 0.3213287 0.750213891 -0.577864158
TAG 59 -0.100018848 -0.00188752594 0.0603333581 0.344822933 -0.867729023 -0.35797135
TAG 55 -0.119337383 0.0151637023 0.0699872324 -0.999896295 -0.0141984574 0.00240892698
TAG 54 -0.104785227 0.0261860029 0.076486355 -0.344822968 0.867728888 0.357971643
TAG 53 -0.089146311 -0.000197085518 0.0670554248 0.74861179 -0.322508554 -0.579282851
TAG 52 -0.119278263 0.0119799944 0.0757618237 -0.999896295 -0.0141984574 0.00240892698
TAG 51 -0.102448777 0.00747370566 0.0865367572 -0.329239868 -0.132369105 0.934922205
TAG 45 -0.113699624 0.0170707545 0.0588716642 -0.751399624 0.322919173 -0.575431849
TAG 44 -0.11923843 0.00668793202 0.0611035411 -0.999896295 -0.0141984574 0.00240892698
LGIC_C 0 0.495575231 0.225021291 0.0250140104 -4.20574004e-08 -2.81018564e-08 1
LGIC_C 1 -0.337162068 0.0914449759 0.0250139987 4.34088259e-08 -8.63455061e-09 1
LGIC_C 2 -0.511845149 0.0942501648 0.0250140096 4.96100897e-08 -9.86805572e-09 1
LGIC_C 3 0.229418287 -0.669763829 0.0250140187 -9.86804037e-09 4.96101e-08 1
LGIC_C 4 -0.380913105 -0.222804264 0.0250140025 6.28883752e-09 7.55636663e-08 1
LGIC_C 5 0.0250709503 -0.5390635 0.0250140142 1.00935263e-08 5.7878447e-08 1
LGIC_C 6 -0.33507537 0.450942709 0.0250140134 1.28239438e-08 -5.73353116e-08 1
LGIC_C 7 -0.676713587 0.436937481 0.0250140189 3.68002297e-08 -2.45891157e-08 1
LGIC_C 8 -0.243562015 0.283095924 0.0250139997 2.45891128e-08 -3.68002333e-08 1
LGIC_C 9 -0.447653253 -0.256098586 0.0250140054 6.28883752e-09 7.55636663e-08 1
LGIC_C 10 -0.397203122 -0.60176806 0.0250140174 3.95603082e-08 3.05989652e-08 1
LGIC_C 11 0.180276391 0.558672477 0.0250140098 -6.33660387e-09 4.96100877e-08 -1
LGIC_C 12 0.367801096 0.154957881 0.0250140064 -4.90669739e-08 -3.27854893e-08 1
LGIC_C 13 0.722337689 -0.105663282 0.0250140201 -4.96100859e-08 9.86807898e-09 1
LGIC_C 14 0.665815345 0.231320013 0.0250140148 -4.96100869e-08 6.3366408e-09 1
LGIC_C 15 -0.447780117 -0.340613516 0.0250140077 5.39043203e-09 6.47688584e-08 1
LGIC_C 16 0.630989626 -0.141213846 0.0250140159 -4.96100859e-08 9.86807898e-09 1
LGIC_C 17 -0.532984969 0.332009336 0.0250140134 -4.82586679e-08 1.31306769e-08 -1
LGIC_C 18 0.297594057 -0.43551573 0.0250140099 -2.81018481e-08 4.20574137e-08 1
LGIC_C 19 -0.321319194 0.275333246 0.0250140074 3.37890593e-08 -4.80634052e-08 1
LGIC_C 20 0.136322235 -0.388942669 0.0250140073 -1.15127059e-08 5.78784511e-08 1
LGIC_C 21 -0.0245017198 -0.187056393 0.0250139918 -2.90231482e-08 4.96101036e-08 1
LGIC_C 22 0.142415479 0.644513444 0.0250140166 -9.86806672e-09 -4.96100854e-08 1
LGIC_C 23 -0.430501384 0.398585883 0.0250140089 3.68002297e-08 -2.45891157e-08 1
LGIC_C 24 0.116986527 0.470314326 0.0250140077 -9.86806672e-09 -4.96100854e-08 1
LGIC_C 25 0.383799962 0.0021126785 0.0250139999 -4.34088272e-08 -8.63453573e-09 1
LGIC_C 26 -0.0455582679 0.276246765 0.0250139998 1.15127271e-08 -5.78784352e-08 1
LGIC_C 27 -0.268367415 0.50321382 0.0250140168 3.27854968e-08 -4.90669676e-08 1
LGIC_C 28 0.663713062 0.0827598256 0.0250140128 -4.34088272e-08 -8.63453573e-09 1
LGIC_C 29 -0.62032172 -0.0988494139 0.0250140143 5.7878436e-08 -4.89847332e-08 1
LGIC_C 30 0.65999238 0.0591275841 0.0250140156 -4.96100869e-08 6.3366408e-09 1
LGIC_C 31 -0.387337405 -0.469070588 0.0250140129 3.95603082e-08 3.05989652e-08 1
LGIC_C 32 0.0510548682 0.0787103336 0.025013988 -2.81018716e-08 -4.20573923e-08 1
LGIC_C 33 -0.0349992871 0.627330316 0.0250140108 8.63455111e-09 -4.34088279e-08 1
LGIC_C 34 0.222005772 -0.473814863 0.0250140138 -3.27854948e-08 4.90669785e-08 1
LGIC_C 35 -0.148065198 -0.519504848 0.0250140047 -2.90231482e-08 4.96101036e-08 1
LGIC_C 36 0.53095859 -0.605762999 0.0250140186 -2.45891087e-08 3.68002429e-08 1
LGIC_C 37 0.129699381 0.754480933 0.0250140171 -8.63455884e-09 -4.34088253e-08 1
LGIC_C 38 0.734448938 -0.309113442 0.0250140179 -3.05989503e-08 3.95603122e-08 1
LGIC_C 39 0.704062202 0.334187365 0.0250140174 -3.68002282e-08 -2.45891172e-08 1
LGIC_C 40 -0.717877488 0.0353935565 0.0250140153 4.34088279e-08 -2.48392273e-08 1
LGIC_C 41 -0.529492506 0.607145802 0.0250140186 2.45891128e-08 -3.68002333e-08 1
LGIC_C 42 -0.278495149 -0.674496607 0.0250140149 8.63456455e-09 4.34088336e-08 1
LGIC_C 43 -0.576296515 -0.527375883 0.0250140162 1.15916899e-08 4.97976879e-08 1
LGIC_C 44 0.337858575 0.544941516 0.025014014 1.3130701e-08 4.82586573e-08 -1
LGIC_C 45 0.0296977219 -0.234198521 0.0250139947 6.33663526e-09 4.9610097e-08 1
LGIC_C 46 -0.206460978 -0.188024503 0.0250139965 5.39043203e-09 6.47688584e-08 1
LGIC_C 47 0.508827186 -0.198195418 0.025014015 -5.78784275e-08 1.15127558e-08 1
LGIC_C 48 -0.0673542225 -0.406044025 0.0250140014 8.63456455e-09 4.34088336e-08 1
LGIC_C 49 -0.534741035 -0.183467109 0.0250140081 4.34088238e-08 8.63459484e-09 1
LGIC_C 50 0.272097178 -0.312172184 0.0250140075 -3.27854948e-08 4.90669785e-08 1
LGIC_C 51 -0.561553546 -0.0327342303 0.0250140068 -4.34088282e-08 2.70157287e-08 -1
LGIC_C 52 0.660994892 -0.179913146 0.0250140164 -4.34088182e-08 2.48392526e-08 1
LGIC_C 53 0.339835861 -0.0854680527 0.0250140001 -4.34088182e-08 2.48392526e-08 1
LGIC_C 54 -0.020900894 -0.244721781 0.0250139964 -4.89847109e-08 5.78784581e-08 1
LGIC_C 55 0.414186611 0.491512141 0.0250140115 -2.45891309e-08 -3.68002211e-08 1
LGIC_C 56 -0.149762243 -0.242953378 0.0250139951 -5.56021111e-08 -1.45571543e-08 -1
LGIC_C 57 -0.0751504985 0.426546007 0.0250140068 -3.14742797e-08 4.96100914e-08 -1
LGIC_C 58 0.42458602 -0.030761479 0.0250140024 -4.34088182e-08 2.48392526e-08 1
LGIC_C 59 -0.421448785 -0.178521155 0.0250139993 1.45571809e-08 5.5602105e-08 1
LGIC_C 60 0.145740174 0.514683098 0.0250140134 -3.14742949e-08 -4.96100822e-08 1
LGIC_C 61 -0.415938549 0.358946963 0.0250140109 4.20574045e-08 -2.81018523e-08 1
LGIC_C 62 -0.070625731 0.435368616 0.0250140071 -3.14742797e-08 4.96100914e-08 -1
LGIC_C 63 0.185772469 -0.0177136321 0.0250139926 -4.96100859e-08 9.86807898e-09 1
LGIC_C 64 -0.246361276 0.0206080676 0.0250139965 5.7878425e-08 4.89846948e-08 1
LGIC_C 65 0.0256385607 0.329662567 0.0250139999 -9.86806672e-09 -4.96100854e-08 1
LGIC_C 66 -0.255275932 -0.313431172 0.0250140011 2.45891453e-08 3.68002268e-08 1
LGIC_C 67 -0.477003862 0.421481449 0.0250140181 6.28881943e-09 -7.55636452e-08 1
LGIC_C 68 -0.637497686 -0.0990417404 0.0250140083 -4.34088282e-08 2.70157287e-08 -1
LGIC_C 69 -0.708751243 -0.353123917 0.025014018 3.68002489e-08 2.45891179e-08 1
LGIC_C 70 -0.0248036587 0.413288619 0.0250140014 8.63455111e-09 -4.34088279e-08 1
LGIC_C 71 0.573679611 0.137241664 0.025014018 -5.78784335e-08 -1.15127284e-08 1
LGIC_C 72 0.140264125 0.362330732 0.0250140004 -6.33660387e-09 4.96100877e-08 -1
LGIC_C 73 -0.0412041426 0.0157773142 0.0250139855 4.34088279e-08 -2.48392273e-08 1
LGIC_C 74 0.488348821 0.487462887 0.0250140132 -4.82586616e-08 -1.31306776e-08 1
LGIC_C 75 0.524046003 -0.586686933 0.0250140177 -2.45891087e-08 3.68002429e-08 1
LGIC_C 76 -0.666866386 0.0658380061 0.0250140144 4.96100851e-08 2.90231542e-08 1
LGIC_C 77 0.307023688 -0.220839912 0.0250140014 -3.05989503e-08 3.95603122e-08 1
LGIC_C 78 0.261180252 0.358378613 0.0250140094 -3.27855134e-08 -4.90669575e-08 1
LGIC_C 79 -0.581117621 -0.245106863 0.0250140022 1.15916899e-08 4.97976879e-08 1
LGIC_C 80 0.704923946 -0.0723394268 0.0250140145 -4.34088226e-08 8.63456802e-09 1
LGIC_C 81 0.0641385578 0.669261312 0.0250140161 -6.33660387e-09 4.96100877e-08 -1
LGIC_C 82 0.509198561 -0.328818901 0.0250140118 -3.05989503e-08 3.95603122e-08 1
LGIC_C 83 -0.355668784 0.291760112 0.0250140043 -4.82586679e-08 1.31306769e-08 -1
LGIC_C 84 0.232103263 0.514062225 0.0250140111 1.3130701e-08 4.82586573e-08 -1
LGIC_C 85 -0.0687883134 0.133051364 0.0250139918 1.28239438e-08 -5.73353116e-08 1
LGIC_C 86 0.549590638 -0.33591317 0.0250140179 -3.37890406e-08 4.80634332e-08 1
LGIC_C 87 -0.329386776 -0.25850998 0.0250140024 1.45571809e-08 5.5602105e-08 1
LGIC_C 88 -0.568329927 -0.490553383 0.0250140143 1.15916899e-08 4.97976879e-08 1
LGIC_C 89 0.294313902 -0.494384213 0.025014011 -1.31306721e-08 4.82586744e-08 1
LGIC_C 90 -0.355866832 -0.325491563 0.0250140065 1.45571809e-08 5.5602105e-08 1
LGIC_C 91 0.143734779 0.823914281 0.0250140203 -8.63455884e-09 -4.34088253e-08 1
LGIC_C 92 0.234457136 -0.668547019 0.0250140149 6.33663526e-09 4.9610097e-08 1
LGIC_C 93 -0.0655579998 0.594738103 0.0250140124 -6.33661298e-09 -4.96100859e-08 1
LGIC_C 94 0.157691175 -0.0574579151 0.0250139929 -4.96100802e-08 3.14742968e-08 1
LGIC_C 95 -0.314309196 -0.380589166 0.0250140063 -5.56021111e-08 -1.45571543e-08 -1
LGIC_C 96 0.316148859 -0.0180273639 0.0250139991 -4.96100859e-08 9.86807898e-09 1
LGIC_C 97 -0.416154419 0.0908316901 0.0250140013 4.96100851e-08 2.90231542e-08 1
LGIC_C 98 -0.321080096 -0.519497653 0.0250140119 3.95603082e-08 3.05989652e-08 1
LGIC_C 99 0.241348037 -0.0550315124 0.0250139969 -4.96100802e-08 3.14742968e-08 1
LGIC_C 100 -0.336931228 -0.473666159 0.025014009 2.45891453e-08 3.68002268e-08 1
LGIC_C 101 -0.376775934 0.0383466366 0.0250140023 4.96100897e-08 -9.86805572e-09 1
LGIC_C 102 -0.32215696 0.430264469 0.0250140121 1.28239438e-08 -5.73353116e-08 1
LGIC_C 103 -0.450782456 -0.0352428165 0.0250140031 4.34088238e-08 8.63459484e-09 1
LGIC_C 104 0.578961468 -0.243615402 0.0250140196 -4.90669481e-08 3.27855328e-08 1
LGIC_C 105 -0.333747253 0.10059975 0.0250140003 4.34088279e-08 -2.48392273e-08 1
LGIC_C 106 -0.286505271 0.78565912 0.0250140198 8.63455111e-09 -4.34088279e-08 1
LGIC_C 107 -0.736805057 -0.269172009 0.0250140176 4.34088238e-08 8.63459484e-09 1
LGIC_C 108 -0.0585586789 -0.490771268 0.025014006 2.48392553e-08 4.34088306e-08 1
LGIC_C 109 0.198720208 0.110888656 0.0250139943 -4.82586616e-08 -1.31306776e-08 1
LGIC_C 110 -0.160262926 -0.698541243 0.0250140149 8.63456455e-09 4.34088336e-08 1
LGIC_C 111 -0.540573531 -0.14829893 0.0250140058 -4.96100919e-08 2.90231703e-08 -1
LGIC_C 112 0.717938121 -0.0434234927 0.0250140202 -4.96100802e-08 3.14742968e-08 1
LGIC_C 113 -0.0276659664 -0.702272632 0.0250140144 2.48392553e-08 4.34088306e-08 1
LGIC_C 114 -0.350590258 0.397149894 0.0250140105 1.28239438e-08 -5.73353116e-08 1
LGIC_C 115 0.494613267 -0.392206846 0.0250140139 -3.05989503e-08 3.95603122e-08 1
LGIC_C 116 0.16518414 -0.451511786 0.0250140077 1.00935263e-08 5.7878447e-08 1
LGIC_C 117 -0.190648244 -0.0228611725 0.0250139921 -4.96100919e-08 2.90231703e-08 -1
LGIC_C 118 -0.319771347 -0.337006095 0.0250140059 -5.56021111e-08 -1.45571543e-08 -1
LGIC_C 119 0.0884996541 0.435047465 0.0250140057 -9.86806672e-09 -4.96100854e-08 1
LGIC_C 120 0.00719833268 0.483847095 0.0250140073 -9.86806672e-09 -4.96100854e-08 1
LGIC_C 121 -0.438385731 -0.395331318 0.025014008 1.15916899e-08 4.97976879e-08 1
LGIC_C 122 0.606734279 -0.359279329 0.0250140144 -3.68002179e-08 2.45891393e-08 1
LGIC_C 123 0.342922246 -0.309333048 0.0250140102 -4.90669481e-08 3.27855328e-08 1
LGIC_C 124 0.493429743 -0.436330576 0.0250140121 -3.68002179e-08 2.45891393e-08 1
LGIC_C 125 0.147996765 -0.182702794 0.025013994 -1.31306721e-08 4.82586744e-08 1
LGIC_C 126 0.626163346 -0.359204604 0.0250140166 -3.05989503e-08 3.95603122e-08 1
LGIC_C 127 0.244822305 -0.286444555 0.0250140003 -1.31306721e-08 4.82586744e-08 1
LGIC_C 128 0.254809526 -0.361254025 0.0250140028 -2.45891087e-08 3.68002429e-08 1
LGIC_C 129 0.412391173 -0.114773127 0.0250140021 -4.34088226e-08 8.63456802e-09 1
LGIC_C 130 -0.655025584 0.199941755 0.0250140134 4.34088259e-08 -8.63455061e-09 1
LGIC_C 131 0.40029596 0.252170906 0.0250140059 -4.82586616e-08 -1.31306776e-08 1
LGIC_C 132 -0.266476348 0.0824999758 0.0250139946 5.7878425e-08 4.89846948e-08 1
LGIC_C 133 -0.586762271 -0.0592203577 0.0250140092 4.34088238e-08 8.63459484e-09 1
LGIC_C 134 0.328066182 -0.659831612 0.0250140156 -2.45891087e-08 3.68002429e-08 1
LGIC_C 135 -0.306563173 -0.265572635 0.0250140052 6.28883752e-09 7.55636663e-08 1
LGIC_C 136 0.428596727 -0.25540858 0.0250140053 -3.68002179e-08 2.45891393e-08 1
LGIC_C 137 0.374748341 -0.315124153 0.0250140072 -3.05989503e-08 3.95603122e-08 1
LGIC_C 138 -0.702316852 -0.215747844 0.0250140091 4.96100935e-08 -4.19869172e-08 1
LGIC_C 139 0.164196088 -0.00685907747 0.0250139916 -4.96100802e-08 3.14742968e-08 1
LGIC_C 140 0.445097022 0.574362254 0.0250140153 -2.45891309e-08 -3.68002211e-08 1
LGIC_C 141 0.50791881 0.0553155692 0.0250140058 -4.34088272e-08 -8.63453573e-09 1
LGIC_C 142 -0.465851116 -0.543512412 0.0250140183 3.95603082e-08 3.05989652e-08 1
LGIC_C 143 -0.0783029664 -0.181580876 0.0250139931 2.81018674e-08 4.20574117e-08 1
LGIC_C 144 -0.458254099 -0.465931995 0.0250140156 3.95603082e-08 3.05989652e-08 1
LGIC_C 145 0.212964536 0.00980438604 0.0250139937 -4.96100869e-08 6.3366408e-09 1
LGIC_C 146 0.00330361251 0.606554772 0.0250140134 -9.86806672e-09 -4.96100854e-08 1
LGIC_C 147 -0.352010957 -0.344830067 0.0250140045 1.15916899e-08 4.97976879e-08 1
LGIC_C 148 0.405197971 -0.0711806638 0.0250140075 -5.78784275e-08 1.15127558e-08 1
LGIC_C 149 0.543807259 0.52933202 0.0250140163 -3.68002282e-08 -2.45891172e-08 1
LGIC_C 150 0.427942634 0.153551859 0.0250140035 -4.96100869e-08 6.3366408e-09 1
LGIC_C 151 -0.117842825 -0.714037159 0.0250140153 8.63456455e-09 4.34088336e-08 1
LGIC_C 152 0.283473406 0.600003799 0.0250140165 -2.81018716e-08 -4.20573923e-08 1
LGIC_C 153 0.148888937 -0.16226825 0.0250139944 -1.28239349e-08 5.73353226e-08 1
LGIC_C 154 0.169825025 0.51021166 0.0250140102 -9.86806672e-09 -4.96100854e-08 1
LGIC_C 155 -0.608031036 0.12014645 0.0250140107 4.34088259e-08 -8.63455061e-09 1
LGIC_C 156 -0.278381253 0.0294533331 0.0250139956 4.34088259e-08 -8.63455061e-09 1
LGIC_C 157 -0.390929353 0.293505629 0.0250140079 6.28881943e-09 -7.55636452e-08 1
LGIC_C 158 0.402294047 0.202662989 0.0250140066 3.37890593e-08 4.80634111e-08 -1
LGIC_C 159 0.746719278 0.186582471 0.0250140173 -4.34088272e-08 -8.63453573e-09 1
LGIC_C 160 -0.255582128 -0.0887087085 0.025013992 -4.34088282e-08 2.70157287e-08 -1
LGIC_C 161 -0.426329509 0.0941086483 0.0250140053 4.96100897e-08 -9.86805572e-09 1
LGIC_C 162 0.466740693 -0.0323803043 0.0250140106 -5.78784275e-08 1.15127558e-08 1
LGIC_C 163 0.366148615 -0.225442363 0.025014005 -4.20573976e-08 2.81018683e-08 1
LGIC_C 164 0.25344641 -0.570277516 0.0250140141 -1.31306721e-08 4.82586744e-08 1
LGIC_C 165 -0.360301103 0.0453133768 0.0250139998 4.96100851e-08 2.90231542e-08 1
LGIC_C 166 -0.178270238 -0.684300695 0.0250140174 2.48392553e-08 4.34088306e-08 1
LGIC_C 167 -0.548844853 0.536345154 0.0250140168 -4.82586679e-08 1.31306769e-08 -1
LGIC_C 168 -0.565857777 -0.239701126 0.0250140018 5.39043203e-09 6.47688584e-08 1
LGIC_C 169 0.683870705 -0.447199238 0.0250140194 -3.68002179e-08 2.45891393e-08 1
LGIC_C 170 0.485040849 -0.350797251 0.0250140165 -3.37890406e-08 4.80634332e-08 1
LGIC_C 171 -0.182103197 0.291349551 0.0250140023 1.28239438e-08 -5.73353116e-08 1
LGIC_C 172 0.381265683 0.159308744 0.0250140038 -4.20574004e-08 -2.81018564e-08 1
LGIC_C 173 0.670613398 0.298708086 0.0250140153 -3.68002282e-08 -2.45891172e-08 1
LGIC_C 174 -0.0912831323 -0.561549949 0.0250140099 2.48392553e-08 4.34088306e-08 1
LGIC_C 175 0.41886435 -0.282321433 0.0250140109 -3.37890406e-08 4.80634332e-08 1
LGIC_C 176 -0.584635942 -0.574575215 0.0250140186 1.15916899e-08 4.97976879e-08 1
LGIC_C 177 0.313658212 0.3332008 0.0250140061 -2.81018716e-08 -4.20573923e-08 1
LGIC_C 178 0.0739181977 -0.649518516 0.025014015 6.33663526e-09 4.9610097e-08 1
LGIC_C 179 -0.252551698 -0.186240506 0.0250139989 6.28883752e-09 7.55636663e-08 1
LGIC_C 180 -0.160511547 0.255315072 0.0250139985 2.8101852e-08 -4.20574041e-08 1
LGIC_C 181 -0.653068902 -0.3121054 0.025014007 5.39043203e-09 6.47688584e-08 1
LGIC_C 182 0.0824466116 -0.195036248 0.0250139937 -2.81018481e-08 4.20574137e-08 1
LGIC_C 183 0.66865895 0.335150433 0.0250140199 -4.82586616e-08 -1.31306776e-08 1
LGIC_C 184 0.740989369 -0.042212488 0.0250140164 -4.34088182e-08 2.48392526e-08 1
LGIC_C 185 0.399625135 -0.122209329 0.0250140036 -4.34088182e-08 2.48392526e-08 1
LGIC_C 186 -0.605738789 -0.328327896 0.0250140078 5.39043203e-09 6.47688584e-08 1
LGIC_C 187 0.175308026 0.0750284231 0.0250139943 -4.90669739e-08 -3.27854893e-08 1
LGIC_C 188 -0.731803801 0.100867124 0.0250140159 4.34088259e-08 -8.63455061e-09 1
LGIC_C 189 -0.489187378 0.294439255 0.0250140121 4.20574045e-08 -2.81018523e-08 1
LGIC_C 190 0.33570728 -0.7269502 0.0250140182 -2.45891087e-08 3.68002429e-08 1
LGIC_C 191 -0.424488724 -0.267588775 0.0250140029 5.39043203e-09 6.47688584e-08 1
LGIC_C 192 -0.297594692 0.120529243 0.0250139972 4.34088259e-08 -8.63455061e-09 1
LGIC_C 193 0.288808192 0.0722181466 0.0250139983 -4.96100911e-08 -9.86803575e-09 1
LGIC_C 194 -0.639883208 0.402656985 0.0250140167 3.68002297e-08 -2.45891157e-08 1
LGIC_C 195 0.350329195 0.383503438 0.0250140092 -2.81018716e-08 -4.20573923e-08 1
LGIC_C 196 0.729798294 0.420700826 0.0250140204 -3.68002282e-08 -2.45891172e-08 1
LGIC_C 197 -0.220854903 -0.48204144 0.0250140064 2.45891453e-08 3.68002268e-08 1
LGIC_C 198 0.55580027 0.0309134349 0.0250140076 -4.34088272e-08 -8.63453573e-09 1
LGIC_C 199 0.608543314 0.251117336 0.0250140118 -4.96100869e-08 6.3366408e-09 1
LGIC_C 200 0.709300752 -0.268026263 0.0250140163 -4.34088226e-08 8.63456802e-09 1
LGIC_C 201 0.22095565 0.12269159 0.025013996 -4.20574004e-08 -2.81018564e-08 1
LGIC_C 202 -0.0340682442 -0.339293495 0.0250139988 2.48392553e-08 4.34088306e-08 1
LGIC_C 203 -0.206007592 -0.0732928705 0.0250139914 -4.96100919e-08 2.90231703e-08 -1
LGIC_C 204 -0.376670987 0.511843426 0.0250140154 2.8101852e-08 -4.20574041e-08 1
LGIC_C 205 -0.0781878539 0.243382122 0.0250139961 9.86805557e-09 -4.96100883e-08 1
LGIC_C 206 0.614573457 -0.388554122 0.0250140154 -3.68002179e-08 2.45891393e-08 1
LGIC_C 207 -0.148917582 -0.45114047 0.025014002 -4.89847109e-08 5.78784581e-08 1
LGIC_C 208 -0.508887252 0.383512907 0.0250140129 -4.82586679e-08 1.31306769e-08 -1
LGIC_C 209 -0.0256790896 0.0201773107 0.0250139879 -1.17760707e-07 7.86851935e-08 -1
LGIC_C 210 0.0546675571 0.252575516 0.0250139963 -9.86806672e-09 -4.96100854e-08 1
LGIC_C 211 0.610480862 -0.165474479 0.0250140205 -5.78784275e-08 1.15127558e-08 1
LGIC_C 212 -0.338514039 -0.436275048 0.0250140084 -5.56021111e-08 -1.45571543e-08 -1
LGIC_C 213 0.406454004 -0.435464424 0.025014013 -2.81018481e-08 4.20574137e-08 1
LGIC_C 214 0.509365811 -0.0941483442 0.0250140062 -4.34088226e-08 8.63456802e-09 1
LGIC_C 215 -0.420363104 -0.00686397501 0.0250140016 4.34088238e-08 8.63459484e-09 1
LGIC_C 216 0.183272671 -0.163770989 0.0250139953 -3.05989503e-08 3.95603122e-08 1
LGIC_C 217 0.494515196 -0.39471663 0.0250140189 -3.37890406e-08 4.80634332e-08 1
LGIC_C 218 -0.276002491 0.361933144 0.0250140044 1.31306824e-08 -4.82586643e-08 1
LGIC_C 219 -0.224255877 -0.446584034 0.0250140058 3.95603082e-08 3.05989652e-08 1
LGIC_C 220 -0.713773009 -0.342422009 0.0250140179 3.68002489e-08 2.45891179e-08 1
LGIC_C 221 0.703007803 -0.466129495 0.0110355454 0.827616944 -0.552996408 0.0961517878
LGIC_C 222 -0.581495626 -0.153529526 0.0250140077 -4.96100919e-08 2.90231703e-08 -1
LGIC_C 223 0.268949781 0.436749967 0.0250140109 -4.80634192e-08 -3.37890445e-08 1
LGIC_C 224 -0.370432222 0.0760814092 0.0250139994 4.96100851e-08 2.90231542e-08 1
LGIC_C 225 0.190300579 -0.643838517 0.0250140128 -8.63454093e-09 4.34088369e-08 1
LGIC_C 226 0.341016677 -0.220725788 0.0250140012 -3.68002179e-08 2.45891393e-08 1
LGIC_C 227 -0.158162216 0.487967595 0.0250140058 8.63455111e-09 -4.34088279e-08 1
LGIC_C 228 0.261299068 -0.324274546 0.0250140023 -1.31306721e-08 4.82586744e-08 1
LGIC_C 229 -0.551198724 -0.0700027671 0.0250140078 4.34088238e-08 8.63459484e-09 1
LGIC_C 230 -0.675491687 -0.240127403 0.0250140061 -4.34088282e-08 2.70157287e-08 -1
LGIC_C 231 0.509782524 0.287138654 0.0250140143 3.37890593e-08 4.80634111e-08 -1
LGIC_C 232 -0.238197427 0.74080827 0.0250140175 8.63455111e-09 -4.34088279e-08 1
LGIC_C 233 0.361425684 0.246372281 0.0250140039 -4.82586616e-08 -1.31306776e-08 1
LGIC_C 234 -0.0996183088 -0.462651063 0.0250140042 8.63456455e-09 4.34088336e-08 1
LGIC_C 235 0.280872028 0.453985738 0.0250140102 -2.81018716e-08 -4.20573923e-08 1
LGIC_C 236 0.317487046 -0.01446954 0.0250139974 -4.34088182e-08 2.48392526e-08 1
LGIC_C 237 0.678898183 -0.034258065 0.025014018 -4.96100802e-08 3.14742968e-08 1
LGIC_C 238 -0.15436291 0.00498456159 0.0250139919 5.7878425e-08 4.89846948e-08 1
LGIC_C 239 0.533646849 -0.287359454 0.0250140137 -4.20573976e-08 2.81018683e-08 1
LGIC_C 240 0.110884487 -0.189085826 0.0250139955 -1.28239349e-08 5.73353226e-08 1
LGIC_C 241 -0.105769151 0.251286479 0.0250139968 2.8101852e-08 -4.20574041e-08 1
LGIC_C 242 0.604014737 -0.296868299 0.0250140179 -3.37890406e-08 4.80634332e-08 1
LGIC_C 243 -0.614535729 0.20475979 0.0250140158 4.96100897e-08 -9.86805572e-09 1
LGIC_C 244 0.5885329 -0.199907473 0.0250140196 -5.78784275e-08 1.15127558e-08 1
LGIC_C 245 -0.465753839 -0.424565414 0.0250140136 1.45571809e-08 5.5602105e-08 1
LGIC_C 246 0.420823803 0.480037897 0.0250140113 -2.45891309e-08 -3.68002211e-08 1
LGIC_C 247 -0.461679434 0.681023373 0.0250140197 2.45891128e-08 -3.68002333e-08 1
LGIC_C 248 0.156760923 -0.127909654 0.0250139921 -3.68002179e-08 2.45891393e-08 1
LGIC_C 249 0.496657623 -0.0383708726 0.0250140091 -4.96100802e-08 3.14742968e-08 1
LGIC_C 250 0.235927748 0.51652049 0.025014012 -4.80634192e-08 -3.37890445e-08 1
LGIC_C 251 0.0176390369 0.665694131 0.0250140162 -6.33660387e-09 4.96100877e-08 -1
LGIC_C 252 0.132598925 0.614001713 0.0250140179 -3.14742949e-08 -4.96100822e-08 1
LGIC_C 253 0.512740487 0.319848802 0.0250140122 -4.82586616e-08 -1.31306776e-08 1
LGIC_C 254 -0.465047454 0.280985832 0.0250140125 3.37890593e-08 -4.80634052e-08 1
LGIC_C 255 -0.804048653 -0.0349803513 0.0250140172 -4.34088282e-08 2.70157287e-08 -1
LGIC_C 256 -0.278570358 0.552647922 0.0250140105 2.45891128e-08 -3.68002333e-08 1
LGIC_C 257 0.300577901 0.303350793 0.0250140018 1.3130701e-08 4.82586573e-08 -1
LGIC_C 258 -0.25297337 0.56271648 0.0250140102 2.45891128e-08 -3.68002333e-08 1
LGIC_C 259 0.257093619 -0.308881268 0.0250140068 -3.27854948e-08 4.90669785e-08 1
LGIC_C 260 -0.0239553559 -0.581954136 0.0250140123 9.8680833e-09 4.96100963e-08 1
LGIC_C 261 0.0845583131 0.591925336 0.0250140097 -8.63455884e-09 -4.34088253e-08 1
LGIC_C 262 -0.347551389 0.318118405 0.0250140068 4.20574045e-08 -2.81018523e-08 1
LGIC_C 263 -0.679260234 -0.250104863 0.0250140065 4.96100935e-08 -4.19869172e-08 1
LGIC_C 264 0.466082125 -0.315498591 0.0250140081 -3.68002179e-08 2.45891393e-08 1
LGIC_C 265 0.189405323 0.0189403345 0.0250139928 -4.96100911e-08 -9.86803575e-09 1
LGIC_C 266 -0.138535818 -0.337874231 0.0250140014 2.48392553e-08 4.34088306e-08 1
LGIC_C 267 -0.281213259 -0.254285808 0.0250140015 1.45571809e-08 5.5602105e-08 1
LGIC_C 268 -0.0567628297 -0.494085657 0.0250140061 -2.90231482e-08 4.96101036e-08 1
LGIC_C 269 -0.0261218662 0.700985597 0.0250140179 -6.33661298e-09 -4.96100859e-08 1
LGIC_C 270 -0.089668828 -0.10313589 0.0250139907 7.55636799e-08 6.2887973e-09 1
LGIC_C 271 -0.497914761 -0.427015806 0.0250140121 3.68002489e-08 2.45891179e-08 1
LGIC_C 272 -0.404435896 0.327693669 0.0250140071 -4.82586679e-08 1.31306769e-08 -1
LGIC_C 273 0.704173365 -0.131528359 0.0250140171 -4.34088182e-08 2.48392526e-08 1
LGIC_C 274 -0.357790367 0.396970913 0.0250140067 2.45891128e-08 -3.68002333e-08 1
LGIC_C 275 0.0368964996 -0.564998632 0.025014011 6.33663526e-09 4.9610097e-08 1
LGIC_C 276 -0.105820451 -0.464695117 0.0250140032 -2.90231482e-08 4.96101036e-08 1
LGIC_C 277 0.642551688 -0.0504439936 0.0250140167 -4.96100802e-08 3.14742968e-08 1
LGIC_C 278 0.294782313 0.280936453 0.025014001 -3.68002282e-08 -2.45891172e-08 1
LGIC_C 279 0.0730213159 -0.0993759824 0.0250139887 -2.45891087e-08 3.68002429e-08 1
LGIC_C 280 -0.279190659 -0.134117097 0.0250139948 1.45571809e-08 5.5602105e-08 1
LGIC_C 281 0.34279895 0.60182815 0.0250140201 -4.80634192e-08 -3.37890445e-08 1
LGIC_C 282 -0.282776123 -0.460641828 0.0250140085 3.95603082e-08 3.05989652e-08 1
LGIC_C 283 -0.246740795 -0.499953885 0.0250140051 7.55636799e-08 6.2887973e-09 1
LGIC_C 284 0.187295447 -0.757914886 0.0250140178 -8.63454093e-09 4.34088369e-08 1
LGIC_C 285 -0.226361511 0.529807293 0.0250140167 3.27854968e-08 -4.90669676e-08 1
LGIC_C 286 -0.484327761 0.00695146091 0.0250140071 4.96100851e-08 2.90231542e-08 1
LGIC_C 287 -0.0754620797 -0.125220652 0.0250139897 2.45891453e-08 3.68002268e-08 1
LGIC_C 288 0.0284304283 -0.34199286 0.025014 6.33663526e-09 4.9610097e-08 1
LGIC_C 289 -0.00961142159 -0.0209238718 0.0250139843 2.45891453e-08 3.68002268e-08 1
LGIC_C 290 -0.365311909 -0.513613708 0.0250140151 2.81018674e-08 4.20574117e-08 1
LGIC_C 291 -0.492275955 0.407382664 0.0250140114 3.68002297e-08 -2.45891157e-08 1
LGIC_C 292 0.443886602 0.470169345 0.0250140155 -2.81018716e-08 -4.20573923e-08 1
LGIC_C 293 -0.645858305 -0.0128484532 0.0250140149 -4.96100919e-08 2.90231703e-08 -1
LGIC_C 294 0.0516090019 -0.158485273 0.025013993 -1.15127059e-08 5.78784511e-08 1
LGIC_C 295 -0.1596341 0.141924478 0.025013995 6.28881943e-09 -7.55636452e-08 1
LGIC_C 296 0.524295632 0.274891073 0.025014013 -4.20574004e-08 -2.81018564e-08 1
LGIC_C 297 0.0486330579 0.317344065 0.0250139975 -8.63455884e-09 -4.34088253e-08 1
LGIC_C 298 0.0163321518 -0.506251657 0.0250140085 -9.86804037e-09 4.96101e-08 1
LGIC_C 299 -0.0915543842 -0.325722702 0.0250140003 9.8680833e-09 4.96100963e-08 1
LGIC_C 300 0.39696751 -0.0101663054 0.0250140007 -4.34088182e-08 2.48392526e-08 1
LGIC_C 301 0.0787238256 0.373943038 0.0250140002 -8.63455884e-09 -4.34088253e-08 1
LGIC_C 302 0.368603533 0.357554198 0.0250140088 -4.20574004e-08 -2.81018564e-08 1
LGIC_C 303 -0.0496745999 0.344213391 0.0250140008 9.86805557e-09 -4.96100883e-08 1
LGIC_C 304 -0.177103058 0.399139477 0.0250140049 1.31306824e-08 -4.82586643e-08 1
LGIC_C 305 -0.445229145 0.235627448 0.0250140054 3.68002297e-08 -2.45891157e-08 1
LGIC_C 306 0.180358342 0.0971812829 0.025013994 3.37890593e-08 4.80634111e-08 -1
LGIC_C 307 -0.421057855 0.291151786 0.0250140074 -4.82586679e-08 1.31306769e-08 -1
LGIC_C 308 0.651947565 -0.281265595 0.0250140141 -3.68002179e-08 2.45891393e-08 1
LGIC_C 309 0.140269572 0.121434961 0.0250139914 -3.68002282e-08 -2.45891172e-08 1
LGIC_C 310 0.0845492595 0.801326113 0.0250140188 -8.63455884e-09 -4.34088253e-08 1
LGIC_C 311 0.557804208 0.591735279 0.0250140187 -2.45891309e-08 -3.68002211e-08 1
LGIC_C 312 0.319094734 0.233097906 0.0250140032 -4.20574004e-08 -2.81018564e-08 1
LGIC_C 313 0.659859989 0.339696575 0.0250140159 -3.68002282e-08 -2.45891172e-08 1
LGIC_C 314 -0.250874704 0.486414211 0.0250140073 2.45891128e-08 -3.68002333e-08 1
LGIC_C 315 -0.0596551809 0.0140298415 0.0250139864 4.96100897e-08 -9.86805572e-09 1
LGIC_C 316 -0.246212285 -0.209248568 0.0250140006 6.28883752e-09 7.55636663e-08 1
LGIC_C 317 -0.390163057 -0.204312421 0.0250140026 3.68002489e-08 2.45891179e-08 1
LGIC_C 318 -0.180317272 -0.34861678 0.0250139984 -5.56021111e-08 -1.45571543e-08 -1
LGIC_C 319 -0.53346397 -0.0618773416 0.0250140048 -4.34088282e-08 2.70157287e-08 -1
LGIC_C 320 0.444380905 0.574003146 0.0250140199 -2.81018716e-08 -4.20573923e-08 1
LGIC_C 321 0.624249562 -0.310533553 0.0250140192 -3.37890406e-08 4.80634332e-08 1
LGIC_C 322 0.578997945 0.225272599 0.0250140193 -5.78784335e-08 -1.15127284e-08 1
LGIC_C 323 -0.316567998 -0.667848001 0.0250140202 2.81018674e-08 4.20574117e-08 1
LGIC_C 324 0.000800146959 0.711612192 0.0250140186 -6.33660387e-09 4.96100877e-08 -1
LGIC_C 325 0.455710944 0.650882395 0.0250140184 -2.45891309e-08 -3.68002211e-08 1
LGIC_C 326 0.18263493 0.629786971 0.0250140134 -6.33660387e-09 4.96100877e-08 -1
LGIC_C 327 -0.318481497 -0.0243465347 0.0250139984 -4.96100919e-08 2.90231703e-08 -1
LGIC_C 328 -0.429710527 0.013158289 0.0250140023 4.34088279e-08 -2.48392273e-08 1
LGIC_C 329 0.646848187 -0.192935089 0.0250140172 -4.96100859e-08 9.86807898e-09 1
LGIC_C 330 0.391164032 -0.0418672221 0.0250140039 -4.96100802e-08 3.14742968e-08 1
LGIC_C 331 0.245530952 -0.0716325386 0.0250139957 -4.34088182e-08 2.48392526e-08 1
LGIC_C 332 -0.016835512 -0.344049869 0.0250140005 9.8680833e-09 4.96100963e-08 1
LGIC_C 333 0.473258164 0.171097084 0.0250140053 -4.34088272e-08 -8.63453573e-09 1
LGIC_C 334 0.259052737 0.807909112 0.00983442117 0.194186548 0.976240951 0.0961519121
LGIC_C 335 0.192854909 0.616407448 0.0250140126 -6.33660387e-09 4.96100877e-08 -1
LGIC_C 336 -0.760221025 0.0211722045 0.0250140168 4.34088279e-08 -2.48392273e-08 1
LGIC_C 337 -0.0523717803 -0.00145218627 0.0250139858 4.96100935e-08 -4.19869172e-08 1
LGIC_C 338 -0.157825376 0.284735361 0.0250139976 2.45891128e-08 -3.68002333e-08 1
LGIC_C 339 0.174415974 -0.248795794 0.0250139975 -1.31306721e-08 4.82586744e-08 1
LGIC_C 340 -0.284703312 0.618242748 0.0250140173 2.8101852e-08 -4.20574041e-08 1
LGIC_C 341 -0.0337918938 -0.70054808 0.0250140139 8.63456455e-09 4.34088336e-08 1
LGIC_C 342 -0.852926023 -0.0348713822 0.00525255836 -0.976240825 -0.194187339 0.0961515894
LGIC_C 343 0.258978257 0.473550492 0.0250140095 1.3130701e-08 4.82586573e-08 -1
LGIC_C 344 -0.140846058 0.020755601 0.0250139904 5.7878425e-08 4.89846948e-08 1
LGIC_C 345 -0.091418036 -0.0955916136 0.0250139908 7.55636799e-08 6.2887973e-09 1
LGIC_C 346 0.35687162 0.353340809 0.0250140051 -3.68002282e-08 -2.45891172e-08 1
LGIC_C 347 0.471615811 -0.218914441 0.0250140135 -4.90669481e-08 3.27855328e-08 1
LGIC_C 348 -0.116535734 -0.6331498 0.0250140158 9.8680833e-09 4.96100963e-08 1
LGIC_C 349 -0.137248342 -0.542533564 0.0250140062 -2.90231482e-08 4.96101036e-08 1
LGIC_C 350 -0.232487941 0.384555919 0.0250140031 2.45891128e-08 -3.68002333e-08 1
LGIC_C 351 -0.118296994 0.062097621 0.0250139903 3.37890593e-08 -4.80634052e-08 1
LGIC_C 352 -0.163370594 -0.365229284 0.0250140009 3.95603082e-08 3.05989652e-08 1
LGIC_C 353 -0.31497599 0.134354449 0.0250140002 -4.82586679e-08 1.31306769e-08 -1
LGIC_C 354 0.17463682 0.249852517 0.0250139987 -2.81018716e-08 -4.20573923e-08 1
LGIC_C 355 0.09323651 -0.532493578 0.0250140131 1.00935263e-08 5.7878447e-08 1
LGIC_C 356 0.133388289 0.768615882 0.0250140178 -8.63455884e-09 -4.34088253e-08 1
LGIC_C 357 0.734935542 0.172384451 0.0250140186 -4.96100869e-08 6.3366408e-09 1
LGIC_C 358 0.0717923045 -0.0555941878 0.0250139886 -4.90669481e-08 3.27855328e-08 1
LGIC_C 359 -0.173239708 0.168853193 0.0250139971 6.28881943e-09 -7.55636452e-08 1
LGIC_C 360 -0.482853429 0.428017177 0.0250140116 3.68002297e-08 -2.45891157e-08 1
LGIC_C 361 0.594456219 -0.139978325 0.0250140141 -4.96100859e-08 9.86807898e-09 1
LGIC_C 362 -0.385262674 -0.123644697 0.0250139988 -4.96100919e-08 2.90231703e-08 -1
LGIC_C 363 -0.416970418 0.397143192 0.025014012 4.20574045e-08 -2.81018523e-08 1
LGIC_C 364 0.112677848 0.152197424 0.0250139944 -3.27855134e-08 -4.90669575e-08 1
LGIC_C 365 0.613698413 -0.282523255 0.025014017 -4.20573976e-08 2.81018683e-08 1
LGIC_C 366 -0.286733466 -0.646514303 0.0250140144 3.95603082e-08 3.05989652e-08 1
LGIC_C 367 0.420344633 -0.15650621 0.0250140054 -4.34088182e-08 2.48392526e-08 1
LGIC_C 368 -0.135024809 -0.296207114 0.0250139977 3.95603082e-08 3.05989652e-08 1
LGIC_C 369 -0.0725043865 -0.60914863 0.0250140113 -2.90231482e-08 4.96101036e-08 1
LGIC_C 370 -0.390925184 -0.539842584 0.0250140127 2.45891453e-08 3.68002268e-08 1
LGIC_C 371 0.186596416 0.109320929 0.0250139928 -3.68002282e-08 -2.45891172e-08 1
LGIC_C 372 -0.0711428571 0.436071413 0.0250140028 8.63455111e-09 -4.34088279e-08 1
LGIC_C 373 -0.539883275 0.539818956 0.0250140164 3.68002297e-08 -2.45891157e-08 1
LGIC_C 374 0.108953106 -0.242443685 0.0250139964 -1.31306721e-08 4.82586744e-08 1
LGIC_C 375 0.202506238 -0.598055369 0.0250140158 1.00935263e-08 5.7878447e-08 1
LGIC_C 376 0.437875353 0.395030331 0.0250140128 -4.20574004e-08 -2.81018564e-08 1
LGIC_C 377 0.311517473 0.165964602 0.0250139988 -3.68002282e-08 -2.45891172e-08 1
LGIC_C 378 -0.652035565 0.0836794875 0.0250140132 4.96100851e-08 2.90231542e-08 1
LGIC_C 379 -0.0504816972 -0.471880812 0.0250140071 9.8680833e-09 4.96100963e-08 1
LGIC_C 380 0.0847614909 0.608868062 0.0250140143 -9.86806672e-09 -4.96100854e-08 1
LGIC_C 381 0.0108602095 0.638568955 0.025014015 -9.86806672e-09 -4.96100854e-08 1
LGIC_C 382 0.581630555 -0.280580581 0.0250140164 -3.37890406e-08 4.80634332e-08 1
LGIC_C 383 0.291471785 -0.486551079 0.0250140167 -3.27854948e-08 4.90669785e-08 1
LGIC_C 384 -0.477189108 -0.399163167 0.0250140164 6.28883752e-09 7.55636663e-08 1
LGIC_C 385 0.607712613 0.0778492181 0.0250140193 -5.78784335e-08 -1.15127284e-08 1
LGIC_C 386 0.538053492 -0.422865807 0.0250140134 -3.68002179e-08 2.45891393e-08 1
LGIC_C 387 0.564500902 -0.249035413 0.0250140143 -3.37890406e-08 4.80634332e-08 1
LGIC_C 388 -0.0502417986 0.481206853 0.0250140076 9.86805557e-09 -4.96100883e-08 1
LGIC_C 389 0.39211028 -0.361469249 0.0250140099 -4.20573976e-08 2.81018683e-08 1
LGIC_C 390 0.55866084 0.0218369977 0.0250140108 -4.96100869e-08 6.3366408e-09 1
LGIC_C 391 -0.201428533 0.125083927 0.0250139961 3.37890593e-08 -4.80634052e-08 1
LGIC_C 392 -0.198074098 -0.606552138 0.0250140076 -2.90231482e-08 4.96101036e-08 1
LGIC_C 393 0.0104970325 -0.325338001 0.0250139974 -8.63454093e-09 4.34088369e-08 1
LGIC_C 394 0.410600629 0.633080044 0.0250140166 -2.45891309e-08 -3.68002211e-08 1
LGIC_C 395 0.330303833 0.480271269 0.0250140108 1.3130701e-08 4.82586573e-08 -1
LGIC_C 396 0.253956789 0.423278816 0.025014007 1.3130701e-08 4.82586573e-08 -1
LGIC_C 397 -0.649657082 0.218053041 0.0250140134 4.34088259e-08 -8.63455061e-09 1
LGIC_C 398 -0.578069842 0.244188923 0.0250140145 3.37890593e-08 -4.80634052e-08 1
LGIC_C 399 0.560345313 -0.147264581 0.0250140157 -4.96100802e-08 3.14742968e-08 1
